NumTasks NumMachines NumScenarios
20 2 10
TaskDetails:
TaskID ReleaseTime ResourceConsumption SuccessorsCount Successors...
0 0 8 1 3 2 4 5 
1 0 3 7 2 4 6 
2 0 2 7 0 
3 0 7 9 1 5 
4 0 2 10 0 
5 0 7 1 0 
6 0 2 3 0 
7 0 5 7 2 17 19 
8 0 8 3 1 11 
9 0 7 2 3 13 14 19 
10 0 2 10 2 15 18 
11 0 3 6 5 13 15 16 17 19 
12 0 2 7 1 18 
13 0 7 4 1 18 
14 0 7 9 0 
15 0 1 4 0 
16 0 4 6 0 
17 0 7 6 0 
18 0 5 9 0 
19 0 3 9 0 

17 7 10 28 19 22 17 12 17 31 24 19 18 27 32 28 17 11 28 31 15 9 24 22 20 22 19 11 27 28 10 28 10 25 27 16 21 17 17 24 
27 10 10 33 13 21 27 8 17 30 34 15 7 35 39 26 29 14 19 41 20 12 27 22 25 31 15 10 21 25 11 17 8 15 35 23 17 20 14 36 
23 10 13 28 13 16 24 12 19 24 37 16 20 14 28 21 23 13 20 34 20 19 23 21 29 33 16 15 26 37 12 20 9 15 20 26 18 22 15 25 
21 11 12 26 17 18 25 8 30 21 29 12 32 28 34 27 15 15 24 29 26 16 24 13 26 33 20 13 21 32 13 21 10 22 27 17 17 12 7 36 
17 7 10 20 26 18 23 13 11 31 37 12 23 27 36 19 31 18 17 34 20 22 10 19 27 42 14 14 15 43 6 5 12 16 30 31 17 18 11 30 
20 10 8 20 25 12 25 21 15 11 21 19 27 17 30 24 20 12 27 33 25 14 11 23 28 10 17 10 25 26 8 10 11 7 27 30 19 15 11 38 
26 8 14 26 18 15 27 8 25 29 27 17 22 31 20 20 24 21 19 24 26 16 16 24 29 38 15 13 29 17 12 19 7 17 19 18 14 15 10 31 
23 15 13 27 22 12 20 16 19 27 17 21 26 28 18 17 19 19 21 30 28 17 16 16 22 23 15 17 19 27 13 10 8 20 22 17 15 21 9 22 
20 11 15 21 23 22 26 17 16 26 31 9 29 36 40 23 30 12 17 47 30 10 20 23 22 28 19 10 25 30 11 17 8 22 22 27 14 10 13 19 
18 6 8 29 19 17 27 17 19 22 38 16 23 28 29 32 26 18 22 39 18 15 24 18 17 23 21 9 25 33 5 28 8 24 29 18 9 18 14 27 

MachineCapacities:
MachineID Capacity
0 10
1 10
