NumTasks NumMachines NumScenarios
20 2 10
TaskDetails:
TaskID ReleaseTime ResourceConsumption SuccessorsCount Successors...
0 0 4 1 1 5 
1 0 1 7 5 7 10 11 12 14 
2 0 2 9 4 8 9 11 12 
3 0 8 7 1 8 
4 0 2 9 4 5 8 9 12 
5 0 3 4 0 
6 0 8 10 1 14 
7 0 9 6 0 
8 0 3 4 1 13 
9 0 4 7 1 14 
10 0 8 2 0 
11 0 3 9 0 
12 0 3 1 1 13 
13 0 7 1 0 
14 0 6 5 0 
15 0 6 4 2 18 19 
16 0 9 6 0 
17 0 5 8 0 
18 0 10 4 0 
19 0 2 6 0 

20 15 22 30 36 38 18 14 19 22 11 18 16 21 11 23 15 10 15 14 14 19 9 30 13 36 7 18 22 25 5 28 26 24 15 28 9 22 36 17 
20 14 32 13 30 31 31 30 34 33 16 20 32 8 9 25 19 9 12 9 13 12 12 26 18 17 12 27 13 11 17 12 20 28 17 46 12 26 39 16 
20 20 40 18 47 43 23 20 29 29 19 18 15 37 12 33 19 7 11 23 11 20 11 23 19 22 10 41 20 22 17 31 22 23 17 39 7 26 26 22 
20 19 21 25 38 17 28 29 24 20 13 33 23 36 15 20 14 8 10 22 16 16 13 32 22 20 8 33 7 31 16 20 36 15 13 34 9 22 40 18 
12 16 24 27 15 26 32 17 28 27 15 24 9 13 11 34 25 9 11 22 6 23 7 23 20 15 11 20 15 20 22 40 24 20 13 15 9 19 52 11 
24 16 47 18 33 24 24 34 29 32 18 14 26 35 10 27 33 9 12 12 9 21 12 22 17 23 13 30 18 25 24 9 17 12 16 34 14 24 31 13 
22 17 28 22 42 23 20 21 28 28 18 20 13 38 11 12 19 11 14 18 9 18 10 13 12 26 12 26 21 34 13 34 21 27 10 34 10 34 33 16 
22 10 20 28 19 27 27 19 25 31 12 10 22 33 15 38 23 8 7 8 10 18 8 22 15 25 11 36 16 14 4 21 29 23 13 49 5 22 18 15 
23 15 31 22 16 20 31 35 14 35 15 24 25 28 8 21 30 13 12 17 10 16 17 22 16 10 6 33 18 21 23 31 24 22 9 38 10 24 24 9 
30 13 22 26 25 38 14 25 18 30 13 19 22 21 7 38 26 7 12 22 8 24 11 20 22 21 11 17 19 25 19 34 39 32 21 33 12 23 25 13 

MachineCapacities:
MachineID Capacity
0 10
1 10
