NumTasks NumMachines NumScenarios
20 2 10
TaskDetails:
TaskID ReleaseTime ResourceConsumption SuccessorsCount Successors...
0 0 6 6 1 2 
1 0 2 6 2 5 6 
2 0 9 2 1 6 
3 0 3 5 2 5 6 
4 0 6 7 1 5 
5 0 7 7 0 
6 0 7 8 0 
7 0 4 6 4 10 11 13 14 
8 0 1 8 5 14 16 17 18 19 
9 0 2 3 3 15 18 19 
10 0 8 2 3 15 17 19 
11 0 6 7 3 16 18 19 
12 0 5 6 2 15 19 
13 0 1 3 2 17 18 
14 0 3 8 0 
15 0 3 4 0 
16 0 7 6 0 
17 0 1 9 0 
18 0 3 9 0 
19 0 5 2 0 

31 16 28 27 22 18 17 17 22 23 8 20 19 42 25 11 34 25 25 20 12 26 21 13 15 41 20 11 21 34 22 22 13 5 18 27 26 20 28 21 
27 15 22 24 17 18 16 19 22 18 9 20 17 45 34 15 13 29 27 20 16 14 20 12 19 29 26 14 22 13 23 35 13 15 18 18 38 19 25 25 
26 19 27 28 24 21 20 26 17 9 10 15 33 28 24 10 33 26 31 26 16 25 23 13 7 33 22 17 22 14 32 23 16 13 21 16 37 21 31 23 
35 13 37 33 29 10 14 20 25 18 11 28 14 27 23 9 32 29 25 15 23 20 17 12 18 30 22 10 15 39 18 30 13 10 31 18 24 21 38 29 
28 16 15 32 20 13 13 21 13 27 21 13 27 26 14 12 34 32 23 25 15 33 21 18 23 34 35 5 27 29 32 32 10 8 18 29 26 27 32 26 
32 19 26 24 22 16 9 21 15 24 23 20 15 10 24 15 22 23 33 20 17 17 33 12 17 34 28 17 25 23 27 17 12 16 20 31 23 31 20 20 
46 18 17 23 22 18 14 18 28 16 19 9 18 30 13 15 29 19 15 15 17 23 28 19 14 27 37 15 17 31 18 20 17 7 30 33 31 35 12 20 
24 18 27 20 22 17 12 17 21 18 17 27 19 25 20 17 14 22 32 19 29 20 10 21 13 21 22 23 32 21 15 7 16 10 20 29 28 38 24 24 
24 18 36 19 22 14 20 21 22 14 8 23 36 26 20 14 16 24 23 20 18 39 35 15 21 26 26 13 24 26 37 32 14 7 21 29 31 28 22 33 
20 13 23 28 34 8 11 13 12 25 17 15 14 22 27 7 21 10 29 13 26 15 25 14 14 38 34 16 20 29 39 23 11 10 31 33 24 23 30 19 

MachineCapacities:
MachineID Capacity
0 10
1 10
