NumTasks NumMachines NumScenarios
15 4 30
TaskDetails:
TaskID ReleaseTime ResourceConsumption SuccessorsCount Successors...
0 0 9 8 5 5 2 2 3 
1 0 10 10 10 4 2 2 4 
2 0 6 3 7 4 1 5 
3 0 3 8 2 8 1 4 
4 0 7 9 2 3 1 5 
5 0 4 2 9 8 2 6 7 
6 0 2 4 3 1 0 
7 0 7 3 7 8 0 
8 0 8 6 9 3 1 9 
9 0 6 1 6 1 2 10 11 
10 0 6 2 8 4 1 14 
11 0 2 8 3 6 1 12 
12 0 8 4 7 3 1 13 
13 0 3 6 2 3 1 14 
14 0 7 3 1 4 0 

16 18 17 24 21 24 19 34 43 16 20 22 6 22 22 5 14 18 23 30 29 25 11 14 18 23 21 29 32 11 9 30 15 15 12 14 26 16 34 32 26 23 28 14 22 29 16 21 24 35 35 28 15 14 9 13 18 24 17 24 
18 14 30 26 17 30 23 32 16 10 17 32 11 30 36 13 5 25 34 41 26 29 18 28 15 31 20 30 24 12 15 32 15 27 6 29 22 21 33 24 21 24 19 12 20 31 18 4 29 26 21 15 8 12 23 15 29 19 23 30 
24 16 25 28 16 36 12 22 13 20 29 12 8 19 23 13 14 19 27 27 20 39 13 25 13 27 24 16 22 11 8 17 17 23 10 19 35 30 21 18 20 27 19 11 15 40 19 12 21 28 22 17 14 8 23 14 27 23 18 24 
16 31 19 24 14 31 13 33 37 23 20 20 16 19 26 14 13 26 23 30 29 39 12 31 16 19 22 29 24 13 15 31 10 14 8 15 14 29 27 33 14 25 34 13 23 6 9 15 24 21 36 9 9 12 20 12 23 18 14 33 
10 21 30 21 12 27 19 7 20 18 17 31 11 23 26 15 10 22 17 36 29 35 13 28 17 13 25 31 33 2 11 18 18 16 6 14 17 16 12 23 26 17 15 13 28 29 14 23 28 25 20 8 8 12 32 5 26 36 18 29 
15 24 29 24 9 26 16 20 37 13 26 28 14 23 21 8 16 23 21 33 28 21 16 21 19 16 19 24 32 14 17 38 21 18 11 18 10 15 35 39 27 14 22 13 13 26 7 14 31 36 33 14 8 8 22 14 21 18 28 20 
21 26 44 23 15 32 19 23 9 18 23 21 6 31 10 11 10 20 23 24 22 20 21 25 14 10 23 29 29 12 16 22 16 20 9 28 31 24 39 27 20 24 24 12 19 27 17 22 32 37 37 9 8 12 18 10 18 23 31 25 
27 19 37 16 18 17 19 30 22 19 14 32 11 19 35 12 7 29 27 27 39 31 14 21 17 23 20 29 20 9 12 27 17 21 11 16 25 18 37 37 24 18 25 15 27 17 13 17 29 26 22 16 12 13 26 14 17 12 18 22 
32 25 41 20 15 26 18 41 16 16 15 27 16 28 29 9 6 23 37 31 39 22 8 23 19 31 20 27 21 18 15 33 10 20 12 22 32 28 19 22 31 32 15 13 18 19 10 16 21 31 26 12 9 7 30 11 17 35 29 28 
29 18 23 28 19 35 22 9 41 13 21 15 11 32 27 7 13 24 26 30 31 22 16 36 15 21 14 19 18 11 16 35 12 17 13 16 26 11 32 28 31 26 13 19 14 17 17 10 35 27 28 18 12 9 30 9 22 22 28 26 
19 24 19 26 13 26 21 27 32 24 17 26 10 26 35 8 15 26 26 33 17 34 17 23 23 23 23 13 21 17 14 24 17 15 10 19 21 18 20 32 32 25 27 16 25 27 18 22 27 34 24 14 10 14 26 14 26 29 25 27 
30 23 27 13 16 44 25 30 25 11 31 22 14 38 27 12 13 16 21 27 20 29 20 25 14 21 26 18 16 15 13 20 15 22 10 15 27 18 31 30 24 21 36 8 25 29 9 18 24 37 30 23 12 8 29 14 20 20 34 20 
24 20 22 36 21 42 11 34 25 10 27 15 13 25 17 13 9 20 13 28 42 25 16 27 20 16 23 22 29 13 15 25 11 25 4 22 27 27 24 40 20 21 21 15 19 31 11 13 26 29 15 21 15 7 12 16 28 29 28 34 
35 21 21 24 21 7 18 37 16 19 21 19 9 38 30 11 11 22 36 29 30 29 12 25 20 15 25 21 20 11 12 21 15 19 16 22 23 17 29 30 27 39 20 19 18 24 16 10 22 18 29 17 12 13 31 16 14 28 23 18 
27 32 25 34 18 28 22 18 20 15 18 23 13 31 35 13 7 15 34 19 19 34 17 19 14 20 22 28 25 13 17 31 13 18 12 23 25 18 11 25 27 26 10 13 29 18 16 14 35 34 54 19 14 11 18 17 33 27 9 21 
25 25 33 24 18 18 16 22 16 14 20 25 14 27 37 13 10 22 27 22 21 28 13 24 22 22 20 32 33 13 9 25 19 20 10 21 25 30 22 13 41 18 16 13 21 39 18 14 39 25 37 17 13 7 20 14 27 36 20 19 
17 23 30 21 18 31 15 28 21 9 21 18 16 28 20 11 10 27 32 19 29 26 21 17 14 21 16 30 28 14 16 29 18 18 7 15 30 23 46 21 21 36 19 15 26 34 17 7 38 25 19 18 10 11 23 11 11 26 7 26 
19 32 17 25 23 29 12 37 24 17 17 19 8 20 30 12 9 19 32 43 17 26 11 24 15 17 18 28 28 12 10 23 13 27 6 34 22 25 31 20 12 32 23 13 25 16 14 8 33 10 26 13 11 12 17 14 22 11 22 24 
29 42 16 18 10 41 10 29 31 16 15 14 11 18 29 4 10 24 29 19 34 35 11 17 12 26 24 27 21 20 13 53 11 21 14 11 23 12 21 32 35 22 19 13 18 30 14 22 35 34 32 16 12 14 17 12 18 23 12 39 
23 28 33 19 23 10 18 21 13 14 20 22 8 30 33 16 12 23 33 38 22 30 13 31 17 37 14 23 16 15 9 22 18 18 12 26 29 19 28 24 10 27 17 6 28 24 13 7 42 31 30 14 6 16 11 12 19 20 10 23 
31 33 25 29 15 30 13 34 13 25 25 25 11 19 17 11 5 15 28 37 42 32 9 42 17 27 22 41 31 8 14 24 14 15 12 22 27 27 31 28 32 19 31 8 30 31 13 12 32 26 32 17 11 16 23 18 32 8 34 29 
35 26 30 20 14 22 23 24 20 17 24 25 12 15 23 15 5 24 23 26 15 27 24 24 15 29 15 16 33 19 9 18 28 15 3 15 17 20 18 25 29 29 24 11 19 29 11 12 19 37 33 12 13 17 14 12 17 20 25 26 
23 28 15 22 13 35 16 30 17 20 15 28 11 28 22 12 6 19 18 37 23 18 14 13 18 26 18 18 35 13 18 40 16 13 9 11 25 27 28 18 25 37 28 12 31 31 15 14 30 23 32 17 10 11 21 15 19 21 26 26 
28 23 33 25 2 34 29 19 35 11 8 19 9 23 45 13 12 32 40 24 25 38 17 28 15 21 12 17 33 16 12 41 13 19 9 19 21 21 27 26 21 22 24 15 31 25 12 20 32 33 28 14 9 10 26 17 26 13 30 29 
30 19 21 33 19 25 22 22 40 19 26 33 10 36 26 6 13 31 49 29 28 33 17 19 25 27 14 31 16 17 12 21 15 12 11 23 21 25 32 20 34 27 13 12 19 31 13 15 26 29 21 12 17 10 24 13 21 32 26 25 
38 45 15 17 16 21 23 25 26 14 8 20 13 16 33 17 11 26 31 25 22 34 6 10 15 22 18 30 22 23 11 29 14 10 6 31 20 28 3 29 30 16 22 12 27 21 15 16 32 32 38 20 14 18 22 13 17 21 24 13 
32 27 34 22 15 33 17 24 18 19 27 25 10 32 27 13 11 23 22 18 21 10 8 16 16 28 15 22 24 14 9 33 16 15 11 22 16 31 33 24 11 19 22 9 24 16 12 17 32 31 32 21 10 12 21 10 10 20 20 25 
26 23 24 19 21 55 15 16 25 13 19 25 12 37 24 8 12 24 35 21 24 28 14 8 14 24 16 26 32 14 15 24 17 20 12 27 30 26 29 24 31 31 31 17 26 27 8 13 31 25 33 9 13 10 16 11 19 27 26 24 
32 24 19 23 19 32 20 10 15 20 23 25 14 15 36 8 11 27 25 26 9 31 17 30 11 27 22 17 24 13 6 30 19 19 17 29 21 14 25 39 9 16 11 15 28 33 10 13 29 18 22 12 10 13 23 15 23 24 15 25 
14 12 32 7 20 34 24 29 21 16 14 16 7 21 23 16 13 8 44 26 24 32 14 22 16 35 21 26 26 15 18 33 21 18 16 24 12 20 29 26 26 26 16 15 24 24 14 11 25 34 43 14 8 11 20 9 16 27 24 30 

MachineCapacities:
MachineID Capacity
0 10
1 10
2 10
3 10
