NumTasks NumMachines NumScenarios
15 4 30
TaskDetails:
TaskID ReleaseTime ResourceConsumption SuccessorsCount Successors...
0 0 8 5 3 6 2 1 2 
1 0 1 7 3 3 3 4 5 6 
2 0 5 7 9 5 2 3 4 
3 0 2 4 3 5 2 5 6 
4 0 4 9 7 4 1 7 
5 0 9 9 5 5 1 7 
6 0 2 2 5 6 0 
7 0 2 10 10 5 0 
8 0 6 8 3 5 1 12 
9 0 6 9 2 3 2 11 12 
10 0 2 8 5 2 2 11 12 
11 0 7 4 6 4 2 13 14 
12 0 9 3 5 10 2 13 14 
13 0 4 4 2 6 0 
14 0 8 1 3 2 0 

17 32 28 9 11 6 34 32 10 13 17 11 8 15 14 27 23 17 25 12 9 38 10 16 23 13 28 15 28 10 11 20 15 13 19 8 11 21 13 26 20 37 9 24 19 6 16 25 10 17 12 27 14 24 23 14 39 9 16 17 
20 27 35 19 19 15 35 36 8 18 13 11 5 14 17 25 25 15 18 6 18 27 6 17 28 14 27 23 19 13 13 22 13 30 21 15 15 19 16 28 34 22 12 42 17 12 11 16 15 16 27 19 9 35 16 23 25 16 14 16 
15 22 31 13 15 16 25 27 13 19 16 17 12 17 19 19 17 7 21 2 19 32 6 19 16 4 32 13 22 8 12 10 21 25 16 13 16 21 15 24 31 22 19 24 12 13 27 26 9 18 20 33 10 23 8 38 27 17 19 18 
15 22 32 22 16 16 32 35 12 16 9 20 9 14 12 31 18 16 18 11 13 34 12 23 27 8 26 15 9 9 14 18 14 30 19 10 11 14 22 19 26 38 17 30 16 7 17 18 11 4 14 43 13 43 26 34 19 17 10 15 
11 19 17 11 13 13 26 14 15 12 11 17 7 15 17 16 20 16 18 14 18 24 13 8 26 9 16 16 19 12 15 25 13 28 17 16 16 20 17 31 23 10 11 21 23 8 21 24 18 17 29 46 9 34 22 26 22 16 15 11 
10 20 35 14 13 15 23 22 12 12 16 18 9 19 12 17 15 14 26 10 10 30 12 28 25 8 11 10 17 6 15 11 7 39 14 17 10 21 20 31 13 37 13 16 11 13 10 18 10 16 18 28 12 17 27 32 14 21 15 8 
16 14 21 12 17 12 24 20 9 22 17 15 14 10 15 23 28 16 23 9 15 24 10 17 22 9 22 23 17 14 10 13 25 43 18 14 8 23 16 9 27 25 15 21 24 8 16 16 19 8 15 24 10 36 18 33 20 14 18 5 
17 26 37 20 14 6 24 28 9 24 13 14 13 16 9 11 18 13 25 11 11 18 15 8 38 9 34 18 21 11 11 20 4 34 18 11 17 16 20 26 21 30 11 47 19 14 15 29 10 16 23 30 13 34 22 21 29 15 19 26 
13 12 22 25 14 14 41 28 8 19 16 20 7 18 12 15 8 17 17 11 17 24 10 21 24 11 26 18 23 8 16 18 16 21 30 6 10 22 14 25 28 28 17 17 24 18 6 17 12 13 13 31 14 29 18 18 19 7 22 16 
14 16 37 25 11 19 27 20 15 17 10 11 11 10 14 27 17 17 29 13 6 22 13 26 21 12 26 13 17 10 11 19 17 32 21 16 9 14 20 21 33 3 17 15 11 7 15 8 16 16 24 32 15 47 20 25 27 10 15 16 
20 21 28 18 8 16 29 34 11 21 17 22 13 12 18 24 16 16 21 17 18 24 2 22 35 10 14 17 13 11 14 27 9 21 18 16 11 18 14 28 28 36 13 27 20 13 20 22 14 16 20 31 13 37 26 13 37 21 16 18 
13 13 35 9 11 6 22 42 8 17 5 13 11 15 14 25 14 12 15 5 13 33 9 23 12 8 13 11 13 8 12 22 15 40 23 17 13 24 18 30 11 37 15 35 15 8 22 11 17 22 16 21 17 19 18 25 32 11 11 21 
14 26 35 10 16 22 37 42 14 10 15 19 6 12 12 24 13 15 21 11 11 31 14 17 18 14 27 22 25 10 13 14 11 36 18 15 15 27 20 31 17 30 15 25 18 11 20 24 11 16 24 15 10 19 28 12 43 20 11 19 
18 27 16 10 11 14 33 34 13 18 15 12 12 13 12 27 8 17 21 15 14 22 13 14 13 16 33 11 16 12 12 12 12 21 13 17 11 27 17 18 16 26 20 20 13 10 19 30 11 17 24 29 7 29 20 37 28 14 13 19 
15 14 31 16 18 24 34 26 12 21 11 16 12 17 21 23 21 16 17 16 12 25 11 23 36 16 20 17 14 4 17 19 15 30 30 11 15 18 20 36 25 22 15 25 25 8 15 28 16 19 16 31 14 26 27 28 24 20 9 14 
19 13 33 16 11 16 34 24 7 20 17 15 10 19 7 31 17 5 21 11 10 32 12 17 7 8 27 15 27 11 9 16 13 38 24 13 16 22 10 39 27 41 12 15 22 10 10 17 15 15 13 30 9 9 18 9 34 18 17 20 
14 24 21 15 32 15 33 21 13 23 6 14 5 16 13 37 21 15 21 7 16 26 14 23 15 12 24 15 21 15 17 14 13 22 20 14 17 29 11 16 27 23 20 29 28 6 23 28 12 14 21 29 12 25 6 29 14 18 16 12 
19 17 30 16 18 9 19 25 20 20 10 19 15 11 10 13 10 16 27 7 20 29 10 17 31 5 28 18 15 15 15 13 17 21 16 13 10 14 19 33 24 30 13 26 20 7 29 20 10 18 20 23 15 22 12 20 33 16 17 18 
9 15 26 16 14 15 25 30 18 17 10 13 11 17 6 23 19 12 14 7 10 31 8 24 26 9 23 16 11 16 9 21 15 33 7 16 12 35 14 33 23 28 16 21 15 9 23 29 13 18 24 25 8 45 21 39 36 7 19 19 
14 23 14 16 19 14 34 14 7 13 16 16 9 11 10 17 20 18 22 6 13 31 10 16 27 11 26 14 32 12 14 18 17 31 21 18 12 24 19 35 27 18 9 20 20 12 16 18 16 20 14 31 12 19 26 25 29 11 10 22 
15 25 29 11 19 10 28 32 14 13 15 15 11 18 13 22 10 15 18 11 19 30 10 23 26 10 18 11 7 8 13 18 14 22 23 15 17 31 14 29 22 20 21 25 19 15 19 18 14 16 10 19 13 26 29 30 23 17 15 12 
13 24 21 12 12 15 30 27 11 16 22 10 10 17 13 16 16 18 17 13 6 30 15 28 17 6 12 11 21 10 9 21 12 18 21 17 14 28 16 38 35 29 22 17 14 15 17 19 12 27 23 24 12 30 20 23 35 12 19 17 
18 16 28 20 17 18 31 37 12 12 18 14 9 17 13 10 18 14 21 9 18 36 9 28 20 12 15 13 27 9 14 16 22 15 10 18 14 21 21 22 33 10 14 32 22 8 19 16 12 13 13 17 14 39 21 17 21 14 17 23 
15 20 26 10 15 17 25 20 16 19 21 21 10 10 14 21 11 17 19 10 16 35 14 23 32 11 24 17 18 10 9 27 18 29 23 17 5 11 22 34 32 28 18 19 15 10 11 21 16 11 21 31 12 40 34 11 26 21 17 17 
14 23 29 13 10 19 32 32 12 8 9 13 12 11 8 19 20 10 21 7 17 30 15 26 14 11 10 12 20 13 8 26 19 40 27 15 13 19 14 45 30 29 17 25 20 12 10 21 15 16 18 25 16 34 17 29 28 15 18 20 
9 10 29 14 20 19 22 31 9 21 21 13 9 16 15 28 8 12 17 4 13 23 14 19 40 13 21 17 19 8 13 25 14 15 10 11 1 19 19 22 36 37 15 23 34 5 23 26 17 13 22 17 12 46 21 22 45 8 13 16 
13 15 39 11 12 14 37 29 13 20 18 17 8 20 15 16 16 13 22 7 17 22 16 14 34 12 17 16 16 18 15 17 25 40 14 17 10 21 11 39 31 35 23 32 18 7 6 27 15 11 15 32 13 33 27 16 31 14 23 19 
13 17 22 19 9 14 25 31 11 21 14 17 8 7 5 23 18 16 17 13 2 28 11 30 10 11 25 12 17 15 13 9 21 20 17 13 15 32 10 21 20 21 16 32 14 10 6 21 11 13 17 31 18 33 32 15 24 16 7 13 
21 25 39 15 14 13 28 17 11 12 17 15 4 9 12 29 18 21 16 3 6 23 11 22 37 19 20 14 26 10 13 18 18 33 17 12 12 32 10 27 24 22 10 11 18 7 23 24 13 11 20 27 7 34 19 26 40 15 8 17 
17 21 21 19 10 15 21 17 10 21 20 6 8 17 10 32 23 19 18 9 16 22 11 24 28 8 19 21 20 13 13 14 18 30 16 15 12 15 11 34 19 37 12 29 23 7 8 16 12 16 18 23 6 38 23 24 44 13 14 16 

MachineCapacities:
MachineID Capacity
0 10
1 10
2 10
3 10
