NumTasks NumMachines NumScenarios
15 4 30
TaskDetails:
TaskID ReleaseTime ResourceConsumption SuccessorsCount Successors...
0 0 10 4 4 1 2 2 3 
1 0 5 4 5 9 1 3 
2 0 1 10 10 7 2 6 7 
3 0 3 7 8 1 2 4 5 
4 0 5 5 6 8 2 6 7 
5 0 5 6 1 4 1 6 
6 0 8 9 4 4 1 8 
7 0 4 3 3 9 0 
8 0 4 1 3 4 0 
9 0 3 6 9 8 3 11 12 13 
10 0 5 10 4 8 3 11 12 13 
11 0 6 8 3 4 1 14 
12 0 8 7 7 4 1 14 
13 0 2 3 9 9 0 
14 0 9 9 2 9 0 

11 10 26 18 34 27 34 20 26 14 15 6 23 31 17 10 11 22 19 12 22 11 17 25 16 17 23 19 17 9 31 19 19 17 12 14 14 9 9 18 11 16 16 10 10 11 15 14 29 30 24 19 15 22 18 33 22 12 15 27 
11 9 22 23 43 16 28 20 11 23 18 9 4 17 17 15 15 24 16 8 24 17 22 35 1 8 17 19 16 9 19 12 18 16 12 20 6 13 30 20 9 18 23 19 13 24 21 18 12 31 14 14 23 31 29 43 19 17 29 15 
13 12 20 14 42 14 27 31 32 18 8 11 34 29 17 18 16 29 12 13 19 12 29 22 19 13 27 15 16 12 12 21 12 23 10 25 12 13 20 15 16 17 27 21 16 17 28 11 43 27 24 18 16 35 24 34 30 22 20 18 
17 11 14 12 29 18 33 16 33 22 14 17 21 32 16 14 8 23 12 12 14 13 23 24 32 15 29 25 13 11 19 29 13 14 14 20 8 11 19 23 21 6 25 25 7 30 22 14 42 23 21 23 18 35 28 28 25 13 36 19 
16 15 21 18 24 13 30 27 27 26 9 7 31 42 17 8 16 26 18 13 8 18 40 37 21 8 36 20 12 16 13 25 12 19 10 5 16 9 39 14 16 18 24 25 10 24 22 11 32 33 32 15 9 26 28 34 16 18 37 21 
12 15 27 13 24 10 36 17 19 19 5 10 16 34 16 22 26 24 18 5 23 17 31 25 34 16 19 18 13 8 15 26 20 14 13 35 18 8 11 19 16 19 22 30 14 17 26 22 18 15 21 18 14 42 14 31 17 14 47 21 
11 16 7 18 20 25 22 10 24 19 11 2 17 32 18 12 12 33 13 10 17 15 22 27 29 9 23 12 13 9 20 20 17 10 8 25 17 11 21 24 13 16 30 21 11 34 11 8 11 26 30 12 19 10 18 28 22 9 28 21 
22 17 15 17 24 11 27 6 18 23 10 7 22 26 13 12 28 23 17 10 25 25 15 31 31 13 39 17 12 12 26 32 15 12 15 12 16 12 18 10 17 19 23 23 7 22 26 13 38 24 37 18 20 18 25 21 14 13 24 34 
14 15 22 15 43 17 13 21 29 21 18 9 14 30 25 10 10 25 18 16 23 26 23 22 29 15 36 9 16 19 19 14 21 21 12 23 15 5 24 18 11 16 27 23 15 14 31 13 34 5 18 15 19 33 35 24 17 14 24 31 
9 13 21 22 14 10 23 21 25 21 15 10 32 30 16 18 19 26 11 9 24 23 26 21 25 13 24 18 14 12 14 21 20 13 14 17 11 11 26 16 14 11 35 33 12 24 32 2 22 38 23 12 20 26 18 46 20 17 51 28 
15 8 16 22 30 18 8 7 25 19 12 9 18 37 11 15 18 24 23 17 18 25 22 29 22 14 28 13 15 14 30 21 18 22 16 21 11 14 31 12 11 18 40 28 9 28 28 15 30 24 15 15 14 24 12 29 22 10 41 20 
20 12 11 22 41 21 35 19 27 20 11 12 16 34 16 17 19 26 18 12 12 14 19 19 31 8 19 17 10 9 13 24 16 20 13 22 17 14 30 16 13 15 38 30 8 23 11 11 24 20 16 16 19 26 33 42 20 8 36 25 
10 8 19 21 33 23 20 19 24 25 18 6 17 29 13 16 11 31 17 11 23 25 15 30 22 16 12 14 15 14 18 11 17 19 15 20 15 9 26 23 8 19 30 25 10 27 27 15 21 34 35 20 29 29 15 17 15 13 37 11 
15 16 19 17 31 15 22 26 23 26 10 12 18 22 23 12 18 30 13 9 14 20 23 24 29 12 23 14 15 19 12 21 10 23 16 15 6 7 27 9 9 20 23 36 4 32 13 14 25 28 26 12 23 43 20 35 24 9 29 22 
21 17 10 20 29 19 32 13 20 26 11 14 36 30 11 14 22 18 12 4 14 12 21 27 22 12 14 14 18 5 24 20 8 27 12 23 15 12 13 11 14 12 35 36 4 33 28 11 14 22 28 22 18 14 26 31 18 11 17 20 
10 13 27 15 23 11 20 14 35 28 13 15 32 32 16 13 25 33 17 10 14 20 24 27 34 9 25 6 13 18 18 19 15 18 9 16 13 9 25 21 12 12 25 28 7 23 28 21 27 25 16 9 16 22 15 34 31 13 21 11 
9 11 18 17 35 8 28 28 33 20 10 6 24 12 16 22 14 26 18 10 23 6 31 30 29 8 21 14 14 9 14 34 13 21 10 23 13 13 24 16 12 14 26 25 10 10 23 6 27 25 10 9 16 26 32 27 18 14 26 14 
12 9 24 14 40 12 25 21 41 25 5 10 32 24 17 18 10 18 14 8 19 20 15 24 25 8 20 19 20 12 19 26 17 15 12 19 10 14 22 22 14 13 27 35 5 26 25 16 29 25 36 16 21 30 19 34 21 8 23 16 
5 14 26 20 37 19 32 37 23 25 14 9 22 37 21 17 9 33 13 5 17 18 25 23 18 11 20 18 15 10 13 16 18 14 12 21 15 6 23 11 16 13 31 12 8 33 26 17 19 22 27 12 20 35 30 28 22 15 28 15 
19 9 17 19 27 15 23 10 15 38 5 8 32 21 14 19 22 20 21 9 20 22 22 23 22 10 24 15 15 17 13 12 16 16 6 32 17 15 16 13 14 16 35 27 8 25 36 4 28 22 29 6 20 34 27 19 11 19 45 26 
13 10 26 8 28 19 34 21 22 17 9 10 33 32 20 13 13 18 17 15 15 16 25 28 22 14 30 21 10 21 7 20 15 22 12 24 15 11 19 19 14 8 20 31 6 21 25 15 21 17 24 17 18 43 29 22 24 22 27 6 
15 12 19 20 26 18 26 25 37 21 12 11 24 23 10 14 16 38 14 9 19 21 22 16 34 13 22 22 8 14 20 19 19 26 9 17 14 7 23 18 18 13 34 26 14 16 30 10 15 32 39 14 24 32 11 22 25 15 43 32 
17 5 22 14 37 19 24 25 25 20 11 12 23 33 14 14 13 29 15 13 18 20 26 37 27 9 36 21 15 9 16 19 26 14 15 23 18 12 12 17 17 11 4 24 11 26 34 16 30 30 16 17 3 31 31 32 21 14 26 14 
17 15 19 17 33 13 38 21 32 20 12 8 14 27 8 18 22 24 18 10 10 16 27 31 25 12 43 17 15 10 26 21 18 24 10 16 13 10 23 9 5 20 26 30 11 29 45 20 37 40 20 24 10 43 22 33 24 24 24 16 
13 15 18 19 39 11 26 19 27 24 10 13 34 39 22 10 19 35 20 11 17 19 24 34 21 7 23 22 13 15 18 20 8 26 15 15 16 14 27 19 11 18 42 30 9 25 21 13 29 15 18 11 14 22 15 25 17 14 23 33 
12 13 18 16 31 20 19 30 16 16 5 7 34 34 16 19 26 25 12 13 11 5 21 23 11 2 35 22 15 15 22 22 8 23 18 8 16 11 33 19 10 10 27 26 8 17 30 12 38 26 34 15 12 32 11 34 28 17 24 25 
14 13 21 24 28 20 17 25 9 30 13 9 30 37 14 12 3 15 18 12 16 19 9 32 19 15 30 19 18 14 4 22 14 20 14 26 12 8 22 22 12 15 30 26 9 19 26 9 16 29 21 27 12 34 20 21 41 19 16 11 
14 15 19 8 30 15 18 17 30 22 14 13 21 22 14 11 18 34 9 11 25 17 27 24 40 12 25 13 12 15 18 17 13 14 16 17 14 10 26 21 11 13 6 20 20 13 18 15 33 16 30 24 22 31 11 12 24 16 30 21 
22 13 18 17 30 18 21 23 22 21 6 9 25 38 9 15 18 12 11 10 24 17 19 19 26 4 39 28 13 16 18 16 16 15 15 21 13 17 23 21 11 17 15 24 10 33 43 11 28 35 33 4 16 28 21 26 13 16 21 10 
9 11 21 13 34 6 25 21 40 25 9 8 28 33 10 16 26 38 15 7 16 23 16 14 16 17 35 11 14 13 13 19 17 17 14 18 9 8 14 22 19 19 19 22 11 20 29 17 22 22 36 22 22 50 23 28 20 15 14 16 

MachineCapacities:
MachineID Capacity
0 10
1 10
2 10
3 10
