NumTasks NumMachines NumScenarios
15 4 500
TaskDetails:
TaskID ReleaseTime ResourceConsumption SuccessorsCount Successors...
0 0 10 2 7 4 3 1 2 3 
1 0 8 9 6 1 3 4 5 7 
2 0 3 7 5 7 3 4 5 7 
3 0 10 2 6 8 2 4 7 
4 0 5 10 3 9 1 6 
5 0 1 3 5 5 1 6 
6 0 1 3 6 1 1 8 
7 0 6 4 6 5 0 
8 0 7 7 3 9 0 
9 0 3 1 5 6 1 10 
10 0 2 6 6 9 2 11 12 
11 0 4 8 5 3 1 13 
12 0 4 6 3 6 1 14 
13 0 2 9 3 1 1 14 
14 0 9 4 3 5 0 

23 28 16 16 9 20 23 27 21 26 20 8 23 22 16 23 12 26 34 18 29 16 25 23 14 29 16 39 16 26 14 23 34 19 27 22 25 24 9 22 9 11 23 26 28 32 26 21 18 20 17 11 13 26 17 25 13 19 25 25 
49 37 25 14 20 18 13 23 20 27 7 17 38 18 26 22 23 22 28 15 18 35 7 22 11 16 21 13 44 22 18 41 22 16 37 20 22 31 14 26 13 25 24 9 36 27 24 6 22 27 23 18 21 20 13 14 22 17 10 17 
33 22 12 19 26 19 7 25 20 29 16 26 39 9 16 23 13 28 33 15 20 29 17 22 10 31 27 21 37 23 43 26 37 24 29 14 22 15 18 30 15 24 18 20 27 16 24 26 18 22 14 21 31 38 12 9 16 22 18 24 
32 37 8 19 26 20 25 17 9 23 24 33 43 17 20 22 10 23 26 9 30 30 7 18 15 23 19 23 19 10 30 37 25 24 34 6 33 35 8 10 15 22 29 15 25 20 33 21 22 24 16 25 23 16 27 16 24 13 30 31 
26 21 17 14 28 15 10 15 13 31 29 25 26 29 21 24 21 22 30 14 49 24 16 23 22 22 27 18 27 23 29 13 30 19 21 12 30 34 11 20 9 18 38 26 35 22 24 18 25 24 15 6 31 26 21 21 24 6 26 22 
19 28 13 14 19 14 12 26 26 30 24 26 25 17 13 21 16 39 15 10 24 27 19 17 13 24 24 11 47 13 25 32 28 14 22 22 38 20 18 25 10 27 39 14 27 23 30 18 16 32 21 23 22 22 14 17 26 8 18 32 
37 32 7 13 29 11 18 27 22 39 13 30 32 10 16 20 10 24 37 24 25 29 8 25 15 13 24 21 42 9 23 49 35 22 24 23 37 30 17 30 19 25 14 26 28 26 37 9 24 22 22 26 29 23 16 18 22 19 29 24 
22 21 11 12 25 21 20 16 14 16 21 15 36 16 11 16 14 31 18 8 22 18 14 25 12 24 20 18 31 16 25 19 41 31 35 3 39 25 16 37 17 26 9 19 18 36 26 15 23 18 31 23 18 13 24 11 19 24 31 27 
7 22 16 17 36 21 18 28 24 28 22 22 21 22 18 20 17 37 28 13 34 28 18 31 20 30 15 24 24 18 13 27 37 21 19 14 30 18 15 36 3 21 24 18 24 20 16 18 23 20 23 27 10 36 17 11 23 32 25 32 
25 18 16 15 35 20 15 32 21 33 19 28 33 20 27 30 9 37 15 16 32 13 19 22 20 23 27 17 29 27 36 20 19 25 32 19 30 32 11 14 13 20 25 18 26 18 12 26 24 25 8 14 26 27 19 24 18 16 20 17 
26 29 20 9 23 13 14 34 16 26 10 17 31 24 27 37 15 34 38 14 27 22 17 24 28 36 22 22 16 20 33 39 21 19 23 9 27 20 13 28 23 22 26 23 21 29 14 12 21 16 22 20 20 27 19 22 26 24 29 26 
34 25 27 19 25 10 21 36 25 29 25 24 24 21 12 32 11 34 30 16 22 30 14 15 10 24 27 20 33 24 28 29 40 21 24 21 39 19 20 12 19 20 31 27 12 29 29 26 18 19 18 19 29 24 35 14 22 18 18 29 
38 33 16 15 24 23 6 23 15 21 21 16 28 15 13 25 22 24 28 15 29 17 23 29 17 31 20 21 31 26 29 35 16 17 33 27 33 29 11 21 13 18 24 14 14 30 32 19 19 30 26 18 13 19 16 20 20 14 31 17 
34 21 14 20 19 17 22 36 27 40 16 19 40 18 11 18 12 28 30 13 18 14 14 31 17 12 25 14 19 24 19 22 28 17 34 18 22 14 17 30 17 14 21 24 24 28 28 21 18 24 17 22 34 31 24 11 12 20 26 19 
29 20 18 26 24 21 23 40 18 29 14 6 15 21 9 31 12 26 30 18 36 24 18 32 12 20 15 16 42 25 26 35 48 15 23 31 35 28 12 26 23 21 29 27 35 11 44 25 22 41 13 19 27 24 22 6 16 22 33 31 
28 29 12 13 27 10 15 8 18 38 22 20 43 26 18 19 29 24 31 17 40 16 10 28 16 21 23 27 30 28 28 23 18 17 15 27 27 18 16 31 14 15 32 15 30 35 23 15 21 32 17 21 30 32 14 15 7 22 21 20 
42 35 14 19 26 20 15 29 23 19 12 22 27 20 7 28 16 32 27 16 24 29 14 23 12 23 23 18 42 21 22 28 33 24 20 30 28 24 15 24 10 23 26 19 23 18 33 22 23 32 12 23 22 24 34 7 17 22 22 24 
24 26 22 9 32 15 21 28 27 31 15 21 25 22 13 15 10 18 32 13 43 21 8 30 19 33 24 33 39 13 32 60 31 7 17 25 28 28 13 26 13 22 26 19 25 20 28 22 26 21 18 17 22 17 29 21 16 33 25 22 
21 19 23 12 29 22 21 13 13 21 21 25 10 19 21 27 23 22 41 9 20 29 17 26 17 16 12 18 37 22 18 33 38 21 22 19 45 20 15 21 14 24 29 29 18 30 17 17 27 36 7 22 16 24 16 16 23 24 28 26 
41 23 14 18 14 23 19 19 15 30 21 16 38 21 22 14 23 32 29 19 34 26 22 24 10 27 12 16 35 23 16 45 38 11 20 20 31 29 16 29 11 18 21 22 28 27 12 19 20 30 14 15 24 26 19 14 18 21 16 19 
20 31 17 18 33 13 26 22 19 33 6 26 20 15 9 28 12 25 18 18 24 28 11 32 21 20 11 21 42 22 31 38 26 18 18 33 15 33 17 20 14 18 29 33 22 19 10 11 33 30 14 17 34 27 17 20 17 27 25 29 
31 24 19 18 33 16 15 38 9 20 23 9 30 24 10 29 14 41 25 23 16 27 13 21 15 25 18 20 42 13 29 34 35 19 35 16 35 26 20 35 10 29 26 17 18 21 31 15 24 40 21 14 14 25 26 23 20 22 32 19 
26 16 20 24 33 19 23 25 27 26 14 22 38 24 15 30 11 23 18 14 14 14 26 16 11 26 28 11 24 22 14 30 33 7 22 14 28 33 20 34 14 15 29 15 43 40 22 16 7 19 16 16 19 15 8 24 14 27 24 19 
23 23 12 14 19 14 18 33 21 33 10 25 26 20 25 22 18 29 30 23 28 33 10 25 17 24 15 30 29 22 33 29 51 16 3 18 28 24 12 25 17 23 30 19 30 18 28 27 35 36 16 10 32 24 13 14 15 21 22 28 
33 22 17 11 29 12 17 25 26 29 23 11 32 27 13 28 23 20 17 20 29 17 16 21 11 33 17 14 63 16 26 41 33 17 31 13 27 17 21 24 19 11 23 25 13 14 17 15 14 26 8 24 24 33 27 9 20 26 38 16 
44 32 17 27 31 15 22 31 20 34 19 26 35 22 20 19 18 22 21 19 25 32 23 27 18 31 22 14 30 27 20 28 27 16 21 21 27 27 17 35 19 20 34 15 34 16 29 14 19 26 18 26 27 18 25 22 14 18 25 33 
40 27 14 19 35 14 17 19 15 33 11 21 19 11 13 32 15 23 31 7 32 16 19 20 20 24 18 24 16 20 23 38 39 16 32 15 27 27 15 22 23 23 36 29 42 10 18 15 27 17 16 9 28 13 28 20 23 28 31 22 
20 20 21 12 16 13 18 31 14 25 22 32 20 24 25 23 16 22 24 21 29 20 17 18 8 24 23 33 17 24 17 33 29 8 28 21 34 15 21 28 15 17 37 18 28 29 21 24 23 29 18 13 20 26 18 11 26 26 18 20 
29 41 17 26 25 9 22 25 24 28 21 20 25 24 13 40 21 19 37 16 27 31 14 20 16 27 16 21 17 9 28 26 22 13 19 19 37 33 16 26 18 16 33 14 47 10 27 12 22 25 14 20 25 34 22 15 17 21 21 23 
23 26 24 20 23 12 14 34 20 22 8 15 13 22 18 32 19 28 29 13 22 25 18 25 13 32 17 19 36 14 28 32 31 18 10 27 30 18 10 31 11 20 31 25 36 25 11 18 35 36 28 24 28 24 28 18 21 17 14 24 
36 16 18 19 23 24 24 29 20 25 27 30 36 31 19 30 22 33 25 22 32 9 9 24 16 34 16 12 24 5 21 25 25 26 18 21 28 28 13 34 13 26 17 7 27 28 14 9 15 40 18 21 26 12 31 20 15 24 20 25 
50 37 15 13 25 15 22 18 11 24 9 21 27 23 18 25 18 34 30 19 23 26 17 28 10 26 17 20 34 11 18 23 33 21 29 23 30 13 14 26 13 14 21 22 43 34 19 12 31 37 21 18 28 24 10 25 12 25 27 28 
35 27 25 22 31 19 16 20 22 9 28 28 22 19 21 22 12 35 34 19 39 25 14 16 13 21 23 16 33 13 27 20 22 13 20 21 38 27 13 25 17 20 20 9 23 31 22 17 24 33 8 28 29 16 13 13 10 21 16 26 
31 29 12 13 39 17 17 16 10 20 9 29 19 15 13 36 18 11 20 14 37 26 10 30 14 24 20 19 32 21 36 21 30 11 29 20 20 26 21 32 15 13 24 22 33 33 33 20 21 22 13 17 15 26 20 24 16 11 25 19 
22 30 25 14 24 16 19 31 30 32 18 32 35 9 20 24 21 20 23 20 33 35 24 31 13 30 31 16 42 16 24 33 18 21 14 12 30 27 13 23 14 24 39 20 24 24 23 18 24 33 17 18 11 16 17 8 14 17 20 18 
29 23 14 20 36 15 12 27 20 32 15 23 27 17 26 23 19 24 27 12 14 26 17 32 14 30 26 18 42 29 27 36 41 17 33 14 31 22 12 39 20 22 24 22 23 25 31 13 23 29 17 32 30 29 10 14 20 14 27 26 
30 12 20 10 27 21 11 22 21 20 25 26 21 14 13 22 7 13 42 12 30 24 16 17 14 32 14 23 41 19 28 33 44 25 33 19 24 25 18 19 18 19 22 22 23 32 13 20 16 23 17 32 37 21 23 20 19 21 18 32 
23 15 9 17 28 14 18 32 22 29 16 29 33 22 9 29 14 25 29 16 37 8 15 29 24 26 27 7 36 27 18 26 30 12 37 23 43 29 10 29 13 18 21 29 37 15 26 21 24 22 18 21 15 20 19 21 17 16 16 29 
34 34 18 17 27 23 17 29 18 16 17 30 17 22 15 17 15 25 38 15 34 22 14 26 16 25 30 22 3 18 28 35 22 9 30 9 22 25 15 18 16 10 25 26 32 26 22 21 21 15 25 17 19 27 17 17 20 13 22 32 
34 36 17 10 19 21 16 21 23 22 15 8 33 24 21 13 21 33 23 12 34 23 19 19 17 25 19 9 25 27 14 34 32 16 25 18 23 29 14 22 12 15 26 23 29 19 21 7 31 22 14 20 19 35 16 19 14 10 32 29 
35 15 23 21 21 11 23 25 22 39 23 28 29 16 10 23 9 42 30 23 31 23 18 25 19 23 13 23 21 19 23 43 44 16 13 27 35 27 18 12 17 27 28 23 39 25 19 23 21 33 26 10 16 24 30 16 19 17 31 24 
28 26 19 18 19 13 24 27 14 28 19 21 30 19 4 9 7 23 21 15 25 30 18 19 10 22 27 25 31 26 27 27 27 19 32 15 18 32 13 25 12 21 26 28 33 30 33 19 24 25 16 23 14 25 8 26 22 15 35 21 
45 31 14 20 28 11 16 38 7 24 19 21 34 12 23 28 17 37 21 16 25 28 20 24 12 33 25 19 16 28 26 38 27 13 39 19 25 33 11 32 15 15 27 10 31 24 20 15 23 34 17 28 26 27 18 16 23 17 26 20 
34 32 14 17 20 21 21 41 24 32 27 32 39 17 14 23 17 42 28 8 32 23 18 15 10 16 10 25 12 15 21 31 41 33 45 17 44 22 22 26 19 9 28 10 19 22 28 12 27 38 15 18 12 22 22 11 15 12 33 16 
45 24 10 22 15 18 17 19 25 35 19 32 42 11 20 31 21 27 33 9 9 17 23 24 16 26 20 24 34 17 32 19 31 14 15 22 43 26 4 28 17 17 43 28 29 30 21 16 24 26 12 7 28 27 16 15 24 19 22 26 
33 16 26 15 24 15 17 27 18 29 24 25 39 21 12 34 18 27 40 13 27 32 7 12 14 27 14 22 20 32 20 46 37 17 25 22 30 20 13 17 20 25 29 24 39 15 21 22 20 25 11 16 44 33 24 10 24 23 28 35 
35 32 26 15 29 16 15 25 15 34 17 36 27 20 23 11 10 35 46 12 17 22 22 20 12 38 27 24 31 22 26 23 11 20 29 25 23 17 9 18 18 16 26 24 34 19 27 19 16 29 8 23 21 24 12 12 15 19 26 27 
61 46 6 24 26 13 15 15 18 19 10 24 33 17 20 16 15 8 20 14 29 21 18 22 10 31 30 15 39 30 17 32 26 21 25 17 25 36 14 15 16 13 29 24 38 14 30 22 18 14 16 21 29 16 22 12 9 18 26 19 
34 30 6 15 24 20 14 28 13 36 29 25 39 18 14 14 13 25 18 14 34 27 12 23 19 28 23 19 15 26 25 37 25 10 16 21 33 20 17 16 19 13 26 30 8 23 27 21 24 27 14 17 33 23 5 17 22 13 43 19 
30 29 20 19 30 19 12 33 18 29 20 36 20 23 15 24 19 33 35 12 35 33 10 25 16 20 18 13 40 12 18 32 10 22 28 17 16 31 9 14 9 21 13 32 26 23 17 25 20 34 12 22 25 21 21 19 7 19 26 28 
34 28 8 16 20 24 24 28 19 22 19 23 21 10 23 27 21 28 25 11 25 21 15 13 20 46 18 20 27 18 21 38 20 22 33 22 28 31 20 23 23 23 14 19 40 24 35 8 24 25 24 19 19 17 24 13 21 19 22 23 
30 32 23 22 27 12 27 26 29 23 6 34 21 17 11 24 15 22 40 17 13 29 16 15 12 31 21 16 33 24 27 32 34 29 31 33 18 17 12 17 7 24 20 13 34 20 19 15 21 23 19 25 12 26 16 18 21 25 29 29 
32 33 18 19 22 9 21 19 14 11 22 15 43 21 10 18 19 34 20 17 14 23 10 23 10 21 8 15 31 28 14 35 39 30 37 12 32 27 14 21 18 15 25 37 23 29 16 26 32 17 22 15 32 17 17 20 22 14 35 27 
27 34 20 14 28 15 27 22 16 20 20 27 33 22 18 21 10 29 21 22 11 32 14 36 19 27 22 23 19 9 33 26 22 32 32 23 47 34 21 18 13 16 24 22 30 13 26 17 22 20 26 26 37 22 16 19 31 9 24 31 
36 36 16 20 22 13 30 16 27 29 18 25 21 17 15 24 20 25 23 10 26 17 13 24 10 34 12 30 32 19 19 50 22 19 25 20 37 27 14 22 12 21 24 17 7 26 28 30 25 29 28 26 24 8 17 12 24 17 22 31 
14 28 18 19 14 13 23 35 23 27 13 23 55 21 23 11 10 23 14 7 40 30 15 17 15 20 25 9 40 18 39 26 31 25 29 13 22 13 17 31 21 17 18 22 44 21 11 24 22 18 16 11 23 22 18 18 30 27 26 26 
23 23 15 29 25 16 29 6 14 36 24 36 33 19 17 31 16 28 19 18 26 30 22 16 14 31 13 19 24 21 25 16 39 17 32 25 33 24 11 17 17 10 31 26 35 16 31 21 17 21 24 19 21 25 17 33 21 27 24 18 
24 26 20 15 40 18 24 18 12 21 22 21 31 24 16 29 20 24 25 9 27 27 16 27 15 25 15 32 37 24 25 30 30 26 32 22 22 33 5 34 12 22 21 27 16 23 29 14 26 32 12 22 20 17 14 12 9 19 31 21 
38 26 20 18 40 16 11 30 20 37 21 39 29 26 25 23 14 37 25 12 29 20 16 19 14 23 21 11 27 7 21 21 26 15 22 15 16 28 16 23 21 26 24 10 23 28 34 16 21 27 13 16 21 31 14 12 17 29 34 13 
16 27 18 17 12 21 23 23 20 28 25 26 18 14 16 16 13 23 27 10 44 29 23 20 18 32 26 20 39 27 16 28 30 28 40 21 31 31 16 36 10 21 20 24 29 19 27 11 14 28 17 15 16 26 19 19 17 17 7 25 
38 51 11 15 18 16 22 26 29 35 15 41 21 17 20 18 19 38 29 13 25 20 23 24 10 26 34 20 22 12 14 30 26 22 32 19 20 19 2 32 10 22 33 22 39 19 26 18 21 33 15 32 21 26 19 19 26 21 22 21 
33 35 15 19 28 15 23 42 12 30 9 29 43 14 18 23 18 16 30 13 30 20 25 19 14 14 15 21 19 30 18 32 31 14 21 29 33 19 14 42 13 13 17 24 19 26 29 21 27 29 17 20 28 34 16 17 18 25 30 35 
28 29 17 15 32 9 11 34 24 26 23 21 34 17 21 34 21 33 36 14 20 23 16 21 15 39 26 32 18 26 20 28 36 14 25 22 17 31 14 16 20 18 15 22 6 20 19 21 20 23 11 18 32 26 23 11 21 16 24 25 
27 17 8 15 18 20 17 23 15 38 24 10 31 20 18 26 14 36 16 13 25 30 15 28 10 41 11 26 27 24 20 27 34 25 20 17 33 24 23 24 17 19 16 21 32 21 15 17 25 21 14 23 14 25 26 7 19 16 33 28 
41 37 23 14 19 16 17 26 12 24 30 27 36 12 12 22 13 33 47 11 37 17 11 27 20 29 14 19 16 15 42 22 25 31 34 15 30 36 12 29 13 26 16 21 21 18 18 22 23 31 16 22 25 29 20 17 15 19 24 17 
24 22 6 20 22 24 15 13 23 35 23 23 41 20 17 25 26 39 13 15 31 22 20 15 13 39 18 24 33 25 29 20 14 24 41 33 29 34 12 31 7 23 23 8 34 19 15 9 25 21 25 16 31 31 25 19 23 16 25 26 
40 28 7 8 8 18 21 13 18 30 19 22 14 14 17 24 24 27 39 20 19 16 19 8 15 23 17 28 30 9 27 24 24 18 31 31 19 18 15 17 17 22 26 28 19 23 35 19 22 29 21 18 24 20 27 11 22 23 27 20 
27 39 18 16 20 7 27 30 21 25 22 23 31 16 23 29 15 31 43 13 25 18 16 22 15 21 21 24 34 22 16 28 18 22 25 17 36 24 18 25 16 11 32 29 31 26 28 8 23 16 20 22 17 24 21 17 25 16 32 20 
27 30 11 21 10 15 22 36 21 41 16 44 36 17 15 27 13 21 30 14 27 15 4 22 16 28 18 18 16 12 14 20 24 21 33 17 30 22 14 19 17 14 25 29 27 28 26 16 6 31 19 20 19 23 20 23 17 25 36 23 
29 14 16 28 17 14 6 23 23 32 22 21 23 19 20 13 13 35 28 20 18 36 17 27 10 15 28 9 18 23 25 43 41 19 18 18 22 35 18 26 15 15 16 4 27 35 32 16 20 32 16 17 29 32 21 26 20 32 29 31 
31 35 21 9 26 17 18 21 24 18 21 20 22 20 19 32 18 26 18 13 25 24 24 29 18 29 18 22 14 9 19 21 26 12 28 17 17 24 11 26 6 17 24 28 36 20 23 19 24 26 24 22 32 27 17 11 24 24 26 27 
45 36 13 23 30 11 18 26 20 31 24 31 14 12 18 18 23 22 9 20 22 32 32 26 11 23 26 29 1 16 21 30 39 16 28 19 20 25 20 23 10 15 6 17 19 23 12 16 17 24 11 20 34 19 26 25 17 18 26 28 
34 36 20 11 22 11 19 26 15 15 18 38 32 18 15 25 14 25 29 10 15 25 19 35 12 32 29 18 40 12 13 21 35 19 29 19 34 28 14 28 10 26 26 31 11 24 28 17 28 21 17 18 26 19 17 33 20 31 36 16 
22 47 11 16 9 14 17 14 15 27 25 26 27 26 17 29 11 34 12 16 29 27 15 31 18 25 12 24 35 26 34 37 14 7 36 28 26 36 17 32 20 19 30 23 26 17 20 27 26 25 2 26 42 16 23 15 14 24 26 31 
31 31 20 20 21 15 8 30 19 31 16 20 31 12 17 24 18 29 24 17 30 20 18 13 16 29 23 24 46 29 17 29 29 22 25 20 33 34 18 24 8 14 21 19 32 22 26 21 21 40 21 15 21 24 21 24 15 29 26 25 
42 14 10 21 25 16 23 27 21 17 18 29 18 19 15 14 10 34 25 17 39 17 17 18 12 32 13 13 27 18 26 34 32 36 35 24 37 23 18 17 20 25 23 27 21 23 26 23 34 29 28 21 15 22 18 14 22 14 41 25 
23 33 20 18 37 12 35 31 17 16 18 24 26 22 16 35 20 16 33 17 39 27 25 18 16 21 22 31 42 22 11 29 36 26 37 21 33 18 11 31 13 18 19 30 21 25 34 24 19 26 14 17 16 26 27 21 19 23 17 22 
30 24 22 21 25 14 20 33 15 24 22 18 33 18 19 26 29 28 24 15 32 33 12 24 16 33 29 15 39 24 23 23 29 20 28 12 32 34 15 38 13 34 30 18 30 23 19 24 23 30 11 20 18 22 18 14 16 25 26 38 
29 39 23 11 18 19 20 21 12 27 26 26 39 20 21 23 14 49 18 22 27 23 13 30 14 30 14 35 29 16 17 14 24 21 24 12 30 20 16 37 13 16 22 19 36 24 7 15 17 15 23 22 27 24 16 14 30 20 25 25 
29 38 19 13 28 20 14 30 23 41 19 16 43 22 22 20 23 11 32 18 20 20 18 27 13 18 26 11 30 14 17 32 28 24 28 20 28 30 17 17 8 18 28 21 40 23 36 23 19 22 13 21 37 18 29 18 17 22 11 29 
26 30 15 18 35 16 10 14 17 12 14 30 21 16 19 24 23 32 24 16 42 20 13 20 15 17 20 26 3 10 9 22 19 27 21 19 16 13 14 34 22 19 22 28 21 18 24 23 23 27 13 14 30 21 25 17 20 24 36 28 
29 23 12 10 21 18 14 34 22 35 21 22 28 17 20 18 14 37 40 20 20 23 14 31 16 24 15 20 31 13 20 38 20 14 45 25 31 30 15 31 12 18 17 23 28 30 25 14 11 16 14 28 31 30 25 19 13 16 31 25 
20 37 26 26 23 16 20 24 18 40 25 33 37 19 13 14 17 39 28 24 18 20 20 11 19 38 11 22 39 15 22 33 21 21 36 19 21 30 17 33 22 21 23 25 34 26 12 16 15 37 22 26 21 17 24 18 21 23 39 27 
47 31 17 20 20 8 31 11 12 24 27 21 32 15 24 31 17 11 36 19 30 28 20 14 23 27 25 14 26 19 35 50 32 11 13 30 27 24 15 26 16 22 26 30 27 18 18 14 24 26 11 15 20 14 25 24 22 18 31 24 
48 40 15 16 41 21 8 35 21 40 24 29 21 20 12 29 16 33 19 17 29 23 18 24 17 25 29 22 22 16 27 31 26 22 24 23 30 19 15 19 15 20 21 21 32 17 27 18 18 29 25 30 21 18 23 10 24 19 28 14 
28 43 17 12 26 14 30 19 12 25 22 36 31 14 22 20 24 26 37 19 27 20 17 27 9 21 12 12 41 10 25 48 30 30 26 29 19 20 13 28 15 24 31 25 31 24 15 16 31 20 8 19 17 27 9 16 20 26 34 29 
18 33 16 26 22 17 27 28 18 29 23 28 18 9 23 18 19 36 27 17 26 17 20 20 11 30 28 26 30 27 21 27 35 32 34 22 13 23 15 20 10 10 29 26 21 27 20 28 23 24 21 28 29 24 18 17 31 14 26 21 
32 24 21 25 31 17 18 21 27 18 22 25 26 15 21 24 15 30 34 10 33 25 13 15 18 16 12 20 28 14 28 14 26 17 22 20 32 20 18 31 21 16 23 26 26 7 29 15 19 32 10 23 14 21 22 19 21 14 21 28 
40 30 12 14 30 14 25 20 18 41 27 36 34 17 21 22 20 9 29 18 26 21 20 27 20 27 19 7 36 20 24 16 39 25 34 28 39 24 18 30 13 23 37 22 43 25 29 13 21 23 15 18 30 24 17 12 22 17 21 17 
16 43 10 21 21 11 15 24 17 14 12 28 24 21 14 35 21 31 30 13 24 23 9 7 17 27 32 20 41 13 25 38 23 13 30 23 54 33 15 39 17 19 13 16 31 14 14 21 5 30 23 23 28 18 13 21 22 28 29 14 
41 28 25 17 26 27 22 34 26 31 33 31 34 15 17 27 15 26 33 9 51 24 21 23 16 27 9 16 29 18 11 47 35 19 24 24 45 26 16 24 13 21 19 28 17 26 30 17 33 22 15 22 23 37 18 18 17 22 31 15 
37 35 15 14 31 20 11 26 13 27 20 32 32 17 19 29 24 50 29 12 33 20 19 22 18 24 13 18 32 15 33 23 30 24 26 17 24 24 14 33 9 24 15 16 31 6 14 18 28 36 20 21 18 17 26 23 21 11 25 27 
19 32 12 17 28 12 27 23 19 29 21 30 39 19 13 19 17 35 21 12 27 17 10 24 20 23 16 19 23 17 30 35 33 29 21 19 27 21 16 30 21 30 9 32 26 29 33 23 28 32 11 23 25 26 16 13 12 13 24 22 
38 21 14 24 22 16 21 29 18 26 14 22 33 19 18 20 16 35 34 10 16 18 15 26 13 24 26 19 28 14 16 25 33 21 22 21 23 35 16 15 14 19 26 19 16 22 30 22 22 21 19 14 23 33 17 11 28 35 19 29 
32 30 17 30 36 15 12 8 11 23 14 20 36 26 13 12 17 23 26 14 24 12 16 25 20 31 16 28 33 19 40 44 30 29 24 23 27 28 16 19 8 16 13 14 28 27 18 19 28 35 14 29 24 16 13 17 17 25 28 26 
37 34 19 11 23 15 31 23 19 18 22 32 31 18 20 23 16 23 26 15 32 29 10 12 18 23 15 12 24 17 20 25 32 21 12 22 19 32 13 21 6 21 14 18 26 22 27 29 21 29 19 7 32 21 15 16 19 29 23 21 
16 34 20 11 29 21 20 22 11 40 18 33 33 21 18 18 22 29 39 20 12 14 22 26 15 26 20 31 20 19 27 32 28 23 28 22 22 30 13 18 11 16 28 25 26 16 23 12 21 33 18 17 22 18 18 26 17 24 17 25 
21 27 12 26 18 23 32 13 23 28 17 28 30 16 18 27 19 32 17 15 16 27 12 20 20 19 22 16 39 16 33 16 21 24 34 17 19 18 24 41 13 26 25 21 25 34 21 22 31 26 24 21 9 26 28 12 26 14 13 15 
35 35 22 8 23 19 23 10 13 16 17 26 33 23 17 24 25 33 33 12 40 21 15 33 16 27 17 15 30 21 34 41 19 26 23 29 24 31 15 28 17 14 18 23 24 27 17 20 22 31 20 25 19 30 28 13 31 14 30 17 
26 33 21 20 21 19 18 24 23 26 12 33 27 26 26 30 20 17 27 7 28 7 22 21 12 28 18 30 41 20 29 21 28 15 37 18 31 30 17 19 13 32 28 25 21 15 9 17 29 31 21 22 22 17 25 18 22 22 33 23 
41 26 17 12 29 18 17 24 24 35 16 22 31 20 16 21 20 19 27 18 21 26 14 14 12 27 29 21 21 21 14 25 34 32 34 27 18 24 17 25 14 18 18 19 18 28 26 24 21 23 24 12 26 25 25 17 19 13 26 25 
35 24 18 13 34 15 17 34 18 30 16 36 30 18 20 21 16 34 16 15 20 36 15 25 20 22 13 19 37 20 29 32 32 30 21 18 45 16 18 19 12 22 35 21 17 23 28 30 16 33 17 23 22 24 20 14 20 19 33 8 
34 32 17 9 16 17 19 31 16 26 21 34 21 26 18 27 14 26 22 16 30 27 11 18 15 25 12 27 22 14 19 66 38 27 16 33 42 40 6 37 8 14 24 29 14 32 24 16 15 21 15 17 25 15 15 19 21 28 30 34 
35 20 16 19 26 16 22 21 19 32 27 24 32 16 20 32 13 36 33 11 40 17 23 26 16 27 26 28 28 14 26 31 35 8 22 23 36 30 12 29 18 19 11 26 36 26 38 25 23 45 10 33 35 22 11 22 23 24 27 22 
25 31 18 16 29 20 14 25 26 34 19 20 44 22 24 18 28 46 23 17 17 14 12 18 20 28 17 22 23 28 34 30 28 5 23 26 24 25 12 26 10 14 14 25 20 20 29 15 20 29 13 21 35 23 21 22 20 19 29 29 
41 21 20 15 5 14 29 15 13 28 23 35 33 18 21 16 15 23 42 12 33 25 11 23 12 19 28 21 23 14 28 14 20 28 24 18 27 20 14 36 20 12 29 17 33 22 24 11 14 24 10 7 21 18 26 16 18 29 20 30 
19 38 16 22 23 16 26 16 24 30 21 21 52 19 17 27 22 31 32 18 26 30 22 9 13 26 13 28 15 29 28 25 22 20 47 10 33 36 17 24 12 16 26 25 28 24 34 21 21 15 22 28 32 31 14 26 22 14 30 32 
25 33 18 18 25 20 26 24 20 25 17 17 21 24 13 22 19 16 33 19 35 19 15 23 20 27 24 18 25 19 38 35 32 14 49 8 23 21 17 25 11 13 25 20 29 25 26 17 19 19 19 18 25 23 23 18 15 15 20 18 
23 52 14 20 36 19 17 24 21 27 14 28 43 15 25 16 12 35 34 17 29 33 22 25 11 25 29 26 42 27 27 29 31 13 15 23 38 25 9 24 13 21 28 14 27 30 36 20 22 20 11 16 29 23 15 19 22 19 30 19 
40 30 16 15 27 10 15 35 20 33 15 26 31 17 13 29 13 34 21 13 31 27 15 26 15 25 25 17 31 27 38 35 24 23 29 24 34 31 15 18 17 19 27 11 20 18 20 20 30 16 27 9 26 12 16 11 15 16 29 22 
38 38 19 17 27 16 19 20 12 23 24 23 48 13 18 22 15 5 19 13 21 19 25 23 21 18 29 31 41 24 29 34 23 20 29 24 26 28 5 17 9 15 27 23 26 18 24 18 10 16 17 23 20 22 18 22 22 19 29 25 
30 23 20 14 29 14 24 26 14 22 16 17 25 8 13 27 22 40 35 15 36 24 18 31 19 17 21 21 37 16 21 40 35 17 39 21 34 22 12 20 14 9 17 22 39 18 40 20 25 34 21 23 31 21 12 9 7 17 29 26 
38 30 20 11 14 19 17 36 13 31 16 26 24 19 16 31 12 26 30 17 32 27 21 20 12 22 11 24 23 17 17 44 27 17 32 16 24 19 13 14 16 17 26 21 23 31 19 18 23 22 14 21 25 13 22 20 28 18 18 22 
29 29 20 18 30 12 22 26 20 35 22 28 23 17 21 27 18 30 22 17 18 22 22 27 17 20 14 19 42 20 23 40 33 11 33 3 37 29 13 15 11 26 29 23 15 24 17 22 23 32 21 26 23 23 21 13 21 21 20 17 
39 33 17 12 17 16 13 31 25 9 17 18 24 27 22 15 19 20 13 9 17 34 28 21 16 25 22 31 44 19 21 28 31 22 41 23 16 17 17 26 17 25 22 15 21 21 17 25 21 18 23 15 14 15 16 23 18 20 11 34 
45 41 19 12 28 19 19 18 18 24 18 34 30 13 18 20 13 27 35 7 21 26 12 23 9 31 24 14 13 13 20 24 26 9 25 20 19 25 16 11 22 20 35 16 32 24 24 27 9 44 28 16 27 26 19 17 16 21 31 28 
28 27 15 27 25 9 17 26 14 20 35 33 42 14 22 18 15 27 21 11 27 25 14 17 19 28 19 20 25 15 31 40 19 15 36 31 42 5 11 32 18 30 14 22 26 10 21 15 31 36 19 9 17 20 15 11 28 18 31 23 
36 46 12 21 31 16 16 30 15 29 15 31 31 21 21 24 14 39 36 18 36 22 18 22 18 30 22 29 16 32 40 30 25 18 33 29 38 37 18 26 19 14 31 27 26 23 29 15 29 30 23 17 36 27 18 18 19 19 41 27 
30 47 13 13 30 17 14 42 12 29 14 21 41 24 20 17 18 28 28 18 30 19 19 20 13 13 19 26 25 26 31 29 32 18 20 20 20 41 15 20 10 23 24 26 22 21 24 12 25 23 24 22 15 25 10 20 13 15 13 25 
48 38 16 19 27 15 24 36 19 29 21 25 28 18 19 30 24 27 39 13 19 41 13 18 15 32 23 18 52 23 31 19 35 18 22 21 19 21 17 19 11 28 31 19 11 20 6 16 8 17 16 17 25 21 20 18 24 28 26 26 
27 24 15 18 35 17 18 24 20 14 18 25 27 19 14 33 19 36 28 8 12 36 15 33 17 18 21 25 36 20 26 31 26 21 27 30 24 40 17 26 17 30 12 24 34 28 31 13 18 26 14 38 30 17 18 18 29 7 18 28 
33 36 9 8 26 12 20 23 28 26 27 15 26 22 8 23 11 30 21 12 28 9 20 21 14 30 14 18 36 13 22 37 29 24 40 21 39 29 15 26 23 15 26 7 35 29 37 13 25 22 14 26 22 20 16 20 23 12 34 27 
29 26 17 19 33 17 18 23 17 24 20 28 28 16 20 27 14 35 29 13 29 24 25 21 14 35 12 20 29 27 24 51 29 32 26 20 17 25 14 23 11 23 15 10 35 32 33 19 24 29 21 24 22 23 21 15 21 20 44 19 
12 24 18 17 23 22 17 23 28 32 20 27 23 16 19 25 10 28 39 19 34 16 21 21 13 26 22 32 31 31 32 20 30 21 47 23 33 30 15 25 16 25 35 20 24 35 29 18 13 26 19 14 37 18 19 14 16 26 19 15 
25 31 16 16 22 16 17 35 10 9 15 32 31 21 20 25 13 36 14 22 28 31 15 28 13 21 21 25 25 20 32 35 23 11 28 22 38 30 16 23 17 12 29 19 25 20 21 14 19 21 18 20 42 15 19 29 23 16 31 18 
31 21 9 19 30 13 22 21 21 33 18 23 36 28 20 21 27 30 14 18 27 12 20 22 18 23 29 21 14 24 33 33 34 17 22 23 31 25 15 20 19 22 36 23 17 17 20 21 24 29 17 28 32 30 26 16 16 26 12 25 
33 26 15 19 28 15 26 16 14 29 12 22 29 20 17 17 24 41 42 14 32 18 13 24 19 27 26 24 21 21 19 25 35 19 20 19 25 21 13 18 14 21 34 20 25 21 24 25 20 23 26 28 15 14 32 18 18 25 21 15 
29 29 18 22 26 14 22 25 17 38 18 22 46 21 21 41 16 18 20 16 28 34 20 20 1 35 22 18 39 16 9 26 27 20 42 23 41 25 13 33 14 24 10 11 28 25 19 20 29 25 21 22 7 26 27 12 16 27 38 20 
17 37 14 25 32 14 13 18 18 26 20 16 38 25 8 24 9 18 10 16 27 32 8 26 16 18 36 29 13 14 20 33 32 12 29 21 15 19 12 23 16 25 26 27 32 44 31 19 24 38 15 25 22 23 27 7 14 27 33 27 
35 40 12 12 29 13 32 30 20 29 25 29 17 25 17 28 16 27 21 12 21 6 11 29 16 28 26 27 35 25 19 24 28 37 31 9 23 17 18 31 16 17 23 21 43 27 19 15 22 17 12 19 38 12 15 15 18 28 21 24 
34 31 20 13 20 15 9 30 31 42 19 24 34 11 14 26 15 29 33 18 22 33 18 14 16 30 18 20 23 15 25 21 43 16 17 25 41 24 18 24 14 9 21 16 25 14 32 17 15 24 32 24 35 21 18 18 15 27 25 19 
26 45 17 27 21 16 21 17 22 31 16 23 26 13 19 25 2 29 26 15 28 23 12 16 19 31 18 23 24 19 28 36 21 29 21 21 38 33 10 23 19 18 29 17 9 22 18 15 15 21 12 19 21 22 26 22 15 22 23 28 
36 30 14 27 28 19 20 29 25 41 7 20 35 16 19 35 21 32 25 22 43 20 21 23 8 36 26 26 35 20 25 27 37 30 31 10 27 27 13 22 15 20 25 36 23 18 16 13 24 37 19 12 27 24 27 18 20 31 18 28 
33 35 26 18 11 9 18 34 15 24 26 29 28 16 18 24 28 36 25 14 23 30 19 26 23 9 20 17 33 16 24 32 39 13 31 24 38 30 19 31 14 14 21 27 37 13 26 22 17 29 23 22 36 27 23 10 23 7 34 15 
29 25 21 20 13 14 21 36 18 44 16 31 27 21 20 28 17 23 24 8 30 16 11 22 9 31 21 14 37 18 30 15 34 5 27 10 45 31 13 24 12 17 33 18 40 16 24 14 24 29 14 24 27 24 13 21 22 22 8 9 
47 24 12 13 17 8 15 14 20 24 21 27 38 16 17 27 18 22 21 19 41 14 12 26 10 16 16 26 15 21 24 32 30 11 24 12 47 27 14 17 15 20 23 17 42 27 17 21 24 31 17 15 41 16 20 13 26 13 16 26 
23 24 22 24 19 15 16 10 22 37 12 29 17 22 16 24 19 28 10 13 52 11 14 16 11 36 18 23 34 19 16 16 31 17 35 10 17 11 21 26 2 20 24 28 22 22 22 16 22 29 12 28 19 29 20 16 22 21 22 28 
29 16 15 19 31 16 27 21 11 30 20 14 37 21 18 9 15 28 18 17 42 30 12 11 18 28 14 10 30 18 17 27 28 23 27 26 7 9 18 23 17 21 30 16 15 33 17 24 13 33 12 23 31 17 18 24 17 29 28 35 
25 36 18 6 32 23 16 43 20 35 19 32 48 27 29 15 23 33 26 8 26 20 18 21 21 19 32 16 43 27 33 22 24 19 22 18 23 29 13 16 19 20 30 24 32 26 29 18 25 30 10 16 19 26 8 17 11 29 25 26 
30 27 16 10 23 17 6 11 23 31 15 24 19 19 8 30 15 40 27 14 25 29 14 20 18 26 25 18 39 11 31 17 27 20 17 24 33 29 15 22 12 27 34 18 33 23 31 25 25 26 18 26 23 28 18 19 19 25 24 32 
35 38 21 10 30 10 15 18 7 29 15 25 53 16 14 20 24 22 25 13 27 23 9 17 17 10 13 23 32 12 23 34 23 19 31 21 23 28 23 12 18 23 19 29 17 31 17 16 21 23 19 22 17 29 21 12 27 21 23 27 
26 37 17 8 22 19 8 34 17 32 25 7 28 16 26 15 22 38 17 20 24 27 27 17 7 32 25 19 27 15 33 18 34 15 36 24 37 23 13 28 9 15 30 21 34 25 13 14 28 32 13 16 33 25 22 15 17 15 17 17 
27 33 22 25 22 22 9 20 22 24 32 17 44 22 19 15 24 34 33 19 47 22 11 20 22 32 13 17 42 13 21 42 23 27 27 24 44 26 13 16 18 11 29 21 46 13 17 29 24 28 17 22 25 11 16 12 11 25 25 26 
4 32 15 19 23 19 29 34 23 37 17 26 22 13 20 19 23 44 11 17 29 18 18 16 11 30 22 18 25 23 23 27 18 26 32 21 38 33 10 15 12 25 27 19 36 32 30 21 20 28 15 24 28 28 19 17 18 28 23 31 
36 31 23 21 22 14 16 15 22 25 20 20 20 21 18 24 26 17 36 11 28 28 15 28 15 5 19 20 44 19 25 43 14 25 27 21 28 19 17 22 19 24 32 25 23 22 28 14 21 32 10 13 20 21 18 15 29 24 37 29 
46 39 29 20 19 14 18 22 17 27 22 36 25 17 20 23 20 39 34 14 26 29 22 23 15 15 29 20 38 12 38 34 26 26 26 21 10 24 14 27 23 20 23 27 31 20 29 14 26 16 7 13 28 22 19 25 16 30 29 32 
38 20 27 8 17 20 15 21 21 31 28 18 30 22 22 30 16 26 35 20 23 35 9 14 14 16 13 16 32 22 24 18 32 18 36 20 24 31 18 29 14 18 18 20 25 24 26 20 20 22 17 19 45 30 25 17 12 19 37 36 
25 21 14 18 26 16 22 36 28 39 16 22 40 22 9 18 18 29 23 3 17 24 15 16 14 30 21 15 15 15 30 44 29 21 36 16 29 17 19 33 13 12 20 2 29 28 28 14 14 35 27 32 30 15 21 16 14 21 25 22 
19 15 11 26 35 18 22 16 20 26 26 31 22 25 23 18 11 24 16 12 36 23 8 21 11 19 10 20 29 20 33 26 37 18 24 25 31 28 9 24 20 15 37 23 40 28 27 12 27 18 14 21 15 28 7 13 16 19 17 35 
31 35 26 16 36 21 22 15 18 26 24 22 38 18 19 14 24 20 30 17 29 19 12 26 15 20 25 27 21 18 19 41 30 27 8 26 20 12 21 26 19 16 25 23 22 23 22 13 30 28 16 23 19 17 23 22 17 26 22 17 
29 40 22 20 29 15 26 15 28 10 24 13 44 16 10 15 20 29 39 13 15 32 15 23 14 25 26 20 46 30 17 18 21 29 32 25 30 38 5 19 19 21 22 28 22 12 27 16 24 31 25 28 31 21 14 18 24 16 25 18 
30 36 20 20 23 14 20 10 21 20 14 19 34 16 12 18 15 32 27 9 27 24 12 24 14 27 16 23 24 26 27 17 39 15 43 15 29 9 11 17 14 14 29 10 24 23 38 13 23 24 14 32 14 31 9 21 17 22 22 17 
15 27 18 8 34 4 28 24 21 9 16 13 22 13 18 24 22 15 34 13 26 24 14 26 12 41 25 24 16 19 28 30 31 21 25 26 32 24 10 31 17 28 26 21 32 31 21 21 31 24 22 18 18 23 10 18 26 19 34 27 
45 43 21 14 23 20 20 18 16 33 29 31 20 14 18 35 19 28 38 17 38 15 15 22 17 18 26 26 12 15 16 33 24 23 26 20 18 32 13 24 7 14 28 22 27 29 30 19 10 34 21 15 24 14 20 15 19 14 25 17 
33 23 16 19 8 13 15 30 9 15 11 21 25 24 22 23 18 31 31 21 31 31 18 27 12 37 20 21 38 20 29 25 37 7 30 18 18 23 12 18 17 19 40 10 24 25 30 22 13 23 10 18 29 36 29 22 23 15 25 22 
21 21 17 22 24 18 12 36 13 23 17 20 21 23 15 27 13 35 33 18 21 30 19 21 7 34 19 25 26 29 13 43 33 18 43 14 30 23 16 30 7 23 32 20 35 22 37 22 28 31 25 28 16 21 23 15 25 15 18 21 
26 23 15 18 23 20 22 32 23 34 23 24 24 22 17 18 26 35 13 15 26 12 20 14 19 21 33 11 50 27 22 17 29 18 32 28 32 36 19 30 13 11 35 30 26 25 32 18 11 17 18 33 12 31 23 6 18 23 24 23 
33 29 11 20 18 19 14 32 23 34 22 26 41 20 17 26 19 22 20 9 18 20 16 18 18 28 17 9 31 23 20 33 19 14 37 24 34 34 8 30 14 10 7 12 22 22 19 18 22 35 24 19 43 12 23 18 28 21 23 19 
20 24 10 11 24 20 25 24 20 32 7 40 43 14 22 12 28 32 18 15 19 36 9 24 10 26 25 22 17 14 28 27 21 21 22 18 30 34 13 24 16 26 17 10 16 27 14 22 10 19 22 26 30 28 24 14 20 11 25 29 
20 22 17 15 20 19 17 31 19 28 20 28 24 20 19 24 20 26 30 14 40 30 9 21 13 28 21 10 31 28 29 28 30 26 28 20 28 28 17 22 11 26 13 19 18 21 41 13 15 23 20 14 32 37 11 22 24 19 8 26 
28 28 18 9 32 17 19 35 25 36 25 37 37 21 13 27 14 19 23 19 30 24 16 23 12 30 27 29 17 12 26 37 30 15 29 10 32 35 12 24 20 16 29 20 26 15 23 17 16 15 12 13 35 24 12 13 36 9 23 20 
46 45 20 20 27 17 23 28 18 29 14 23 27 11 13 23 17 38 38 19 40 21 17 26 10 20 20 16 20 23 27 34 33 26 22 25 29 14 15 38 23 22 21 19 26 15 33 22 24 34 13 26 19 17 34 16 19 25 39 19 
40 25 12 19 23 17 27 31 19 18 17 30 19 10 18 22 18 23 13 9 30 29 17 16 19 26 17 27 29 9 19 30 16 23 25 25 31 24 21 28 13 28 25 29 27 17 23 23 8 19 22 16 33 8 20 16 23 23 27 16 
38 39 15 13 17 12 22 28 27 30 32 25 23 14 19 22 17 28 25 10 38 9 17 16 15 30 25 13 22 15 29 45 32 20 25 16 38 25 12 20 12 11 17 19 22 21 37 21 18 22 19 24 26 24 24 15 32 18 26 31 
41 33 16 17 27 23 21 4 17 29 21 21 31 18 13 32 18 36 23 11 36 28 11 15 21 31 21 28 44 15 25 39 28 14 29 16 27 19 14 17 13 26 22 28 30 36 29 25 10 26 15 21 31 12 16 17 22 16 15 22 
15 34 19 12 34 14 23 27 19 18 18 28 32 18 15 19 18 23 34 13 22 25 27 26 16 23 20 15 31 11 41 37 24 31 26 27 29 28 11 26 20 22 30 23 34 26 21 31 26 33 16 25 27 19 18 14 15 22 25 19 
17 27 18 16 38 11 15 25 17 19 21 34 34 13 17 25 10 9 20 14 33 33 13 22 20 24 14 21 37 13 27 23 23 21 33 18 27 26 18 17 14 22 20 37 23 31 24 19 30 27 23 21 22 23 16 11 8 22 25 18 
31 24 16 17 27 21 9 35 12 31 15 32 33 20 19 19 5 31 22 12 41 24 23 18 19 28 24 22 36 24 25 34 28 11 20 25 45 25 11 39 18 10 32 16 22 24 21 24 28 36 7 17 21 23 8 15 14 26 35 24 
25 28 6 16 32 17 19 38 22 18 19 14 27 24 16 28 16 29 37 12 10 38 15 16 19 33 25 19 25 16 25 30 22 30 26 18 29 15 17 31 11 16 16 25 27 31 26 14 24 14 19 16 32 20 19 21 19 24 23 16 
27 23 18 17 29 17 14 30 11 41 9 10 22 23 19 4 18 36 27 22 28 15 14 16 17 21 26 21 36 13 31 35 29 29 28 25 38 17 8 27 16 21 30 21 16 30 46 15 11 31 14 28 37 20 20 17 14 14 21 16 
21 25 9 26 16 19 18 39 34 24 16 12 27 12 18 41 15 34 15 16 17 33 16 25 16 32 20 23 25 18 24 28 30 15 8 5 38 38 17 29 17 22 27 30 34 19 31 23 23 27 20 22 20 21 26 13 10 21 27 18 
49 33 16 20 24 12 20 29 31 35 18 26 24 21 17 29 25 38 27 11 27 16 26 15 20 27 19 23 28 22 28 35 30 27 24 23 32 35 21 24 25 16 29 17 21 15 29 20 30 29 24 23 25 21 17 21 19 29 30 21 
34 31 20 14 28 15 16 27 23 41 17 22 31 20 15 27 18 34 35 16 24 26 22 23 17 19 19 30 41 17 30 32 8 21 32 27 22 14 13 13 11 16 25 32 38 29 12 21 25 20 8 16 26 28 19 13 29 20 28 22 
20 45 9 16 16 19 20 46 16 32 26 14 19 17 17 18 17 55 25 23 21 33 14 17 17 17 18 31 20 11 26 41 24 23 23 24 28 13 14 25 12 23 14 16 8 23 32 23 11 26 10 17 27 25 26 8 29 20 33 28 
9 14 20 10 29 20 15 36 20 20 13 23 20 11 9 17 26 17 33 13 8 24 17 29 18 32 15 17 22 15 36 11 20 24 16 26 36 17 17 19 17 18 11 15 42 11 11 20 23 21 20 24 38 23 28 16 21 17 19 32 
38 21 18 14 30 7 16 33 18 36 18 27 31 20 15 28 14 27 45 22 31 19 16 24 10 19 16 22 46 24 23 24 35 16 31 22 27 19 10 33 18 13 22 25 23 23 20 22 20 29 16 20 33 26 18 17 19 17 26 17 
47 40 20 14 28 15 26 27 28 24 15 24 13 22 25 23 24 20 15 3 26 21 15 30 22 22 28 24 16 4 28 21 33 25 27 12 34 27 17 28 13 23 34 21 13 28 17 21 12 34 18 21 31 27 29 26 13 15 30 26 
36 27 20 15 31 18 28 20 27 16 13 19 26 22 13 16 22 26 30 16 28 25 22 22 11 29 16 10 31 26 13 21 11 20 19 18 18 23 16 27 16 22 28 22 17 11 22 16 18 22 6 18 27 24 18 12 19 17 33 26 
35 29 13 16 19 13 29 35 14 19 18 24 15 18 21 26 18 37 18 14 30 8 14 25 18 20 17 23 40 24 23 15 22 16 22 20 14 26 14 27 23 15 28 24 29 18 33 27 21 20 9 19 26 28 17 8 27 14 18 24 
31 25 19 20 22 20 15 34 16 20 11 28 28 23 16 29 11 27 25 9 29 16 20 28 17 26 11 20 19 18 25 25 31 20 39 20 26 21 13 31 12 17 27 25 46 24 24 29 30 33 12 33 23 17 9 17 11 21 20 24 
26 18 20 22 28 14 17 31 17 22 21 26 42 19 26 16 25 33 19 4 15 30 14 10 9 21 20 15 40 28 41 26 35 30 19 19 29 47 11 22 13 17 27 25 31 25 29 16 26 16 6 15 30 28 19 21 15 31 28 24 
17 16 23 19 21 13 14 38 18 42 22 26 23 19 17 26 13 23 14 15 26 21 17 30 20 35 26 18 36 15 29 38 19 24 26 17 17 35 12 28 18 9 22 18 15 24 20 24 23 29 7 18 24 21 19 18 26 21 25 15 
39 29 17 20 17 21 23 41 11 38 25 36 23 11 13 18 12 32 12 15 39 15 26 22 17 24 25 21 26 12 24 27 25 21 32 13 15 21 20 7 21 19 21 29 19 24 13 27 24 30 21 23 26 30 27 19 21 15 23 25 
27 38 25 15 21 14 13 22 22 25 20 30 16 19 15 22 23 31 40 18 34 13 15 11 18 27 18 26 32 8 28 17 17 19 14 23 39 20 11 23 16 14 29 19 43 26 39 20 19 20 7 20 12 26 24 9 32 24 24 16 
37 18 17 8 24 9 21 16 34 34 15 23 34 27 21 24 12 33 25 16 40 23 21 23 10 36 23 15 30 23 34 24 34 16 43 19 30 14 15 28 10 21 31 24 21 14 26 27 18 15 13 34 31 21 21 22 20 9 16 29 
19 30 21 19 22 13 18 30 15 17 26 11 36 13 19 24 3 33 25 18 53 20 22 26 16 29 25 13 32 10 28 35 33 23 28 16 37 22 12 10 17 12 34 19 28 5 45 17 29 27 15 22 25 24 14 19 20 27 18 27 
31 27 16 20 26 22 22 21 24 26 5 33 24 19 27 26 24 27 24 7 26 28 20 24 15 25 33 30 34 20 35 37 36 16 32 27 32 25 13 24 15 16 31 28 27 23 21 17 14 13 10 17 30 26 12 14 20 18 31 28 
23 25 23 15 34 18 6 34 10 11 24 27 22 20 16 26 11 23 40 23 33 17 18 16 15 31 22 33 23 18 19 28 24 22 38 17 32 10 12 32 10 13 18 21 30 27 26 20 20 30 20 22 24 21 26 16 21 17 27 31 
9 15 13 15 16 14 15 31 16 32 27 17 20 10 16 27 15 12 34 13 38 22 10 28 20 15 23 22 38 24 21 29 25 14 40 18 46 28 14 19 16 22 20 20 37 30 23 17 13 38 22 26 30 25 24 15 18 21 22 23 
28 41 21 13 18 17 14 38 16 24 24 21 26 21 21 22 21 25 21 12 17 27 25 20 19 30 28 23 35 28 18 37 25 19 18 15 23 32 19 26 14 17 23 6 36 19 32 22 24 30 20 9 29 42 27 20 14 22 38 28 
34 36 14 9 17 16 28 39 24 22 31 31 40 18 14 16 23 24 27 13 30 25 18 25 10 22 15 21 28 22 26 25 25 26 44 16 37 18 19 29 16 19 25 14 33 13 38 30 9 12 22 15 21 22 21 21 16 23 27 9 
32 22 23 18 17 14 23 35 12 34 28 18 25 16 15 19 16 24 23 13 29 23 7 21 11 21 12 31 35 18 32 24 32 11 24 11 24 22 21 23 16 26 27 14 40 20 26 18 28 15 14 22 25 23 20 19 20 12 28 31 
24 45 15 13 20 24 22 18 23 23 21 24 15 24 23 31 23 34 40 12 23 25 26 32 22 29 15 19 40 34 31 28 23 25 41 26 39 23 18 31 21 19 20 31 29 15 15 16 31 20 23 14 12 18 20 15 22 26 20 20 
46 19 20 15 21 12 16 32 12 36 20 19 21 13 10 24 16 38 43 15 40 29 13 19 14 24 18 31 29 18 34 21 14 17 35 14 23 35 21 30 14 14 22 17 30 17 36 22 26 33 11 20 23 13 19 20 20 12 21 34 
35 25 20 18 16 19 15 10 24 28 14 16 19 11 23 30 20 26 31 9 26 9 3 27 17 28 13 10 28 15 24 26 28 23 13 21 29 30 9 35 21 23 26 15 23 27 37 18 34 39 27 23 20 19 14 18 13 19 18 16 
41 34 12 11 6 19 21 31 28 13 9 16 25 13 17 24 21 20 32 14 46 34 12 29 18 39 14 10 27 19 26 45 33 24 28 13 13 27 19 15 21 20 22 16 31 17 34 17 36 28 16 9 29 18 16 21 13 17 27 25 
32 22 15 17 16 17 19 25 20 17 25 20 29 16 13 11 21 32 35 15 24 25 25 27 19 24 20 19 27 12 4 36 34 23 23 25 31 32 21 17 13 16 20 16 26 18 35 20 27 31 22 18 24 5 22 24 15 14 29 12 
28 44 14 27 16 14 22 47 27 23 19 25 26 25 19 18 15 8 20 16 37 11 20 28 15 21 14 16 22 19 25 41 39 15 34 26 38 24 16 17 7 15 32 20 32 21 7 21 16 23 13 23 30 24 15 23 19 24 21 22 
44 27 24 16 25 17 39 31 26 38 24 24 44 20 22 24 15 25 22 17 28 24 11 17 17 34 4 20 27 22 10 31 25 15 20 26 34 12 13 19 18 22 23 11 28 29 20 17 27 14 19 17 30 22 8 15 22 15 25 18 
30 37 26 19 27 12 25 33 31 22 25 18 39 17 21 21 10 36 27 13 34 13 7 18 22 31 7 29 35 22 25 37 35 19 29 30 33 27 11 32 18 15 20 25 22 26 12 21 19 27 24 23 20 25 21 17 26 30 9 28 
30 36 13 11 28 17 21 22 23 41 22 34 46 15 11 25 14 32 15 19 29 17 14 25 10 21 24 27 19 16 32 33 31 25 23 23 32 35 21 20 16 15 28 29 14 20 29 24 16 21 14 19 14 19 33 15 25 19 37 18 
43 21 19 23 15 14 12 29 14 37 24 27 31 13 20 15 24 44 21 19 40 29 3 21 14 33 20 23 28 17 26 36 28 16 17 26 25 25 11 17 18 21 26 16 19 27 21 28 29 26 18 23 14 24 20 15 22 13 9 24 
37 37 17 14 17 22 25 27 18 36 19 30 10 12 18 22 16 28 42 9 17 31 23 18 12 22 30 25 39 26 35 22 40 19 25 19 38 25 14 22 18 19 36 27 13 25 34 24 27 31 22 29 36 16 16 22 27 15 26 24 
35 32 11 18 21 19 29 34 12 17 21 24 31 17 19 16 6 26 16 16 44 33 12 21 8 26 25 15 16 14 24 50 21 30 31 22 25 18 18 33 13 12 30 23 25 23 26 12 12 30 8 23 13 25 20 15 17 18 22 32 
20 41 15 18 26 18 25 33 20 18 24 33 28 17 20 18 21 41 28 18 35 24 23 9 19 46 22 24 35 34 18 23 22 21 32 29 34 25 15 27 15 17 21 22 12 32 15 28 11 24 22 13 23 18 15 21 28 15 30 13 
37 38 26 22 31 19 31 19 10 31 26 34 33 17 20 20 9 22 17 11 19 15 24 22 16 31 22 21 24 23 18 23 26 21 34 17 25 28 20 35 15 23 22 25 32 25 26 8 25 26 14 19 35 22 16 11 9 21 33 23 
37 23 12 10 17 16 16 25 28 28 23 14 37 21 19 17 24 25 26 13 37 20 10 16 16 31 13 21 29 21 38 27 35 21 41 13 23 33 8 23 17 23 29 8 29 21 14 19 23 32 17 16 42 20 22 17 8 27 37 22 
43 25 17 15 22 20 14 15 22 30 21 16 37 10 15 27 14 21 40 12 43 21 19 31 18 30 4 12 24 12 27 24 19 20 23 20 23 24 14 22 8 17 30 28 22 19 31 16 20 30 23 15 36 24 17 18 27 10 32 29 
25 25 19 8 13 16 16 30 22 43 18 25 40 25 15 23 26 24 26 6 31 25 14 12 19 32 26 21 25 23 25 43 21 23 30 21 42 30 18 21 17 21 32 32 27 23 22 29 24 14 17 21 27 25 14 11 22 20 22 26 
40 45 9 24 18 13 21 20 21 25 23 25 33 17 18 33 24 31 19 15 20 27 3 23 13 32 14 20 31 25 28 30 37 30 38 12 33 22 11 25 17 25 37 23 27 21 30 21 24 12 14 20 23 24 26 27 14 24 27 16 
30 36 23 24 21 14 18 25 16 28 23 15 36 17 12 22 12 28 32 12 27 30 17 25 12 33 7 12 22 23 19 10 36 16 20 22 40 22 19 31 17 28 20 19 24 30 20 17 18 26 21 25 34 19 8 20 19 21 27 20 
35 37 17 21 19 14 16 25 22 25 27 41 26 17 18 24 8 28 22 12 38 22 15 24 18 38 24 23 28 27 19 19 12 13 34 16 31 25 18 32 5 20 38 21 29 32 30 16 28 18 6 23 25 21 32 19 24 22 17 18 
29 31 19 24 31 12 15 28 22 22 28 28 29 17 17 20 18 19 27 17 17 28 12 14 15 34 10 11 30 28 16 36 34 12 25 27 37 27 17 21 17 23 31 15 34 23 21 14 21 17 15 26 20 26 21 16 10 21 30 24 
30 22 12 17 22 21 13 17 18 33 10 25 36 11 30 18 8 25 23 18 30 21 9 24 21 33 25 23 27 13 11 17 30 18 13 28 25 38 6 25 18 22 17 22 37 15 21 26 24 30 18 7 11 27 19 19 16 27 21 8 
30 23 15 20 17 15 6 17 23 28 21 36 39 14 28 27 26 10 24 16 30 32 19 24 15 25 26 19 19 13 31 19 33 11 19 16 39 18 18 31 16 16 13 20 12 17 23 25 15 11 15 30 26 34 16 18 18 31 20 22 
29 42 19 8 20 17 18 25 28 29 29 23 28 16 12 18 23 34 30 9 38 24 13 36 12 27 25 15 26 27 33 39 27 25 30 17 52 25 14 29 17 20 29 24 32 29 23 24 19 23 10 24 24 24 18 25 20 25 17 26 
36 22 17 17 19 20 20 26 17 28 21 34 40 22 20 25 15 38 28 18 22 23 14 22 10 22 17 29 26 20 34 28 42 30 33 17 19 27 16 22 12 20 26 10 27 33 36 11 29 27 13 10 23 12 22 18 25 19 22 21 
43 41 22 12 23 17 12 26 27 17 20 25 36 24 15 26 21 19 36 15 28 29 22 22 13 14 22 22 26 22 45 37 23 18 23 11 31 21 15 19 16 18 26 11 30 20 43 23 26 23 20 25 25 28 26 13 14 22 28 29 
26 37 15 20 32 12 17 40 14 28 13 28 25 17 20 18 16 25 22 8 39 19 12 35 13 26 24 25 38 25 39 29 16 16 19 18 19 29 18 17 13 21 30 15 32 19 34 19 20 30 12 35 11 35 18 20 27 30 23 19 
34 37 4 10 30 13 25 30 20 19 22 29 43 21 14 17 9 26 27 5 27 20 10 19 12 20 15 30 43 13 27 31 29 19 30 27 21 21 14 10 19 22 25 22 20 24 24 10 16 20 17 25 32 25 23 16 21 19 33 30 
29 32 13 22 26 22 14 38 26 25 19 26 23 25 12 30 21 36 17 8 38 18 15 26 8 21 19 14 20 16 33 33 36 21 35 14 19 16 12 28 24 25 35 20 28 24 36 20 13 35 18 19 19 31 25 19 25 23 31 25 
42 26 24 20 15 19 26 31 15 36 19 27 35 9 12 26 25 36 24 20 36 12 27 25 15 31 25 22 28 19 18 40 27 17 24 10 42 31 8 20 17 27 28 25 10 16 31 24 24 25 16 34 17 26 21 20 13 22 14 20 
13 37 27 12 16 17 23 33 20 31 22 41 9 14 21 37 30 31 21 14 35 25 12 22 9 19 19 24 29 32 30 27 29 18 43 26 20 34 19 31 13 6 15 23 35 25 31 15 19 37 19 9 25 19 17 11 28 27 18 26 
26 19 19 16 28 16 16 29 32 29 7 34 14 15 23 17 19 15 24 14 32 28 10 13 16 28 11 19 22 29 18 26 27 14 44 17 10 31 16 19 16 21 29 22 26 8 29 23 21 31 13 25 7 31 20 23 23 21 33 26 
35 31 13 13 22 12 21 40 19 29 23 32 23 8 18 18 14 18 25 14 24 17 10 19 15 18 24 24 27 32 25 40 23 28 21 26 28 26 10 26 14 13 22 18 26 27 32 20 26 25 13 18 20 24 17 17 17 8 26 30 
27 23 24 14 24 12 18 25 17 38 25 23 33 17 19 18 13 18 25 11 26 20 13 21 13 39 24 15 16 27 24 50 36 17 30 30 38 28 15 27 12 22 36 17 24 15 24 11 21 21 20 18 16 34 32 24 28 25 24 36 
47 42 23 18 38 21 14 17 22 46 33 22 34 13 18 23 17 19 48 12 34 26 23 26 13 29 25 17 31 30 26 42 25 22 40 20 22 18 14 25 25 12 23 23 29 24 32 17 20 30 13 19 20 29 15 22 19 27 27 25 
31 36 20 19 27 18 16 26 21 16 23 17 34 15 22 15 10 18 24 10 23 29 14 23 11 14 16 23 28 18 14 43 31 19 26 17 42 23 20 30 15 15 26 18 21 23 18 21 20 23 21 15 23 19 5 11 16 26 25 27 
37 38 11 20 19 18 21 27 24 37 23 34 34 11 16 27 19 26 28 12 24 26 22 34 12 38 29 23 37 22 16 19 46 18 24 18 23 15 19 25 19 14 19 18 33 27 14 23 13 31 18 16 22 21 15 19 17 22 21 14 
25 38 14 21 34 13 22 22 17 29 7 23 28 23 13 35 18 26 21 23 26 17 22 17 13 27 15 24 37 10 27 43 33 9 27 16 47 27 18 19 8 19 34 18 32 25 28 20 19 30 19 16 32 29 23 18 17 9 30 33 
32 26 16 15 29 20 27 28 11 21 18 24 19 17 13 17 15 18 25 11 32 29 26 21 11 32 27 10 31 17 19 15 32 22 35 25 33 27 17 27 16 15 36 15 24 23 20 19 25 34 22 20 13 27 15 16 15 20 33 25 
31 22 15 6 25 21 13 22 21 21 26 32 27 20 22 22 24 35 29 16 30 18 25 23 10 50 23 16 9 24 29 16 26 24 40 24 39 20 15 32 13 19 29 21 26 14 21 18 18 31 15 20 29 14 11 12 16 27 20 18 
16 28 14 15 26 16 22 34 26 18 28 13 33 14 7 24 24 21 39 15 30 19 21 23 11 33 31 24 17 22 30 35 26 22 25 17 25 25 14 8 14 18 13 21 33 19 20 28 32 23 19 23 18 28 31 21 22 16 34 25 
32 38 15 13 19 18 22 25 18 33 20 23 22 16 18 17 13 32 32 19 32 17 18 32 19 34 12 25 10 32 18 41 25 17 35 16 18 35 16 29 21 19 37 19 27 24 30 20 30 29 16 18 11 27 20 20 19 31 30 21 
32 29 12 14 19 15 18 39 18 28 10 32 36 23 19 26 15 33 32 5 9 26 16 19 15 30 22 26 35 17 23 42 37 14 36 15 32 30 17 30 10 20 18 20 29 20 14 21 19 25 16 16 22 19 15 6 25 25 29 18 
35 31 16 22 34 17 21 9 20 29 24 15 20 24 10 27 16 41 15 16 39 22 13 23 15 33 10 22 28 24 15 20 26 23 23 13 25 26 17 22 18 25 28 19 24 15 30 17 24 16 11 16 38 25 29 21 24 21 30 31 
14 23 19 11 26 6 17 31 15 41 12 28 41 15 19 27 11 28 21 11 29 32 22 22 21 33 30 13 18 8 36 34 29 12 20 32 33 33 10 41 13 18 25 14 28 25 21 32 26 33 15 22 15 22 19 21 25 4 28 19 
16 37 19 16 27 16 17 24 17 26 29 15 22 24 18 26 12 32 32 11 25 24 28 3 14 28 28 15 25 19 14 37 34 36 36 25 37 26 25 32 10 16 15 27 29 28 19 18 22 22 23 17 31 23 29 13 21 17 22 29 
30 36 26 6 26 12 27 35 26 25 9 23 27 15 9 19 16 27 40 11 19 26 28 22 15 14 23 22 30 11 33 24 14 21 25 17 23 21 19 21 12 22 24 19 27 12 27 23 22 43 19 23 24 24 24 23 15 24 17 25 
36 34 23 25 20 15 20 7 22 33 16 25 28 31 22 30 16 36 33 10 26 17 22 17 12 27 29 11 38 18 30 25 19 19 31 16 31 25 14 29 14 23 35 13 37 20 36 17 27 20 15 22 32 27 22 21 7 26 26 25 
10 24 16 20 41 10 20 21 21 35 25 29 28 11 12 24 17 26 20 8 26 17 4 21 16 25 23 13 32 24 30 42 27 19 20 31 26 35 15 16 13 20 36 23 18 24 20 17 28 38 11 26 27 29 24 13 31 12 24 19 
30 32 18 14 21 8 22 28 19 15 11 24 32 13 20 33 23 26 36 17 17 25 19 33 24 17 11 17 18 25 19 39 35 13 23 19 25 8 18 31 16 13 20 20 28 25 32 24 16 33 20 22 18 30 21 16 13 19 13 18 
29 23 16 21 25 18 34 35 27 40 15 19 27 19 16 22 22 26 25 8 23 26 5 25 11 27 22 31 14 17 34 30 30 23 26 29 41 31 14 36 15 15 22 24 33 19 22 13 26 37 18 15 34 18 32 19 27 33 11 24 
16 36 20 17 16 18 14 22 13 28 17 30 21 23 17 14 14 7 18 9 24 22 14 23 21 22 13 23 31 34 23 37 29 14 31 16 13 14 17 21 13 20 30 15 34 23 21 14 21 12 21 13 27 37 12 14 20 24 23 34 
36 26 25 10 29 17 24 21 24 16 20 22 24 11 15 17 15 34 20 13 23 25 6 23 14 24 14 23 51 20 17 33 27 23 49 20 39 19 18 14 13 14 16 20 34 25 18 21 24 27 13 28 11 25 18 23 27 17 26 26 
24 44 11 11 22 10 28 28 23 41 23 16 21 19 22 30 11 35 41 11 37 26 15 15 8 33 22 27 40 15 23 42 25 26 29 21 28 17 16 42 12 21 25 21 30 19 17 18 14 24 25 17 19 28 16 20 14 21 22 28 
22 44 22 22 25 16 23 22 10 36 18 13 34 19 21 28 18 22 29 19 27 22 15 33 13 28 28 13 33 22 28 30 34 8 20 19 27 36 14 20 16 20 24 32 6 7 26 13 12 28 7 27 32 30 18 11 27 15 14 24 
20 22 13 11 28 11 25 24 23 47 27 33 27 28 21 23 26 38 31 18 22 20 17 22 15 30 23 20 29 26 29 31 29 16 32 22 13 29 15 26 16 20 19 22 24 19 17 4 26 23 24 16 29 15 21 16 14 15 24 40 
24 38 19 15 19 13 15 30 25 31 14 19 17 14 12 24 16 22 31 12 32 25 12 24 15 13 19 11 40 24 23 19 30 22 32 27 27 28 18 34 8 19 27 23 19 33 33 19 18 20 23 19 22 20 24 10 24 12 26 24 
32 36 17 18 27 21 19 26 22 33 17 26 16 6 19 36 20 23 42 15 22 23 20 21 17 30 19 22 26 20 21 39 40 34 14 18 24 28 12 27 14 20 25 8 31 23 14 20 21 31 13 17 18 19 16 22 10 21 25 30 
32 51 8 18 15 23 18 38 11 46 15 22 32 16 11 16 8 21 19 9 20 22 16 16 9 27 26 28 25 19 20 50 24 14 20 20 42 17 19 24 17 11 32 17 5 19 37 10 24 24 15 20 33 22 8 21 27 19 26 23 
30 32 20 22 23 10 16 10 16 26 21 27 23 12 6 31 17 21 31 14 19 18 18 15 11 19 13 15 27 23 25 42 10 17 26 19 15 23 14 25 9 18 27 17 21 22 24 18 13 23 18 7 30 12 22 12 19 18 15 14 
29 28 30 24 35 16 20 21 25 55 15 35 39 10 21 17 15 19 30 16 27 36 16 13 13 36 22 12 17 20 25 31 20 27 31 11 45 22 8 24 15 20 41 23 34 23 19 23 23 20 19 18 23 24 24 18 20 24 18 22 
30 30 26 24 23 20 17 29 19 25 21 31 23 20 24 18 23 34 23 6 34 25 30 25 26 11 16 15 37 17 25 26 32 3 39 16 33 43 25 26 11 21 39 25 27 26 21 24 26 23 22 13 11 28 18 8 22 16 20 29 
29 39 16 16 26 15 23 44 21 28 8 41 17 17 17 28 25 17 16 17 38 23 16 23 14 40 22 20 21 14 24 20 29 22 16 9 31 35 15 29 11 23 28 28 29 29 16 19 28 48 8 25 34 9 19 22 14 23 33 21 
39 19 17 13 29 6 23 44 29 39 18 23 27 17 10 17 17 19 37 18 37 16 19 14 14 25 23 20 25 19 29 35 21 32 30 32 25 22 18 28 12 15 37 13 25 24 23 16 13 22 21 24 22 21 19 18 21 19 21 27 
39 36 16 17 28 19 28 30 21 22 22 26 39 21 20 25 11 32 24 26 33 25 9 29 15 21 17 23 31 29 20 34 49 11 31 33 26 23 17 16 18 24 30 14 30 29 32 8 28 29 15 21 2 24 10 11 16 29 29 18 
35 21 24 31 26 14 11 33 16 32 22 40 24 11 24 16 17 30 23 8 26 7 18 27 21 28 17 17 24 31 22 24 15 19 33 32 50 29 19 29 19 23 17 22 31 15 21 16 11 20 15 23 28 28 13 19 30 15 28 30 
44 35 10 14 24 18 16 34 23 19 24 15 23 15 18 25 11 24 33 14 5 16 14 29 18 24 14 23 42 18 25 11 22 23 31 23 19 42 16 23 17 18 28 25 23 20 27 15 26 35 13 18 21 20 8 18 14 11 28 26 
27 18 16 22 31 15 23 47 25 20 22 7 25 19 11 19 19 25 14 9 40 19 13 25 18 27 28 15 18 32 13 26 23 27 40 22 37 23 16 5 15 14 19 23 41 24 30 16 23 25 20 19 29 28 13 18 30 26 16 14 
29 24 16 11 31 15 24 24 23 31 25 24 39 16 26 16 18 35 31 17 34 14 24 19 18 35 26 17 34 16 23 35 25 13 21 28 20 38 12 13 13 23 16 25 49 39 28 18 17 21 23 24 17 20 7 23 21 17 21 30 
28 30 20 21 22 18 23 26 18 25 10 16 13 20 8 22 16 27 41 9 21 23 27 26 11 27 16 28 27 29 32 29 27 22 25 9 28 23 13 22 23 23 22 26 40 25 11 19 30 35 13 11 41 31 20 13 17 23 21 26 
36 41 17 11 23 13 19 12 28 24 16 31 16 14 22 20 18 19 38 17 25 28 24 21 18 18 19 18 29 15 23 42 38 22 36 7 6 26 19 23 13 11 31 22 28 23 15 22 29 36 29 28 24 33 11 19 17 20 25 29 
13 21 11 21 31 17 14 32 26 38 29 32 28 16 24 19 10 26 35 18 36 33 21 27 15 35 31 14 45 34 25 29 29 17 30 21 24 21 16 15 14 21 20 25 19 21 18 22 28 23 14 25 18 25 3 18 13 16 23 34 
22 31 12 17 34 19 25 41 17 20 32 16 32 21 22 11 21 35 28 17 30 21 20 24 25 22 31 33 32 21 33 36 35 35 35 20 36 34 18 16 18 16 14 18 30 13 22 10 23 12 19 19 16 31 11 14 19 16 34 23 
37 15 15 16 19 18 16 28 24 29 21 30 21 11 21 29 15 27 42 13 15 33 16 27 9 36 13 14 33 23 37 7 21 5 23 15 33 18 14 35 12 19 26 21 17 33 12 15 21 39 20 17 21 22 25 20 15 22 32 25 
16 33 17 12 23 15 11 21 15 18 16 21 34 12 15 31 19 25 18 14 34 18 19 22 13 19 17 21 43 26 29 22 32 26 31 15 26 16 11 27 10 22 19 26 34 19 11 15 20 19 7 17 26 27 31 24 24 22 26 25 
22 32 27 20 38 16 23 25 34 24 16 22 38 26 16 25 19 25 29 17 38 25 13 29 17 27 19 13 13 20 28 27 22 30 28 16 28 21 17 19 18 16 22 16 15 21 34 15 25 22 20 32 26 25 18 22 18 28 7 26 
21 27 16 14 19 13 24 23 23 42 21 23 27 18 15 26 8 47 28 17 24 22 16 22 20 23 23 23 31 11 15 29 25 19 18 8 21 12 17 22 17 24 32 14 34 24 28 20 34 20 21 28 20 20 24 23 16 23 39 27 
26 41 17 17 31 10 25 25 26 18 20 34 36 24 8 8 25 10 37 18 44 18 16 19 14 25 11 20 32 25 19 23 18 18 21 12 30 12 13 15 23 20 31 23 44 30 26 16 19 29 20 16 25 25 15 11 18 21 18 31 
32 28 17 20 34 20 20 17 24 22 30 21 24 29 18 27 10 28 20 21 27 29 20 16 19 22 19 23 28 15 21 18 29 23 47 33 37 30 12 16 11 12 24 18 33 29 14 10 9 24 16 25 22 16 30 12 13 16 25 20 
23 29 16 7 19 13 23 14 18 38 30 23 32 16 12 17 26 6 41 10 22 29 15 17 16 35 15 18 22 21 23 21 18 41 27 23 19 20 17 17 10 11 35 27 36 8 22 10 27 25 12 35 26 30 16 17 23 14 19 23 
21 36 13 11 17 9 16 28 14 29 18 22 27 19 15 25 19 28 35 21 34 11 18 31 17 29 20 16 36 12 11 25 35 20 48 21 27 35 14 19 11 21 25 11 15 19 33 18 31 32 21 18 19 28 21 22 14 13 19 23 
45 24 13 15 33 11 16 25 11 18 20 13 29 28 21 17 14 25 16 14 43 20 11 26 15 22 21 17 44 15 25 45 28 24 17 20 35 27 17 14 18 23 22 31 15 25 30 22 19 23 12 23 21 23 14 25 7 28 23 31 
35 41 19 20 39 19 24 22 22 12 22 28 26 16 23 20 23 25 25 12 30 21 12 29 15 25 16 17 27 15 20 25 32 24 29 20 30 24 11 34 18 17 25 26 33 20 14 21 26 34 13 29 23 13 18 13 28 21 30 17 
33 17 7 22 19 21 12 18 20 31 28 27 33 21 13 27 8 31 28 22 37 17 11 21 15 32 15 21 36 19 33 26 43 39 25 24 30 15 4 28 20 7 33 25 41 16 21 17 33 29 25 10 14 23 12 11 22 23 21 23 
23 36 17 12 19 11 24 30 24 22 24 34 14 20 12 32 18 34 31 13 29 20 4 25 21 12 25 17 21 21 24 29 23 20 24 18 20 31 8 32 17 22 19 25 14 27 7 15 21 22 27 35 26 21 18 9 9 16 19 26 
5 25 22 26 33 17 26 22 23 35 20 22 42 26 14 25 20 29 19 17 29 31 21 25 4 27 17 15 28 23 27 26 31 15 30 14 37 28 14 36 18 27 21 32 28 12 25 25 26 34 14 13 21 33 19 20 12 20 25 21 
27 22 6 14 34 12 25 17 19 32 18 37 21 22 15 29 20 25 26 20 33 8 23 17 11 30 22 29 42 16 36 18 16 19 23 24 27 26 9 9 18 19 23 22 21 28 26 21 28 13 16 15 33 22 16 12 20 22 19 21 
38 26 19 11 32 21 12 20 11 26 17 18 18 20 23 34 18 24 34 11 32 17 17 31 22 30 19 21 24 25 41 22 24 25 30 21 29 9 20 17 20 26 34 23 33 27 17 14 31 31 22 23 17 22 30 13 20 25 29 23 
43 30 20 23 42 18 18 25 22 31 10 37 29 20 12 38 6 29 29 19 23 10 13 22 15 23 20 22 33 8 30 10 23 17 31 3 37 22 16 33 18 17 29 22 30 18 26 14 29 27 19 20 21 31 27 17 25 11 30 35 
36 28 20 14 24 9 20 34 17 39 19 26 24 15 24 19 15 30 31 11 40 19 10 18 15 32 31 13 35 21 28 30 23 26 46 24 10 25 9 30 10 23 13 25 18 32 28 25 21 18 12 26 30 29 29 9 26 24 26 28 
37 24 12 14 24 16 11 28 14 31 20 35 34 18 13 29 21 34 42 14 25 19 19 29 11 17 15 26 15 22 15 40 21 18 33 9 19 30 10 13 21 19 24 18 24 23 20 29 29 31 20 23 25 20 22 22 16 20 25 19 
19 27 13 17 36 13 19 12 26 17 21 22 27 13 16 29 27 27 9 19 17 20 17 26 11 28 15 18 30 20 25 39 21 19 39 22 35 23 23 21 16 11 27 19 22 17 23 17 18 28 15 20 27 20 24 19 15 11 25 26 
43 29 21 21 22 15 17 33 26 15 21 30 29 15 14 3 17 28 29 18 19 14 15 23 13 24 28 19 23 23 20 28 39 16 16 14 31 19 8 28 17 24 24 25 34 13 22 19 14 31 23 12 22 32 12 18 10 8 30 30 
31 30 15 13 22 18 33 18 17 24 18 17 37 14 20 22 27 30 21 10 19 16 13 33 10 37 14 27 39 17 16 18 31 24 29 14 31 14 16 24 15 15 42 35 38 25 45 19 27 20 18 22 31 30 16 27 19 16 27 20 
30 34 10 23 18 17 31 31 14 34 16 26 36 12 10 21 14 31 27 23 50 12 21 15 2 36 28 32 43 17 19 37 24 8 19 22 36 21 11 13 17 17 20 19 42 25 26 24 26 26 24 27 27 23 19 18 19 23 10 21 
21 29 14 17 26 19 19 36 18 30 20 30 21 16 15 19 23 20 31 11 37 25 18 14 23 21 24 19 15 20 30 31 24 19 24 20 30 26 11 23 13 18 32 21 31 26 26 19 15 25 21 14 27 26 19 10 21 24 25 20 
21 38 13 20 26 16 32 26 18 34 18 26 34 23 27 32 15 18 35 19 33 22 16 21 9 29 21 16 35 19 17 38 44 20 22 17 23 22 19 37 7 23 19 16 19 33 16 21 22 21 13 25 30 27 15 19 26 24 26 27 
24 17 14 14 39 19 25 29 13 18 16 28 27 25 20 20 17 30 11 20 16 23 17 27 16 38 24 19 24 14 13 23 21 13 16 22 26 20 6 30 12 17 21 28 24 24 40 27 31 27 15 14 22 21 15 23 12 25 24 35 
26 25 20 22 21 15 26 21 27 35 8 26 22 22 17 22 17 30 27 18 33 11 18 25 13 26 17 20 28 21 26 37 25 13 19 22 39 28 15 6 8 24 21 22 24 27 35 26 19 21 17 26 23 24 16 22 13 21 13 30 
26 20 5 18 36 20 19 18 23 29 6 30 34 25 21 17 19 44 38 11 37 23 16 7 21 19 20 18 30 15 30 23 53 17 22 18 31 28 17 40 11 12 36 31 28 28 11 17 27 23 7 15 18 23 20 17 20 27 16 13 
19 30 16 14 31 18 19 20 21 39 29 22 17 18 8 24 16 30 15 20 35 24 13 13 11 24 27 31 15 28 24 38 10 21 22 19 24 34 7 37 19 21 24 22 20 16 28 17 29 25 19 19 39 27 12 9 18 15 35 13 
26 29 19 21 31 16 11 35 11 33 15 29 27 17 26 18 20 31 20 18 12 27 8 7 13 30 13 23 34 27 23 34 14 20 20 26 31 25 17 21 15 26 23 30 17 16 24 18 16 30 14 14 28 27 21 19 21 24 36 20 
29 35 15 13 13 16 27 35 25 27 19 22 35 21 16 25 9 38 40 11 11 19 14 19 12 28 18 29 29 23 44 34 32 12 31 36 46 23 16 28 11 15 35 21 35 23 32 12 21 31 20 17 15 17 20 15 19 28 24 28 
41 21 16 10 17 14 19 29 26 25 26 19 25 16 23 20 20 31 23 16 29 20 17 23 14 22 18 20 34 34 15 39 30 16 22 16 27 31 14 37 5 27 23 24 20 21 20 18 28 21 22 21 31 23 30 16 20 20 23 17 
29 26 23 15 14 24 15 31 24 32 11 15 17 16 19 24 16 36 18 17 32 21 11 25 18 31 28 28 21 16 19 24 21 30 29 28 27 32 18 22 22 20 21 13 21 19 24 22 19 33 15 23 33 20 17 14 17 21 23 30 
28 34 15 21 36 9 16 30 24 28 16 25 25 25 22 29 17 13 33 19 31 21 24 24 16 31 22 26 30 19 15 28 17 19 22 18 25 29 20 19 11 16 25 24 34 23 25 25 25 17 23 15 22 29 29 12 17 18 24 26 
44 25 19 17 31 14 26 21 27 20 19 26 16 21 13 23 25 35 25 5 24 22 9 32 19 17 18 25 36 17 33 22 31 16 39 27 39 24 21 15 22 14 23 15 35 19 24 17 27 9 22 25 13 23 22 21 18 29 21 25 
39 25 11 15 19 14 15 18 19 18 30 33 36 23 8 20 22 32 37 17 34 24 12 18 9 31 18 16 24 21 13 26 14 22 34 11 25 32 10 21 16 22 16 24 36 28 19 23 31 32 21 18 34 18 14 17 13 18 24 26 
26 45 18 18 20 19 18 17 17 36 12 18 34 22 13 22 12 25 28 12 41 17 11 33 7 34 18 24 45 18 16 6 29 18 38 21 23 20 9 26 18 19 28 18 22 18 32 22 26 28 19 27 32 27 24 10 18 16 24 37 
35 29 9 13 21 20 19 32 10 24 11 35 34 26 23 19 27 24 24 17 13 29 22 17 8 30 20 22 32 15 8 36 22 14 19 10 36 22 17 29 16 15 15 21 24 26 8 9 17 10 11 34 19 35 27 8 13 29 31 23 
13 28 20 13 23 21 26 34 20 27 23 19 10 11 14 23 20 38 24 17 38 24 21 21 12 20 20 22 27 12 32 23 24 15 28 20 30 31 12 29 11 23 14 19 35 16 29 21 28 19 20 22 19 21 7 10 18 22 26 24 
24 22 18 19 26 16 23 25 16 22 18 11 35 20 19 31 17 23 35 15 33 21 17 25 14 41 12 23 31 24 26 26 29 26 43 26 23 10 14 37 17 16 25 18 36 27 34 18 17 30 27 24 19 24 9 21 22 20 24 30 
21 27 24 13 20 20 12 22 9 26 10 27 19 12 18 26 11 17 42 16 24 27 19 15 15 22 15 19 38 22 21 23 12 17 39 10 32 17 15 7 3 22 25 26 35 25 14 14 19 31 25 21 18 22 22 27 18 17 17 38 
51 30 13 17 27 14 6 25 15 25 12 33 29 14 25 12 26 38 20 17 34 15 12 19 11 27 21 26 40 12 27 19 33 20 26 22 28 33 10 32 16 6 13 31 22 23 26 11 20 14 9 20 26 19 21 13 11 27 20 29 
35 32 19 26 14 15 23 28 15 25 15 25 35 7 23 7 10 25 38 13 26 30 9 21 13 18 17 21 27 26 30 34 33 18 25 9 38 34 13 24 16 19 22 14 36 31 27 23 13 34 9 23 32 21 17 12 17 23 26 27 
16 28 19 13 14 5 27 26 21 33 10 35 41 16 11 22 21 40 28 17 36 19 13 28 6 42 21 21 15 24 12 35 15 25 30 23 47 25 12 35 18 20 28 13 27 25 9 17 4 17 24 14 29 19 22 14 19 21 21 27 
26 42 15 17 35 13 25 35 21 31 17 19 25 19 13 22 22 29 46 11 26 23 15 20 11 17 21 18 31 24 29 38 28 22 37 24 36 33 17 21 13 24 20 16 25 18 23 16 21 21 17 12 15 33 17 15 16 19 27 24 
27 35 16 13 22 11 18 30 17 24 22 22 32 15 18 36 17 29 30 17 30 29 22 28 19 24 10 26 22 19 28 25 16 21 35 17 25 27 14 20 23 18 26 29 26 21 30 20 24 36 15 12 28 37 10 18 20 25 24 22 
43 31 9 17 37 16 26 35 30 14 22 26 29 25 8 9 16 30 27 12 18 24 15 12 16 17 12 16 32 23 33 26 23 18 26 30 35 36 18 27 20 16 11 17 26 30 16 20 14 27 17 30 15 29 16 12 10 23 49 20 
27 36 11 7 36 15 14 27 18 33 19 25 14 19 14 27 18 25 28 20 37 19 14 23 19 25 25 28 32 18 31 59 28 8 28 20 32 15 10 22 12 11 37 25 11 21 16 19 27 20 20 26 20 19 19 22 28 20 24 28 
11 15 16 13 31 15 35 26 18 20 27 24 30 14 20 21 24 28 23 22 31 20 23 28 13 40 23 25 21 17 14 22 23 25 28 21 33 28 14 18 16 24 16 17 22 9 17 25 24 15 23 25 26 18 25 12 25 36 24 25 
15 18 16 26 17 14 22 38 22 31 22 27 22 18 12 18 21 22 28 9 36 27 12 19 16 33 16 16 34 31 20 12 33 22 40 25 38 31 15 21 21 20 18 13 29 26 27 25 13 21 14 19 16 22 21 18 15 20 30 11 
21 23 18 11 25 16 16 28 19 34 15 19 22 24 20 28 8 17 19 19 21 15 19 21 19 32 15 21 35 16 27 36 22 8 23 5 36 14 17 35 4 15 23 19 38 28 29 21 16 31 13 20 40 30 19 20 20 21 21 24 
42 12 10 13 30 19 26 30 17 30 23 24 25 22 14 25 17 36 27 17 24 28 14 19 15 35 17 11 34 13 32 37 20 21 39 15 17 33 15 31 9 11 22 28 31 24 26 17 25 30 7 14 19 21 22 24 21 27 33 24 
30 33 12 25 21 19 22 37 21 29 30 37 27 23 20 24 10 42 29 13 32 28 24 31 16 25 15 16 44 11 27 30 33 16 37 27 27 26 15 16 17 15 27 22 24 15 15 23 18 28 14 5 21 16 25 18 14 14 29 18 
38 21 15 20 28 14 16 24 20 33 18 23 22 13 19 18 23 26 25 13 42 19 15 12 14 28 18 17 12 25 33 34 18 16 11 19 23 31 15 21 12 18 23 28 26 38 15 23 13 39 5 33 32 23 9 19 22 23 20 23 
29 25 13 15 21 15 29 34 15 41 21 29 35 13 17 23 7 30 37 12 21 25 7 30 10 28 16 20 30 9 36 37 23 23 22 15 18 6 18 20 16 14 37 18 23 24 34 18 24 18 22 20 41 26 13 16 16 17 26 30 
34 26 15 18 31 15 26 27 22 50 23 17 16 16 21 25 10 23 24 15 24 26 21 24 18 41 11 19 29 22 29 29 35 7 24 26 25 30 17 9 18 20 36 27 19 31 26 21 24 17 11 21 18 22 23 14 27 21 23 22 
33 29 20 24 31 12 17 41 10 30 24 33 28 20 30 22 15 20 21 16 18 32 16 23 17 33 22 24 12 26 37 12 21 23 26 17 30 20 19 38 12 24 40 19 31 24 25 16 26 21 13 21 35 17 25 13 20 16 28 21 
38 19 13 12 33 15 19 24 21 16 22 30 24 17 10 22 14 28 24 22 30 24 14 29 17 30 30 21 26 20 27 29 39 25 22 20 26 23 24 33 13 15 30 18 39 19 26 11 30 29 25 30 28 11 22 15 20 24 30 27 
28 25 15 4 25 24 19 34 25 32 14 24 34 22 15 20 27 34 41 15 22 26 19 24 19 31 24 21 33 18 25 35 34 20 27 19 38 33 4 34 15 21 24 18 29 17 26 19 24 28 10 13 30 25 15 21 15 17 28 34 
41 33 20 19 19 18 20 28 6 36 33 24 18 15 14 20 21 23 18 17 34 24 23 18 15 21 20 17 26 21 17 38 31 27 18 28 34 28 17 37 8 10 25 25 13 23 29 15 11 27 14 17 34 32 18 9 27 21 23 33 
22 21 23 18 35 15 25 11 23 28 34 17 18 24 16 17 16 34 37 13 35 26 18 24 18 28 10 25 25 13 25 28 25 16 39 15 27 22 7 27 15 21 14 21 21 16 16 23 31 30 13 20 22 20 20 27 15 13 30 27 
39 31 15 9 19 12 21 36 10 23 18 33 18 13 23 16 18 27 18 16 39 16 26 23 5 27 23 28 30 23 30 33 32 29 10 31 34 18 11 27 16 30 27 22 19 28 14 26 27 26 14 17 16 29 22 19 17 19 17 21 
31 26 19 13 32 19 10 30 10 33 11 30 34 24 14 29 23 36 18 8 27 19 12 18 10 34 20 21 40 22 25 37 7 24 31 17 29 28 15 19 16 15 19 19 29 27 33 14 25 22 21 25 24 19 23 17 20 18 16 28 
21 27 12 16 21 15 34 35 21 21 14 34 43 13 16 27 15 26 15 19 22 30 12 31 13 24 23 21 44 28 36 30 37 19 44 17 32 23 12 30 16 17 25 13 28 31 20 23 29 20 21 17 19 31 24 16 27 19 34 20 
28 45 21 16 19 16 25 28 11 24 26 18 25 9 6 21 21 14 25 16 33 24 24 25 23 17 23 11 31 17 25 38 21 27 25 20 24 27 16 30 24 17 19 26 25 18 30 29 17 25 10 25 26 34 28 20 26 22 25 37 
33 27 21 19 23 22 22 28 14 14 2 18 39 24 21 25 15 40 31 12 32 27 12 15 10 40 15 34 20 24 31 45 18 13 42 16 17 36 25 19 13 16 17 12 32 29 23 16 19 43 21 20 29 21 33 22 17 20 14 27 
32 34 20 8 11 19 9 19 14 22 21 18 19 19 26 18 16 45 44 14 21 17 21 22 13 26 20 29 30 17 26 30 24 8 35 19 24 19 12 19 15 22 35 25 26 29 30 18 15 16 20 15 20 27 10 19 13 15 25 19 
39 17 17 13 16 19 22 35 13 27 13 28 33 22 16 31 13 29 11 14 30 16 10 39 15 26 26 20 25 12 25 30 21 25 29 19 58 21 15 17 17 16 32 32 8 28 18 12 23 24 12 16 14 27 17 9 32 24 30 39 
32 34 17 17 11 16 14 20 19 26 23 34 30 18 22 27 9 36 31 17 30 33 17 19 16 35 30 20 27 17 26 45 21 25 24 12 27 27 11 14 17 18 14 15 32 20 34 25 14 34 15 25 32 9 25 25 19 19 18 30 
35 30 23 11 14 20 21 19 21 22 23 30 20 25 23 24 14 25 31 16 22 18 18 25 20 27 20 21 39 14 35 22 30 20 35 12 30 33 7 20 20 21 32 27 31 17 19 21 25 31 16 18 22 14 12 22 16 23 24 31 
35 36 21 19 23 21 25 8 21 24 18 24 29 20 24 26 15 41 19 14 39 29 27 13 10 27 15 29 29 11 18 30 20 20 34 19 26 25 22 16 17 14 20 21 13 25 36 25 25 31 16 18 27 22 19 21 19 16 31 19 
43 20 17 21 20 18 17 13 32 43 26 27 22 14 14 8 20 39 14 18 19 16 20 29 18 27 20 21 27 17 15 27 30 22 23 21 29 27 13 18 16 23 32 18 23 20 27 25 20 24 13 24 34 17 19 19 24 23 34 26 
30 25 12 16 22 13 27 9 19 33 11 28 34 23 14 26 17 34 32 19 25 24 10 32 10 24 30 14 15 24 22 34 38 13 26 18 41 28 18 35 22 21 29 22 25 20 23 10 26 25 10 19 25 18 13 19 12 23 32 40 
35 31 23 11 33 14 21 37 15 27 19 25 30 14 18 25 22 22 37 15 38 27 24 23 17 22 27 23 39 8 24 17 24 20 18 26 33 22 17 27 16 21 23 23 20 26 19 23 30 22 6 19 24 14 11 20 19 14 27 33 
17 37 18 18 34 19 22 18 13 46 16 21 28 20 15 21 18 14 17 26 14 28 20 21 14 35 28 25 18 23 36 31 31 20 27 14 16 23 19 36 11 18 13 8 29 23 23 23 20 24 18 15 28 34 21 16 18 22 31 32 
9 37 8 20 21 21 19 25 17 21 26 23 33 23 13 27 22 30 34 16 18 31 15 31 17 24 14 19 39 28 18 19 23 11 38 22 19 19 23 9 23 10 29 16 36 24 29 13 20 24 10 18 23 27 26 27 22 18 48 19 
31 28 10 15 21 17 21 19 23 34 28 29 29 21 20 28 11 26 22 13 32 28 19 27 14 32 25 28 20 22 25 25 29 14 11 14 38 29 12 23 12 27 21 13 36 16 26 21 16 18 13 19 32 24 25 23 14 12 23 19 
40 34 17 13 29 12 23 23 15 39 23 18 29 12 11 14 8 25 26 14 37 22 11 23 22 33 17 11 42 17 12 34 32 20 29 19 42 29 10 21 9 23 41 17 25 14 29 18 30 22 23 24 19 10 15 20 20 26 34 23 
32 23 18 16 31 16 16 29 19 24 28 29 35 27 13 14 15 32 25 14 34 22 3 27 19 18 16 19 30 14 20 40 16 23 30 22 37 31 13 26 13 15 24 18 30 23 21 23 21 30 18 22 25 27 12 19 19 3 16 36 
33 39 15 10 19 16 13 41 26 31 21 27 34 11 16 20 30 31 30 16 28 31 15 25 18 35 27 9 29 6 26 25 29 13 28 17 30 27 13 23 13 18 17 15 19 30 28 25 36 30 22 21 31 28 11 21 19 24 19 24 
40 28 23 17 22 16 13 23 22 36 14 19 24 17 17 28 13 31 37 24 41 26 16 24 18 23 10 24 34 12 24 32 26 30 29 21 33 29 19 21 20 16 27 23 4 28 27 21 22 16 15 19 19 24 22 19 15 17 23 18 
23 30 22 26 28 16 22 25 24 35 25 23 28 5 32 26 17 41 29 9 28 19 23 20 16 23 19 9 18 26 33 33 25 25 19 23 28 25 21 24 12 15 22 26 21 29 21 23 24 22 17 19 32 27 18 27 18 23 18 23 
17 18 18 12 23 17 17 45 16 28 24 31 28 23 15 11 13 29 28 18 21 20 18 21 10 25 17 24 20 25 25 17 45 21 14 13 29 24 13 22 6 14 38 21 26 18 33 12 29 26 31 24 36 30 28 24 23 16 21 17 
22 39 17 23 23 9 25 30 14 28 22 28 31 14 17 19 15 29 32 22 26 23 19 27 16 26 11 24 31 16 18 41 26 20 31 26 29 18 13 19 15 15 21 20 29 23 29 21 20 23 13 13 39 30 23 12 12 23 19 28 
24 30 14 18 26 17 12 10 22 34 22 9 33 17 25 24 16 24 13 10 30 13 7 26 18 22 16 29 24 24 17 17 32 18 11 19 33 18 19 38 16 14 21 23 29 28 18 19 35 30 22 15 29 20 25 18 14 15 15 26 
29 36 19 13 28 14 28 27 13 23 18 32 20 16 14 14 15 37 21 15 34 28 20 17 19 38 28 32 54 14 27 38 20 33 12 29 37 30 11 31 16 27 21 28 23 23 37 21 20 38 24 15 33 23 15 8 28 15 21 25 
17 36 7 17 24 21 24 27 18 35 18 31 38 17 19 17 15 24 25 20 4 17 14 37 16 27 21 18 46 30 20 27 32 25 12 21 21 20 17 49 10 24 29 33 24 16 21 18 32 10 19 13 20 23 25 21 12 21 36 27 
27 26 15 21 27 17 9 25 18 30 11 21 44 14 15 25 19 9 15 14 33 14 17 25 11 27 10 24 30 20 24 32 24 10 33 19 25 33 21 24 11 26 15 27 26 38 33 12 29 25 16 28 38 19 27 27 23 17 29 37 
32 43 34 15 22 24 19 26 15 28 26 25 22 12 16 12 17 25 27 12 37 38 20 24 12 35 15 14 24 21 24 36 18 23 24 15 26 32 18 31 11 9 25 26 25 24 18 17 21 42 19 12 28 16 20 24 16 14 20 28 
49 31 12 23 15 10 22 39 13 27 23 27 40 14 23 22 21 38 31 17 38 23 11 29 14 31 20 20 27 16 12 29 32 21 32 23 26 21 9 23 16 20 41 17 19 26 20 18 31 21 21 15 15 12 25 19 18 19 14 28 
30 27 6 9 22 15 22 26 22 33 30 22 37 16 12 17 10 21 15 12 41 34 13 22 20 23 27 24 22 29 26 28 9 14 33 24 27 18 13 33 12 17 31 23 19 32 29 11 16 30 19 26 21 30 13 16 16 31 29 23 
28 21 22 8 36 12 23 28 14 35 32 18 32 20 15 24 20 39 25 12 23 32 13 21 17 25 15 34 36 15 28 25 26 18 13 22 22 31 16 26 13 14 35 14 27 13 18 20 32 25 19 17 34 14 17 18 17 20 26 24 
38 24 8 14 30 16 19 17 17 26 18 36 19 24 21 16 17 26 36 7 22 22 17 17 22 29 21 28 20 8 16 27 27 23 19 20 31 31 14 27 12 19 27 29 29 16 30 21 23 36 15 16 27 25 19 25 26 25 34 32 
43 35 14 12 27 19 10 30 18 45 10 33 21 23 26 13 12 19 19 16 34 26 19 17 17 21 20 23 33 21 20 22 26 26 38 17 38 26 15 28 7 21 25 13 32 20 20 28 31 38 13 29 15 16 25 10 15 18 30 29 
33 9 15 24 33 14 19 29 21 21 16 42 28 18 21 22 11 26 27 13 25 29 18 26 21 21 33 25 56 13 14 35 42 27 33 17 18 24 18 25 14 16 26 22 34 26 22 23 29 30 12 29 13 24 19 23 14 11 17 27 
26 41 16 20 21 17 15 22 24 34 28 19 41 19 20 24 11 22 31 19 44 23 22 18 17 24 12 28 23 16 21 26 26 15 23 19 23 30 12 26 11 12 22 20 30 23 33 11 24 21 11 27 27 29 14 20 20 17 27 17 
26 35 14 16 21 8 16 17 22 27 21 27 47 21 20 12 9 36 28 20 11 24 17 23 12 22 17 18 18 19 24 26 9 15 35 16 6 30 13 24 14 17 20 28 7 17 25 18 6 22 15 31 41 26 21 14 17 22 24 33 
30 31 15 16 32 15 21 23 33 28 28 22 24 17 19 22 14 17 22 6 29 12 15 15 19 32 7 24 26 21 38 28 26 25 35 20 39 29 19 29 14 20 37 20 42 16 36 22 15 22 18 17 22 32 27 15 14 22 37 19 
35 39 20 19 26 17 23 35 17 41 14 19 37 16 16 26 14 33 23 16 38 27 10 18 19 20 15 28 38 21 26 29 25 32 23 19 22 27 16 31 11 18 30 17 34 22 27 18 19 38 23 24 24 22 20 21 20 27 32 21 
26 34 17 23 28 21 19 34 17 30 23 36 29 26 16 11 22 32 35 25 39 30 24 22 13 42 24 23 32 19 19 25 25 20 32 22 38 20 13 17 13 22 30 17 29 17 26 19 15 29 18 11 29 23 29 14 17 13 30 30 
34 34 14 17 29 21 22 39 13 27 16 35 34 23 15 14 20 26 34 20 35 22 13 24 17 21 13 24 37 12 31 28 13 17 22 26 24 22 20 24 13 29 21 26 26 28 26 29 23 26 21 24 21 24 17 25 12 30 32 23 
23 20 20 16 23 18 28 29 13 22 21 31 29 19 11 18 12 43 26 11 31 27 23 23 22 28 21 19 31 13 28 24 27 21 23 21 45 29 19 31 10 27 30 28 31 14 24 16 18 25 11 6 31 32 14 13 20 24 20 18 
36 28 18 18 13 15 24 33 20 27 20 12 9 22 23 38 12 33 26 12 45 13 11 21 15 35 11 16 29 18 42 7 12 28 40 19 39 28 12 17 9 23 21 16 29 35 31 14 16 30 9 22 33 24 23 23 10 17 30 15 
35 35 14 17 26 21 20 30 24 26 19 25 28 28 11 14 22 21 11 14 33 30 23 22 20 11 14 31 28 18 23 42 23 19 34 7 40 33 11 8 17 23 24 20 30 20 20 20 19 25 11 22 35 8 18 10 24 12 30 24 
19 15 22 17 32 11 26 28 18 36 21 10 19 14 23 27 20 35 21 17 29 24 15 22 15 28 18 22 28 13 42 34 30 14 30 23 26 27 8 18 15 22 15 8 34 26 27 21 31 13 12 22 25 22 20 17 23 18 38 22 
28 42 18 19 24 16 24 20 16 29 5 20 35 29 23 29 27 29 38 14 30 24 17 21 11 25 34 19 34 12 36 39 24 17 27 24 43 23 21 25 14 22 31 17 22 19 21 15 19 30 15 21 20 34 33 17 15 9 32 31 
22 14 22 20 23 15 26 24 20 34 21 26 18 24 11 17 20 20 27 16 25 25 8 29 15 27 21 21 16 27 9 27 32 22 18 19 21 30 10 22 16 23 20 24 37 23 25 23 23 28 12 22 24 20 21 19 8 19 22 28 
39 37 9 16 21 22 15 29 17 37 15 18 25 15 22 18 10 22 18 15 22 22 14 30 12 26 27 19 17 18 29 21 36 24 29 15 8 9 12 26 10 23 18 20 30 30 21 19 23 27 15 19 28 28 22 26 14 20 26 38 
31 26 12 18 26 14 11 23 23 33 22 16 28 12 19 19 21 21 32 15 38 21 18 12 10 31 30 31 28 14 41 32 24 10 22 19 33 16 15 40 8 24 19 21 22 20 32 16 26 24 23 20 23 21 29 16 22 18 27 39 
31 29 19 12 19 19 33 29 22 28 8 31 37 14 21 23 15 29 36 20 18 27 21 19 15 38 31 31 30 14 28 13 35 18 30 18 32 22 15 31 14 24 21 28 25 13 18 24 27 42 12 21 19 27 20 20 19 26 26 23 
20 37 18 24 29 22 21 21 23 41 18 30 43 15 16 25 21 9 18 19 38 22 13 31 21 8 14 27 19 23 14 38 17 25 17 16 20 36 19 30 14 18 44 23 19 25 15 22 21 39 18 22 26 23 18 9 18 17 35 27 
32 21 24 18 23 17 22 37 19 28 19 43 28 23 17 21 22 18 25 17 22 25 14 31 14 32 20 39 31 18 21 20 36 9 32 16 26 34 16 17 14 15 28 34 41 22 22 18 29 35 11 23 21 20 11 19 24 13 26 8 
24 30 15 14 29 16 17 21 19 40 21 24 16 13 13 19 20 33 30 17 29 12 21 28 18 9 22 21 32 21 10 37 22 19 19 14 25 29 14 27 22 22 14 17 35 22 32 17 24 44 21 23 29 25 26 13 18 19 37 27 
39 29 18 25 22 18 19 31 27 19 22 32 36 25 10 15 17 49 15 19 42 18 15 18 20 22 19 38 33 20 19 44 35 17 22 23 14 7 14 40 16 23 27 28 29 23 24 20 27 15 25 28 27 23 13 20 15 7 18 20 
27 28 18 16 21 13 16 23 24 14 25 27 23 2 25 29 17 17 30 11 23 27 18 23 10 23 26 25 20 25 37 42 19 18 34 19 37 20 14 16 14 23 21 18 21 27 36 21 12 30 18 20 27 21 23 19 15 20 27 18 
48 39 22 15 24 14 13 21 20 38 18 10 19 13 18 18 7 32 40 14 43 14 27 28 18 18 21 28 27 22 11 13 36 26 29 13 25 24 15 22 15 20 32 27 17 19 16 16 21 31 18 26 21 16 17 18 17 28 18 35 
25 19 14 16 22 24 27 22 18 21 12 33 39 17 16 25 9 19 31 14 37 24 16 16 19 35 11 22 37 6 24 25 34 33 29 11 48 25 13 33 16 20 23 18 26 24 19 20 17 26 18 16 25 27 14 18 12 18 27 26 
43 26 18 20 25 21 28 15 18 25 18 29 24 20 20 23 21 22 18 9 34 18 15 23 19 17 29 15 23 25 21 21 34 22 36 20 20 23 21 21 17 9 21 21 23 26 27 13 22 29 25 13 22 18 24 6 12 16 20 24 
32 32 11 21 30 22 23 20 15 31 26 37 21 17 19 16 26 25 23 6 27 24 21 15 17 24 24 10 27 18 11 50 12 18 33 22 43 32 19 28 21 22 22 15 27 21 25 23 22 24 10 24 13 25 15 21 19 11 17 13 
19 24 19 10 29 21 22 8 23 29 22 24 33 22 17 19 17 33 32 17 34 28 9 30 14 25 21 36 32 20 17 28 25 24 41 17 43 18 9 22 14 23 12 12 31 26 22 18 23 30 18 15 15 24 8 21 14 22 25 8 
37 41 13 16 32 18 23 27 17 20 28 23 35 14 15 18 7 16 33 15 27 33 26 13 16 22 18 20 29 22 18 51 23 20 23 27 29 30 23 30 8 24 26 23 19 29 21 16 13 27 20 18 31 27 19 20 26 15 24 20 
35 31 16 9 51 17 12 31 26 30 13 35 37 20 14 19 18 45 33 7 19 25 17 26 12 18 24 14 28 28 22 32 25 16 17 23 36 26 17 29 19 24 18 14 26 21 26 26 9 31 14 27 38 19 24 11 26 22 27 14 
32 21 17 6 29 13 20 42 19 29 25 16 29 17 22 27 29 33 32 11 31 28 19 27 14 32 14 20 34 26 31 29 31 21 39 26 29 8 13 30 6 23 31 15 31 16 23 19 23 21 20 14 25 32 23 16 19 21 27 28 
34 19 19 15 25 13 25 28 24 28 26 13 36 20 10 23 25 25 12 15 23 25 19 13 14 19 24 34 38 29 25 36 35 12 34 24 30 31 18 29 14 17 8 20 30 29 31 20 17 20 10 19 26 30 10 21 26 21 35 34 
32 17 17 20 37 20 26 27 23 22 23 28 39 13 14 19 13 12 31 12 26 20 21 22 17 15 17 24 29 23 16 31 20 21 30 13 21 36 14 39 24 17 14 22 42 29 26 17 38 20 19 17 32 19 9 25 19 28 28 19 
20 31 19 12 25 14 18 21 26 28 16 14 31 19 21 19 21 18 12 18 39 29 24 9 14 23 23 19 26 25 31 24 26 9 29 24 26 21 12 35 19 22 27 20 36 32 20 14 14 33 26 19 21 10 22 21 24 25 31 30 
29 35 23 18 26 18 23 39 20 38 6 13 35 15 18 20 10 13 24 21 35 31 21 24 13 18 25 29 28 27 19 31 29 23 27 13 18 25 9 26 18 25 24 25 41 16 21 17 16 25 21 24 27 28 19 22 18 14 31 24 
25 25 19 15 17 20 20 28 29 27 14 25 23 11 25 29 14 45 30 16 25 22 4 19 13 22 25 17 32 13 17 37 31 21 26 14 37 24 9 28 12 20 22 6 26 26 14 19 20 31 19 15 32 23 19 16 9 37 19 20 
47 26 20 12 20 17 21 24 25 30 12 19 25 17 22 25 15 37 6 13 26 23 29 13 17 21 25 19 30 27 16 48 21 25 19 15 22 25 17 17 13 26 36 14 35 12 18 9 31 30 23 19 21 11 12 18 24 14 19 11 
23 18 21 13 16 16 25 34 19 24 15 33 27 28 20 36 15 41 22 8 30 17 10 17 13 22 33 11 24 19 28 28 25 8 44 30 24 32 12 21 13 17 26 32 27 15 27 19 6 34 12 26 21 27 23 25 21 25 32 34 
22 27 16 15 21 23 21 32 15 10 27 17 20 16 16 28 12 40 23 14 26 26 14 22 12 36 25 10 36 23 17 37 21 18 30 15 23 10 11 25 14 23 31 31 37 24 30 17 12 11 4 29 21 23 24 9 19 22 15 18 
38 22 13 16 27 14 12 35 18 15 19 34 34 13 20 17 15 40 24 14 28 15 16 18 9 37 10 24 27 12 21 29 45 16 20 28 31 29 7 26 12 19 36 20 17 18 33 14 25 31 17 19 19 17 22 18 16 32 29 24 
28 41 13 19 22 11 25 15 23 31 27 27 26 24 15 17 25 25 18 15 32 26 17 26 18 28 32 24 26 11 28 24 43 27 42 14 24 34 22 36 20 16 18 29 27 21 22 17 31 36 23 11 25 20 12 20 27 12 31 30 
28 27 7 9 33 9 23 29 23 39 21 30 31 16 23 27 21 26 39 19 13 22 10 18 13 24 17 17 28 13 25 29 31 20 35 26 47 41 10 30 11 22 22 20 18 30 24 19 35 22 20 12 18 25 20 19 22 7 28 38 
33 31 22 20 33 17 13 28 16 32 29 36 32 17 5 18 17 18 30 18 37 21 16 20 15 29 15 11 49 29 21 39 39 20 23 31 24 30 9 29 15 19 26 30 32 23 26 22 30 20 18 26 12 21 21 15 16 19 26 25 
30 27 14 17 22 18 15 25 17 26 23 21 33 16 10 39 17 20 27 22 25 26 22 22 18 22 21 18 31 21 22 19 41 13 27 23 22 36 17 17 24 24 36 27 19 27 17 10 23 38 25 15 45 23 21 19 16 28 23 26 
32 25 12 17 22 18 23 15 24 20 27 17 22 14 14 16 19 32 29 12 25 27 11 17 17 26 9 13 40 16 31 41 20 23 32 17 41 23 14 16 9 21 14 28 24 30 11 10 19 28 22 20 15 26 24 8 16 16 25 20 
40 51 14 18 33 16 11 32 28 27 15 23 27 15 23 32 17 26 36 14 31 14 18 15 23 25 21 15 42 14 33 8 22 22 36 30 40 32 15 24 16 22 19 27 26 24 29 23 18 20 9 3 20 29 28 23 27 8 31 23 
27 29 18 16 31 18 13 38 19 27 15 29 24 15 16 20 21 29 21 21 44 22 13 24 20 34 18 13 30 26 12 27 25 17 22 10 36 20 11 25 9 17 34 25 32 33 26 21 19 22 18 27 21 27 14 18 16 23 28 28 
17 32 17 18 4 16 25 19 21 24 9 23 30 10 25 34 19 23 31 20 30 26 13 27 12 29 24 34 31 21 22 32 25 21 24 22 35 19 17 22 12 18 19 26 31 23 25 16 26 21 14 17 29 28 12 21 23 17 19 44 
33 35 20 25 13 22 31 28 29 26 21 21 35 26 15 25 16 32 31 14 34 30 20 20 9 14 15 18 31 12 16 27 16 20 23 23 31 38 11 19 15 13 35 20 27 26 20 28 16 24 21 15 20 14 18 20 11 22 24 16 
31 37 9 28 37 27 30 31 17 32 18 30 33 20 16 16 10 37 14 9 24 16 27 25 18 14 26 23 32 20 27 36 30 19 19 16 33 26 18 28 15 10 28 16 37 32 38 15 21 35 23 33 16 23 10 16 23 23 23 20 
29 30 17 15 26 16 20 29 20 25 22 20 32 11 20 23 23 28 20 13 29 15 14 20 19 25 25 19 16 26 28 28 28 16 30 28 24 23 14 32 14 18 24 15 37 27 29 22 31 21 20 10 15 21 19 19 17 16 15 29 
35 32 15 26 29 15 14 35 16 27 22 13 31 21 12 18 17 44 26 20 6 17 21 12 12 41 21 10 26 20 20 26 28 22 37 25 32 25 24 26 20 17 20 23 30 14 21 23 26 44 16 15 27 20 22 14 18 25 26 27 
31 17 19 14 38 15 21 41 17 25 10 24 29 21 12 29 22 28 36 14 22 29 5 13 12 20 21 17 24 14 28 30 30 18 30 16 17 17 8 31 12 19 18 23 35 15 20 20 19 34 11 20 17 20 20 22 14 25 25 16 
24 20 16 19 29 11 31 23 17 17 32 28 24 17 11 21 21 35 33 14 21 19 17 22 14 39 6 26 27 23 18 30 20 19 28 16 29 18 18 24 10 27 35 19 30 18 20 20 16 25 8 27 40 20 19 12 19 17 29 19 
26 20 25 15 21 16 22 46 12 14 13 19 38 18 17 32 12 34 24 10 29 30 10 21 17 33 19 28 31 23 17 31 29 22 20 25 24 26 19 30 19 17 28 35 35 29 23 18 20 31 7 18 19 24 19 19 8 25 33 24 
32 29 21 28 31 14 12 38 15 30 20 26 26 14 18 23 22 37 36 21 39 23 23 18 22 21 16 19 54 21 20 21 31 10 27 12 45 19 18 19 18 23 40 19 34 26 15 12 26 24 18 20 29 19 19 15 24 32 18 25 
16 43 20 14 32 18 19 26 17 27 24 31 29 23 23 42 16 26 20 12 16 25 21 23 8 19 30 30 24 22 34 14 37 26 23 22 33 16 12 11 15 19 26 26 29 12 20 14 31 31 17 19 28 23 23 18 18 18 24 17 
19 20 19 17 27 21 17 36 25 26 15 30 25 16 15 17 17 24 16 14 28 28 12 32 9 24 19 16 23 22 18 38 30 20 51 16 26 26 13 36 13 17 22 31 18 16 16 9 25 11 10 17 18 20 19 17 18 16 34 20 
20 38 14 24 26 15 23 49 20 8 25 29 26 24 14 9 19 25 19 9 23 32 11 18 13 32 16 23 32 23 18 18 37 24 38 16 29 26 9 34 18 14 15 22 34 26 18 9 24 24 17 24 25 34 27 15 17 18 25 22 
25 38 13 11 13 18 11 20 22 26 26 27 17 26 26 22 18 36 34 17 31 30 12 21 9 29 14 21 28 27 29 33 22 22 28 17 40 24 10 20 21 22 22 24 28 26 24 23 20 25 11 23 23 27 20 14 22 22 25 33 
27 35 18 19 23 14 28 38 11 31 9 19 36 21 18 18 23 38 47 17 20 21 3 25 14 24 14 23 44 18 29 38 27 25 27 23 29 20 17 28 22 22 28 22 31 24 23 23 28 29 18 28 25 14 22 16 19 17 30 20 
27 28 11 18 28 23 20 19 14 30 25 28 33 14 9 24 16 32 24 12 32 21 16 25 9 30 17 21 44 32 19 24 20 15 25 24 29 24 18 24 15 23 34 22 33 18 16 24 24 17 26 18 30 28 18 14 17 31 21 28 
16 37 12 16 18 17 24 28 5 26 26 15 19 17 17 20 15 26 26 19 39 18 18 26 16 28 22 19 24 26 31 27 21 28 29 13 24 12 14 40 25 31 23 30 20 27 21 19 19 31 12 19 34 26 11 23 28 30 18 30 
22 27 26 18 34 17 18 30 30 22 19 21 26 18 14 22 11 39 27 19 32 12 13 26 20 29 27 16 24 24 26 28 33 24 30 18 34 19 8 18 14 25 24 26 7 29 37 21 22 22 14 26 30 20 32 16 18 26 19 28 
43 15 14 15 19 18 16 23 23 20 11 34 26 15 13 19 16 41 26 13 40 31 11 17 18 22 9 18 20 10 31 26 23 20 27 12 31 26 23 33 12 15 28 29 30 28 22 18 27 18 24 7 15 32 10 17 25 24 24 35 
27 42 20 15 24 12 17 49 14 17 16 14 37 10 13 25 20 31 14 14 35 18 15 20 13 23 13 28 36 12 18 29 14 9 34 19 37 21 11 26 11 17 27 19 25 28 33 21 12 40 24 30 27 27 8 22 22 8 24 36 
21 29 16 26 30 13 17 20 16 32 23 30 26 17 19 30 12 24 29 11 30 17 24 23 15 26 23 25 27 22 26 38 28 18 36 13 37 26 13 21 18 16 30 22 43 37 41 7 11 11 18 32 27 16 15 11 28 24 15 25 
62 15 22 18 20 20 31 41 16 25 20 41 36 12 26 23 27 29 22 11 29 31 22 32 13 33 8 26 34 21 17 30 35 30 33 15 29 34 15 32 10 28 21 25 18 25 29 26 19 37 13 29 36 14 14 17 12 19 33 22 
29 31 19 18 21 11 15 16 22 32 14 21 18 12 16 28 22 38 39 9 29 26 16 32 24 26 16 35 27 19 37 24 27 16 19 23 30 28 14 20 14 20 19 28 28 17 28 17 20 20 23 13 20 14 22 15 35 31 46 27 
19 38 7 16 29 14 17 24 21 34 15 29 32 11 21 32 19 25 34 16 28 4 22 27 18 23 21 18 34 26 13 27 33 15 23 23 45 24 15 22 13 22 6 27 32 27 16 16 19 48 15 25 20 25 14 17 23 18 25 30 
18 30 15 12 29 17 21 26 26 33 26 13 36 30 12 22 18 27 28 11 31 30 7 23 21 23 25 26 49 21 12 24 28 7 26 16 30 22 14 24 14 21 25 16 34 26 16 22 10 18 7 28 16 39 17 19 19 30 35 23 
21 21 18 12 20 19 31 29 21 33 26 26 20 18 10 24 19 25 37 17 43 14 19 18 14 36 17 29 25 8 16 31 21 15 45 9 36 23 22 36 20 22 27 18 24 21 39 25 19 23 16 19 20 23 27 17 15 22 31 17 
45 40 12 18 11 19 22 36 16 43 14 26 40 17 8 21 18 28 28 6 33 20 18 22 10 24 22 24 35 31 31 33 28 22 24 29 39 29 10 21 18 14 37 21 41 26 18 18 28 33 17 6 30 18 16 17 8 34 24 27 
23 29 7 21 22 13 22 21 17 22 23 19 13 19 18 29 9 18 36 10 37 28 18 34 20 26 19 30 27 12 23 31 17 19 19 21 35 28 12 28 20 17 20 23 17 12 24 14 19 32 15 19 17 33 10 26 24 19 28 31 
26 34 17 14 17 14 24 25 11 40 18 32 33 22 17 22 19 24 32 18 22 24 10 14 9 28 26 27 38 14 20 30 14 21 27 19 17 25 6 33 12 26 21 12 17 15 32 15 23 27 12 27 28 20 20 22 27 26 21 27 
29 27 21 20 22 18 22 30 20 26 22 17 29 25 13 18 16 29 23 6 34 18 13 21 9 20 11 29 14 17 14 28 25 11 21 25 30 29 11 36 20 18 18 19 44 23 33 17 19 27 16 15 33 22 20 17 18 18 27 13 
40 25 19 9 20 10 22 17 11 25 15 11 24 16 18 13 23 23 35 18 28 10 24 30 10 20 14 20 31 22 37 32 12 29 33 17 37 31 17 20 17 21 26 21 11 28 29 24 24 26 11 20 25 24 17 18 28 23 34 32 
41 18 24 17 27 17 22 24 19 19 24 27 28 10 11 27 19 25 45 17 29 21 11 20 21 37 24 19 30 21 37 34 27 21 17 19 30 24 20 30 16 9 31 12 15 21 24 14 16 20 13 29 25 22 18 11 17 18 14 21 
10 12 20 17 20 21 9 20 23 33 12 24 35 21 23 22 15 34 21 14 41 29 11 18 16 13 20 24 32 31 18 30 24 23 24 21 26 22 6 23 16 20 22 19 26 18 22 19 20 20 16 20 21 33 14 23 17 13 41 17 
32 26 8 14 30 19 24 27 18 41 10 22 20 19 18 21 18 21 29 24 27 12 23 27 22 28 26 23 31 11 31 30 37 27 23 2 24 33 13 18 21 21 17 12 34 14 22 30 20 43 18 18 15 28 25 27 19 22 20 27 
20 32 20 17 24 17 18 23 26 44 16 29 17 13 11 30 18 20 42 9 23 20 18 26 18 20 29 19 26 20 33 45 26 26 21 24 17 14 17 25 15 13 31 10 31 27 21 16 31 29 15 26 19 19 27 7 19 23 29 29 
22 31 14 23 30 22 10 11 20 38 15 34 30 7 9 21 25 17 35 16 45 31 20 25 16 29 9 20 42 12 26 29 25 21 22 28 18 33 8 32 5 20 33 16 28 30 22 22 23 22 15 18 17 20 29 12 17 34 28 15 
29 29 19 12 28 11 13 31 18 22 19 15 34 14 12 33 7 36 22 20 22 24 20 26 15 22 21 13 19 28 28 18 41 28 33 27 33 28 17 30 20 21 32 17 26 36 23 22 16 36 22 18 14 21 15 18 11 25 18 20 
29 30 20 22 30 13 23 16 22 50 28 32 32 17 13 39 19 23 22 13 23 24 16 27 16 41 27 16 28 31 30 53 28 23 27 17 16 26 19 31 16 10 33 38 26 19 13 17 20 28 5 22 28 19 20 23 20 24 38 21 
13 14 28 12 25 14 7 30 18 42 24 37 35 28 17 15 15 16 19 9 39 23 14 28 10 40 20 9 28 17 22 39 36 26 28 17 23 25 16 24 18 20 30 24 25 35 17 18 18 28 14 19 19 16 26 10 22 26 18 30 
25 26 12 25 33 12 20 28 16 39 9 33 23 25 23 17 12 38 30 16 16 25 4 23 18 16 18 17 38 23 16 28 25 11 46 31 33 13 14 23 9 18 31 19 40 20 23 25 17 30 16 19 29 11 23 29 18 21 21 27 
24 14 22 15 32 10 21 35 17 36 21 16 19 12 12 13 18 39 29 17 28 35 21 28 14 37 28 8 11 13 19 23 36 21 33 20 37 27 14 32 14 12 26 26 26 30 23 19 20 32 20 9 26 24 18 10 23 10 22 23 
28 25 13 10 29 14 24 40 8 16 20 40 12 24 16 22 11 17 20 17 25 27 3 19 17 32 21 36 23 15 18 22 16 26 33 18 29 16 19 22 18 23 22 14 13 27 31 17 24 40 17 11 24 17 39 25 20 5 32 18 
34 20 9 21 25 14 17 23 17 41 20 35 32 14 16 31 12 30 28 16 36 23 23 18 17 25 16 18 28 14 29 35 32 11 31 12 20 26 22 30 11 24 25 19 12 12 34 22 23 34 10 23 22 24 12 17 28 30 25 12 
21 21 13 13 24 11 18 21 19 20 10 35 18 24 9 18 24 32 36 15 30 29 20 32 16 19 13 19 22 15 11 30 38 16 37 18 37 15 9 26 11 18 25 10 27 29 29 15 10 29 13 26 15 25 18 19 18 19 28 18 
45 37 17 22 30 16 31 41 21 39 14 23 23 12 20 13 14 15 38 18 49 26 23 17 10 27 24 22 29 28 24 25 39 24 39 22 42 21 12 18 14 17 30 25 39 29 18 17 17 26 21 28 30 18 25 23 11 29 25 8 
41 36 18 22 13 11 18 25 19 20 19 32 26 25 15 18 24 25 20 15 34 29 5 31 13 34 9 25 16 17 41 33 29 28 23 25 18 26 14 29 11 11 11 31 29 19 25 26 30 27 24 26 25 29 21 22 16 22 28 16 
36 31 8 18 17 15 23 28 18 11 15 29 27 28 20 15 15 22 27 17 34 36 19 19 12 34 15 20 26 23 12 39 27 18 22 26 20 29 12 37 14 12 29 21 36 27 23 16 27 30 19 24 37 24 20 20 19 15 22 27 
40 16 9 16 28 19 19 21 19 18 14 26 20 18 20 31 17 22 35 19 37 17 24 28 18 29 27 13 46 18 13 21 29 15 38 24 42 17 9 31 23 17 26 10 21 20 29 24 23 23 16 22 19 18 37 13 16 29 35 19 
42 18 14 26 25 14 23 25 22 24 16 32 36 22 21 28 12 27 26 16 33 27 12 21 15 18 25 20 46 20 22 29 32 30 37 34 15 40 12 13 19 18 26 24 29 27 19 11 32 20 10 21 14 28 15 25 15 13 20 28 
43 30 18 19 21 17 26 11 19 34 14 26 26 27 16 28 16 29 29 13 32 32 23 22 13 22 9 20 31 10 25 22 31 24 11 28 47 32 18 19 12 26 21 19 21 29 22 11 21 26 13 27 31 22 10 18 21 20 23 25 
34 24 17 21 28 13 12 30 23 35 14 25 34 19 15 25 13 16 24 13 20 19 19 20 10 17 29 13 34 30 11 53 19 15 36 13 30 26 11 30 10 14 28 31 21 23 31 27 6 21 16 19 30 28 25 15 6 27 19 19 
29 25 15 24 18 17 31 25 17 34 25 6 28 14 17 32 27 29 34 18 23 27 18 26 12 32 15 16 46 13 21 46 25 15 40 26 32 25 25 24 20 26 41 30 33 28 21 20 24 30 18 16 26 16 15 20 12 32 9 24 
40 15 14 19 16 12 18 26 11 36 20 11 31 19 19 26 10 26 26 15 15 21 16 14 17 19 12 22 23 23 31 24 6 24 9 16 37 33 20 34 15 18 23 18 32 27 23 25 21 25 15 24 31 18 23 17 17 26 17 22 
33 24 25 19 26 14 12 23 8 21 22 28 21 22 14 20 5 29 27 10 34 18 21 22 23 23 22 17 27 11 20 32 17 19 35 35 27 29 24 26 10 18 41 17 25 29 30 20 17 31 16 20 21 27 16 13 13 29 35 26 
33 23 16 18 26 13 18 31 12 30 15 34 22 20 20 38 18 25 32 13 24 36 17 9 14 23 19 33 21 15 23 29 33 12 40 16 27 17 17 24 18 18 44 26 36 22 32 16 20 23 17 11 18 18 22 12 19 18 27 27 
29 34 21 15 23 17 27 27 19 32 11 21 33 19 16 24 16 30 31 7 25 24 25 21 9 29 14 13 37 29 24 42 9 11 30 17 30 18 19 29 28 25 13 17 42 21 29 21 19 20 21 17 24 19 15 15 20 13 24 8 
13 20 13 20 33 14 21 21 12 45 20 27 20 13 15 33 6 25 32 16 33 31 18 22 15 23 22 13 21 22 36 36 18 25 19 20 17 21 22 30 18 18 16 22 31 25 33 23 24 19 9 10 27 30 24 12 20 12 29 32 
50 18 19 21 11 16 18 33 10 28 25 11 27 20 25 31 14 30 27 21 27 19 19 28 23 26 31 26 26 22 7 30 26 22 41 19 42 19 12 26 15 12 33 26 27 12 30 27 29 24 16 17 26 37 25 10 15 20 35 31 
12 24 19 14 31 14 19 15 17 39 25 30 38 12 16 19 6 26 19 13 22 18 16 29 14 22 20 16 23 19 15 19 41 13 14 33 32 13 20 21 17 17 25 16 36 23 31 20 32 27 17 21 31 21 16 18 18 19 42 32 
41 27 13 19 40 24 15 25 16 32 22 43 28 18 18 35 4 33 33 15 24 20 14 14 11 19 26 14 29 14 25 39 32 16 24 21 42 24 17 34 13 15 27 27 30 25 22 23 32 24 15 26 13 20 8 14 18 25 32 25 
30 32 19 14 19 12 16 15 24 29 20 27 32 24 24 24 14 46 15 15 27 24 15 23 9 25 27 30 31 22 18 31 10 23 36 23 39 21 16 12 10 18 17 37 35 32 30 14 26 19 12 17 30 26 20 20 23 11 23 15 
48 19 17 7 24 16 10 28 19 24 20 31 20 18 22 15 6 35 28 17 18 27 22 30 16 21 18 17 34 21 38 23 15 27 43 17 37 14 20 31 19 15 19 17 37 19 34 20 20 17 21 19 26 10 16 17 18 18 29 15 
34 42 23 14 16 19 15 32 16 35 15 26 25 18 7 11 16 32 25 17 32 20 10 26 22 20 35 17 13 23 24 29 49 22 31 12 33 20 14 17 11 22 37 16 37 30 33 11 16 22 20 26 25 22 17 15 25 16 15 32 
37 43 12 16 27 20 9 20 23 42 16 18 14 21 11 15 18 37 21 10 27 30 18 17 9 24 29 6 8 16 23 18 40 20 30 10 44 31 12 30 15 31 35 25 24 30 34 17 21 32 10 21 18 21 17 17 12 16 27 19 
19 33 15 21 34 14 21 28 16 41 15 34 45 23 20 22 15 29 25 16 42 26 13 24 13 41 24 24 22 17 25 22 26 13 20 20 35 31 14 17 13 15 24 31 24 26 20 16 13 22 22 20 37 16 31 16 25 25 18 33 
41 44 17 16 27 15 20 32 25 33 23 31 33 9 13 30 22 26 19 16 24 27 30 27 16 30 23 18 39 18 16 27 33 15 28 21 29 24 7 23 16 26 10 33 43 28 21 15 18 14 18 14 21 25 21 10 20 16 36 23 
31 40 24 20 27 22 24 29 23 30 19 30 44 20 22 27 16 42 22 5 20 21 23 13 8 17 16 18 43 21 9 26 20 20 28 21 31 23 12 26 8 17 27 15 25 27 23 23 19 38 19 20 25 25 17 23 15 20 28 33 
35 36 12 18 34 13 16 19 15 30 23 31 36 5 21 16 13 28 23 15 29 19 21 25 4 30 17 15 33 22 24 32 23 21 31 18 33 27 4 26 16 13 25 19 28 24 23 14 11 24 19 17 27 17 18 4 16 20 28 30 
29 38 27 11 33 12 13 21 20 25 27 19 22 18 11 22 18 31 30 12 34 33 14 21 15 29 22 28 32 28 20 39 17 26 30 27 27 15 21 27 18 27 27 27 27 28 25 9 31 26 15 11 34 23 19 17 17 33 27 28 
36 33 7 19 40 8 14 36 11 28 30 14 35 19 29 23 20 33 18 15 34 24 16 22 14 33 26 26 34 15 26 39 26 21 12 20 16 18 16 33 9 21 20 27 27 29 13 12 19 17 15 22 23 28 15 14 17 28 21 20 
14 24 15 17 26 17 12 39 14 11 22 34 36 16 9 5 17 27 28 14 39 18 26 25 18 33 25 19 42 21 30 40 13 21 20 24 14 21 18 33 15 21 43 24 35 26 21 22 23 17 17 21 21 25 16 19 19 14 17 35 
16 32 20 21 25 20 31 26 30 34 24 26 27 19 18 22 27 16 29 16 21 22 18 13 20 36 13 18 24 24 26 28 23 11 16 23 7 28 16 39 17 15 31 30 29 12 18 17 17 30 16 16 32 23 23 24 13 22 24 22 
20 33 23 14 19 10 12 46 17 28 18 28 16 19 10 29 21 27 22 16 25 21 11 21 16 22 14 16 34 13 26 20 21 16 38 26 26 19 15 21 19 21 29 19 20 26 31 18 21 34 12 17 28 17 29 18 27 15 26 25 
30 29 24 11 30 10 17 26 17 33 19 16 37 17 21 23 7 33 43 12 30 17 15 19 8 27 14 30 29 21 27 21 35 27 40 17 23 35 12 22 10 11 33 26 21 24 14 20 21 28 23 31 19 19 5 16 14 14 28 24 
43 20 21 16 27 13 23 26 17 17 12 34 23 6 17 23 21 26 30 16 20 30 14 20 15 27 20 15 31 18 26 18 30 22 34 18 24 26 22 32 16 7 28 35 19 20 26 20 31 26 21 9 35 16 22 29 26 28 18 24 
30 47 12 11 22 20 37 20 18 25 13 38 31 19 15 24 20 18 19 7 34 20 14 31 16 21 10 18 43 31 24 28 23 23 40 28 6 21 16 17 18 23 29 17 31 23 31 23 18 24 18 17 20 18 24 20 26 16 35 22 
26 31 13 14 38 13 22 32 15 34 23 26 20 16 20 31 21 42 18 17 37 28 23 22 14 15 16 20 24 25 27 41 32 17 43 12 25 23 16 36 16 22 26 23 31 27 19 13 16 32 14 19 31 21 21 13 20 15 37 19 
28 33 18 9 29 13 16 22 17 29 20 11 38 17 29 17 11 32 12 17 25 32 16 15 17 28 21 19 24 16 21 50 40 16 30 21 32 31 14 23 18 17 27 30 16 15 18 9 25 24 19 16 29 18 19 15 9 26 28 15 
30 23 17 13 37 21 23 30 17 34 17 28 23 20 17 31 15 30 34 17 25 28 18 23 13 28 8 24 38 14 23 18 37 19 29 13 25 30 13 21 15 22 17 24 33 23 34 15 26 19 20 18 28 20 10 15 16 32 31 21 
40 23 18 17 26 13 11 11 14 30 29 26 43 29 16 23 13 30 34 14 39 24 20 20 15 30 15 17 22 16 28 40 30 20 22 12 27 31 20 28 11 19 28 17 24 27 28 14 26 19 11 28 17 18 23 5 16 17 27 29 
35 17 17 24 17 16 10 27 13 25 20 20 25 16 15 28 9 35 21 23 27 31 15 27 11 35 21 27 24 20 23 27 22 15 37 28 51 28 9 14 9 19 24 16 25 23 23 17 21 25 18 15 25 28 21 13 24 29 30 23 
20 22 15 20 30 19 18 37 13 38 12 23 46 19 17 28 9 32 29 23 27 26 18 20 10 17 23 27 44 19 32 40 18 28 25 25 32 31 9 26 17 23 32 16 19 30 34 23 23 23 18 26 37 29 19 18 14 29 26 22 
20 18 13 16 16 16 19 44 15 18 26 24 23 14 13 22 13 21 16 16 27 31 10 20 8 38 18 14 28 25 29 28 35 17 31 25 30 36 8 19 15 25 25 12 18 22 19 15 27 24 18 23 37 24 13 26 19 10 24 28 
34 23 26 8 31 15 27 21 23 24 10 24 29 22 19 17 9 28 25 21 26 16 18 26 18 24 24 18 25 22 20 34 35 21 22 27 38 41 17 29 17 21 21 28 29 27 28 23 18 28 25 29 20 34 24 17 13 11 33 28 
25 24 27 23 22 15 22 9 11 29 12 14 17 16 23 27 19 32 43 10 39 30 19 36 14 32 17 27 40 24 44 32 19 19 29 20 22 21 13 23 22 27 24 18 21 27 16 16 17 34 14 30 18 10 23 6 15 21 20 28 
22 22 16 25 25 12 25 28 22 25 19 19 43 18 13 29 15 22 23 17 36 31 17 32 18 35 17 19 19 18 16 17 36 35 24 30 18 17 6 11 11 21 31 21 43 18 13 22 24 23 18 10 19 35 23 28 22 19 26 17 
20 25 20 12 25 18 14 20 17 31 18 17 25 15 27 30 11 18 27 15 27 23 15 28 19 40 14 25 15 24 23 31 38 27 32 11 19 26 16 28 7 17 24 25 18 32 15 18 17 32 26 24 22 22 13 15 14 17 28 25 
39 27 13 11 28 14 16 24 22 19 15 32 31 8 16 23 11 27 17 12 34 24 18 17 10 28 21 17 32 31 28 27 37 19 15 7 24 33 15 27 7 27 34 24 28 15 24 15 16 34 21 36 37 18 18 18 10 12 20 30 
23 34 20 20 18 15 17 22 15 23 21 18 37 19 12 20 11 27 31 17 31 22 17 22 18 26 13 10 33 23 23 24 36 15 37 18 25 24 9 20 19 24 28 35 30 36 29 24 22 28 22 18 32 29 21 9 11 17 30 33 
26 38 25 15 19 17 18 22 17 31 25 26 20 21 14 24 25 33 33 9 21 32 12 15 6 16 12 23 41 28 30 29 42 14 30 15 26 19 16 22 13 20 15 22 39 19 8 23 20 21 11 15 45 18 18 25 15 19 25 25 
29 26 26 21 22 15 16 35 25 19 25 18 30 16 18 21 20 32 22 15 31 25 21 24 12 21 17 8 25 18 24 33 23 25 30 17 36 20 10 15 19 11 27 38 28 17 35 12 19 25 23 5 15 29 13 14 10 17 33 29 
39 33 20 25 19 17 25 31 13 32 23 23 25 6 18 22 15 34 50 17 30 27 13 24 16 32 22 25 39 27 31 39 20 15 31 27 17 14 22 24 20 17 31 23 35 30 18 27 34 25 20 19 23 30 19 6 17 20 30 22 
26 28 16 22 37 26 16 43 15 40 32 16 25 18 19 11 23 35 31 21 37 31 18 16 11 28 18 17 39 30 14 43 23 20 17 29 23 37 17 12 17 15 31 11 26 20 29 19 24 21 17 22 14 20 11 14 11 17 25 22 
35 38 28 14 20 21 22 22 23 26 17 32 26 20 19 18 15 24 32 20 13 16 9 18 20 20 19 13 19 20 16 18 25 20 32 23 35 19 15 26 18 19 31 23 31 24 29 25 11 26 14 19 37 16 21 19 25 25 12 15 
37 20 12 19 27 14 31 29 8 35 15 27 32 25 22 22 24 30 23 16 38 15 15 28 14 26 19 18 22 26 21 37 29 16 32 25 29 21 11 23 9 22 31 29 26 24 31 26 20 14 23 20 15 23 6 16 28 22 13 21 
30 35 14 20 39 15 23 34 13 28 18 20 21 19 13 14 21 28 20 23 34 25 13 32 17 19 20 23 31 31 24 47 34 31 22 16 42 31 22 32 21 29 19 28 23 28 27 23 30 29 22 26 23 18 23 20 21 20 40 13 
37 39 10 5 14 23 18 25 13 41 19 25 30 16 22 13 23 23 32 10 11 27 16 19 22 32 11 29 48 12 17 31 34 16 37 22 44 32 12 28 7 27 18 31 26 29 22 15 27 17 22 24 26 29 23 13 24 23 23 20 
32 21 21 10 26 13 18 16 21 24 18 25 22 18 20 20 23 31 9 17 44 23 12 24 15 21 24 26 52 20 24 31 15 24 17 23 29 25 14 19 15 13 37 25 17 16 27 16 26 23 14 16 31 23 22 21 27 29 22 22 

MachineCapacities:
MachineID Capacity
0 10
1 10
2 10
3 10
