NumTasks NumMachines NumScenarios
10 2 30
TaskDetails:
TaskID ReleaseTime ResourceConsumption SuccessorsCount Successors...
0 0 4 2 1 4 
1 0 4 10 1 4 
2 0 7 7 0 
3 0 3 6 0 
4 0 3 7 0 
5 0 9 8 0 
6 0 1 10 1 8 
7 0 4 6 1 9 
8 0 6 6 0 
9 0 4 4 0 

27 8 16 25 11 13 21 8 10 15 9 19 31 19 7 3 8 19 19 26 
21 27 21 13 12 22 8 14 16 18 7 26 21 2 12 14 13 12 26 19 
25 22 27 28 8 20 22 8 7 22 11 20 38 23 10 7 13 17 16 21 
22 24 15 24 14 15 24 17 26 13 12 30 14 26 12 6 8 16 22 11 
19 32 19 23 6 18 28 22 21 18 11 16 30 19 8 9 11 19 17 21 
27 27 21 25 9 20 13 10 19 17 8 15 17 21 4 13 17 24 24 18 
15 21 14 16 12 17 26 11 14 15 9 5 17 14 8 8 11 24 21 27 
26 25 15 22 5 12 34 12 8 13 14 15 22 26 6 10 14 15 21 19 
28 24 16 22 13 19 30 19 18 11 18 15 35 12 11 11 12 13 12 31 
16 22 22 16 7 20 39 13 17 14 14 29 26 26 12 14 14 24 24 25 
33 25 27 30 14 22 34 15 17 13 11 14 27 21 8 15 19 16 21 20 
34 16 16 16 11 14 27 14 14 11 15 20 35 20 11 6 13 19 16 29 
18 20 21 22 12 15 8 13 19 16 9 24 30 12 13 13 13 19 29 30 
15 28 14 16 15 19 22 14 17 13 18 22 32 20 13 8 9 25 23 20 
24 33 19 31 13 15 14 12 14 12 16 15 28 19 5 8 16 22 18 21 
12 27 14 28 13 20 16 21 12 15 12 12 27 18 8 9 12 11 18 16 
33 15 2 18 9 24 48 20 18 16 15 20 21 14 14 15 15 16 29 22 
22 17 24 27 11 22 34 18 13 17 7 12 30 20 7 11 16 25 22 19 
23 24 21 7 8 9 29 22 10 14 10 21 29 23 15 11 8 27 30 10 
24 28 16 15 10 14 22 12 21 14 6 9 26 13 10 12 15 28 22 19 
33 24 15 17 6 14 18 8 16 7 5 23 31 17 9 10 17 23 18 30 
32 19 16 12 5 16 21 18 15 10 7 17 37 15 9 13 14 28 10 15 
30 22 21 15 9 23 20 13 21 22 9 18 17 19 6 10 18 23 7 27 
37 17 11 24 11 17 27 19 21 19 7 18 14 16 11 12 11 31 21 12 
20 25 20 24 8 12 24 18 13 18 14 24 23 18 12 12 16 26 20 11 
9 27 16 18 8 18 43 13 13 14 12 14 26 17 14 10 13 19 16 24 
27 32 18 25 10 22 21 19 18 20 15 25 46 13 7 19 12 21 18 21 
32 20 16 20 10 19 20 9 27 14 6 24 35 10 9 11 16 23 17 21 
30 28 27 14 6 14 37 24 18 10 12 12 44 14 8 8 15 28 24 18 
19 13 13 27 11 16 27 12 22 14 7 22 38 13 8 13 11 22 27 20 

MachineCapacities:
MachineID Capacity
0 10
1 10
