NumTasks NumMachines NumScenarios
10 2 30
TaskDetails:
TaskID ReleaseTime ResourceConsumption SuccessorsCount Successors...
0 0 5 6 0 
1 0 10 8 1 4 
2 0 5 4 0 
3 0 9 2 1 4 
4 0 5 6 0 
5 0 4 8 3 7 8 9 
6 0 10 8 0 
7 0 5 8 0 
8 0 9 7 0 
9 0 7 9 0 

15 12 12 15 26 31 16 16 16 28 17 11 8 37 17 18 15 22 16 9 
21 9 15 23 31 20 15 14 14 28 16 13 11 37 27 20 12 17 24 10 
15 13 9 35 29 32 14 26 21 24 25 16 19 33 22 14 14 24 25 11 
10 9 8 27 14 31 13 16 20 28 19 10 12 28 18 25 12 29 26 10 
11 9 11 22 27 22 9 23 23 44 35 9 18 23 26 28 14 32 24 5 
23 11 15 28 27 19 15 21 20 43 33 16 14 27 16 36 16 20 19 9 
31 10 19 46 30 22 16 15 16 36 33 9 11 21 18 20 18 34 23 7 
15 9 11 35 30 14 9 25 17 14 17 12 14 19 19 27 19 24 22 8 
23 11 6 20 25 28 12 8 26 29 16 14 16 24 23 24 13 27 27 13 
21 4 12 27 16 23 10 20 26 23 19 13 14 25 18 21 17 32 21 11 
23 10 10 35 28 10 21 17 14 27 23 11 19 30 18 19 15 34 42 9 
13 9 15 34 29 29 16 24 16 33 13 13 13 11 24 30 17 31 23 15 
19 10 11 34 33 33 16 17 29 28 20 12 12 18 12 22 10 32 19 10 
26 12 12 38 29 12 16 17 24 31 22 12 8 33 14 16 18 44 22 5 
18 7 14 37 26 23 16 22 25 21 31 10 12 13 17 29 10 31 22 12 
25 13 10 24 36 32 13 9 12 21 33 14 14 31 14 33 12 23 29 12 
21 7 12 31 19 19 17 16 20 31 27 14 21 41 27 34 14 24 22 8 
20 8 23 27 32 33 22 15 24 26 25 13 13 36 24 22 14 22 21 7 
24 9 12 25 21 21 17 18 17 24 17 16 15 38 36 13 15 27 15 9 
20 9 12 36 25 30 14 21 16 39 25 16 19 30 16 24 12 27 20 10 
9 4 15 33 17 15 20 19 34 29 13 15 14 30 12 15 13 22 21 3 
22 6 11 21 28 40 13 16 28 19 34 14 15 30 12 29 13 30 16 7 
16 12 16 7 13 31 8 13 30 24 24 14 8 32 20 20 9 38 18 10 
19 8 15 44 28 16 16 11 22 26 29 18 13 15 22 19 18 20 22 9 
24 14 11 46 35 34 20 11 22 32 25 13 16 32 26 18 13 18 20 11 
13 11 13 33 14 24 14 13 21 32 23 12 17 33 16 29 17 23 20 12 
21 8 12 32 19 17 12 11 22 38 21 11 11 30 24 27 17 34 28 12 
10 9 12 35 32 40 17 22 17 19 15 12 8 25 24 17 11 28 21 5 
16 14 13 44 19 17 6 20 22 26 29 11 8 25 12 24 19 27 21 13 
24 11 11 29 25 30 19 25 20 18 30 17 9 26 18 34 19 24 14 9 

MachineCapacities:
MachineID Capacity
0 10
1 10
