NumTasks NumMachines NumScenarios
10 2 30
TaskDetails:
TaskID ReleaseTime ResourceConsumption SuccessorsCount Successors...
0 0 2 1 0 
1 0 5 5 2 3 4 
2 0 9 8 1 4 
3 0 3 2 0 
4 0 9 7 0 
5 0 5 3 2 8 9 
6 0 8 1 1 8 
7 0 8 3 0 
8 0 4 2 0 
9 0 4 2 0 

19 8 9 25 6 18 19 17 16 16 15 9 17 11 20 41 11 20 14 23 
13 10 11 15 9 18 24 16 15 11 13 18 25 39 14 15 10 17 23 18 
24 15 15 19 23 31 12 18 22 15 14 12 29 29 31 35 10 27 12 16 
15 11 7 26 16 25 20 14 19 17 13 15 15 36 27 20 6 16 29 19 
13 9 9 17 13 25 16 10 12 18 23 6 28 25 29 23 13 23 24 13 
20 16 10 26 17 32 18 16 17 16 9 15 22 24 32 33 13 6 21 23 
15 11 12 30 22 32 15 17 14 23 20 9 28 31 24 15 10 26 24 32 
19 15 12 24 8 27 18 11 11 18 15 15 22 28 28 23 16 15 17 5 
17 16 4 29 8 30 23 13 15 13 23 13 24 16 25 27 5 18 30 20 
14 13 3 29 13 33 24 12 17 15 15 14 26 41 26 23 9 13 31 24 
17 12 15 23 16 14 14 10 14 16 13 12 18 15 35 15 7 19 8 15 
18 10 8 33 14 29 27 21 15 12 17 15 31 29 31 30 13 27 21 27 
20 14 11 30 22 39 16 19 20 17 16 12 34 23 28 12 10 17 14 10 
20 13 12 15 16 20 29 17 17 22 21 8 22 28 24 24 14 23 28 30 
11 13 9 25 7 24 19 20 9 15 13 18 23 19 27 16 12 21 28 15 
25 8 5 31 13 30 17 16 12 22 16 13 8 22 16 38 12 27 30 20 
18 9 11 29 10 21 22 12 12 13 19 24 20 23 30 31 14 28 24 16 
19 13 10 27 24 19 28 15 13 22 23 20 19 26 27 34 10 14 11 32 
18 15 11 23 13 31 21 17 15 9 25 14 29 24 35 25 10 32 19 11 
16 9 10 24 16 28 20 21 13 18 17 19 18 28 36 15 7 29 12 18 
24 18 9 26 12 36 25 11 15 24 9 23 22 30 29 37 6 9 9 24 
20 14 12 17 20 17 24 9 15 22 16 10 31 25 16 25 8 30 21 11 
11 10 11 35 18 33 25 16 19 25 16 17 25 15 28 32 10 25 20 28 
26 15 12 30 13 34 24 13 8 15 13 13 22 16 14 18 4 19 14 26 
11 12 11 18 17 32 11 22 22 8 11 9 20 33 33 30 6 18 10 21 
12 11 7 23 19 19 20 18 10 18 15 7 24 21 22 36 12 14 19 19 
22 16 13 20 11 39 19 18 16 20 17 15 21 28 33 27 9 19 27 16 
23 11 10 19 12 19 21 21 12 16 15 14 21 24 20 25 17 24 23 18 
20 15 7 21 12 35 23 20 17 23 20 24 23 22 10 23 7 22 18 14 
9 17 13 27 10 30 17 11 13 16 15 20 25 17 16 37 15 14 16 19 

MachineCapacities:
MachineID Capacity
0 10
1 10
