NumTasks NumMachines NumScenarios
10 2 30
TaskDetails:
TaskID ReleaseTime ResourceConsumption SuccessorsCount Successors...
0 0 6 5 2 2 4 
1 0 9 3 1 4 
2 0 7 7 0 
3 0 9 6 0 
4 0 7 4 0 
5 0 3 3 0 
6 0 1 6 1 9 
7 0 4 8 1 9 
8 0 7 2 0 
9 0 7 7 0 

16 32 39 10 37 21 33 20 33 42 38 9 15 32 16 13 14 14 19 20 
15 31 34 13 31 8 29 25 42 21 19 17 8 27 8 7 15 17 19 14 
20 20 35 16 8 26 26 37 36 16 30 11 16 25 21 16 10 15 20 18 
6 31 32 18 29 17 25 28 28 28 34 16 17 28 17 11 13 27 20 20 
18 36 34 12 34 6 20 28 27 21 31 7 17 19 21 12 12 28 18 22 
8 24 28 21 36 19 20 9 37 30 23 11 11 20 19 13 4 19 21 14 
25 19 24 16 25 18 24 10 24 23 34 8 14 29 24 8 10 23 32 9 
12 24 34 16 22 11 39 26 24 33 24 12 15 19 29 11 11 21 22 10 
19 25 14 18 38 10 23 29 24 3 35 16 17 27 13 11 11 24 33 23 
20 17 19 14 35 12 31 26 23 22 8 21 29 15 19 7 11 17 23 16 
15 34 30 14 17 16 25 25 14 31 30 8 16 24 25 9 16 15 22 14 
13 22 35 15 25 13 26 31 22 26 18 16 15 18 17 11 10 20 24 22 
12 14 35 14 13 20 42 38 24 41 28 11 14 26 9 15 8 16 27 21 
29 28 24 8 26 20 35 23 36 30 26 10 16 27 13 11 12 25 35 15 
17 31 29 16 26 12 35 5 36 24 36 15 16 30 28 9 14 21 30 18 
17 31 16 14 18 13 22 22 36 17 24 15 15 26 11 11 13 23 34 14 
21 26 28 19 31 15 27 37 22 25 24 9 20 24 34 8 19 17 31 14 
19 26 25 9 23 14 31 28 39 29 49 13 12 12 30 3 9 24 13 14 
15 20 34 9 16 18 24 29 17 16 37 11 8 24 26 15 13 29 16 10 
6 35 28 14 32 17 35 21 41 22 38 15 14 20 25 10 16 23 20 14 
18 31 33 14 22 17 29 25 32 21 27 8 12 33 13 8 14 21 19 19 
17 21 26 23 25 13 30 28 29 46 29 18 16 16 22 11 12 19 31 11 
12 27 17 14 8 17 18 35 24 17 31 17 21 24 22 10 15 17 30 18 
17 26 22 17 24 19 22 24 29 29 28 10 20 21 20 9 9 14 20 15 
20 30 22 7 35 18 27 27 35 14 23 10 21 29 15 5 12 17 31 10 
10 21 36 4 26 24 21 27 43 20 45 10 16 17 19 13 9 22 21 23 
17 28 32 18 37 18 26 26 41 22 22 15 23 21 17 17 15 21 27 21 
17 26 25 19 28 10 18 33 21 34 34 14 16 19 16 17 13 12 19 20 
3 16 33 11 25 21 26 33 14 14 11 13 12 18 28 12 15 17 18 15 
18 30 43 19 23 20 35 27 21 33 39 12 18 24 22 8 13 21 31 14 

MachineCapacities:
MachineID Capacity
0 10
1 10
