NumTasks NumMachines NumScenarios
10 2 30
TaskDetails:
TaskID ReleaseTime ResourceConsumption SuccessorsCount Successors...
0 0 10 5 0 
1 0 4 6 2 2 3 
2 0 9 9 0 
3 0 6 5 0 
4 0 4 6 0 
5 0 5 5 0 
6 0 3 9 0 
7 0 9 10 1 9 
8 0 9 3 1 9 
9 0 3 5 0 

20 19 32 33 25 25 13 17 15 30 14 27 18 5 29 14 28 19 16 30 
17 22 19 29 19 20 19 21 30 24 12 36 32 14 21 20 37 26 21 15 
12 15 15 22 13 23 28 25 25 25 18 44 25 26 13 19 35 31 21 15 
14 7 36 35 24 27 16 23 23 19 10 39 26 20 31 18 35 29 11 24 
18 8 36 34 39 9 18 15 32 24 28 30 23 17 35 24 36 30 22 22 
14 16 29 17 21 31 26 33 30 22 13 42 21 16 29 20 31 29 17 23 
20 18 29 33 35 20 16 21 26 31 10 34 36 25 14 14 39 12 19 31 
19 15 30 31 23 18 24 32 18 31 11 35 32 21 32 16 23 24 20 16 
18 8 16 21 21 7 18 22 32 26 15 27 32 28 10 15 12 26 20 11 
20 16 27 20 39 24 20 20 27 26 13 31 22 19 33 22 31 30 32 26 
21 18 23 31 25 20 17 22 33 25 21 25 29 18 30 23 26 16 13 23 
10 22 32 22 32 30 7 26 28 15 19 34 20 13 29 19 27 34 28 5 
21 16 27 32 19 15 16 12 28 14 20 12 24 19 24 17 26 23 14 14 
21 19 30 27 34 8 27 20 29 25 14 39 15 19 28 23 15 25 22 29 
16 24 25 27 25 23 22 23 27 22 17 38 11 9 22 24 17 28 20 32 
14 16 19 20 26 29 21 26 18 31 10 17 34 22 26 26 29 28 18 26 
19 20 18 23 23 33 16 19 12 22 8 22 27 24 32 19 24 25 24 12 
29 14 19 42 35 19 16 28 23 15 12 36 32 21 20 22 31 34 17 18 
13 26 25 33 34 30 16 19 25 23 14 16 21 22 30 18 10 8 2 21 
22 22 24 35 36 15 15 27 32 17 17 20 29 27 23 23 38 16 19 12 
17 22 16 19 31 14 10 21 29 20 15 40 30 25 31 20 15 16 18 24 
19 16 27 25 23 25 18 13 26 21 22 27 35 18 21 21 30 17 6 25 
15 19 29 33 26 30 25 20 27 23 14 23 29 20 27 27 28 21 18 28 
22 25 29 32 37 25 22 20 11 22 17 28 14 25 19 24 13 20 12 19 
8 18 19 25 13 15 11 29 35 22 17 30 21 18 27 11 17 23 18 29 
18 22 23 26 22 16 12 22 27 23 14 15 30 23 24 20 28 22 21 22 
12 12 21 21 31 32 13 22 13 42 25 27 24 29 25 28 23 23 25 21 
16 17 30 38 36 19 17 25 27 26 14 39 20 42 34 15 28 14 20 19 
18 22 39 16 21 20 27 21 34 22 18 29 32 14 19 18 20 25 22 27 
16 11 33 40 37 20 20 29 14 29 19 24 43 19 18 16 17 15 17 24 

MachineCapacities:
MachineID Capacity
0 10
1 10
