NumTasks NumMachines NumScenarios
10 4 30
TaskDetails:
TaskID ReleaseTime ResourceConsumption SuccessorsCount Successors...
0 0 4 5 10 8 1 1 
1 0 9 5 6 2 1 3 
2 0 8 10 4 8 1 3 
3 0 5 8 9 7 1 4 
4 0 2 9 5 7 0 
5 0 5 1 2 5 2 7 8 
6 0 9 2 8 3 1 7 
7 0 9 7 3 5 1 9 
8 0 1 8 8 3 1 9 
9 0 2 2 4 4 0 

22 29 13 34 14 32 13 16 22 7 20 8 13 28 31 26 10 13 38 17 18 35 16 36 18 9 13 16 20 10 13 20 8 26 5 14 16 25 5 23 
32 30 19 17 10 11 12 16 15 11 28 24 11 34 23 26 12 14 24 14 12 24 14 32 28 26 20 23 33 14 19 16 14 33 7 20 9 28 26 47 
15 40 22 30 7 22 11 16 27 8 27 25 13 30 19 13 13 18 33 23 14 30 13 21 24 20 17 33 25 9 19 27 9 24 6 14 4 31 9 24 
21 33 27 24 13 17 7 21 17 17 35 28 15 44 25 31 24 9 24 20 20 32 15 33 20 21 22 26 37 10 8 21 10 20 12 34 11 28 21 30 
45 29 24 22 15 25 14 14 27 15 38 14 8 36 31 22 21 13 16 24 14 35 12 12 33 15 16 34 27 6 17 23 15 19 15 13 12 38 21 24 
30 24 20 28 11 27 14 16 27 17 32 24 12 32 8 29 21 6 32 28 15 39 16 41 33 15 17 27 22 5 13 14 9 13 8 26 11 32 27 26 
35 28 23 34 11 22 14 22 14 8 33 19 10 36 27 27 20 15 24 27 15 31 8 30 20 13 21 21 24 10 18 21 4 21 15 27 13 21 25 32 
21 22 16 21 9 2 13 10 14 2 19 18 10 46 40 27 18 12 26 17 17 25 15 28 32 16 19 25 26 13 7 22 9 13 15 37 8 23 25 28 
27 33 24 15 13 18 15 12 15 12 34 19 13 25 23 12 18 23 30 14 12 39 11 27 25 17 19 22 24 7 19 21 9 27 9 14 8 25 22 13 
30 15 33 28 13 17 15 20 13 8 31 18 16 35 26 33 24 14 28 11 8 27 10 25 32 6 16 31 25 11 12 27 15 32 12 21 8 30 25 32 
31 14 29 14 10 20 15 14 26 8 37 23 15 34 19 20 17 13 15 11 8 23 12 35 35 23 21 22 11 10 15 25 9 20 14 20 9 11 19 21 
26 33 25 29 10 15 16 7 14 11 38 19 11 26 26 29 26 18 26 18 13 11 9 34 19 20 15 35 28 6 15 19 14 26 11 11 6 30 19 37 
19 16 14 23 16 15 9 15 13 16 18 17 11 32 24 25 17 9 40 23 10 29 9 28 34 12 33 29 19 13 12 21 17 24 11 28 4 18 16 28 
31 29 26 28 9 14 13 14 17 12 29 20 21 23 29 20 18 24 22 24 4 38 5 38 34 11 21 33 25 11 7 23 8 33 9 29 11 28 22 35 
25 34 20 21 11 23 12 13 19 10 15 11 12 31 27 17 22 12 21 13 13 22 12 31 21 16 16 23 17 15 9 21 12 34 10 30 11 25 21 27 
22 31 26 17 5 24 13 21 17 5 25 12 11 38 29 21 23 10 16 22 13 21 14 12 24 8 20 21 22 9 19 15 15 17 8 20 9 18 22 19 
34 21 22 25 10 22 14 10 14 12 27 23 15 36 29 5 30 13 42 17 12 24 12 31 35 15 22 30 19 9 12 9 11 29 19 27 9 27 20 7 
25 28 33 32 9 26 11 10 24 10 26 15 13 18 29 36 19 20 21 26 18 25 12 54 23 6 20 19 28 7 12 19 14 23 6 32 15 34 33 25 
22 29 32 27 9 17 14 17 26 8 30 21 7 32 28 20 19 12 23 21 22 27 18 27 19 13 29 36 31 8 14 14 12 26 8 26 16 24 12 23 
24 15 21 26 10 20 18 14 20 12 25 26 14 27 15 39 24 14 28 14 10 32 13 28 20 18 14 15 14 4 18 21 11 32 14 31 9 22 24 38 
21 20 26 29 9 24 15 18 20 9 20 17 11 30 28 33 37 14 21 20 14 25 12 33 32 8 17 20 24 9 12 19 8 25 17 21 8 21 26 41 
29 28 18 35 7 23 12 16 25 6 21 21 12 29 21 35 20 17 21 9 9 35 15 50 31 26 15 26 28 9 14 11 11 35 14 19 8 17 22 31 
21 29 22 20 11 37 12 11 28 8 30 16 11 44 28 25 18 20 43 22 25 26 16 48 22 18 17 16 29 11 15 17 9 33 9 24 10 18 27 29 
27 26 27 20 9 25 15 11 27 17 25 19 12 10 31 22 26 9 31 15 15 23 13 53 23 9 21 33 17 9 17 18 13 21 13 39 10 15 21 28 
25 4 22 26 5 37 9 14 20 9 21 15 14 25 26 26 26 13 29 18 8 28 8 33 30 10 13 23 25 12 9 23 11 22 8 22 9 34 32 31 
40 19 16 30 14 25 13 10 24 10 14 16 11 30 18 24 20 3 21 23 16 23 12 30 20 14 19 15 23 11 14 26 13 32 11 25 11 22 33 19 
11 23 25 23 13 15 14 14 20 11 34 24 17 28 21 20 20 14 32 20 15 25 12 33 29 20 30 37 21 9 20 19 9 28 8 27 11 27 21 28 
35 34 20 22 12 17 9 18 24 11 28 24 9 31 35 28 36 5 28 9 23 22 14 36 22 17 17 26 36 12 15 17 11 31 13 23 7 30 21 15 
40 25 29 26 12 30 15 16 24 9 42 14 13 38 18 28 22 15 23 14 28 27 13 23 38 14 19 28 12 8 20 17 10 19 9 31 15 19 27 40 
16 30 22 37 8 11 10 22 24 8 32 12 11 28 29 25 28 11 28 18 11 21 9 31 17 19 16 24 25 7 16 21 12 31 10 23 3 33 23 30 

MachineCapacities:
MachineID Capacity
0 10
1 10
2 10
3 10
