NumTasks NumMachines NumScenarios
10 4 30
TaskDetails:
TaskID ReleaseTime ResourceConsumption SuccessorsCount Successors...
0 0 4 7 4 1 2 3 4 
1 0 5 2 3 3 1 2 
2 0 7 9 6 4 2 3 4 
3 0 2 3 3 6 0 
4 0 7 4 6 7 0 
5 0 5 10 4 1 2 6 7 
6 0 6 6 4 9 2 8 9 
7 0 9 3 7 3 2 8 9 
8 0 6 3 5 2 0 
9 0 4 8 6 7 0 

38 9 8 15 17 21 14 26 10 12 15 13 13 21 16 24 16 25 21 21 14 23 14 29 15 34 4 21 28 15 26 15 33 27 17 24 24 12 23 19 
39 9 24 19 11 20 10 31 14 12 27 12 12 23 36 21 8 25 31 8 15 19 16 18 28 27 14 26 22 18 37 12 28 25 17 19 17 28 30 20 
31 9 15 20 20 3 12 35 11 12 22 18 14 27 21 13 8 26 12 21 16 19 15 24 18 26 15 23 20 8 41 16 22 29 13 28 22 25 30 23 
14 13 27 18 15 23 18 39 13 7 19 18 18 35 41 21 19 30 30 5 12 16 18 19 19 29 12 25 27 16 38 11 23 17 18 16 28 15 20 31 
33 8 30 18 14 11 5 19 7 9 2 12 18 21 20 18 16 33 27 15 12 5 18 25 22 32 13 22 28 18 32 10 23 31 17 29 15 23 25 22 
34 12 13 18 13 33 14 26 4 7 9 18 11 34 26 28 9 22 24 16 19 20 10 21 24 19 13 27 21 12 45 15 16 31 21 35 28 18 20 9 
26 13 23 17 10 17 15 20 13 12 17 15 9 44 51 22 14 35 17 20 12 15 9 28 19 24 12 23 20 18 35 10 40 36 19 26 24 21 28 30 
29 15 22 5 10 20 17 28 6 8 28 18 11 25 36 31 11 28 26 21 12 24 16 12 19 27 10 25 28 13 39 18 24 22 7 33 12 19 27 25 
29 17 15 17 18 24 10 25 10 13 28 15 14 23 40 18 21 29 25 19 9 13 19 28 20 41 11 15 18 20 28 16 21 35 18 26 23 18 25 8 
28 8 23 13 17 22 11 18 11 10 24 18 11 29 18 28 13 20 21 18 10 10 19 36 21 36 12 28 27 23 9 15 30 43 10 15 22 24 16 21 
23 10 9 17 15 25 12 9 12 9 23 16 12 33 22 25 20 35 32 21 9 12 20 33 25 27 14 25 19 13 19 14 29 50 30 30 21 30 12 25 
26 11 15 19 13 16 14 25 10 10 4 17 14 10 25 18 15 32 18 20 20 9 20 39 24 40 12 23 20 10 5 14 20 29 20 19 16 22 24 28 
15 16 24 11 12 28 14 23 11 13 38 16 10 24 43 27 12 20 14 20 7 16 11 8 18 25 9 16 29 14 28 10 29 29 25 26 17 17 16 23 
21 11 15 18 11 26 13 27 10 9 17 21 16 29 26 25 10 40 13 26 11 11 18 35 22 16 8 16 21 12 25 17 29 36 24 24 18 18 26 21 
21 13 9 12 9 21 13 33 13 10 11 15 14 21 32 7 19 14 18 22 7 19 10 31 13 25 10 27 36 6 25 16 9 41 13 25 15 26 33 21 
22 19 7 14 16 33 13 15 16 12 16 13 13 34 41 27 16 26 23 10 14 10 15 21 25 18 11 23 28 15 22 15 29 23 18 25 18 12 21 24 
17 12 17 20 19 18 14 20 12 16 16 15 15 21 48 18 13 41 24 21 14 21 12 29 20 30 17 23 29 25 32 16 18 32 23 30 11 27 17 18 
20 12 7 18 16 29 7 33 9 9 4 11 18 30 30 28 15 19 17 22 16 15 17 44 18 35 5 24 26 20 17 10 19 36 23 27 15 17 9 29 
6 14 23 23 13 20 13 16 15 6 24 18 12 26 17 29 18 18 22 11 18 24 18 12 25 30 8 22 25 17 27 15 18 37 25 15 19 31 13 18 
31 9 6 19 12 26 15 27 13 14 11 16 17 31 25 16 19 12 20 26 12 20 12 43 19 29 13 19 18 10 32 18 21 39 17 19 13 26 30 20 
32 10 14 13 13 20 16 29 15 10 13 15 11 25 29 20 12 23 23 20 13 23 16 28 28 46 11 26 20 17 30 12 29 30 13 24 16 25 27 17 
24 10 14 22 8 23 10 29 13 10 27 18 14 32 32 25 19 32 27 15 9 11 12 20 21 33 7 30 16 18 30 4 23 37 26 19 25 31 28 15 
29 12 14 17 8 27 9 28 5 12 25 15 16 25 31 15 14 26 21 22 13 13 11 15 18 22 7 29 20 13 16 15 33 25 32 24 8 21 25 26 
28 13 19 18 17 31 16 24 13 14 16 10 17 39 33 19 21 27 17 17 12 19 11 14 18 34 12 17 14 21 35 13 28 6 13 11 23 24 19 15 
26 14 9 16 18 14 10 22 9 9 20 15 13 47 29 28 7 39 19 25 8 20 15 33 14 32 10 15 13 19 6 13 25 25 14 31 29 28 23 28 
32 13 18 18 16 12 13 24 16 11 28 11 10 13 31 31 21 33 22 15 7 14 14 24 24 23 13 26 37 15 24 11 17 30 12 19 22 28 18 14 
25 11 20 14 21 22 17 16 11 8 21 18 16 32 26 19 20 24 6 14 13 16 14 32 18 25 7 16 23 16 19 3 25 41 23 17 16 20 20 24 
26 8 16 12 17 19 17 31 6 7 16 12 11 23 22 26 12 20 22 20 12 19 16 28 24 24 14 15 30 10 43 12 24 43 22 27 27 24 34 31 
13 11 20 27 22 20 16 22 14 9 7 12 11 33 12 27 12 34 21 22 13 26 17 14 16 39 8 21 13 23 31 15 22 27 14 16 20 23 28 14 
33 11 16 23 13 10 12 26 8 10 17 10 11 18 37 25 6 12 21 16 15 15 12 37 6 23 15 29 22 13 43 10 23 37 23 19 22 31 24 25 

MachineCapacities:
MachineID Capacity
0 10
1 10
2 10
3 10
