NumTasks NumMachines NumScenarios
10 3 10
TaskDetails:
TaskID ReleaseTime ResourceConsumption SuccessorsCount Successors...
0 0 5 7 4 1 3 
1 0 6 4 2 1 2 
2 0 1 4 5 1 3 
3 0 9 9 9 1 4 
4 0 4 7 7 0 
5 0 1 9 8 1 9 
6 0 9 4 5 1 7 
7 0 5 2 3 1 8 
8 0 7 6 8 1 9 
9 0 8 9 3 0 

38 23 20 42 14 39 15 29 7 13 15 37 10 24 13 17 12 11 12 23 13 22 11 20 16 30 30 19 7 16 
35 21 29 20 32 35 18 20 12 9 13 41 14 17 29 29 16 11 19 23 11 35 13 31 39 35 33 21 16 13 
28 30 22 28 37 44 13 18 12 13 16 26 18 11 32 28 13 11 13 22 5 35 21 30 29 38 24 22 9 10 
20 29 28 47 21 20 10 21 11 19 12 26 20 16 35 23 24 11 12 25 10 29 15 50 22 15 22 14 8 19 
12 23 13 37 27 24 15 20 11 5 9 30 17 14 19 28 27 11 12 24 12 19 12 31 25 22 26 17 8 10 
55 20 17 34 32 22 13 19 13 21 16 31 16 14 26 26 30 17 13 20 12 32 14 14 29 31 19 23 13 9 
28 15 25 26 27 29 10 26 15 18 22 20 13 7 23 12 15 18 9 25 10 37 22 21 21 38 7 26 12 11 
24 34 20 32 23 27 13 22 14 15 13 30 15 8 34 26 31 9 14 32 12 18 18 21 28 22 18 13 13 6 
29 27 30 37 26 33 6 17 14 13 10 29 14 17 25 34 16 10 14 22 12 22 22 29 23 21 28 29 16 16 
13 38 21 27 25 32 11 14 9 14 15 27 15 19 34 26 30 14 6 18 12 15 23 28 36 36 22 16 12 8 

MachineCapacities:
MachineID Capacity
0 10
1 10
2 10
