NumTasks NumMachines NumScenarios
30 4 100
TaskDetails:
TaskID ReleaseTime ResourceConsumption SuccessorsCount Successors...
0 0 5 6 3 7 2 14 16 
1 0 2 8 4 8 4 9 14 15 16 
2 0 7 2 10 4 0 
3 0 8 1 9 6 2 12 15 
4 0 7 3 5 7 0 
5 0 6 10 2 8 2 14 16 
6 0 9 10 5 3 0 
7 0 1 5 5 3 1 16 
8 0 3 6 1 1 0 
9 0 6 6 5 4 1 12 
10 0 3 7 9 7 1 16 
11 0 1 6 5 3 0 
12 0 6 2 9 6 0 
13 0 3 8 4 5 1 16 
14 0 6 6 4 3 0 
15 0 3 1 2 9 0 
16 0 5 9 3 4 0 
17 0 3 5 7 8 1 28 
18 0 6 6 3 4 4 24 25 28 29 
19 0 3 5 6 4 1 25 
20 0 6 9 2 9 0 
21 0 10 7 10 5 0 
22 0 8 1 9 8 2 24 28 
23 0 6 3 4 4 1 29 
24 0 2 9 1 4 0 
25 0 1 5 2 7 0 
26 0 7 8 2 6 0 
27 0 8 1 3 2 1 28 
28 0 5 8 6 9 0 
29 0 4 6 7 9 0 

17 18 36 19 17 31 20 13 22 18 8 18 16 17 24 44 30 11 12 42 33 20 22 11 41 14 13 29 16 29 26 24 38 12 44 21 35 20 14 19 15 25 11 37 24 17 23 37 15 14 21 20 13 24 27 29 22 23 6 18 7 27 16 15 23 24 18 20 28 21 22 18 31 17 41 28 32 19 34 17 3 30 20 28 20 26 15 17 28 23 17 9 23 11 18 22 20 19 26 15 24 16 17 21 11 32 34 26 18 26 20 27 23 25 25 17 12 15 27 6 
13 12 27 26 16 28 21 16 22 22 23 15 21 28 16 24 31 18 18 18 13 21 18 17 40 12 20 17 24 18 30 21 26 13 45 21 44 25 15 13 19 21 12 36 29 31 20 32 10 18 7 14 20 20 28 15 27 22 23 17 18 37 13 29 27 11 10 19 37 16 31 24 15 29 32 19 14 18 30 25 15 26 9 30 17 21 7 18 41 41 12 16 25 16 22 24 21 7 21 29 23 24 24 18 15 29 20 16 21 30 29 25 17 47 11 37 20 19 23 26 
4 20 34 31 21 29 28 20 32 30 19 20 13 21 18 28 25 17 25 23 33 21 25 19 14 17 12 10 25 22 22 35 30 18 31 24 28 33 16 29 17 21 15 22 17 19 18 31 16 21 13 24 23 29 23 31 36 21 27 14 24 36 22 33 18 24 13 21 21 28 26 19 22 19 34 30 31 28 22 27 16 20 32 19 11 25 21 26 22 29 11 14 19 27 22 30 11 19 28 31 22 18 9 19 10 26 25 20 29 41 38 34 19 42 33 31 9 14 21 15 
16 17 19 21 18 21 13 19 16 25 26 18 14 15 24 37 14 18 11 18 27 24 10 14 21 14 24 16 17 31 28 23 27 20 10 26 36 27 16 23 19 26 19 19 35 18 22 16 18 20 26 25 22 12 24 22 12 18 39 27 17 43 20 37 25 20 12 22 16 30 19 16 32 26 32 24 41 20 16 13 9 23 28 41 8 22 14 34 21 19 21 17 23 18 22 29 14 15 18 24 24 15 17 22 7 37 17 17 34 49 28 34 18 20 23 23 16 18 24 32 
18 17 38 31 32 29 22 22 23 36 18 20 24 20 13 31 26 13 24 30 29 32 17 21 26 15 22 28 22 39 25 29 34 25 20 15 23 12 15 20 17 15 10 13 19 16 1 31 29 7 24 14 19 22 20 31 31 14 29 22 28 29 15 22 30 20 19 26 24 14 31 17 20 23 31 27 23 33 5 17 9 28 32 17 16 19 17 15 21 19 17 17 22 12 16 33 19 20 21 37 21 18 25 15 21 21 30 17 27 9 19 21 23 32 29 27 8 14 19 23 
8 16 7 37 23 26 19 19 23 27 15 18 18 21 27 27 24 17 29 14 13 17 15 18 26 14 23 17 19 30 33 21 31 12 18 18 38 32 20 25 17 28 12 13 32 8 29 25 22 19 6 28 22 22 23 31 20 24 18 22 16 27 26 34 27 15 10 16 35 12 14 14 18 24 27 38 29 18 19 25 14 28 23 20 13 25 20 16 14 27 17 18 14 12 31 20 8 22 31 16 9 12 22 19 19 34 27 21 19 29 36 18 25 35 24 28 20 13 20 23 
12 16 35 22 25 27 21 19 20 37 23 25 23 26 10 44 29 20 14 36 23 21 24 24 19 17 10 24 21 31 41 22 37 22 16 20 30 19 10 25 22 25 9 16 26 21 21 43 27 20 16 19 9 20 14 26 22 25 16 22 21 29 27 32 25 23 13 16 13 23 20 11 20 25 30 34 28 29 21 28 7 15 25 26 13 27 17 20 15 31 18 16 36 24 23 16 13 14 33 10 15 17 26 20 15 21 31 21 32 37 23 16 13 26 25 38 7 18 18 23 
22 7 50 32 12 40 21 16 22 23 17 22 23 21 13 28 43 9 15 26 30 22 20 13 29 19 28 23 13 27 16 30 33 14 32 20 19 27 14 16 25 22 15 24 27 22 17 38 16 30 10 17 15 21 23 29 22 22 25 23 21 20 29 32 31 19 10 26 26 16 33 16 32 23 36 33 39 18 21 28 14 27 25 36 20 36 12 15 23 18 18 10 22 19 9 20 16 11 22 44 29 17 22 19 19 36 30 25 24 30 29 29 22 21 29 24 8 17 29 14 
13 17 29 26 19 21 14 14 17 25 14 14 16 27 14 29 29 12 8 24 36 15 31 12 32 16 18 20 25 26 19 37 35 14 25 23 39 26 16 29 24 23 13 23 24 13 17 32 20 12 26 23 17 22 24 32 24 18 25 21 28 38 18 28 23 20 11 22 17 27 15 29 20 21 25 25 36 27 5 25 17 19 18 31 11 35 13 8 30 22 15 19 29 26 17 21 12 13 22 44 11 18 15 12 19 18 26 13 29 26 25 24 28 33 26 39 17 22 26 20 
23 9 22 35 17 27 17 14 24 32 22 16 21 28 14 29 39 13 21 32 28 21 23 22 30 17 24 19 16 18 18 20 33 22 28 20 36 29 14 33 29 18 17 22 18 21 25 25 12 22 21 30 27 25 15 23 22 22 22 24 17 30 20 48 31 24 14 27 14 12 19 18 34 22 18 27 29 26 20 26 10 25 15 23 14 30 20 21 22 22 18 20 29 19 29 24 12 17 31 21 28 20 22 19 14 23 23 21 35 17 17 24 23 33 21 19 6 10 15 28 
20 22 24 25 19 28 12 12 26 39 19 24 17 39 8 35 55 11 22 21 33 17 18 16 32 11 18 22 17 29 34 19 27 16 21 14 45 31 17 16 16 13 17 24 25 20 16 17 23 10 15 24 9 11 28 28 30 24 18 20 8 34 15 25 33 16 17 15 18 18 28 23 29 33 31 29 34 39 29 20 16 22 31 28 19 27 16 21 19 31 9 17 15 27 15 24 12 28 9 29 17 18 27 15 21 22 25 27 21 24 23 19 17 37 30 36 19 12 23 38 
22 21 19 20 24 32 16 17 19 23 21 22 19 27 13 17 10 19 13 33 21 25 31 19 36 16 17 24 27 31 26 38 24 24 33 29 36 20 18 33 17 27 14 23 35 17 28 30 29 27 18 31 17 19 24 18 20 19 33 22 14 18 15 31 19 25 16 25 30 22 26 20 15 29 22 27 42 20 12 17 12 22 17 37 15 29 12 17 26 20 10 12 12 9 11 34 15 20 28 21 16 16 20 9 20 26 20 17 31 31 30 29 27 33 40 19 17 25 34 32 
24 18 28 24 11 17 23 17 22 30 17 7 21 19 25 41 31 23 24 23 12 29 27 16 18 25 28 18 28 38 36 24 27 11 25 13 43 25 11 27 21 24 14 24 21 28 20 15 12 28 19 22 12 20 12 28 23 26 27 16 16 24 12 41 19 24 14 38 21 29 23 8 32 22 28 21 30 27 22 18 10 28 27 31 15 34 15 13 28 27 22 13 17 13 28 33 13 23 23 26 19 16 24 11 12 24 16 20 11 41 27 26 25 21 26 36 9 12 26 15 
24 20 29 31 25 20 18 11 31 23 9 17 5 26 16 35 22 20 20 26 24 28 18 21 32 20 21 29 14 28 26 24 39 16 22 17 20 11 17 26 17 31 15 13 29 14 22 28 33 22 16 24 28 21 29 24 24 28 22 13 18 26 23 21 16 25 13 24 23 17 29 26 24 35 20 11 30 20 19 13 13 31 23 16 10 28 14 14 24 16 8 20 12 11 14 23 15 13 19 34 20 18 22 13 10 38 23 22 30 28 35 32 7 36 20 22 12 13 20 30 
22 21 39 38 28 30 27 8 27 24 28 16 14 30 22 31 16 15 13 32 30 17 18 12 17 24 21 27 27 46 32 43 34 18 26 25 21 28 12 35 24 13 8 27 15 29 13 22 21 9 20 22 8 27 37 23 18 30 21 26 6 24 24 20 26 31 21 21 7 26 9 26 16 20 22 41 32 26 23 27 12 30 20 18 18 16 14 20 32 16 16 21 7 22 25 24 10 18 29 25 13 21 17 18 13 34 34 10 4 30 26 54 29 25 17 39 19 19 19 15 
16 10 26 42 25 12 12 8 27 36 19 16 13 27 19 22 20 10 21 12 31 24 23 19 15 14 32 25 19 46 25 29 37 32 18 11 28 22 15 17 21 31 9 18 20 20 25 33 17 18 30 25 21 15 30 26 29 19 22 30 19 31 21 33 31 16 12 17 25 19 36 23 12 26 27 15 21 27 44 23 15 11 31 35 13 28 14 26 30 29 12 11 20 26 17 17 14 20 13 24 22 17 19 17 24 25 21 32 21 36 30 17 18 30 28 24 17 21 20 27 
20 14 33 25 22 35 20 19 29 40 13 26 16 24 22 37 16 20 31 30 31 18 18 8 13 15 27 19 18 47 28 43 32 19 10 27 42 41 13 35 22 33 16 34 25 23 29 30 31 18 17 21 21 37 18 16 20 11 33 14 12 30 15 34 23 17 14 21 36 25 19 12 15 27 40 33 39 30 36 30 15 12 24 45 10 14 23 22 23 19 18 30 20 23 14 26 13 20 20 30 25 23 16 13 14 23 18 13 29 18 33 20 17 24 31 22 18 18 19 8 
20 23 40 33 35 17 30 25 36 23 4 25 20 20 13 33 26 22 15 34 22 23 23 22 22 17 45 25 6 37 20 34 17 26 29 19 30 17 16 33 23 15 20 16 31 23 22 22 28 23 24 33 16 26 24 22 16 20 25 29 7 28 9 15 13 26 14 19 14 24 28 13 28 17 28 26 30 18 26 23 18 21 39 27 15 32 19 16 26 16 14 21 16 12 18 37 15 23 16 24 22 23 17 17 18 26 17 19 38 29 35 40 23 37 26 22 19 21 19 20 
16 17 17 27 17 32 19 16 24 36 7 20 8 24 15 36 13 14 16 37 42 23 27 18 38 22 24 35 23 30 32 31 19 16 27 18 13 20 11 27 20 28 10 33 39 26 29 28 15 24 22 16 12 25 25 24 22 19 36 27 18 24 19 19 27 18 16 36 39 19 19 26 30 40 46 16 21 18 29 32 10 22 20 44 18 35 13 20 18 34 9 26 15 19 19 25 21 26 33 39 21 26 18 22 22 26 19 19 17 19 31 30 29 37 35 42 13 18 30 29 
12 11 14 33 15 32 13 19 26 29 21 24 23 30 22 48 29 17 19 20 20 22 11 21 43 14 14 18 22 30 16 26 23 22 35 28 17 32 15 24 24 16 21 35 20 13 27 23 17 17 34 25 13 20 27 33 19 21 17 15 17 27 17 36 11 20 18 12 23 18 38 20 24 14 27 27 25 24 25 25 12 16 27 10 16 32 12 7 21 21 11 19 28 14 20 30 14 13 26 21 5 18 12 20 11 23 26 17 31 23 28 28 18 39 18 10 16 14 8 22 
22 11 38 25 24 27 22 12 33 32 20 24 9 27 17 27 31 18 18 29 28 27 18 20 30 14 21 13 14 31 29 40 38 15 14 23 25 35 14 15 16 31 16 20 27 16 19 22 12 23 10 18 17 8 21 34 25 19 17 28 14 45 20 19 36 25 21 20 31 16 18 29 34 22 30 22 18 33 22 31 18 18 26 22 20 29 11 19 21 23 15 11 14 13 25 31 11 9 24 26 17 11 18 19 13 21 23 18 16 22 29 37 16 40 22 29 12 21 15 19 
21 27 29 28 19 31 11 17 30 26 32 10 19 22 17 39 41 11 22 21 33 30 18 24 30 14 16 22 20 31 24 24 22 24 28 14 27 39 17 27 21 24 18 24 31 23 32 15 20 21 10 27 19 21 17 29 17 37 17 16 20 26 18 30 28 29 12 27 15 14 33 19 31 36 46 10 42 31 14 24 20 25 18 28 17 28 12 17 20 38 14 12 17 17 22 42 16 22 19 30 23 14 25 23 10 20 19 21 23 23 25 24 20 29 14 32 15 25 21 30 
24 13 31 26 25 36 21 16 24 33 30 27 10 23 16 39 28 14 25 12 28 11 14 11 21 17 15 25 22 30 33 39 20 21 23 21 28 32 12 26 23 25 13 37 13 17 21 15 18 16 25 35 14 26 20 29 25 23 26 25 21 24 26 31 24 13 19 24 22 19 26 23 25 16 29 25 37 21 26 38 16 25 28 37 18 26 21 11 23 22 16 14 24 20 27 38 12 8 27 35 23 16 13 17 7 32 26 19 32 13 34 34 19 21 36 25 10 13 23 31 
13 21 33 24 32 13 17 19 31 34 19 26 23 25 15 30 26 15 18 23 35 25 29 14 23 9 18 11 20 29 28 31 41 16 32 11 27 24 13 21 21 14 14 22 30 23 28 32 28 20 17 28 16 30 11 29 17 13 36 14 13 10 21 33 31 25 17 22 20 21 32 17 27 18 15 23 35 5 36 26 17 31 28 17 21 33 14 18 29 18 12 13 21 16 20 20 10 19 8 25 17 13 15 15 22 22 18 23 23 35 25 25 26 23 21 24 18 12 26 26 
7 21 17 27 31 30 23 14 20 29 18 11 22 13 18 22 23 12 26 40 38 13 28 10 26 15 27 14 21 34 28 25 39 18 42 25 46 33 14 22 22 15 16 13 25 17 21 27 15 13 17 22 12 21 26 26 19 24 16 13 11 21 15 23 31 21 14 24 19 17 13 21 30 23 31 14 30 30 28 20 25 17 37 14 15 31 8 20 22 27 15 15 22 16 38 39 18 14 42 30 20 22 19 16 16 21 39 22 9 24 54 42 19 29 11 44 16 21 28 36 
14 18 42 16 35 29 35 24 25 42 20 28 20 25 20 16 37 12 13 17 22 15 27 19 33 14 19 18 14 35 25 22 32 19 31 19 30 9 10 27 9 28 17 30 27 19 12 37 21 24 25 19 6 29 29 31 19 21 19 23 20 31 9 31 22 26 19 24 34 20 24 25 30 20 25 24 28 31 3 34 17 26 32 35 27 30 15 24 12 20 15 18 24 17 19 32 22 26 25 14 12 16 25 19 8 15 17 30 39 32 12 18 24 22 32 29 14 9 18 22 
21 13 16 35 27 41 11 20 32 22 42 24 10 29 19 31 26 15 24 15 24 19 24 17 29 26 29 15 28 25 24 32 29 26 41 15 43 32 14 18 25 13 17 31 25 21 25 41 29 14 14 31 19 17 14 34 30 15 27 23 13 27 15 35 29 20 12 22 30 11 29 20 30 36 35 23 26 24 22 22 14 24 20 19 18 31 19 23 29 19 15 20 16 24 26 37 17 13 27 32 33 11 24 17 20 22 18 22 26 28 19 23 28 17 36 39 11 17 19 25 
15 15 27 27 30 20 15 11 27 31 23 20 6 22 14 47 33 16 20 26 23 24 33 19 18 16 26 27 29 27 37 15 23 16 39 20 20 14 16 33 16 14 15 15 16 13 16 26 14 12 17 20 18 21 15 26 34 21 22 19 16 4 18 36 15 5 15 21 29 19 29 16 8 17 31 40 36 18 15 27 15 15 14 26 18 31 14 24 25 17 9 16 19 17 22 11 22 17 27 42 20 25 22 12 12 8 24 32 27 42 43 43 24 30 22 15 13 17 22 46 
14 16 26 36 19 35 27 16 31 23 18 21 15 33 23 18 17 17 15 31 20 24 26 22 29 22 22 23 22 34 20 41 33 16 22 15 42 22 10 17 6 13 11 28 27 25 20 24 23 20 13 30 16 25 15 30 30 19 23 12 16 27 18 30 19 14 14 29 26 16 21 17 24 29 20 24 39 27 32 25 12 19 27 34 15 17 17 22 20 31 17 13 16 14 25 22 16 14 36 31 23 23 18 18 16 29 19 25 8 16 24 40 28 21 18 16 18 19 22 25 
18 15 38 33 22 27 16 17 21 26 21 14 20 12 19 40 17 11 12 22 28 19 26 14 35 13 10 15 31 28 26 34 27 29 19 21 28 24 23 25 18 16 9 26 28 16 31 29 24 24 28 22 17 13 20 18 26 25 21 19 19 29 27 11 31 21 22 15 13 18 24 7 20 31 30 19 27 17 33 14 13 21 15 40 14 32 9 13 12 20 17 20 9 19 11 26 18 14 25 31 27 21 26 23 17 38 25 16 24 17 21 35 27 33 26 9 14 17 15 40 
20 27 38 44 25 12 24 13 31 20 26 23 20 22 14 26 34 22 25 26 16 21 34 21 27 13 29 24 34 15 23 32 29 14 34 26 32 25 13 33 21 18 13 36 12 25 18 19 22 20 19 28 16 14 31 27 36 15 17 21 16 35 16 27 22 27 4 21 23 11 24 16 7 27 22 17 19 26 31 29 15 31 20 27 8 38 13 14 20 14 15 16 13 30 23 36 17 14 31 31 21 22 18 15 20 24 24 24 22 24 29 31 17 37 17 21 20 18 29 22 
15 26 22 35 11 35 10 23 29 6 20 20 16 26 21 26 36 5 11 38 18 17 20 14 34 19 21 25 13 28 19 20 27 19 32 22 33 31 19 35 20 31 14 26 23 20 28 22 26 13 11 18 20 23 44 23 29 10 31 14 21 26 14 29 30 34 20 28 17 15 8 13 24 28 56 8 22 33 37 18 18 26 29 21 25 28 17 19 28 19 12 14 21 13 21 28 13 12 30 34 23 25 23 19 18 33 23 14 28 23 32 22 20 32 30 35 13 11 17 15 
13 16 30 28 26 28 21 13 29 30 28 15 14 26 19 36 22 17 14 28 49 18 28 13 24 20 20 14 18 26 27 31 30 32 34 23 42 31 14 27 21 22 10 22 24 14 27 32 20 26 17 32 14 25 30 33 28 23 30 15 11 24 13 38 21 20 15 18 13 21 33 25 17 29 30 30 31 12 26 27 23 15 26 26 9 43 15 27 15 22 13 9 20 27 18 30 21 21 24 28 13 17 18 18 17 23 29 24 23 31 26 22 21 23 15 36 17 17 22 19 
10 15 36 38 15 14 21 15 20 21 15 21 24 25 24 31 13 20 16 30 26 18 21 14 22 15 10 23 24 50 32 34 25 20 31 18 33 28 11 34 22 32 17 20 15 29 18 21 26 14 18 21 23 24 26 16 23 19 20 23 18 41 12 10 22 26 19 27 24 29 26 14 29 36 21 34 30 29 35 22 11 24 37 25 12 31 13 16 32 16 10 17 20 22 26 33 19 16 29 26 4 26 22 21 12 22 20 27 14 29 27 39 20 31 19 28 20 13 22 21 
20 14 30 27 21 35 12 15 33 29 14 17 17 23 19 38 36 12 22 40 32 23 23 13 28 17 31 11 27 31 41 29 25 25 24 23 32 39 14 27 22 23 17 25 19 26 22 14 28 19 16 30 15 21 29 26 24 25 22 9 18 12 22 32 18 18 17 24 24 21 33 21 29 31 29 30 21 27 41 23 8 18 31 29 19 33 16 35 17 18 11 23 22 25 30 29 10 10 23 33 19 18 15 14 9 24 26 15 29 15 22 30 27 31 20 35 14 17 13 25 
23 18 30 46 14 38 24 17 24 16 19 12 10 32 14 24 25 10 10 28 25 18 22 21 29 14 19 17 25 31 31 29 17 18 25 17 31 15 16 28 20 27 13 27 18 20 29 44 26 14 29 27 20 16 28 9 24 24 28 23 21 30 20 20 8 25 17 15 30 11 20 25 14 5 24 34 34 21 41 26 16 29 32 30 21 20 17 32 22 29 21 16 15 21 22 16 14 16 39 20 19 16 15 23 17 28 16 28 31 36 41 38 35 31 38 30 11 15 23 30 
18 20 27 24 28 26 17 18 20 26 24 17 17 31 11 23 22 15 20 33 42 15 23 15 21 10 22 16 10 36 32 23 19 22 31 23 39 18 6 25 17 15 10 19 23 8 21 34 24 22 23 39 11 11 25 29 19 22 31 22 30 26 25 11 23 25 12 22 27 20 22 18 36 12 20 35 21 29 26 26 25 27 19 20 14 31 19 12 29 24 15 19 16 11 24 45 10 21 33 36 16 26 11 19 13 29 19 18 23 21 20 32 13 30 31 38 10 17 25 26 
24 14 6 14 34 18 19 13 23 48 16 32 4 18 21 40 47 12 18 39 37 35 32 9 38 13 25 16 11 41 7 29 34 16 19 23 18 29 17 39 12 22 14 25 15 20 25 20 16 19 21 26 13 3 28 24 32 11 21 19 12 27 11 32 17 19 14 18 29 29 30 14 28 23 30 33 36 14 25 27 16 22 19 25 25 29 9 21 22 26 10 9 20 20 17 24 14 10 31 31 20 18 24 16 22 22 23 25 16 24 32 28 16 31 23 38 19 21 26 24 
3 21 22 14 26 23 17 18 29 33 24 24 16 29 21 28 28 13 21 30 34 21 19 14 21 12 24 24 14 32 27 35 25 11 21 22 22 24 13 32 20 34 13 26 20 22 18 28 33 23 16 25 21 15 26 32 25 17 17 23 14 23 20 26 22 26 13 11 25 24 36 17 31 15 35 21 48 24 25 30 13 17 7 25 14 31 14 6 23 16 9 16 17 14 27 21 12 20 30 25 15 17 24 16 25 43 24 15 24 18 25 33 21 23 24 34 15 14 26 23 
12 20 9 35 30 23 21 10 18 29 19 16 24 19 24 15 17 22 10 28 24 17 26 20 34 12 17 8 11 47 23 40 26 25 30 15 28 16 10 17 20 28 15 22 20 16 20 31 22 23 15 22 19 6 36 16 37 26 23 21 15 26 26 41 26 18 14 20 34 16 29 15 21 24 19 29 29 22 15 26 14 20 25 20 12 40 15 24 24 27 9 16 23 25 28 22 12 18 20 32 13 20 27 17 16 34 13 27 30 30 44 33 29 36 18 19 17 21 17 30 
24 16 23 29 28 19 23 15 23 35 15 14 16 20 13 28 30 19 17 22 35 16 25 20 36 16 20 22 22 31 20 31 34 24 22 22 25 25 13 29 20 18 21 32 23 18 24 25 19 22 23 34 15 14 19 21 26 28 26 9 23 23 20 31 11 26 11 16 23 14 30 17 32 22 17 35 36 24 25 18 15 8 24 38 16 33 16 22 19 19 10 12 17 20 24 25 14 18 15 34 20 13 17 14 16 29 9 31 13 38 15 22 22 30 24 26 14 15 31 20 
27 13 28 30 10 29 10 13 18 23 20 23 19 23 10 29 37 9 11 16 30 22 10 20 33 11 12 24 22 10 26 45 35 13 26 24 33 27 18 20 25 11 14 18 32 18 32 26 25 17 26 17 17 22 25 31 22 15 29 29 12 23 21 35 28 16 16 17 17 19 26 18 28 28 23 33 26 14 32 14 9 36 29 13 21 37 13 11 29 18 21 22 20 21 25 29 12 22 37 32 29 27 16 11 16 19 25 20 13 26 23 21 26 28 30 30 14 16 22 24 
21 12 29 24 26 34 13 19 28 33 22 21 20 15 9 33 24 23 23 47 43 22 15 10 36 15 21 20 13 34 17 26 33 27 20 22 44 29 13 26 27 36 17 21 22 17 21 40 23 25 15 21 20 20 11 10 31 22 24 7 11 12 18 19 24 24 14 22 24 20 34 18 23 33 29 40 13 24 25 27 9 24 10 36 9 24 7 18 27 12 14 16 8 10 21 17 14 20 29 26 29 26 21 19 13 34 35 20 14 23 26 32 22 27 33 33 14 16 32 29 
20 13 22 32 28 31 23 19 20 39 24 16 4 21 22 31 32 13 17 34 23 27 32 11 23 16 15 36 12 27 19 32 23 7 3 27 33 41 17 22 20 23 13 25 23 19 25 43 19 16 14 19 6 17 21 28 33 21 28 21 17 24 18 31 12 23 16 16 27 28 14 9 18 22 42 19 35 21 19 15 13 31 22 21 18 31 19 28 28 25 9 21 25 16 15 38 12 13 32 20 9 29 25 15 23 35 19 13 35 37 37 15 13 23 22 26 12 19 27 24 
12 13 33 15 13 28 13 13 15 26 21 20 13 26 14 35 33 15 23 20 16 31 28 19 39 14 21 24 20 19 26 17 25 12 13 10 14 21 12 16 11 14 12 26 36 15 28 34 20 19 18 26 21 24 17 21 18 21 27 24 16 27 25 18 20 7 14 11 19 11 24 24 7 26 15 26 8 15 21 22 17 20 16 17 21 31 19 21 19 24 13 12 30 16 31 28 17 11 32 38 27 21 18 18 18 31 34 16 26 30 27 14 20 43 32 25 16 16 22 27 
15 17 34 35 34 32 27 14 10 31 20 14 7 20 17 30 27 6 25 27 19 37 17 19 36 6 33 14 30 28 29 27 43 21 31 19 29 54 11 20 14 27 19 33 35 23 27 24 17 21 25 28 16 24 29 30 17 16 26 9 25 11 10 36 26 16 12 23 34 27 26 7 23 18 28 33 35 32 33 24 15 24 24 12 22 26 14 24 32 25 6 17 17 7 22 39 18 5 15 31 27 17 27 21 18 16 15 39 31 27 20 25 18 44 37 29 22 21 32 21 
18 16 37 48 28 20 24 10 21 25 28 25 26 24 28 30 39 21 20 34 18 18 27 23 25 13 23 27 6 25 30 27 20 14 20 30 32 23 11 29 10 19 16 36 31 18 21 27 22 22 21 21 17 19 22 22 27 13 33 26 20 31 24 29 33 30 17 23 32 24 21 14 16 23 15 27 27 30 26 19 14 21 25 21 16 21 16 18 13 22 9 22 23 17 23 21 12 19 32 24 23 13 16 15 10 38 15 27 38 22 34 23 17 39 37 24 13 16 19 22 
23 5 39 26 20 24 21 18 28 30 28 20 19 32 19 34 33 11 20 25 36 20 23 17 18 19 18 16 17 24 28 11 22 22 35 16 34 30 17 28 21 21 16 15 39 17 22 16 31 23 24 27 15 24 17 10 16 22 31 15 16 29 13 26 26 18 16 19 31 31 25 22 40 29 41 22 34 14 5 26 20 23 31 21 19 32 23 29 40 28 17 21 26 13 29 29 18 14 17 27 32 17 23 22 12 43 21 21 20 30 34 28 28 28 22 29 27 15 19 23 
14 15 37 25 17 37 30 14 25 33 21 18 10 27 21 16 36 15 17 13 21 12 17 9 31 18 37 24 23 24 23 39 21 12 21 23 31 28 20 22 18 29 10 15 24 18 11 28 20 23 21 39 4 18 31 38 18 21 19 16 27 27 10 32 26 20 8 9 25 23 34 24 22 23 30 34 32 32 44 27 15 17 17 27 17 27 4 10 10 14 11 13 23 23 27 34 13 16 22 36 20 20 21 17 19 26 20 14 23 38 21 26 28 27 22 16 14 15 26 22 
16 17 25 45 28 17 15 19 30 22 32 18 20 26 13 31 28 14 13 25 20 18 23 19 26 13 22 20 25 33 36 25 23 31 26 21 28 20 21 28 17 24 8 23 18 18 26 18 29 7 24 29 21 24 24 35 18 21 22 19 19 31 15 30 20 16 19 12 32 20 25 18 19 19 23 44 21 26 16 25 23 20 28 19 26 37 15 10 18 15 19 18 20 17 29 30 19 12 33 23 17 22 22 18 22 32 20 29 24 32 32 25 16 26 16 43 23 14 21 31 
16 9 36 24 23 35 17 19 20 34 22 20 19 28 17 32 30 14 14 15 41 35 17 4 37 20 35 20 20 27 20 11 19 5 33 18 44 28 14 27 28 18 13 33 24 22 30 30 30 14 21 16 2 13 12 32 21 29 22 14 22 33 11 22 31 15 16 16 30 26 25 23 23 19 34 25 36 18 18 29 18 28 19 17 13 25 10 20 24 23 9 15 22 23 30 38 9 19 29 28 24 14 22 17 22 43 23 18 22 21 24 33 23 27 17 24 11 14 21 14 
17 13 32 32 17 11 24 16 23 22 12 9 12 24 9 39 27 17 20 26 18 32 30 27 41 17 21 10 21 29 20 33 40 9 29 22 42 27 16 25 28 24 15 24 26 24 27 14 24 24 22 26 11 28 27 21 18 26 14 15 23 14 15 13 33 24 14 29 34 23 40 14 35 8 42 17 27 32 38 22 22 31 19 15 21 15 20 36 21 27 13 16 21 16 22 36 17 15 24 24 22 13 23 15 12 20 18 16 30 35 35 37 24 26 20 43 15 11 17 18 
10 15 27 31 21 23 17 18 25 22 24 9 15 24 21 28 35 15 10 34 28 27 23 17 28 16 21 23 13 42 30 14 41 26 29 18 30 23 17 18 21 29 10 25 20 19 18 25 23 14 27 24 16 9 13 27 25 30 22 20 13 18 24 27 24 13 18 29 14 28 28 19 23 26 33 26 17 36 25 31 9 18 24 17 20 24 16 33 18 18 23 16 21 10 9 32 19 15 23 40 26 19 17 16 15 20 25 21 23 24 30 18 8 31 37 39 19 21 19 26 
12 14 13 35 46 17 16 25 26 31 20 21 27 25 11 42 15 19 21 8 36 25 24 3 36 11 20 21 22 43 20 4 24 14 28 23 41 27 7 17 7 13 19 22 27 19 35 5 23 14 25 22 4 23 30 22 21 16 16 16 18 27 9 28 13 26 15 11 15 16 20 28 35 28 22 39 29 28 31 25 24 25 28 25 14 43 12 17 26 27 20 13 13 19 19 34 16 16 30 37 23 22 16 14 19 29 31 24 27 13 39 32 27 43 34 47 16 24 7 30 
10 21 40 36 43 26 12 12 18 34 30 21 19 27 25 25 23 10 16 40 26 20 23 14 26 14 21 27 28 31 30 28 33 15 22 16 26 25 20 43 12 20 10 33 30 17 30 4 33 15 13 15 16 26 35 34 26 23 24 21 19 16 19 21 23 18 24 21 24 25 28 22 22 32 33 41 36 33 37 17 19 27 29 29 10 39 19 17 30 26 12 16 22 27 24 24 21 23 23 20 10 12 21 19 14 24 15 24 31 18 33 16 22 22 23 18 25 16 22 33 
23 16 36 13 31 40 22 20 23 28 21 14 18 17 23 26 11 16 18 39 36 13 23 28 38 16 24 12 17 17 25 19 23 13 34 17 22 25 18 12 22 30 19 23 28 12 22 34 25 10 13 22 14 22 32 17 30 15 32 7 8 20 27 25 14 21 16 13 21 20 12 14 34 22 34 25 30 20 33 23 8 19 22 14 20 29 8 23 24 22 17 19 25 24 23 32 18 15 28 29 19 24 14 10 16 27 29 21 29 11 31 30 25 20 26 34 18 19 22 27 
13 19 27 41 42 27 22 19 25 37 21 16 16 32 15 6 37 14 15 37 37 21 34 8 24 18 30 16 20 49 22 24 18 16 25 19 34 28 9 29 20 18 10 2 25 25 25 40 21 26 17 24 20 19 31 28 30 26 18 18 16 30 21 24 19 16 14 16 26 21 30 16 16 17 23 24 45 8 30 29 13 27 31 21 25 25 20 19 22 17 24 17 24 21 28 33 23 16 26 12 14 23 29 20 25 21 15 16 12 32 19 21 29 25 18 28 17 14 28 23 
12 10 20 48 19 32 20 12 14 34 17 18 20 30 11 15 34 15 9 23 25 22 20 29 16 14 22 21 16 37 39 34 27 11 32 12 28 18 11 24 18 22 17 25 30 15 27 22 19 21 21 23 16 16 25 30 29 29 17 18 26 13 22 29 18 30 15 24 31 26 30 19 30 28 35 16 35 30 37 20 19 16 17 21 6 33 8 21 21 20 10 19 19 18 27 28 14 5 29 28 5 13 9 14 21 25 24 26 21 31 43 32 21 29 20 39 12 19 22 33 
21 16 35 38 27 34 24 11 24 27 20 24 23 32 19 37 37 24 21 18 35 24 21 14 21 16 18 22 21 18 26 38 25 20 33 17 26 13 20 25 19 23 21 24 25 21 18 26 27 10 26 32 12 19 25 26 24 29 32 14 9 33 12 23 22 6 10 19 26 37 25 19 27 22 28 26 11 29 27 26 15 24 27 18 14 18 15 17 27 21 13 20 17 18 21 24 16 17 11 11 23 18 29 17 22 30 13 15 22 31 25 19 33 31 42 44 17 17 19 36 
14 14 20 28 28 33 15 21 18 26 16 18 14 28 15 34 37 14 28 40 26 19 20 13 33 14 25 20 26 45 21 33 30 10 20 23 27 27 11 26 19 25 12 22 18 13 20 39 17 26 24 20 15 8 30 34 36 20 27 14 20 36 10 24 23 34 13 16 35 20 36 26 23 35 35 33 30 24 28 25 19 30 26 28 9 26 15 19 19 31 3 15 20 19 28 26 17 17 38 31 13 16 13 22 17 26 29 6 39 26 29 19 17 21 27 41 12 12 28 27 
11 24 43 27 37 23 22 16 21 42 20 24 18 22 21 18 44 13 21 14 29 26 13 15 33 21 31 19 15 45 24 20 44 25 36 12 28 42 15 25 17 8 13 20 37 15 15 13 20 14 18 24 27 19 14 34 15 13 17 14 7 37 18 37 14 32 13 31 16 16 21 17 8 22 28 26 28 13 24 21 21 19 19 15 21 27 14 15 28 22 11 8 24 27 23 29 16 8 27 18 25 22 17 18 16 22 37 24 25 14 26 30 23 19 21 35 13 23 24 22 
23 14 28 30 25 20 24 16 24 19 17 27 20 25 8 27 32 12 25 28 32 16 22 22 30 16 21 17 17 33 31 26 21 15 28 26 20 33 12 31 26 5 13 13 38 23 29 33 22 19 12 34 9 8 32 37 26 17 25 23 21 32 17 12 26 18 19 15 22 24 29 19 23 26 26 41 17 14 28 29 17 21 28 17 21 22 21 26 27 12 14 19 11 21 25 23 14 18 30 37 15 17 16 22 8 19 3 20 31 18 43 26 18 21 29 24 9 23 22 25 
18 22 28 23 37 28 18 13 23 25 18 27 14 28 19 38 14 13 22 37 27 29 38 15 20 16 14 17 19 23 20 41 12 25 17 24 35 27 18 12 18 27 13 28 24 12 20 29 22 12 42 26 16 17 22 26 28 24 36 24 18 33 18 41 20 19 21 21 27 7 22 21 29 28 30 31 24 26 22 27 15 20 30 34 13 14 18 21 17 32 18 9 13 18 24 40 12 24 29 25 16 10 22 18 16 22 22 25 10 25 24 29 25 25 17 34 19 15 23 13 
15 13 30 19 26 26 15 20 13 28 23 11 21 20 19 45 21 17 15 44 30 31 26 16 43 16 20 23 7 25 34 48 25 24 39 13 32 28 17 34 17 14 19 29 20 19 17 21 28 7 23 23 26 27 24 19 31 27 23 19 11 26 16 16 19 13 19 21 22 21 22 27 31 30 41 42 33 22 10 24 11 17 28 13 20 26 17 19 28 26 10 22 20 17 18 25 13 10 29 32 22 26 10 10 9 28 33 6 28 38 30 21 30 42 31 40 13 19 14 21 
11 20 32 16 34 30 25 9 29 23 19 15 14 29 22 27 36 11 14 19 31 33 17 20 33 14 20 20 16 26 24 31 21 19 21 17 25 20 10 30 23 36 15 37 17 19 24 16 20 15 25 21 18 16 15 22 29 10 21 28 19 25 24 31 18 31 17 10 24 21 24 20 24 23 22 22 33 24 39 24 15 31 34 14 20 24 13 14 25 26 14 12 16 21 26 41 14 13 26 11 19 20 27 25 21 27 23 18 12 18 31 16 25 32 18 27 20 8 29 34 
10 12 24 37 24 29 16 15 21 24 25 15 17 16 21 23 37 9 13 26 32 17 17 17 32 8 25 27 25 17 28 30 23 25 23 23 25 17 13 32 26 18 15 33 30 17 30 16 21 20 19 27 23 13 24 24 23 12 23 21 15 26 21 34 30 28 24 20 27 14 24 22 13 19 22 23 50 31 21 23 20 16 11 22 10 26 20 17 16 32 11 22 18 15 21 29 10 13 22 27 4 20 10 14 15 22 26 18 14 29 32 39 29 30 33 34 13 15 17 32 
18 15 28 26 35 34 20 19 17 48 18 20 11 27 15 28 32 14 24 30 40 17 18 25 23 10 19 22 23 27 12 27 25 35 30 21 44 36 17 19 17 22 17 26 22 26 25 11 28 14 8 26 16 26 25 18 34 26 39 17 22 26 5 34 17 28 19 29 23 16 38 22 35 36 38 33 21 19 33 25 14 34 16 38 19 26 19 29 30 35 20 13 11 28 20 27 18 15 24 26 27 14 24 26 14 33 25 30 33 20 32 31 26 22 29 27 14 22 15 29 
11 17 12 36 31 27 14 16 29 20 21 19 16 10 19 31 40 18 7 31 24 14 29 16 23 10 23 20 17 28 16 34 23 17 29 13 27 37 14 33 21 19 9 29 24 25 26 22 13 17 22 27 27 23 24 25 24 27 28 7 26 34 13 42 24 25 11 16 29 28 20 21 16 23 19 10 35 29 9 13 7 24 27 36 22 40 16 21 23 14 19 13 21 15 36 36 13 15 37 28 11 27 20 21 17 9 24 21 35 34 30 46 23 26 30 36 13 11 26 22 
21 16 17 17 5 28 23 8 31 37 20 20 19 26 24 33 26 21 21 26 33 29 28 17 27 16 16 28 21 36 19 43 33 19 21 19 33 18 17 30 17 18 18 24 17 15 23 40 22 15 20 36 12 26 23 23 22 18 20 17 19 28 16 32 17 8 19 10 31 28 23 17 23 17 23 20 20 21 40 22 10 22 22 22 15 23 14 21 22 23 20 12 20 13 13 33 23 10 24 26 29 20 17 24 21 34 38 22 21 26 31 31 30 20 17 33 14 21 23 12 
10 22 24 11 24 28 24 12 16 22 22 15 10 17 20 28 34 12 14 20 24 26 23 26 18 18 12 18 12 35 22 22 20 18 15 19 32 10 12 19 9 23 22 36 22 23 29 18 23 16 21 32 18 17 28 24 17 13 26 28 10 30 17 29 19 19 8 8 32 16 30 10 26 21 24 28 25 30 34 20 17 27 27 20 18 29 20 20 25 22 26 15 20 16 19 25 13 11 30 24 25 15 15 22 9 27 19 12 33 36 30 28 21 25 38 33 18 24 12 11 
14 17 43 43 27 28 24 19 17 33 20 26 16 16 13 28 40 13 18 28 28 32 20 17 37 10 23 20 30 21 22 52 34 13 23 21 30 31 9 29 15 23 12 21 33 28 25 21 31 23 20 29 15 21 24 22 29 14 28 20 18 29 22 20 26 23 18 11 19 24 14 26 28 11 11 36 40 45 27 36 17 20 14 12 12 18 15 13 30 27 13 21 23 13 15 20 21 14 20 30 15 15 20 15 15 26 31 23 41 37 29 39 14 28 12 30 11 8 29 27 
13 18 29 37 25 22 23 17 20 39 23 18 25 14 17 26 27 15 20 40 30 26 16 15 31 20 26 22 19 24 17 39 24 32 29 19 46 31 19 15 16 24 14 26 17 24 28 31 26 17 17 24 10 14 24 20 16 30 19 14 13 30 16 31 21 17 18 14 33 34 19 19 13 24 31 33 47 8 35 28 14 28 21 34 14 44 20 14 21 21 24 18 20 16 29 12 14 13 27 23 17 27 25 23 19 23 35 7 10 28 20 29 19 13 21 31 18 13 16 26 
11 23 40 16 25 22 13 16 22 37 24 22 16 19 28 41 36 17 17 10 34 22 31 7 15 17 21 17 22 27 21 28 28 19 23 15 14 28 16 31 18 20 14 37 25 20 19 21 22 7 13 28 13 13 22 18 43 24 25 14 20 26 17 39 27 17 11 23 42 27 19 16 23 15 29 31 33 22 21 22 19 22 41 19 6 24 14 14 22 11 13 18 21 25 29 43 9 28 26 28 20 16 16 28 21 30 24 27 19 22 29 30 25 30 12 24 21 14 31 30 
11 15 28 41 25 29 25 8 23 36 5 19 22 20 10 21 29 19 18 25 42 18 24 15 28 11 22 13 18 31 24 46 19 17 28 9 26 25 17 27 22 27 22 21 34 27 17 35 33 14 21 22 19 28 19 31 32 19 36 24 28 35 26 35 21 17 13 23 26 20 23 22 34 17 22 17 22 45 26 29 14 15 21 12 14 24 20 32 24 32 14 12 32 22 36 37 19 24 33 32 16 17 28 20 18 25 34 26 20 23 24 38 22 27 23 22 14 17 21 27 
16 19 48 30 32 35 7 20 25 32 23 23 26 27 20 16 23 9 17 41 31 27 16 17 34 13 16 13 23 31 31 22 25 24 26 17 21 21 14 22 15 30 14 40 15 14 31 23 21 24 18 21 25 26 23 36 13 21 25 26 12 36 23 39 14 22 22 24 29 29 12 13 20 23 31 19 10 34 18 26 11 11 28 21 20 23 11 33 26 17 20 15 16 19 27 20 30 9 31 30 31 18 16 15 14 23 14 22 16 32 44 22 24 21 19 40 24 22 9 16 
19 19 47 20 28 26 19 17 26 27 19 13 18 11 13 26 30 20 14 32 31 35 30 22 35 18 18 28 24 43 31 32 36 30 29 30 28 42 12 19 22 24 18 27 21 21 25 16 14 20 19 25 23 16 12 32 24 25 25 10 19 29 11 24 21 28 11 20 39 17 35 19 21 38 32 17 20 28 16 31 13 24 18 38 13 27 19 25 27 18 15 15 19 15 19 36 19 8 43 18 19 14 18 18 8 27 21 15 10 31 23 21 16 24 23 21 20 20 29 17 
12 16 28 26 44 26 19 21 23 26 19 15 20 25 19 33 30 17 18 33 23 30 22 24 34 15 16 22 27 35 25 29 28 29 35 16 35 21 17 24 27 11 11 21 20 22 28 23 10 17 15 38 18 17 26 32 28 15 19 23 16 15 17 39 22 25 17 28 33 28 23 27 30 25 49 34 47 23 31 25 16 21 19 25 19 42 17 26 20 14 18 13 13 19 29 41 10 20 37 19 21 12 30 12 14 27 32 16 28 17 43 46 13 23 37 35 9 11 21 26 
16 14 23 37 23 32 15 13 37 20 25 16 16 31 11 18 23 8 12 29 21 19 32 14 38 20 22 16 10 25 20 16 31 23 39 24 40 17 17 31 14 18 16 21 34 17 27 31 31 22 28 19 13 21 23 13 20 25 25 25 14 30 17 33 18 25 18 28 34 19 24 22 27 17 22 36 31 34 15 27 8 25 18 14 12 24 11 16 13 27 14 24 21 12 14 12 5 18 37 25 30 11 28 3 21 22 28 30 25 33 26 43 20 21 26 36 16 18 24 10 
7 16 29 32 30 18 20 19 27 18 20 17 15 27 23 24 14 13 20 24 38 18 27 19 21 20 26 18 25 27 16 30 28 11 31 12 46 22 16 23 15 29 11 25 21 16 19 33 29 20 21 27 19 29 21 20 33 21 28 13 22 41 25 39 16 26 15 25 24 20 23 17 22 22 40 25 10 32 11 25 21 21 25 38 18 35 14 20 28 21 11 20 18 18 34 21 17 23 22 28 24 22 12 16 14 25 18 19 24 29 25 24 25 34 23 20 9 9 28 17 
15 17 29 18 27 28 25 14 37 29 16 27 17 32 16 35 18 10 11 11 31 22 22 26 34 16 25 20 23 30 14 24 21 30 36 21 16 32 9 21 19 25 16 21 21 11 20 20 16 18 29 36 14 25 15 34 13 23 20 28 19 33 25 30 19 28 15 30 25 34 23 26 11 20 29 31 29 30 30 26 15 21 22 21 11 15 11 17 29 27 15 15 19 20 26 37 12 13 23 35 18 12 14 17 14 24 16 17 20 33 36 22 26 21 14 34 25 23 26 26 
16 16 35 45 37 32 19 7 32 33 30 16 24 21 10 23 36 23 20 36 40 20 20 12 26 11 22 18 16 34 22 17 23 12 15 18 27 29 13 36 20 29 7 28 22 22 31 28 12 14 20 28 13 14 24 23 33 15 18 17 24 27 25 19 16 25 13 13 21 16 38 17 23 30 10 23 28 19 22 12 17 21 30 36 16 21 10 22 18 19 10 21 17 20 24 23 17 22 23 25 17 16 13 14 11 23 18 25 17 34 37 30 30 21 12 27 10 18 16 26 
23 14 19 46 30 24 19 16 19 30 18 14 17 22 15 28 22 8 20 20 29 18 37 8 35 14 17 14 21 30 24 32 24 28 29 17 39 29 23 27 16 19 11 25 33 15 15 38 23 23 20 27 9 4 26 37 29 21 27 23 14 24 19 27 17 15 23 22 15 28 24 11 18 26 26 23 18 36 29 36 16 14 17 32 15 28 20 20 25 17 13 15 22 27 32 19 9 20 30 21 29 23 22 19 18 16 23 15 29 5 33 36 26 28 20 27 12 12 20 23 
19 20 34 25 31 8 21 21 34 24 25 17 15 20 25 41 34 11 21 29 33 27 30 29 32 8 20 13 16 30 8 33 27 25 21 24 33 20 12 33 22 33 12 25 12 21 17 32 25 4 21 19 13 15 18 23 25 26 14 31 22 11 9 13 16 17 6 6 22 13 33 21 30 27 26 12 32 18 24 17 11 25 26 16 14 26 16 18 23 21 16 14 15 13 25 46 18 15 24 33 24 9 22 20 14 26 30 19 18 16 44 23 30 28 20 29 21 15 18 28 
13 18 38 19 23 34 21 18 26 44 24 14 19 9 17 25 24 20 25 22 26 23 30 24 30 23 18 26 21 33 29 20 29 19 37 24 19 24 15 23 15 21 7 26 15 18 22 32 20 14 18 27 13 24 24 19 30 16 31 11 20 28 14 33 14 19 18 21 19 13 24 16 27 19 27 29 27 24 24 10 9 25 22 30 17 23 15 16 31 19 15 12 14 22 21 32 16 25 27 28 16 18 24 19 12 22 19 23 33 18 16 27 33 16 20 28 13 19 25 11 
18 15 16 36 28 25 19 23 15 26 17 16 18 15 20 24 45 12 20 17 30 14 28 18 24 15 13 24 15 39 29 23 34 26 26 27 29 28 15 23 25 29 15 23 23 12 23 24 16 10 13 20 11 17 16 31 16 23 21 24 10 36 23 23 27 26 23 16 28 29 33 16 26 20 30 31 38 26 28 19 15 26 24 32 10 20 15 23 10 40 11 12 22 15 25 40 20 19 23 23 18 20 17 11 16 17 27 28 28 35 36 32 21 15 23 18 14 18 24 29 
13 11 26 38 22 30 12 20 38 19 14 19 13 30 18 27 11 17 19 36 9 23 26 20 32 16 19 14 20 28 31 37 49 22 17 41 32 29 13 27 29 4 15 34 23 17 22 17 24 17 20 25 2 21 21 26 22 21 32 21 13 25 30 27 39 13 15 12 20 27 30 26 16 26 23 31 31 24 23 22 21 17 31 32 10 32 12 31 20 17 20 21 19 15 17 16 17 22 23 22 19 18 29 23 13 26 6 31 20 33 36 30 23 26 21 35 10 21 26 35 
18 23 37 27 21 27 12 20 20 21 26 22 22 26 15 26 17 9 16 30 24 22 22 13 11 13 34 14 13 20 26 31 34 21 30 16 23 15 23 21 26 14 15 25 23 14 18 38 26 16 18 28 24 14 17 10 30 23 35 20 17 35 29 25 25 22 10 11 29 20 23 19 23 13 22 24 37 31 24 28 15 29 25 41 20 46 10 29 23 17 16 15 14 20 18 22 9 10 19 31 32 22 13 22 10 28 27 15 29 31 43 18 13 20 18 46 13 11 18 16 
22 17 30 36 20 27 18 14 24 26 15 19 15 18 18 23 30 22 12 35 44 23 25 21 22 13 19 25 18 33 16 38 36 19 35 19 21 25 17 28 16 17 13 35 29 12 27 26 17 18 18 28 14 20 29 18 29 20 21 12 18 27 20 22 22 8 10 9 30 21 24 19 14 27 23 30 26 18 10 25 18 22 33 25 11 34 15 20 31 12 8 18 14 17 22 23 17 20 25 25 23 25 28 24 16 36 24 30 15 19 13 16 15 35 15 12 12 11 22 31 
17 13 32 40 24 36 27 14 25 16 23 17 18 14 14 32 18 15 23 32 25 16 33 17 13 12 18 6 30 31 27 43 33 18 24 22 35 14 15 31 10 19 18 30 19 19 18 28 23 22 19 30 11 18 18 17 20 9 23 11 19 34 15 15 21 21 16 17 23 27 30 11 28 33 26 29 33 27 23 15 13 18 26 42 14 32 14 26 18 11 15 13 16 29 21 35 19 22 26 29 30 16 8 23 17 21 23 10 21 22 34 8 26 26 24 37 14 14 23 26 
21 13 40 28 22 26 13 18 13 32 24 23 8 31 13 38 33 17 22 33 31 9 35 16 30 13 20 19 16 37 28 15 27 19 28 16 20 25 11 14 13 26 18 18 25 16 22 14 11 13 18 17 18 16 25 34 21 16 30 21 15 23 25 33 24 25 20 23 30 17 19 26 14 22 14 26 17 24 19 23 14 20 26 30 15 21 10 28 32 31 20 22 23 24 22 26 12 25 17 27 21 8 20 13 20 17 26 23 26 18 34 34 26 24 23 34 18 19 11 28 
18 26 18 31 28 36 18 18 25 30 6 27 17 17 23 30 30 12 29 26 19 24 8 8 18 27 17 18 23 39 26 26 40 30 28 17 33 27 10 25 20 18 16 26 25 24 26 31 16 18 22 26 16 17 26 29 17 12 15 15 19 17 26 23 22 19 10 23 12 28 31 12 29 26 21 40 23 22 19 24 8 18 24 23 18 28 15 21 22 30 20 10 24 20 21 19 16 12 26 20 19 22 28 11 11 21 31 29 12 34 23 27 23 29 19 19 13 15 10 24 
12 19 51 18 25 26 15 17 26 14 21 18 21 15 23 20 29 10 12 31 34 27 28 12 33 13 17 14 25 29 29 34 19 7 26 17 34 26 13 15 21 29 18 32 31 11 24 37 14 21 16 21 16 24 27 24 10 24 25 24 6 24 10 23 25 20 18 30 27 31 21 22 27 28 21 41 32 24 41 22 16 14 30 22 12 31 21 15 18 13 20 25 18 25 31 32 15 11 29 44 28 24 17 13 19 1 21 23 21 29 31 30 34 40 47 4 20 14 20 20 
16 20 38 34 28 26 27 22 21 42 21 18 24 33 27 29 39 10 23 35 30 22 12 19 36 16 22 22 23 50 28 21 22 22 17 18 26 27 17 28 24 17 13 14 13 21 20 25 16 12 24 37 26 23 31 24 24 17 27 21 16 22 12 36 16 12 16 23 18 22 30 29 33 13 16 25 22 19 47 27 17 31 19 18 17 22 16 16 27 28 3 15 14 12 18 27 18 18 28 30 29 22 19 20 19 33 21 21 35 32 18 24 21 28 18 41 18 21 34 34 
9 18 30 36 25 29 21 18 29 30 22 10 13 41 23 21 17 15 11 30 26 24 26 8 22 10 24 17 24 33 22 31 26 20 24 21 28 30 18 30 19 31 14 24 28 21 17 34 27 17 13 17 24 25 29 34 15 16 21 30 11 37 25 36 22 20 14 27 19 28 33 26 35 18 37 21 21 28 38 18 14 19 22 21 14 25 8 16 32 31 8 15 25 7 23 36 11 2 23 12 19 18 17 10 9 29 20 23 16 25 36 28 21 48 21 28 9 14 20 20 
20 12 15 34 22 28 9 17 18 38 18 17 22 23 20 33 36 10 17 29 28 24 21 23 29 16 13 29 24 38 23 22 12 17 18 18 32 31 11 26 16 22 17 25 19 19 19 16 26 19 22 35 29 23 27 34 20 33 24 24 13 30 23 20 24 19 22 15 18 15 39 12 26 38 17 38 22 10 23 28 16 9 25 37 20 30 15 26 21 22 17 15 22 14 23 15 14 4 41 31 18 18 26 17 9 12 23 23 28 28 33 34 24 36 25 20 15 15 27 23 
12 24 27 33 19 30 22 15 26 19 21 16 16 18 22 19 41 16 7 13 39 17 20 8 25 22 29 21 10 29 34 11 38 8 44 16 17 21 20 26 15 27 17 29 10 21 18 37 21 19 14 44 17 17 29 31 23 19 31 13 21 39 16 28 21 24 14 27 20 31 24 18 29 25 33 42 39 34 28 34 14 28 27 25 19 26 10 19 13 26 16 22 20 30 25 36 9 17 37 28 10 30 13 11 20 25 21 16 20 26 28 24 20 26 29 25 15 19 24 11 
18 7 30 37 22 33 27 17 28 22 18 19 19 28 22 20 37 15 15 23 33 9 11 14 26 16 22 29 17 41 25 46 42 20 32 10 20 26 18 25 15 15 19 22 30 21 15 26 19 16 23 28 22 12 22 15 32 15 29 24 20 18 26 21 26 14 13 17 16 21 19 12 16 17 34 24 38 23 38 27 16 24 21 37 12 32 14 18 23 28 12 16 19 14 30 33 16 21 18 31 20 20 9 22 16 28 32 34 24 29 22 30 25 34 34 29 13 17 18 38 
24 15 23 36 28 36 18 15 32 26 8 18 19 15 4 31 31 16 22 29 24 20 28 18 30 13 21 13 7 24 20 22 31 21 13 29 27 21 10 25 10 19 16 28 8 20 29 16 31 10 11 36 17 26 30 39 27 14 20 24 18 16 10 22 16 24 17 16 33 24 26 19 26 25 30 28 35 17 14 27 22 28 19 28 19 33 8 30 33 17 19 9 22 21 24 23 19 25 16 25 14 26 16 23 13 19 29 17 21 15 41 27 24 37 33 32 16 21 23 23 
12 8 22 35 24 29 18 16 30 25 20 20 19 32 20 34 42 20 8 28 42 26 30 14 30 17 22 26 25 25 33 43 15 11 15 20 33 30 19 23 23 11 11 22 33 29 17 27 22 17 24 25 24 10 20 33 18 14 32 20 12 26 28 23 29 25 16 31 25 20 14 31 29 25 34 25 34 19 25 31 15 28 35 20 14 40 7 26 11 29 18 8 18 14 23 42 15 22 13 34 26 13 31 17 17 25 28 25 38 31 31 19 24 27 29 25 22 11 16 17 
13 22 17 30 23 27 22 19 29 13 20 21 8 24 6 34 38 12 23 26 42 14 16 21 28 12 20 13 6 42 21 37 34 21 37 29 22 31 13 11 13 25 17 27 19 19 11 16 23 23 20 20 22 19 29 26 16 20 23 24 8 19 22 33 12 28 14 15 18 15 14 25 21 23 31 20 22 30 38 30 17 19 13 26 14 28 20 20 14 21 15 23 17 16 17 19 17 17 28 36 25 27 20 12 13 27 18 13 30 34 20 35 22 21 34 24 17 16 26 26 

MachineCapacities:
MachineID Capacity
0 10
1 10
2 10
3 10
