NumTasks NumMachines NumScenarios
30 4 100
TaskDetails:
TaskID ReleaseTime ResourceConsumption SuccessorsCount Successors...
0 0 5 5 3 2 1 4 
1 0 5 9 2 4 0 
2 0 6 4 5 6 0 
3 0 2 3 9 7 0 
4 0 3 2 9 8 0 
5 0 9 6 7 7 0 
6 0 5 1 8 3 4 23 25 26 27 
7 0 7 8 2 7 3 16 27 28 
8 0 6 3 5 5 2 22 28 
9 0 3 6 8 2 2 26 27 
10 0 7 2 1 7 1 27 
11 0 5 7 3 7 5 20 23 25 26 27 
12 0 7 2 2 2 3 14 24 26 
13 0 3 2 4 10 2 20 22 
14 0 4 7 6 5 1 27 
15 0 7 7 1 8 1 26 
16 0 9 4 9 9 0 
17 0 2 7 8 7 0 
18 0 4 7 4 4 2 26 28 
19 0 3 7 6 1 2 25 27 
20 0 1 1 2 4 0 
21 0 8 9 5 5 0 
22 0 7 10 4 8 1 27 
23 0 10 9 3 2 0 
24 0 8 5 2 9 0 
25 0 2 2 1 4 0 
26 0 5 2 7 8 0 
27 0 7 8 8 8 0 
28 0 4 3 8 4 0 
29 0 8 7 5 7 0 

11 12 38 17 32 22 8 23 23 32 32 20 24 18 35 13 23 14 19 19 27 28 10 19 28 19 20 20 43 12 20 33 12 13 37 20 20 16 7 34 31 16 33 16 11 17 14 22 11 9 23 27 21 30 15 26 30 23 34 6 32 22 30 25 35 7 27 20 28 19 16 20 15 31 20 29 28 25 13 33 20 15 29 13 37 17 27 20 30 14 11 15 26 35 35 10 17 25 29 16 13 19 13 24 17 25 23 29 35 31 25 14 39 23 19 13 15 15 29 18 
15 23 26 28 29 29 29 15 14 23 16 14 15 10 42 16 23 26 16 47 19 24 18 18 27 16 16 11 25 24 19 27 24 19 32 14 11 18 27 12 25 18 40 15 12 18 20 23 44 14 31 29 18 39 18 18 26 19 26 19 24 15 28 20 22 22 28 21 25 24 18 16 23 9 32 32 18 32 17 19 16 24 31 16 38 20 25 33 20 25 12 18 23 13 36 25 41 29 30 44 12 33 20 17 20 28 30 23 17 27 29 27 32 18 6 19 24 23 7 14 
8 26 14 33 37 27 17 28 21 17 23 17 31 23 16 16 22 30 31 33 26 31 21 25 23 25 15 22 24 21 17 31 14 24 31 17 19 27 22 26 19 15 8 14 23 10 26 13 17 5 20 17 23 38 26 17 28 11 26 13 30 21 25 27 8 32 36 32 24 24 23 15 19 27 15 23 16 42 9 22 26 17 23 19 25 16 19 19 28 27 16 31 42 23 29 25 24 38 20 24 29 27 6 18 34 32 28 16 38 25 23 20 22 14 18 10 16 12 25 16 
14 28 14 28 34 33 20 27 22 20 23 21 25 20 19 17 16 29 15 29 20 35 19 22 16 32 8 21 16 21 17 22 26 10 16 14 5 18 20 36 18 17 31 15 12 9 29 11 36 11 12 19 17 34 23 13 20 26 39 19 28 21 20 28 25 24 37 25 23 20 11 27 26 6 26 17 23 34 13 25 15 11 28 18 34 11 18 25 25 26 12 26 34 14 24 15 25 26 17 16 16 23 15 18 22 22 23 24 19 35 25 16 33 17 19 19 29 16 22 13 
19 19 17 28 32 26 21 8 16 19 9 12 23 18 16 24 34 25 20 19 26 29 37 16 25 25 19 22 40 5 14 28 14 16 40 27 15 9 17 37 25 15 20 13 13 16 21 2 31 15 25 17 14 32 18 12 26 20 28 19 18 15 24 23 37 20 40 22 24 16 20 35 14 30 19 13 12 30 9 27 35 14 35 19 21 17 15 17 19 36 19 27 27 21 32 20 21 19 36 30 16 30 20 19 31 28 24 27 25 54 25 24 29 20 20 15 19 23 22 17 
14 20 24 13 12 34 20 19 17 23 15 14 29 17 29 17 27 32 22 26 40 36 41 17 29 21 24 12 23 26 24 15 25 29 13 12 22 17 25 29 32 26 33 17 10 20 25 20 23 8 26 28 14 28 36 29 17 20 36 17 14 17 8 24 34 24 22 26 18 10 15 19 12 19 18 33 16 36 22 31 21 12 39 19 39 12 19 29 33 38 20 33 22 27 41 27 17 38 30 27 19 12 16 14 28 29 23 23 32 12 33 15 41 18 18 20 16 26 22 16 
15 30 37 30 44 28 25 17 17 12 24 19 37 18 26 26 32 21 11 38 23 30 13 27 21 20 27 11 24 30 15 22 24 24 20 14 22 19 15 27 13 26 26 16 14 18 18 20 23 16 27 11 14 21 20 24 23 24 40 21 23 10 24 24 35 20 41 37 23 19 14 27 30 22 22 26 29 33 15 16 22 7 35 19 16 15 22 29 30 26 7 29 24 24 21 17 28 47 30 33 30 28 16 17 20 20 16 26 17 19 25 14 40 13 13 25 17 19 34 14 
17 23 10 30 30 34 24 27 18 23 25 17 23 11 38 22 22 19 18 17 22 26 26 28 21 24 20 20 38 18 15 22 23 23 25 20 8 22 28 28 25 17 23 19 16 21 23 20 15 17 19 26 17 17 28 19 17 19 31 18 26 14 17 17 32 12 30 17 28 23 20 21 23 19 20 14 16 50 15 26 28 24 30 18 21 12 19 30 25 35 15 24 14 22 36 27 23 44 34 41 15 17 14 26 17 28 28 30 30 11 31 20 28 8 22 22 16 19 18 13 
27 26 13 28 28 22 31 13 13 17 20 14 30 18 26 21 20 18 15 54 37 44 29 25 29 14 18 24 33 10 21 32 19 20 19 15 23 20 23 46 20 9 20 15 23 18 26 27 29 16 21 14 12 23 19 16 21 9 23 19 34 13 22 35 25 20 31 30 28 20 14 34 25 30 11 11 15 30 14 23 23 17 38 11 23 19 13 15 32 22 18 30 20 13 33 20 30 40 25 46 28 27 9 15 35 20 17 26 19 11 23 14 30 18 14 14 17 24 19 13 
16 21 30 25 34 26 10 19 16 12 21 13 20 9 37 13 11 45 19 38 28 23 16 20 22 31 12 25 22 13 23 32 19 19 39 33 18 11 33 30 16 22 21 16 10 18 29 23 39 13 18 20 14 36 27 23 25 25 29 23 28 13 21 25 27 27 35 38 24 29 11 31 26 23 24 23 30 12 13 22 15 11 37 14 35 6 14 8 20 23 16 11 31 32 22 16 10 27 26 30 27 32 15 9 16 36 25 14 31 33 30 9 33 14 28 21 22 22 24 20 
21 20 24 37 12 17 23 10 23 13 21 11 30 14 27 14 13 15 19 42 21 26 9 18 21 19 20 17 29 23 20 19 25 29 28 22 19 17 26 34 21 25 25 26 10 15 19 15 26 17 21 27 11 22 15 22 32 26 18 25 51 14 28 26 18 15 25 12 23 12 10 31 21 20 27 19 24 30 12 28 32 13 26 18 23 11 20 21 18 27 16 19 32 23 29 22 25 50 24 14 33 31 14 21 21 26 16 29 29 30 21 17 29 23 25 17 17 20 22 21 
14 26 29 18 35 34 25 19 11 9 26 21 23 12 24 18 28 21 6 30 17 10 36 24 18 18 24 29 31 31 27 36 23 11 22 18 17 18 23 23 18 13 24 14 11 14 25 17 33 11 27 20 18 29 19 17 17 24 30 23 39 15 23 16 31 22 30 30 20 16 17 45 12 22 17 24 23 17 15 25 18 12 27 10 32 16 23 10 16 27 16 20 21 29 33 11 22 28 28 31 7 39 14 25 33 41 28 29 24 31 21 19 33 10 21 17 21 20 23 14 
14 16 18 25 25 46 35 25 19 18 15 17 16 15 32 17 14 31 18 43 17 22 34 21 13 14 16 13 37 15 11 30 23 28 23 26 13 12 34 12 23 9 22 14 17 28 20 7 32 16 32 26 15 21 27 25 15 21 27 18 29 14 13 29 21 17 17 36 17 8 14 34 7 14 20 17 26 37 20 17 28 16 25 23 23 10 21 30 28 26 23 11 33 27 33 13 30 31 20 45 17 22 11 29 12 44 21 22 30 30 31 23 34 13 27 16 14 19 26 15 
14 27 31 26 25 44 15 11 10 23 14 14 45 15 33 13 35 31 18 26 10 39 21 18 18 20 18 19 25 25 17 26 19 20 33 23 14 18 25 21 18 17 16 15 12 29 19 13 21 5 29 21 18 29 19 12 24 12 21 26 20 14 22 33 27 21 35 20 37 15 22 30 19 36 12 21 30 26 15 25 16 25 16 22 21 18 22 21 23 17 14 14 31 15 35 25 15 26 19 16 20 27 14 12 20 36 21 9 20 35 21 22 4 19 20 15 14 12 25 17 
22 21 39 23 28 29 37 18 21 12 17 11 22 11 35 21 30 28 24 25 32 22 33 16 19 13 14 19 35 20 23 33 19 22 34 25 16 25 30 16 15 15 33 12 9 17 29 20 34 17 18 23 19 25 23 5 20 24 43 29 16 12 26 21 22 10 20 15 38 16 14 33 19 32 25 22 22 24 16 37 11 16 24 20 45 15 24 18 34 39 11 20 28 25 17 22 26 36 27 29 12 19 16 24 16 42 26 35 17 27 28 17 10 16 26 23 19 17 36 13 
15 21 26 28 32 25 18 26 30 13 23 19 32 13 12 19 26 36 17 40 26 43 45 24 13 26 18 15 26 13 22 19 24 25 24 30 13 11 23 30 24 20 19 19 13 16 20 14 22 20 26 18 10 29 25 13 23 23 40 11 34 9 14 25 39 9 24 28 25 12 12 24 25 12 12 32 19 25 17 23 15 20 32 20 35 14 14 33 26 27 16 20 34 22 29 21 26 39 17 34 24 32 13 20 20 28 30 36 24 30 24 20 23 11 22 20 14 26 27 9 
16 28 23 29 23 27 18 25 24 12 21 14 22 18 21 18 19 30 21 35 36 25 15 11 24 22 17 16 39 13 15 26 11 23 31 19 13 22 19 46 22 15 33 20 15 25 29 23 45 7 41 20 15 25 24 15 23 22 32 18 37 13 27 18 34 23 22 33 19 19 19 40 26 20 26 12 14 39 18 25 19 20 18 14 36 17 18 19 27 24 16 26 23 21 36 15 24 45 32 34 18 25 19 28 19 25 14 42 22 24 27 17 46 21 25 17 17 17 25 10 
18 20 44 24 30 9 26 21 13 10 11 15 38 7 28 14 18 31 26 31 20 26 23 21 15 15 20 20 26 25 16 33 25 22 26 24 14 22 18 27 18 26 22 17 21 27 34 15 16 19 26 24 17 28 10 18 35 16 37 26 36 18 28 18 25 23 23 29 24 26 19 29 21 29 28 11 15 54 18 21 18 16 35 12 22 13 15 24 21 35 15 32 11 23 27 17 20 29 18 23 18 26 19 15 14 23 24 24 38 35 17 10 41 10 27 14 19 18 12 20 
11 23 33 21 27 35 5 7 14 10 38 13 33 21 21 24 22 26 9 28 33 23 29 24 22 14 17 21 33 25 20 32 13 14 34 19 16 18 29 25 25 7 20 13 16 18 29 24 20 12 31 25 15 10 23 19 22 35 31 11 37 13 22 31 37 25 28 18 44 10 15 27 26 22 27 28 16 18 12 33 26 18 23 10 25 12 12 20 15 30 17 28 34 22 27 20 33 19 22 15 15 35 16 20 21 46 22 25 34 18 23 19 33 7 23 15 16 19 50 12 
15 23 21 23 22 34 30 20 18 14 27 19 33 20 30 6 20 24 5 28 29 13 31 23 13 25 21 20 31 21 13 30 19 26 33 19 8 10 15 39 18 23 8 12 13 24 17 9 22 14 13 24 23 42 30 21 21 20 26 27 26 18 16 31 30 10 41 23 20 23 16 21 17 18 19 25 24 25 16 19 8 22 38 10 16 19 19 25 30 31 17 17 28 20 27 17 21 21 26 37 20 33 18 16 23 19 11 20 42 26 11 16 34 15 20 29 5 28 20 7 
14 22 48 18 32 31 23 9 20 10 27 12 38 11 36 29 33 24 19 28 34 30 18 16 21 18 3 21 38 23 16 28 16 30 23 19 12 17 15 25 37 20 28 16 21 26 25 18 23 18 13 12 15 33 31 25 26 26 33 24 20 14 20 21 23 14 32 27 27 14 15 41 24 21 10 25 16 29 15 21 18 23 8 14 18 12 19 29 18 37 13 21 25 19 26 16 23 35 12 34 23 50 18 27 31 22 21 33 27 36 36 22 40 15 25 18 24 26 37 11 
20 25 21 24 36 24 19 10 11 11 21 23 30 10 29 18 28 38 20 32 14 43 36 12 27 13 22 18 36 19 22 17 12 9 15 23 15 19 12 40 16 15 19 13 23 24 35 22 27 22 23 11 17 22 31 20 26 26 36 19 15 18 27 37 36 16 21 15 22 12 19 28 20 19 34 24 26 37 12 19 28 23 21 13 27 17 29 13 10 34 11 25 22 25 47 20 33 15 19 40 14 31 18 19 19 18 27 15 40 18 22 19 39 17 21 19 29 20 45 9 
14 32 36 23 22 16 25 15 19 19 22 15 37 21 38 21 24 27 13 22 31 34 14 22 28 22 23 17 18 15 16 16 16 14 33 25 15 17 11 23 16 20 19 11 20 27 28 23 41 12 25 22 14 26 22 16 19 22 47 11 25 11 31 31 29 24 42 18 27 18 16 24 33 26 23 14 26 21 17 26 20 25 26 8 34 17 22 19 24 25 20 25 33 16 27 24 16 19 33 48 28 17 13 19 36 34 8 13 24 37 31 14 23 17 19 15 22 17 21 17 
6 34 8 15 15 35 20 16 14 12 20 14 24 9 25 11 31 35 16 32 18 21 27 22 23 19 18 24 26 20 17 27 12 19 8 18 21 14 25 19 18 20 32 24 17 20 25 18 35 12 23 20 13 20 19 18 16 22 35 18 20 14 28 23 30 16 29 33 24 19 16 32 18 21 24 33 19 23 15 29 24 18 17 11 30 17 23 24 24 21 10 22 25 24 34 19 14 29 33 25 22 47 20 19 23 45 15 22 18 40 28 21 26 12 32 27 21 17 24 14 
14 27 32 29 32 30 20 12 19 12 34 12 31 13 33 19 30 24 20 34 35 31 35 27 32 17 13 25 30 19 18 27 23 22 17 29 16 21 15 26 24 15 34 14 20 17 31 14 33 22 23 27 17 9 28 20 16 20 40 26 37 17 28 17 22 14 24 19 31 17 13 37 18 28 22 21 23 15 16 18 22 24 9 17 26 12 24 24 26 25 13 12 20 34 43 17 27 38 13 32 16 26 14 17 28 31 17 21 32 35 11 16 33 15 25 17 18 13 28 13 
19 19 27 29 28 34 30 14 16 18 19 21 34 11 33 16 25 34 20 36 27 38 34 24 23 16 16 20 37 21 11 15 29 20 23 29 9 22 24 32 28 22 32 10 17 28 38 22 37 16 23 16 11 46 18 21 29 19 33 14 35 17 23 29 34 19 36 27 29 14 16 45 16 25 20 27 24 26 18 19 28 29 38 13 42 18 19 16 23 31 20 27 27 27 32 22 15 25 31 39 19 24 14 11 26 39 20 21 23 24 16 22 37 16 15 15 7 7 33 17 
22 39 28 27 30 39 28 23 16 10 24 19 29 18 25 17 19 30 17 27 24 32 21 11 18 19 13 18 38 20 21 12 22 15 17 7 14 16 23 14 19 10 20 20 15 17 19 21 19 17 24 24 16 28 15 17 19 28 33 20 34 7 18 24 26 24 28 24 22 26 11 36 17 28 22 27 17 33 14 23 23 13 37 22 22 9 16 29 35 26 15 22 32 13 34 16 18 34 25 34 24 37 19 27 15 29 21 20 33 35 23 16 45 12 24 19 22 18 25 9 
9 34 42 29 8 29 33 23 22 17 29 14 23 11 28 25 20 40 20 26 23 15 44 21 20 24 17 27 16 7 17 25 19 16 33 22 19 14 25 33 27 17 24 12 8 22 27 17 34 18 25 30 13 23 23 21 30 15 38 14 21 10 21 23 28 20 31 23 29 15 17 34 15 27 15 22 17 34 12 15 16 8 30 24 15 14 23 27 23 26 22 16 18 19 27 24 20 33 22 21 17 15 12 17 28 29 23 27 28 37 25 24 18 16 15 15 17 28 24 7 
3 21 26 27 39 22 25 11 22 11 24 25 28 20 23 25 21 24 20 41 33 34 18 24 16 25 16 13 30 21 10 47 17 21 18 21 20 14 11 26 16 22 21 17 10 26 16 16 28 16 15 30 9 19 24 11 26 31 18 19 27 3 32 20 25 20 20 16 25 17 16 24 15 7 14 25 21 36 15 11 25 26 27 18 31 10 22 14 24 40 13 20 27 18 27 22 17 26 24 35 24 21 15 24 18 30 24 17 38 23 40 22 23 17 15 25 16 13 30 19 
14 33 19 32 31 28 28 13 20 16 29 14 25 17 31 26 29 37 13 29 42 21 32 28 15 24 19 14 38 10 12 23 12 12 21 22 10 22 19 18 14 16 27 9 14 26 23 15 17 12 32 38 8 30 25 20 26 30 20 26 26 14 23 22 15 27 46 20 29 20 17 33 7 28 31 21 21 28 10 28 27 15 40 17 35 14 25 30 19 16 22 27 22 28 14 24 25 28 28 35 15 42 18 21 14 24 24 24 27 16 21 11 14 16 19 18 9 35 26 8 
12 17 38 26 27 23 22 13 20 18 20 19 25 26 28 19 39 18 17 34 32 23 23 11 20 19 9 20 31 19 18 15 11 22 38 13 21 13 20 30 14 24 18 17 15 20 22 18 34 17 14 20 13 44 17 8 16 24 25 18 33 15 26 32 24 22 24 32 29 19 5 36 21 13 28 18 17 13 13 25 30 13 39 8 28 12 22 23 21 28 17 18 42 15 25 28 24 28 29 9 13 44 13 13 30 57 14 24 23 29 27 16 30 12 23 21 22 26 16 21 
7 28 29 27 32 36 23 18 14 5 15 17 23 17 26 22 12 27 20 13 32 33 37 23 13 28 16 22 26 32 18 19 26 29 22 20 12 19 32 21 16 24 27 12 18 25 25 17 26 17 25 19 5 13 24 9 21 28 42 23 26 14 27 26 41 9 33 29 32 20 16 34 28 17 21 14 34 41 14 21 21 19 32 16 28 15 23 24 20 39 9 21 22 18 14 32 11 24 35 35 15 44 23 20 25 22 21 21 24 23 12 26 19 11 20 15 10 25 15 18 
19 20 28 36 27 13 20 17 23 10 18 26 23 7 49 13 1 11 11 22 24 27 16 13 10 16 14 26 14 17 20 15 9 15 22 27 21 20 24 25 29 19 26 14 14 20 29 34 40 11 20 18 14 31 23 18 24 23 22 19 16 17 30 23 32 29 28 32 18 27 14 39 21 23 21 28 18 42 17 26 19 26 26 17 25 11 20 21 25 29 13 29 34 15 41 26 23 25 19 29 24 16 12 21 28 24 17 23 39 27 23 14 26 20 25 22 18 16 33 17 
17 29 35 25 17 29 26 19 6 18 20 15 10 13 34 17 26 27 21 25 21 22 14 26 32 14 12 21 26 31 21 30 15 17 45 16 6 8 28 32 26 15 23 15 10 11 22 20 21 12 33 20 19 37 15 17 1 26 34 18 49 13 26 22 28 18 28 29 22 24 17 25 10 14 19 17 14 23 20 24 19 11 29 9 34 15 16 31 24 29 10 28 33 22 45 18 20 35 34 24 20 19 17 11 42 37 29 19 17 19 33 13 16 18 19 20 20 20 22 8 
16 28 26 20 46 26 28 6 24 16 19 17 37 18 22 11 27 43 19 31 26 11 27 23 21 16 23 8 37 19 16 18 23 27 27 8 19 16 14 28 18 17 19 17 18 18 32 10 22 16 27 23 17 37 24 14 23 32 27 19 36 23 24 24 29 15 33 21 23 16 19 20 21 24 13 25 23 32 13 26 25 19 34 10 20 16 29 27 13 33 27 17 24 24 27 18 22 38 23 23 20 16 14 20 17 46 21 22 36 18 18 11 31 14 24 8 19 15 29 19 
10 21 42 26 30 22 25 19 9 14 19 10 39 25 30 14 27 10 22 22 23 25 38 18 11 25 19 20 28 22 23 25 15 10 29 29 13 18 25 32 32 12 29 24 15 19 26 15 26 13 21 22 14 33 29 15 22 21 19 20 38 15 28 17 30 29 20 33 26 15 17 19 17 23 20 14 20 29 15 22 15 25 19 14 35 21 10 22 20 29 6 35 14 17 36 9 17 35 23 21 15 21 17 18 18 30 24 28 33 14 26 11 21 13 28 23 12 16 20 20 
18 24 24 39 36 29 28 9 20 15 24 12 30 16 25 15 24 32 13 44 42 34 33 17 15 17 18 23 35 21 18 20 4 26 23 24 17 21 24 25 11 18 27 14 12 14 9 15 20 14 25 19 17 20 18 13 25 27 31 15 38 11 22 35 31 18 32 37 27 19 15 49 34 16 8 21 23 19 20 15 18 21 31 17 36 18 18 15 29 19 21 19 38 22 25 16 26 29 28 26 19 18 14 23 23 28 23 25 34 18 25 20 30 14 20 16 20 26 19 22 
22 29 26 25 42 19 28 21 25 13 18 12 23 10 40 20 29 28 19 37 28 28 35 23 23 20 22 10 17 17 10 47 25 26 13 23 17 16 20 29 23 24 36 19 14 14 24 27 33 11 22 19 21 21 27 7 13 28 12 27 37 14 28 31 35 28 13 24 34 16 19 26 22 20 21 28 33 18 4 26 24 31 32 18 32 15 27 38 31 31 10 19 34 17 19 22 21 22 29 44 20 27 16 14 19 33 11 10 20 28 28 21 33 14 25 22 18 23 26 8 
22 20 26 30 32 18 27 11 23 18 16 13 24 14 29 14 22 23 14 34 21 25 33 11 21 17 16 23 23 25 21 22 20 25 16 25 18 20 23 32 22 15 29 20 12 20 27 17 25 15 36 29 15 27 20 8 29 23 25 17 40 15 20 31 25 22 31 32 17 15 21 30 27 19 26 27 17 16 15 21 19 18 14 15 23 11 18 17 27 21 17 22 19 9 39 13 25 30 26 27 27 22 14 19 32 44 20 20 25 28 22 15 40 12 31 27 21 22 23 14 
18 32 21 26 23 39 27 21 17 12 25 18 41 15 29 20 25 30 15 24 34 25 26 24 18 26 27 32 31 24 17 28 14 24 30 26 18 5 15 25 16 11 11 20 20 19 19 19 32 17 33 19 12 43 22 21 27 18 22 24 27 15 20 23 31 19 38 24 24 19 17 17 19 25 17 19 27 24 13 17 31 19 33 21 34 15 19 35 19 18 17 23 25 25 44 15 18 16 35 37 19 30 18 16 25 23 33 26 39 31 24 12 30 16 20 23 14 19 30 19 
8 31 32 21 15 26 22 20 23 15 19 15 39 15 32 16 19 27 15 12 30 26 31 21 24 16 21 18 16 7 17 43 22 22 24 18 16 16 14 40 36 21 21 20 10 18 24 21 25 17 35 24 11 40 17 17 20 28 24 12 25 20 18 31 28 25 20 19 17 17 16 30 38 17 20 31 17 15 16 18 20 12 16 14 22 14 18 20 22 23 20 23 23 25 33 15 31 18 30 37 25 26 11 10 27 37 24 23 24 32 30 15 32 13 21 16 17 23 24 21 
11 22 25 19 34 43 22 12 14 12 23 11 44 17 28 17 27 36 19 32 20 26 16 14 14 23 15 26 16 34 19 21 24 15 8 24 17 17 18 35 31 23 34 14 15 25 26 15 34 16 29 32 12 27 28 16 22 36 30 15 29 14 38 24 16 15 28 31 22 20 23 27 13 17 21 19 28 27 12 28 32 18 28 15 17 16 18 23 17 17 19 25 33 24 20 22 32 53 23 25 28 19 14 11 21 45 22 26 15 23 35 26 49 9 24 12 10 26 38 16 
17 31 26 36 29 37 21 7 19 10 9 19 30 17 28 9 19 37 9 42 23 31 30 13 9 19 19 18 31 15 10 14 13 29 30 30 13 16 20 27 24 13 27 10 16 25 18 16 35 13 27 24 13 38 28 23 16 19 24 12 45 11 14 19 33 16 27 23 12 10 13 16 15 26 15 15 25 35 17 14 19 13 23 9 30 22 29 22 19 25 14 21 37 18 40 22 19 21 24 42 20 34 6 27 35 36 18 20 30 39 23 25 24 18 26 20 20 11 24 17 
13 39 17 25 47 28 17 13 14 15 11 10 33 14 39 10 14 17 17 30 31 8 31 14 24 26 16 21 36 14 19 31 21 22 39 26 19 21 21 14 23 15 34 12 18 24 25 9 27 11 27 29 11 38 22 23 23 24 32 19 27 20 8 21 31 26 3 13 23 22 14 30 21 23 31 22 30 39 10 9 21 17 26 12 11 8 19 20 28 42 17 22 22 10 29 23 27 45 15 26 16 36 15 14 25 18 15 30 27 22 31 24 33 9 17 18 21 17 21 19 
13 25 27 37 22 32 26 16 17 11 19 22 39 20 38 14 22 18 17 33 30 32 37 18 24 16 14 14 24 25 16 31 20 19 20 17 10 16 30 16 23 15 22 7 18 15 27 19 43 9 28 14 17 27 24 20 29 8 17 19 33 18 18 26 38 29 21 34 28 20 21 39 16 23 26 12 32 21 13 15 23 21 42 12 32 13 14 16 15 28 13 24 16 16 13 29 25 18 25 30 34 20 15 18 27 34 22 20 15 29 34 11 15 15 21 13 10 25 45 15 
11 7 17 34 28 33 25 22 26 15 26 14 31 7 26 17 12 27 23 39 26 33 33 22 28 22 22 16 33 17 22 1 19 19 24 31 19 13 20 30 19 14 35 24 15 18 32 10 30 19 6 22 16 27 26 12 29 19 27 28 24 17 16 30 27 16 32 21 31 22 10 32 31 15 24 28 19 39 17 19 23 33 40 6 23 8 18 34 25 28 17 18 28 20 40 16 15 14 33 21 30 17 11 29 19 31 15 23 25 28 26 17 28 9 18 23 23 20 25 17 
12 22 22 32 36 25 26 18 26 18 25 10 11 13 21 21 23 18 20 29 14 31 39 25 21 16 9 22 50 24 8 26 28 4 21 28 16 14 11 9 19 13 41 14 16 24 21 10 25 16 26 29 14 31 25 23 29 23 30 19 19 15 22 27 30 19 32 38 24 17 19 35 24 23 15 21 22 31 20 18 28 16 28 21 37 16 15 30 27 28 14 15 21 23 24 21 19 44 18 43 22 19 17 18 22 24 21 28 34 28 13 16 24 14 15 22 22 24 28 22 
11 11 35 29 32 31 27 17 8 14 26 15 37 15 49 13 15 25 14 37 26 21 23 23 17 16 15 16 35 19 24 39 16 12 27 15 13 27 33 19 25 17 21 16 13 18 23 18 27 15 21 28 10 32 9 12 19 18 25 18 19 16 25 17 18 19 36 28 22 21 18 21 24 27 9 31 31 38 20 27 16 13 38 18 27 11 10 23 22 31 17 24 23 23 21 23 13 34 27 19 16 30 15 18 32 10 12 22 39 39 19 15 26 12 31 27 16 11 17 20 
12 16 36 24 24 32 28 19 14 13 24 20 24 20 16 13 21 18 18 28 35 28 28 14 26 24 21 19 15 26 20 26 19 24 43 27 15 29 30 17 19 21 20 14 13 15 21 22 39 11 23 15 19 32 27 18 15 22 27 28 38 13 28 19 28 27 49 11 21 14 19 44 17 40 17 19 25 47 15 26 20 19 36 10 31 21 24 16 22 17 18 21 18 20 16 4 19 20 25 27 17 37 16 26 26 33 32 21 32 18 31 19 23 20 24 21 28 18 32 11 
9 31 33 32 25 25 16 22 18 16 19 19 39 12 30 15 24 37 11 13 23 36 25 22 37 10 22 10 25 15 6 32 22 23 23 14 7 20 23 30 23 16 16 21 16 19 30 15 40 15 15 19 16 23 18 17 34 14 27 16 12 10 38 24 28 26 12 22 30 12 19 37 30 39 15 17 19 16 15 25 26 18 28 14 24 21 28 26 24 33 24 11 27 18 35 18 23 26 17 33 21 21 18 21 24 34 10 15 42 32 19 27 35 12 22 17 22 22 23 11 
16 27 26 21 16 39 28 18 21 16 9 11 32 14 24 19 19 26 18 16 39 33 29 14 30 17 17 19 31 12 20 30 21 19 29 20 13 15 24 16 25 17 27 15 13 14 27 17 18 17 17 15 18 37 23 15 13 23 24 15 22 17 35 32 36 20 24 13 31 23 14 27 13 30 19 29 18 40 11 8 26 15 25 12 45 12 21 24 10 19 11 22 28 21 43 21 15 43 19 9 23 36 21 20 13 29 12 10 10 24 25 27 30 12 23 15 25 14 21 17 
12 33 34 17 22 38 14 22 17 21 26 16 16 23 32 29 27 22 17 18 32 33 27 10 9 33 25 26 46 12 13 35 12 30 38 21 20 21 16 23 24 12 41 15 17 12 24 12 15 17 26 23 19 27 37 21 18 19 31 16 33 12 22 27 29 19 28 33 28 18 20 24 17 32 26 12 14 38 13 16 12 19 35 26 46 17 26 17 9 27 15 22 25 7 34 13 22 24 30 29 15 33 24 15 36 35 21 24 29 37 26 22 26 8 19 14 20 26 32 10 
19 30 26 23 32 32 18 19 28 15 24 19 15 11 21 22 28 33 22 30 17 21 38 14 22 28 24 28 14 13 34 23 26 11 32 19 9 17 15 24 11 10 35 16 13 21 29 25 29 14 21 35 18 28 13 15 23 28 38 21 37 15 19 25 17 21 36 32 26 23 14 36 21 30 15 27 16 19 12 25 24 21 21 17 6 18 17 25 23 35 17 22 33 35 38 23 15 37 35 32 15 24 12 16 32 24 12 22 25 34 30 12 24 9 14 21 24 26 33 8 
21 22 7 18 29 20 17 25 17 17 24 15 33 17 13 20 23 30 12 29 27 31 30 15 28 20 22 23 32 28 17 27 23 17 24 20 12 16 21 22 21 21 21 10 18 12 23 13 33 14 31 23 13 23 22 6 34 20 45 19 21 13 22 20 27 23 39 19 28 23 21 16 30 39 28 14 36 42 12 16 26 13 41 16 28 14 23 27 18 23 13 24 30 36 16 23 16 23 21 27 16 27 16 19 33 42 20 30 23 20 28 34 39 12 15 9 12 20 31 14 
15 34 21 28 31 36 19 23 14 15 26 17 23 19 33 7 36 20 12 29 39 23 27 27 16 27 17 21 20 15 10 21 19 16 23 33 13 16 29 22 18 10 21 18 13 19 27 19 28 14 27 17 15 28 21 12 20 23 27 14 25 19 19 31 38 13 38 24 20 22 9 37 17 27 14 23 15 39 14 30 15 26 38 12 15 18 22 24 10 27 14 22 23 16 34 32 15 31 20 21 32 22 15 19 23 17 17 30 27 31 18 17 43 14 23 16 16 13 29 12 
14 24 23 39 17 25 25 20 18 12 19 18 24 8 31 22 24 19 23 27 46 49 32 23 16 23 16 27 22 19 9 23 25 17 42 23 16 19 23 20 20 13 19 17 14 27 20 11 52 12 38 24 13 17 22 17 24 20 41 16 27 10 24 25 34 26 13 12 31 19 14 23 12 34 28 19 18 44 15 23 19 19 44 15 25 8 24 31 26 30 15 18 26 6 14 21 20 33 26 16 8 30 21 22 28 24 25 19 25 35 25 16 30 11 34 22 23 18 22 9 
15 22 32 27 17 23 18 18 18 13 23 17 15 14 22 14 31 16 24 14 31 36 35 17 15 20 17 21 20 22 9 35 16 16 26 25 15 22 24 27 17 14 20 21 21 25 19 15 29 4 20 19 18 19 28 7 14 14 14 17 18 19 24 33 20 21 24 33 24 19 8 25 13 17 14 22 26 32 14 27 28 14 17 17 13 19 15 29 20 21 12 14 31 13 23 17 31 10 18 40 24 26 24 24 23 20 27 20 33 21 10 14 30 14 14 29 16 17 42 17 
21 19 42 27 35 35 18 15 9 13 26 14 36 16 42 23 23 24 14 31 32 24 21 19 11 23 18 8 30 17 20 24 19 23 16 21 11 22 37 24 8 20 31 16 18 19 13 15 17 15 14 33 19 26 25 17 27 19 21 24 30 15 31 20 33 28 18 29 21 16 14 14 34 24 29 18 15 51 9 24 4 25 18 15 32 17 23 31 16 45 21 22 17 27 19 31 26 40 31 35 13 34 23 28 30 15 15 25 31 23 21 16 24 15 24 31 12 15 26 21 
17 25 23 29 18 33 26 13 11 19 28 18 34 15 35 16 29 31 24 26 36 24 15 20 18 21 14 30 25 28 17 17 16 16 27 20 15 20 19 6 26 17 27 23 19 24 30 9 19 15 14 24 12 32 10 26 25 11 30 18 35 17 17 17 26 27 33 2 24 27 18 33 17 28 14 13 23 32 19 19 19 13 29 22 27 7 30 22 17 31 18 17 24 27 23 17 15 25 19 14 24 39 17 23 31 27 20 27 45 37 34 14 25 9 29 25 9 23 30 18 
10 18 34 23 29 32 19 24 20 17 18 8 35 19 24 17 35 30 6 27 41 30 28 23 29 25 17 24 39 16 22 22 19 23 25 10 13 13 23 18 25 19 26 20 16 12 28 18 19 12 30 13 18 28 27 19 16 23 23 22 25 15 4 35 18 16 26 28 19 15 9 32 22 28 31 13 10 32 18 29 16 22 23 17 30 18 19 19 29 31 15 12 31 18 30 16 20 37 10 23 19 40 15 23 23 37 19 15 36 23 21 15 42 20 20 19 15 22 34 18 
14 39 30 16 14 18 25 20 11 21 20 9 30 13 7 6 17 29 10 33 35 23 28 18 21 21 16 19 42 16 20 19 19 20 33 19 17 21 35 32 25 23 26 12 16 20 25 18 26 13 31 17 10 29 28 16 29 36 31 13 28 19 30 25 28 18 29 30 28 20 23 36 20 24 13 21 32 29 16 27 17 20 19 23 33 14 22 24 41 34 14 7 28 24 12 23 21 29 35 24 27 44 11 22 39 15 23 16 26 36 28 35 23 12 15 16 21 15 30 24 
12 30 40 31 24 26 30 20 15 14 27 19 22 9 27 21 24 34 8 34 24 18 41 23 20 22 13 23 27 24 7 15 15 17 16 28 17 23 21 16 28 17 30 15 19 15 17 16 26 14 12 30 12 23 14 14 20 12 13 18 25 15 23 20 32 18 42 30 24 17 15 33 28 19 14 21 17 49 15 21 16 15 23 12 33 11 8 21 30 30 13 27 37 22 16 16 21 29 40 26 16 45 16 28 30 27 15 25 24 25 23 23 40 12 25 15 17 25 30 12 
15 40 27 19 22 33 22 18 23 15 27 14 29 24 35 19 25 35 13 27 28 32 27 25 15 18 15 15 13 16 18 22 10 16 20 14 11 24 28 28 23 16 21 12 12 18 20 24 28 15 33 25 16 35 29 26 30 21 32 22 36 14 31 12 23 16 39 26 37 20 7 44 22 14 17 22 16 14 10 27 27 20 31 11 27 15 12 14 23 35 20 30 29 17 12 19 7 12 28 36 18 43 17 24 29 31 14 30 33 26 32 15 9 23 29 15 19 26 20 11 
19 30 38 23 29 19 10 22 27 18 15 15 29 14 24 18 23 42 15 46 30 30 34 20 23 21 15 16 36 17 8 32 24 21 24 17 20 27 37 27 18 18 34 19 17 20 12 17 24 27 23 29 17 31 23 16 18 32 29 18 28 18 22 8 47 8 28 18 15 22 10 28 21 31 19 24 17 31 17 29 11 9 31 12 26 22 22 25 23 30 12 25 27 19 17 34 25 31 31 20 18 40 12 18 14 38 16 23 35 25 17 24 22 21 28 18 20 15 21 17 
17 22 22 27 20 37 11 15 14 18 10 23 43 13 18 14 18 28 25 37 14 22 29 15 14 23 29 13 35 23 19 25 21 21 33 24 12 17 23 21 29 9 22 12 9 14 23 28 38 15 28 32 11 27 24 25 28 15 25 16 38 17 21 16 29 21 16 20 34 33 12 32 22 34 17 18 19 35 17 18 33 16 29 10 15 18 18 18 19 22 11 19 13 26 37 24 15 40 27 46 17 49 11 20 24 40 26 26 25 31 29 14 28 13 20 15 10 23 27 14 
9 21 40 27 33 36 28 22 11 15 17 15 21 19 25 15 13 25 8 23 36 32 8 31 11 21 21 12 23 19 24 9 12 11 39 21 14 14 32 22 8 21 30 14 15 18 16 19 27 20 32 26 19 28 18 13 24 21 31 28 19 12 29 29 29 28 33 29 34 26 13 23 18 28 17 29 16 24 14 23 12 23 22 12 30 14 7 27 22 18 18 38 14 35 22 26 4 30 24 15 18 49 8 19 19 38 14 32 34 42 18 19 23 11 11 18 14 20 24 7 
18 18 16 37 20 25 34 22 19 15 37 17 28 14 25 14 22 25 15 5 38 27 27 19 17 21 19 22 18 19 12 24 24 14 38 31 19 22 22 21 12 16 12 17 17 29 29 24 26 21 19 22 7 36 21 17 24 21 32 22 34 19 30 20 26 16 29 28 22 20 14 34 13 24 10 22 21 39 17 17 16 24 29 13 36 10 17 24 32 8 18 35 26 17 18 27 22 38 31 30 23 22 9 12 27 15 14 23 29 14 12 19 38 11 20 23 21 27 27 21 
20 30 27 18 35 27 29 21 8 8 23 15 22 15 23 11 25 32 22 19 22 19 37 22 29 19 27 21 23 23 21 29 19 24 21 17 18 24 27 22 36 15 31 7 13 16 28 22 35 12 34 27 10 34 21 25 26 22 26 18 34 18 21 22 21 16 29 19 30 27 14 27 22 20 13 13 32 29 22 20 23 11 29 11 33 18 19 9 33 20 12 21 16 29 25 13 15 31 34 37 7 18 13 19 19 20 21 20 29 40 22 13 28 16 28 21 18 28 27 19 
15 15 28 27 24 29 24 20 13 13 26 23 31 10 37 27 17 39 14 22 26 29 45 14 22 11 19 27 35 31 9 34 16 18 8 34 19 17 36 31 10 20 21 19 12 16 35 20 16 16 17 16 12 24 15 18 24 21 32 13 40 12 25 32 36 17 23 24 21 16 15 47 24 27 12 23 26 28 13 21 14 25 32 16 28 14 10 25 19 22 15 23 27 20 15 27 19 17 35 30 19 23 19 18 27 25 14 11 36 40 20 8 28 15 26 16 13 24 22 12 
13 27 34 24 30 16 21 17 8 13 27 17 36 12 42 20 15 27 19 32 22 47 23 14 23 23 20 9 44 20 28 27 29 14 26 16 18 21 22 40 22 20 16 14 18 19 24 5 29 20 22 25 19 42 14 17 22 17 30 26 19 20 17 26 31 21 53 28 21 21 19 30 20 10 17 22 27 24 11 28 30 13 33 19 38 9 20 19 29 21 12 27 24 12 32 14 20 31 26 29 23 24 16 27 33 25 13 25 34 32 26 21 21 11 20 20 13 15 26 17 
10 26 29 33 22 27 10 19 22 15 21 18 41 9 37 8 24 20 21 22 30 30 28 23 27 9 17 21 28 20 13 38 17 19 15 16 14 17 19 31 18 22 26 19 8 22 20 16 22 17 29 19 19 34 26 13 24 19 25 11 15 19 21 25 26 25 30 32 20 22 16 39 13 38 21 25 21 18 15 19 29 17 28 18 32 18 14 21 16 53 15 23 27 30 26 27 20 37 31 19 27 38 21 27 21 38 21 21 27 23 24 16 25 14 34 22 7 12 32 14 
14 17 26 21 29 38 19 21 12 17 24 16 21 21 30 20 6 43 10 50 10 21 24 19 16 18 18 12 30 15 25 16 28 20 21 17 19 17 22 20 14 16 17 9 19 21 11 22 31 17 21 19 10 39 31 26 31 34 41 17 43 21 39 15 28 15 38 23 23 24 18 26 19 18 20 29 17 33 13 28 23 13 17 19 36 17 12 26 33 32 16 29 30 16 32 28 16 17 24 43 5 47 12 17 26 33 21 20 42 29 27 15 17 15 9 20 14 17 18 16 
13 24 33 22 40 29 30 21 11 12 23 14 37 17 26 27 33 13 19 24 41 40 32 14 23 13 22 16 15 24 21 33 18 21 20 17 12 25 19 26 22 23 33 18 14 12 28 24 27 13 8 12 16 31 16 13 24 18 46 15 24 14 16 30 31 20 36 30 33 19 15 29 23 50 27 24 24 34 19 15 24 20 31 19 51 12 20 28 14 37 15 28 26 29 28 32 24 24 40 19 9 53 23 25 27 30 20 11 10 48 23 21 37 19 26 13 15 19 25 11 
19 31 29 38 24 31 18 15 23 12 21 10 14 15 38 15 22 28 11 33 29 39 26 17 32 20 19 28 38 19 27 30 17 16 9 27 23 24 26 30 17 20 22 15 12 22 19 23 26 10 24 13 15 24 21 19 21 29 6 23 29 18 26 23 16 27 14 49 23 23 18 37 17 19 19 16 31 33 7 37 9 19 37 17 29 17 20 27 23 37 13 23 29 25 33 20 29 45 32 26 21 31 23 17 13 39 21 25 36 17 34 15 31 10 25 13 14 29 26 18 
17 23 28 11 26 30 37 20 13 13 31 8 33 24 44 9 19 27 15 33 29 19 24 20 31 17 18 20 28 21 20 23 16 28 24 15 20 18 13 19 21 6 29 13 20 10 25 18 26 14 26 12 18 32 25 3 26 26 27 19 25 10 20 29 39 13 36 26 15 13 14 28 26 26 17 21 10 27 18 31 31 17 27 17 27 15 10 21 29 32 18 31 23 20 43 10 26 27 31 36 25 19 14 24 27 34 21 35 29 34 20 14 29 14 19 25 18 19 38 11 
13 23 14 31 26 37 36 17 19 19 30 13 26 16 22 20 35 18 14 18 21 39 18 17 20 16 22 10 25 21 19 35 18 21 34 16 14 11 23 20 17 13 26 20 13 25 29 20 27 12 28 25 14 21 19 19 27 17 17 19 27 17 22 31 20 23 40 29 26 12 14 31 16 25 11 28 19 27 13 22 14 12 34 21 24 23 19 17 26 29 12 29 23 22 27 16 8 36 24 25 13 50 14 19 22 24 25 10 28 36 24 24 10 11 8 21 17 25 22 16 
15 16 24 19 27 36 23 24 25 19 29 16 49 16 11 24 21 27 15 24 42 20 30 18 26 29 19 17 23 20 15 13 18 13 20 27 18 23 23 18 22 15 16 15 18 10 28 24 22 19 15 25 18 29 21 13 15 17 16 26 26 11 24 24 38 20 37 24 18 17 9 23 30 21 23 15 8 35 15 25 11 19 25 10 28 22 18 20 28 19 25 18 13 25 26 19 8 36 28 28 25 16 21 17 27 19 23 34 45 25 38 15 37 11 24 29 21 23 22 26 
13 7 35 19 18 26 21 28 9 15 24 16 23 13 33 16 29 26 21 25 22 25 23 17 13 20 17 30 42 31 13 41 14 23 27 22 17 16 13 25 18 10 21 14 15 14 26 15 16 20 6 29 13 19 29 11 28 21 12 29 39 15 29 30 32 24 33 24 13 13 15 19 17 37 21 34 13 30 11 22 15 21 29 13 28 11 19 26 20 36 10 30 31 20 34 29 25 21 38 25 34 14 14 16 17 25 18 28 14 26 32 20 32 14 24 24 20 14 27 11 
14 23 43 16 31 18 24 19 22 18 22 20 22 11 26 8 23 23 9 38 16 19 24 24 13 13 13 24 18 23 18 16 19 5 21 15 8 19 21 26 12 14 23 21 17 20 22 21 21 15 27 19 18 17 17 27 22 16 32 14 36 7 26 27 19 24 34 38 29 16 20 31 12 19 19 29 28 33 21 17 22 21 9 19 28 15 7 28 27 15 13 19 26 17 24 22 15 41 17 38 23 24 16 10 16 14 23 20 37 26 20 30 36 21 24 29 14 19 24 10 
16 15 27 23 31 33 22 17 7 11 11 19 27 11 29 19 31 31 20 12 24 28 37 19 16 4 13 23 31 19 21 19 16 19 28 17 17 25 24 26 10 14 14 17 12 16 23 27 46 15 19 28 24 25 34 19 21 36 15 21 37 16 17 26 34 16 27 21 25 23 14 35 26 15 19 20 23 35 11 21 19 22 34 21 43 17 28 26 27 32 18 19 18 26 30 27 25 24 20 20 10 39 12 19 18 42 21 15 41 24 29 4 14 20 13 23 19 15 24 19 
16 29 20 15 26 38 26 8 12 18 25 13 23 17 36 23 34 27 19 23 31 22 22 17 29 21 15 22 42 19 16 30 9 27 35 17 18 12 21 29 27 16 23 25 15 14 14 15 34 23 19 20 16 30 22 15 21 13 30 25 21 9 27 14 19 12 27 26 10 15 12 27 8 28 13 17 16 22 16 24 31 20 16 24 27 22 21 28 16 28 8 8 21 21 24 28 17 35 24 21 22 33 9 10 29 22 15 26 15 13 21 17 34 13 21 21 16 13 38 20 
16 12 25 29 25 29 22 22 16 12 12 18 19 13 22 13 17 31 14 40 29 33 32 15 26 18 11 19 29 24 26 16 23 14 36 25 13 20 24 23 24 16 21 18 17 21 24 19 23 14 32 18 17 22 29 25 21 27 36 17 24 14 48 21 19 13 30 31 32 19 11 26 21 18 21 19 23 31 21 39 26 10 27 12 26 17 13 24 21 30 15 19 25 29 38 24 20 41 35 17 19 27 13 21 30 32 21 22 42 29 21 15 36 8 17 24 26 19 33 17 
17 31 22 32 32 28 25 14 16 14 32 13 34 17 15 13 17 25 14 22 22 19 28 20 4 32 19 26 21 26 16 35 19 24 42 18 11 15 19 45 25 13 24 13 12 23 35 18 31 15 15 21 16 35 27 14 23 33 27 28 20 13 29 24 21 20 24 27 35 14 16 31 4 29 16 20 22 32 14 26 18 24 32 9 15 20 20 23 23 26 10 12 26 17 26 25 23 25 26 28 25 33 14 16 25 29 24 30 21 27 19 9 29 10 12 14 29 24 14 9 
12 14 27 33 39 22 22 23 28 17 23 14 37 19 23 17 30 41 14 30 16 21 17 18 26 17 19 19 22 15 10 19 23 15 37 20 19 4 16 24 23 17 24 10 13 14 22 18 21 16 23 16 26 39 31 15 19 27 25 8 26 12 34 22 21 16 20 38 19 23 20 27 14 26 16 25 17 44 20 12 26 22 41 16 29 17 24 30 17 23 9 20 24 27 23 21 28 23 29 40 30 30 12 10 17 34 26 37 41 38 27 22 45 8 18 28 23 16 35 14 
18 22 14 13 34 31 22 12 17 17 19 14 34 25 17 21 19 32 16 26 36 34 12 9 20 24 18 26 34 18 13 16 11 17 32 20 12 26 28 30 12 20 30 16 14 20 28 24 21 12 22 20 21 30 21 17 15 21 29 22 25 9 27 30 37 25 28 41 20 23 22 24 28 21 7 28 24 23 12 23 14 21 23 22 29 6 18 22 37 34 10 19 8 25 26 21 23 34 22 34 16 29 9 22 32 23 19 39 14 32 20 23 34 14 27 18 13 19 23 24 
23 18 29 27 33 21 22 16 14 18 25 21 28 14 30 25 17 19 18 39 24 40 16 19 20 25 21 12 31 23 26 26 26 14 37 12 14 16 23 26 20 9 28 24 15 15 23 21 26 11 25 30 18 31 26 19 18 17 38 21 30 12 32 32 39 23 22 22 24 17 10 30 12 27 12 20 23 41 12 26 20 23 17 18 26 11 10 34 23 13 12 34 21 12 29 17 17 29 27 29 26 27 10 22 12 37 19 21 27 32 20 24 16 7 19 20 33 17 29 13 
13 24 32 32 26 33 27 20 8 14 21 16 26 10 37 8 30 34 23 32 13 17 15 22 22 20 9 15 35 17 7 34 18 26 22 29 18 18 30 15 29 8 28 16 18 13 18 20 27 14 26 24 12 22 15 7 16 16 30 24 1 17 30 27 40 24 35 26 18 21 18 45 24 14 30 23 27 23 15 29 19 17 28 17 19 16 24 17 30 14 18 32 23 29 12 21 9 18 24 27 16 18 11 17 24 31 14 27 27 17 31 13 34 17 13 10 14 27 28 9 
20 25 24 29 30 12 14 8 14 11 15 14 27 20 30 16 24 35 13 33 26 46 30 18 24 25 15 26 28 32 20 18 12 21 29 14 15 12 19 21 5 15 16 8 13 13 23 9 32 16 25 17 15 40 16 21 26 18 38 15 43 11 33 24 1 28 25 12 34 23 8 19 23 25 13 11 33 27 19 37 26 16 26 19 36 18 22 29 15 23 9 9 27 28 39 19 26 29 15 29 13 34 20 16 15 25 23 24 31 37 16 23 38 8 23 24 12 13 22 16 
20 20 18 32 29 14 33 14 11 10 20 19 20 17 40 9 13 44 11 39 10 37 21 20 16 16 15 10 26 17 20 31 10 19 22 26 12 18 36 32 23 18 35 12 19 30 29 21 36 18 13 25 15 23 18 13 10 24 30 25 27 14 26 20 20 30 41 15 30 13 4 15 21 16 27 20 28 19 14 14 24 21 37 8 20 14 9 12 19 44 15 32 23 27 27 19 25 23 26 38 12 20 14 18 26 41 17 32 14 38 16 10 49 16 30 22 15 14 31 15 
9 19 33 20 42 27 23 23 21 10 25 14 43 14 14 18 22 28 19 25 29 41 23 24 21 26 15 31 27 13 17 29 17 16 21 30 17 25 31 26 23 23 20 12 17 19 34 9 28 11 31 21 13 16 25 10 22 29 24 19 45 16 33 26 21 14 22 40 16 17 21 20 22 44 29 19 11 41 18 23 22 27 34 15 11 15 30 23 21 20 8 22 17 21 20 15 21 40 26 21 15 37 8 30 29 48 28 22 28 18 18 25 10 15 23 22 25 39 30 19 
19 12 11 21 39 22 24 21 16 18 18 14 27 17 31 19 10 30 19 32 40 29 11 13 24 19 17 17 35 26 13 30 20 20 30 19 17 25 31 29 18 10 19 18 16 21 28 13 29 13 23 37 18 32 18 25 24 23 27 17 31 4 23 20 27 17 26 23 19 19 14 11 24 31 25 24 30 44 15 24 20 17 17 19 47 11 9 21 11 47 17 37 35 18 39 27 12 42 20 22 26 29 18 20 38 26 23 29 29 30 18 16 32 10 14 20 22 23 21 15 
19 18 25 51 32 33 21 17 23 14 18 13 19 15 14 15 21 24 14 18 19 28 22 23 14 20 13 22 21 19 18 31 17 22 35 19 13 17 19 21 10 24 29 18 17 21 28 18 42 17 11 17 15 32 25 7 31 26 22 4 33 15 13 16 14 30 23 34 36 16 12 40 30 38 20 20 20 32 21 13 23 16 33 20 22 14 16 15 16 24 17 25 20 22 25 18 14 22 16 39 22 30 13 14 17 33 28 16 29 38 13 14 40 10 23 23 22 26 24 16 
13 35 15 29 22 27 22 18 11 20 30 14 28 10 32 23 10 34 16 36 38 34 34 16 22 36 10 15 43 24 9 31 18 17 28 16 18 16 19 20 15 23 23 13 18 16 21 24 35 9 21 21 6 15 31 19 26 29 22 12 34 17 20 49 38 9 22 35 34 16 20 32 12 31 17 19 15 35 11 35 29 20 3 20 6 19 17 26 11 28 7 26 21 15 25 33 36 42 22 27 19 23 15 35 21 21 18 19 26 33 17 21 28 14 18 11 23 22 24 8 
23 27 26 31 32 51 31 19 17 16 28 14 31 21 33 15 27 27 11 28 22 16 35 9 20 18 28 14 33 29 13 39 19 25 31 23 6 16 28 13 21 21 26 13 9 22 29 21 26 16 22 21 14 19 26 22 14 25 11 20 30 13 38 22 17 14 22 24 25 17 17 32 30 15 23 19 29 20 23 23 21 17 25 15 30 14 20 20 31 29 18 19 30 26 34 19 21 48 26 33 26 36 20 14 35 33 14 25 24 39 20 11 24 15 29 17 5 15 26 16 
10 14 32 27 22 28 20 21 19 14 23 12 26 13 33 14 10 17 14 37 28 12 24 29 19 13 27 23 20 17 19 22 20 17 32 15 14 19 21 26 26 17 22 21 15 29 19 9 33 18 29 31 17 18 21 18 27 19 29 16 28 12 27 18 13 21 34 33 30 24 14 36 16 27 12 24 21 31 13 20 20 22 41 16 23 14 24 35 23 34 13 28 41 16 33 27 23 33 19 25 19 30 4 15 19 20 25 23 30 44 26 23 30 22 21 26 32 10 32 18 
18 22 15 22 28 37 22 20 10 15 32 10 19 14 41 13 17 30 20 46 22 42 31 27 24 27 22 25 26 21 24 25 19 2 27 23 16 18 28 25 17 19 29 15 13 15 25 19 22 19 24 42 12 17 22 16 29 25 25 22 36 18 17 30 36 30 35 35 25 24 14 40 20 23 20 23 19 26 9 23 20 15 37 14 29 12 10 17 28 22 23 21 24 28 28 26 18 48 27 35 34 27 11 15 26 19 22 24 20 27 33 19 31 20 9 15 21 19 24 16 
17 18 26 30 54 35 24 23 15 19 15 19 22 19 19 25 14 43 26 19 27 44 35 14 14 7 19 28 33 25 16 32 8 16 17 21 19 11 18 27 11 11 22 12 13 24 27 23 35 13 25 20 9 26 23 18 16 3 26 22 13 18 21 24 35 16 26 29 24 16 15 35 28 35 17 25 23 39 21 10 21 10 34 14 30 9 25 25 17 22 19 28 25 22 29 29 15 38 17 40 22 20 21 13 32 33 28 29 21 14 29 19 30 17 21 20 21 16 27 11 
19 29 20 25 25 27 19 17 11 22 10 19 24 14 24 21 30 26 10 40 4 30 24 23 30 23 13 14 35 10 27 33 32 15 22 26 16 18 20 30 29 17 35 14 19 18 22 26 41 12 38 23 23 37 19 12 21 17 37 12 21 16 26 32 41 25 26 26 34 16 7 22 31 29 14 22 16 37 18 24 12 17 17 24 29 22 28 31 31 40 12 28 29 20 34 20 18 38 33 21 17 12 16 20 31 45 17 28 22 33 35 18 17 15 28 24 23 18 19 14 
16 25 16 16 26 35 25 7 12 19 33 16 25 16 21 4 17 21 26 19 44 32 8 18 15 20 18 24 15 28 11 33 17 26 22 22 14 12 28 21 16 20 28 16 14 26 18 22 35 25 23 27 15 22 20 14 11 16 27 22 29 13 35 33 23 17 32 38 22 20 8 30 25 7 16 38 20 28 18 18 15 18 28 21 20 16 19 29 14 32 15 23 32 17 43 17 32 35 19 24 21 41 18 11 19 25 17 20 24 30 27 20 39 18 25 16 16 27 27 11 
10 23 28 33 20 34 23 22 17 15 21 16 12 11 17 10 12 23 13 39 29 16 40 21 16 16 24 19 30 14 7 36 17 19 12 20 8 24 26 25 22 18 24 22 9 14 27 17 40 8 38 18 16 33 25 16 22 34 29 25 33 13 9 20 11 28 21 28 22 8 13 31 14 22 29 26 22 13 13 37 18 21 23 10 31 19 10 22 25 35 10 18 22 30 26 20 28 45 24 23 11 20 16 18 33 35 22 23 32 23 20 19 31 21 28 16 20 22 29 10 

MachineCapacities:
MachineID Capacity
0 10
1 10
2 10
3 10
