NumTasks NumMachines NumScenarios
30 4 100
TaskDetails:
TaskID ReleaseTime ResourceConsumption SuccessorsCount Successors...
0 0 6 2 9 10 2 5 9 
1 0 6 4 5 7 1 7 
2 0 1 6 3 4 1 9 
3 0 6 9 8 7 0 
4 0 1 6 9 1 2 7 9 
5 0 7 10 9 2 0 
6 0 6 1 4 9 0 
7 0 9 1 1 4 0 
8 0 6 4 7 9 0 
9 0 3 5 3 2 0 
10 0 1 9 4 2 2 17 28 
11 0 7 10 4 8 1 15 
12 0 8 6 5 7 3 25 28 29 
13 0 5 7 6 10 1 25 
14 0 8 3 6 3 4 22 23 26 27 
15 0 2 3 3 4 4 23 25 27 28 
16 0 2 2 3 4 4 22 23 26 27 
17 0 8 6 8 8 0 
18 0 2 5 5 2 1 25 
19 0 1 5 4 7 1 28 
20 0 3 7 4 5 0 
21 0 6 8 3 8 0 
22 0 7 3 3 6 2 25 28 
23 0 8 2 3 4 0 
24 0 2 10 7 8 0 
25 0 5 9 3 5 0 
26 0 4 5 4 10 0 
27 0 6 3 6 3 0 
28 0 8 10 3 9 0 
29 0 5 7 10 7 0 

26 18 28 33 30 25 27 16 23 15 25 29 17 7 19 30 29 31 22 18 12 28 17 27 21 29 25 32 12 17 17 32 31 15 11 22 23 26 11 24 27 32 29 23 30 6 18 30 20 22 34 20 14 21 16 18 23 33 34 9 16 24 31 11 24 21 15 18 24 23 18 23 24 34 40 8 24 30 22 29 24 36 22 20 13 27 20 19 20 31 45 20 23 33 26 12 35 24 31 19 10 28 22 24 18 10 22 22 12 19 26 13 7 24 22 37 26 18 23 33 
25 20 28 44 25 20 21 36 19 8 25 23 35 21 22 16 19 17 24 1 11 20 38 30 25 43 20 24 27 12 23 35 33 16 14 22 19 14 25 34 19 27 18 22 29 20 22 29 16 23 16 19 19 14 15 23 25 31 19 15 15 18 7 23 17 13 16 17 35 15 19 18 22 20 33 35 41 27 25 27 12 17 24 25 12 31 16 33 14 35 33 18 14 25 16 25 26 22 26 11 36 20 34 21 16 19 11 38 9 28 24 26 29 13 31 24 23 19 19 37 
23 21 21 27 21 22 22 26 23 18 13 23 24 20 22 29 16 24 7 13 25 39 30 26 30 20 20 35 25 15 11 16 29 21 10 21 18 14 23 16 25 25 22 44 27 18 21 29 18 21 27 25 14 31 20 17 35 27 25 21 14 18 30 18 17 25 26 14 28 36 11 19 28 20 40 21 39 10 30 23 16 12 32 17 21 30 18 29 13 28 24 6 20 18 24 20 20 17 43 26 23 14 19 34 12 20 25 31 13 27 23 20 25 18 27 28 27 18 16 29 
20 21 23 31 19 13 22 24 24 9 19 27 28 15 15 29 19 30 15 18 12 18 26 31 32 26 15 27 15 21 22 25 13 31 22 17 12 20 37 44 33 14 38 21 23 18 18 39 16 25 21 27 19 19 17 17 22 36 36 12 24 27 23 13 19 24 25 19 24 31 22 25 25 16 20 23 40 20 19 26 18 17 21 24 26 30 31 28 14 18 23 18 4 18 21 23 22 19 21 22 24 20 28 33 31 20 17 35 20 25 28 9 13 13 18 14 32 19 12 33 
16 33 17 23 20 23 15 20 24 18 32 29 29 23 13 11 27 21 17 5 23 35 25 15 40 28 25 33 24 14 19 21 28 15 19 19 20 17 19 29 22 25 21 31 30 15 12 18 29 18 23 16 7 14 17 15 28 16 30 12 12 23 29 17 22 16 24 15 21 27 11 22 18 16 43 25 33 30 37 31 17 26 19 19 19 31 16 28 15 16 19 13 24 11 42 27 26 16 35 17 31 18 40 21 9 13 11 25 22 31 34 25 22 16 30 24 18 10 13 26 
27 21 21 20 31 14 28 37 28 19 26 24 31 27 13 28 32 25 19 12 23 22 27 37 36 20 13 21 16 15 23 21 27 23 14 16 24 17 33 24 33 11 18 37 21 16 12 26 26 34 26 24 12 24 12 16 23 45 26 20 12 25 37 21 18 24 22 13 32 23 18 25 26 28 37 19 34 21 28 14 11 31 36 24 20 44 19 16 19 29 16 14 19 36 37 16 17 25 25 22 28 24 35 20 25 20 16 28 16 23 15 22 28 10 28 24 17 19 18 21 
27 8 28 9 24 16 26 23 12 16 20 12 13 28 19 20 30 22 18 15 11 24 23 26 38 31 29 24 15 6 21 22 31 16 19 19 16 10 17 20 19 27 23 32 24 24 23 27 21 30 37 30 15 23 7 15 32 26 19 13 19 16 21 32 19 33 20 18 15 27 7 27 40 22 36 16 49 15 23 13 18 16 17 17 24 25 19 18 20 33 31 15 19 29 16 25 25 19 33 16 27 26 14 12 25 16 19 41 16 30 22 19 31 24 29 21 24 15 17 31 
26 20 26 22 21 22 37 20 25 15 17 23 17 25 19 27 28 34 26 14 11 29 34 27 28 22 28 24 11 16 16 26 22 12 12 26 19 21 34 36 20 24 30 22 24 12 17 39 17 21 30 16 17 25 19 13 19 34 16 17 11 20 31 23 18 21 17 13 28 20 11 23 13 31 23 24 19 23 33 19 14 10 36 21 35 34 25 15 8 28 31 27 17 37 35 11 33 19 33 19 28 17 24 17 25 17 11 44 11 12 19 14 42 12 29 25 30 15 21 30 
28 20 20 29 26 17 25 29 16 15 23 18 18 19 16 22 18 24 6 10 21 22 35 37 35 26 28 37 14 17 19 34 40 16 11 19 13 17 22 25 27 21 28 47 23 16 17 39 14 16 25 11 17 24 11 26 20 31 25 9 22 19 33 17 19 26 26 15 19 21 11 34 26 24 37 30 46 22 29 16 20 33 24 18 22 28 34 22 17 23 25 17 18 43 28 12 34 30 34 23 31 18 30 18 13 17 18 31 19 18 18 22 22 14 34 13 10 19 17 29 
12 17 24 29 19 17 27 20 19 19 17 23 23 20 14 24 21 19 14 19 15 30 42 25 40 35 21 24 16 7 17 27 37 25 18 21 16 20 24 29 35 19 32 29 31 24 15 49 8 32 16 25 17 15 19 20 35 18 23 19 18 21 34 7 21 16 18 18 30 23 14 28 21 24 31 22 22 30 15 17 14 14 21 21 26 17 20 20 17 36 22 16 27 30 20 17 20 18 10 17 29 20 23 27 12 20 17 18 17 34 15 23 27 16 31 20 26 14 15 30 
29 16 28 6 22 23 21 18 35 19 21 20 21 15 18 16 23 8 9 16 12 34 17 17 23 12 13 28 21 15 15 28 39 21 18 20 13 22 22 29 34 27 18 23 12 18 16 31 12 14 22 26 9 19 4 27 25 35 23 12 20 18 35 21 11 22 16 13 25 30 25 31 15 23 36 19 23 14 20 6 16 21 23 22 30 21 16 18 17 24 35 18 11 28 28 19 32 23 18 27 22 16 29 32 25 18 15 30 12 31 17 20 31 15 33 26 26 6 22 36 
30 23 17 22 21 30 30 34 43 17 27 9 18 27 12 28 14 24 18 20 16 28 25 38 22 19 19 33 17 18 18 20 32 29 12 27 15 31 26 22 29 14 21 36 20 14 18 31 24 25 20 21 19 13 19 25 10 43 15 18 9 21 21 23 17 22 14 6 28 25 20 32 34 35 19 19 29 14 21 17 8 20 23 22 31 18 28 14 14 36 26 18 14 24 22 17 20 14 24 29 34 25 30 29 15 17 19 31 21 31 25 14 36 16 6 29 18 19 17 14 
25 18 23 35 24 27 27 21 20 14 10 15 27 23 8 24 22 16 21 16 11 17 24 34 18 35 10 23 24 8 20 29 46 9 18 15 29 12 23 35 33 25 18 22 27 25 23 31 13 19 21 30 21 9 16 26 23 28 11 17 16 20 35 13 21 38 8 13 31 33 25 30 37 29 37 28 33 14 17 19 14 18 31 26 22 34 13 12 21 24 33 10 19 26 23 28 33 20 23 16 26 30 31 35 19 16 25 13 17 23 19 20 36 20 31 16 20 7 19 23 
37 27 27 35 24 26 14 25 15 22 24 19 26 25 19 19 17 33 23 21 15 23 33 30 36 28 21 14 17 12 23 30 40 20 25 16 20 14 23 13 13 43 29 21 19 10 11 24 17 13 26 22 12 14 19 13 31 13 30 15 5 23 20 22 18 26 23 19 21 25 28 27 23 37 33 11 37 25 26 19 15 31 23 22 31 25 28 25 13 18 37 20 23 22 27 24 18 26 40 19 30 18 34 22 12 15 13 35 10 29 20 14 34 20 23 25 14 13 15 32 
23 23 13 19 16 26 20 8 14 15 33 18 19 24 9 25 28 32 27 23 14 36 25 24 25 28 22 29 15 17 11 20 24 21 9 16 15 8 21 31 28 17 32 18 21 25 20 28 17 16 23 18 19 26 19 18 47 33 23 16 16 14 21 31 15 13 17 8 23 16 12 31 26 39 28 20 40 21 22 22 5 8 25 26 52 21 10 14 20 43 22 19 24 33 34 23 16 30 23 22 19 17 27 23 20 13 30 35 17 6 21 10 27 19 34 15 20 14 28 21 
29 18 21 21 23 32 19 16 23 19 20 25 25 23 17 20 22 19 19 16 9 25 30 30 41 37 22 28 14 15 23 29 24 18 16 27 20 17 27 22 31 25 39 34 21 25 20 19 15 26 26 26 19 16 14 20 17 13 33 16 6 18 37 21 11 25 18 19 24 20 20 15 23 27 32 17 35 23 22 15 15 34 25 16 21 28 15 14 13 23 15 15 14 41 27 21 17 34 27 25 17 18 46 7 25 23 16 31 16 34 25 14 28 15 24 17 15 19 19 24 
13 13 31 36 21 10 28 28 14 12 19 28 22 17 20 22 16 28 7 27 16 20 31 27 27 21 16 27 11 17 13 38 29 17 9 21 23 15 27 31 31 29 30 19 27 17 12 32 11 30 33 30 21 30 19 8 26 25 21 23 15 30 26 23 24 15 10 16 18 31 21 26 17 40 30 23 19 27 33 11 17 37 15 12 22 23 21 28 17 25 7 18 21 36 24 19 30 17 23 19 15 14 22 21 23 10 14 36 18 25 25 25 20 15 14 19 21 19 23 37 
28 23 14 47 24 26 30 22 24 16 20 28 27 28 20 23 34 27 11 17 19 30 25 37 30 29 24 35 13 12 20 13 32 17 12 27 28 15 25 37 26 22 38 31 20 9 11 23 25 19 29 26 20 18 14 22 26 34 20 14 21 17 27 27 21 26 25 11 21 25 7 15 23 27 28 24 37 15 26 11 12 33 28 38 20 10 19 30 19 17 24 11 20 32 36 16 20 19 27 26 13 12 19 20 22 18 19 29 12 36 13 18 13 20 32 15 16 18 16 24 
15 15 26 22 18 23 22 25 21 10 27 16 27 23 19 29 26 24 25 15 14 22 22 28 39 41 17 28 12 17 19 15 37 26 20 17 23 21 26 20 24 27 24 28 15 20 10 28 5 40 12 23 13 32 7 19 31 10 24 15 14 17 37 26 21 13 15 23 22 36 16 29 11 16 42 30 7 11 23 19 15 19 31 16 21 36 27 20 26 23 40 14 20 38 15 21 23 19 22 22 30 14 34 19 26 17 20 32 21 29 31 9 27 12 33 15 10 13 24 30 
23 24 31 22 20 20 20 31 16 20 20 18 21 19 18 19 32 20 23 10 14 42 31 31 18 18 22 29 24 11 15 18 37 22 16 19 28 15 30 35 31 20 14 34 24 8 16 18 10 45 15 19 11 23 18 23 11 34 12 22 16 17 24 20 22 33 30 8 17 18 17 18 23 31 48 28 23 18 30 20 18 31 26 34 17 34 18 15 15 34 32 13 20 20 39 22 26 23 34 20 20 19 25 20 21 13 25 38 12 29 10 21 11 16 14 29 18 16 11 24 
27 15 23 28 18 29 29 19 19 17 20 25 17 38 15 39 22 28 20 11 16 47 36 22 28 28 23 27 23 8 17 19 31 22 21 24 17 13 15 35 21 15 21 33 22 18 18 14 13 37 43 13 19 21 11 14 17 34 23 15 27 19 34 25 17 26 20 18 34 26 22 34 18 40 25 21 29 17 28 16 21 26 25 22 24 25 12 24 14 25 32 16 24 21 24 11 25 23 22 24 38 16 40 29 31 20 27 27 24 17 21 14 16 19 30 29 9 13 26 22 
21 16 28 27 27 21 15 17 18 16 12 29 17 25 17 13 21 34 11 13 21 36 16 22 31 17 18 52 17 14 16 21 28 16 17 19 17 24 28 34 32 30 35 37 20 16 15 36 24 29 30 10 21 20 23 21 22 30 30 16 17 21 22 11 16 25 20 15 27 37 17 22 27 44 32 39 33 21 22 14 19 20 17 26 23 21 26 17 18 27 27 16 20 18 44 36 29 33 24 23 17 29 26 22 30 7 15 26 16 30 16 11 24 17 25 28 19 18 21 36 
16 23 32 14 31 12 17 21 25 12 21 29 15 21 9 14 30 38 20 24 17 28 23 36 19 35 15 50 14 13 17 30 17 6 15 10 29 27 23 30 29 18 26 14 11 26 15 33 22 35 26 20 14 24 17 25 25 48 21 11 14 13 18 14 16 17 20 21 32 29 21 25 23 16 38 11 30 22 20 24 4 34 23 16 22 21 20 21 19 29 32 15 16 37 22 22 39 34 36 22 23 23 39 26 32 12 19 37 21 27 17 15 38 16 27 23 23 11 13 13 
23 13 30 22 31 42 13 17 18 15 26 28 20 10 16 23 20 25 17 18 11 32 45 29 33 19 16 26 16 17 23 29 39 19 17 25 13 23 26 28 30 26 12 36 27 17 15 28 13 30 16 12 13 16 25 17 37 39 25 11 21 15 40 23 12 16 33 16 36 39 12 7 31 25 36 25 48 23 25 22 17 45 26 23 30 23 25 38 20 32 32 18 18 32 24 20 23 27 22 14 30 21 24 24 24 17 19 8 10 37 27 26 31 16 27 29 24 18 19 30 
28 28 21 17 23 12 25 36 13 12 24 16 20 20 16 16 19 27 15 19 10 21 24 40 30 26 16 16 17 18 16 29 24 16 21 22 20 19 21 34 30 41 25 22 16 18 15 20 22 10 26 25 17 17 12 15 27 39 13 20 21 22 23 22 15 36 22 22 24 17 25 28 29 15 21 27 30 25 33 18 19 31 22 21 30 24 30 21 10 38 41 14 21 30 30 16 29 16 35 23 25 22 48 29 20 20 16 27 7 5 21 17 31 16 32 22 16 11 17 26 
18 32 17 38 12 21 11 23 30 10 17 31 20 26 9 26 31 22 27 16 18 22 28 32 26 29 21 24 11 17 25 24 13 13 22 27 20 16 29 33 36 32 28 26 19 22 11 28 19 29 14 15 24 24 12 20 22 27 16 12 11 14 27 17 18 14 28 20 20 34 20 22 14 31 38 9 31 15 24 17 23 17 25 12 31 19 18 21 16 24 28 16 17 24 21 21 17 13 27 18 22 13 45 25 31 13 26 48 16 26 26 8 15 13 19 21 28 20 7 34 
17 10 10 22 23 25 17 22 19 12 25 27 33 22 16 24 34 27 17 22 15 26 20 31 35 29 18 45 21 3 23 33 43 20 21 11 22 20 21 27 33 23 38 26 24 9 17 8 13 14 26 32 12 16 14 28 23 20 21 17 15 21 25 19 16 29 13 21 28 20 31 23 23 26 28 24 31 27 41 27 14 35 22 20 31 28 17 19 16 36 28 19 17 23 25 13 21 13 31 21 14 26 21 34 18 16 17 19 10 21 32 27 34 14 23 25 23 12 7 17 
29 20 26 32 20 25 19 12 24 13 20 20 15 22 13 15 19 29 22 13 15 40 20 32 34 35 23 23 23 12 11 17 24 24 14 23 23 26 19 19 42 23 23 23 25 16 18 38 21 24 22 9 17 18 14 22 38 38 35 12 19 24 21 20 21 25 19 19 38 32 17 14 28 23 21 23 24 25 25 10 11 20 18 18 26 29 20 21 18 27 35 16 15 26 9 24 33 23 30 21 19 26 33 27 23 9 17 28 18 27 27 23 18 5 18 29 11 4 13 14 
24 15 17 19 16 25 22 17 34 15 19 21 20 28 15 16 24 19 17 28 12 36 25 25 28 16 18 20 14 13 16 33 31 17 24 15 18 21 22 40 35 28 26 31 22 15 14 27 13 18 26 26 21 26 20 21 19 27 18 14 22 21 18 23 23 20 25 9 24 22 18 16 24 36 25 20 26 23 18 33 14 24 21 17 30 30 26 19 20 39 27 21 15 24 22 22 20 25 22 18 30 20 24 28 24 14 20 28 16 25 23 17 35 12 20 32 12 11 10 26 
16 18 28 18 25 27 22 21 34 15 19 29 15 29 12 25 10 22 20 18 18 28 32 28 36 22 13 29 23 14 22 26 34 23 27 32 28 9 22 32 28 24 33 34 32 24 15 17 21 26 34 18 17 25 11 16 20 31 35 12 15 17 23 31 8 26 11 15 34 20 12 24 34 21 29 24 28 34 17 29 19 23 20 17 30 24 26 11 22 34 22 14 17 21 28 10 10 28 20 19 18 34 27 13 32 16 22 31 7 25 27 21 21 14 29 17 24 16 12 20 
17 24 29 33 21 17 19 24 17 9 27 28 24 29 12 24 24 28 17 9 18 35 32 27 31 31 24 18 17 9 18 20 31 20 23 19 30 18 18 30 37 25 12 47 25 16 10 7 17 14 18 15 12 19 14 27 21 29 29 21 15 19 38 26 22 14 24 13 24 31 16 18 28 23 29 21 30 17 13 27 20 21 29 16 12 31 21 14 15 39 20 16 11 28 27 31 30 17 31 7 27 22 24 12 22 12 12 34 10 20 21 17 30 17 26 17 20 12 11 22 
23 23 7 29 25 13 15 30 28 12 13 27 23 28 10 19 16 13 24 17 14 31 29 34 34 32 9 39 14 12 17 13 30 17 15 14 28 19 29 24 31 22 27 37 27 21 13 31 16 27 10 23 16 24 13 17 21 35 28 12 19 18 26 32 18 28 19 20 27 22 15 20 35 18 10 17 28 27 22 19 14 43 26 29 31 18 14 9 11 36 48 12 7 33 39 15 33 17 30 24 16 16 29 23 23 10 14 16 9 28 30 23 31 16 28 29 26 16 10 26 
21 5 30 30 29 20 17 15 27 4 18 25 17 8 16 34 24 28 17 22 17 17 23 43 24 46 28 32 16 19 18 13 27 20 9 16 22 28 22 34 33 30 35 37 18 14 17 29 17 23 26 21 26 31 11 22 35 19 13 19 16 16 14 18 11 15 24 18 27 26 21 29 22 34 33 19 38 23 20 22 12 27 28 19 15 30 23 20 8 29 24 21 13 27 44 26 35 16 30 17 17 22 27 27 31 16 18 21 16 21 24 13 34 19 27 21 26 15 19 29 
15 24 25 26 28 21 22 14 30 14 38 27 13 25 4 28 35 30 19 25 19 21 16 24 29 40 22 38 17 11 27 25 30 19 14 23 24 27 43 31 27 19 21 31 22 11 19 44 22 16 19 23 12 26 16 16 14 37 33 16 19 13 34 18 14 24 24 24 37 39 22 27 17 20 10 12 28 15 27 20 9 31 18 18 25 23 22 26 15 37 21 16 22 21 38 18 36 21 21 34 17 22 22 23 20 9 25 19 12 22 27 19 51 7 34 20 18 20 8 15 
21 19 30 35 26 18 25 21 30 19 25 33 14 21 19 31 22 16 19 18 14 13 31 24 25 36 17 31 21 13 16 20 25 12 14 7 12 26 26 42 46 24 18 25 15 19 16 30 16 9 16 15 11 15 10 15 31 15 16 16 15 20 28 28 30 14 22 15 31 15 19 44 23 20 21 12 40 28 30 15 19 28 21 26 18 28 23 24 25 31 13 13 22 21 36 18 28 21 33 18 35 23 31 28 14 13 15 15 4 39 23 17 30 14 34 28 20 14 18 21 
14 24 23 32 22 20 28 14 18 18 20 29 26 27 19 14 19 34 19 19 15 46 26 24 8 21 23 19 7 16 26 30 24 23 11 24 24 15 19 28 35 16 18 23 23 21 11 22 23 24 34 27 15 15 19 26 14 32 28 18 20 29 32 19 26 24 19 16 18 19 25 19 29 36 27 28 28 19 18 15 18 22 17 16 26 27 19 25 15 25 33 22 16 19 26 21 37 19 37 19 8 17 17 32 25 20 26 18 19 27 38 23 38 18 21 27 18 16 18 18 
22 30 23 35 16 15 19 24 17 18 18 30 13 23 15 33 28 34 15 22 18 33 16 52 40 32 18 23 6 18 17 20 22 18 22 9 26 23 25 39 37 25 36 31 27 18 11 23 16 27 20 21 24 23 9 25 18 37 13 16 11 20 29 16 16 22 27 11 13 33 12 14 32 39 24 22 40 28 10 21 21 33 14 9 29 21 22 25 18 31 31 27 17 38 22 24 35 7 31 26 26 11 23 13 16 18 23 31 18 31 16 17 41 21 28 29 16 16 11 35 
29 27 26 26 25 11 25 27 26 17 25 37 19 17 17 19 13 17 15 25 20 25 33 33 33 9 19 22 24 18 22 30 12 20 22 18 19 6 21 21 43 19 11 26 31 17 16 41 23 27 21 10 10 25 20 32 24 26 23 20 19 30 21 20 26 17 19 14 24 34 15 11 23 22 25 21 31 24 32 22 11 23 31 16 13 14 15 19 26 32 31 15 21 15 34 25 33 28 33 18 30 19 32 35 21 16 14 32 16 29 28 26 30 15 29 19 14 15 16 34 
36 28 29 11 8 19 22 22 20 14 18 26 20 19 9 24 21 29 14 25 12 26 25 19 28 29 19 32 18 10 12 20 20 17 18 27 25 5 29 26 27 28 27 36 15 23 8 21 12 33 35 27 11 32 14 16 14 32 13 25 12 26 30 13 21 18 12 16 14 35 16 35 29 22 23 22 34 23 25 17 16 19 34 21 17 22 25 24 22 33 29 21 22 31 21 16 26 12 29 19 21 13 28 26 26 15 22 30 14 30 28 21 37 19 27 38 17 14 28 30 
30 18 37 19 18 34 28 10 36 23 23 28 34 15 15 22 14 22 21 13 18 23 26 16 47 38 15 34 21 11 17 23 38 29 18 20 20 5 32 14 31 37 29 24 28 9 7 33 16 27 22 27 8 32 17 21 27 21 9 23 23 19 32 21 33 26 19 17 29 27 17 27 30 26 29 19 30 21 15 16 16 31 27 24 13 19 25 24 14 18 31 12 15 25 24 24 37 4 34 16 33 22 15 19 20 25 23 26 10 28 16 14 31 12 21 27 26 14 20 25 
22 24 19 27 16 14 31 17 18 11 18 28 12 19 17 25 24 22 23 10 14 38 23 18 25 26 17 29 18 18 16 31 38 19 15 26 24 14 17 16 38 34 18 31 27 16 15 14 18 32 34 22 19 19 8 10 43 34 24 11 17 16 32 24 26 27 14 14 30 17 18 11 28 24 38 17 29 28 31 17 6 32 25 16 26 32 17 29 9 9 28 17 19 40 23 24 33 23 11 25 18 29 28 35 33 16 18 18 18 14 28 26 25 20 20 29 9 16 12 24 
30 19 23 32 22 7 34 26 28 10 15 20 14 20 8 21 18 22 18 11 17 28 22 36 33 21 19 14 12 17 9 27 18 15 17 20 17 17 32 33 19 18 28 8 15 18 11 20 8 40 15 19 13 12 9 18 24 21 24 22 12 22 21 26 18 17 15 14 14 13 20 23 18 38 26 27 51 20 20 9 6 20 20 24 27 26 25 23 15 28 37 19 21 33 25 31 43 18 48 20 18 25 37 19 26 23 26 21 12 23 21 13 29 14 30 35 27 11 18 32 
33 21 25 14 22 29 7 22 30 17 29 29 24 23 15 18 25 22 15 11 20 22 16 25 43 17 29 24 12 15 18 27 41 11 21 10 21 8 17 39 26 29 26 35 26 24 21 26 14 18 29 27 18 17 19 29 20 33 26 16 19 16 21 27 15 19 8 11 25 17 15 20 17 30 30 20 24 15 25 16 13 16 24 28 17 23 22 14 22 26 40 12 20 42 34 26 25 9 22 29 24 29 33 37 19 10 19 26 7 19 24 14 38 14 36 28 22 17 23 12 
23 18 23 21 24 20 17 28 12 14 26 29 15 17 22 24 25 31 14 13 16 21 39 43 33 22 24 29 12 12 20 27 35 14 21 15 22 27 26 43 27 14 24 16 16 10 12 26 21 38 28 30 11 31 13 26 29 30 19 10 17 26 18 21 15 13 19 16 17 25 18 30 25 30 30 25 32 21 8 24 18 29 25 35 18 40 29 16 26 29 22 10 10 45 36 24 29 22 30 6 26 22 30 26 19 10 19 31 11 18 24 23 31 20 32 31 28 11 24 36 
28 7 18 23 27 10 28 27 29 21 26 22 19 22 17 23 16 25 13 22 11 31 22 33 38 21 24 19 10 15 11 23 32 8 14 13 16 28 15 31 17 28 27 37 32 16 15 26 17 33 19 15 18 13 16 25 37 30 16 12 20 15 23 28 19 23 15 22 33 27 18 7 17 3 24 13 34 17 33 33 11 34 27 16 23 28 15 26 14 30 32 20 22 36 33 25 34 27 31 18 19 11 38 22 24 15 22 34 13 19 23 15 37 17 27 21 20 17 17 14 
21 22 11 31 21 17 22 27 23 11 23 15 18 15 17 22 21 29 17 20 17 31 26 9 25 36 18 43 18 12 24 30 28 20 15 26 24 13 7 27 21 41 32 37 23 22 19 19 13 25 36 19 14 15 10 15 34 20 22 18 9 19 31 16 21 18 22 15 26 27 19 27 13 39 26 28 36 24 28 23 16 18 28 11 31 30 27 14 18 34 41 16 16 30 22 23 34 24 28 21 16 24 43 33 24 17 6 26 18 27 21 19 25 16 20 27 29 13 25 24 
31 18 19 17 8 25 23 18 18 14 15 31 18 21 14 20 15 34 17 20 19 34 22 15 18 41 16 34 13 18 7 8 54 23 17 14 16 21 8 31 31 41 36 22 21 18 12 28 24 25 27 23 15 21 17 23 25 21 25 13 21 18 34 13 18 22 12 19 21 33 19 20 24 32 32 17 37 24 33 18 11 20 34 21 17 26 23 16 14 34 34 15 18 22 37 18 24 30 32 14 22 23 15 14 27 19 20 44 20 20 17 13 25 23 41 23 21 13 8 27 
26 16 8 32 22 18 21 21 21 16 24 25 15 19 11 22 30 26 14 25 15 12 32 30 23 40 18 28 8 16 20 24 21 14 18 20 14 23 19 27 26 34 15 30 33 13 19 19 19 15 28 13 19 19 12 23 39 30 22 13 16 25 31 17 13 19 19 12 29 25 21 37 26 34 23 16 13 22 33 26 12 21 15 17 22 40 23 23 16 33 23 22 21 23 41 28 21 22 33 21 26 32 26 23 25 11 17 44 17 35 19 25 14 15 16 24 12 14 21 34 
17 19 21 32 20 26 16 16 13 17 26 22 27 23 15 19 29 27 14 25 11 27 19 35 30 17 16 23 15 18 14 20 47 32 18 25 25 22 17 28 19 15 34 24 30 16 15 38 21 27 41 18 17 17 17 26 22 34 28 19 15 21 38 20 19 14 36 15 20 28 12 26 36 33 22 25 16 23 32 27 11 23 28 15 20 32 22 24 18 25 35 20 12 47 36 27 13 12 31 21 28 20 23 23 27 11 24 42 15 29 21 18 24 11 37 26 29 12 13 29 
23 25 19 39 17 27 18 26 20 5 17 33 14 23 18 27 15 24 15 25 13 37 12 33 39 19 22 39 24 15 10 26 34 16 17 17 23 17 16 33 36 37 21 32 18 16 20 42 15 26 22 24 12 18 11 22 30 27 11 17 21 17 41 21 22 19 28 20 30 26 26 16 29 30 20 19 36 17 21 21 13 31 30 7 30 20 13 24 17 26 44 21 10 20 32 24 36 17 40 18 23 17 31 32 31 15 15 33 11 22 25 22 22 15 25 21 16 6 26 27 
22 31 23 17 18 15 20 25 28 15 27 40 21 14 11 18 23 23 16 17 19 46 8 30 9 32 25 34 7 14 21 23 27 20 21 14 33 18 37 30 30 23 21 19 14 24 13 28 21 22 21 22 22 25 16 15 27 21 22 16 9 16 39 6 17 22 24 20 28 18 16 14 26 23 24 6 31 14 25 12 21 5 20 20 25 25 17 13 19 21 17 22 17 40 36 13 54 30 20 16 15 26 17 27 12 17 9 29 19 23 21 20 31 21 29 26 22 16 22 34 
14 25 16 26 28 23 26 17 19 15 19 28 19 15 16 30 23 35 22 23 17 31 27 34 30 34 23 38 17 13 16 21 35 11 14 15 26 27 34 25 25 22 12 34 21 14 17 19 14 27 24 29 21 19 14 18 17 41 26 8 13 18 13 14 16 22 13 14 28 34 11 19 27 21 27 20 40 15 25 15 14 20 24 12 28 40 19 25 20 28 21 19 22 30 31 18 25 34 25 20 29 21 29 25 30 15 11 40 15 25 27 19 15 10 33 24 21 15 18 30 
16 29 26 32 30 25 10 16 23 22 18 19 16 15 13 15 31 24 23 12 17 26 32 33 37 40 15 27 10 16 21 23 44 20 15 22 16 11 10 22 28 34 38 22 23 21 12 28 18 25 8 16 18 15 17 23 19 32 36 15 22 12 15 21 8 32 22 19 8 26 21 21 34 24 34 18 31 28 14 11 16 38 25 26 29 32 11 28 24 40 30 9 10 26 27 15 36 14 17 21 27 33 26 24 11 15 13 24 19 28 16 20 40 14 23 17 20 13 12 30 
23 27 23 16 26 24 31 28 24 19 27 22 18 26 15 24 15 10 9 17 21 35 26 33 24 16 28 45 4 16 25 20 23 19 24 10 21 17 32 18 25 25 22 35 20 21 18 37 17 41 33 18 18 14 12 21 28 18 29 14 20 16 38 32 24 28 22 13 29 35 14 22 19 30 27 20 38 30 40 19 15 23 19 17 25 39 26 28 9 34 11 19 21 28 16 7 31 17 30 9 33 14 26 29 30 15 18 54 14 35 5 22 21 23 29 27 30 16 16 22 
24 27 21 33 33 27 27 16 28 18 13 31 20 21 13 32 24 23 26 12 25 31 27 33 41 33 30 28 16 15 17 30 9 25 14 15 16 18 32 16 32 36 16 31 23 10 14 38 21 17 24 18 17 14 10 16 18 29 14 16 26 16 39 27 9 16 21 16 21 33 18 19 23 24 24 22 34 19 36 20 12 15 40 12 20 24 21 22 24 33 22 21 19 22 26 34 25 18 21 23 27 27 30 27 16 13 13 36 14 21 14 22 32 20 22 18 35 13 27 24 
31 22 22 9 23 19 24 22 30 14 13 26 25 28 16 21 31 26 13 15 15 36 19 26 30 22 19 37 13 10 20 21 31 16 21 17 23 28 24 31 30 26 24 39 29 18 12 27 16 39 12 21 19 23 13 13 22 20 25 22 22 18 20 20 14 21 18 20 20 14 13 17 37 19 36 10 18 23 32 24 16 38 18 28 20 29 21 23 10 32 25 16 19 35 30 19 25 23 21 18 20 23 31 25 12 16 20 30 17 31 26 14 39 20 22 26 24 16 15 41 
11 23 17 24 12 14 17 15 12 13 14 19 22 24 20 25 22 20 17 18 16 33 31 17 34 40 28 41 22 12 20 33 23 15 17 17 21 16 20 33 33 18 33 34 16 22 16 29 16 14 28 22 14 11 12 21 31 26 34 22 23 12 21 19 26 25 14 19 26 24 12 30 20 30 26 20 28 13 34 14 19 42 22 22 4 25 29 14 22 13 32 19 19 32 31 24 25 12 34 16 30 19 26 9 21 19 10 37 13 30 21 18 22 17 15 21 23 12 12 17 
22 13 29 28 14 18 31 26 27 15 24 17 7 14 17 26 10 17 20 19 10 24 30 32 57 31 25 34 12 14 25 22 48 15 11 19 21 25 18 36 20 32 16 36 15 10 18 19 18 11 19 22 19 20 12 17 25 29 24 19 16 23 36 22 25 27 25 12 34 26 15 17 12 20 27 20 32 30 22 22 15 27 40 18 30 27 27 21 15 32 33 13 21 37 27 12 40 33 35 32 23 21 29 28 24 14 28 31 15 30 35 18 19 17 23 29 15 13 19 24 
31 16 15 24 20 26 27 33 11 21 22 16 21 17 17 26 30 13 16 26 14 47 19 31 22 16 15 30 21 18 15 23 26 16 14 18 28 16 29 23 20 21 23 28 18 9 20 32 16 22 30 24 7 20 17 21 24 4 33 9 18 22 35 29 13 20 14 14 23 31 30 20 25 30 41 25 36 18 16 15 13 33 18 13 32 26 20 26 5 26 27 23 27 27 32 23 18 23 15 13 30 12 34 25 23 17 22 33 15 29 11 31 27 17 33 14 18 19 17 27 
22 15 36 42 25 24 32 22 22 15 24 33 16 10 20 20 27 34 23 21 18 28 21 25 34 18 8 26 17 15 17 8 34 23 17 13 23 23 24 31 16 17 27 41 15 21 19 34 21 30 33 25 21 16 21 19 21 38 20 14 11 18 25 20 18 28 8 16 37 32 17 27 29 27 20 24 41 18 24 28 12 33 38 31 22 24 20 25 21 40 40 18 26 21 32 13 39 16 22 17 33 18 13 31 13 16 19 33 15 26 15 20 21 12 15 25 28 18 25 13 
32 32 28 45 14 16 25 19 22 14 18 23 19 14 21 30 25 30 27 33 18 22 15 34 26 24 22 40 18 16 21 22 34 25 16 17 25 19 20 23 13 19 23 25 21 18 20 41 23 18 24 22 17 14 14 12 17 20 24 12 23 16 37 34 22 19 14 11 18 23 16 16 19 39 28 19 21 22 24 20 12 30 22 24 16 31 19 30 13 32 46 18 25 29 24 17 40 18 23 22 24 14 24 31 22 13 21 11 18 16 25 12 17 16 17 30 24 16 21 31 
24 19 19 9 31 27 34 10 22 11 18 22 24 30 14 26 26 36 15 16 18 9 22 35 42 32 18 38 18 16 25 16 37 17 19 15 18 20 23 30 32 9 16 32 15 9 15 28 20 33 25 14 15 17 15 18 23 26 22 15 10 21 28 17 16 32 15 15 30 30 12 29 23 25 27 13 29 14 28 20 15 39 41 26 33 44 27 14 29 47 32 11 23 38 36 21 39 8 19 23 18 10 32 44 19 6 18 37 12 32 23 23 16 15 27 17 20 18 17 24 
17 20 23 26 26 16 28 25 29 13 26 16 15 20 16 25 20 30 20 13 18 31 26 16 16 26 13 30 21 8 18 29 32 17 14 10 26 19 16 27 34 21 26 22 29 20 6 35 18 25 26 21 18 22 13 15 24 24 35 12 20 22 44 16 22 27 41 14 21 27 13 31 15 22 30 25 26 31 23 16 9 27 36 21 25 13 37 21 14 33 34 22 18 32 16 25 34 12 17 15 23 17 41 36 21 15 12 27 19 29 20 19 50 21 31 31 18 15 16 27 
17 23 25 15 22 23 20 27 22 13 23 27 11 22 15 22 21 18 14 18 24 27 18 29 12 22 28 33 17 7 18 29 33 19 19 13 21 18 21 24 19 25 22 41 14 16 14 19 15 25 26 25 20 29 11 31 14 23 18 17 12 17 12 16 14 23 17 18 31 27 16 34 25 21 41 26 22 20 20 26 11 31 33 7 14 22 29 18 15 32 22 11 10 21 23 23 30 25 25 14 38 19 46 19 30 16 12 31 15 20 21 8 23 19 8 18 21 18 14 31 
18 27 28 32 16 24 26 21 20 18 28 50 21 19 16 16 16 33 25 18 13 26 29 38 28 31 19 39 16 18 16 14 22 17 12 20 23 22 39 19 29 26 21 24 25 12 12 10 26 26 35 28 19 22 16 14 21 32 40 18 13 20 23 26 23 26 12 16 34 38 12 25 18 31 30 32 14 26 24 14 12 35 29 20 36 32 25 18 18 36 45 20 26 33 26 6 34 8 21 21 28 20 34 13 32 18 27 28 6 20 30 22 39 19 28 20 22 16 16 24 
24 17 14 38 32 29 16 10 22 18 20 25 20 17 13 23 28 32 14 10 14 20 19 29 24 23 22 26 16 9 11 25 41 17 11 18 23 13 21 32 18 26 20 40 20 21 12 36 22 18 26 5 17 14 10 16 39 23 16 14 10 18 27 18 12 18 23 13 18 26 25 19 19 24 36 19 28 28 18 13 16 13 38 21 27 20 34 21 22 38 23 15 11 34 32 14 31 23 27 21 20 25 45 32 17 17 26 28 18 11 19 12 44 14 15 21 19 15 16 13 
18 21 17 22 21 18 20 22 30 20 30 29 26 20 14 29 24 26 11 13 18 33 24 23 42 13 20 21 19 16 15 19 16 13 16 23 22 18 28 43 38 38 16 26 13 15 14 30 14 8 30 26 11 29 16 16 25 23 23 21 14 26 35 10 20 20 19 23 16 35 17 23 27 31 28 15 43 27 32 13 14 9 22 26 29 18 28 23 21 32 46 12 24 36 43 10 28 16 31 19 20 26 41 32 22 9 11 33 10 18 26 15 21 14 28 26 14 16 15 25 
29 18 24 23 25 16 32 20 27 11 3 17 12 19 14 26 21 24 19 19 22 20 27 28 42 40 12 21 18 15 21 21 26 22 20 24 11 19 27 36 36 39 24 47 13 13 8 34 23 14 28 17 26 24 16 10 20 27 24 17 17 18 32 10 16 22 7 16 17 36 19 32 22 30 20 22 25 18 17 13 19 21 40 4 30 12 19 13 18 22 30 16 18 40 24 19 32 33 43 28 21 15 33 26 17 25 20 32 20 13 9 15 35 14 33 22 18 12 20 20 
15 20 23 31 20 20 10 22 27 14 16 29 22 16 11 24 22 22 20 26 14 21 20 32 41 27 12 39 20 11 17 17 35 17 22 16 20 25 7 11 13 12 36 40 23 7 17 17 14 21 29 21 10 22 17 20 35 29 18 8 9 17 28 13 19 13 17 12 28 37 14 25 26 25 31 22 50 25 31 31 9 33 24 10 27 43 9 17 19 33 23 19 19 30 40 16 15 31 24 22 27 18 35 33 13 19 19 27 11 27 16 23 41 15 17 21 29 19 14 17 
37 21 24 37 24 20 26 22 18 20 20 37 18 14 14 15 26 26 22 21 13 35 20 30 23 24 33 35 11 14 16 25 22 25 16 24 18 17 26 24 28 14 22 31 19 26 19 23 19 35 21 23 7 12 14 30 26 28 36 16 20 17 32 22 20 26 17 10 22 31 12 26 34 34 39 19 34 34 30 19 9 30 24 21 26 30 28 6 15 34 29 16 13 20 48 21 38 19 19 24 21 24 24 22 18 13 22 38 17 17 24 23 23 18 31 28 25 10 14 31 
17 26 18 18 18 20 16 20 11 13 23 24 16 18 13 18 32 13 21 21 16 37 38 34 14 43 25 27 25 14 25 29 21 18 14 18 32 28 15 34 20 34 33 37 21 13 17 45 18 18 29 27 15 27 12 15 33 24 19 12 13 17 34 20 18 21 21 22 25 36 20 25 16 19 19 25 35 28 21 20 17 24 37 7 18 25 19 28 8 32 30 14 16 31 27 19 36 23 16 32 32 28 35 38 25 19 18 28 19 25 15 24 28 12 38 9 22 18 26 20 
19 10 22 36 26 29 26 18 28 17 28 13 15 26 14 21 19 20 13 14 19 14 26 48 37 30 17 25 15 14 17 10 35 7 14 15 23 28 34 26 33 18 18 35 30 12 16 31 14 26 37 4 11 20 8 17 27 22 25 13 22 16 26 17 16 12 20 15 47 23 19 28 21 29 28 25 22 19 29 20 21 36 31 15 18 37 10 11 14 34 38 23 18 34 34 25 32 22 30 20 20 14 20 30 20 17 29 32 16 33 22 22 25 22 26 37 10 14 13 33 
16 16 25 28 16 23 27 20 39 20 28 19 17 23 15 25 37 17 23 30 13 23 26 23 27 30 12 44 15 12 14 29 18 16 18 17 17 20 16 32 17 22 30 35 24 17 25 35 13 24 20 24 13 30 14 19 44 21 21 17 21 23 26 24 19 23 24 18 25 21 20 23 26 24 37 25 40 16 24 9 19 20 23 25 26 32 24 12 25 19 17 17 27 40 23 17 37 22 11 23 23 31 17 33 30 16 13 27 15 20 34 9 13 28 23 16 22 10 14 26 
17 11 19 23 32 22 24 16 21 26 32 27 21 23 17 20 23 22 17 17 10 25 31 21 18 23 18 22 12 11 24 16 25 26 17 12 13 20 23 22 21 35 35 38 23 23 16 10 14 24 16 28 18 16 12 21 20 21 25 15 31 16 24 14 17 16 16 11 29 21 18 31 41 25 30 17 20 19 19 27 15 31 37 22 14 43 22 30 12 16 41 16 25 31 25 18 23 21 26 14 20 16 13 30 24 17 22 40 18 32 10 14 35 10 20 20 13 16 15 46 
29 25 30 29 29 17 25 19 23 13 16 22 13 23 17 19 33 27 23 17 9 23 30 20 37 28 16 33 16 19 24 21 19 21 10 17 19 23 27 29 27 33 28 26 33 19 17 26 26 17 12 14 19 26 15 15 35 23 17 20 20 20 36 18 17 12 20 17 25 22 27 18 26 26 33 19 27 19 30 13 11 37 30 23 35 30 23 21 23 24 25 4 17 42 31 17 27 18 26 12 20 27 33 20 19 18 9 11 9 22 31 15 21 18 12 30 24 11 20 19 
21 23 28 34 18 22 23 22 14 7 24 19 24 22 19 37 28 31 25 22 22 38 20 40 40 22 21 27 21 15 19 20 18 17 17 14 15 7 27 27 20 35 31 16 26 9 18 21 11 25 25 29 18 27 11 12 16 20 38 9 6 21 18 19 26 13 12 7 29 29 22 21 26 32 38 16 44 18 18 22 13 25 19 11 23 21 25 22 17 38 20 7 22 30 24 21 26 19 27 25 27 19 34 20 16 16 22 25 7 24 10 27 23 15 26 19 22 12 13 33 
17 28 26 15 12 14 18 26 33 15 23 26 25 6 19 19 16 21 13 16 30 34 15 34 25 23 20 29 16 16 24 27 28 18 19 18 16 19 29 35 24 30 17 40 20 24 8 37 11 19 22 30 12 10 15 15 26 37 12 20 23 22 35 28 18 19 21 11 27 29 23 31 20 24 32 15 33 25 22 21 23 24 38 27 13 20 16 20 20 23 30 23 21 32 22 13 37 22 25 20 32 21 37 13 26 16 26 25 16 26 23 17 25 14 30 24 24 14 20 28 
28 20 20 28 22 21 23 10 22 20 28 33 28 21 18 27 13 25 16 21 15 33 31 30 39 30 23 12 18 15 15 22 25 15 20 26 24 15 28 15 20 17 29 25 15 14 15 36 11 27 30 22 14 29 21 15 13 27 24 15 18 18 39 27 15 32 16 15 28 45 14 20 26 33 14 10 28 16 36 20 17 31 31 19 29 23 21 31 14 23 30 17 20 35 34 27 23 18 21 28 25 15 33 22 13 14 20 29 6 20 14 25 29 12 7 19 19 14 24 44 
13 16 13 28 25 24 22 24 19 12 27 25 27 20 20 24 24 28 19 15 15 23 28 18 28 30 24 24 9 14 19 29 22 24 17 24 28 13 18 30 17 32 24 39 25 17 18 25 13 30 36 10 17 27 12 21 34 14 24 18 20 24 31 14 14 21 10 18 10 28 19 28 32 45 27 18 28 13 27 17 15 34 31 17 39 33 16 18 24 33 42 12 26 35 26 32 21 33 34 22 21 24 23 23 15 24 15 25 16 25 19 24 30 14 42 11 31 10 4 19 
19 16 28 18 18 13 30 28 12 17 16 18 20 24 16 27 19 28 9 18 19 17 23 31 39 36 19 38 8 15 15 26 45 15 8 20 22 23 20 27 38 23 33 46 19 19 15 21 18 21 20 15 14 29 14 18 30 34 19 9 23 12 25 25 18 17 10 15 24 35 21 41 19 34 29 25 33 20 25 26 9 42 4 24 15 20 15 13 22 13 43 10 17 14 19 6 16 20 22 18 18 16 41 33 25 13 12 25 22 31 19 21 28 16 33 22 28 18 19 30 
31 24 27 27 34 23 22 22 28 22 30 25 23 30 22 27 28 20 19 17 20 53 19 33 28 38 21 24 20 15 19 17 30 17 15 10 11 12 22 24 29 22 23 23 15 13 22 15 25 23 31 16 7 19 22 19 25 10 37 12 16 17 25 18 15 27 19 18 26 14 23 22 15 34 30 22 32 30 14 28 21 24 32 14 29 24 16 24 8 28 41 20 21 43 34 19 21 21 16 19 26 25 23 7 31 15 22 23 12 20 18 21 36 10 36 10 20 17 14 34 
21 7 25 20 41 23 26 25 10 23 11 28 21 19 23 9 23 17 21 18 16 37 21 38 38 37 29 35 12 13 12 22 26 19 12 12 21 29 15 14 26 23 26 26 18 26 13 35 23 30 32 16 24 20 8 9 32 8 20 15 12 14 24 25 18 13 14 18 40 33 16 37 20 27 30 21 42 20 18 14 14 33 10 21 29 24 18 19 19 24 31 17 32 29 26 13 21 24 22 13 28 18 24 17 24 14 18 36 19 25 25 20 25 15 35 19 17 15 7 49 
19 15 13 32 23 18 25 18 22 11 19 25 26 18 14 10 23 9 24 20 15 21 32 50 34 25 13 23 8 15 20 29 20 21 15 14 23 20 34 22 23 30 13 20 17 23 15 32 24 7 12 22 17 23 11 21 29 41 11 14 10 13 20 23 19 24 15 22 27 27 20 31 30 15 22 16 22 21 18 19 23 31 35 27 28 9 25 22 27 26 31 12 20 18 32 20 26 23 23 23 21 17 22 19 23 17 9 28 13 35 25 19 9 10 26 31 19 15 18 21 
28 31 13 31 19 19 23 19 26 23 25 22 21 23 9 17 20 31 25 15 15 36 22 29 20 21 16 29 17 20 18 14 29 25 19 17 23 9 23 36 25 15 38 10 28 22 13 22 20 22 17 28 22 20 9 16 13 28 25 18 12 7 13 25 19 21 16 10 38 27 14 19 33 30 29 29 24 18 24 23 23 32 24 20 18 27 30 14 19 30 37 18 11 39 26 16 22 20 28 21 32 30 36 30 28 12 17 28 17 13 23 18 31 17 28 27 26 14 22 39 
14 12 23 24 18 24 15 21 20 18 19 42 15 20 13 30 16 39 25 17 20 36 28 17 17 35 21 33 14 15 25 16 38 26 12 23 25 13 22 29 35 29 30 34 11 22 19 34 22 44 10 28 15 23 16 18 26 25 30 7 15 14 26 26 15 13 20 10 34 31 18 28 24 39 37 24 27 30 12 22 17 30 25 25 28 20 25 20 21 32 26 28 20 36 30 25 25 14 25 19 30 23 23 17 29 13 21 28 16 19 19 17 26 11 38 28 21 15 14 23 
31 25 6 33 20 30 32 21 27 13 14 16 26 29 20 20 22 31 12 14 21 15 29 28 27 33 21 26 24 15 17 18 12 23 22 20 25 12 20 27 40 19 27 24 22 6 14 32 20 20 23 32 18 18 17 18 28 26 23 11 13 27 31 15 12 19 18 15 21 37 15 19 25 17 35 29 23 27 25 13 19 28 33 21 20 24 10 18 17 35 13 17 7 23 34 18 43 35 28 15 28 8 34 23 17 18 15 12 16 37 18 16 23 14 36 20 17 14 9 26 
19 28 25 25 21 20 31 25 27 14 17 23 19 9 13 25 21 22 23 24 21 20 19 31 33 34 20 18 23 14 21 23 40 12 3 18 19 14 38 40 18 11 24 25 28 15 17 38 18 24 24 18 14 23 11 16 33 19 20 18 20 21 20 18 27 26 25 18 26 27 22 16 22 28 34 29 20 22 24 25 20 22 25 27 28 32 11 24 18 20 43 13 15 28 34 20 27 23 21 19 22 22 34 29 26 21 22 34 12 27 32 20 21 16 27 13 29 21 13 31 
20 30 17 25 22 18 22 12 27 19 25 12 20 17 21 22 22 22 23 20 13 29 20 36 22 25 17 51 13 14 22 28 20 22 20 22 16 12 31 34 23 19 28 28 19 17 19 12 17 19 33 14 19 23 13 21 12 12 33 14 17 24 25 26 19 19 19 25 30 17 22 27 28 23 28 25 29 16 20 12 16 18 36 10 24 20 28 33 10 33 21 17 16 34 28 13 18 17 30 27 14 22 35 31 15 10 19 39 19 32 16 20 26 14 39 22 19 16 22 26 
13 19 9 27 9 19 31 23 21 8 18 29 26 17 15 15 20 26 12 22 17 45 26 28 21 17 16 17 19 25 11 27 21 26 19 24 23 18 30 43 16 31 16 22 17 14 18 32 23 38 15 26 20 32 13 19 29 31 18 18 7 16 25 17 18 23 28 20 19 20 19 30 24 27 31 10 34 22 28 17 18 32 24 21 21 10 20 16 17 18 18 5 25 17 30 9 34 26 23 23 20 29 41 17 18 14 20 13 14 15 33 15 2 14 26 16 27 16 16 26 
20 18 13 25 28 27 19 17 23 17 27 31 26 24 24 24 29 10 8 17 8 30 14 37 26 24 17 33 12 16 20 28 48 27 13 21 24 10 21 28 28 28 20 44 21 12 21 14 15 19 16 19 21 29 13 25 27 25 18 8 18 24 23 19 15 30 19 15 24 38 15 13 18 38 23 33 31 28 23 12 15 35 29 7 17 24 28 6 19 23 34 16 13 22 24 9 20 22 29 22 42 24 27 31 17 22 22 44 15 27 24 16 21 16 34 17 23 15 29 20 
27 18 29 26 25 18 19 17 28 14 18 19 16 18 14 26 15 24 23 19 7 29 17 26 29 20 16 26 19 13 18 28 46 9 18 16 31 25 28 31 35 9 32 28 28 20 17 12 19 24 36 17 19 12 13 20 37 21 22 17 12 20 26 13 18 12 25 17 16 21 17 32 24 23 27 16 31 26 29 8 19 17 28 28 24 21 19 14 14 38 23 18 26 29 36 21 29 20 21 27 32 12 19 25 22 13 24 34 23 23 19 11 48 9 26 29 16 16 21 15 
24 15 15 16 18 11 19 19 23 8 11 28 17 39 21 26 27 40 12 15 19 33 14 33 29 33 17 39 16 16 18 18 43 18 16 12 20 15 26 23 6 17 24 19 15 24 10 27 20 18 22 29 15 27 5 27 25 32 23 6 15 16 37 23 19 32 25 16 13 39 14 32 32 38 26 23 32 22 29 16 13 23 30 22 22 28 27 24 19 34 46 15 19 17 27 23 25 17 28 27 20 23 15 27 33 17 19 26 19 29 16 10 31 19 32 17 21 19 19 16 
29 22 26 22 20 15 32 21 16 10 13 18 17 26 14 22 29 26 27 18 23 33 30 32 33 21 23 32 20 17 8 26 29 10 17 24 20 15 22 20 45 19 23 17 15 12 16 20 22 35 20 7 20 15 15 15 28 35 20 19 14 18 14 26 13 26 16 15 33 19 18 32 25 23 26 19 29 22 15 17 22 42 34 24 14 21 29 26 25 20 25 16 26 23 29 26 9 28 37 33 17 29 31 36 10 13 17 33 5 35 26 17 24 12 22 31 26 20 12 26 
26 21 19 13 34 16 21 23 26 12 20 25 28 23 21 26 16 25 23 18 22 25 27 40 14 30 20 14 20 20 17 11 42 36 18 16 26 18 21 29 29 13 25 40 22 17 11 25 20 25 18 20 14 21 21 17 19 44 28 11 11 17 31 23 29 16 29 13 31 23 20 22 20 20 38 20 24 24 19 7 19 24 40 18 37 18 27 20 13 33 35 30 19 24 19 43 23 20 35 14 19 21 24 15 18 13 20 31 18 20 30 14 45 12 19 14 6 18 10 29 
32 12 13 34 25 28 24 14 26 9 17 22 13 30 16 18 22 26 12 15 12 22 21 29 33 28 20 30 25 9 24 21 29 21 16 13 20 13 25 30 25 36 16 37 24 19 15 30 13 25 20 34 16 20 10 21 15 39 30 19 17 23 33 30 16 23 30 19 36 18 25 14 22 34 23 12 34 15 26 18 14 35 37 29 14 26 23 22 13 27 25 9 14 26 18 23 24 16 30 31 22 19 39 27 24 19 15 30 10 19 18 17 35 23 27 26 31 12 22 39 
25 10 18 28 23 25 31 26 19 17 22 31 19 36 18 21 18 29 20 21 11 31 30 35 35 26 21 18 11 16 15 24 27 15 13 18 17 17 19 25 31 39 18 40 22 17 20 24 12 17 19 22 16 30 15 20 24 28 21 22 17 20 26 27 18 19 26 18 35 22 12 32 28 19 35 18 17 19 23 19 14 31 32 16 18 15 26 21 17 29 30 15 14 25 16 24 33 16 36 19 24 20 17 20 26 12 19 28 19 24 23 20 19 15 19 9 31 17 14 30 
13 19 26 35 26 18 13 9 19 24 11 27 14 12 13 19 21 15 25 11 18 42 25 28 13 31 26 25 23 14 23 35 22 27 15 22 24 20 19 24 11 31 28 24 23 18 15 17 24 30 28 16 11 22 18 11 26 28 22 21 22 16 21 24 17 21 13 22 21 15 10 12 37 33 38 13 23 31 33 19 19 45 22 20 19 20 19 21 11 33 37 18 14 24 35 9 20 26 22 15 24 19 12 20 17 13 21 28 18 26 7 19 38 10 29 25 18 22 27 28 
27 19 19 30 29 24 24 28 22 11 15 18 24 26 12 14 20 26 24 13 13 42 41 20 15 23 22 33 17 12 23 30 32 17 8 14 22 14 29 26 21 20 15 35 28 24 16 21 24 34 11 27 15 22 20 25 22 34 21 18 22 16 30 28 21 27 33 16 32 15 20 27 17 34 33 19 34 13 24 17 23 25 31 9 23 24 20 13 13 36 32 20 20 29 23 15 7 18 21 20 28 18 12 11 11 16 20 23 16 25 8 19 33 14 22 32 16 11 18 25 
22 14 24 10 20 10 16 18 18 17 23 28 23 20 16 19 11 20 25 15 23 24 26 41 35 25 20 35 15 22 18 31 18 25 17 20 18 25 35 26 28 39 42 35 25 15 16 31 16 18 16 34 4 14 18 14 30 31 35 12 16 28 22 17 28 21 22 15 29 24 16 48 11 30 30 42 43 22 31 24 24 39 24 26 22 30 9 22 19 37 20 26 24 21 44 18 35 12 28 25 18 26 33 22 21 10 19 12 8 35 10 17 40 16 36 28 7 23 18 21 
18 11 25 21 15 19 20 10 25 12 12 31 8 22 11 17 16 10 19 21 17 47 23 30 20 29 11 31 10 12 15 19 46 14 19 17 21 15 44 26 20 22 27 20 23 18 19 27 26 19 20 23 15 19 18 16 26 22 25 14 15 22 15 19 20 7 20 14 27 23 18 24 21 35 29 29 32 27 31 24 15 21 19 18 24 27 23 32 13 10 32 13 19 21 16 21 18 24 14 17 7 25 42 26 24 11 15 25 13 38 21 20 12 12 21 24 18 14 8 33 

MachineCapacities:
MachineID Capacity
0 10
1 10
2 10
3 10
