NumTasks NumMachines NumScenarios
20 2 10
TaskDetails:
TaskID ReleaseTime ResourceConsumption SuccessorsCount Successors...
0 0 8 1 1 1 
1 0 7 3 2 2 3 
2 0 7 2 0 
3 0 9 7 2 4 5 
4 0 2 10 1 6 
5 0 1 7 1 6 
6 0 3 2 0 
7 0 7 5 3 8 9 10 
8 0 8 3 2 11 12 
9 0 2 7 2 11 12 
10 0 10 2 2 11 12 
11 0 6 3 2 13 14 
12 0 7 2 2 13 14 
13 0 4 7 2 15 18 
14 0 7 9 1 16 
15 0 4 1 1 16 
16 0 4 6 2 17 19 
17 0 6 7 0 
18 0 9 5 0 
19 0 3 9 0 

36 9 17 14 23 4 9 17 19 32 15 29 22 24 28 30 35 14 33 22 28 34 14 13 17 17 14 10 14 31 24 9 8 16 31 30 15 18 10 32 
20 8 27 15 10 22 9 26 22 29 16 41 50 31 14 34 27 11 46 20 19 33 24 18 47 25 13 20 23 26 20 8 10 9 26 20 20 4 13 32 
23 14 17 15 17 15 12 24 16 34 15 35 22 24 30 21 19 10 20 14 19 18 26 12 22 21 10 18 19 24 15 9 11 12 22 26 13 11 15 36 
22 12 18 7 21 21 15 31 14 42 15 32 32 19 22 31 25 17 38 30 12 24 14 19 28 35 7 19 12 23 20 14 15 20 13 19 18 14 10 12 
11 15 19 16 10 17 14 31 16 29 16 29 20 23 31 39 25 8 28 13 12 27 12 12 22 27 13 16 26 16 23 10 9 29 18 19 20 13 10 24 
19 9 28 13 6 12 16 22 18 25 12 19 28 30 23 19 20 17 35 22 18 26 31 13 39 28 12 14 20 32 9 11 10 23 9 25 17 10 12 30 
24 8 13 14 21 28 13 10 15 22 19 23 30 26 12 27 25 16 30 25 20 25 14 18 18 29 6 13 18 31 13 9 15 12 18 25 17 18 14 19 
26 9 22 10 21 20 13 20 14 22 16 22 41 23 12 21 14 11 11 21 24 26 21 17 33 17 18 10 18 30 18 8 8 26 25 19 19 14 14 30 
25 6 34 13 12 12 14 21 24 23 15 32 27 10 31 26 26 16 43 17 15 32 28 22 38 15 8 16 21 35 13 11 9 25 19 16 19 17 12 16 
40 9 22 13 29 24 14 24 21 40 15 34 17 22 37 29 36 17 26 21 16 29 18 13 38 12 18 15 27 22 17 14 8 19 23 14 23 12 14 36 

MachineCapacities:
MachineID Capacity
0 10
1 10
