NumTasks NumMachines NumScenarios
20 2 10
TaskDetails:
TaskID ReleaseTime ResourceConsumption SuccessorsCount Successors...
0 0 6 6 2 3 4 
1 0 2 6 2 3 4 
2 0 9 2 2 3 4 
3 0 5 3 3 5 6 7 
4 0 6 7 2 5 6 
5 0 7 7 2 8 9 
6 0 8 7 2 8 9 
7 0 4 6 2 8 9 
8 0 8 1 1 10 
9 0 2 3 1 10 
10 0 2 8 1 11 
11 0 6 7 0 
12 0 6 5 2 13 14 
13 0 1 3 1 15 
14 0 8 3 2 17 18 
15 0 4 3 2 16 18 
16 0 7 6 1 17 
17 0 9 1 1 19 
18 0 9 3 0 
19 0 2 5 0 

15 42 31 29 25 15 10 12 14 2 18 18 24 24 14 14 33 27 34 14 26 14 11 10 50 19 40 18 29 30 24 22 14 12 18 22 22 26 15 37 
18 20 35 14 27 17 26 11 14 16 19 24 33 21 19 11 16 30 28 23 23 18 19 15 44 11 32 23 20 25 29 19 13 13 36 17 24 35 20 39 
15 33 26 27 27 16 18 13 27 22 7 15 28 18 16 12 32 29 21 19 36 20 31 19 26 8 23 19 38 31 23 33 11 11 33 14 32 21 9 38 
14 40 16 28 13 17 17 19 14 10 18 24 48 35 22 10 22 18 25 21 31 8 31 21 44 21 23 14 31 22 11 44 11 14 29 16 17 22 25 30 
18 27 40 29 16 18 18 15 21 12 10 23 28 19 41 15 31 15 32 16 21 25 21 10 38 15 31 14 25 21 27 26 14 10 25 26 23 31 19 23 
12 30 26 12 23 9 14 16 12 18 14 24 30 25 27 7 15 28 20 23 26 19 23 20 32 12 24 14 32 23 20 35 10 12 10 29 29 17 31 29 
13 2 20 24 23 13 9 19 13 16 6 23 41 14 27 17 21 32 39 21 38 14 18 17 25 13 17 17 25 20 16 34 15 11 33 22 24 17 8 31 
11 41 22 26 28 17 16 17 18 17 16 16 27 14 12 14 19 46 44 14 38 17 22 17 37 17 27 9 33 38 24 36 7 7 19 17 26 32 17 32 
16 19 24 30 10 17 22 15 15 18 12 19 34 24 29 11 29 28 22 16 27 23 30 16 31 17 30 11 39 20 24 31 15 10 40 24 31 37 29 32 
12 24 38 40 30 9 28 16 15 18 9 27 46 34 28 10 26 26 17 28 19 19 28 22 17 17 27 15 16 14 27 28 11 11 32 29 36 35 18 18 

MachineCapacities:
MachineID Capacity
0 10
1 10
