NumTasks NumMachines NumScenarios
20 2 10
TaskDetails:
TaskID ReleaseTime ResourceConsumption SuccessorsCount Successors...
0 0 9 4 3 2 3 4 
1 0 6 6 2 3 4 
2 0 4 1 2 5 6 
3 0 3 1 2 5 6 
4 0 4 1 1 5 
5 0 10 5 0 
6 0 5 6 0 
7 0 10 1 1 12 
8 0 9 1 1 10 
9 0 6 2 1 12 
10 0 5 2 1 11 
11 0 5 3 1 12 
12 0 5 1 2 13 15 
13 0 6 8 1 14 
14 0 10 4 2 16 17 
15 0 3 4 2 16 17 
16 0 1 8 2 18 19 
17 0 5 7 1 18 
18 0 7 5 0 
19 0 6 7 0 

22 22 18 31 26 20 24 11 24 25 16 25 23 7 30 30 12 13 13 12 44 15 26 11 20 23 17 20 21 11 37 15 20 2 29 14 11 16 15 25 
28 19 13 15 14 30 29 9 33 27 20 23 22 10 29 45 7 14 10 14 15 12 18 12 7 23 15 20 19 14 30 12 24 9 29 29 10 25 13 20 
37 25 11 35 16 38 21 23 35 27 24 24 12 10 16 28 14 15 11 18 24 17 23 30 15 12 19 19 15 12 24 13 18 15 16 19 12 22 19 16 
14 17 11 24 7 34 27 17 28 33 24 24 19 6 12 19 12 22 11 10 37 15 22 19 11 33 14 16 27 13 16 23 22 11 25 23 9 30 16 17 
30 28 16 6 22 26 33 8 32 23 19 18 30 12 28 31 9 18 13 15 28 16 20 14 14 20 22 18 25 29 35 11 18 7 28 18 6 19 17 33 
24 20 12 31 21 36 23 13 24 24 20 27 15 15 23 29 12 19 19 12 21 16 20 16 13 13 13 19 12 21 29 12 18 10 25 23 10 23 17 35 
23 24 17 30 27 28 25 13 32 27 15 24 14 12 26 28 10 13 14 13 23 13 21 22 6 26 16 11 23 16 40 17 16 10 29 24 10 15 19 23 
20 26 12 23 16 30 22 16 21 40 13 25 15 8 26 23 14 18 13 13 36 10 20 27 10 24 17 17 21 18 39 13 23 12 25 21 11 12 23 33 
27 22 18 24 28 38 16 13 19 20 16 25 16 12 27 29 14 14 19 15 26 16 14 19 17 15 16 17 18 19 30 13 13 12 18 7 11 16 20 28 
26 37 11 11 17 27 28 19 32 33 25 23 22 14 17 23 9 14 13 7 29 12 27 21 12 24 28 16 19 21 36 15 24 13 32 26 16 13 9 36 

MachineCapacities:
MachineID Capacity
0 10
1 10
