NumTasks NumMachines NumScenarios
20 3 30
TaskDetails:
TaskID ReleaseTime ResourceConsumption SuccessorsCount Successors...
0 0 9 2 5 3 3 4 5 
1 0 7 10 5 2 2 5 
2 0 2 2 3 1 4 
3 0 8 7 6 1 6 
4 0 5 10 5 1 6 
5 0 10 2 7 2 7 8 
6 0 8 4 9 2 7 8 
7 0 2 2 7 2 10 11 
8 0 8 8 3 2 9 10 
9 0 3 6 7 1 12 
10 0 2 3 7 0 
11 0 4 7 8 1 12 
12 0 2 1 2 1 13 
13 0 8 5 7 0 
14 0 7 5 7 1 17 
15 0 5 2 7 2 16 17 
16 0 8 5 7 1 18 
17 0 6 3 5 1 18 
18 0 9 8 5 1 19 
19 0 9 2 1 0 

25 34 18 15 22 23 57 40 39 9 16 23 14 16 9 21 26 14 9 22 12 16 25 15 30 19 25 19 25 26 20 34 12 12 13 21 24 28 14 17 11 20 9 20 27 25 28 32 15 30 13 29 22 20 18 16 10 6 17 6 
33 31 23 25 14 16 35 20 27 12 29 18 8 21 12 22 23 20 13 34 10 18 21 7 17 26 29 23 25 22 22 23 15 13 15 7 20 28 16 22 15 24 16 13 21 25 13 26 16 16 10 46 18 12 9 30 13 11 19 13 
34 31 28 17 19 21 38 17 30 12 23 24 6 48 15 27 43 13 10 34 11 22 16 11 8 22 1 12 12 16 16 30 33 15 12 18 27 22 12 18 19 36 26 13 21 23 20 28 14 19 13 36 25 27 21 19 15 8 18 14 
12 25 20 38 15 12 14 33 19 9 31 13 8 12 13 16 31 18 10 40 13 22 14 12 21 21 14 22 15 17 28 21 35 15 14 23 23 28 9 23 18 32 6 17 30 21 18 27 12 12 11 32 31 29 24 8 14 8 19 11 
26 22 8 25 21 20 47 18 14 16 20 15 13 28 11 18 24 10 8 22 8 23 20 13 27 22 13 26 28 20 15 26 16 11 16 22 32 23 18 25 9 22 34 16 17 35 21 25 19 29 14 31 22 10 16 33 4 8 10 10 
35 32 17 25 22 18 9 20 30 18 30 23 12 37 12 19 26 15 17 36 11 24 21 6 14 29 19 17 16 27 16 24 27 14 13 32 19 33 11 22 19 42 16 12 29 27 13 15 26 23 16 37 25 19 15 31 18 12 10 11 
27 15 21 25 25 17 20 18 48 9 21 21 15 21 11 19 40 18 14 16 14 24 19 10 17 24 25 28 27 20 19 26 27 14 12 21 17 32 9 13 13 35 28 14 22 20 17 27 21 25 14 26 23 14 11 19 17 10 12 18 
24 16 14 39 28 16 26 18 43 9 25 20 10 35 12 17 35 13 12 38 12 29 17 12 27 23 24 21 20 13 20 20 23 11 12 11 18 42 14 20 24 34 13 14 21 24 10 25 14 15 13 22 24 29 14 18 14 8 15 15 
23 34 20 26 26 22 22 20 37 11 24 18 7 24 9 12 23 16 9 33 14 22 7 11 19 10 18 23 19 32 17 20 35 16 9 20 11 19 15 21 8 39 14 16 34 30 20 28 22 23 11 20 29 16 22 13 11 13 15 15 
9 35 11 11 16 17 37 15 15 12 16 16 6 19 13 14 37 9 18 23 15 24 14 7 18 22 13 18 19 17 24 29 19 13 12 14 23 30 14 18 5 34 24 22 11 11 12 34 26 21 10 21 35 25 20 28 19 10 14 9 
25 30 18 24 15 20 29 35 22 12 19 24 10 23 13 15 32 13 14 31 12 16 25 10 21 20 19 17 29 22 14 23 33 9 14 27 22 34 13 18 19 25 26 12 20 26 15 24 24 19 17 34 20 26 5 31 12 13 17 8 
24 34 27 27 18 19 26 15 37 11 16 22 8 37 8 11 13 14 8 14 13 21 19 13 6 13 21 27 14 21 15 16 18 13 11 13 16 26 15 14 17 37 11 15 14 38 18 31 23 22 13 26 19 32 24 32 15 12 18 13 
33 31 10 20 24 31 31 26 21 10 22 18 8 32 11 19 40 12 13 44 13 18 12 12 17 22 11 23 21 25 18 19 30 12 13 15 23 27 18 20 8 40 9 13 22 22 18 26 17 20 12 17 14 15 24 15 11 9 11 11 
21 30 22 12 17 20 42 18 21 12 14 16 12 28 11 16 33 16 10 43 11 22 19 14 30 19 25 29 29 27 20 20 26 16 15 18 16 34 11 24 14 29 25 10 10 25 12 34 12 9 15 39 15 23 17 19 8 13 19 13 
36 34 28 16 17 20 38 21 37 9 22 6 14 37 13 19 23 14 8 25 12 31 15 14 28 14 15 17 8 17 19 27 26 13 15 22 10 36 15 19 14 18 13 13 27 30 20 19 20 18 14 9 20 21 23 19 11 4 14 9 
15 18 16 29 18 19 36 19 22 11 11 22 6 25 8 19 26 13 13 36 10 30 20 10 15 29 18 16 14 22 19 21 17 10 12 26 12 37 15 18 18 37 21 17 21 20 17 30 20 13 20 17 6 22 21 23 16 16 8 14 
33 38 19 20 13 25 28 13 30 11 19 14 9 23 9 23 22 20 11 24 12 25 21 13 20 19 22 24 19 25 15 20 21 12 13 19 23 32 10 31 15 25 18 10 22 38 21 26 24 23 11 34 31 18 25 23 15 11 19 13 
41 32 26 21 16 25 32 18 16 10 29 16 14 33 9 15 26 24 16 31 12 24 26 12 22 17 13 22 25 16 20 19 19 13 14 17 23 21 17 19 17 25 16 14 24 22 18 15 13 26 7 26 18 18 24 27 9 10 13 15 
18 26 19 37 23 16 25 28 33 13 22 36 10 11 18 34 30 14 13 27 14 26 19 15 21 23 23 27 26 22 17 24 24 10 15 29 15 33 7 18 18 24 10 18 24 36 15 19 14 19 12 25 15 8 26 23 14 12 18 10 
23 26 18 30 23 4 35 21 30 6 35 14 11 19 13 26 25 13 9 34 8 24 19 10 33 10 8 18 14 24 20 30 8 11 13 22 13 26 15 16 16 38 20 14 18 24 24 13 13 26 11 31 14 16 21 20 17 8 12 6 
31 41 18 30 12 20 39 20 17 15 25 20 10 31 16 7 36 17 15 22 13 28 24 10 28 18 18 28 20 17 24 33 11 13 13 14 24 24 6 20 19 20 23 20 19 20 20 28 17 24 10 21 27 16 24 20 20 7 16 6 
39 31 16 29 16 25 30 12 25 5 22 8 8 16 13 19 20 14 9 26 11 24 7 15 17 15 12 21 11 10 22 16 25 11 16 26 18 28 10 8 4 33 22 8 26 34 10 16 16 15 12 41 16 18 18 23 13 8 9 13 
31 27 19 10 14 16 39 16 27 10 19 20 10 34 16 18 26 21 9 30 16 20 17 14 16 19 16 24 19 20 21 27 24 13 14 26 13 24 19 21 16 20 21 14 28 30 13 26 18 20 8 34 15 18 13 19 18 7 7 14 
31 23 21 16 11 14 35 34 26 13 32 18 12 35 8 18 44 13 13 30 11 23 18 9 19 11 20 21 14 17 19 28 31 11 13 17 20 28 5 18 15 32 24 19 25 21 24 32 26 28 13 28 17 13 22 26 18 12 11 15 
24 13 23 41 17 18 20 17 33 11 20 19 4 27 10 21 12 24 14 27 14 18 18 9 26 17 30 9 21 19 20 16 15 18 14 27 26 15 15 19 10 28 21 13 20 26 15 26 19 18 15 26 22 15 20 25 17 13 6 12 
32 34 13 30 23 12 27 25 17 12 41 16 8 16 10 24 19 10 10 33 15 19 21 17 17 21 26 17 23 18 26 18 28 13 13 25 30 23 11 21 19 20 26 16 32 31 16 32 26 27 15 41 29 22 11 25 9 9 18 13 
26 28 17 18 24 24 28 24 37 11 24 21 8 13 8 13 27 22 11 11 19 12 17 11 25 20 28 29 19 20 25 23 28 12 14 22 22 41 15 22 17 33 21 16 23 29 18 25 26 25 16 39 29 25 19 22 15 8 16 14 
44 47 29 23 24 14 19 30 27 14 21 19 5 23 13 15 46 23 13 29 11 11 20 11 19 15 15 17 33 16 10 20 11 17 15 20 18 17 14 16 11 30 23 17 20 24 21 30 19 19 14 33 14 21 15 23 13 12 20 14 
22 25 16 10 19 19 23 20 10 13 21 17 11 11 8 20 40 12 13 16 14 21 15 12 27 19 23 24 22 24 23 20 30 11 13 33 17 41 9 12 17 15 22 13 19 18 22 24 26 21 7 26 29 26 31 24 18 8 11 14 
19 25 18 16 17 20 22 33 38 15 29 21 15 20 14 26 20 19 10 34 13 16 21 10 18 18 25 20 20 21 14 24 23 13 15 17 26 31 15 16 22 29 27 15 26 13 13 22 20 22 13 29 29 22 16 27 14 10 19 16 

MachineCapacities:
MachineID Capacity
0 10
1 10
2 10
