NumTasks NumMachines NumScenarios
20 3 30
TaskDetails:
TaskID ReleaseTime ResourceConsumption SuccessorsCount Successors...
0 0 10 4 8 1 1 
1 0 5 6 9 1 2 
2 0 4 9 4 2 3 4 
3 0 5 6 2 1 5 
4 0 10 7 9 0 
5 0 3 3 3 1 6 
6 0 9 6 9 0 
7 0 3 10 1 2 8 9 
8 0 8 3 7 2 11 12 
9 0 9 5 7 2 11 12 
10 0 8 1 7 3 13 14 15 
11 0 3 7 6 3 13 14 15 
12 0 3 4 4 3 14 15 17 
13 0 9 9 2 2 16 17 
14 0 9 1 10 1 16 
15 0 8 4 9 1 18 
16 0 4 4 7 1 18 
17 0 5 6 10 0 
18 0 7 8 4 1 19 
19 0 10 8 7 0 

18 16 12 25 20 14 18 11 11 13 8 11 43 22 13 31 24 12 13 32 30 28 8 13 14 20 21 17 21 16 9 11 23 7 17 27 8 25 48 18 20 21 29 14 39 14 33 14 12 36 19 17 12 20 23 11 16 29 26 14 
5 10 19 24 31 13 28 10 13 30 12 3 38 48 28 25 19 12 14 24 38 33 20 18 9 37 31 20 7 16 10 7 23 11 11 12 25 16 25 22 21 18 12 11 35 17 36 16 12 12 32 12 11 14 26 11 28 36 16 13 
9 11 19 26 31 22 17 14 17 20 17 10 27 10 11 20 16 13 22 29 23 18 21 21 11 14 20 15 29 10 14 15 22 17 11 20 33 20 16 24 12 14 23 7 32 20 44 20 13 22 17 21 22 12 13 11 12 38 12 12 
16 16 21 21 25 21 20 10 13 23 9 14 29 24 17 25 6 13 8 30 27 29 19 12 12 22 20 23 19 17 4 10 32 13 14 29 24 25 25 17 23 15 27 11 40 15 21 9 9 24 31 22 23 21 20 10 25 27 21 17 
26 14 25 21 34 22 26 9 27 23 23 6 19 36 16 17 9 15 21 33 13 34 18 35 13 19 26 12 12 15 8 6 33 15 14 23 33 16 17 31 21 20 22 12 41 15 28 15 15 29 7 21 23 11 29 15 26 39 22 13 
13 12 29 21 30 23 26 14 14 23 13 10 27 32 11 24 19 18 18 36 29 24 8 20 9 13 24 12 28 18 8 10 26 18 10 29 28 20 28 17 26 17 21 15 29 22 18 11 12 24 30 22 17 18 25 9 27 37 29 12 
9 16 26 15 13 16 18 13 15 19 16 12 25 34 16 23 11 14 10 31 9 47 15 29 12 22 29 18 27 10 13 9 37 10 11 31 21 10 40 24 18 23 23 5 32 14 17 13 15 21 34 25 22 14 36 14 17 24 26 21 
13 11 11 29 32 24 23 12 14 13 13 13 26 20 22 38 11 11 17 41 30 17 13 23 12 18 17 8 14 15 13 13 27 17 10 21 11 14 29 24 28 26 24 9 18 13 28 16 13 18 22 19 20 11 21 8 26 29 25 21 
15 10 11 44 29 23 27 12 10 19 11 5 44 34 3 26 14 11 4 31 11 35 17 25 16 25 18 16 33 13 10 12 16 14 7 20 21 15 37 15 28 18 24 16 34 17 23 14 12 29 26 9 17 14 28 11 26 33 25 17 
14 13 27 36 32 26 33 10 7 16 9 8 36 35 15 38 14 11 17 32 17 31 11 25 12 40 33 14 28 14 11 11 21 11 7 16 28 19 14 22 19 26 18 10 37 10 40 9 12 16 23 20 25 19 16 6 15 32 28 23 
10 15 17 27 19 18 19 17 17 26 11 13 47 26 12 25 11 14 14 35 18 31 9 22 20 30 35 12 10 17 14 9 21 9 10 16 33 13 40 37 21 21 13 7 27 18 35 22 17 7 26 13 23 20 25 13 14 24 9 12 
13 12 15 38 19 20 25 10 16 27 17 8 21 19 14 33 17 17 11 23 32 36 17 9 15 22 23 13 25 9 8 7 18 13 8 25 26 16 28 36 28 18 23 8 24 14 29 12 15 32 27 23 14 13 24 3 31 30 25 21 
14 11 29 38 26 23 24 7 12 17 10 11 29 25 14 37 17 19 11 17 20 20 15 24 15 25 28 11 19 17 10 17 32 12 10 32 28 14 19 34 24 22 24 11 27 14 33 15 12 23 31 26 15 16 23 5 27 17 18 14 
15 10 20 22 28 18 27 10 8 17 4 13 8 21 16 20 15 12 14 35 27 51 7 17 10 43 29 12 21 17 12 14 30 15 15 23 26 20 29 28 20 25 9 12 23 19 33 7 15 7 29 9 22 11 16 9 15 33 16 14 
10 12 26 23 40 21 21 10 12 25 7 12 33 46 12 30 13 14 11 33 48 33 17 19 14 24 39 18 24 7 8 6 38 14 11 19 27 16 18 22 7 9 32 18 26 16 21 16 16 39 19 23 11 15 22 10 30 26 42 18 
14 13 19 25 38 12 23 9 15 13 16 13 28 32 11 24 17 17 15 39 9 34 10 28 21 23 20 18 26 20 10 11 40 10 12 34 29 15 41 26 26 24 28 17 29 17 15 18 18 37 15 18 15 24 23 13 29 25 26 13 
14 9 16 26 29 36 29 13 22 19 12 11 32 35 15 24 15 13 23 25 22 35 19 14 17 17 26 13 15 15 7 6 34 9 12 24 20 17 31 32 21 13 29 12 29 17 32 21 14 27 36 22 8 19 17 8 25 20 22 16 
9 12 16 22 33 25 29 11 7 22 12 12 33 14 13 41 15 12 7 28 36 27 8 18 23 22 28 18 24 11 10 10 24 15 8 28 25 18 14 26 29 20 5 13 24 7 15 11 14 23 31 17 15 20 27 5 25 23 20 18 
16 15 17 28 20 20 18 14 16 15 7 12 29 35 6 32 15 17 16 35 37 40 9 28 15 33 30 19 16 20 6 15 27 12 14 18 22 18 24 11 16 17 25 12 20 14 28 11 11 24 19 19 14 21 28 6 20 25 29 17 
15 13 18 25 29 21 26 14 15 23 13 5 13 25 12 28 20 16 13 24 35 17 13 21 18 27 17 11 15 17 10 9 29 17 11 19 8 16 33 26 26 17 16 13 29 18 33 12 12 36 38 16 22 17 28 11 26 30 30 17 
16 13 13 25 38 12 21 12 12 19 15 9 38 37 23 19 12 12 11 13 19 30 13 14 15 28 34 17 5 16 18 9 31 15 8 32 23 14 30 26 15 29 41 7 12 16 36 15 15 29 19 14 19 10 23 12 38 27 22 15 
22 15 17 17 25 30 13 14 15 26 14 8 27 24 18 26 9 14 9 28 28 24 14 29 9 33 33 19 20 10 9 10 20 11 13 15 26 10 26 20 17 24 22 9 23 14 22 16 12 36 18 22 16 14 28 10 18 24 19 15 
16 7 13 18 19 26 30 17 22 20 13 14 25 44 15 19 15 16 8 26 13 28 13 23 19 19 16 11 20 19 8 12 28 18 12 30 27 11 29 27 21 19 32 10 32 21 18 13 12 23 26 21 22 16 25 6 26 33 24 12 
15 12 15 48 29 30 24 7 15 32 15 12 32 29 16 12 17 11 17 23 26 23 11 21 13 18 34 11 18 15 15 9 29 15 13 21 28 11 30 32 17 14 18 8 22 17 26 13 15 23 26 14 25 13 19 7 28 8 24 12 
17 15 20 28 20 17 20 10 11 25 16 13 28 19 25 30 12 11 12 21 25 41 14 21 15 29 27 13 21 14 15 11 30 19 10 19 29 12 22 40 18 23 30 14 21 18 18 12 15 34 36 19 23 18 17 14 24 40 26 18 
18 10 16 28 18 13 19 10 21 19 7 9 26 28 22 24 13 15 8 23 26 36 16 21 16 32 28 19 19 10 10 11 23 12 13 21 24 19 36 17 25 16 22 7 20 19 20 14 15 25 31 19 17 19 19 11 25 41 18 18 
15 7 18 24 22 17 19 17 13 12 10 11 20 29 16 13 17 6 14 34 33 42 17 18 13 30 30 10 18 15 12 4 21 17 7 16 35 15 29 27 17 15 16 6 24 18 37 16 14 18 22 19 8 15 27 11 20 30 25 11 
17 11 20 10 16 24 25 16 7 24 20 12 45 31 11 8 20 17 20 30 28 26 19 13 11 23 20 12 18 10 14 7 12 16 9 21 12 20 28 22 21 22 16 9 19 12 28 17 15 37 34 11 19 25 22 7 19 31 23 10 
16 12 8 38 27 15 22 19 17 22 11 17 24 16 21 22 18 17 12 37 27 38 13 19 17 31 21 18 7 8 11 6 31 10 11 21 21 25 38 36 25 19 22 7 44 22 25 13 11 40 21 27 9 15 14 8 17 29 13 16 
15 6 19 26 26 30 12 11 17 24 12 13 34 33 20 30 9 15 11 44 24 29 7 31 15 27 28 12 21 11 13 10 19 11 16 17 32 13 33 24 18 30 18 14 30 14 27 14 15 20 25 24 24 15 21 8 19 30 37 16 

MachineCapacities:
MachineID Capacity
0 10
1 10
2 10
