NumTasks NumMachines NumScenarios
20 3 30
TaskDetails:
TaskID ReleaseTime ResourceConsumption SuccessorsCount Successors...
0 0 6 9 6 2 1 2 
1 0 8 5 3 2 3 5 
2 0 9 8 10 2 5 7 
3 0 5 3 2 1 4 
4 0 5 9 2 4 6 7 8 9 
5 0 3 5 10 3 6 8 9 
6 0 3 5 7 1 10 
7 0 3 9 5 0 
8 0 7 2 7 1 10 
9 0 6 5 5 1 10 
10 0 6 3 5 0 
11 0 1 6 10 2 14 17 
12 0 7 9 2 2 14 17 
13 0 1 1 9 2 16 17 
14 0 4 2 10 1 15 
15 0 7 3 8 1 16 
16 0 3 4 8 2 18 19 
17 0 2 8 4 1 18 
18 0 8 2 3 0 
19 0 8 5 6 0 

14 28 14 8 29 12 19 30 15 23 21 24 24 21 17 24 16 10 9 35 12 15 21 14 18 22 20 21 30 17 31 20 26 45 18 12 21 16 28 17 28 14 12 7 14 14 31 33 18 30 10 13 36 24 16 23 13 24 10 21 
9 20 11 10 12 17 29 23 16 26 22 21 19 18 18 28 16 14 23 46 17 14 26 6 22 25 15 18 30 15 31 15 14 22 26 19 43 11 28 37 25 43 6 11 29 8 25 32 11 31 9 15 28 11 31 9 31 12 12 22 
18 25 11 13 18 10 34 27 12 38 9 26 29 19 16 16 21 14 22 33 13 14 41 26 22 35 10 26 43 19 34 14 13 40 16 13 34 10 25 28 41 29 5 11 22 18 29 38 18 34 13 11 36 25 23 19 19 21 14 14 
17 33 16 6 11 17 16 27 8 27 13 27 23 15 23 26 16 17 19 25 17 18 39 11 9 27 15 28 33 34 29 12 18 31 24 12 22 17 33 30 27 28 7 9 25 11 49 52 18 31 13 14 32 41 29 21 27 11 6 20 
14 30 19 14 18 14 16 16 17 36 16 27 19 16 13 20 16 15 25 27 15 14 50 11 17 19 16 33 55 17 27 11 12 28 24 15 19 8 32 28 22 34 11 7 15 15 16 33 17 24 12 17 40 34 38 13 34 18 16 27 
20 21 21 12 4 20 17 28 15 23 14 33 12 17 6 13 9 9 24 27 16 16 20 12 11 25 11 14 34 25 29 8 15 37 23 16 22 12 21 34 26 29 11 15 25 8 35 17 16 27 13 14 19 23 17 21 16 14 7 27 
17 26 24 14 19 13 16 28 17 30 15 27 28 27 25 21 15 15 19 35 19 20 36 18 11 28 9 41 43 18 23 19 19 24 23 16 28 10 28 11 21 40 16 8 15 12 29 18 20 28 9 23 23 23 31 8 30 24 10 34 
23 28 18 16 26 7 15 26 9 30 14 27 12 16 21 10 17 12 20 34 9 16 23 17 19 20 13 44 31 18 29 18 13 37 23 9 22 10 30 29 20 39 9 16 23 8 24 36 26 32 13 14 29 26 15 23 23 21 16 31 
12 30 20 11 15 25 17 36 12 30 11 20 35 21 20 20 21 11 25 22 15 12 23 19 15 40 11 34 36 22 26 10 19 36 28 11 26 13 25 13 36 32 13 10 21 13 33 18 24 36 14 18 36 20 23 19 28 21 8 27 
8 28 17 14 18 10 27 16 17 16 31 25 24 12 16 24 9 13 11 36 21 14 25 12 20 32 11 28 45 15 34 10 24 44 31 11 24 14 29 20 18 30 6 9 9 13 30 17 18 7 8 11 24 25 29 19 32 21 12 38 
24 19 21 12 26 16 13 30 19 32 21 24 30 14 20 15 17 16 18 34 13 9 44 26 14 14 11 29 30 14 19 17 12 37 13 11 26 20 23 30 28 42 12 12 24 4 14 37 27 20 6 16 33 34 5 17 5 25 15 32 
20 16 26 10 15 20 15 33 17 1 26 22 17 19 30 22 17 13 18 29 23 14 40 15 23 29 15 42 31 27 42 16 25 28 24 15 19 16 26 28 42 24 14 5 20 11 20 39 18 34 13 21 16 28 36 23 45 16 15 26 
13 22 17 11 19 17 29 19 10 25 27 39 18 21 21 24 9 16 14 26 10 10 38 13 12 39 13 35 40 13 15 13 21 26 25 14 42 11 21 33 46 28 13 12 23 15 31 33 21 37 16 20 28 23 19 19 31 23 18 26 
17 22 28 10 15 11 13 31 16 28 26 15 20 17 13 16 13 15 20 35 12 14 18 12 14 18 10 39 33 25 20 17 27 22 23 11 21 13 29 19 23 30 13 12 27 6 34 36 24 35 4 20 41 30 10 19 42 10 13 29 
25 18 24 13 17 14 21 30 11 40 9 34 37 19 25 12 16 15 12 40 15 8 22 18 22 39 9 41 23 20 25 11 16 25 29 15 18 17 18 24 37 34 12 5 31 9 21 16 27 27 11 20 33 29 16 21 19 15 9 32 
16 24 12 9 20 21 21 16 8 38 20 21 35 13 27 26 18 13 18 12 24 16 50 14 23 24 16 19 19 22 15 19 20 40 26 7 31 12 20 26 20 29 10 5 17 7 38 28 23 31 9 19 39 33 24 17 30 27 16 25 
14 25 21 16 29 23 32 33 17 33 27 25 20 10 31 20 18 12 6 19 12 17 21 7 18 30 18 24 32 9 46 19 16 25 18 12 29 16 19 36 15 36 12 13 21 7 22 30 15 49 11 26 29 35 16 18 32 10 11 9 
25 27 24 10 16 27 13 33 10 62 22 21 26 22 19 21 12 6 14 35 21 14 34 12 15 23 11 34 31 23 30 14 16 34 27 14 21 14 25 20 25 41 11 7 12 9 35 36 11 35 13 22 33 34 20 14 11 16 11 23 
26 19 22 10 22 10 30 22 18 30 24 22 22 21 17 18 17 17 18 23 9 22 39 15 13 24 12 27 24 29 33 20 16 45 21 11 35 12 29 33 39 11 9 13 27 9 23 33 26 5 10 18 15 18 26 16 26 23 10 25 
14 26 19 12 14 21 19 31 13 37 17 20 18 14 12 20 16 12 8 32 21 14 44 17 7 8 14 24 29 18 29 13 22 27 26 14 25 10 33 36 45 39 11 18 16 17 13 28 11 16 8 18 11 26 27 12 21 18 4 22 
10 27 12 11 27 18 22 41 9 25 27 23 17 21 22 19 22 4 17 28 12 18 37 17 16 27 11 43 20 31 39 14 9 25 24 14 29 17 21 24 25 22 11 8 31 12 12 32 17 30 11 19 23 33 27 17 42 28 14 40 
18 23 27 13 12 17 25 27 17 26 21 23 20 11 11 15 18 13 18 35 13 11 15 20 15 34 12 29 27 22 30 19 14 21 27 17 35 11 31 26 21 26 8 10 20 12 20 29 20 37 13 18 36 19 24 21 24 19 15 24 
23 28 20 15 15 19 26 26 15 35 16 16 18 13 14 21 18 16 21 28 17 17 28 14 8 27 10 39 28 25 26 13 18 33 17 7 30 16 9 25 28 33 6 8 22 9 18 32 25 30 7 29 29 30 20 15 36 15 11 34 
15 25 19 6 14 16 25 33 14 22 14 13 21 22 22 16 20 10 22 33 23 19 22 15 23 19 15 36 18 32 24 8 15 30 14 10 33 14 27 3 27 14 9 13 26 10 28 45 3 35 12 18 27 24 22 16 29 27 16 32 
22 16 17 13 10 15 18 23 11 32 28 29 23 17 15 20 18 12 20 20 13 18 20 5 19 24 10 39 26 19 30 14 17 29 26 8 29 11 35 44 32 34 8 11 19 7 18 39 21 25 10 9 10 21 23 25 30 23 13 29 
18 21 10 9 14 17 23 16 15 56 16 31 20 16 21 20 16 8 23 30 14 18 20 14 17 24 15 39 23 19 39 15 21 39 26 14 19 9 21 23 23 22 6 14 24 9 29 35 21 30 9 21 33 25 30 19 34 23 11 23 
17 23 13 12 16 22 22 28 14 32 17 33 34 9 9 18 13 12 22 13 10 15 40 18 17 32 11 29 42 11 43 19 21 25 20 12 24 23 25 17 29 34 10 13 13 13 29 32 12 24 10 13 25 10 34 24 35 17 13 27 
23 33 22 12 17 15 16 13 9 9 14 35 17 14 23 28 11 15 15 24 23 15 29 20 11 15 17 42 22 14 12 17 26 33 23 12 22 15 26 21 37 28 5 11 28 11 25 26 17 19 10 29 21 37 26 20 27 6 13 39 
20 26 19 6 16 14 20 21 6 32 22 18 26 21 14 16 11 12 11 35 13 15 34 17 24 24 18 31 35 20 25 4 21 39 19 14 30 8 31 21 43 22 15 11 23 15 23 32 15 31 12 16 34 48 21 8 26 22 12 45 
24 28 25 13 22 21 13 26 19 28 21 25 14 10 24 13 16 8 21 25 8 21 27 21 14 37 15 19 35 17 36 10 12 35 24 8 16 11 30 26 34 23 7 14 26 13 28 36 28 28 9 16 26 28 20 8 20 17 7 34 

MachineCapacities:
MachineID Capacity
0 10
1 10
2 10
