NumTasks NumMachines NumScenarios
20 3 30
TaskDetails:
TaskID ReleaseTime ResourceConsumption SuccessorsCount Successors...
0 0 8 8 6 3 2 3 4 
1 0 8 3 2 3 2 3 4 
2 0 6 2 10 1 5 
3 0 8 8 7 2 5 6 
4 0 5 5 3 1 5 
5 0 7 9 5 1 7 
6 0 7 2 1 1 7 
7 0 5 4 8 2 8 9 
8 0 3 1 9 0 
9 0 10 5 8 0 
10 0 8 9 8 2 11 12 
11 0 9 4 6 2 13 14 
12 0 7 4 6 2 13 14 
13 0 3 10 4 1 16 
14 0 3 3 8 1 15 
15 0 7 4 6 2 17 18 
16 0 7 2 8 2 17 18 
17 0 9 9 8 1 19 
18 0 4 8 2 1 19 
19 0 9 3 9 0 

24 23 18 27 15 9 23 18 14 18 12 15 32 27 10 28 18 25 13 36 23 10 10 18 23 18 26 22 25 29 19 10 18 18 18 16 21 14 31 20 16 38 24 13 19 14 9 6 13 34 24 20 24 22 6 8 19 28 17 11 
14 14 11 24 24 12 9 29 17 17 20 25 20 21 12 20 10 30 22 8 17 16 8 25 15 14 33 24 19 32 23 11 19 15 26 20 22 9 28 22 11 29 22 16 18 5 9 10 10 12 25 11 18 21 18 14 20 30 20 11 
31 23 20 32 25 8 20 15 16 15 12 29 23 35 8 22 13 21 24 31 26 22 23 20 7 20 20 13 19 15 27 12 15 28 21 21 29 9 32 24 22 39 19 16 14 12 9 12 10 36 21 18 14 28 14 11 26 15 16 14 
25 20 12 26 18 9 24 23 20 16 14 26 13 32 12 11 16 18 11 14 21 19 8 17 18 17 30 23 12 28 20 8 8 30 18 11 19 12 31 26 18 40 25 11 22 9 12 6 9 30 8 16 17 20 15 21 17 27 15 10 
16 36 19 28 29 12 18 8 21 19 18 18 28 23 15 26 13 24 20 23 26 18 22 13 18 18 19 19 20 26 27 10 15 21 33 23 38 12 32 20 14 33 13 15 18 13 10 11 9 36 18 8 18 12 8 8 18 35 20 14 
23 21 10 18 21 8 8 25 18 11 12 17 20 26 13 36 10 36 9 26 24 26 14 23 18 14 21 17 30 27 26 9 18 16 34 7 22 15 22 29 14 14 16 12 19 11 11 10 7 21 23 19 17 26 12 11 17 25 19 14 
17 21 21 16 28 8 26 30 18 15 22 21 17 15 16 33 13 25 20 24 17 30 8 15 16 26 24 28 38 24 14 11 14 17 23 17 25 11 38 29 12 29 14 19 19 16 13 14 13 20 29 27 18 17 11 21 30 11 21 11 
27 21 16 22 27 5 17 29 19 18 20 27 28 18 15 34 22 32 11 20 27 20 8 27 9 20 30 29 35 16 26 14 11 32 38 15 27 14 37 14 12 21 23 17 10 11 8 8 14 23 13 19 17 30 12 16 18 27 10 14 
26 22 7 22 29 9 20 15 20 16 20 28 18 31 14 26 9 38 12 13 16 13 11 20 15 28 19 24 14 38 18 11 14 27 10 18 27 9 24 30 17 19 17 18 23 15 7 8 12 33 19 20 17 13 16 15 14 21 14 10 
17 20 10 16 21 13 15 24 22 11 22 26 22 20 18 23 20 17 17 20 14 17 13 26 22 13 23 30 13 19 22 12 10 34 20 18 20 16 30 16 8 37 20 21 22 15 8 10 9 21 21 20 13 28 16 13 10 33 12 14 
23 19 14 36 25 10 19 21 17 18 20 33 17 21 12 30 14 30 7 20 21 16 15 24 18 18 27 18 22 33 13 11 13 31 17 28 19 10 13 20 16 31 18 14 10 12 8 8 20 23 28 20 14 17 13 16 29 21 17 16 
25 23 17 17 23 10 27 22 26 17 21 38 29 31 10 22 19 28 4 23 5 20 14 24 22 18 24 15 24 25 34 7 19 23 30 20 22 12 19 21 20 23 22 13 22 14 16 8 12 21 35 27 15 31 16 11 16 21 20 12 
31 18 14 21 16 13 14 19 25 15 12 19 20 25 17 35 10 17 12 22 29 16 15 30 18 21 27 32 27 26 24 10 11 11 13 22 18 15 27 19 12 36 18 12 23 10 12 12 10 25 19 29 16 18 11 11 19 31 14 15 
24 21 20 9 17 8 20 18 38 20 17 16 16 17 15 26 15 24 12 15 14 23 15 32 16 17 26 21 36 34 17 7 13 26 41 27 14 10 45 23 16 30 17 17 21 13 5 10 11 37 30 11 15 11 11 15 31 26 22 7 
24 27 14 18 17 12 36 32 15 9 17 23 18 29 9 22 25 42 22 17 15 17 9 18 15 24 34 17 24 30 29 7 17 22 28 20 28 12 27 20 15 25 25 12 19 16 10 6 17 20 23 6 16 23 11 17 10 25 11 16 
17 20 16 19 29 12 20 30 21 14 12 25 28 39 9 9 20 21 14 28 25 23 13 26 17 17 20 24 13 28 23 18 11 17 11 27 27 9 31 27 10 27 22 11 20 11 6 9 12 21 29 21 14 15 10 12 24 36 9 11 
31 12 15 38 38 18 22 7 25 13 16 20 8 31 8 14 16 26 13 19 15 15 12 26 9 13 29 32 30 29 23 12 21 21 25 9 31 22 26 13 6 29 22 13 27 19 8 12 8 29 27 23 20 26 6 6 19 33 16 4 
37 27 6 5 19 8 10 25 14 7 17 20 16 28 10 32 13 24 19 28 22 12 15 23 14 19 14 26 31 38 24 16 15 27 30 30 30 17 34 21 12 23 23 10 23 11 12 8 8 16 20 24 11 32 17 17 20 10 16 16 
23 29 22 29 22 12 24 28 17 18 12 23 22 31 11 29 21 22 15 18 20 24 11 17 10 18 21 19 31 34 23 10 29 19 14 20 22 13 28 16 9 40 21 15 23 19 6 12 14 25 22 20 21 18 6 15 25 17 14 12 
18 21 13 24 25 7 22 19 22 13 10 24 24 29 18 25 13 14 14 25 17 33 15 27 22 20 23 35 22 28 34 11 10 23 41 19 20 14 28 24 8 17 20 7 12 12 11 11 10 18 28 20 19 22 16 15 21 28 18 8 
36 25 15 23 30 6 7 18 15 16 20 10 24 36 13 30 24 28 17 24 18 18 9 17 23 25 24 22 30 15 27 15 20 32 32 7 26 18 11 18 12 30 18 17 26 10 12 13 10 30 35 26 16 27 10 11 24 25 16 12 
30 30 17 33 24 7 20 23 12 12 18 31 25 25 7 18 22 27 15 17 29 14 19 19 9 15 23 31 38 27 17 11 21 26 22 19 16 7 36 17 16 20 17 19 17 13 11 10 13 21 19 30 16 22 9 16 14 35 15 11 
27 29 14 35 2 10 20 30 24 10 17 31 18 20 10 32 24 39 23 26 18 19 15 31 11 23 40 24 15 31 24 12 14 18 19 28 28 16 20 18 15 25 15 19 14 14 9 11 15 14 24 20 15 15 16 9 13 29 15 11 
24 27 21 13 34 10 8 19 23 18 19 21 19 15 11 33 17 31 20 15 20 15 8 22 8 18 15 34 32 21 23 4 18 24 8 12 25 9 43 14 19 20 26 8 23 17 14 10 11 15 23 22 17 20 12 16 22 23 13 13 
16 28 21 20 27 9 22 30 19 12 24 19 26 17 16 34 26 20 13 19 22 11 21 12 18 15 19 35 20 20 23 9 11 11 35 18 33 21 30 15 21 22 21 16 17 12 6 7 9 21 27 17 20 6 13 14 20 20 12 5 
30 19 16 14 22 7 29 27 29 10 22 34 23 36 12 27 15 16 25 26 21 16 15 7 16 16 12 21 35 19 20 6 14 19 23 10 28 18 33 30 18 30 19 18 20 13 11 9 9 30 9 18 12 19 13 13 24 18 20 15 
17 31 13 35 21 11 20 16 30 10 16 28 27 19 4 26 23 25 19 33 27 10 12 19 28 12 30 20 21 31 21 11 11 25 33 18 21 17 17 25 6 33 18 15 9 11 12 15 11 32 14 14 17 15 19 18 17 12 21 15 
33 15 10 15 26 9 11 15 15 13 6 27 22 19 8 25 14 34 16 22 17 8 6 28 17 20 14 19 15 31 23 12 16 22 29 11 31 10 19 21 20 14 21 19 14 19 10 7 5 17 22 15 23 22 13 23 12 35 25 14 
15 30 9 19 30 11 16 24 19 17 17 28 23 28 12 36 23 27 19 23 29 14 12 19 16 21 22 28 23 30 16 12 18 15 31 14 24 15 11 16 11 26 23 22 15 15 10 11 14 18 22 11 16 32 22 14 21 11 13 10 
22 24 11 12 22 8 28 38 26 15 11 15 18 26 10 15 16 34 14 30 21 28 6 24 12 22 20 21 38 23 27 10 10 15 25 22 19 13 32 20 8 15 17 15 21 12 8 17 18 23 18 14 23 29 20 13 22 37 14 7 

MachineCapacities:
MachineID Capacity
0 10
1 10
2 10
