NumTasks NumMachines NumScenarios
20 3 30
TaskDetails:
TaskID ReleaseTime ResourceConsumption SuccessorsCount Successors...
0 0 6 9 5 2 2 4 
1 0 1 4 4 1 2 
2 0 5 2 9 1 5 
3 0 2 2 5 2 6 9 
4 0 7 6 6 2 8 9 
5 0 6 5 6 2 6 9 
6 0 8 5 1 2 7 11 
7 0 6 3 4 2 8 10 
8 0 1 4 2 1 13 
9 0 10 2 2 2 10 11 
10 0 6 3 4 1 12 
11 0 7 8 2 1 12 
12 0 7 7 5 1 13 
13 0 4 9 9 0 
14 0 7 1 5 1 15 
15 0 2 1 10 2 16 18 
16 0 7 8 6 1 17 
17 0 2 7 6 0 
18 0 9 3 8 1 19 
19 0 5 5 10 0 

35 11 17 14 15 39 32 34 12 14 21 10 19 9 32 19 15 8 21 9 23 15 21 16 25 10 14 24 19 32 8 20 31 22 15 16 12 9 16 10 20 14 20 12 13 23 16 11 24 19 14 32 25 24 22 35 23 18 11 34 
28 14 14 33 10 27 19 26 11 13 7 11 15 10 20 21 11 24 21 12 31 18 23 11 17 25 14 19 15 30 14 16 40 18 22 9 16 9 18 15 17 19 20 7 15 15 16 10 20 22 12 32 23 25 18 23 19 27 9 36 
30 17 11 12 15 28 16 25 15 12 11 15 18 11 21 26 18 23 23 11 23 23 20 15 24 22 14 17 15 20 8 18 18 12 20 10 17 9 14 17 19 15 19 9 30 17 9 10 16 27 14 35 21 30 29 32 31 23 13 30 
53 14 15 27 9 37 30 20 18 16 14 8 30 12 28 26 11 20 13 13 23 22 22 12 27 18 15 17 12 17 7 15 21 38 16 5 20 9 16 18 23 19 23 2 19 24 12 7 18 25 10 21 20 28 21 27 22 24 15 18 
33 13 13 18 17 20 43 29 7 10 20 11 17 10 28 33 18 21 16 11 25 29 21 13 20 19 10 20 25 20 6 18 28 21 25 7 11 12 15 18 16 27 18 6 19 26 15 11 19 20 8 26 21 23 26 25 42 19 13 28 
35 13 20 12 8 17 10 18 9 17 25 14 19 11 29 21 13 24 22 14 31 23 21 15 31 10 12 17 20 18 11 17 24 30 20 4 21 16 15 15 19 31 30 11 24 21 8 17 23 26 11 19 27 49 32 24 24 20 8 17 
35 17 13 16 7 19 37 28 11 12 1 12 14 5 27 28 12 18 29 8 26 21 30 7 16 9 10 21 12 26 12 26 21 29 24 11 23 7 20 16 17 17 20 12 24 19 12 12 20 37 18 32 15 16 15 19 17 9 14 20 
40 21 21 17 15 24 26 42 9 12 14 12 22 14 13 24 20 22 16 10 24 15 23 8 28 17 7 15 20 35 13 15 11 34 22 11 19 13 17 16 24 13 20 14 18 23 9 12 19 10 11 12 23 21 27 31 26 15 12 43 
24 8 15 24 14 20 32 20 16 9 18 9 19 13 22 17 23 19 21 10 23 9 19 12 27 9 16 17 14 24 11 14 23 30 23 11 8 12 11 18 12 24 10 12 22 9 15 12 16 18 11 48 20 28 24 39 21 8 12 27 
32 15 15 21 11 12 24 30 11 8 14 12 22 13 33 23 25 17 17 13 37 16 11 12 19 21 15 15 19 24 11 20 26 28 31 9 21 8 14 23 20 9 16 9 15 15 13 10 17 22 16 31 24 21 28 36 35 17 15 33 
17 19 17 18 12 19 38 36 6 8 11 13 35 6 25 35 18 30 30 12 27 21 18 14 17 23 8 18 15 23 3 9 20 32 13 9 21 14 20 12 17 19 11 11 25 15 16 11 7 24 11 32 9 28 29 23 34 19 14 24 
34 17 13 17 11 22 34 21 9 13 15 9 11 12 8 26 10 18 25 13 20 17 24 10 34 19 14 11 8 30 7 17 26 26 24 9 15 9 14 20 24 28 15 8 30 13 13 12 21 18 15 46 21 26 19 39 31 17 17 21 
22 15 18 22 16 17 36 33 12 8 20 11 24 14 14 13 16 17 12 15 30 17 13 10 22 27 14 14 6 18 8 18 9 24 22 12 8 14 19 18 17 19 24 12 16 15 9 15 15 24 12 37 21 24 20 23 19 19 17 33 
32 11 21 8 11 22 17 35 15 11 18 10 21 13 26 25 22 27 22 9 11 24 7 11 25 12 9 19 16 23 5 7 20 20 14 10 20 12 15 16 27 25 15 15 21 19 9 11 10 23 10 14 25 30 21 40 22 17 9 35 
35 18 22 25 11 23 18 26 8 14 16 10 26 4 36 28 23 22 22 9 25 11 19 14 27 21 11 13 25 24 9 10 20 35 18 12 21 8 18 16 18 15 10 10 24 28 7 13 15 28 12 35 20 14 28 29 23 19 15 36 
38 17 13 21 12 34 25 32 6 13 23 10 18 9 26 25 25 18 21 9 26 23 21 12 22 20 9 18 9 27 14 18 27 24 22 11 5 15 16 17 11 11 26 10 21 31 12 14 15 28 10 36 17 32 31 21 16 20 11 33 
38 9 20 18 15 15 38 30 10 11 29 9 31 14 21 26 16 21 29 12 21 20 23 5 21 12 10 19 13 17 15 15 15 34 14 12 13 9 13 29 17 11 20 14 20 16 8 10 4 33 12 16 16 36 22 13 27 17 14 39 
29 22 16 23 9 22 25 27 9 15 18 13 24 4 22 25 15 12 16 15 23 24 22 10 34 17 12 19 21 20 3 13 36 24 16 12 11 7 17 16 13 15 26 14 17 19 16 11 19 25 14 14 16 21 15 25 20 21 15 36 
35 18 13 21 12 16 22 39 8 15 28 9 28 10 26 21 16 18 18 8 29 17 17 13 24 22 10 22 18 29 8 14 28 28 25 11 11 11 19 23 16 21 26 8 14 16 9 12 20 27 13 29 9 28 18 28 18 22 13 14 
30 15 8 21 12 22 38 30 6 11 21 17 13 15 27 24 21 23 26 8 29 18 15 11 15 27 12 18 21 23 11 17 28 24 21 10 14 6 9 10 11 15 36 9 16 17 8 12 18 24 10 5 26 42 28 22 23 17 13 39 
33 13 19 21 11 14 25 27 15 18 20 17 18 18 24 22 17 25 15 10 28 8 11 12 36 21 9 14 20 9 10 17 16 21 15 13 20 8 8 17 11 18 20 8 22 21 10 7 16 25 12 43 18 33 26 19 13 15 11 29 
40 13 12 21 8 14 35 23 12 14 13 11 19 9 23 31 12 23 29 16 37 20 11 12 18 12 11 16 19 24 9 23 27 27 28 10 7 13 13 14 17 16 17 10 16 21 12 11 15 28 13 25 21 39 20 18 22 16 8 32 
37 16 24 15 18 27 34 23 14 9 5 16 13 15 26 25 21 21 20 11 33 22 19 14 25 22 11 17 11 29 5 18 29 24 26 15 19 12 18 24 10 19 24 6 12 19 11 12 17 13 12 39 16 34 20 37 38 21 13 29 
25 15 20 24 14 20 33 26 14 15 26 11 15 12 32 19 22 14 27 9 31 11 23 12 15 23 9 19 10 26 15 13 12 25 17 7 22 12 15 16 9 17 32 7 18 16 11 17 17 35 11 26 21 31 22 35 43 17 11 30 
35 10 11 17 15 27 32 18 3 18 25 8 14 6 35 28 10 20 37 14 29 28 16 13 22 21 12 12 9 23 7 14 27 22 15 7 11 12 17 23 21 25 17 9 21 13 14 13 17 30 13 20 32 35 27 36 18 21 11 35 
33 15 13 29 15 20 24 27 10 12 14 16 13 13 22 28 17 14 25 11 13 22 12 8 29 22 13 22 19 28 10 21 19 20 8 10 18 14 18 16 12 9 20 15 20 18 8 13 14 25 12 7 27 26 29 27 31 23 21 31 
28 15 10 22 12 16 37 28 17 13 17 9 16 15 23 23 17 21 21 13 25 20 15 16 33 11 15 11 21 29 7 20 28 25 20 8 14 11 14 15 21 16 30 11 15 18 11 11 14 31 13 39 26 33 16 30 11 13 12 22 
25 10 20 22 11 15 28 21 9 15 18 16 29 15 26 20 18 25 10 8 24 23 15 10 15 23 10 9 17 29 11 17 19 32 19 7 20 10 13 13 19 11 24 13 23 20 10 8 14 21 10 35 22 19 29 40 27 12 17 30 
33 15 15 24 18 20 24 32 9 11 23 16 21 9 30 27 11 17 26 18 9 23 16 6 22 25 13 33 22 17 12 9 22 30 28 2 16 11 11 10 17 21 12 12 32 18 16 13 12 34 11 18 25 33 26 28 26 21 14 38 
44 19 16 20 15 24 28 20 10 16 22 9 19 8 19 24 21 25 14 13 35 13 25 10 23 24 16 13 22 19 13 20 30 33 28 2 15 10 16 13 20 25 13 8 25 9 13 9 14 23 15 31 13 30 28 24 27 20 10 35 

MachineCapacities:
MachineID Capacity
0 10
1 10
2 10
