NumTasks NumMachines NumScenarios
15 4 50
TaskDetails:
TaskID ReleaseTime ResourceConsumption SuccessorsCount Successors...
0 0 4 1 6 5 3 4 6 8 
1 0 4 3 3 10 1 5 
2 0 4 4 5 8 1 7 
3 0 8 6 3 5 2 6 8 
4 0 3 5 7 6 1 9 
5 0 8 2 8 1 1 9 
6 0 10 6 1 1 0 
7 0 3 9 6 5 0 
8 0 8 4 6 6 0 
9 0 5 2 5 5 0 
10 0 7 6 5 1 0 
11 0 5 4 10 2 1 14 
12 0 2 9 4 2 1 14 
13 0 8 4 9 9 1 14 
14 0 1 5 2 7 0 

8 30 24 31 23 29 11 6 27 32 24 30 14 20 12 21 29 14 36 26 42 23 14 12 29 23 20 18 21 13 39 25 21 24 34 17 15 19 24 11 15 27 15 31 42 16 12 13 28 30 18 39 28 28 15 20 18 25 16 6 
22 21 30 24 29 19 8 13 12 31 21 18 8 24 14 17 19 28 33 29 23 23 12 17 27 37 15 16 29 30 26 15 28 30 31 10 13 16 24 13 13 29 22 23 25 19 12 15 19 32 17 37 18 17 13 24 28 28 30 12 
24 26 26 21 38 23 8 12 15 27 31 24 8 23 11 14 16 18 20 13 40 26 19 9 24 38 22 20 11 25 40 20 23 21 24 15 18 19 23 14 15 25 19 28 25 17 12 15 29 25 35 34 24 26 14 12 28 34 17 14 
31 21 61 20 23 24 8 13 18 36 30 27 11 13 16 16 21 22 31 17 22 25 11 19 31 39 18 17 22 20 14 37 19 42 23 23 18 34 39 13 16 34 25 16 21 16 7 16 28 30 18 31 32 31 16 18 23 24 28 9 
21 26 17 8 26 17 7 12 17 19 26 27 12 12 16 20 23 30 24 23 40 22 19 12 26 31 11 14 26 16 23 36 29 29 33 17 18 25 17 12 21 30 24 31 28 23 12 10 33 41 31 26 22 26 16 17 33 24 16 14 
29 23 25 32 36 16 16 12 12 32 25 23 5 23 27 20 15 19 23 19 22 22 16 19 16 23 33 15 22 30 43 28 25 20 28 17 9 39 17 14 14 24 23 21 29 27 13 18 16 47 28 24 9 35 15 21 22 16 30 12 
13 20 24 29 29 34 12 10 21 24 27 22 11 23 15 21 21 34 29 28 47 23 18 21 22 35 25 18 22 28 21 22 11 33 38 16 17 19 11 16 8 26 20 31 31 16 11 17 27 37 29 30 22 12 10 13 28 9 31 12 
36 20 36 19 25 24 7 15 21 26 26 29 11 17 17 23 22 31 35 13 37 21 20 18 43 31 22 15 30 25 27 24 36 17 32 18 14 26 30 12 8 31 28 32 20 18 7 9 25 29 8 37 24 25 13 15 25 24 22 6 
32 24 41 31 26 22 13 12 15 16 27 19 11 21 17 13 21 42 18 20 32 25 7 18 24 48 23 19 27 17 32 23 25 30 29 17 17 18 23 17 15 19 20 29 30 18 9 22 22 37 23 15 27 37 21 19 34 22 18 10 
34 28 43 22 36 20 15 12 20 40 33 11 3 13 11 10 23 25 32 14 45 18 17 12 44 31 26 8 21 17 34 39 20 28 22 17 20 27 23 11 15 25 27 34 21 22 10 18 23 26 28 14 25 36 16 18 18 25 31 15 
15 30 42 16 36 23 8 9 16 28 33 10 15 14 21 20 22 28 21 21 37 26 20 16 24 15 16 13 25 14 34 24 26 18 40 9 11 17 16 17 9 38 26 41 29 19 10 15 12 38 22 18 14 33 16 16 24 19 32 10 
28 28 45 12 21 23 13 12 21 21 46 22 12 14 14 18 22 18 28 15 46 25 9 16 29 35 28 22 12 20 19 25 30 20 40 18 15 29 12 13 13 39 2 6 31 13 11 14 29 24 29 30 20 26 23 14 31 23 18 15 
20 22 37 22 23 32 8 23 22 23 34 33 6 12 21 18 19 25 14 13 30 27 8 14 20 31 22 20 13 27 30 35 27 35 29 10 18 11 19 15 25 16 27 33 24 22 14 16 31 33 31 35 27 23 15 23 27 18 26 8 
23 21 18 22 19 27 5 12 16 20 32 27 13 17 16 19 22 20 35 14 15 19 13 21 32 24 27 13 21 12 16 27 17 29 15 17 15 21 32 18 9 22 25 18 21 21 15 19 25 40 25 24 31 22 14 17 9 27 31 11 
25 15 36 19 22 27 11 9 13 31 27 29 15 5 20 17 16 27 24 18 30 24 12 19 32 31 17 11 12 31 19 28 8 54 42 8 11 22 17 17 6 32 23 23 9 14 15 17 22 16 32 39 27 20 20 16 22 15 13 11 
17 30 24 29 30 33 13 16 8 39 11 25 5 20 10 7 18 25 26 20 52 19 9 15 26 21 25 15 18 15 24 25 26 35 41 7 20 34 23 14 11 24 17 34 18 17 14 14 34 37 17 25 25 30 20 17 36 19 25 14 
27 29 45 23 24 16 9 10 17 18 17 22 11 22 7 14 16 23 25 23 21 24 15 17 24 29 24 14 25 23 35 25 26 14 31 15 17 30 28 10 20 32 22 22 21 21 11 3 30 13 11 29 22 24 14 18 24 17 26 7 
19 17 26 23 25 25 8 11 11 26 20 25 11 20 19 12 19 18 30 22 39 41 15 14 31 15 35 13 34 16 32 38 29 42 17 14 15 39 23 13 19 36 16 30 11 13 14 10 29 42 23 24 13 27 19 22 36 18 25 13 
30 23 20 25 18 17 5 16 17 24 24 27 11 9 13 15 22 28 32 18 14 23 14 15 27 46 24 14 10 14 26 26 16 34 18 13 21 20 21 11 17 42 18 20 32 14 12 13 30 26 18 16 35 34 15 15 26 16 35 13 
25 22 36 26 22 26 15 12 16 23 37 7 9 22 18 16 32 18 28 22 32 27 14 18 27 18 23 24 21 22 39 17 22 12 16 15 13 20 26 15 15 22 25 28 24 23 15 21 27 31 25 10 24 29 11 20 23 26 19 12 
31 22 9 33 28 27 6 8 19 22 39 26 14 26 15 22 19 21 22 22 54 31 8 21 31 21 27 17 23 24 29 24 33 24 27 24 26 16 26 14 10 15 18 18 28 19 8 20 13 35 32 26 33 27 16 18 24 16 36 12 
24 19 26 22 22 23 11 11 10 25 23 25 12 14 20 15 32 12 26 19 32 21 18 19 17 21 16 24 21 27 28 16 21 29 29 15 13 29 19 14 20 39 22 31 30 18 9 10 26 33 22 18 22 29 17 7 10 8 32 11 
24 19 29 34 34 27 7 14 17 37 14 19 12 20 14 13 15 39 35 25 25 15 18 22 25 21 19 12 31 14 32 34 26 19 29 10 12 12 36 8 11 33 33 30 27 16 13 6 23 28 19 41 17 24 14 16 18 32 32 13 
18 29 33 22 26 30 9 12 10 27 40 30 11 15 26 18 31 31 30 28 9 23 11 18 32 35 26 16 23 21 15 23 15 26 20 12 16 34 16 13 20 32 26 30 28 18 8 19 27 21 29 34 31 32 22 8 16 26 36 13 
25 20 26 32 35 18 13 15 21 22 29 24 12 11 17 15 17 24 35 9 35 17 15 15 29 44 22 15 19 25 34 37 10 30 29 8 15 23 14 12 13 32 23 30 28 19 10 21 29 32 27 16 32 25 18 21 19 35 25 13 
12 27 22 28 20 27 7 6 10 42 30 26 9 20 25 13 29 31 15 19 21 14 14 15 17 27 24 18 12 22 41 31 28 23 43 14 12 20 14 13 14 24 23 24 28 20 7 18 25 42 19 31 21 40 20 14 23 20 17 8 
21 24 27 28 20 25 12 12 15 23 22 25 13 15 16 13 30 22 22 9 35 20 10 13 11 24 24 20 15 30 19 29 32 26 35 16 13 23 11 7 15 25 21 18 21 15 2 6 38 40 20 28 17 35 11 10 35 23 22 15 
15 11 36 21 12 23 13 12 14 25 38 18 12 12 8 19 35 26 9 17 14 19 12 18 22 25 25 12 26 8 31 26 21 28 28 24 14 35 28 12 13 36 30 25 25 28 17 17 40 35 3 15 27 28 21 18 32 19 26 14 
11 20 30 31 21 31 10 13 14 16 27 24 14 19 15 15 33 25 17 18 22 14 12 16 35 33 18 17 8 10 24 33 23 31 36 12 12 26 25 13 22 27 27 28 32 14 17 10 30 45 16 24 24 29 17 12 19 28 17 9 
12 16 38 30 26 30 13 12 13 17 28 19 13 19 21 13 12 30 18 22 46 24 12 26 15 25 23 16 14 20 32 26 17 33 13 20 7 18 14 14 18 26 21 32 22 22 11 26 32 23 31 34 28 25 20 20 28 31 5 14 
31 35 37 30 37 21 9 9 10 22 27 33 9 19 12 20 21 36 18 26 21 26 14 16 26 30 24 15 22 14 29 24 27 27 19 20 12 29 19 18 13 28 23 22 31 16 10 12 29 25 16 21 27 32 19 8 25 27 28 19 
27 25 23 34 18 33 13 10 18 29 19 26 6 11 15 17 21 19 27 34 24 15 16 21 39 29 29 28 26 12 34 36 19 22 34 17 13 29 29 14 20 32 21 48 18 13 10 12 24 50 25 18 25 31 11 16 23 22 35 9 
18 21 23 32 32 21 10 13 15 26 37 27 11 23 9 20 32 23 13 11 41 27 6 16 15 41 18 17 8 25 30 30 23 30 35 18 17 8 22 7 17 31 27 30 29 18 14 17 31 27 25 25 20 36 17 12 36 14 37 13 
12 21 34 20 27 40 10 11 14 40 19 24 8 15 14 15 25 17 33 20 40 13 20 15 28 21 23 7 11 17 36 26 22 28 35 19 20 28 21 13 15 23 20 31 25 17 7 21 9 17 27 25 18 21 11 14 11 11 28 14 
29 26 13 28 19 23 10 17 5 30 35 29 8 19 16 15 26 31 27 27 22 19 16 21 22 14 7 10 21 15 28 33 22 22 33 15 16 29 22 14 12 23 20 34 17 20 9 11 36 25 19 17 21 19 8 13 18 31 37 10 
16 17 30 25 32 25 9 12 14 49 37 28 12 17 28 16 25 34 23 23 36 20 7 14 32 37 15 21 11 25 29 31 17 15 36 15 20 15 21 15 15 18 23 18 16 5 12 24 21 27 8 24 28 24 14 14 26 28 19 13 
33 24 40 22 20 30 14 7 13 21 26 22 14 16 17 19 16 34 26 27 17 27 22 10 26 27 29 14 19 14 39 20 22 34 33 20 10 19 18 15 10 28 23 22 25 14 12 17 27 36 35 20 21 38 20 11 27 33 26 16 
19 27 39 27 44 25 6 13 18 22 31 22 10 10 24 19 18 31 31 17 44 23 14 10 31 19 11 16 19 18 37 26 23 29 24 11 22 18 27 12 14 24 21 29 28 24 6 16 20 27 20 11 25 37 22 18 21 19 31 16 
39 21 43 39 19 30 7 15 9 33 46 13 9 19 15 21 18 20 5 16 37 14 15 18 28 14 13 14 21 24 26 33 16 18 32 17 9 25 24 11 17 25 24 23 33 15 12 19 23 27 25 32 21 39 15 22 27 24 22 10 
29 21 22 27 29 36 12 9 13 25 34 36 8 14 14 18 15 26 15 19 31 25 12 23 33 25 13 13 19 26 19 21 26 21 27 15 15 17 17 14 16 23 29 24 15 22 9 10 26 33 33 45 21 34 22 18 37 20 28 11 
19 31 39 19 29 40 14 14 12 25 27 23 7 15 20 18 37 30 23 27 48 21 20 13 28 25 14 15 29 19 10 38 25 13 29 13 19 22 34 18 11 19 17 15 24 12 11 13 18 29 22 30 21 28 20 18 18 20 20 9 
23 21 19 13 31 23 8 12 21 13 22 31 8 20 13 16 19 36 38 26 15 11 17 19 31 32 20 26 26 14 25 18 17 18 18 14 17 21 26 12 16 40 25 21 14 20 14 12 32 37 24 23 24 25 11 24 12 29 39 11 
40 32 36 17 29 35 14 9 14 22 17 22 14 19 22 21 20 29 25 19 41 21 10 10 24 25 10 18 24 20 26 30 13 29 27 15 8 28 27 8 14 17 21 36 21 17 7 11 16 37 22 26 26 25 20 25 28 14 22 15 
32 16 37 23 24 26 12 8 19 27 33 18 13 16 25 10 22 40 19 15 21 7 7 8 20 36 24 22 9 16 41 22 23 30 31 13 11 37 14 13 18 43 26 39 37 18 11 12 25 33 22 26 19 17 13 20 26 25 37 13 
17 22 39 22 24 26 4 14 20 34 35 23 12 2 11 17 17 36 27 27 38 14 7 12 41 14 16 13 17 24 29 25 24 27 32 8 15 20 24 16 8 26 15 24 21 20 11 19 17 36 31 22 23 29 21 23 32 13 35 9 
17 28 32 39 27 31 15 13 13 42 18 14 17 11 20 18 28 27 13 22 29 27 22 7 20 26 25 17 27 22 39 37 27 25 32 19 17 20 17 11 23 33 22 38 27 12 7 8 48 21 30 27 20 23 15 23 12 23 17 12 
20 26 48 30 19 28 9 13 10 32 25 22 10 13 26 16 25 26 27 19 20 11 11 13 36 40 32 15 3 26 17 37 22 35 42 18 11 21 32 12 4 27 18 24 32 20 16 16 22 30 13 17 20 32 23 22 26 30 19 14 
23 24 18 20 24 19 10 11 14 17 23 24 6 17 15 14 21 27 18 18 36 28 15 19 28 26 20 20 21 26 18 18 12 23 32 10 21 15 33 10 13 23 11 15 29 15 11 23 25 23 18 13 30 45 20 17 25 11 21 12 
13 19 9 27 30 26 12 11 20 42 34 17 16 20 10 13 29 22 34 17 50 21 17 12 15 23 29 13 12 23 21 23 29 33 22 15 23 33 12 18 12 29 26 22 27 12 11 17 23 30 28 11 21 29 12 19 23 16 21 14 
25 11 32 23 25 30 11 10 18 24 39 18 8 27 14 23 22 35 31 17 36 28 17 20 18 22 25 20 34 22 33 28 22 37 23 19 12 19 22 14 13 30 20 24 27 15 11 8 38 41 20 3 47 21 13 27 24 25 16 12 

MachineCapacities:
MachineID Capacity
0 10
1 10
2 10
3 10
