NumTasks NumMachines NumScenarios
15 4 50
TaskDetails:
TaskID ReleaseTime ResourceConsumption SuccessorsCount Successors...
0 0 4 4 10 4 1 4 
1 0 8 8 6 4 1 4 
2 0 2 5 7 2 0 
3 0 6 6 3 3 0 
4 0 9 8 7 10 0 
5 0 8 9 10 5 3 12 13 14 
6 0 8 3 2 5 1 14 
7 0 6 2 4 8 3 9 11 12 
8 0 2 5 2 2 1 9 
9 0 7 7 3 8 0 
10 0 9 4 2 3 0 
11 0 5 5 10 4 2 13 14 
12 0 1 10 3 9 0 
13 0 2 2 5 5 0 
14 0 10 4 2 4 0 

24 15 22 17 19 34 18 31 11 18 16 22 15 28 29 11 18 22 31 24 10 20 10 21 18 26 21 23 23 27 21 26 12 8 16 32 15 30 9 18 30 14 12 23 35 30 17 16 17 15 16 15 9 21 17 17 26 18 25 13 
25 10 22 23 22 29 28 17 10 17 16 33 23 40 25 19 27 27 17 30 8 13 14 34 20 34 20 21 12 27 30 29 17 14 9 22 15 15 11 9 36 19 19 34 14 25 19 15 38 19 26 23 13 17 21 30 29 23 26 25 
27 17 8 24 26 33 19 26 7 20 11 32 27 32 28 15 15 30 22 8 16 15 17 28 24 29 4 21 17 33 39 35 13 4 18 19 11 17 8 8 28 16 13 18 22 20 20 11 33 18 26 12 9 11 15 30 17 16 20 16 
17 13 14 29 18 20 23 27 15 7 17 33 19 31 27 12 25 21 27 35 12 13 21 23 25 37 45 24 18 23 37 19 17 14 11 39 14 17 7 14 33 6 13 22 27 14 15 5 26 11 10 19 12 13 15 26 22 23 17 24 
21 11 14 25 17 31 15 26 7 23 14 20 10 11 26 7 39 29 25 31 10 14 28 44 17 31 36 26 16 30 20 26 21 6 16 28 3 13 6 12 36 12 10 23 25 20 17 11 29 17 13 19 12 10 19 23 22 15 20 18 
14 18 14 27 14 24 27 32 12 21 12 34 20 40 33 16 31 19 20 6 13 18 26 25 17 18 29 29 9 42 18 22 19 14 14 23 11 11 7 14 28 16 11 12 12 27 8 12 29 21 18 14 9 14 13 25 36 23 5 18 
25 11 20 19 16 31 27 22 9 18 12 36 6 34 25 19 27 22 29 32 9 22 24 38 18 27 25 19 24 25 41 27 8 17 11 21 13 18 10 17 27 17 17 29 25 22 17 23 25 17 19 12 14 17 18 26 17 23 24 20 
21 18 16 29 19 23 26 16 11 16 17 30 18 24 21 22 26 17 26 38 12 16 19 22 19 30 11 13 12 26 17 34 19 20 18 27 12 26 15 13 19 18 11 25 30 28 16 19 19 14 27 17 13 17 8 27 17 14 22 23 
28 10 24 19 21 32 10 26 12 22 15 36 15 35 27 20 29 28 30 34 11 19 20 32 22 26 45 17 16 32 18 30 16 14 14 22 9 15 9 18 19 21 14 28 22 14 17 16 49 18 18 16 12 11 20 26 32 26 22 12 
23 14 21 18 11 21 32 28 13 15 18 24 16 18 27 27 22 21 26 30 16 18 17 26 29 25 30 21 9 22 18 21 13 17 14 29 14 16 10 15 40 21 12 16 16 25 15 9 22 15 26 23 9 9 21 30 18 8 15 29 
18 11 21 27 15 28 25 25 9 37 9 30 14 52 21 19 19 14 17 25 6 13 19 13 13 30 31 16 23 33 21 35 19 11 13 37 7 26 13 14 20 16 11 27 19 20 16 22 19 20 27 18 11 15 11 32 27 20 28 24 
14 11 22 23 19 25 16 36 10 21 9 32 14 25 25 15 23 25 21 15 10 16 34 19 16 22 28 12 11 27 27 16 28 7 24 28 8 21 13 12 31 16 11 15 29 17 20 16 31 14 28 12 13 13 19 35 38 17 28 18 
23 14 22 25 20 33 6 15 6 25 10 19 15 31 42 14 22 19 23 34 13 18 17 26 24 23 32 17 22 16 32 26 32 14 11 13 12 20 13 22 20 12 8 13 35 25 16 12 36 13 27 20 11 15 16 48 31 14 21 8 
31 14 9 27 27 24 22 12 13 18 16 34 21 33 24 23 26 15 11 15 17 21 39 28 25 37 23 13 17 45 23 43 18 13 15 22 18 17 8 13 25 12 15 33 19 20 19 10 30 20 19 17 7 17 15 28 30 13 32 12 
24 19 22 39 19 17 30 12 11 10 6 23 24 35 22 13 21 10 20 29 16 19 18 28 18 15 51 34 23 31 24 12 11 8 12 28 12 20 7 20 41 19 8 11 22 32 22 22 41 14 19 10 16 26 14 23 24 22 20 17 
21 16 16 15 23 17 19 26 9 20 10 22 25 30 38 22 23 22 21 25 17 15 38 16 25 25 31 16 12 35 48 28 14 14 21 29 13 12 7 12 26 17 14 17 23 24 15 14 40 16 24 14 11 25 16 29 32 21 27 11 
16 14 21 18 19 35 24 18 10 16 11 35 14 31 29 18 34 9 15 30 14 23 20 32 19 24 16 15 12 34 37 35 12 6 19 34 10 25 15 15 28 18 12 16 20 23 18 19 19 24 29 15 16 17 15 16 27 23 17 22 
19 16 17 22 15 24 32 24 8 24 11 28 12 24 22 17 16 11 32 16 12 11 19 36 19 19 31 11 19 22 24 26 16 19 17 31 6 21 11 14 22 14 7 17 32 26 12 22 26 15 27 18 10 13 23 23 36 23 25 20 
9 13 15 30 15 25 18 19 9 20 6 33 16 28 36 18 27 28 26 29 13 11 26 22 16 17 43 20 18 34 40 31 27 20 13 35 12 9 11 7 33 16 15 21 21 18 8 19 29 23 22 18 12 17 15 18 26 21 23 13 
16 16 21 33 20 30 26 27 9 15 15 29 17 24 36 14 26 18 28 29 14 23 17 22 13 23 21 23 23 34 34 21 16 15 18 24 13 22 12 12 35 13 18 29 23 19 13 12 37 13 20 11 4 12 18 37 24 18 22 21 
26 13 11 25 26 30 23 28 10 33 10 36 22 41 29 12 22 9 22 25 13 11 16 31 18 35 45 14 18 34 23 34 24 19 22 20 10 18 6 22 23 14 14 18 28 24 8 19 40 11 17 13 7 16 18 16 4 17 16 18 
25 14 14 19 25 25 24 22 10 16 6 32 18 26 36 17 21 24 18 21 16 11 19 28 15 25 36 12 13 27 39 32 13 15 13 41 9 28 11 10 33 11 13 32 29 19 16 15 34 22 26 15 10 13 18 23 30 18 26 14 
20 17 20 32 21 34 19 26 8 24 18 29 15 41 33 12 15 26 10 32 12 14 5 41 36 17 35 20 17 32 42 34 20 22 16 19 14 23 5 13 22 15 10 14 21 14 14 15 29 9 29 12 11 9 19 33 29 3 29 18 
24 18 16 35 10 25 29 21 13 23 15 30 13 36 19 24 27 22 20 34 10 11 17 30 17 12 20 16 16 20 36 12 21 8 16 24 19 20 5 16 13 20 16 25 18 13 16 20 36 19 28 12 14 10 14 18 25 18 26 20 
20 10 20 27 14 17 22 16 10 9 10 37 19 34 16 27 28 19 27 34 9 24 26 38 16 21 32 15 20 35 19 22 18 18 11 27 15 20 12 16 45 12 12 33 24 26 29 11 27 20 19 18 14 10 14 40 25 26 25 16 
23 12 16 30 18 30 19 20 13 15 13 41 17 36 28 21 27 25 19 31 14 20 22 32 14 39 24 14 21 21 31 27 25 20 18 28 11 28 7 18 22 26 13 23 31 28 17 22 39 20 11 13 12 10 10 20 27 24 19 17 
26 9 22 24 27 30 16 29 3 24 12 39 30 34 14 18 30 26 26 27 12 15 34 30 25 35 14 24 20 31 29 32 25 11 13 38 11 26 8 18 31 6 10 14 18 19 22 17 34 12 32 25 5 15 14 32 31 25 21 21 
35 8 13 23 15 23 19 16 9 12 12 34 14 37 23 24 32 19 31 19 11 10 25 36 22 35 30 19 17 13 37 32 18 18 21 29 14 25 11 16 24 12 13 19 29 21 13 17 20 23 25 12 11 21 15 21 35 9 32 16 
22 9 16 31 17 31 23 17 10 10 9 26 14 30 29 20 24 18 24 30 15 18 25 32 25 23 40 17 14 26 8 25 27 17 14 12 11 14 11 21 31 17 17 17 24 25 15 12 23 11 23 21 16 14 14 30 37 20 16 10 
38 7 23 16 15 14 26 23 12 15 8 24 13 37 30 21 33 21 30 36 11 12 17 26 25 30 11 15 34 17 46 37 22 13 13 20 15 22 10 19 31 12 15 19 24 25 20 12 30 7 22 17 20 13 17 30 8 20 21 14 
24 21 14 24 16 29 18 21 10 22 12 22 8 14 42 16 21 17 26 29 12 15 17 30 22 17 27 18 21 24 3 28 27 12 15 20 11 22 10 16 28 23 11 22 17 11 10 17 15 17 26 14 8 18 15 16 23 18 23 24 
17 17 16 21 20 20 17 27 13 22 14 25 19 38 45 20 15 24 23 31 16 13 18 20 23 30 40 10 18 29 14 33 12 8 15 38 18 23 10 17 31 17 11 28 23 24 35 12 18 21 23 15 12 19 12 19 22 16 19 14 
22 11 10 29 14 20 30 15 7 11 11 31 10 25 25 21 23 15 19 26 12 19 12 31 17 29 37 10 11 29 36 20 18 8 18 26 14 14 18 15 39 14 12 25 24 23 19 21 28 17 21 14 17 22 15 30 21 23 18 16 
24 18 19 20 22 31 21 11 12 15 5 28 19 34 20 20 21 16 24 37 14 15 11 24 34 19 42 19 17 38 27 46 19 16 13 19 16 24 6 15 12 17 11 27 19 24 12 20 34 26 22 23 14 16 14 31 23 15 19 25 
36 17 23 18 16 18 20 23 13 34 11 25 22 22 25 33 20 20 26 32 9 15 14 21 18 24 29 25 26 43 24 33 13 13 21 26 11 11 9 12 33 15 12 14 27 29 18 9 19 10 25 24 15 18 16 28 28 16 24 24 
30 12 20 28 22 30 25 19 11 31 4 22 23 35 26 16 27 20 29 26 9 18 20 35 27 24 30 17 19 26 27 29 17 16 9 23 18 19 9 15 37 12 13 25 16 16 25 14 37 12 25 20 9 21 16 32 22 26 24 14 
20 10 31 17 16 23 21 16 14 17 10 25 19 11 23 23 28 24 27 21 16 18 18 20 22 16 38 13 15 26 43 36 18 17 13 28 17 13 11 17 26 16 9 24 13 29 23 16 29 21 25 13 13 19 17 26 28 17 25 24 
22 20 21 28 17 17 22 18 9 17 8 11 7 28 40 10 17 17 35 19 14 13 31 31 30 33 30 16 17 30 46 43 17 13 17 19 14 22 13 18 12 14 8 9 18 25 19 20 26 30 27 17 11 19 16 26 21 19 25 5 
27 9 8 38 16 29 13 26 12 18 11 22 21 36 12 26 20 24 31 22 15 6 8 27 22 14 36 23 20 28 43 34 21 9 17 20 7 18 16 10 31 16 9 34 20 23 17 16 25 25 24 16 8 14 18 30 23 23 26 18 
22 16 13 25 14 27 20 13 8 12 14 39 28 39 27 12 24 24 33 30 11 15 22 34 5 15 32 12 18 32 48 39 25 4 16 34 16 8 9 14 15 20 13 17 11 28 20 14 23 15 11 19 17 14 14 12 25 25 29 35 
13 18 24 29 19 32 18 19 5 28 10 9 19 34 16 23 25 10 24 18 11 19 23 14 20 21 29 12 9 35 31 17 19 18 15 31 11 11 11 10 32 12 12 13 15 23 18 17 16 14 21 11 11 19 25 32 22 9 25 17 
29 20 20 20 9 16 20 33 13 14 5 31 21 25 29 21 23 24 31 24 18 12 25 42 26 40 22 9 11 24 45 32 21 10 16 32 13 24 16 14 35 16 10 24 29 22 22 14 32 17 28 17 17 18 14 29 18 13 9 27 
31 13 24 30 23 24 19 13 14 13 14 35 16 39 36 18 20 23 25 21 14 16 13 32 19 22 32 15 18 31 30 27 17 12 16 13 10 20 6 12 24 18 11 17 25 11 17 15 39 18 23 21 13 15 13 29 18 19 27 11 
28 22 17 35 13 41 18 21 13 19 6 14 12 43 36 17 24 16 29 19 10 21 14 34 11 29 13 16 18 33 44 28 16 11 6 25 11 19 4 17 31 22 14 26 19 20 18 24 39 16 30 21 14 17 15 24 23 29 33 25 
19 11 20 23 12 32 16 29 10 27 13 38 15 35 27 21 35 13 23 26 14 17 17 21 16 30 29 17 17 29 36 27 21 17 20 23 10 20 10 14 34 18 10 20 17 16 18 15 23 17 26 16 10 17 22 17 30 19 21 24 
18 14 17 27 20 32 30 13 7 31 9 22 13 27 30 3 27 23 10 17 14 16 15 28 13 15 29 23 17 35 17 13 18 12 6 21 16 21 13 18 11 17 7 17 18 21 12 14 18 9 24 13 10 13 20 11 15 17 20 23 
41 13 25 18 14 27 12 23 6 15 14 28 14 19 40 8 21 16 11 38 13 20 22 38 20 22 28 18 17 28 29 31 14 15 18 24 11 17 9 9 28 16 15 24 26 9 14 12 35 27 21 12 13 24 14 23 24 13 31 27 
21 17 22 19 14 40 24 14 8 26 9 29 18 20 31 23 30 20 33 24 11 12 26 10 11 26 14 22 16 24 14 28 25 19 18 22 14 15 8 13 15 10 12 21 23 19 10 18 34 21 33 16 14 13 16 24 11 16 14 22 
22 10 18 25 16 22 21 33 12 28 9 39 16 20 28 26 28 4 24 9 10 16 28 37 16 15 39 15 13 27 32 24 14 14 13 26 15 15 10 17 30 15 12 17 24 30 17 14 49 20 18 15 12 15 20 22 35 19 30 12 
27 13 24 22 15 30 28 33 8 24 11 25 23 25 31 16 28 22 28 30 13 18 10 27 15 25 29 10 16 30 22 41 17 17 10 26 13 16 11 13 25 27 14 14 28 23 15 21 32 16 34 19 15 16 11 25 7 9 35 25 

MachineCapacities:
MachineID Capacity
0 10
1 10
2 10
3 10
