NumTasks NumMachines NumScenarios
30 4 10
TaskDetails:
TaskID ReleaseTime ResourceConsumption SuccessorsCount Successors...
0 0 4 5 6 3 1 1 
1 0 6 6 8 9 1 2 
2 0 8 3 1 5 2 3 5 
3 0 9 2 3 4 3 4 7 9 
4 0 10 10 7 6 2 6 8 
5 0 2 1 10 8 1 6 
6 0 8 7 9 5 1 10 
7 0 2 8 5 2 1 10 
8 0 8 6 5 7 2 10 11 
9 0 4 6 4 6 2 11 12 
10 0 8 5 6 7 2 12 13 
11 0 3 2 8 8 1 13 
12 0 7 8 4 1 0 
13 0 6 8 5 3 0 
14 0 3 2 5 7 3 16 17 18 
15 0 1 3 7 7 1 18 
16 0 8 6 7 3 2 19 20 
17 0 4 9 6 10 2 19 20 
18 0 3 10 5 6 2 19 20 
19 0 6 5 3 5 3 21 22 23 
20 0 7 5 8 3 3 23 25 26 
21 0 2 5 6 10 2 24 26 
22 0 9 7 1 9 2 25 26 
23 0 10 1 7 5 2 28 29 
24 0 6 3 3 6 1 25 
25 0 1 9 5 7 2 28 29 
26 0 8 2 8 1 2 27 28 
27 0 6 7 8 2 1 29 
28 0 9 8 7 7 0 
29 0 7 6 2 4 0 

22 21 26 16 26 26 25 27 30 25 22 24 33 38 14 10 24 27 34 28 34 23 18 24 19 20 33 18 11 44 26 20 18 22 25 38 19 26 24 36 26 30 13 10 22 12 18 17 16 24 16 12 20 28 13 25 24 21 24 19 19 22 48 14 23 17 26 20 23 15 15 14 23 18 15 21 16 23 18 21 9 12 13 34 13 21 24 19 35 32 21 44 25 18 37 15 13 31 17 40 22 18 27 18 9 24 19 25 13 30 11 19 16 39 10 21 22 19 13 18 
18 25 13 19 28 23 14 23 25 8 22 25 30 32 5 15 28 18 34 20 14 40 19 21 29 32 25 13 21 24 20 29 17 13 18 32 22 19 32 24 20 24 16 11 23 6 25 18 29 28 18 19 41 12 7 23 25 18 25 20 10 24 18 18 36 14 37 21 28 16 16 23 21 20 18 29 11 22 12 18 19 25 18 23 24 25 20 19 14 17 14 37 29 16 31 17 25 28 20 13 12 28 25 6 20 32 19 27 4 34 25 13 21 16 27 21 9 24 15 13 
21 24 35 17 26 14 28 17 24 21 19 22 25 22 8 12 43 25 22 36 21 35 18 28 27 27 24 22 25 41 17 15 23 20 20 18 9 26 20 23 38 19 20 26 15 10 28 16 39 36 29 13 32 28 17 30 34 21 20 36 16 17 27 15 45 13 27 17 28 17 20 17 30 18 16 22 28 11 18 23 20 29 30 33 20 11 16 12 46 23 37 30 5 17 13 16 21 26 15 33 18 26 13 17 22 25 29 44 11 29 19 19 22 29 17 29 16 36 15 26 
21 32 19 18 21 26 22 25 26 30 29 38 33 37 13 18 7 31 35 25 33 31 18 28 9 20 20 18 19 44 26 29 31 37 15 23 19 19 18 12 22 26 30 18 23 9 23 26 26 32 37 9 31 19 15 23 15 18 13 15 12 23 34 12 36 20 31 20 33 21 31 15 29 19 16 29 29 12 17 24 34 23 25 28 13 6 24 16 45 41 23 3 24 9 30 27 10 12 25 35 26 23 13 12 29 23 15 11 29 16 22 19 10 11 24 25 22 25 21 12 
22 32 20 13 24 17 10 31 19 25 26 27 25 31 12 15 25 24 25 35 25 24 15 17 10 24 20 17 19 36 22 16 14 22 15 15 21 16 42 25 30 25 23 18 17 13 23 14 17 23 22 18 32 22 25 23 32 15 15 15 10 15 20 13 27 16 28 21 20 12 18 15 24 19 12 7 25 13 12 19 29 21 31 26 15 23 15 12 47 18 16 29 18 11 36 23 20 26 21 29 20 27 22 15 14 15 27 17 19 26 26 16 27 21 3 32 24 35 8 22 
24 19 23 17 29 15 16 15 25 17 12 28 27 17 12 19 43 23 24 31 37 31 17 24 19 36 19 12 21 32 11 25 20 12 25 27 24 27 28 26 29 27 17 12 20 21 28 22 21 25 30 20 16 26 24 24 30 15 16 10 16 12 15 23 17 16 28 16 19 17 15 19 30 16 17 18 13 17 16 19 28 17 26 28 14 32 15 13 26 37 14 39 17 13 29 27 24 26 24 32 21 20 12 17 26 19 18 31 14 32 22 7 26 28 17 36 32 30 19 15 
20 24 17 17 32 23 23 21 38 19 26 20 39 36 13 15 30 27 29 30 30 30 20 33 20 33 26 17 9 36 21 16 22 35 18 26 16 28 13 22 27 15 23 26 21 10 21 22 18 31 30 18 26 26 12 29 27 26 15 12 24 28 16 21 24 11 30 21 27 22 23 11 25 14 14 25 26 19 23 28 28 28 26 16 22 31 23 19 40 38 27 26 14 16 25 16 22 33 19 17 33 24 12 18 20 26 16 19 25 30 14 15 21 18 3 22 16 21 12 17 
20 11 14 12 23 20 13 26 41 28 17 35 20 38 23 17 33 28 41 37 38 24 22 23 24 24 20 16 28 18 9 13 27 25 16 39 22 22 32 32 34 34 12 17 20 19 11 25 39 25 30 17 23 24 18 26 19 26 14 13 14 19 33 13 18 18 28 16 30 23 16 9 29 17 15 17 22 14 17 21 29 16 36 32 30 33 15 16 24 33 24 22 15 5 27 25 30 24 24 22 20 28 16 15 7 11 19 38 26 29 16 10 18 22 19 18 14 25 26 23 
18 29 23 21 28 14 25 20 35 23 19 24 32 31 8 13 34 11 22 19 21 23 15 53 13 24 19 11 19 32 14 15 10 21 20 38 13 25 24 26 26 8 10 19 23 19 23 19 24 22 28 15 24 24 27 20 24 22 14 24 25 16 33 15 33 20 25 12 31 22 26 24 29 8 16 22 12 15 22 16 10 25 19 27 34 12 20 24 39 44 28 31 24 14 27 19 21 26 26 22 17 21 19 18 24 24 16 34 30 27 11 13 18 14 21 12 21 22 14 25 
20 25 22 16 19 22 27 16 32 18 28 25 30 28 18 19 33 25 32 30 36 19 18 25 22 23 29 23 13 30 20 27 23 25 17 31 15 24 23 38 19 35 18 25 12 16 21 17 20 29 27 21 25 27 21 10 17 16 14 18 13 23 41 19 34 21 21 17 18 15 22 14 33 14 15 18 30 20 21 25 20 18 20 35 31 11 17 12 26 30 32 36 26 10 23 29 13 32 15 23 16 42 32 18 25 33 12 24 20 30 17 16 22 36 15 17 11 28 23 24 

MachineCapacities:
MachineID Capacity
0 10
1 10
2 10
3 10
