NumTasks NumMachines NumScenarios
30 4 10
TaskDetails:
TaskID ReleaseTime ResourceConsumption SuccessorsCount Successors...
0 0 7 4 2 3 2 3 4 
1 0 8 3 3 10 3 2 3 4 
2 0 10 3 7 1 3 5 7 10 
3 0 6 4 2 6 3 7 8 10 
4 0 6 3 4 4 4 5 6 7 10 
5 0 2 4 10 7 1 8 
6 0 2 6 9 6 3 9 11 12 
7 0 7 7 1 3 3 9 11 12 
8 0 6 5 2 6 3 9 11 12 
9 0 10 4 7 5 2 14 17 
10 0 4 4 6 9 1 14 
11 0 3 6 5 10 2 13 14 
12 0 6 5 4 1 2 16 17 
13 0 9 8 3 6 3 15 16 17 
14 0 5 9 2 7 1 15 
15 0 2 6 8 1 2 18 19 
16 0 5 9 9 7 2 18 19 
17 0 1 9 9 8 1 19 
18 0 7 9 9 4 2 20 21 
19 0 2 6 9 9 1 21 
20 0 6 9 2 2 0 
21 0 5 7 2 10 2 22 23 
22 0 3 4 8 4 0 
23 0 7 8 5 6 0 
24 0 10 5 2 3 1 25 
25 0 5 7 9 5 2 26 28 
26 0 2 3 3 3 1 27 
27 0 7 10 1 9 1 29 
28 0 2 2 7 4 0 
29 0 7 3 8 4 0 

31 21 18 14 13 8 36 25 27 19 24 22 21 26 29 25 19 22 21 26 16 26 14 37 15 21 22 25 27 28 19 31 34 41 23 15 9 33 27 19 24 22 27 11 21 15 23 11 23 19 31 56 21 17 13 14 25 18 20 31 32 18 7 12 20 18 26 21 22 13 21 27 13 20 16 34 37 14 19 39 33 12 13 30 33 17 28 25 23 27 32 27 27 26 38 19 35 21 15 37 38 25 27 14 29 18 28 13 8 8 28 33 22 28 23 22 17 16 16 21 
21 12 38 13 10 41 29 23 16 21 20 13 35 16 16 15 24 38 27 30 14 32 9 19 25 37 26 38 35 21 13 20 19 31 33 35 16 28 22 15 19 14 32 32 32 17 24 21 20 30 36 27 25 14 17 32 22 22 17 30 36 25 16 16 14 21 18 33 27 17 13 26 27 19 15 28 31 24 24 37 33 30 19 33 23 25 24 24 22 16 26 32 21 35 31 22 29 44 14 18 27 20 12 18 23 18 40 20 27 20 23 51 17 25 16 25 17 6 36 18 
20 14 35 18 21 24 28 29 18 38 14 19 15 6 12 18 25 26 19 23 12 29 10 26 13 16 17 20 14 18 15 22 22 33 11 17 15 24 37 20 17 27 27 28 31 20 24 19 19 23 29 41 29 30 23 18 24 13 32 19 25 31 8 13 17 11 32 22 28 19 21 18 19 15 21 35 30 28 27 28 37 32 11 35 53 17 9 18 31 26 19 35 17 29 23 28 17 47 16 22 43 25 30 16 25 13 14 29 36 23 15 30 26 25 20 27 14 20 28 32 
16 6 25 11 26 26 29 28 24 29 26 16 45 32 18 21 22 24 29 14 18 42 9 32 22 20 26 33 38 23 20 24 23 33 22 22 11 19 26 22 18 16 25 24 28 8 17 21 17 31 23 43 32 16 15 17 31 34 12 20 31 24 43 16 21 14 27 30 30 18 20 31 21 20 15 19 36 9 23 24 33 28 29 30 28 26 22 21 13 27 16 25 17 35 20 33 24 30 12 30 24 10 33 14 30 18 25 27 12 29 18 43 18 32 14 32 16 29 39 21 
21 13 28 22 19 38 12 30 14 41 17 25 24 20 22 20 23 18 41 30 18 28 15 29 17 31 24 26 45 29 21 29 23 33 26 26 18 25 27 15 30 14 39 23 39 16 17 15 15 18 40 19 30 19 13 28 22 28 28 27 32 29 24 17 24 16 20 35 32 13 33 34 19 22 20 17 28 14 27 21 41 31 11 41 32 14 15 17 27 21 34 15 8 23 27 21 26 14 16 9 32 26 29 8 22 10 14 17 29 18 28 33 27 26 16 27 22 24 25 13 
19 24 36 13 20 15 27 39 18 31 21 17 28 21 22 24 19 19 26 33 11 29 15 17 15 20 32 36 22 28 24 31 19 35 40 28 26 31 27 22 16 15 34 16 38 27 10 10 15 22 16 42 25 24 25 19 22 10 38 11 14 24 31 16 14 13 25 33 16 16 18 46 34 21 17 19 24 11 17 33 32 31 25 15 24 16 17 23 19 29 19 23 19 31 28 31 35 12 15 15 21 23 15 12 33 13 40 11 26 30 20 31 21 33 22 24 14 11 33 28 
5 21 26 8 11 25 14 42 23 33 21 30 21 30 10 28 18 21 30 17 21 36 15 29 19 17 30 20 28 18 18 28 12 34 29 23 20 19 38 26 12 10 25 18 38 18 17 22 22 28 24 32 17 16 20 30 28 16 25 21 27 33 24 17 13 19 32 31 22 19 24 29 27 16 17 26 25 18 10 33 36 23 22 21 22 21 16 22 20 6 22 24 34 31 32 29 20 26 15 12 22 10 37 18 6 18 24 17 28 25 31 33 25 27 22 24 27 22 28 26 
17 20 28 11 18 23 27 29 16 34 14 20 22 23 20 20 28 15 24 25 13 31 26 35 21 35 18 16 33 33 26 24 10 31 16 23 20 25 25 16 16 25 21 21 24 20 24 20 14 23 32 15 20 20 15 28 14 26 25 26 19 28 29 10 19 17 35 30 22 18 9 25 27 19 16 26 47 16 14 17 35 31 19 45 30 24 23 16 12 26 23 26 16 35 28 14 28 26 13 25 28 31 22 17 24 14 29 20 9 17 21 33 17 28 21 30 22 23 23 25 
27 24 35 18 16 44 40 37 19 11 24 31 22 21 18 29 22 23 25 37 16 31 14 19 14 22 21 13 27 28 28 19 20 34 36 16 26 22 25 13 19 12 35 30 20 25 35 15 26 17 27 28 21 24 23 31 19 34 28 26 49 24 52 14 22 14 17 18 20 16 17 22 16 12 21 44 31 19 28 40 27 29 15 22 15 19 20 27 14 19 25 20 25 33 23 22 13 26 19 33 34 22 23 12 12 7 22 16 15 23 12 36 19 35 21 31 15 25 25 15 
26 18 19 14 13 34 37 26 13 16 15 26 9 23 28 22 24 32 27 20 20 33 14 19 31 26 25 25 29 31 14 23 24 29 32 28 12 11 31 18 20 23 25 28 39 23 29 11 15 12 26 29 37 23 16 33 13 19 36 20 30 24 45 9 17 12 24 33 15 13 28 13 25 20 14 39 20 16 21 37 30 31 21 33 20 21 19 23 15 14 21 18 26 19 35 41 37 18 10 26 27 36 25 20 25 16 24 14 27 28 31 29 24 50 24 29 11 23 24 18 

MachineCapacities:
MachineID Capacity
0 10
1 10
2 10
3 10
