NumTasks NumMachines NumScenarios
15 3 50
TaskDetails:
TaskID ReleaseTime ResourceConsumption SuccessorsCount Successors...
0 0 5 2 9 2 1 2 
1 0 4 3 9 2 5 6 
2 0 7 8 4 2 3 4 
3 0 5 3 3 2 5 6 
4 0 8 4 2 2 5 6 
5 0 5 10 5 1 7 
6 0 2 6 7 0 
7 0 6 7 3 0 
8 0 4 4 6 1 11 
9 0 6 5 9 1 11 
10 0 3 5 4 2 12 14 
11 0 3 6 6 2 12 14 
12 0 3 2 8 1 13 
13 0 1 5 6 0 
14 0 7 5 4 0 

8 25 10 11 31 36 32 10 12 24 25 19 8 21 24 23 13 18 23 24 20 12 34 12 13 21 21 19 15 5 30 29 13 13 27 20 34 23 27 21 21 32 7 14 16 
11 22 11 10 18 34 37 17 20 32 18 18 19 39 16 28 11 20 23 14 10 20 30 20 22 11 21 18 29 15 32 42 10 17 29 24 22 22 14 15 34 28 11 16 22 
12 26 5 16 32 7 31 14 8 27 15 15 13 37 24 16 14 14 32 20 13 9 17 15 19 18 18 17 12 16 25 24 15 19 32 20 42 18 27 33 29 31 9 18 9 
10 20 10 13 39 20 16 15 19 39 23 16 12 19 15 28 14 15 35 21 15 19 8 19 19 19 14 13 23 24 20 26 5 24 29 17 34 24 16 16 22 35 10 22 25 
15 28 15 11 12 19 22 12 15 27 22 15 9 26 15 29 15 18 20 28 15 15 18 16 12 14 15 10 14 17 23 33 14 16 29 20 17 18 27 18 35 26 6 19 16 
14 25 7 15 9 11 25 11 14 25 20 29 8 17 22 22 20 17 22 25 16 19 27 15 20 17 16 18 6 24 38 31 19 20 42 29 22 17 27 18 31 32 7 14 11 
8 20 12 12 35 36 10 18 11 27 30 14 10 34 21 30 14 16 28 22 15 25 26 18 15 16 24 18 18 6 39 27 12 22 19 28 26 19 32 13 8 24 9 23 17 
14 23 12 11 37 25 30 11 18 22 36 13 9 41 18 22 23 16 18 12 13 11 30 12 14 16 22 21 15 18 11 39 16 18 32 10 28 19 28 17 15 42 12 12 23 
14 21 5 11 24 11 23 15 10 43 28 22 8 35 20 22 20 19 23 18 15 18 21 20 24 19 23 21 4 17 29 29 15 17 15 27 18 18 17 33 27 18 8 20 18 
12 11 10 17 37 22 28 19 21 29 15 26 9 32 19 23 13 11 30 24 8 14 31 12 25 19 9 11 27 8 27 27 13 23 26 18 34 22 21 22 24 27 2 19 17 
7 15 14 13 36 18 19 14 23 43 17 14 14 32 16 20 17 19 20 19 13 17 26 18 17 18 20 12 29 24 27 36 12 19 15 29 38 20 24 20 25 29 14 20 8 
11 20 11 16 31 35 31 15 10 28 19 10 13 26 18 30 8 14 36 27 24 10 35 14 10 13 15 13 41 13 42 31 16 25 18 23 29 24 23 20 24 26 10 14 15 
13 23 12 19 18 25 17 13 9 32 17 12 12 27 19 15 15 12 17 25 13 21 20 16 28 16 25 22 19 19 31 30 16 23 24 21 39 9 12 19 31 40 12 14 16 
9 22 13 14 46 24 27 7 6 33 16 13 8 14 13 21 15 11 16 20 17 22 18 14 16 22 11 14 10 26 45 39 3 13 19 30 38 21 23 18 35 14 12 22 13 
12 19 11 9 24 26 23 16 11 34 20 13 10 7 21 17 22 20 15 26 12 20 30 18 22 14 31 19 22 18 39 30 9 20 41 23 26 19 17 21 20 13 10 12 23 
9 17 14 11 19 25 25 16 14 20 31 15 8 20 14 13 13 11 35 12 8 10 29 22 21 21 9 20 23 22 19 36 11 12 14 15 24 31 12 25 18 34 11 18 21 
16 21 10 15 13 31 32 23 4 26 25 18 15 46 25 24 15 23 24 26 13 20 46 17 11 23 26 24 21 15 18 42 16 20 5 21 39 19 20 18 22 21 12 20 14 
14 17 13 15 28 32 22 18 17 30 22 17 8 34 23 21 10 19 30 14 12 12 9 15 20 14 26 17 13 17 25 31 15 15 21 11 38 21 30 19 30 29 15 14 8 
18 15 13 13 22 16 33 10 12 35 17 19 15 44 17 30 16 15 32 19 16 7 33 9 23 22 11 21 19 15 27 26 11 11 28 24 31 28 37 19 39 25 12 16 18 
7 16 6 15 25 28 30 11 9 26 25 16 15 39 23 37 17 16 26 19 14 27 31 14 17 24 22 17 15 15 40 28 8 22 29 23 41 23 41 19 25 30 10 21 20 
11 4 12 11 33 25 29 9 18 26 21 16 7 22 15 21 14 19 29 23 14 14 24 20 15 11 23 18 34 12 31 29 13 23 24 13 34 23 14 19 26 24 7 20 10 
8 16 8 13 34 14 31 15 14 25 22 13 12 24 13 23 16 11 30 24 9 16 37 15 20 19 15 14 30 14 19 38 11 20 40 18 33 23 10 24 26 35 11 12 23 
8 17 5 16 19 21 31 17 16 28 26 21 17 22 10 23 14 17 22 22 20 18 23 17 21 21 24 9 24 18 28 16 12 25 18 19 28 20 22 20 21 30 11 11 19 
9 32 13 11 19 21 23 12 13 42 30 17 7 38 10 28 6 15 20 19 14 21 28 21 23 17 16 21 20 20 28 26 12 16 29 17 23 18 32 22 23 33 14 12 18 
16 14 12 10 21 33 20 16 20 30 24 16 14 17 14 22 18 14 28 23 7 21 29 17 25 26 17 21 12 15 33 32 10 15 21 16 30 15 16 29 28 29 9 21 18 
13 30 11 11 21 33 23 9 15 38 20 9 9 30 19 25 22 23 31 21 20 24 28 17 17 18 7 19 26 10 39 25 13 18 13 25 31 12 19 7 27 30 12 22 18 
14 27 6 13 20 18 27 16 24 31 22 27 12 33 15 30 25 20 22 32 13 17 35 15 21 13 36 14 16 9 38 17 6 20 33 20 37 20 24 22 25 32 11 15 19 
13 23 7 16 27 23 14 18 13 40 24 14 10 40 17 25 8 16 19 10 11 15 28 20 13 15 21 16 16 17 8 31 12 17 22 13 29 13 22 26 23 33 12 20 16 
9 34 13 10 40 29 22 15 9 15 28 8 15 27 18 39 21 15 20 24 12 11 18 15 14 20 28 18 12 17 43 38 12 6 24 22 34 24 35 20 31 32 10 14 14 
9 22 9 11 29 19 32 12 16 43 36 16 15 25 23 43 16 8 19 24 22 15 32 16 20 17 11 19 22 21 28 23 11 9 25 20 31 14 21 20 25 26 12 18 9 
8 20 10 14 17 30 21 14 23 39 26 16 15 19 16 37 17 6 26 24 17 9 21 16 29 16 13 17 18 21 33 28 13 20 29 18 17 27 29 26 32 21 6 22 10 
12 25 11 13 26 22 29 18 11 29 23 17 17 31 14 28 16 17 23 25 20 14 18 15 16 26 22 15 24 24 30 26 16 17 29 24 18 34 36 22 32 35 10 14 13 
11 7 12 14 27 35 33 8 13 43 25 12 12 27 25 11 21 23 16 19 18 19 28 21 21 14 20 19 25 12 33 26 18 16 25 17 26 26 15 21 35 39 5 9 23 
8 24 9 9 26 29 17 12 13 37 24 12 11 39 17 13 17 11 21 12 5 21 20 18 19 13 32 15 15 18 23 33 12 18 22 28 15 15 22 28 14 44 5 22 7 
12 20 16 15 23 20 10 17 18 19 21 16 13 38 19 27 21 17 34 23 20 16 22 18 13 13 24 16 19 27 30 42 20 20 35 25 22 11 27 32 18 31 8 17 18 
11 23 8 9 27 19 23 7 23 14 16 14 10 33 5 12 19 6 34 20 15 27 35 18 23 18 19 21 28 18 27 30 10 19 11 21 17 30 31 20 26 21 7 14 13 
9 18 11 13 23 27 21 24 15 24 14 8 12 32 19 29 17 17 14 20 12 18 19 13 25 21 23 10 17 22 23 33 14 21 19 27 33 6 16 24 26 30 14 14 16 
18 12 5 19 27 33 34 16 16 31 12 14 15 39 11 22 14 20 24 18 16 14 28 15 25 26 16 25 19 21 24 39 16 21 27 25 24 15 21 12 29 19 9 21 17 
10 26 11 12 39 22 20 16 20 45 35 8 13 20 16 14 14 15 20 18 23 20 33 16 20 17 27 18 11 9 25 24 13 17 21 31 15 15 31 20 24 26 4 12 11 
9 19 8 7 31 21 19 16 19 31 31 11 16 32 20 35 15 16 9 26 12 19 40 14 24 18 27 18 18 27 29 24 11 10 13 33 27 16 16 17 22 19 9 13 11 
13 16 9 11 17 16 27 8 9 31 29 12 11 39 12 13 19 18 23 23 22 13 29 13 18 20 29 14 21 9 28 25 10 18 27 23 31 30 27 22 35 29 8 17 17 
7 30 8 12 25 28 19 14 15 39 32 14 13 21 13 19 19 19 31 38 9 15 31 19 12 28 19 18 17 20 45 25 10 18 32 25 32 19 17 26 20 28 9 17 14 
12 20 8 11 15 31 14 11 14 14 29 23 14 11 17 29 19 17 23 28 23 15 38 16 10 13 25 10 7 16 13 32 10 21 23 31 25 21 24 19 25 26 8 14 15 
12 15 12 14 32 31 13 10 15 27 24 14 14 38 11 19 12 18 28 19 19 21 39 9 19 26 13 9 11 17 38 21 11 11 30 25 24 21 36 26 27 21 11 10 19 
11 9 10 18 30 33 20 18 20 18 25 14 12 22 18 25 14 17 25 20 12 16 27 19 25 20 25 19 14 16 53 37 14 18 51 14 17 34 43 18 22 16 11 14 17 
10 28 9 13 15 23 22 15 16 40 18 10 9 17 22 12 14 17 31 19 15 12 36 15 14 14 14 16 19 9 23 35 18 27 18 25 31 19 31 24 38 34 8 18 27 
11 14 11 9 31 26 22 18 12 23 23 14 11 21 17 22 21 5 22 26 14 15 28 25 13 23 27 13 24 15 41 32 7 14 21 28 20 18 34 15 37 11 7 17 20 
7 27 6 17 32 31 35 13 11 25 27 18 12 44 10 15 12 16 18 19 13 22 18 23 19 23 22 18 21 19 21 18 13 20 29 20 29 13 22 27 27 31 10 23 15 
14 21 11 15 10 13 37 16 17 41 10 12 14 27 17 22 18 13 32 21 10 22 23 24 10 27 18 15 19 13 23 33 13 11 22 28 37 20 20 25 19 20 11 16 14 
10 36 6 10 17 23 21 7 18 30 9 17 18 23 25 35 14 14 21 21 16 14 29 14 21 26 16 11 17 15 17 35 14 34 28 37 26 16 36 19 38 32 6 11 16 

MachineCapacities:
MachineID Capacity
0 10
1 10
2 10
