NumTasks NumMachines NumScenarios
15 3 50
TaskDetails:
TaskID ReleaseTime ResourceConsumption SuccessorsCount Successors...
0 0 8 6 7 1 1 
1 0 3 6 7 1 3 
2 0 8 10 8 1 3 
3 0 4 5 6 1 4 
4 0 8 8 10 0 
5 0 7 6 5 1 8 
6 0 6 5 8 1 8 
7 0 3 9 5 1 8 
8 0 8 3 5 2 9 10 
9 0 3 2 3 1 11 
10 0 2 6 9 2 11 12 
11 0 4 8 6 1 13 
12 0 5 8 10 1 13 
13 0 5 3 7 1 14 
14 0 4 4 3 0 

20 14 22 32 31 26 14 13 16 14 7 18 23 18 16 13 21 24 33 19 7 16 32 18 10 13 22 20 7 11 20 31 29 17 25 12 12 14 22 14 14 20 26 19 16 
15 8 16 36 21 30 29 27 18 24 32 12 22 35 12 26 15 18 25 35 24 8 29 19 24 26 20 25 12 29 15 29 35 21 17 18 11 13 14 15 14 42 19 8 14 
14 14 21 41 20 30 18 24 28 13 24 25 28 31 10 14 27 20 41 23 20 7 26 17 6 18 13 24 6 24 38 21 26 17 21 12 7 13 37 17 29 40 22 23 14 
14 13 15 27 30 24 22 28 20 20 30 19 11 18 23 14 22 31 14 38 18 15 11 14 30 19 18 10 6 13 28 41 31 23 17 13 10 10 7 19 24 16 27 7 23 
16 10 18 22 22 16 16 31 13 17 24 13 18 16 22 11 19 29 38 19 18 9 27 11 11 26 16 17 11 18 25 29 14 14 39 17 11 9 29 16 20 20 12 17 15 
13 15 14 32 23 14 20 26 15 37 26 19 20 36 17 33 30 24 35 11 19 8 33 26 16 17 18 36 13 27 29 25 37 26 23 17 11 13 19 17 18 34 17 18 15 
10 18 14 27 22 15 16 22 13 41 36 27 21 14 19 23 12 24 26 32 14 10 21 21 30 28 23 16 10 19 34 45 16 19 24 14 9 15 27 16 23 29 16 12 17 
13 12 17 29 39 18 20 24 17 25 15 6 28 28 16 17 27 24 21 18 22 16 21 20 30 26 17 35 13 26 23 32 12 19 42 21 11 9 22 22 16 10 27 15 16 
14 14 19 26 31 21 11 19 13 22 13 22 20 22 14 30 11 11 44 22 12 17 28 12 20 28 15 17 9 20 29 28 26 21 37 18 12 8 33 13 24 23 11 10 24 
16 13 26 30 24 32 15 23 22 22 34 29 24 21 13 21 30 31 27 32 17 18 32 16 29 23 20 18 11 22 20 16 34 24 24 12 12 10 14 17 24 21 22 20 12 
14 11 20 30 22 29 17 37 30 15 16 28 19 24 11 26 16 22 36 24 19 18 30 24 19 31 19 23 16 32 23 26 27 23 28 16 12 10 24 18 21 21 21 12 12 
17 12 18 44 38 20 18 26 14 29 35 22 34 30 17 26 25 25 21 24 10 11 28 9 22 35 19 20 12 29 29 22 23 20 25 16 5 14 19 13 22 21 20 16 18 
11 11 25 42 25 15 13 20 19 23 36 20 19 27 20 12 16 30 13 21 13 8 42 20 32 36 18 16 11 30 26 19 29 21 19 13 8 16 14 22 32 30 26 16 20 
10 17 26 23 32 18 25 16 21 27 17 19 11 29 18 17 21 5 24 20 8 12 24 13 16 31 17 17 15 20 25 20 23 10 38 16 17 11 38 19 15 34 27 12 14 
15 15 15 17 27 25 18 22 24 9 28 20 23 26 22 26 19 27 27 40 18 12 35 19 10 35 24 23 11 15 23 27 23 23 32 18 13 11 19 16 14 11 15 18 21 
13 12 15 38 16 19 11 29 17 34 38 19 22 33 18 24 17 16 13 19 22 10 27 10 13 31 17 29 5 25 26 22 26 24 34 11 7 12 28 13 18 30 20 19 21 
4 13 21 27 50 32 23 26 19 30 20 19 14 31 25 20 20 30 28 32 16 15 30 10 10 36 21 22 12 31 32 27 30 16 49 10 15 14 17 13 22 28 23 13 18 
14 14 17 25 10 10 10 21 27 48 28 17 33 21 12 19 25 21 32 23 10 15 15 18 20 34 14 18 14 29 37 19 16 28 34 14 12 14 12 13 3 18 21 20 13 
15 11 17 30 30 33 28 20 16 31 18 20 16 22 26 22 30 32 15 21 21 13 18 21 29 30 6 19 4 27 30 34 20 17 42 18 10 11 24 14 22 22 18 16 15 
13 13 19 33 19 22 22 22 34 19 28 30 34 45 26 20 26 25 30 37 25 10 25 12 24 38 26 24 20 20 21 29 26 16 18 13 11 14 24 15 18 35 23 18 14 
14 13 18 37 12 34 18 13 6 17 26 20 24 26 15 21 25 36 30 23 15 7 44 18 25 17 11 19 14 23 37 19 30 20 27 15 8 7 31 21 20 28 18 13 17 
17 15 21 31 31 27 12 13 20 7 35 16 25 35 11 17 13 22 32 18 20 14 22 17 18 24 22 13 10 15 27 19 24 20 32 20 10 14 22 18 14 32 29 11 14 
12 12 18 17 40 16 15 29 14 22 23 14 31 28 16 32 22 21 41 17 24 15 29 6 31 21 26 22 11 19 26 25 30 21 36 20 14 11 8 13 23 13 28 13 20 
17 20 23 19 23 24 26 17 23 38 24 18 20 24 16 19 32 22 42 19 20 11 31 30 28 15 19 27 16 15 13 28 20 14 39 20 14 12 19 18 21 31 19 15 18 
14 10 19 20 16 30 19 34 24 40 11 16 33 27 9 20 32 23 28 24 13 10 15 13 8 32 12 16 9 17 34 11 31 23 35 21 13 6 25 11 18 44 25 9 22 
14 13 17 32 16 30 28 29 13 34 33 7 24 24 27 35 18 30 24 28 15 8 28 9 16 24 19 25 10 12 15 21 30 17 28 23 12 11 14 25 17 23 17 15 20 
17 16 28 19 32 35 21 18 17 25 35 28 26 28 17 21 32 24 17 20 16 13 25 16 19 29 16 23 8 25 31 22 23 13 19 15 11 5 26 10 22 42 22 19 18 
11 14 16 19 22 37 18 18 20 27 15 14 28 30 24 20 9 14 22 20 22 16 28 15 25 28 15 21 10 28 49 28 30 19 21 21 13 15 21 11 23 36 24 19 19 
15 18 15 36 31 42 21 28 18 25 27 15 24 31 17 19 27 12 33 16 20 7 35 18 21 24 20 20 9 16 27 25 11 23 11 15 9 14 25 12 13 14 19 7 29 
12 17 17 35 15 9 13 20 10 38 23 8 31 19 21 16 20 21 25 17 11 15 24 13 30 31 23 29 5 31 28 5 20 21 32 19 13 6 24 9 20 32 11 10 16 
13 9 17 27 32 31 23 20 12 26 29 24 34 35 16 11 26 25 44 17 16 14 28 15 16 30 14 33 12 24 29 23 23 18 13 21 16 9 19 12 19 23 18 19 8 
22 14 13 36 31 19 17 15 22 27 18 26 27 31 24 18 34 24 33 35 22 14 21 16 25 17 16 16 10 18 33 33 34 10 26 16 12 15 33 15 18 33 15 15 12 
16 11 14 26 19 35 25 25 15 35 44 21 15 29 11 17 20 17 43 14 15 11 52 20 30 33 16 19 8 26 42 18 12 21 29 15 14 9 27 15 8 16 22 18 24 
18 15 16 21 11 34 20 23 15 25 24 25 30 38 15 20 28 21 28 22 13 15 43 19 18 30 23 27 10 21 48 22 34 25 40 12 9 14 25 14 27 27 18 19 17 
14 14 17 41 21 34 22 27 18 30 38 18 25 34 27 24 8 23 26 17 20 8 22 15 36 39 15 21 9 24 30 39 35 16 18 13 10 13 22 10 27 30 23 14 15 
16 14 18 27 27 26 18 27 17 28 32 18 22 21 20 16 25 30 30 25 16 6 35 23 21 25 17 19 9 26 48 22 25 19 35 10 16 9 31 13 21 26 25 18 21 
12 14 21 35 28 22 24 23 16 24 27 24 25 25 19 19 33 23 44 20 18 11 27 21 31 39 18 20 2 23 24 17 15 8 26 13 9 15 25 18 14 11 21 16 16 
12 11 13 35 35 32 16 27 14 29 40 23 21 22 22 19 26 28 25 21 17 15 37 12 19 19 16 21 12 17 38 23 9 25 20 14 13 16 9 10 13 30 21 13 21 
14 12 15 25 26 25 26 30 19 27 29 25 24 30 20 17 20 29 45 30 16 17 29 16 18 46 12 29 11 26 27 33 28 16 20 22 12 14 25 17 14 35 24 7 20 
13 10 16 41 33 31 21 29 16 23 23 17 29 24 20 18 18 26 27 34 22 16 20 12 22 36 15 21 12 26 30 24 21 15 31 19 15 14 23 12 17 29 19 17 19 
14 12 14 41 35 26 14 33 15 44 36 14 22 35 19 10 20 20 35 31 18 9 50 14 23 28 28 23 11 24 31 20 19 13 39 14 12 10 25 19 21 30 19 21 16 
10 11 8 20 29 8 14 29 16 35 22 15 17 21 21 21 19 23 22 22 18 13 32 16 30 23 25 22 9 22 25 32 15 24 23 22 13 13 17 15 17 17 21 10 18 
11 13 22 33 39 21 16 32 18 35 11 29 18 22 14 6 31 26 36 20 8 12 35 18 20 32 20 19 13 19 43 22 17 21 25 10 13 11 31 7 23 32 22 18 15 
16 15 24 31 21 18 29 23 21 26 22 10 28 26 10 17 27 24 38 22 19 9 18 18 25 25 28 30 7 22 41 21 32 12 23 13 10 15 28 15 17 28 22 21 8 
7 14 24 23 12 28 14 33 9 20 23 26 19 32 22 18 28 27 35 23 12 14 12 14 18 32 21 25 11 22 26 20 39 18 42 11 13 6 37 13 21 44 25 17 15 
12 7 12 30 28 20 23 22 10 36 22 14 27 31 21 26 21 23 41 29 13 12 30 14 20 16 2 26 8 27 27 30 21 25 32 8 10 14 16 12 16 21 20 15 25 
14 14 14 38 27 21 16 26 12 31 24 18 29 31 26 19 19 18 40 14 21 8 23 16 20 34 21 13 10 33 20 14 21 17 33 14 7 11 37 11 16 29 30 19 10 
8 10 26 17 17 16 23 19 22 13 23 15 23 30 13 22 22 7 22 24 14 14 26 18 25 23 17 21 3 10 25 23 14 19 31 22 13 17 24 13 18 23 27 19 11 
11 8 23 43 18 20 13 21 12 40 32 24 29 39 23 16 22 41 31 21 16 13 37 20 18 28 17 25 14 18 10 24 29 16 25 14 14 12 29 19 21 38 17 23 16 
13 16 17 31 17 23 20 32 22 24 25 19 9 26 20 23 24 26 11 35 9 11 24 11 18 26 14 11 10 24 31 25 13 27 18 19 7 14 27 9 27 54 30 9 14 

MachineCapacities:
MachineID Capacity
0 10
1 10
2 10
