NumTasks NumMachines NumScenarios
15 3 50
TaskDetails:
TaskID ReleaseTime ResourceConsumption SuccessorsCount Successors...
0 0 9 10 2 2 1 2 
1 0 7 2 5 2 3 4 
2 0 7 7 3 1 4 
3 0 7 6 7 0 
4 0 8 3 1 0 
5 0 6 9 8 3 6 7 9 
6 0 4 1 5 3 8 11 12 
7 0 10 3 4 1 10 
8 0 5 3 4 2 13 14 
9 0 6 4 8 2 11 12 
10 0 5 8 3 2 11 12 
11 0 3 5 7 1 14 
12 0 8 6 2 2 13 14 
13 0 8 6 1 0 
14 0 1 10 1 0 

24 19 38 16 22 27 14 28 17 33 20 19 7 18 14 18 16 13 21 33 15 42 10 18 25 35 15 15 23 31 40 20 24 25 36 20 17 15 11 19 30 30 17 28 17 
29 7 38 27 24 27 7 26 14 36 20 18 9 13 22 31 14 28 23 21 23 30 12 20 32 26 15 22 19 24 35 20 28 23 24 18 15 17 16 14 26 30 16 41 16 
11 28 14 32 25 19 12 29 15 23 13 20 11 16 20 25 7 22 27 18 18 20 10 19 30 24 15 27 14 11 27 13 22 15 26 7 9 23 10 27 30 18 15 20 21 
27 22 36 14 30 22 12 18 8 35 16 20 11 18 12 45 15 39 27 31 17 31 19 16 31 22 19 22 37 31 37 11 29 34 41 23 11 16 12 22 32 21 11 37 20 
23 29 42 24 17 33 7 23 10 35 9 17 12 13 15 37 23 19 24 14 18 44 15 20 31 38 12 13 5 24 49 18 26 14 20 12 15 23 10 20 35 25 12 31 11 
33 27 39 27 24 24 12 17 12 20 9 27 11 20 19 16 20 26 16 27 19 29 15 10 26 12 15 9 43 30 30 26 27 30 15 15 16 28 12 24 25 25 12 34 21 
40 27 31 30 22 13 7 22 12 18 22 33 11 12 15 26 16 24 16 24 16 34 15 15 21 22 16 15 12 24 17 16 47 30 38 12 14 6 14 29 32 30 17 35 14 
28 22 16 30 19 32 10 29 10 28 12 29 6 17 23 47 17 18 20 27 20 35 17 17 32 20 20 23 26 21 12 13 29 32 14 13 15 20 16 23 23 24 12 31 14 
26 27 36 20 25 18 7 36 11 34 17 26 8 11 20 27 21 21 26 16 7 43 11 17 32 29 19 9 32 30 23 27 31 20 32 18 9 23 13 33 22 25 15 38 11 
10 17 35 20 29 11 10 11 13 15 20 18 9 17 8 14 15 23 33 26 23 38 17 15 24 32 22 18 14 25 27 21 36 16 31 11 8 30 14 30 21 17 13 23 13 
30 40 28 21 27 28 13 36 16 23 14 18 13 18 16 29 17 32 6 22 15 28 12 19 43 23 18 15 39 21 12 18 24 10 20 4 11 23 19 23 32 18 14 16 5 
21 34 21 17 30 26 5 23 10 26 14 22 9 14 13 34 13 20 23 32 21 31 11 19 32 31 9 18 38 24 22 25 35 21 25 14 12 29 12 32 31 17 12 28 21 
27 28 23 30 17 26 7 21 16 17 16 18 14 19 25 32 16 35 30 19 9 29 11 19 12 28 14 17 7 18 22 16 25 24 39 9 11 27 16 19 40 16 10 22 9 
30 28 25 19 18 20 6 18 14 45 19 19 13 11 15 24 22 14 25 24 16 26 11 24 31 20 15 24 20 21 28 19 30 20 23 14 11 23 9 22 25 15 12 25 18 
24 23 49 27 23 23 10 19 8 43 14 25 7 19 19 27 19 26 33 24 18 23 13 19 18 28 13 22 48 22 32 20 21 38 28 12 12 32 15 16 17 32 21 12 17 
27 35 51 24 18 25 8 23 12 32 15 24 9 18 20 28 24 25 26 27 20 36 15 15 29 25 15 22 15 2 28 14 43 19 42 12 20 27 11 7 21 21 14 16 11 
31 17 40 20 29 40 10 26 11 21 17 15 13 19 18 25 21 28 28 17 20 23 19 17 27 18 20 23 54 25 21 16 2 16 25 14 13 20 17 25 26 20 11 30 15 
24 17 43 35 24 10 8 30 11 22 11 21 8 10 24 20 18 24 33 18 22 33 15 10 27 20 20 32 16 22 13 17 36 20 27 12 14 17 17 24 13 21 9 25 14 
17 18 33 29 21 21 11 33 14 23 11 29 7 19 21 40 10 11 30 26 7 32 21 12 34 24 15 25 27 16 22 14 26 22 19 19 14 26 9 17 29 12 15 17 12 
21 17 56 17 20 20 9 15 15 11 22 13 8 12 20 17 20 25 27 17 23 34 20 16 23 31 9 9 25 16 24 20 24 15 29 11 10 23 11 22 31 20 13 20 5 
27 38 9 19 10 29 11 27 8 30 16 18 13 14 11 28 15 21 28 27 12 31 9 13 33 23 11 30 28 20 18 28 29 21 39 16 15 29 16 23 27 21 18 31 13 
17 26 27 28 25 21 4 22 12 21 17 26 9 11 18 20 31 33 32 23 17 32 12 17 38 28 11 21 29 27 31 27 20 21 24 16 8 32 19 28 29 20 12 32 19 
21 39 27 45 22 11 16 26 13 28 15 22 7 16 22 25 15 33 26 29 23 24 13 16 29 35 12 17 34 15 28 18 33 21 30 10 13 20 13 35 47 28 17 25 7 
44 25 42 27 16 27 9 29 10 23 11 27 10 15 13 27 17 23 27 36 13 19 20 15 29 15 22 25 19 29 16 20 24 31 25 21 20 23 17 31 37 22 9 28 10 
23 32 22 36 20 26 4 28 9 37 14 25 10 20 20 19 21 27 33 25 29 47 11 14 27 31 15 24 31 11 31 21 25 28 37 16 14 15 23 23 25 25 15 30 10 
29 32 23 36 17 23 6 35 15 15 15 30 12 15 20 34 27 29 32 24 17 30 11 17 27 19 17 14 37 21 30 13 34 22 36 16 13 36 19 24 26 25 11 31 5 
23 22 28 24 36 35 15 19 14 38 14 17 8 7 31 42 19 27 25 26 25 28 10 12 25 26 13 28 16 22 29 17 45 21 26 15 13 14 15 12 24 14 12 30 16 
16 25 30 31 17 29 10 20 11 16 12 28 7 18 19 30 18 22 23 19 21 35 10 17 27 23 15 15 28 20 41 22 26 12 18 21 10 13 13 32 33 19 14 34 18 
11 24 23 45 24 27 11 35 12 35 17 22 14 17 13 30 14 45 35 18 22 25 10 20 13 30 16 22 23 19 15 16 14 21 10 18 11 22 9 30 34 18 13 26 10 
18 22 15 16 23 19 11 28 17 28 13 24 10 18 22 24 8 30 42 24 21 35 12 8 12 25 16 28 33 19 16 26 31 33 23 17 11 49 13 24 26 18 19 36 13 
14 32 15 17 30 18 11 17 14 53 17 19 11 16 16 22 15 17 22 23 22 26 13 22 28 32 14 16 32 19 40 26 35 19 24 22 12 17 12 27 23 25 16 27 16 
17 20 33 31 24 23 7 31 13 31 13 24 5 12 18 21 13 21 25 23 25 32 14 7 42 21 15 15 42 24 34 17 33 13 16 14 14 22 5 33 37 16 13 34 14 
32 20 38 28 19 24 6 19 14 40 16 24 10 14 17 29 23 18 19 19 20 30 17 19 30 42 10 21 14 19 23 20 27 25 37 21 8 26 9 27 31 31 17 26 10 
16 35 34 29 17 26 10 37 10 39 22 25 10 19 18 37 19 20 17 30 20 23 14 13 16 14 14 20 31 28 24 23 40 17 26 10 10 27 17 32 23 20 18 20 12 
17 25 40 31 11 24 13 23 10 42 8 18 12 22 24 25 12 32 31 18 26 23 12 19 20 32 22 25 36 22 19 32 31 27 41 23 13 22 17 24 19 13 6 44 6 
26 25 29 18 23 27 18 33 10 46 17 24 6 17 22 31 16 18 24 18 19 19 12 7 18 21 16 18 36 19 35 24 33 30 22 15 14 22 16 15 21 21 11 27 14 
38 24 34 35 23 29 12 34 12 35 23 27 12 12 16 28 30 40 34 34 26 17 16 19 36 23 19 30 21 16 39 23 18 19 45 9 8 30 17 17 27 18 15 31 18 
29 38 42 31 25 29 13 33 13 27 23 23 9 20 12 23 25 34 16 22 26 25 16 15 22 33 10 24 18 27 28 18 32 31 18 12 19 19 17 26 25 28 19 27 16 
32 16 23 16 18 41 9 21 6 36 15 22 6 22 17 36 15 37 15 27 34 44 10 13 21 29 15 18 34 30 8 25 35 13 18 17 15 25 16 15 15 11 22 19 18 
13 15 24 19 31 25 8 26 11 42 12 27 15 12 11 28 28 28 30 17 28 36 8 16 37 32 13 13 24 19 29 16 37 29 30 11 12 27 14 15 20 25 9 29 9 
20 14 29 24 18 18 11 15 15 37 18 27 12 18 19 21 23 30 34 27 15 28 17 16 35 31 17 24 27 31 6 25 34 15 13 15 14 24 16 30 34 25 9 33 12 
28 23 27 24 15 20 11 6 18 31 3 22 11 18 18 26 27 19 24 24 26 40 16 16 21 26 17 21 21 14 33 13 27 20 46 21 10 31 13 28 34 25 18 43 11 
32 27 19 23 24 15 9 18 10 33 15 4 15 7 22 34 18 26 28 23 20 27 23 12 32 40 15 31 20 23 25 6 37 32 24 15 14 33 14 31 28 21 20 43 13 
22 32 23 29 36 26 11 38 17 35 15 25 11 21 18 25 19 21 33 26 13 46 13 20 31 40 24 20 16 31 26 15 18 20 21 17 6 28 17 30 44 11 23 12 15 
31 23 31 33 20 28 11 25 10 31 12 27 11 20 18 42 15 29 27 14 26 37 7 9 30 30 18 27 42 29 25 27 15 7 29 3 9 14 16 26 29 26 15 21 7 
34 26 37 33 31 14 14 9 12 30 23 26 9 10 22 27 25 31 27 20 21 21 17 14 20 44 21 9 23 33 26 36 46 13 21 14 17 31 20 26 22 19 12 22 18 
29 21 26 20 24 23 7 31 13 38 19 33 7 19 9 38 13 27 15 15 24 23 13 20 25 17 17 14 17 15 28 14 40 24 21 14 7 23 14 15 16 26 16 10 7 
24 30 28 19 18 14 8 27 13 27 14 23 13 16 15 28 13 26 28 26 28 27 16 12 18 26 15 22 25 27 16 27 25 19 23 13 9 38 17 31 33 20 14 19 17 
36 19 35 24 18 22 10 35 7 52 19 19 4 15 22 25 17 31 26 21 13 26 16 18 39 31 20 18 30 27 30 32 21 29 17 11 13 26 15 24 18 24 17 35 12 
29 28 29 23 21 35 11 30 14 30 19 3 9 10 13 25 17 30 17 14 19 34 8 16 11 19 16 30 32 24 33 23 29 30 32 19 15 21 17 35 40 18 20 34 14 

MachineCapacities:
MachineID Capacity
0 10
1 10
2 10
