NumTasks NumMachines NumScenarios
15 2 10
TaskDetails:
TaskID ReleaseTime ResourceConsumption SuccessorsCount Successors...
0 0 2 5 2 2 3 
1 0 3 8 1 2 
2 0 10 7 1 4 
3 0 10 8 1 4 
4 0 5 10 1 5 
5 0 7 4 0 
6 0 6 5 2 8 9 
7 0 3 2 2 8 9 
8 0 5 3 1 11 
9 0 9 6 2 10 11 
10 0 2 3 0 
11 0 4 7 1 12 
12 0 8 7 1 13 
13 0 2 4 1 14 
14 0 6 2 0 

11 15 22 17 23 18 23 14 27 24 27 29 17 26 20 9 9 29 25 17 12 9 24 26 15 18 21 14 21 23 
10 36 24 24 18 32 19 6 24 28 23 32 14 29 17 8 8 27 11 10 9 21 19 18 18 16 23 13 18 15 
7 16 30 28 23 30 20 19 36 37 21 27 25 23 13 9 9 23 23 13 8 21 27 29 16 26 11 5 21 12 
5 23 21 19 11 29 11 17 37 28 20 24 28 23 22 9 8 18 11 13 8 7 17 16 14 22 14 15 5 37 
15 12 36 17 9 12 21 25 23 19 30 17 12 12 17 10 13 29 26 10 11 13 15 22 23 23 26 11 38 37 
10 19 28 15 30 25 11 12 29 20 20 15 28 21 5 10 9 21 33 13 12 18 26 20 17 14 17 12 23 25 
10 18 30 19 23 13 17 31 21 13 8 30 26 22 17 12 12 17 33 14 5 21 15 31 14 28 23 11 23 31 
17 10 24 18 18 27 27 20 41 29 8 17 26 27 22 10 11 19 20 11 8 18 32 19 3 30 17 11 13 40 
10 11 25 23 26 24 21 22 18 25 21 29 27 23 23 8 10 41 29 10 6 15 17 26 17 24 4 11 17 33 
11 28 40 21 10 24 17 23 23 25 17 32 35 34 15 8 12 16 30 15 9 9 15 23 24 22 21 12 24 17 

MachineCapacities:
MachineID Capacity
0 10
1 10
