NumTasks NumMachines NumScenarios
15 2 10
TaskDetails:
TaskID ReleaseTime ResourceConsumption SuccessorsCount Successors...
0 0 7 3 2 1 2 
1 0 2 3 1 4 
2 0 7 3 2 3 4 
3 0 7 2 1 5 
4 0 3 3 1 5 
5 0 5 8 1 6 
6 0 2 1 1 7 
7 0 10 3 0 
8 0 7 4 3 9 10 11 
9 0 6 3 2 12 14 
10 0 4 3 2 12 13 
11 0 7 8 2 12 13 
12 0 9 4 0 
13 0 5 5 1 14 
14 0 3 3 0 

21 9 20 16 25 34 33 25 15 11 12 10 38 30 36 22 20 11 12 5 21 9 19 36 17 12 26 21 10 15 
22 2 32 28 39 22 40 21 20 16 14 10 39 16 43 15 21 16 13 27 24 17 15 39 19 9 18 16 8 26 
19 11 25 16 21 33 32 12 15 9 9 13 30 31 34 17 19 19 7 18 14 19 18 37 14 5 26 16 14 31 
14 20 36 26 22 9 22 22 19 14 11 7 22 19 22 22 33 13 11 7 30 13 25 23 23 10 14 16 10 13 
14 11 28 9 44 30 28 18 10 16 13 12 27 9 18 20 27 28 10 19 29 15 23 25 18 13 22 14 8 48 
23 9 23 23 30 19 27 20 19 18 14 11 23 20 40 25 31 10 10 19 22 9 27 19 15 15 27 20 12 31 
17 12 13 20 30 19 26 25 24 18 15 5 22 23 26 26 37 18 15 15 20 21 13 28 13 14 30 12 13 32 
24 9 17 14 29 24 34 35 14 12 17 7 31 21 38 15 35 15 15 6 17 20 18 17 17 13 18 16 15 16 
17 11 22 18 20 30 20 17 22 16 12 14 16 19 18 11 8 22 9 21 18 18 13 12 18 16 19 16 12 35 
20 11 39 23 28 29 28 19 17 17 13 14 27 21 30 20 28 16 11 12 13 22 23 26 9 15 20 19 9 15 

MachineCapacities:
MachineID Capacity
0 10
1 10
