NumTasks NumMachines NumScenarios
15 2 10
TaskDetails:
TaskID ReleaseTime ResourceConsumption SuccessorsCount Successors...
0 0 8 2 2 2 3 
1 0 4 4 2 2 3 
2 0 7 9 1 4 
3 0 5 3 1 4 
4 0 6 1 1 5 
5 0 8 3 0 
6 0 5 5 1 9 
7 0 4 1 2 8 10 
8 0 3 2 3 12 13 14 
9 0 2 6 1 10 
10 0 1 6 2 11 13 
11 0 8 2 2 12 14 
12 0 7 8 0 
13 0 8 3 0 
14 0 5 6 0 

19 25 22 27 37 18 30 26 18 31 9 14 26 21 22 12 9 36 19 41 12 32 11 12 16 25 30 8 16 22 
36 30 15 16 29 23 39 29 24 24 12 13 10 25 19 21 21 37 18 28 16 34 8 9 13 15 31 16 12 15 
21 24 13 17 32 19 35 27 14 31 11 15 21 16 24 21 9 29 16 21 13 25 20 15 12 17 23 9 15 30 
34 35 11 18 25 18 22 15 35 35 14 26 13 21 19 17 15 34 17 29 14 21 18 8 13 15 20 8 21 16 
37 30 24 31 42 15 19 31 34 29 12 23 12 19 14 18 24 47 16 26 16 35 18 11 12 21 23 12 27 25 
33 37 16 18 10 15 27 25 25 9 9 19 10 18 16 13 13 31 18 26 14 17 7 9 18 21 24 14 24 18 
29 36 22 26 33 11 35 11 24 33 11 27 11 28 26 12 15 28 6 26 14 42 21 13 11 15 29 9 19 22 
41 46 27 17 21 24 18 23 21 14 16 12 14 31 12 16 20 24 12 31 10 25 15 10 15 31 11 15 8 20 
12 18 21 23 8 19 30 31 21 17 10 15 14 21 18 27 18 33 38 25 13 32 16 5 15 19 24 12 12 13 
23 31 23 20 30 23 32 22 19 25 10 16 19 29 10 19 13 19 18 17 11 30 10 9 18 20 20 15 12 24 

MachineCapacities:
MachineID Capacity
0 10
1 10
