NumTasks NumMachines NumScenarios
25 4 10
TaskDetails:
TaskID ReleaseTime ResourceConsumption SuccessorsCount Successors...
0 0 3 9 1 9 1 1 
1 0 3 2 7 8 2 3 6 
2 0 2 7 8 6 2 3 4 
3 0 6 9 5 7 2 5 8 
4 0 5 6 9 8 1 6 
5 0 6 5 5 8 1 7 
6 0 2 3 5 8 2 7 8 
7 0 2 7 9 7 0 
8 0 8 8 8 1 0 
9 0 3 1 10 9 2 11 15 
10 0 9 8 1 8 3 14 15 16 
11 0 7 7 4 7 1 12 
12 0 2 10 5 3 2 14 16 
13 0 2 1 5 9 2 15 16 
14 0 6 3 3 2 2 17 19 
15 0 8 4 10 9 3 17 18 20 
16 0 2 8 6 5 4 17 18 19 20 
17 0 4 3 9 5 1 21 
18 0 9 2 5 6 2 21 22 
19 0 6 1 8 9 2 21 22 
20 0 7 8 6 4 1 21 
21 0 7 9 4 5 1 23 
22 0 6 2 6 8 0 
23 0 10 3 6 3 1 24 
24 0 2 3 3 9 0 

17 18 9 25 23 22 32 33 27 27 20 7 19 24 42 33 9 12 21 11 26 27 16 36 17 12 7 7 11 21 19 13 6 18 22 48 29 25 21 14 30 13 15 13 6 30 29 34 13 17 25 36 14 13 14 15 11 11 23 10 21 32 11 20 15 16 17 38 29 13 15 12 18 34 22 32 23 11 21 30 19 20 12 22 13 16 18 13 16 19 17 10 8 16 18 17 26 32 11 21 
16 29 5 12 14 39 26 28 23 19 24 24 25 27 15 36 10 8 20 22 13 11 21 29 14 10 12 10 13 30 20 9 11 14 10 29 13 20 17 14 32 27 20 13 10 28 21 32 13 20 19 22 12 16 6 12 11 2 30 14 31 26 6 14 16 16 16 25 21 9 12 22 36 19 19 17 23 11 31 34 17 13 16 24 12 17 23 7 13 14 13 5 9 23 16 11 21 21 15 14 
21 19 6 19 25 30 22 31 24 23 13 43 34 7 26 25 19 13 33 7 20 30 30 16 19 14 15 11 9 28 21 9 13 20 25 28 23 28 16 10 24 28 34 9 14 24 30 28 12 24 24 31 19 18 10 19 11 7 42 15 36 25 10 14 18 14 17 24 28 10 16 17 31 13 25 17 18 6 30 21 10 18 17 20 14 19 16 11 16 19 18 11 13 13 19 24 28 19 13 13 
29 27 6 15 23 26 13 35 33 25 19 22 30 16 9 34 7 10 18 19 17 31 23 25 20 13 8 11 14 24 16 11 3 19 36 33 34 13 24 14 26 8 22 13 10 18 20 24 16 15 21 28 14 19 11 19 9 13 19 12 19 11 21 19 13 16 14 27 29 13 13 19 25 26 19 21 16 16 34 24 18 23 10 12 9 14 19 7 8 20 9 10 10 14 19 18 28 43 12 20 
13 21 8 16 21 19 17 27 24 35 21 31 33 16 9 12 11 10 26 20 15 14 23 35 15 13 11 12 16 29 15 18 7 21 39 30 26 28 18 21 7 27 49 15 11 24 24 33 8 21 25 33 13 21 16 10 9 10 23 11 20 19 13 24 10 14 16 21 30 12 18 19 23 34 31 19 12 9 29 31 17 22 10 25 12 15 21 8 13 16 7 8 7 27 19 17 16 30 10 12 
21 24 10 13 24 29 28 19 23 17 10 28 28 22 35 32 12 11 39 27 18 26 24 26 15 13 10 7 14 10 13 11 15 13 34 31 28 40 26 10 38 30 25 7 15 21 33 27 14 11 25 18 12 15 12 9 13 17 31 12 24 25 13 18 10 14 18 20 31 12 14 20 16 15 9 37 22 7 21 37 17 30 14 23 15 17 12 11 8 8 6 11 11 14 19 18 24 20 4 18 
14 21 10 8 16 24 23 24 27 22 28 40 18 34 30 22 12 12 24 24 23 31 18 35 18 11 11 13 10 12 23 9 14 13 20 35 18 27 17 20 11 25 22 8 9 18 17 15 15 18 26 35 8 18 20 11 10 4 17 12 29 36 16 13 18 19 21 19 33 15 19 10 22 22 21 25 21 9 30 36 20 22 13 17 9 12 10 11 15 17 7 8 10 22 21 22 27 31 9 19 
18 20 8 21 12 39 15 33 26 27 30 18 43 38 43 26 10 12 29 21 12 30 9 12 19 6 10 15 13 22 6 15 10 15 19 46 20 29 16 5 26 26 24 11 10 23 38 27 12 15 34 34 10 17 10 12 9 17 10 13 26 36 14 18 11 14 18 27 37 9 17 15 20 21 26 31 22 11 10 16 17 18 14 20 11 18 19 17 11 21 6 9 11 23 12 17 28 21 14 16 
16 27 12 13 21 34 10 25 29 22 26 31 35 23 39 36 8 14 25 28 24 25 22 25 15 8 14 16 13 28 14 16 8 13 30 28 34 45 19 15 17 33 29 19 13 16 29 31 15 16 28 23 14 10 15 13 14 9 32 13 18 43 15 15 15 22 15 19 44 15 28 19 16 11 11 19 22 11 11 48 5 15 4 25 15 23 11 9 12 14 15 12 10 30 14 14 25 30 7 13 
20 18 9 18 21 35 18 20 14 19 16 29 23 31 23 21 9 7 17 22 22 23 25 25 17 6 8 17 11 21 21 14 10 20 34 40 28 33 18 10 21 29 25 14 15 26 13 39 6 22 28 11 17 16 12 12 10 9 26 15 24 28 13 13 5 13 8 37 25 12 18 24 37 23 19 18 13 8 25 34 8 27 16 22 7 10 18 11 12 15 9 13 6 24 14 17 20 16 13 16 

MachineCapacities:
MachineID Capacity
0 10
1 10
2 10
3 10
