NumTasks NumMachines NumScenarios
25 4 10
TaskDetails:
TaskID ReleaseTime ResourceConsumption SuccessorsCount Successors...
0 0 6 3 2 9 2 1 3 
1 0 3 3 5 3 4 2 4 5 6 
2 0 2 4 3 7 2 7 9 
3 0 8 5 3 8 3 4 6 7 
4 0 10 6 1 7 3 8 9 11 
5 0 7 3 9 6 2 7 9 
6 0 5 3 3 4 3 10 11 12 
7 0 4 9 3 1 3 8 11 12 
8 0 7 6 1 10 1 10 
9 0 5 7 9 5 2 12 13 
10 0 8 8 1 7 4 13 14 15 16 
11 0 5 2 4 8 1 16 
12 0 5 6 8 4 2 15 17 
13 0 2 6 4 6 0 
14 0 5 3 6 2 1 17 
15 0 6 4 4 6 0 
16 0 7 8 6 3 0 
17 0 9 6 8 5 0 
18 0 5 9 7 5 2 20 23 
19 0 5 6 4 2 2 20 21 
20 0 6 5 10 8 1 22 
21 0 8 8 1 5 2 22 23 
22 0 8 2 6 7 1 24 
23 0 4 1 1 8 1 24 
24 0 1 5 8 3 0 

16 7 15 41 39 14 16 8 12 23 25 25 6 18 21 17 24 7 22 16 31 18 22 26 13 18 16 16 25 12 36 17 25 16 25 14 20 25 14 14 15 29 23 14 11 26 20 22 20 20 13 12 16 23 8 11 18 15 22 17 23 16 15 6 16 45 20 22 43 8 9 14 11 29 31 23 25 20 18 11 22 27 28 40 28 10 23 19 18 30 13 8 36 12 14 36 14 38 33 14 
19 11 28 33 33 17 15 14 18 7 21 24 13 24 26 46 23 15 16 12 17 41 16 21 13 18 6 29 15 11 20 12 27 17 15 18 20 20 14 15 19 20 18 16 18 13 33 9 23 16 9 28 8 20 16 16 40 16 31 28 21 25 18 15 13 25 15 20 19 9 10 32 12 23 37 11 13 18 17 24 13 24 33 38 34 21 17 18 33 34 16 7 27 14 18 19 12 26 27 11 
22 17 29 34 34 17 11 12 28 36 43 28 16 21 25 23 31 22 21 13 26 33 25 25 19 22 9 27 16 8 23 15 26 26 19 23 15 28 17 10 17 26 13 17 24 20 24 39 36 22 10 18 7 22 9 15 37 16 21 25 14 26 23 11 14 5 23 29 24 14 9 20 7 15 38 15 39 28 22 17 23 33 19 25 29 22 16 20 27 31 16 8 15 11 23 40 9 15 28 12 
12 16 19 24 17 11 11 11 23 21 36 21 13 23 22 22 34 18 22 18 19 28 19 17 14 24 9 20 15 12 41 19 18 19 24 18 20 32 17 15 14 29 32 15 14 24 34 37 30 32 13 19 15 28 17 13 17 16 16 28 13 30 5 13 9 28 19 14 36 12 13 24 19 32 36 21 38 27 18 18 17 10 27 23 31 26 21 19 30 46 15 15 25 16 15 33 16 18 28 11 
12 27 36 20 23 20 8 14 18 26 33 11 15 9 19 47 26 13 18 17 34 34 32 16 21 21 9 10 16 20 16 11 22 27 13 15 21 38 13 20 27 32 15 17 13 17 33 18 24 23 10 13 16 21 9 14 29 18 38 32 27 24 25 16 20 35 8 21 22 7 15 21 6 25 26 24 32 25 10 15 9 15 23 18 15 21 19 28 21 37 25 16 29 13 17 41 18 18 31 8 
15 27 35 30 18 18 12 19 17 26 31 31 12 17 16 22 22 10 9 2 25 14 22 21 12 16 10 25 20 16 37 12 16 25 12 17 27 5 19 12 17 36 20 4 15 10 25 42 15 19 13 25 15 21 8 16 15 10 30 39 18 23 14 9 15 41 16 19 29 9 14 32 19 37 19 18 29 24 21 17 20 33 30 32 24 17 20 31 19 17 13 9 33 19 27 32 19 19 35 8 
13 16 26 48 25 9 7 12 22 22 20 33 14 18 24 26 41 13 17 12 22 17 21 19 19 20 11 13 28 15 28 21 29 25 29 26 12 25 19 13 8 18 19 21 15 21 11 30 12 24 14 31 14 15 9 8 38 18 11 30 19 30 22 19 14 34 19 20 35 14 7 26 19 28 34 19 33 21 11 20 23 16 14 37 19 23 17 16 39 38 24 14 18 14 18 27 11 27 30 14 
13 18 25 33 26 20 7 12 14 37 37 41 8 24 9 31 35 17 21 18 24 31 24 15 17 25 9 19 19 11 27 11 24 27 19 18 15 30 9 10 28 18 16 13 15 14 24 35 25 38 10 22 11 22 23 9 35 12 19 26 26 24 9 15 11 21 11 26 23 13 8 29 7 36 58 25 45 26 11 10 22 21 19 27 23 20 15 22 28 32 20 6 22 10 15 36 18 9 17 9 
6 5 30 35 27 14 13 10 16 20 36 32 8 7 27 24 15 16 18 13 5 26 21 30 20 36 9 9 29 19 24 13 23 22 19 23 11 8 21 18 25 28 17 21 15 27 23 34 30 15 8 34 15 27 11 16 28 11 26 31 24 34 29 12 7 22 12 20 30 11 12 36 16 42 35 13 40 30 16 13 13 33 36 19 27 16 25 25 37 36 23 9 38 17 3 42 20 45 23 11 
10 27 29 41 25 7 9 9 15 32 28 37 10 13 23 23 32 15 17 18 15 37 24 24 18 22 9 7 9 12 32 5 26 21 19 26 15 20 14 19 14 31 20 17 9 37 24 28 20 31 4 29 19 19 15 14 37 22 24 30 14 27 20 12 25 33 17 12 40 17 9 21 15 20 31 11 31 24 11 17 21 18 28 29 25 25 20 23 22 36 20 9 26 9 16 20 19 17 35 8 

MachineCapacities:
MachineID Capacity
0 10
1 10
2 10
3 10
