NumTasks NumMachines NumScenarios
25 4 10
TaskDetails:
TaskID ReleaseTime ResourceConsumption SuccessorsCount Successors...
0 0 3 5 8 2 1 2 
1 0 6 8 6 3 1 2 
2 0 4 3 9 3 2 3 4 
3 0 9 7 9 6 2 5 6 
4 0 1 9 7 8 1 6 
5 0 2 6 3 7 1 7 
6 0 6 2 9 10 1 8 
7 0 8 9 9 2 0 
8 0 5 7 8 6 0 
9 0 10 3 4 5 2 11 12 
10 0 2 7 6 5 3 11 13 14 
11 0 7 5 5 8 2 15 19 
12 0 7 7 2 1 2 14 15 
13 0 8 9 8 3 3 17 18 20 
14 0 4 2 9 1 1 16 
15 0 4 7 7 1 3 17 18 20 
16 0 4 3 10 10 4 17 18 19 20 
17 0 4 7 2 8 2 21 22 
18 0 8 5 7 1 1 21 
19 0 5 2 3 8 0 
20 0 9 4 3 3 1 21 
21 0 7 3 2 8 2 23 24 
22 0 2 6 3 9 0 
23 0 3 2 5 9 0 
24 0 9 7 4 10 0 

18 23 32 10 30 32 24 23 18 13 27 25 36 33 12 35 19 18 14 23 22 26 6 14 10 44 43 14 13 15 9 29 22 15 35 27 10 30 35 33 25 17 20 15 25 13 28 26 23 11 34 11 15 20 26 14 30 8 18 15 14 8 6 22 14 26 38 18 17 11 19 14 13 15 12 25 16 18 11 14 12 27 11 13 45 25 21 17 21 14 14 25 17 15 23 33 32 13 9 27 
13 18 30 21 21 25 22 34 16 11 34 29 36 30 18 26 22 11 12 22 17 14 9 9 21 37 21 16 14 27 12 18 27 22 6 30 5 31 26 17 31 26 35 16 11 17 19 15 19 8 24 13 18 15 23 24 26 11 26 10 8 10 2 34 5 27 29 29 13 14 12 13 13 23 17 16 14 13 7 15 8 18 24 12 36 23 11 9 14 12 8 11 24 26 11 22 16 29 11 15 
16 24 11 13 29 44 28 28 10 12 30 24 25 19 24 23 18 26 16 12 28 20 15 12 27 31 32 21 12 21 5 25 26 27 24 15 12 25 36 33 33 25 24 16 28 10 30 25 23 13 21 10 21 13 30 12 25 8 12 9 20 4 14 20 18 19 28 7 15 22 31 13 7 19 8 26 17 15 6 16 8 22 28 11 41 25 13 12 12 16 12 22 17 21 24 21 18 20 9 17 
21 15 37 22 40 25 30 43 16 14 30 14 20 36 11 26 21 18 10 25 27 18 26 12 24 28 31 16 17 14 11 23 11 30 27 31 11 17 35 26 37 30 8 20 20 7 27 22 16 12 30 10 15 17 18 21 28 10 31 12 16 8 8 22 13 22 32 12 14 17 19 18 16 32 11 16 13 7 10 15 13 19 25 17 34 21 30 12 14 20 10 25 17 24 27 39 17 31 15 23 
16 20 18 22 35 36 25 35 16 7 19 37 24 29 12 27 12 10 13 17 30 14 16 19 28 22 13 4 18 17 13 36 24 30 22 28 8 29 34 19 23 24 20 16 17 14 19 26 23 7 33 10 19 18 34 12 29 13 24 11 8 9 15 26 12 23 17 24 19 13 16 17 8 23 15 14 30 20 8 14 15 13 25 9 21 21 19 11 18 20 17 21 28 22 17 22 41 19 9 20 
16 25 29 28 20 33 29 31 15 7 21 28 38 39 16 42 23 19 9 18 26 20 16 7 17 19 36 11 14 18 11 23 18 25 28 29 13 26 31 34 26 29 26 14 19 19 22 8 24 14 21 19 20 15 30 14 25 11 27 13 20 12 17 23 20 16 30 4 12 2 20 7 14 26 13 14 25 13 13 17 15 37 34 8 33 15 13 13 21 12 11 20 27 18 29 22 17 21 11 21 
19 22 36 19 20 17 20 39 19 16 30 43 34 40 9 29 23 11 15 19 30 13 17 24 19 43 30 23 15 17 12 20 19 28 23 37 11 27 17 24 23 24 30 19 38 17 25 20 32 11 35 10 27 17 24 13 19 12 31 8 18 14 21 29 15 33 17 20 5 19 13 9 9 13 11 19 21 9 9 11 11 22 23 17 19 23 19 10 18 21 13 25 14 32 27 28 35 30 13 15 
15 22 31 12 31 26 15 34 19 9 19 19 30 29 18 16 21 10 17 14 35 18 13 15 20 21 45 14 12 21 14 20 17 21 33 30 14 25 30 27 23 23 25 22 20 6 12 20 25 13 29 8 26 8 26 12 21 11 26 11 19 9 13 25 9 21 15 32 12 20 16 15 13 13 15 24 18 20 8 12 15 19 37 14 25 4 20 12 13 17 15 20 25 18 18 28 37 16 14 19 
12 20 35 20 24 17 32 39 19 14 15 23 36 23 9 29 23 15 15 15 36 11 7 11 33 22 42 13 17 14 12 32 18 18 42 39 10 23 28 20 33 35 30 13 38 14 10 33 24 11 22 12 24 15 19 14 32 15 35 14 17 11 12 21 21 23 30 10 14 15 21 11 5 15 12 17 14 19 13 12 9 18 29 14 39 24 15 9 18 16 14 23 30 9 16 33 9 22 14 20 
21 14 41 13 19 30 19 18 23 15 21 26 43 31 14 22 27 14 11 6 24 22 18 16 26 22 36 14 12 14 11 25 23 25 30 28 8 25 40 40 21 25 22 20 23 15 24 23 27 12 31 15 31 23 14 8 15 12 3 13 12 11 15 26 9 26 17 26 13 21 17 16 7 22 13 9 37 9 19 17 13 18 33 10 24 18 13 11 24 19 9 28 14 19 17 22 23 24 16 16 

MachineCapacities:
MachineID Capacity
0 10
1 10
2 10
3 10
