NumTasks NumMachines NumScenarios
25 4 10
TaskDetails:
TaskID ReleaseTime ResourceConsumption SuccessorsCount Successors...
0 0 1 7 7 5 3 2 3 5 
1 0 8 3 6 1 3 4 6 7 
2 0 1 9 1 8 3 6 7 8 
3 0 10 3 9 9 3 6 7 8 
4 0 9 7 6 5 2 8 9 
5 0 7 10 5 8 2 7 8 
6 0 1 9 5 3 1 9 
7 0 6 7 9 8 2 9 10 
8 0 2 8 3 5 1 10 
9 0 8 5 4 8 2 12 14 
10 0 5 6 3 1 1 11 
11 0 9 10 5 9 2 12 14 
12 0 6 8 1 2 2 13 15 
13 0 9 6 8 9 0 
14 0 10 3 10 9 0 
15 0 8 10 7 8 0 
16 0 10 4 8 8 1 17 
17 0 4 8 6 9 1 18 
18 0 5 4 3 5 3 19 20 23 
19 0 6 1 1 2 2 21 22 
20 0 8 7 4 6 1 22 
21 0 6 6 5 8 1 24 
22 0 8 8 9 5 1 24 
23 0 3 7 7 7 0 
24 0 4 3 5 1 0 

28 27 16 8 9 27 24 23 14 11 17 16 29 29 9 11 34 14 20 28 10 18 13 21 7 14 14 10 15 28 18 32 17 18 13 23 20 9 15 22 17 8 21 15 26 33 31 8 19 13 12 25 8 11 18 15 26 18 37 29 24 26 23 23 16 9 19 11 18 25 24 12 25 13 18 13 15 7 15 18 24 11 19 6 8 20 14 28 7 14 15 9 15 18 23 15 27 10 33 12 
39 11 21 7 11 30 11 33 12 13 27 16 24 34 18 13 25 10 14 15 17 18 16 18 10 11 11 14 17 33 31 20 28 18 16 22 26 18 11 20 18 9 22 15 26 28 29 15 13 10 15 28 12 15 16 9 19 22 25 10 15 31 15 15 23 13 20 11 8 26 26 11 19 17 16 16 22 18 20 14 13 11 20 10 8 26 6 26 6 23 12 9 24 17 19 10 34 16 36 20 
41 28 19 7 15 24 14 15 10 11 30 25 19 37 14 14 21 8 28 23 22 28 7 25 12 11 11 13 10 19 11 18 20 14 6 12 20 13 19 24 20 16 31 11 28 36 11 12 15 12 6 13 11 22 24 16 19 14 27 39 18 24 23 25 21 10 12 13 13 24 18 10 33 6 35 13 14 27 19 18 12 12 14 11 15 31 10 19 10 17 19 12 23 16 22 16 15 14 23 14 
21 26 9 10 10 23 12 35 8 12 36 15 22 31 19 15 23 18 17 31 16 28 14 33 9 10 11 8 15 25 24 27 20 18 12 11 33 21 14 14 13 9 42 5 25 34 25 5 18 15 15 22 11 16 34 19 27 11 29 16 14 19 26 34 23 8 23 15 16 28 28 13 20 12 13 14 20 14 14 26 18 9 17 10 14 34 12 36 14 18 22 12 18 21 37 14 30 11 28 23 
41 29 14 14 10 25 15 26 9 10 20 21 27 38 12 13 27 21 14 17 7 44 21 23 16 13 15 8 11 33 4 26 23 19 12 23 26 19 24 12 16 10 17 9 28 21 27 20 12 11 7 13 12 15 12 12 17 15 27 23 21 31 21 31 20 16 27 8 18 21 11 12 24 17 31 18 23 15 6 20 13 4 23 9 11 34 12 24 13 13 28 12 21 14 36 10 34 21 26 15 
17 33 17 13 11 18 14 25 16 13 27 25 16 38 8 12 14 7 28 30 16 13 22 21 8 11 10 9 12 34 20 32 29 17 12 24 29 20 15 26 16 14 41 4 28 45 14 11 7 6 18 20 9 11 9 10 18 13 45 27 17 26 13 20 24 15 23 11 12 32 13 13 44 14 26 2 14 18 19 20 18 8 20 9 16 20 12 15 7 17 20 17 18 13 21 8 38 19 34 23 
32 29 17 8 14 10 17 28 6 4 21 19 26 22 10 15 23 10 20 21 16 17 15 23 10 16 12 11 8 17 21 27 11 14 15 22 27 22 19 17 13 4 19 16 32 33 22 17 14 14 12 24 15 20 16 17 22 15 29 37 3 12 27 36 26 10 37 15 16 16 24 13 33 10 11 20 23 17 15 27 23 5 22 8 9 29 12 25 8 20 23 13 25 17 15 18 24 18 27 15 
30 24 9 15 6 27 13 20 11 7 31 22 38 43 15 13 25 17 18 12 14 32 12 18 10 16 9 15 7 29 26 26 20 12 6 17 32 20 11 12 23 12 45 9 27 35 24 12 10 15 8 19 8 19 5 18 12 17 36 34 19 21 8 24 33 6 23 12 21 21 28 10 35 11 24 17 23 17 16 17 20 12 20 5 9 25 13 25 8 20 11 14 23 13 21 11 32 23 25 16 
20 39 14 13 16 19 25 24 15 4 32 23 17 29 14 8 30 15 21 21 12 33 8 23 8 14 18 10 19 30 13 28 28 8 12 15 30 16 16 21 15 8 25 7 24 29 20 13 16 9 17 20 6 17 34 20 16 10 29 25 19 28 21 28 20 10 16 9 30 26 21 6 31 21 19 13 12 15 17 16 19 9 24 11 11 20 19 30 16 16 13 9 13 17 22 9 40 23 35 12 
19 32 23 11 9 30 18 18 17 10 16 17 23 30 18 13 13 16 19 20 11 16 19 17 10 11 12 15 11 37 15 20 18 12 11 22 17 19 23 12 20 9 31 8 37 31 28 15 13 13 9 31 7 13 28 9 25 11 29 39 18 22 13 23 39 6 25 8 20 30 19 15 28 12 15 6 30 15 3 21 20 11 22 10 7 38 11 23 12 9 16 17 33 15 21 15 26 9 22 17 

MachineCapacities:
MachineID Capacity
0 10
1 10
2 10
3 10
