NumTasks NumMachines NumScenarios
25 3 100
TaskDetails:
TaskID ReleaseTime ResourceConsumption SuccessorsCount Successors...
0 0 7 8 10 3 6 7 8 
1 0 2 3 6 1 11 
2 0 3 1 6 1 10 
3 0 1 9 6 3 7 9 12 
4 0 9 7 9 2 6 12 
5 0 2 9 8 2 6 11 
6 0 5 6 4 1 10 
7 0 8 10 10 1 11 
8 0 4 6 4 0 
9 0 10 1 10 0 
10 0 10 7 1 0 
11 0 7 5 3 0 
12 0 1 3 1 0 
13 0 3 2 10 2 18 21 
14 0 9 1 6 2 20 24 
15 0 9 8 8 0 
16 0 7 9 3 1 19 
17 0 10 2 6 2 21 24 
18 0 2 10 10 0 
19 0 4 3 3 3 20 21 24 
20 0 4 3 4 0 
21 0 6 1 7 0 
22 0 3 2 8 0 
23 0 4 4 9 0 
24 0 7 7 2 0 

7 32 18 27 16 17 21 38 34 17 18 26 21 24 21 10 38 29 14 25 28 48 28 16 30 21 20 27 21 27 31 17 30 24 38 17 17 18 8 21 18 25 23 11 29 20 27 41 28 22 11 11 41 20 27 20 35 19 29 27 13 20 22 15 22 26 16 26 20 19 36 32 14 11 14 
26 37 28 33 19 14 22 26 31 22 38 21 14 42 23 26 34 28 20 28 21 7 17 17 19 9 17 38 23 21 18 21 30 38 28 17 29 16 22 39 21 18 24 17 35 42 24 44 24 26 14 24 29 17 33 14 27 26 17 38 10 31 37 21 34 22 25 17 25 33 20 27 28 19 4 
28 31 22 44 40 11 27 29 42 18 30 13 14 20 17 15 15 22 16 33 27 25 19 29 14 22 26 40 24 32 11 12 29 21 32 13 28 11 31 33 24 26 26 11 27 15 38 13 36 22 14 15 24 15 20 12 19 24 12 44 21 29 21 21 11 21 19 21 24 26 22 24 26 26 15 
19 33 29 41 21 24 28 34 38 26 26 11 3 33 17 23 22 25 25 39 18 27 20 26 21 25 24 34 11 35 22 20 35 26 30 9 16 13 15 24 24 32 32 15 31 27 33 22 14 27 13 27 22 26 22 12 26 22 27 36 7 20 33 25 46 16 3 19 30 27 26 28 20 25 14 
22 26 30 34 14 14 29 27 31 19 42 27 10 22 22 23 27 13 23 33 31 26 29 19 17 19 24 26 19 25 25 16 36 26 29 10 26 15 23 28 21 27 11 13 21 26 18 18 26 25 11 34 26 29 28 26 19 9 23 31 16 22 17 27 30 12 17 31 19 33 36 29 25 27 19 
20 32 33 38 23 21 25 42 23 24 41 25 20 26 25 19 32 21 18 13 21 28 39 16 29 29 22 38 10 36 30 15 32 26 27 15 22 14 14 35 14 28 10 13 35 45 41 29 19 12 11 15 34 11 24 14 22 20 17 20 21 20 48 28 33 19 9 28 25 24 24 33 24 8 16 
15 19 35 41 32 20 19 26 26 13 46 27 8 23 16 22 22 15 19 23 28 27 23 27 21 27 33 29 23 18 26 18 21 18 26 13 27 21 23 40 32 24 29 18 36 20 29 16 26 11 9 24 17 18 23 19 25 25 10 30 14 18 38 21 28 23 14 20 22 25 30 7 20 23 21 
25 22 20 29 12 16 26 30 32 14 30 22 22 35 28 26 27 24 11 45 24 40 22 38 25 19 23 27 14 23 25 13 22 34 22 16 23 18 17 31 17 25 24 17 46 24 17 30 27 34 14 9 23 19 20 28 28 31 20 29 12 19 41 17 12 23 14 35 31 14 25 17 19 25 17 
27 34 29 17 11 19 21 43 27 12 39 17 22 28 31 21 34 26 22 27 23 23 22 34 20 18 22 36 14 18 15 22 21 20 34 9 24 16 21 22 22 21 27 11 26 42 27 33 30 22 17 34 26 17 17 27 35 26 15 20 12 27 42 23 36 17 21 17 38 21 32 30 24 16 15 
25 21 22 32 29 26 19 44 21 20 24 26 9 36 25 28 25 25 19 27 16 25 37 33 23 19 23 28 6 28 20 16 22 29 37 21 30 10 37 32 18 22 19 20 30 39 22 18 31 23 11 24 12 23 34 20 7 36 19 27 12 15 28 27 36 10 11 28 31 32 26 16 24 20 16 
24 38 24 36 24 18 19 37 22 23 33 21 20 28 14 25 22 24 21 26 27 39 34 27 37 25 13 13 18 28 22 17 32 21 33 23 30 18 16 25 22 20 13 18 29 29 18 37 16 21 19 21 18 23 22 25 26 31 36 16 11 15 45 24 41 14 12 29 41 30 23 26 15 12 16 
9 39 30 42 21 29 24 17 19 13 25 16 21 25 9 7 25 16 26 27 26 39 24 25 24 10 21 38 17 25 23 20 32 18 39 17 22 17 20 27 23 31 35 10 28 36 11 29 28 26 13 18 21 20 31 25 23 22 25 24 24 26 22 25 30 14 11 28 33 28 31 33 21 30 18 
25 34 30 45 36 21 27 33 21 11 49 26 23 20 12 21 37 27 12 10 35 26 26 22 22 26 17 39 22 22 19 12 28 22 29 18 39 17 16 23 26 31 27 17 35 28 32 28 39 30 17 15 7 24 26 24 27 34 14 37 10 28 19 18 26 23 15 31 26 23 34 20 12 29 24 
24 23 26 32 23 22 32 21 23 9 33 23 10 20 17 20 23 17 17 31 36 42 25 20 20 25 18 39 18 29 15 11 42 24 21 14 16 11 12 16 27 29 27 21 24 23 19 29 21 25 11 28 11 11 20 22 7 23 20 31 16 17 32 23 32 21 17 27 30 17 13 26 26 15 17 
25 18 26 27 24 9 24 36 29 16 48 21 10 34 13 14 22 18 28 23 25 22 18 15 18 17 39 28 18 25 27 11 35 39 27 21 23 19 20 20 24 30 21 17 25 27 26 31 32 22 15 5 25 16 30 27 25 10 8 28 20 18 25 36 48 21 23 19 37 24 20 20 22 23 23 
18 12 26 32 26 15 23 39 33 18 7 18 17 51 31 13 21 18 13 28 19 28 19 19 17 17 13 18 13 23 36 22 26 25 32 5 24 25 29 20 19 33 29 14 28 25 14 40 24 21 18 19 11 19 24 20 35 28 23 36 18 31 33 26 38 12 12 34 15 24 17 23 10 20 17 
18 41 15 13 23 20 23 5 27 11 29 24 10 11 23 27 20 21 13 48 28 39 29 23 19 22 17 34 18 28 38 13 25 41 34 22 36 17 16 28 23 34 23 13 30 19 30 33 31 22 17 21 28 23 31 20 34 29 18 26 17 16 27 23 26 26 15 20 35 19 26 14 17 24 25 
23 30 28 39 23 14 24 24 23 21 28 19 14 23 14 20 27 27 13 44 30 43 28 28 28 23 28 30 10 22 16 15 33 39 19 18 28 20 22 17 21 32 21 14 36 49 22 28 19 31 23 13 18 21 16 18 24 24 10 19 20 4 29 37 26 12 12 23 45 17 29 12 17 25 18 
28 31 21 35 13 21 40 17 28 20 11 21 17 37 31 30 25 35 23 35 21 34 14 32 13 25 8 19 15 18 26 12 25 12 36 18 20 16 25 21 22 24 21 16 26 34 10 15 22 23 9 25 15 16 23 31 30 27 16 38 14 19 20 19 32 18 9 28 36 30 21 44 31 26 12 
33 25 24 2 25 17 22 24 23 23 36 16 26 30 25 11 27 30 19 31 36 19 31 25 28 18 14 16 14 29 22 13 24 21 23 11 24 12 20 19 22 22 15 17 18 20 19 34 16 27 14 17 34 21 22 9 36 21 15 41 18 25 25 30 23 10 28 25 15 18 19 20 13 22 18 
21 32 16 37 24 16 36 30 29 15 39 14 20 22 17 14 26 19 10 35 23 28 14 16 21 23 21 51 12 16 13 8 19 20 12 11 31 16 19 28 29 23 25 15 21 26 20 20 23 22 16 24 20 33 23 19 22 19 23 19 23 29 36 34 29 19 11 17 36 17 30 26 14 22 18 
23 27 31 31 29 14 16 42 27 23 35 15 22 38 21 18 26 17 19 28 20 23 22 21 22 17 33 29 17 23 19 20 26 24 30 18 31 12 28 22 23 29 16 12 27 19 32 37 28 29 11 26 28 17 29 14 27 29 26 44 15 20 28 32 8 19 24 22 40 21 33 25 23 25 12 
17 27 32 27 18 20 19 23 24 22 24 19 21 18 24 13 30 15 20 26 24 22 24 38 30 20 27 45 25 7 17 7 18 51 28 13 22 9 21 21 24 33 16 13 30 37 13 26 19 18 15 30 21 19 14 23 24 23 14 35 16 18 36 13 21 18 15 31 31 35 24 15 20 26 19 
20 31 34 30 33 24 33 30 22 21 36 15 20 25 25 16 38 21 33 26 20 33 19 27 42 13 18 17 27 25 30 12 36 10 31 24 24 14 23 16 25 21 17 17 20 25 13 21 23 6 13 29 9 23 28 16 36 24 25 36 22 14 29 13 34 19 20 23 34 20 16 27 25 24 14 
16 49 24 36 30 18 26 52 32 13 24 21 32 22 25 17 19 25 12 30 27 4 16 18 19 31 15 36 21 18 32 22 29 21 29 9 27 18 23 24 5 36 19 23 30 34 17 23 25 19 16 19 26 14 20 21 44 21 20 38 30 21 38 24 19 21 17 19 26 43 28 31 32 20 19 
28 21 35 39 24 23 34 38 20 17 26 19 11 34 32 11 11 23 25 33 18 24 28 15 19 22 26 31 16 30 24 15 20 30 25 11 16 17 26 40 29 29 18 12 23 24 35 28 28 28 19 28 9 22 24 10 15 17 24 34 11 19 36 23 40 16 12 20 34 20 35 28 32 20 11 
23 25 35 23 13 24 28 42 20 17 35 27 16 36 21 16 31 16 28 19 14 28 23 21 33 21 32 24 3 18 30 22 25 42 34 14 19 22 29 13 25 26 20 10 25 30 19 17 27 44 12 21 27 18 24 8 15 21 21 28 22 23 27 23 24 15 15 11 28 32 30 34 10 24 12 
24 25 23 22 25 15 10 20 23 13 18 12 16 15 19 11 25 38 14 32 37 26 18 7 24 30 20 30 22 21 18 20 29 14 28 19 28 15 21 18 22 28 23 12 14 32 34 6 27 22 20 28 26 24 22 25 33 31 12 8 13 10 38 15 30 22 16 17 36 25 26 16 29 23 16 
23 19 18 23 25 21 15 31 21 14 18 19 19 39 21 11 38 26 14 16 11 24 24 27 21 17 36 25 22 33 33 18 30 19 16 14 18 22 27 19 13 11 32 17 25 33 40 36 43 25 15 32 26 20 12 23 30 20 19 43 19 18 30 31 38 24 19 17 45 24 35 25 13 36 11 
29 35 30 41 21 25 31 54 25 15 29 24 11 21 20 14 24 20 13 32 15 38 27 25 34 21 26 26 19 23 14 10 28 21 22 16 21 12 12 22 29 36 27 13 37 20 26 25 18 19 16 19 23 15 35 26 41 30 27 22 22 29 25 25 34 16 15 35 34 34 30 31 15 36 16 
24 35 28 27 26 23 27 34 22 23 50 17 14 17 9 23 31 23 17 27 17 37 24 30 34 17 21 14 19 19 16 16 18 27 35 13 12 16 27 34 28 28 20 14 20 22 16 46 36 19 15 18 25 21 16 9 29 23 17 20 12 31 14 20 28 27 18 30 16 29 38 20 16 27 20 
25 30 23 40 23 14 23 29 26 10 36 8 29 31 17 19 23 27 8 37 26 39 17 10 18 16 23 31 16 26 24 11 25 23 25 18 30 14 27 25 24 18 29 24 46 18 15 38 17 13 16 21 20 19 18 13 47 16 22 36 12 21 37 29 32 21 11 17 37 28 33 32 17 33 11 
24 21 28 35 22 21 29 47 21 31 24 10 30 29 19 14 40 21 12 25 19 25 19 21 15 10 25 20 24 20 20 15 38 27 37 16 20 16 25 28 20 33 22 13 17 17 10 32 36 26 17 14 29 7 27 13 29 24 13 11 12 8 41 24 27 21 20 31 16 29 18 20 21 29 18 
36 23 22 36 24 22 14 25 30 20 16 17 17 8 26 15 17 14 17 20 27 10 18 26 25 20 14 37 16 33 22 10 25 24 39 8 22 23 24 39 22 21 26 20 28 38 28 24 31 31 17 18 15 21 19 22 29 31 25 26 10 22 20 21 49 28 14 36 23 17 35 30 25 29 24 
25 33 24 25 20 18 27 25 37 24 41 25 25 31 17 24 27 26 13 15 13 16 16 22 14 16 18 24 19 16 30 15 30 25 32 22 22 11 25 25 13 26 17 24 29 29 10 27 21 21 16 25 20 21 24 25 23 27 14 22 27 17 30 29 23 15 12 36 27 15 33 17 13 18 26 
26 24 12 28 26 21 23 40 20 19 28 16 16 29 8 9 37 16 13 28 18 37 17 31 13 22 30 42 23 22 28 12 19 22 30 12 38 23 29 24 28 28 26 15 42 42 33 29 29 22 14 29 23 27 33 17 14 39 17 37 23 26 28 29 24 22 16 26 32 44 18 15 9 30 18 
18 30 29 31 34 18 23 43 31 10 34 22 12 27 24 15 21 16 15 44 22 29 22 19 20 16 29 23 20 31 13 15 10 23 27 19 35 19 25 29 11 30 21 24 32 27 11 46 22 29 12 15 19 16 17 14 17 32 30 35 21 23 24 22 39 20 29 33 28 32 15 31 12 29 23 
14 37 39 35 8 11 20 40 32 21 22 17 19 41 32 21 25 22 21 18 32 29 30 20 27 31 29 34 12 24 27 7 28 35 38 9 24 18 20 30 25 23 23 15 21 16 21 29 32 17 12 17 22 33 17 12 36 39 19 29 17 26 28 15 33 23 16 28 33 25 31 23 17 32 18 
35 16 20 24 24 14 30 17 33 13 35 25 5 32 20 16 33 22 15 34 19 21 27 25 12 30 31 40 10 24 26 13 11 25 45 22 11 20 23 24 21 27 19 17 31 33 16 36 35 18 7 29 21 23 21 22 30 20 17 34 13 24 17 11 17 19 15 35 22 26 27 28 28 20 18 
15 27 23 33 16 13 19 20 32 6 39 21 24 30 18 12 23 25 16 20 25 26 14 30 24 26 25 39 21 15 30 10 20 29 26 17 22 16 23 29 20 28 17 16 25 38 28 48 43 25 7 14 17 10 13 12 26 31 19 22 11 21 31 28 33 16 11 28 26 13 20 23 20 25 16 
22 32 29 32 20 25 13 17 22 12 20 24 9 32 22 16 28 15 13 39 30 30 25 21 30 25 21 31 15 26 25 16 15 31 33 10 25 16 18 32 31 18 24 20 19 36 33 33 27 17 19 15 21 22 32 19 37 33 21 41 19 21 28 23 24 23 26 33 24 14 18 26 24 26 22 
35 33 18 33 28 21 20 34 23 12 15 19 17 7 23 23 23 22 19 22 27 12 9 39 44 18 28 31 15 22 22 16 25 20 26 12 32 15 23 16 25 41 28 11 15 20 27 22 27 13 12 20 16 21 15 19 43 21 21 25 17 20 33 29 37 21 19 27 41 22 33 25 32 14 24 
22 15 22 29 20 12 28 40 26 11 45 17 24 32 24 15 22 26 18 30 23 29 29 22 22 19 32 31 22 19 27 24 22 22 38 19 13 6 14 31 33 23 18 26 28 23 26 30 29 22 18 13 14 29 21 15 41 27 25 11 9 20 40 27 28 17 20 25 29 25 25 27 14 29 18 
23 46 35 33 18 12 26 37 16 27 3 13 20 35 27 20 27 19 21 18 33 32 16 32 29 17 25 23 29 20 33 20 19 19 22 10 19 10 2 16 22 33 29 17 27 19 39 34 15 28 16 19 30 24 17 14 32 23 21 30 16 15 27 35 19 21 19 22 24 33 27 13 32 31 24 
19 31 27 34 22 27 42 27 34 24 42 18 21 31 21 7 19 20 18 31 18 33 31 18 35 21 26 32 20 21 27 13 26 18 23 16 31 11 10 23 16 20 23 14 22 17 15 18 27 28 17 12 25 29 26 23 15 27 15 28 18 23 31 24 53 9 17 10 26 7 28 28 12 19 21 
12 30 24 23 32 14 29 28 25 5 29 12 12 43 23 21 34 22 10 27 23 21 16 23 20 10 31 23 14 18 26 16 22 27 38 13 19 19 28 16 30 25 17 15 33 28 23 28 45 13 18 21 42 21 33 24 32 17 20 20 20 25 16 16 14 24 20 27 25 28 36 34 23 32 9 
12 20 24 35 24 21 26 36 34 16 33 19 11 20 23 18 32 21 19 30 13 27 28 33 20 9 27 6 18 21 30 10 33 35 31 14 32 19 20 18 10 28 19 3 33 19 23 19 24 27 17 12 29 19 20 21 29 30 24 24 15 17 15 5 29 18 27 17 28 27 30 17 8 17 16 
14 34 27 27 28 24 28 43 32 16 32 22 12 12 35 17 18 22 14 26 19 34 29 17 27 19 23 21 23 28 18 15 39 13 39 12 21 23 27 27 22 22 13 15 29 26 27 28 27 15 21 18 39 12 18 18 16 28 28 33 11 29 22 30 23 23 4 33 27 28 25 18 17 28 15 
31 48 29 38 32 21 19 36 28 19 30 25 17 21 29 27 23 23 29 29 20 23 26 32 25 14 15 28 12 35 28 20 20 15 20 13 32 13 23 21 24 35 13 12 29 31 26 48 15 25 10 18 19 15 32 15 32 30 14 21 17 26 25 31 26 20 18 20 24 27 29 34 18 16 25 
15 23 20 41 21 17 24 18 21 19 26 12 9 42 35 12 26 18 16 34 23 28 25 11 30 19 26 36 20 25 34 14 30 23 41 18 20 13 13 14 36 32 27 10 35 34 25 19 18 23 18 30 24 18 19 19 32 15 28 27 18 17 27 9 36 21 17 28 40 21 43 16 29 17 18 
21 32 24 39 23 19 37 41 31 21 18 14 27 25 9 13 34 25 24 27 10 39 37 26 33 20 22 26 18 22 27 20 24 34 33 15 16 23 28 26 21 31 19 8 27 29 25 29 31 16 16 20 28 26 23 16 24 21 20 29 17 26 32 18 14 15 6 14 38 23 25 24 12 29 18 
30 18 20 22 22 26 33 24 23 16 32 19 17 23 19 29 40 23 14 23 10 39 18 22 24 6 28 35 12 19 28 23 23 25 47 9 25 20 30 15 19 21 15 16 42 30 25 22 26 20 11 27 23 13 21 26 38 26 12 25 9 31 39 30 26 18 15 29 28 30 25 18 11 26 11 
9 34 30 36 22 11 33 22 27 18 26 21 15 23 31 17 32 27 11 29 23 20 15 31 20 23 18 36 19 32 17 18 20 31 26 17 21 10 24 22 34 32 19 9 28 18 20 27 36 25 21 11 21 17 22 20 21 21 24 23 6 13 30 14 37 20 13 26 27 18 21 25 21 27 17 
16 31 18 14 19 26 19 31 19 23 32 17 19 27 27 19 24 22 16 23 21 31 25 14 31 14 22 52 15 25 37 23 27 18 41 15 17 23 23 28 28 19 32 9 33 26 17 15 11 24 10 24 24 17 19 21 37 22 17 33 20 20 21 16 32 19 20 36 20 13 36 27 17 20 17 
26 18 27 27 28 20 18 26 26 20 37 14 24 29 15 13 22 19 15 27 22 30 33 23 31 18 27 22 23 20 27 18 31 27 25 19 26 18 20 14 21 23 18 6 37 23 21 29 33 26 16 22 19 20 27 16 30 23 21 36 19 11 6 23 21 26 21 23 20 19 30 25 13 29 22 
28 30 33 30 25 19 28 20 17 16 27 21 5 22 31 10 27 22 17 29 16 33 31 28 25 18 23 18 21 20 21 18 23 34 28 12 24 13 8 29 24 21 16 19 21 20 27 26 35 26 9 17 17 13 17 14 34 30 19 31 22 22 31 16 28 15 13 28 29 14 38 34 21 32 12 
30 9 33 23 18 13 22 26 29 16 33 25 18 50 18 34 26 12 22 22 15 35 21 19 37 18 10 36 22 19 23 15 22 21 15 16 26 17 16 23 16 29 28 16 29 16 21 21 4 33 9 23 18 18 34 22 34 17 30 43 14 18 18 31 23 19 20 12 41 26 32 17 26 14 21 
28 31 35 40 19 18 18 40 28 19 20 18 22 16 31 16 27 23 13 26 20 29 21 32 29 28 20 24 20 30 24 10 37 35 14 10 24 19 8 26 16 42 19 23 28 37 19 29 20 24 18 26 28 29 16 30 33 26 14 43 15 26 23 26 26 9 10 27 33 31 37 26 20 25 22 
29 18 28 29 27 15 29 29 28 13 34 20 19 36 26 17 28 21 16 8 26 25 10 28 22 9 21 17 14 28 18 18 18 29 22 19 17 17 18 21 8 12 19 25 35 31 38 30 27 23 13 29 33 14 25 22 20 27 23 19 15 18 23 31 34 19 13 43 21 17 32 28 23 19 16 
28 19 20 27 28 21 15 35 30 15 16 15 18 29 26 11 37 23 26 13 20 39 26 21 32 8 18 30 19 22 36 12 31 39 36 13 30 8 23 25 18 26 25 20 25 24 7 9 25 29 17 24 19 16 21 24 27 33 21 26 12 22 41 22 22 8 21 23 35 32 28 12 15 24 27 
24 8 35 34 26 4 22 26 22 18 31 15 15 31 24 9 25 6 25 20 25 29 22 32 25 29 27 33 19 34 24 18 15 21 18 19 24 13 17 12 12 25 23 15 28 29 27 25 27 20 13 21 26 36 27 26 27 27 23 17 14 29 24 18 34 17 28 33 26 18 27 29 20 3 17 
21 32 28 32 13 14 19 37 29 25 26 21 23 25 11 15 41 10 13 39 10 19 33 27 39 21 20 25 17 17 15 19 15 13 21 15 28 14 21 21 20 18 18 2 15 38 26 37 35 28 19 18 32 21 13 20 27 33 27 33 18 17 35 25 29 15 23 27 19 23 19 19 16 25 30 
23 35 19 31 32 21 27 30 32 11 29 25 12 37 18 17 43 5 13 42 21 38 18 30 32 21 25 16 20 35 17 18 29 23 43 8 22 16 29 17 32 33 13 14 23 18 25 9 9 25 18 21 31 20 22 26 30 36 21 17 17 15 23 20 32 23 15 33 34 23 29 29 34 32 22 
25 30 37 34 31 17 32 35 29 19 25 16 18 36 29 18 37 21 14 30 17 21 14 23 12 24 24 38 11 29 25 24 38 38 20 19 40 12 19 4 19 21 17 17 24 19 25 36 30 19 16 18 26 16 25 24 21 23 26 38 17 22 19 27 21 10 14 28 19 21 50 14 24 32 16 
25 25 37 35 11 15 25 23 34 20 40 18 16 35 24 15 41 22 11 46 15 34 24 40 30 17 8 17 16 23 19 20 38 38 28 10 33 16 28 15 14 29 18 18 26 21 34 39 36 25 20 19 27 13 29 28 25 26 12 13 18 32 52 20 18 25 20 20 27 21 26 16 32 13 21 
19 40 28 27 13 18 32 23 22 18 23 17 16 25 27 7 29 26 14 23 23 33 24 21 21 18 8 40 17 40 27 17 16 24 14 17 28 21 11 46 17 23 26 26 32 38 27 23 35 14 10 30 25 8 23 20 28 27 20 31 14 16 18 24 24 19 12 19 23 29 29 22 25 18 20 
18 26 38 17 33 20 39 21 28 12 33 14 21 24 22 14 33 18 20 33 13 44 14 20 29 33 21 29 19 22 31 10 29 29 25 7 28 17 14 17 21 35 18 16 29 36 16 24 25 20 14 21 29 30 22 31 24 28 26 36 23 33 13 21 22 20 18 21 36 22 28 29 21 26 15 
26 33 35 41 24 17 13 37 33 17 34 16 25 17 14 17 39 10 11 34 16 28 22 28 19 20 43 44 9 20 24 14 24 22 23 20 33 18 17 26 20 35 14 9 28 18 29 26 16 23 19 20 22 21 25 21 38 17 20 16 19 21 30 17 25 12 13 10 33 31 26 20 41 30 7 
20 27 19 28 23 15 28 46 22 11 25 19 19 25 19 23 24 24 23 27 26 30 19 34 29 21 16 20 15 28 30 19 31 32 48 14 28 23 17 20 19 27 27 17 16 42 24 35 22 22 19 22 12 18 20 14 19 26 23 32 14 20 24 29 41 22 14 23 35 26 30 18 21 20 16 
21 12 17 33 21 12 20 31 33 24 28 16 17 31 21 28 23 20 19 36 33 27 25 36 17 9 35 27 26 26 19 25 31 28 23 10 22 14 14 37 26 29 18 17 36 21 13 14 26 29 8 26 14 22 28 27 38 25 15 35 16 22 30 21 29 13 23 27 22 16 20 15 14 25 13 
24 39 29 21 21 16 31 11 26 7 41 16 17 45 21 7 37 15 21 17 35 32 16 34 21 23 12 22 16 17 33 14 40 24 33 13 15 15 23 31 19 37 25 13 19 24 26 27 23 32 15 18 21 12 17 33 31 27 25 32 20 25 44 24 27 23 19 25 30 34 41 24 25 31 19 
28 29 22 33 19 20 26 20 36 17 33 22 12 21 27 20 26 24 15 23 20 33 28 28 35 27 24 49 14 35 13 22 30 22 16 13 23 20 25 21 17 23 21 10 25 16 45 31 31 21 21 20 22 15 35 21 32 28 29 26 17 38 23 27 30 26 11 20 52 24 34 23 21 19 21 
24 15 19 19 19 11 36 38 27 13 35 21 20 44 17 24 40 15 22 26 20 45 23 26 35 17 21 21 20 26 18 21 34 35 28 15 25 29 30 21 15 30 14 17 24 17 38 25 38 24 13 25 23 29 21 31 30 40 21 20 17 24 41 27 33 16 21 31 40 28 23 33 10 26 15 
10 12 25 33 22 15 27 32 18 23 23 15 8 34 21 27 30 23 18 26 33 41 26 16 27 12 15 31 16 9 14 13 33 12 14 14 27 13 16 27 14 16 18 8 25 19 21 40 20 12 14 21 23 19 33 20 28 24 21 16 16 26 31 18 18 18 11 24 26 34 18 19 19 9 20 
18 36 35 17 24 18 17 33 39 21 27 24 11 30 24 14 32 32 18 15 32 22 23 18 25 29 22 38 13 26 19 13 24 26 24 12 33 16 20 18 22 18 19 17 34 16 30 23 23 26 19 22 27 27 18 22 34 21 24 30 16 21 18 22 28 17 18 31 13 25 23 23 21 15 14 
31 32 26 25 29 16 24 31 26 25 41 20 16 19 21 22 23 18 9 27 28 30 35 21 24 14 25 38 30 22 23 16 39 29 34 12 24 19 20 27 28 13 23 23 27 31 18 40 28 17 12 14 16 29 25 16 30 30 17 33 28 17 26 34 32 24 25 34 29 26 30 31 23 21 25 
27 15 35 24 19 17 33 43 19 14 29 25 17 19 22 13 20 34 15 29 22 8 17 24 19 34 21 33 15 27 23 11 28 26 31 16 26 15 23 18 3 22 25 13 31 27 29 24 17 27 11 24 27 8 17 23 30 23 18 47 9 19 26 22 32 14 22 20 35 28 27 45 18 39 15 
13 34 27 27 17 25 19 32 33 9 33 11 26 36 21 19 35 6 20 13 38 24 18 13 21 12 30 29 6 18 15 12 25 36 24 8 20 16 20 38 24 27 17 13 31 11 13 27 28 16 22 23 16 20 27 23 31 27 14 25 9 17 26 23 36 19 13 17 28 32 22 20 23 14 12 
25 27 39 28 30 22 41 32 35 22 24 20 19 23 30 20 24 23 16 35 21 33 32 34 25 32 16 29 25 19 31 10 18 30 26 13 28 18 18 26 22 29 20 21 31 14 17 29 27 23 10 14 21 22 18 14 13 43 28 27 20 30 37 26 29 17 10 25 41 23 17 29 21 27 10 
26 33 35 25 26 22 19 34 27 21 23 18 21 12 11 10 19 31 15 40 35 25 21 18 16 36 14 37 19 36 24 9 44 26 33 12 24 13 25 31 28 33 19 14 16 29 26 13 25 29 17 26 22 20 41 22 33 35 21 25 14 30 32 14 33 16 13 21 43 15 26 25 23 34 5 
22 42 29 32 31 12 25 42 19 18 34 19 22 24 32 11 27 14 24 35 18 21 19 21 8 25 30 14 22 28 17 15 20 26 18 16 29 12 29 28 15 27 13 14 25 24 36 17 17 19 11 25 19 17 28 22 20 26 22 9 25 27 46 27 19 28 20 23 27 22 33 28 18 29 25 
19 18 41 28 17 18 13 17 30 20 36 19 19 25 21 20 22 23 18 21 19 12 25 20 26 17 16 23 14 33 25 17 29 31 36 14 20 13 23 25 28 24 30 17 34 34 29 13 38 28 22 17 25 27 17 13 21 28 23 39 21 23 23 23 35 13 16 30 36 27 19 9 31 14 17 
21 28 21 32 12 17 16 21 28 19 25 15 14 38 18 17 33 24 23 30 22 31 19 17 39 22 24 41 16 22 31 13 22 37 23 12 14 14 13 25 22 29 24 20 22 25 30 22 22 27 16 10 29 21 19 24 25 37 25 37 12 17 46 18 38 13 29 15 25 23 37 21 25 37 18 
24 31 18 29 18 5 28 23 33 16 13 17 17 15 24 10 35 18 19 29 19 30 16 15 30 20 40 39 23 26 17 8 35 37 20 19 36 16 22 22 24 18 23 14 38 31 35 13 29 28 15 31 21 25 17 20 24 15 11 26 24 33 30 28 23 25 10 30 26 21 33 29 16 12 20 
22 34 26 28 26 24 14 28 16 8 37 15 10 13 30 19 30 20 19 28 23 13 34 16 30 22 20 35 23 19 21 16 22 39 31 19 26 13 13 23 26 19 17 14 23 18 26 35 30 20 20 24 25 21 24 24 13 38 18 26 17 18 36 26 19 23 22 32 19 21 22 16 21 14 14 
22 45 24 28 20 13 36 36 25 7 36 16 19 21 9 20 29 19 24 23 16 28 20 33 24 31 26 26 22 14 23 17 20 30 22 12 25 15 18 21 23 34 22 9 23 27 21 33 30 20 20 23 15 28 13 3 44 35 26 22 30 20 28 17 18 24 17 20 39 29 27 26 19 19 15 
17 12 29 22 19 18 35 19 23 23 24 28 18 36 18 16 37 13 20 33 25 36 24 38 21 25 23 36 11 19 12 19 27 23 17 18 22 16 25 19 34 31 24 22 25 20 21 29 34 17 14 29 23 30 22 12 40 35 10 34 17 14 29 30 31 20 10 28 24 26 26 40 15 11 18 
25 30 18 13 29 11 37 50 32 19 26 22 14 12 18 19 16 18 25 20 16 36 23 22 27 19 20 36 12 19 15 8 31 18 28 14 17 8 18 27 18 35 21 15 26 35 28 38 37 20 12 23 22 22 24 30 37 25 21 18 17 22 29 27 26 22 17 14 29 18 31 31 12 26 19 
19 23 23 29 12 17 20 55 24 14 7 13 15 39 29 15 25 25 17 34 26 27 28 32 28 17 20 24 20 25 17 16 38 37 33 14 10 24 29 25 18 13 21 12 20 43 22 30 26 28 17 25 28 21 28 19 33 21 19 35 19 28 31 11 32 19 26 26 30 21 31 16 16 23 18 
30 22 26 21 23 11 21 22 17 20 26 15 13 27 26 7 11 23 17 33 18 46 22 18 42 21 30 33 13 21 29 19 36 26 9 14 18 9 19 32 12 29 25 17 19 35 13 37 29 17 14 18 34 19 13 17 24 13 29 27 15 14 33 26 34 18 16 34 22 29 20 13 25 27 18 
15 29 14 28 22 15 25 28 21 15 12 20 8 13 16 17 28 28 16 31 24 28 24 28 28 15 31 27 26 9 21 15 43 34 18 7 22 18 18 29 11 27 22 17 22 28 6 24 27 32 12 27 18 15 26 17 30 31 25 16 15 18 43 32 35 15 17 29 39 25 24 31 3 27 18 
18 34 24 53 18 31 8 16 24 21 24 22 16 16 30 15 25 24 10 36 21 12 26 25 22 17 29 39 13 28 33 19 20 26 26 15 29 26 22 29 10 24 24 14 26 32 21 22 39 18 18 23 25 21 22 25 10 26 18 42 16 12 47 20 21 11 7 14 20 13 39 12 13 22 10 
26 19 25 30 20 13 20 31 15 19 32 22 17 25 18 14 31 23 5 25 28 26 24 28 33 18 19 26 5 33 10 13 30 31 26 15 29 17 19 17 17 28 11 16 32 26 27 30 38 21 20 21 23 26 23 16 36 38 26 26 16 32 17 19 39 11 19 29 42 35 18 38 20 22 16 
32 31 26 18 26 12 21 19 22 14 33 17 12 20 14 22 35 18 31 15 22 28 21 33 33 19 23 7 19 21 32 15 13 28 27 19 27 13 20 22 34 24 16 10 13 32 24 33 36 16 11 25 21 26 16 21 12 31 21 24 16 28 30 24 28 13 15 32 27 25 22 12 20 20 18 
19 28 30 25 33 18 26 33 37 21 38 19 21 43 21 21 25 21 4 20 22 30 17 27 38 19 23 27 8 23 26 18 19 41 32 16 12 9 13 18 20 16 28 10 25 25 27 28 29 16 19 25 20 34 12 15 28 21 21 39 22 32 33 26 34 18 17 30 29 20 34 40 20 17 15 
25 14 26 20 25 17 29 32 31 18 16 13 18 36 24 24 30 14 11 26 25 26 23 21 29 17 34 35 22 18 26 16 26 28 27 12 24 20 11 27 31 36 19 13 29 14 18 15 28 21 9 36 23 25 22 16 32 34 18 22 17 30 34 20 14 12 23 29 27 19 31 41 14 27 15 
16 26 30 32 19 20 20 31 22 18 25 17 11 20 22 20 27 25 13 28 30 41 21 26 11 18 31 40 17 26 31 22 23 19 26 9 13 9 20 11 24 27 29 19 33 40 16 25 31 23 16 28 20 20 21 8 19 23 24 20 11 23 28 24 27 17 19 37 26 28 30 21 22 25 28 
15 30 27 21 17 12 27 40 32 21 37 22 20 30 17 21 26 23 19 26 25 36 22 31 21 13 23 30 16 26 32 15 28 29 31 9 30 14 16 25 36 20 15 14 34 24 24 21 29 28 20 18 20 18 15 18 40 27 22 38 14 25 20 20 38 18 19 14 43 40 26 22 15 19 16 
25 39 10 27 17 23 31 38 33 22 34 28 23 18 19 15 32 23 26 21 18 22 15 25 27 23 22 48 26 34 13 19 35 20 21 17 26 18 22 13 24 29 12 14 29 36 20 19 31 29 9 20 19 10 20 18 22 28 27 34 21 19 34 32 32 22 17 28 34 35 38 18 16 7 12 
26 21 29 41 29 16 24 38 19 17 24 24 12 28 24 17 35 21 24 36 22 43 30 35 29 22 25 30 12 27 29 18 24 24 37 16 34 9 14 29 15 22 28 20 38 26 33 32 9 28 17 22 32 25 23 15 25 23 11 32 20 17 27 21 31 21 20 19 44 37 22 27 19 17 14 

MachineCapacities:
MachineID Capacity
0 10
1 10
2 10
