NumTasks NumMachines NumScenarios
25 3 100
TaskDetails:
TaskID ReleaseTime ResourceConsumption SuccessorsCount Successors...
0 0 9 3 4 2 6 7 
1 0 3 3 7 2 2 6 
2 0 8 9 2 1 7 
3 0 8 3 4 1 7 
4 0 6 8 9 0 
5 0 4 3 10 1 7 
6 0 3 10 3 0 
7 0 6 2 6 0 
8 0 9 2 2 3 16 18 20 
9 0 8 8 6 4 15 21 22 23 
10 0 9 3 3 4 14 19 21 24 
11 0 6 3 5 0 
12 0 10 10 2 2 21 23 
13 0 2 4 3 3 14 17 22 
14 0 3 6 3 0 
15 0 1 4 7 1 17 
16 0 4 10 3 1 22 
17 0 6 3 2 0 
18 0 8 8 6 2 21 23 
19 0 6 10 5 0 
20 0 8 9 1 0 
21 0 9 3 9 0 
22 0 4 5 8 0 
23 0 4 3 2 0 
24 0 5 5 5 0 

24 19 8 17 34 21 25 20 23 19 28 33 31 31 20 36 16 32 19 26 25 16 42 19 29 35 32 28 36 11 19 25 24 23 19 22 19 19 18 15 21 21 11 32 27 21 33 21 32 28 17 22 41 19 37 24 29 17 19 16 11 14 16 22 14 37 7 26 38 33 20 15 21 26 21 
22 28 8 17 30 17 32 14 25 30 28 34 17 37 17 17 19 23 24 28 26 15 7 16 29 33 38 43 18 19 12 22 21 18 26 29 20 11 13 17 19 13 21 19 28 18 30 18 34 15 21 17 24 35 22 39 30 14 22 17 6 18 36 17 28 10 35 23 28 20 12 29 20 25 27 
25 19 20 19 20 12 27 23 23 25 26 22 27 31 23 24 16 23 19 28 41 27 3 9 28 11 27 18 27 13 12 35 23 13 16 21 25 18 10 13 17 14 18 33 15 17 19 12 14 20 20 27 20 16 24 39 27 14 20 25 12 9 17 30 23 12 17 26 22 42 19 16 31 19 20 
16 26 19 20 31 22 31 23 15 27 26 30 16 36 15 37 12 22 22 15 29 38 24 15 32 26 37 23 16 27 12 32 33 15 12 24 18 21 18 19 11 13 20 28 29 18 25 24 34 26 12 27 34 19 49 12 30 17 16 21 16 11 35 21 7 35 21 40 38 27 17 17 27 22 16 
32 23 21 9 27 25 22 14 24 15 38 37 32 26 15 34 19 23 15 15 20 43 35 12 24 30 26 22 26 14 18 38 33 12 25 24 23 19 22 8 18 18 18 24 20 22 8 21 20 22 12 10 31 26 22 44 31 18 18 14 7 13 11 31 20 26 33 35 34 26 18 23 23 31 20 
35 28 24 10 19 12 20 25 20 18 31 25 32 24 27 25 10 15 22 17 33 31 46 19 29 26 48 12 25 20 19 28 30 19 33 27 32 19 12 10 17 18 32 18 28 8 23 18 23 25 20 13 22 32 34 31 34 13 30 20 15 23 37 26 21 34 35 29 33 26 12 23 14 26 16 
28 22 16 23 17 19 24 12 33 20 19 26 25 26 20 30 15 26 21 19 23 37 34 9 20 16 28 25 36 19 16 17 10 12 23 21 17 22 21 16 25 11 22 35 21 29 18 18 37 16 20 21 34 26 26 25 32 20 23 22 20 13 26 22 21 36 18 34 12 32 21 18 29 8 13 
28 29 15 16 20 24 25 18 27 11 32 24 31 27 4 23 16 9 20 10 30 23 22 13 23 24 36 11 37 16 17 24 23 20 29 18 27 29 25 18 15 11 21 30 24 12 21 19 22 20 9 23 26 43 34 16 23 19 15 22 13 14 51 24 19 14 14 29 39 35 12 23 24 23 9 
32 16 12 16 26 31 19 21 23 24 29 17 25 27 20 15 21 9 9 21 35 25 22 13 27 16 18 31 25 20 12 27 22 19 20 25 20 20 21 15 16 21 14 30 22 28 21 22 11 20 12 21 30 27 34 23 23 15 17 25 21 13 54 17 15 25 33 21 29 29 19 27 24 29 16 
17 12 17 11 15 16 16 17 17 24 31 36 29 33 17 23 20 33 15 15 20 34 19 10 18 18 10 7 34 24 11 26 26 13 10 23 27 19 14 19 17 11 20 30 39 21 18 24 21 31 19 26 22 22 18 26 26 11 17 3 17 20 25 19 9 23 14 34 28 25 23 24 16 20 24 
24 32 22 7 29 22 19 26 21 17 21 27 36 16 18 27 13 32 14 22 27 38 29 10 36 30 29 24 29 14 13 17 20 17 28 18 18 16 13 20 17 18 15 27 20 15 31 9 44 20 22 28 27 33 38 30 24 7 13 15 25 16 45 23 13 22 38 27 4 16 19 21 34 8 17 
33 21 17 16 24 16 11 19 26 23 31 38 11 38 17 29 7 22 20 22 31 14 20 10 16 22 41 21 39 22 21 24 24 16 21 20 14 16 22 15 28 16 20 30 20 20 18 18 25 23 15 21 26 27 31 35 15 15 19 14 19 16 34 43 22 30 22 18 24 40 13 8 15 22 26 
27 13 21 18 35 23 17 20 30 21 23 34 16 37 20 27 14 19 13 29 51 31 30 20 17 20 53 25 43 15 18 25 28 13 22 25 23 24 22 16 16 21 14 32 25 21 22 25 28 26 15 15 15 31 27 20 18 20 19 14 22 11 22 26 20 27 43 18 29 35 15 19 24 26 19 
30 19 18 19 42 23 21 20 23 27 30 18 32 41 21 32 18 19 19 17 27 15 33 13 14 21 31 24 26 25 14 31 31 19 32 31 29 16 20 25 23 17 22 17 17 23 32 24 26 32 8 14 25 24 35 18 27 17 15 26 21 18 34 27 30 27 21 33 12 38 16 13 39 31 21 
37 22 17 21 35 24 21 21 22 21 21 28 17 27 26 28 12 31 22 21 19 37 25 14 23 23 23 18 30 25 23 23 23 25 30 20 13 16 21 19 15 17 21 25 25 20 24 16 16 20 11 19 15 24 36 31 29 17 24 17 18 13 17 33 14 20 19 15 34 25 19 14 22 29 15 
40 34 17 12 21 32 22 15 19 35 21 16 35 30 22 27 13 34 13 21 30 18 25 9 30 19 34 25 15 26 16 22 4 20 25 17 21 18 19 15 19 17 19 48 36 25 22 20 27 24 21 21 16 24 23 24 23 12 12 19 17 17 39 23 14 17 15 28 27 29 25 16 34 33 13 
25 25 18 12 22 21 23 15 22 26 34 22 20 27 33 27 15 22 21 22 31 39 26 12 31 33 32 34 31 22 14 19 20 21 28 15 26 15 20 19 21 16 13 35 30 11 27 30 20 19 16 24 24 13 39 14 16 19 12 11 11 14 37 24 30 19 32 17 33 26 22 22 34 12 14 
26 29 20 22 31 18 18 8 27 13 32 18 24 40 15 33 22 31 23 15 36 29 37 13 28 27 30 21 27 22 18 5 25 14 18 20 11 13 20 18 27 20 12 29 11 21 21 20 29 25 17 17 32 15 26 24 24 20 15 14 18 14 22 21 18 25 21 38 26 34 27 20 24 30 6 
37 21 15 6 29 19 24 25 22 17 21 25 22 22 23 29 21 13 18 17 26 41 27 14 29 23 25 24 27 22 10 25 25 17 29 33 13 22 13 9 30 15 15 32 34 22 20 17 28 22 14 19 30 21 27 34 31 17 25 14 19 16 40 24 19 26 17 26 36 38 18 19 28 19 14 
34 16 12 22 50 16 25 23 23 35 48 37 24 31 22 26 18 17 21 23 26 25 21 12 28 17 37 29 26 8 12 23 22 22 25 14 24 23 25 17 19 15 13 22 31 7 16 14 32 20 11 17 17 41 28 27 21 19 18 22 21 18 16 30 17 17 35 34 20 31 14 25 7 30 17 
44 33 17 20 29 17 22 18 25 14 28 28 23 40 30 28 11 19 29 23 29 14 11 6 30 30 23 37 34 29 12 27 19 15 39 20 16 17 31 19 20 6 20 24 23 28 20 14 20 12 20 23 32 22 44 25 14 25 22 24 12 14 29 18 13 23 23 26 15 25 15 14 29 19 19 
36 18 19 15 31 25 35 15 31 16 19 37 29 22 18 25 18 18 19 21 47 36 36 10 10 25 21 16 22 27 20 30 18 22 20 28 25 16 18 12 25 14 28 17 29 22 25 14 28 16 11 12 23 16 24 38 27 14 22 19 18 14 25 27 26 23 15 15 21 21 19 18 20 29 20 
30 14 16 18 34 22 26 16 10 24 18 26 33 48 9 21 15 26 21 14 5 28 24 20 37 25 15 29 31 19 17 24 25 16 11 17 36 21 19 20 13 15 19 6 19 30 13 23 29 13 18 19 23 21 34 24 9 13 17 25 10 15 28 29 20 17 37 29 31 25 12 14 19 19 15 
36 20 5 28 3 3 15 17 22 25 18 28 31 25 26 19 12 28 22 16 40 27 30 18 32 32 39 28 25 19 17 23 16 12 18 18 20 13 34 14 14 5 17 23 14 14 28 22 17 24 17 17 37 25 30 27 41 21 20 20 10 11 8 21 20 24 9 23 35 21 17 16 19 25 17 
25 20 20 19 29 28 14 7 29 26 20 22 32 20 24 6 15 32 5 7 40 23 50 13 21 25 37 37 31 18 17 34 25 14 23 26 15 9 17 18 14 19 18 23 14 27 20 24 30 23 20 20 27 20 22 18 33 15 23 8 13 14 32 28 14 25 24 28 32 42 14 23 26 14 19 
23 22 21 15 31 27 16 16 15 12 21 29 18 19 28 35 22 34 16 17 20 25 31 18 13 19 35 33 9 11 17 25 33 6 36 17 23 9 18 18 22 22 20 39 27 11 26 18 17 16 16 27 28 34 29 20 21 17 26 21 19 24 23 27 28 19 35 19 35 43 20 26 19 22 19 
48 19 23 20 25 17 18 20 13 17 22 33 27 24 16 19 16 35 16 22 25 33 35 15 25 20 30 33 25 24 20 18 17 18 22 11 22 15 20 15 22 13 15 28 16 14 24 19 21 12 15 21 21 36 31 29 4 19 28 21 16 21 34 31 15 12 30 29 34 50 14 22 24 24 29 
38 26 16 18 24 27 21 23 22 30 36 17 28 28 29 32 13 21 25 25 40 33 29 18 29 22 28 30 22 19 25 29 32 12 36 20 19 9 16 16 29 19 14 50 26 13 28 23 23 16 19 20 18 32 35 24 28 21 24 11 15 12 29 21 25 27 32 35 28 23 9 20 28 25 20 
28 24 19 17 17 8 19 24 16 29 13 26 23 18 15 32 17 18 19 25 42 28 32 9 12 13 32 26 47 34 22 22 11 22 36 21 25 27 21 18 24 15 21 37 25 17 17 16 28 13 14 22 29 26 24 39 30 14 21 17 9 15 36 23 25 29 23 22 30 21 17 25 29 12 9 
32 28 16 18 28 18 12 20 22 20 22 30 18 20 16 43 22 10 22 11 35 23 16 23 22 24 24 26 23 24 13 34 14 16 37 13 12 10 26 15 18 14 23 35 22 36 19 18 20 9 19 23 23 22 21 16 35 17 20 9 18 12 36 22 21 18 29 22 35 35 21 24 30 25 19 
37 29 22 19 27 18 17 24 29 24 32 29 27 18 11 32 10 38 30 14 32 27 19 16 37 17 46 22 28 16 17 27 13 15 24 25 29 19 28 11 24 17 19 23 22 31 12 9 38 24 9 8 49 21 28 17 17 17 22 22 18 19 37 25 19 9 9 18 23 27 15 12 20 22 15 
24 29 16 14 23 20 35 25 14 20 32 23 14 20 11 31 12 24 24 23 25 19 38 16 21 35 14 26 25 14 15 41 22 11 15 34 23 16 19 17 23 19 20 32 26 21 24 15 28 14 19 28 18 13 40 9 29 17 18 21 11 18 27 32 27 26 19 22 29 21 23 16 28 31 25 
30 36 24 21 25 19 15 20 18 9 38 34 48 13 14 34 17 22 10 16 46 31 44 15 19 22 17 47 25 16 16 19 22 8 16 32 28 12 14 16 21 8 12 21 34 17 19 14 23 23 9 22 25 25 33 36 39 9 17 10 13 17 15 13 15 37 33 23 28 7 22 15 34 14 23 
19 23 13 15 26 15 14 24 24 28 21 28 35 15 20 32 18 31 24 19 24 12 32 12 29 28 35 22 26 19 24 23 23 15 12 25 27 19 24 19 19 17 18 32 28 19 20 22 21 30 19 16 25 17 32 25 44 14 11 14 14 19 23 20 11 21 21 15 30 33 16 22 52 33 18 
27 15 21 14 24 3 29 22 20 26 19 15 7 21 16 20 12 36 17 18 24 22 27 14 37 31 21 14 22 13 21 33 26 13 39 39 16 24 22 17 14 14 21 30 20 29 7 18 42 19 16 25 30 24 35 25 36 14 13 13 12 13 15 21 23 35 22 55 17 14 17 24 26 27 19 
23 23 19 18 17 22 22 19 22 16 23 29 24 26 13 22 12 21 20 15 31 32 31 16 29 25 31 23 33 18 23 33 24 20 30 14 18 22 10 9 25 13 14 28 32 22 16 18 16 22 16 20 31 33 19 18 32 19 25 12 16 14 30 24 25 21 30 22 41 37 20 23 32 16 21 
35 18 28 29 20 29 26 18 27 14 20 38 36 29 18 14 9 25 11 16 35 21 23 17 30 16 21 20 19 11 19 30 21 19 34 15 24 21 25 6 31 15 21 23 26 33 16 20 18 15 10 30 35 33 37 29 16 20 22 18 16 19 16 34 27 26 26 30 27 18 18 8 43 25 9 
32 15 18 14 22 22 15 28 22 16 24 37 28 29 15 36 14 24 23 22 29 21 28 17 17 25 31 20 12 21 14 28 30 11 25 15 11 16 11 20 31 13 19 15 26 23 24 16 19 25 11 26 21 20 17 36 18 21 21 17 12 21 18 23 21 36 37 26 22 34 14 27 29 3 22 
23 26 21 30 26 19 31 19 17 7 19 24 13 18 29 28 19 24 14 18 20 36 30 12 24 30 39 22 35 19 19 27 21 16 27 18 21 19 23 13 32 17 12 26 27 21 28 14 35 19 18 18 26 27 23 36 11 8 16 14 20 15 25 35 22 35 19 36 23 25 20 30 37 23 26 
24 25 24 22 29 17 22 11 29 27 24 25 18 27 18 17 15 17 10 33 31 19 32 12 13 26 39 19 41 22 21 35 27 15 9 28 20 22 25 18 21 14 18 20 34 16 19 18 37 26 10 19 19 37 23 32 13 16 13 14 12 14 19 41 19 21 25 26 25 48 19 23 26 26 17 
16 27 24 23 29 23 19 26 22 13 32 14 23 24 19 23 21 18 15 18 33 31 36 16 24 31 24 32 35 32 15 25 15 16 18 25 19 21 12 16 20 13 14 24 26 27 16 25 26 10 14 27 23 35 26 13 29 16 15 24 20 15 13 40 26 26 28 23 48 32 19 16 28 24 13 
27 29 10 17 37 24 26 19 28 24 33 24 19 20 6 27 10 8 11 15 61 27 22 16 24 36 37 24 28 19 11 20 24 17 31 15 13 18 18 16 18 23 15 30 19 22 11 12 30 17 19 12 43 31 38 18 27 6 10 16 17 13 25 25 20 31 20 37 14 20 26 34 14 26 20 
23 15 16 14 19 15 32 16 20 16 14 30 30 20 23 27 13 19 16 21 21 16 24 15 17 23 31 24 33 28 20 21 13 19 35 17 16 13 18 21 11 17 13 40 31 24 24 13 22 23 14 21 25 16 31 24 35 13 24 19 19 10 25 34 20 26 23 34 15 36 12 19 21 30 17 
37 19 14 19 28 18 27 17 32 18 22 25 8 29 27 31 15 28 26 25 17 27 34 15 32 31 36 24 34 23 14 20 15 15 30 23 20 23 24 20 25 18 22 27 19 16 13 17 33 24 16 27 29 31 19 29 38 20 20 24 18 14 22 24 17 26 31 23 46 25 22 14 26 16 17 
36 23 24 19 28 25 22 23 12 13 25 32 22 17 17 29 22 15 20 14 14 22 18 21 28 25 37 9 33 20 11 34 24 18 27 26 20 17 18 17 21 19 21 26 18 28 24 13 27 22 19 25 19 30 46 30 28 22 9 24 9 13 30 27 17 9 20 23 26 22 17 29 28 18 17 
31 14 21 17 20 19 18 23 16 27 40 24 38 30 22 25 20 13 15 14 32 23 39 21 17 27 36 22 20 25 9 18 20 14 33 13 31 15 20 18 27 19 18 33 25 22 15 15 25 25 19 24 20 23 34 18 27 18 10 16 17 6 37 23 11 23 27 43 21 22 12 19 23 28 16 
20 30 17 19 25 16 19 10 24 24 21 25 24 29 22 18 21 27 13 19 40 19 29 14 31 25 32 32 33 24 13 38 31 18 28 14 22 15 14 18 17 21 23 31 32 29 17 21 23 10 13 23 40 27 18 35 20 16 12 14 19 15 28 18 18 10 2 35 20 38 17 16 36 22 27 
37 21 13 11 29 14 29 27 28 34 18 40 32 27 29 44 15 20 18 10 33 12 37 15 11 7 38 20 38 21 21 34 18 16 37 6 22 21 13 10 12 17 15 30 13 27 20 10 28 18 15 15 22 22 28 31 23 13 22 14 16 18 37 22 27 31 12 19 24 17 18 12 37 18 28 
12 27 27 20 29 22 23 25 16 15 16 38 34 19 13 30 11 20 23 16 42 43 41 10 22 22 29 38 23 11 16 41 34 9 33 25 18 4 17 17 29 6 14 37 37 16 20 17 26 16 23 21 16 12 29 17 17 17 16 16 15 23 49 31 22 26 23 26 35 28 13 9 17 29 20 
18 14 20 16 14 8 26 19 26 17 31 26 21 23 29 27 23 28 23 18 16 32 29 7 37 31 37 32 30 22 15 23 17 15 18 24 10 22 18 13 25 19 12 25 30 20 10 15 27 24 14 13 21 13 41 22 12 12 16 11 12 20 1 30 19 25 31 34 24 27 14 19 29 23 30 
24 27 16 15 21 21 27 11 22 13 31 32 34 34 25 23 19 23 20 23 34 31 20 17 23 31 28 23 32 13 14 33 17 12 21 22 23 34 16 13 16 14 18 28 30 23 14 27 22 28 12 16 28 24 26 26 24 13 9 19 19 8 22 15 25 23 36 24 27 25 18 25 29 18 12 
30 33 12 10 16 17 12 20 17 10 19 27 30 25 27 18 13 19 20 22 41 33 25 8 28 30 38 20 32 20 8 37 24 20 23 17 28 20 24 19 13 10 18 22 39 19 21 26 31 19 11 14 30 20 30 33 32 18 25 22 12 14 32 26 24 17 25 26 22 35 25 11 33 16 27 
19 20 23 13 28 28 27 21 11 15 32 17 32 27 34 26 15 25 18 16 30 42 31 15 26 30 14 26 15 21 16 18 25 16 46 9 21 21 21 17 19 18 19 17 10 21 20 20 30 21 12 22 33 37 37 39 23 16 15 17 13 14 35 25 23 22 20 14 24 22 9 30 26 29 16 
12 29 24 17 28 25 19 18 30 21 27 27 19 31 10 32 10 18 26 16 24 18 29 18 22 23 15 17 46 10 19 23 36 13 26 23 19 16 18 14 19 25 19 41 17 18 26 23 12 28 16 21 25 44 30 37 19 26 12 19 22 12 25 17 22 40 26 22 40 40 14 11 36 13 23 
28 23 11 21 12 21 30 9 16 10 40 41 14 28 14 37 18 29 16 21 15 22 30 6 34 16 36 26 30 18 17 29 23 21 23 24 19 11 15 12 18 12 15 22 33 27 26 23 37 17 13 24 24 34 25 34 16 20 24 18 16 19 39 22 17 41 19 27 22 19 12 25 29 13 26 
45 21 15 18 41 13 24 16 27 24 35 40 27 32 27 29 17 23 19 20 33 25 30 14 33 30 24 29 27 10 16 5 22 17 28 22 26 16 21 21 16 14 9 39 29 26 10 18 20 24 13 27 27 30 22 22 29 19 17 31 13 11 28 18 17 22 22 32 20 26 17 21 30 26 12 
18 23 22 8 20 29 21 21 29 16 33 50 29 29 14 27 21 32 14 17 28 33 20 19 25 23 38 22 22 28 14 27 14 14 15 33 13 12 18 17 31 16 19 27 22 24 22 15 29 38 13 22 38 39 37 18 31 9 28 15 19 12 20 16 17 27 24 14 28 10 3 38 3 20 14 
18 25 11 16 27 28 23 15 23 27 31 16 23 25 19 28 20 24 25 20 35 21 22 17 21 28 4 26 30 21 17 20 26 17 35 24 15 16 15 16 15 15 26 30 26 21 21 13 31 26 15 20 22 37 24 20 31 20 19 27 12 10 27 11 17 32 27 40 27 36 19 10 27 23 26 
35 17 16 18 31 14 34 17 30 33 12 25 25 30 14 20 13 26 19 25 38 23 28 21 31 10 23 23 31 20 17 45 30 15 31 29 22 12 22 14 19 15 20 24 22 20 22 19 27 14 6 16 15 18 46 36 23 13 17 17 16 12 29 26 20 16 19 28 38 29 10 25 26 28 12 
36 19 21 16 17 24 15 19 29 13 30 33 18 34 16 21 19 28 16 23 32 33 31 11 23 25 27 23 31 14 12 22 26 18 24 22 29 14 20 15 19 12 20 33 31 41 16 11 27 21 16 22 34 21 19 16 15 6 19 29 27 20 25 27 25 34 23 32 21 36 7 22 15 36 10 
13 13 17 23 52 23 34 17 19 23 24 27 27 18 21 23 20 41 16 12 22 11 25 23 30 29 24 23 40 19 11 28 25 16 35 28 29 17 19 21 26 20 14 36 26 13 7 22 43 21 15 13 26 27 28 29 28 16 18 25 15 14 17 25 21 21 32 28 28 26 18 33 30 35 22 
7 18 19 17 25 32 24 22 20 8 33 44 41 17 16 28 6 25 22 12 49 21 16 16 19 34 27 18 34 11 19 25 15 11 28 23 29 19 25 21 22 11 21 41 25 29 24 20 22 13 9 14 29 27 17 19 30 15 17 16 15 14 18 20 25 27 10 27 37 22 21 21 30 30 22 
31 22 21 27 30 29 19 22 28 26 17 48 36 21 16 25 22 27 16 20 26 24 29 8 26 23 32 20 34 24 6 17 24 16 28 25 23 18 17 12 24 14 18 36 26 10 21 26 31 12 11 30 26 24 17 20 32 12 11 21 16 14 15 26 25 32 31 19 29 32 27 9 37 25 16 
29 28 20 22 26 23 26 14 27 24 23 35 32 24 22 22 15 19 22 18 23 15 33 15 33 22 35 28 21 20 15 16 25 20 23 12 18 16 18 13 17 9 25 27 38 18 16 20 26 6 16 20 31 16 30 30 30 14 30 12 9 20 35 33 19 19 19 33 31 33 12 20 36 21 19 
23 18 7 16 40 21 23 12 27 23 33 28 28 31 24 37 12 31 18 15 31 21 43 15 30 19 23 24 22 32 14 23 18 13 31 22 20 13 19 23 30 19 13 30 19 23 30 11 29 29 10 28 20 36 20 18 35 17 18 21 22 20 17 21 16 33 25 31 33 31 17 21 8 14 24 
27 19 12 19 26 14 14 26 15 21 31 33 13 18 23 17 11 26 18 21 23 38 26 12 30 38 20 32 35 13 21 22 19 21 23 16 14 16 16 17 20 15 16 29 25 27 29 18 22 19 15 23 30 29 22 39 34 13 10 13 23 16 11 16 11 22 12 28 20 31 15 28 23 27 25 
27 10 10 21 15 6 13 26 34 13 24 40 23 35 21 22 19 19 23 25 27 30 27 15 21 29 30 13 28 13 15 37 18 13 23 21 25 27 8 12 18 20 17 32 25 23 28 13 33 16 19 11 27 41 30 26 35 17 16 12 13 11 21 22 23 31 16 18 47 31 26 24 27 19 21 
33 23 18 22 29 22 26 29 29 24 26 19 24 40 20 32 9 24 24 16 43 23 27 13 18 21 29 32 20 10 20 9 22 12 39 16 16 20 18 15 22 15 22 42 30 28 27 15 20 17 7 24 36 22 34 26 28 19 17 13 12 12 18 29 29 20 25 34 37 14 21 25 27 19 5 
38 21 13 20 29 14 40 26 23 16 25 22 9 40 17 37 8 27 19 23 33 33 26 16 21 29 32 20 33 17 22 19 18 20 25 21 21 11 16 11 24 16 16 18 25 22 13 17 17 14 17 28 9 37 20 25 27 14 13 9 9 21 42 28 8 21 23 37 33 23 18 15 11 31 20 
29 16 14 7 17 17 19 23 35 26 38 39 25 18 18 35 12 18 16 18 19 24 41 8 21 16 39 29 28 15 11 29 21 13 41 18 18 15 20 17 27 12 15 27 42 29 10 20 30 25 15 18 23 40 27 28 33 13 27 18 16 12 20 19 20 23 29 32 34 33 14 25 17 24 19 
30 21 25 17 22 10 22 15 25 22 26 26 25 31 14 17 18 20 24 22 39 37 34 11 22 16 23 22 25 27 17 29 18 25 34 26 21 17 10 16 20 14 8 27 32 17 29 6 44 19 18 17 27 28 32 35 23 14 16 8 16 14 31 23 19 28 31 31 24 47 14 14 27 13 20 
30 16 17 17 23 20 26 15 34 19 31 35 28 25 22 34 21 28 19 20 37 24 47 13 24 29 31 15 26 17 16 25 11 15 37 15 23 10 17 13 24 10 27 20 30 22 21 23 19 7 7 31 22 26 33 32 13 12 20 16 15 15 21 26 24 25 31 31 30 21 9 25 14 31 18 
36 17 14 17 27 21 21 18 21 27 16 10 26 24 18 34 22 37 15 18 29 14 36 7 27 27 25 20 20 25 14 27 23 18 15 12 12 14 13 12 16 16 22 16 26 24 23 31 35 16 11 19 22 23 28 34 29 21 26 20 6 13 19 13 19 24 44 24 24 22 18 26 26 14 27 
34 25 14 21 31 14 14 16 19 33 32 36 18 29 18 34 16 27 17 16 26 22 16 18 13 27 30 31 25 17 18 27 21 11 36 15 13 10 16 15 28 15 11 28 34 25 28 19 27 12 17 11 31 27 38 26 21 16 13 15 9 12 44 27 25 16 23 23 23 41 10 17 33 16 23 
31 10 25 17 24 14 22 17 25 24 30 24 20 20 23 30 22 26 15 5 29 25 28 19 20 13 33 22 31 10 26 21 21 6 28 23 19 18 15 20 17 18 10 33 15 21 26 18 23 27 18 18 38 26 19 47 26 9 20 14 13 13 45 29 13 19 22 25 42 23 21 22 36 8 16 
26 16 21 9 26 6 19 13 26 9 31 31 22 27 24 28 26 29 18 16 31 22 14 20 37 27 37 23 35 20 15 22 20 15 38 16 28 2 18 17 12 14 17 18 27 24 25 21 19 19 14 20 31 23 23 17 25 16 13 16 16 14 43 21 21 36 36 16 22 19 19 12 8 31 28 
32 27 13 15 21 14 35 21 27 21 15 25 22 19 21 27 20 22 19 21 34 30 40 17 28 15 25 24 37 29 26 21 23 20 26 12 25 4 23 14 20 12 13 27 22 12 33 25 25 25 11 23 32 24 19 24 30 24 14 18 17 14 36 31 25 39 16 28 32 51 21 22 33 25 16 
18 14 20 18 21 11 18 18 10 13 32 13 16 25 19 42 10 1 11 24 29 21 33 12 27 20 23 23 46 17 19 35 17 17 19 23 20 15 14 7 17 15 11 26 26 24 22 14 24 15 16 21 19 25 21 32 26 21 31 14 10 14 32 38 19 24 27 32 32 26 14 20 28 32 14 
18 25 30 15 16 18 16 22 23 18 22 24 39 31 40 16 14 18 23 20 34 37 36 12 5 28 14 27 30 25 22 24 18 16 25 27 16 17 14 19 27 15 10 25 37 19 18 16 30 23 18 9 37 21 12 28 23 17 24 15 11 17 21 33 24 25 28 24 44 31 15 23 21 32 17 
32 35 12 20 18 23 22 22 18 12 21 32 6 37 26 32 13 33 17 26 23 33 22 16 14 33 39 31 22 14 18 25 21 18 33 18 14 14 17 17 21 21 21 24 35 30 22 19 25 17 14 15 34 22 33 30 39 14 14 12 25 18 30 34 13 22 22 28 27 42 24 19 36 25 23 
34 16 20 23 21 19 28 22 22 18 29 31 28 29 25 32 12 35 15 15 42 29 15 19 20 32 39 22 34 12 22 16 18 17 47 20 30 26 25 11 14 19 19 40 21 26 20 15 31 26 21 16 25 33 21 40 18 15 23 10 14 23 23 16 20 24 31 20 33 15 8 25 32 10 20 
28 27 11 24 36 28 18 22 19 21 38 29 28 28 25 33 17 31 17 31 13 24 26 8 14 37 25 38 35 11 21 18 29 12 38 25 24 16 19 4 7 16 17 24 33 22 23 24 29 20 15 19 37 33 28 27 22 20 15 16 14 22 27 15 27 23 25 38 36 19 19 22 41 5 30 
22 24 17 17 17 22 22 15 25 23 14 37 29 23 28 29 14 26 22 22 40 27 24 14 15 15 36 25 31 26 20 24 26 16 31 20 29 22 19 16 21 13 22 38 13 18 28 28 25 27 9 15 27 17 18 29 25 21 18 14 16 16 28 34 15 17 32 23 24 20 16 18 35 25 17 
41 26 17 13 23 27 14 16 21 25 19 21 23 19 20 34 9 18 12 20 34 18 18 7 24 31 19 15 11 24 14 30 34 13 30 16 27 17 12 17 17 17 15 24 24 23 7 16 17 20 19 19 20 27 31 27 26 20 18 24 7 17 37 34 26 23 36 24 37 35 19 31 24 23 23 
11 24 17 21 41 8 12 16 26 12 39 25 33 43 25 22 15 25 11 24 6 23 23 18 31 16 29 29 23 29 15 33 14 17 21 32 25 11 19 21 24 11 14 26 27 24 32 17 26 23 14 18 21 19 28 15 33 21 11 20 21 14 24 28 19 28 20 29 36 35 23 13 25 13 20 
23 21 16 14 29 8 19 18 10 27 29 38 41 25 23 51 16 25 10 15 23 20 30 19 27 23 20 17 21 30 16 16 37 21 37 16 21 14 17 12 28 17 17 28 24 32 19 20 29 24 17 15 27 29 37 34 23 17 19 24 11 17 31 32 18 37 30 27 32 33 19 25 28 25 22 
18 18 19 16 33 16 21 17 22 23 45 29 16 24 18 37 13 24 19 20 25 17 31 16 27 14 15 31 10 27 18 12 11 14 40 13 27 20 15 15 28 18 12 40 25 24 28 17 37 27 23 22 17 39 22 17 33 15 26 25 13 15 27 39 17 22 36 21 24 48 19 14 40 34 16 
16 18 18 15 24 11 21 22 19 23 12 30 24 12 23 24 15 30 11 15 35 47 38 18 42 20 26 29 21 28 16 13 31 16 22 22 20 18 19 9 7 23 17 28 33 30 20 15 16 26 15 9 23 25 25 22 28 21 15 17 15 17 29 29 15 19 14 38 30 29 18 22 11 11 19 
31 11 17 21 20 17 21 15 32 25 37 26 16 39 13 27 18 21 20 10 30 35 29 14 32 16 24 21 22 30 18 27 24 20 37 11 17 21 21 15 18 15 21 47 24 32 9 19 29 19 12 18 18 17 38 12 38 20 19 13 17 11 34 28 16 22 39 36 25 42 12 23 42 17 7 
14 14 20 19 51 15 21 21 28 29 21 22 19 34 25 30 12 26 21 12 36 35 31 9 25 11 33 22 8 16 16 16 35 15 25 23 23 17 19 13 20 9 18 20 26 14 23 19 37 28 16 26 43 20 22 10 47 17 14 18 18 16 31 25 18 22 21 9 48 47 20 24 21 30 23 
22 28 12 11 20 15 15 20 15 19 42 24 26 26 29 33 13 10 21 14 23 41 34 16 32 24 29 26 25 18 18 37 22 22 19 25 28 21 11 20 31 13 12 31 26 28 14 24 36 15 15 13 23 34 32 25 22 17 16 19 3 11 18 28 14 41 26 23 22 31 19 22 32 31 21 
32 24 13 18 16 20 19 13 25 24 36 24 41 27 17 30 16 28 10 19 35 16 24 18 31 13 35 22 34 13 13 11 31 19 34 20 18 15 18 13 3 18 23 41 21 21 27 22 26 17 16 21 21 20 15 33 26 21 22 17 11 16 41 27 24 19 26 21 24 39 10 20 30 27 22 
17 22 12 23 37 23 24 18 22 22 40 26 29 20 25 22 14 17 16 17 33 8 42 13 21 20 42 23 33 19 17 33 30 13 24 20 23 19 21 17 23 8 13 18 23 22 21 20 19 18 21 5 30 14 18 36 22 24 14 16 8 12 34 28 27 38 14 30 44 32 21 10 17 17 25 
33 9 15 21 15 7 28 10 21 26 26 34 23 18 12 23 15 31 18 18 22 19 32 15 17 39 30 19 30 19 17 27 19 18 18 27 24 22 16 16 27 11 17 23 26 22 16 24 40 18 9 16 27 22 28 21 52 19 31 16 15 20 34 30 26 24 18 40 31 40 13 18 20 31 21 
31 34 23 14 21 13 24 14 28 16 30 27 21 38 5 21 14 29 19 20 20 37 32 18 19 38 22 37 47 29 17 31 21 19 36 18 16 16 11 18 22 17 16 31 25 21 20 24 38 20 14 23 40 46 36 23 18 18 17 18 12 12 25 23 6 29 22 35 27 33 19 22 32 22 19 
30 27 23 16 18 15 31 21 17 19 17 33 18 39 24 20 13 26 29 15 25 9 14 14 18 36 39 27 18 23 18 11 17 25 15 20 24 20 17 22 17 12 24 29 32 19 33 21 27 14 5 24 13 27 31 22 15 15 13 14 16 22 34 18 15 31 28 38 28 29 9 7 18 38 19 
33 23 16 14 22 26 22 20 30 18 26 23 19 26 11 21 18 23 15 16 36 16 16 11 21 30 25 30 30 36 14 25 23 17 24 19 17 16 16 16 23 20 17 19 28 18 25 22 21 20 16 17 17 20 36 17 30 22 24 21 11 21 35 31 26 31 26 26 42 38 7 21 30 25 27 
23 22 22 15 20 34 21 17 10 30 16 32 25 17 14 35 10 20 19 20 32 19 21 17 26 14 23 19 37 28 14 23 20 16 31 25 19 15 19 14 18 18 21 38 29 23 25 11 30 27 16 14 23 30 28 26 16 13 27 15 20 16 26 26 22 31 25 34 28 20 10 11 20 39 19 
20 24 25 15 37 15 21 19 19 18 40 30 10 29 26 46 21 14 17 14 16 12 46 19 27 18 44 22 26 20 21 26 29 18 28 31 32 17 23 15 19 18 14 46 31 29 15 12 29 19 21 12 29 24 35 29 37 13 15 17 16 22 33 30 16 25 38 21 26 18 14 18 33 17 16 
14 9 19 17 26 21 21 6 17 27 21 33 37 30 23 12 27 24 26 19 35 41 17 19 38 26 29 23 43 18 21 20 31 14 28 31 18 12 25 20 15 19 25 36 34 37 33 17 32 23 12 28 34 33 36 25 26 18 12 15 18 14 40 21 20 20 21 19 15 19 27 25 44 12 19 

MachineCapacities:
MachineID Capacity
0 10
1 10
2 10
