NumTasks NumMachines NumScenarios
10 4 500
TaskDetails:
TaskID ReleaseTime ResourceConsumption SuccessorsCount Successors...
0 0 7 2 6 8 1 2 
1 0 2 3 8 1 0 
2 0 9 6 5 8 0 
3 0 6 7 9 4 0 
4 0 4 5 2 9 0 
5 0 1 3 2 9 2 6 9 
6 0 7 8 3 2 0 
7 0 6 5 7 1 0 
8 0 3 9 5 1 0 
9 0 9 6 3 5 0 

25 14 15 15 19 15 19 22 22 30 21 18 29 25 20 27 15 32 19 28 33 16 22 17 23 19 9 20 19 43 38 24 27 21 32 22 30 34 27 11 
23 26 21 10 21 25 20 29 29 33 34 37 26 38 18 12 21 19 18 24 34 16 35 15 21 18 13 20 24 20 9 21 20 20 24 25 11 29 27 19 
20 31 22 20 34 38 13 29 26 20 40 29 18 12 13 44 13 23 25 26 29 18 24 9 18 21 11 11 18 24 21 26 17 19 30 24 27 28 19 12 
26 29 19 20 27 12 16 17 30 34 37 23 13 26 26 35 23 18 15 10 36 11 10 9 26 21 10 20 10 31 25 13 25 28 33 27 26 29 18 17 
14 24 24 15 25 16 6 26 25 19 31 25 28 17 26 22 6 23 16 23 24 19 21 6 22 31 14 17 17 23 23 21 32 29 32 31 26 30 22 16 
10 23 21 19 30 30 14 28 31 31 15 22 29 25 28 36 14 26 18 42 17 13 29 7 26 25 8 22 17 23 25 21 30 28 27 17 26 25 23 11 
15 19 21 23 29 13 11 21 41 26 46 27 35 23 42 31 15 23 20 30 36 12 20 14 23 13 14 19 20 27 36 25 8 14 31 31 29 15 25 12 
15 18 20 11 26 22 15 18 27 30 25 17 22 22 18 33 16 17 27 21 21 18 13 17 16 17 17 16 16 26 39 32 18 19 14 10 14 18 20 21 
16 11 20 36 30 4 16 12 28 20 22 24 26 30 30 24 17 22 28 29 29 19 15 20 26 13 18 12 20 16 19 11 34 23 35 21 26 28 15 15 
15 15 14 22 27 28 17 39 41 21 37 26 25 19 23 28 14 6 26 34 27 11 16 12 19 23 8 10 13 17 35 20 32 15 37 19 22 22 30 16 
19 16 20 22 31 25 12 10 37 34 30 28 39 27 33 28 15 21 11 27 28 14 15 18 22 26 21 20 18 25 30 16 26 24 30 26 26 36 12 25 
21 17 18 26 32 17 8 19 32 24 31 28 24 21 34 33 16 18 14 13 25 12 29 10 22 31 12 20 16 22 27 30 20 25 36 21 9 23 28 14 
25 15 26 21 30 18 14 34 32 12 42 28 14 13 22 43 12 26 20 36 9 16 26 24 13 24 13 20 11 24 26 24 19 25 30 26 17 42 15 17 
20 10 18 30 20 23 10 32 30 34 31 23 29 19 35 19 15 8 23 20 30 17 15 19 26 28 15 15 5 17 21 17 31 29 26 16 28 30 24 22 
20 24 14 7 29 17 14 36 24 32 17 12 18 32 26 28 13 23 22 30 32 12 15 16 34 28 13 11 12 29 45 18 26 22 22 28 19 30 17 24 
21 22 28 18 13 29 15 23 10 34 40 29 28 21 19 43 9 29 17 17 27 18 30 6 18 29 11 22 18 16 24 22 17 28 40 25 19 41 26 13 
26 17 22 26 3 19 17 26 27 40 16 20 27 31 22 34 17 27 13 25 31 19 25 17 7 22 14 12 7 15 14 28 25 19 24 12 17 12 16 13 
13 13 23 19 24 11 13 18 36 33 23 23 34 15 28 32 15 24 14 26 25 16 26 15 7 18 18 13 18 22 28 18 21 26 25 17 32 34 25 20 
19 23 17 19 42 25 15 13 30 33 23 21 8 20 29 21 12 15 22 18 34 21 26 21 30 25 26 23 22 16 23 23 17 17 25 30 21 39 22 9 
12 32 21 21 37 24 18 16 35 21 36 22 24 22 25 42 19 25 14 28 26 9 18 16 21 24 14 30 15 14 36 16 16 14 33 25 25 23 11 12 
16 24 22 8 23 20 20 34 30 31 35 16 26 23 22 25 19 30 14 24 39 16 39 9 17 34 10 24 14 22 19 19 36 12 26 22 31 46 24 13 
13 20 31 13 19 21 16 21 32 33 33 24 33 31 29 34 12 23 12 21 21 16 22 14 26 27 19 21 11 33 32 20 31 21 17 19 25 14 19 15 
36 18 24 22 28 19 11 28 26 19 25 31 31 22 33 44 18 27 14 34 36 12 23 19 11 27 8 21 16 26 24 24 26 35 22 18 15 48 26 14 
16 21 24 23 10 21 14 22 27 25 12 24 31 31 38 44 18 28 16 24 36 9 23 12 17 21 17 17 10 21 47 23 14 25 27 19 13 27 37 13 
22 26 20 20 28 22 19 11 27 32 24 23 29 21 51 28 11 19 16 30 32 18 28 19 22 24 21 23 17 25 34 16 24 35 24 22 22 36 22 13 
20 19 21 9 29 22 19 29 28 30 35 35 21 28 37 35 13 11 7 27 26 9 13 20 20 22 7 12 15 21 37 16 21 20 20 19 31 23 29 15 
7 8 18 27 31 25 15 19 29 17 30 19 23 10 44 30 15 23 14 27 25 10 24 13 17 20 17 13 17 23 37 29 25 28 25 27 21 18 19 12 
19 20 15 20 32 13 13 20 42 26 32 15 32 16 41 39 15 16 14 20 26 11 3 14 17 19 10 21 16 18 18 18 24 22 31 30 24 17 39 8 
22 27 22 24 25 27 8 25 16 23 27 21 16 20 29 43 17 27 17 13 28 14 19 19 23 20 21 18 20 21 37 22 23 23 18 24 16 23 23 15 
13 14 26 18 33 20 15 39 22 33 25 18 26 16 34 17 25 32 13 12 24 10 21 10 19 11 20 21 14 28 36 19 26 22 42 14 22 37 27 17 
23 17 17 23 45 21 21 26 27 37 35 20 13 21 37 23 22 21 20 28 30 22 26 14 18 26 16 14 17 30 34 23 16 12 17 19 25 14 17 16 
21 16 38 14 23 28 12 26 26 23 22 23 27 23 35 55 14 23 21 31 25 14 20 12 24 7 19 18 15 40 25 23 25 21 18 19 35 45 16 22 
23 20 20 20 29 17 13 15 32 25 41 18 26 35 15 36 15 24 16 30 45 15 28 11 18 23 10 19 10 29 31 30 28 15 18 35 27 40 17 19 
18 24 23 35 28 26 12 19 21 26 31 23 16 34 15 42 12 12 12 17 33 23 20 15 18 31 11 17 11 22 26 33 25 10 24 24 26 8 22 15 
17 24 17 23 37 18 15 30 33 48 24 25 29 22 31 27 11 16 21 19 30 12 19 19 16 21 18 20 12 27 39 23 20 14 40 29 16 35 23 14 
21 9 13 23 18 28 12 19 21 34 38 20 28 22 50 43 16 24 14 16 27 21 27 15 30 12 6 16 10 11 28 21 29 23 18 18 26 40 21 18 
17 19 17 17 30 35 8 22 28 31 24 24 12 21 30 36 20 26 11 26 15 17 32 20 12 23 16 23 13 24 34 16 27 25 34 30 20 19 39 15 
21 16 18 26 22 23 10 16 22 31 33 16 29 33 26 31 19 22 17 26 20 13 28 22 25 12 22 15 18 30 24 27 19 11 14 35 29 43 32 15 
16 17 17 18 30 20 12 10 32 31 24 11 14 23 19 31 14 19 23 33 35 6 24 12 23 27 22 18 22 39 16 25 29 18 33 15 23 24 29 18 
13 7 23 12 23 28 12 26 37 28 39 16 18 17 33 25 19 18 15 29 37 18 32 7 17 22 14 19 16 29 25 22 22 19 23 25 30 30 25 12 
21 15 27 18 32 13 13 29 26 40 41 20 21 16 31 33 17 23 19 35 22 12 16 21 16 29 18 19 13 26 40 26 25 23 23 20 20 20 16 11 
15 22 31 26 34 21 12 31 24 28 22 21 23 31 25 27 3 16 11 25 31 16 31 21 13 19 20 17 18 24 32 29 20 19 21 29 30 24 21 17 
5 13 20 13 20 21 21 26 31 36 39 26 17 30 25 21 23 30 15 28 40 6 30 20 19 33 18 20 18 29 18 21 36 27 19 23 12 20 11 20 
21 6 21 17 25 18 20 17 22 34 28 19 26 33 24 30 12 24 15 30 31 14 38 22 28 22 10 27 23 24 37 21 22 18 17 27 23 30 24 6 
23 20 27 13 26 13 16 11 27 24 34 13 19 16 46 21 17 15 20 28 33 14 28 22 30 30 12 18 16 25 20 26 25 26 33 30 28 23 36 25 
17 20 17 21 18 22 17 23 43 24 21 35 33 24 34 27 15 21 19 26 39 20 40 18 18 29 12 30 11 28 10 14 30 27 31 23 19 40 37 18 
14 14 13 21 34 22 4 36 18 28 30 33 20 26 17 28 21 27 13 27 32 9 31 5 19 28 12 11 22 24 24 30 29 28 27 15 17 28 22 17 
18 18 15 10 28 24 20 20 24 33 25 18 16 20 31 26 12 10 14 41 35 12 22 16 25 24 18 19 15 20 34 18 18 22 36 24 23 18 14 16 
19 9 15 25 24 20 14 20 12 27 23 33 30 21 27 41 12 21 9 19 35 20 19 11 9 19 10 23 12 27 19 17 16 10 38 16 20 17 32 7 
26 15 15 23 25 23 19 41 32 33 31 32 32 28 31 30 14 31 17 17 42 8 19 17 37 22 22 12 13 20 30 16 14 33 14 14 20 30 19 7 
19 21 17 22 32 29 12 26 22 28 20 14 21 27 29 37 11 20 14 25 25 15 20 16 18 24 18 20 12 26 43 12 25 27 27 28 28 25 29 19 
33 19 25 14 18 21 12 25 26 29 23 20 28 22 46 28 13 8 13 24 32 14 23 22 28 23 26 18 23 32 30 22 20 22 31 23 28 43 30 16 
20 15 13 15 17 9 17 36 26 35 39 34 29 14 45 26 15 20 12 16 33 17 15 10 17 20 19 23 15 29 19 29 27 32 26 21 25 39 37 12 
17 24 15 23 20 20 16 29 28 40 29 27 24 12 44 12 19 23 21 26 31 16 15 20 8 21 16 19 14 32 25 32 20 13 15 25 27 28 25 21 
19 12 32 17 32 37 12 7 25 39 24 22 26 27 39 38 10 20 19 27 27 8 34 12 16 21 16 23 18 17 28 26 33 32 25 21 21 23 26 16 
11 18 19 18 27 23 15 21 23 35 47 24 22 8 37 33 16 16 11 33 38 15 16 18 23 28 12 14 18 27 41 24 27 26 36 25 24 23 18 15 
14 21 15 29 37 15 11 29 27 32 37 30 29 26 46 18 13 24 16 42 30 14 28 16 20 22 13 15 7 23 20 30 18 18 40 33 29 34 26 26 
20 20 28 19 30 25 14 18 20 28 34 21 24 30 27 25 15 15 15 34 24 14 31 15 32 29 17 13 15 32 30 17 19 26 18 10 17 28 28 14 
20 17 24 18 20 18 16 25 31 39 38 25 23 22 41 34 13 29 13 37 32 18 32 10 21 21 14 22 17 13 24 27 39 16 37 24 23 21 24 17 
17 13 33 15 23 12 6 20 21 15 15 25 11 29 37 41 16 24 20 21 26 17 15 12 12 22 20 19 15 28 4 23 29 23 16 32 17 26 38 18 
16 18 15 20 26 29 14 16 26 29 29 26 27 23 40 29 12 14 12 24 28 13 31 15 25 37 18 28 10 20 36 24 22 22 35 13 29 22 34 12 
19 21 19 25 29 16 16 33 15 25 29 35 21 32 42 19 18 16 16 23 36 17 30 9 9 29 10 24 19 34 26 22 21 17 23 29 23 25 26 19 
18 26 20 20 32 21 15 35 33 23 32 18 26 25 35 35 17 23 20 19 37 14 20 23 27 30 21 5 20 30 44 24 30 26 37 26 24 22 13 11 
25 25 19 17 21 15 23 32 32 28 29 38 30 15 37 27 19 19 17 16 20 16 25 11 21 19 11 11 15 21 36 14 33 12 32 31 15 26 35 18 
22 15 14 21 20 22 10 44 24 17 23 30 26 15 41 25 19 16 12 40 34 17 30 17 21 11 20 19 9 32 20 11 26 12 25 21 21 33 34 20 
13 16 26 24 19 22 16 13 16 45 35 22 29 27 24 14 8 16 19 21 23 17 20 21 16 30 17 18 17 17 47 17 8 16 24 19 20 25 34 12 
19 23 5 21 32 27 11 17 27 18 28 22 29 22 37 35 13 15 15 26 39 20 26 14 24 26 13 15 23 25 22 32 38 27 31 23 24 26 36 17 
20 15 30 17 32 22 14 26 13 32 25 26 18 14 9 22 13 32 17 31 32 14 28 24 19 30 19 22 17 21 38 25 29 25 37 21 21 22 46 11 
19 17 28 12 19 23 19 16 36 31 23 24 17 29 33 33 22 18 18 21 21 17 31 19 18 27 17 22 5 29 25 28 27 30 26 28 33 29 26 18 
18 26 16 34 24 29 19 30 43 23 19 26 29 25 27 30 13 23 10 29 31 23 36 13 27 33 9 30 14 25 30 12 23 20 26 29 26 27 28 17 
26 23 27 26 13 29 16 28 19 30 35 21 27 21 33 39 9 28 18 13 42 17 10 22 16 24 12 21 15 17 44 20 28 14 29 30 23 28 32 24 
29 24 19 21 22 27 12 17 28 25 35 32 19 27 38 32 16 38 15 23 10 16 29 14 23 28 19 17 19 25 25 29 25 20 30 17 22 30 19 22 
24 17 27 21 28 21 19 14 36 26 35 30 12 20 14 22 20 19 18 25 28 16 36 22 13 18 9 19 16 22 39 29 25 16 36 22 24 32 24 10 
24 12 14 20 23 19 14 25 27 35 21 31 23 20 46 45 22 24 21 18 23 17 19 14 29 11 12 16 20 10 44 30 15 17 23 22 18 36 18 9 
16 27 15 14 20 20 16 32 29 33 32 31 21 20 42 15 14 25 8 32 34 20 39 24 22 31 23 20 18 22 17 26 25 17 24 20 40 28 22 13 
25 17 6 19 26 30 8 31 23 30 31 34 17 19 21 21 14 32 19 25 25 16 31 15 26 30 20 14 15 28 45 26 23 19 36 20 16 27 12 16 
13 17 20 23 30 17 15 33 25 18 27 27 21 17 55 23 19 5 15 12 36 16 12 14 22 23 22 20 18 24 33 24 24 21 16 26 29 43 25 14 
29 16 20 21 19 21 11 13 37 26 31 27 27 36 28 23 17 27 8 37 16 17 18 17 30 22 9 17 19 24 15 26 30 8 29 21 21 27 20 13 
10 18 29 18 20 19 16 20 15 26 19 29 13 27 37 26 11 25 17 19 37 18 9 9 22 23 16 25 13 26 27 21 14 21 35 17 34 23 23 26 
26 14 19 22 25 23 16 21 27 17 22 20 20 27 39 28 15 13 15 18 34 15 33 21 17 15 13 7 15 29 51 20 21 16 39 25 38 27 18 11 
25 8 15 15 26 22 14 25 27 29 17 23 20 25 23 25 13 12 17 32 32 17 22 13 29 24 9 18 10 30 28 16 25 16 33 18 31 24 22 16 
23 15 11 12 26 25 11 20 21 20 29 11 27 24 21 45 6 21 17 23 31 23 24 18 7 18 20 14 23 23 27 11 15 31 34 17 33 30 29 19 
6 17 24 13 21 9 22 15 18 10 39 32 32 29 35 16 10 27 12 20 33 19 17 12 18 13 13 21 20 23 31 26 32 10 26 26 29 30 26 18 
29 17 12 24 37 7 19 24 35 36 22 20 28 22 25 23 18 27 11 29 31 15 25 9 16 19 13 7 14 28 34 30 23 29 32 29 18 24 28 15 
24 18 21 24 23 35 13 17 35 24 33 33 32 27 18 37 17 20 18 30 28 12 14 14 27 31 13 27 10 16 45 20 26 25 14 20 15 28 11 15 
17 15 14 20 27 18 13 25 27 26 27 39 16 24 22 24 14 15 19 22 44 21 26 21 25 25 14 20 10 13 33 24 33 14 31 24 19 35 22 12 
22 13 8 19 25 30 13 33 36 29 27 23 20 27 29 38 11 26 17 12 27 20 22 18 10 17 15 26 18 38 24 26 12 14 23 17 28 32 23 19 
16 13 15 25 28 23 4 32 37 29 23 35 19 28 24 20 14 23 16 24 28 14 14 25 26 18 16 22 14 22 26 26 22 24 30 26 24 38 16 22 
28 12 20 20 27 20 8 16 31 25 36 22 25 29 33 35 15 24 10 25 25 13 30 21 25 21 16 18 14 24 23 17 24 16 25 29 26 24 33 9 
27 17 13 31 19 34 9 34 39 20 28 17 31 26 31 33 16 19 13 25 27 9 27 17 25 18 18 18 10 24 24 9 29 23 42 30 27 30 29 21 
24 21 15 24 23 18 12 21 34 23 18 10 19 14 24 20 18 27 20 36 22 14 26 21 23 26 18 14 19 28 28 21 21 20 23 24 31 17 24 18 
29 23 17 10 31 30 15 30 26 29 18 20 22 19 27 24 12 15 16 29 21 16 35 21 30 30 18 16 9 22 31 24 10 22 22 25 28 26 24 9 
8 17 18 21 28 17 21 11 32 23 33 8 32 20 38 28 16 30 18 34 26 20 17 16 27 20 13 25 9 27 14 29 21 22 30 26 27 51 34 15 
20 23 24 13 36 21 19 24 26 9 19 21 23 21 18 33 16 30 26 19 31 19 29 22 25 23 11 23 12 22 33 42 17 16 33 26 15 16 24 12 
16 23 20 24 19 19 15 28 26 31 25 10 19 18 29 45 20 21 16 31 19 11 25 23 22 30 8 10 13 32 40 23 32 16 27 34 27 19 16 19 
17 18 31 22 26 20 22 28 29 30 34 29 4 27 45 37 8 24 6 14 34 13 18 13 13 23 11 16 22 30 31 25 30 18 16 19 23 26 8 15 
21 9 18 26 24 25 13 28 28 26 31 33 24 20 15 41 22 23 13 33 15 21 34 20 28 23 9 18 13 18 44 22 16 26 28 31 28 34 21 15 
17 22 25 25 16 19 15 18 24 30 36 22 23 28 28 20 20 16 13 23 25 12 33 3 20 15 10 18 12 31 39 20 20 15 38 8 20 43 13 17 
25 16 35 14 28 16 16 30 22 23 15 40 24 17 22 36 17 31 11 33 30 17 15 11 20 33 15 20 17 19 24 23 20 17 30 16 22 13 34 14 
23 19 12 10 27 23 9 23 16 16 30 20 32 33 26 22 13 17 18 27 25 23 30 18 5 22 22 25 14 9 25 12 20 27 42 14 20 32 30 16 
21 17 6 23 26 24 16 32 11 29 16 22 17 15 24 12 14 17 16 22 12 14 27 16 21 27 15 17 14 32 45 23 10 29 34 20 22 23 22 11 
19 25 32 21 31 22 22 24 25 33 31 26 25 16 47 11 17 17 11 29 29 12 24 16 18 24 8 15 23 28 40 15 22 18 17 22 24 37 25 16 
14 12 11 20 24 17 12 34 24 36 28 27 13 28 33 32 13 8 23 34 35 17 20 15 35 31 9 18 16 29 32 26 35 13 25 21 16 35 25 15 
23 24 19 26 28 5 19 20 23 35 23 28 12 8 33 34 15 18 16 26 18 14 31 15 16 19 13 22 13 41 26 22 22 24 15 28 21 33 25 13 
23 18 17 27 15 18 12 21 34 29 27 30 26 23 30 28 12 9 15 30 37 15 21 15 23 24 14 19 17 17 16 20 14 17 32 23 22 21 7 14 
14 19 29 29 24 23 16 24 37 19 29 19 17 34 36 26 22 11 16 25 32 11 17 16 23 26 13 24 13 25 33 17 26 28 32 26 26 36 19 20 
24 13 12 29 26 33 14 25 38 36 34 28 23 19 27 42 20 25 8 19 23 9 36 14 21 21 23 17 15 15 32 31 39 19 31 25 21 20 21 15 
24 20 14 24 44 32 13 27 31 26 39 25 37 18 21 38 15 15 13 33 26 18 11 16 26 32 24 6 15 24 36 28 24 10 21 27 21 24 34 14 
23 16 19 30 36 27 12 29 18 7 39 12 24 31 15 28 15 23 9 11 42 14 17 10 23 26 9 19 17 25 40 16 35 15 37 18 26 22 40 24 
23 20 22 16 29 28 21 22 27 28 24 19 23 21 34 24 13 16 22 30 15 16 32 14 23 21 18 11 13 22 30 28 16 18 31 20 21 32 21 22 
12 21 21 20 22 15 23 33 14 40 31 30 19 27 31 26 22 19 23 38 21 19 13 20 21 26 11 19 21 9 22 15 29 20 25 33 17 31 29 16 
20 17 30 24 27 15 20 28 14 23 46 24 20 21 37 12 4 15 15 30 36 16 23 17 20 32 15 10 16 36 27 25 34 19 36 20 10 33 18 20 
12 15 22 17 19 13 15 30 47 27 33 35 22 39 32 23 9 17 16 29 27 14 9 16 25 28 11 5 18 22 28 26 30 32 33 26 23 36 33 18 
21 10 25 9 31 24 18 29 23 43 20 27 21 22 26 24 15 22 16 30 21 10 13 27 26 16 15 15 12 15 24 24 21 18 30 29 15 8 12 22 
19 18 14 22 22 22 14 23 34 32 35 32 28 20 15 43 13 20 14 29 30 17 23 18 20 20 20 17 23 18 12 27 34 23 27 18 27 6 33 18 
20 14 27 17 32 19 15 11 33 14 10 33 19 36 19 28 12 15 19 34 17 17 25 15 23 24 13 18 17 38 39 23 26 23 25 24 28 33 25 12 
20 25 22 13 20 14 11 30 29 20 24 27 14 18 26 26 12 17 13 25 39 13 26 16 16 25 15 11 14 12 28 31 12 26 26 20 20 30 27 11 
24 15 24 17 29 17 14 29 22 14 34 26 37 16 25 35 12 21 15 18 31 12 29 22 15 28 23 25 22 25 18 16 24 22 14 19 32 29 30 23 
19 21 27 20 8 16 9 32 30 28 30 30 29 12 25 25 16 11 13 17 45 15 23 15 15 18 15 10 19 36 42 18 26 19 30 7 19 37 19 11 
20 26 28 21 35 23 21 22 27 25 32 21 16 26 34 26 18 15 14 20 38 14 24 19 12 34 17 19 16 19 23 25 27 12 23 19 22 13 25 11 
10 18 23 26 30 17 18 18 29 26 34 17 25 34 32 24 21 26 13 37 39 15 23 12 14 19 15 24 22 23 26 26 18 11 32 25 30 16 31 25 
15 18 9 24 33 16 12 24 37 27 30 33 29 14 34 33 17 22 15 24 35 14 28 7 25 22 20 12 14 27 29 25 27 23 13 17 18 35 11 16 
20 16 30 20 34 21 14 25 37 42 24 26 13 28 45 33 20 31 11 18 25 21 26 20 27 23 16 17 22 29 36 22 5 25 33 26 22 25 31 8 
26 15 16 25 12 27 11 36 25 19 22 28 18 24 28 41 15 18 20 15 25 18 25 17 22 17 12 26 18 21 37 30 18 19 23 13 18 36 27 16 
19 17 22 14 19 24 12 26 43 22 28 26 13 22 34 29 12 21 19 13 21 16 20 15 20 32 15 16 19 22 30 20 22 21 29 26 15 36 21 15 
10 17 20 14 40 9 14 25 31 27 29 21 21 21 25 40 11 24 19 28 29 11 29 20 20 20 7 15 11 18 36 23 28 18 30 17 23 20 22 13 
23 18 13 22 31 21 28 12 32 31 35 41 9 17 24 30 13 21 13 20 21 12 26 18 36 32 17 15 15 9 21 19 18 29 26 28 17 33 19 22 
24 19 28 18 14 25 21 16 22 35 38 14 21 27 25 21 20 25 16 25 31 13 25 17 39 28 15 21 13 22 17 19 11 27 33 25 18 28 25 10 
28 5 13 18 29 33 12 18 23 34 27 24 21 27 38 25 10 22 9 17 42 21 27 16 27 28 8 13 20 23 12 31 32 27 28 20 20 31 27 20 
25 15 17 17 24 18 19 25 39 25 22 28 18 33 40 39 17 25 24 17 26 10 26 12 14 17 14 8 15 16 22 25 23 15 26 31 25 31 24 13 
9 19 28 16 18 23 17 18 22 32 34 19 13 10 34 34 22 21 11 34 35 21 15 13 19 30 10 23 10 22 17 28 25 27 33 26 20 25 29 19 
25 18 12 16 19 34 24 17 29 25 26 18 19 27 37 36 25 23 22 32 22 21 6 11 16 21 19 11 18 24 24 29 23 24 25 5 30 24 24 15 
24 14 17 28 24 18 21 18 22 26 34 20 23 18 25 45 13 27 17 35 22 19 17 12 26 23 12 17 20 29 23 27 17 11 17 28 12 20 17 15 
15 16 21 17 26 13 14 29 31 17 26 23 22 25 13 26 19 22 18 43 47 15 31 16 19 32 19 19 20 13 25 23 25 7 21 20 19 33 29 15 
24 19 20 7 26 19 15 21 35 27 16 30 21 8 39 27 13 22 13 33 29 12 25 17 16 20 19 13 18 31 47 24 20 23 27 25 23 19 24 13 
20 16 8 21 20 24 15 33 15 28 30 16 17 30 43 13 11 29 17 19 29 12 29 19 20 22 16 17 14 21 40 19 25 36 41 33 15 37 22 17 
8 24 13 24 25 24 15 25 30 29 27 30 22 30 33 24 18 15 15 20 36 21 25 14 19 32 12 20 20 30 20 25 15 30 26 21 27 10 19 13 
20 10 21 21 25 18 13 26 41 25 38 26 16 26 30 12 14 20 17 22 34 17 25 24 25 30 10 17 15 25 23 26 22 14 27 4 34 29 28 19 
14 23 22 21 22 26 19 17 24 36 27 22 33 33 8 40 19 15 18 24 25 16 29 16 13 31 17 24 17 20 17 22 24 10 19 33 31 32 21 16 
14 16 13 16 20 28 16 29 22 38 19 28 21 25 44 22 20 23 18 22 34 19 20 10 24 30 22 18 15 25 23 17 31 25 29 14 19 45 25 10 
21 14 32 24 17 22 21 33 28 12 27 28 21 30 39 22 15 20 12 37 34 16 12 19 15 20 12 10 6 25 47 22 18 28 20 15 26 30 23 11 
15 17 26 25 23 25 16 29 24 30 33 15 24 21 23 30 10 16 20 33 29 16 23 14 34 18 17 14 9 24 23 29 28 19 41 23 16 19 33 15 
12 14 28 30 30 26 8 29 25 36 26 24 26 34 32 23 16 6 18 24 29 28 24 11 26 12 18 12 25 21 36 28 40 14 29 24 12 19 38 20 
16 22 13 29 31 15 12 18 13 28 25 18 37 19 24 19 15 16 15 17 39 17 27 14 5 27 20 11 12 21 27 35 16 26 28 31 21 52 19 19 
27 18 22 22 21 25 16 17 40 44 34 26 19 22 26 20 17 16 19 24 35 17 19 13 13 33 13 27 15 27 34 20 23 26 25 16 27 32 19 17 
25 25 13 22 25 20 13 23 28 33 34 27 24 23 17 10 27 26 15 26 37 21 42 14 9 25 23 20 15 26 37 29 28 22 20 21 22 11 28 20 
12 22 13 19 18 18 22 16 34 29 31 29 29 22 36 29 21 29 18 20 26 13 31 14 20 25 20 31 26 8 17 13 19 22 17 26 29 52 16 15 
24 13 33 24 26 30 15 27 29 17 20 32 20 23 31 34 19 17 12 29 25 17 25 16 16 23 15 11 20 21 16 18 24 26 40 17 25 32 16 8 
21 19 31 23 22 29 21 27 24 24 26 28 38 31 34 25 14 16 15 21 31 15 32 10 25 33 7 16 10 26 45 35 26 26 34 27 29 23 24 22 
26 8 26 18 23 18 19 15 29 22 39 21 31 35 25 44 17 25 18 30 27 16 19 18 23 27 16 25 18 25 38 14 16 26 25 22 35 43 21 17 
23 18 11 28 29 39 10 33 25 20 24 20 30 25 38 29 19 17 16 25 42 17 23 15 24 23 15 22 19 27 23 6 26 25 31 23 8 27 36 12 
19 10 24 10 40 34 14 42 30 29 32 34 26 23 29 30 14 22 17 28 34 19 38 15 17 25 15 13 13 31 38 25 29 30 32 9 18 35 34 22 
21 17 21 16 33 12 12 29 35 11 39 24 36 18 32 42 10 23 24 25 25 21 32 13 18 11 25 21 12 30 32 23 25 11 25 16 36 31 21 22 
23 17 20 23 27 26 14 34 31 21 31 18 27 18 14 34 7 22 16 24 59 15 35 16 25 12 18 19 14 43 19 23 32 18 44 16 22 11 25 18 
21 24 20 27 37 24 22 22 20 25 23 23 14 13 15 29 16 23 23 32 18 15 27 16 30 13 17 20 14 21 21 26 32 27 13 21 21 40 22 20 
13 33 17 14 21 26 18 30 22 43 23 24 26 20 24 38 22 18 14 27 30 16 36 15 26 19 13 23 21 23 40 30 17 29 31 33 26 29 21 7 
20 13 12 25 24 20 14 28 28 23 28 24 34 12 25 44 15 31 18 23 36 16 19 20 11 42 15 21 19 19 26 23 18 26 25 22 28 28 23 19 
16 15 20 26 17 14 16 19 32 41 34 25 10 33 29 34 14 18 13 22 22 20 15 13 22 34 15 21 17 25 30 19 22 14 26 17 19 30 27 15 
24 20 26 19 28 21 17 14 27 42 21 23 39 28 30 42 16 20 21 27 21 22 25 13 34 19 15 16 19 35 37 28 23 15 37 17 21 24 41 16 
13 11 30 20 22 17 8 24 40 23 31 28 21 28 22 36 16 18 22 16 24 12 15 19 19 29 8 14 18 26 27 24 26 17 38 22 17 29 31 9 
15 15 34 23 31 25 16 11 41 9 50 21 23 23 29 50 13 24 15 19 19 9 13 13 21 21 16 26 20 14 40 22 23 36 19 25 23 24 21 15 
26 16 18 22 33 19 19 19 35 34 20 24 38 31 24 27 14 29 16 29 34 13 28 11 19 16 7 11 12 29 34 21 22 22 36 23 21 31 28 20 
7 13 30 9 24 2 11 27 10 33 31 23 27 21 37 8 17 17 16 17 32 15 21 15 20 29 17 26 13 27 18 11 27 22 18 27 26 18 31 18 
18 17 19 21 24 23 13 7 16 36 23 23 31 16 17 40 16 24 19 32 22 12 23 21 30 15 16 21 16 30 7 25 54 12 32 27 33 27 36 10 
14 14 12 23 29 18 11 22 30 25 15 32 35 19 33 17 17 25 19 22 21 15 24 19 19 23 14 19 14 15 32 26 24 17 19 27 23 10 18 18 
23 11 19 27 30 22 13 27 28 27 26 22 26 23 25 31 11 28 19 27 18 13 38 14 27 31 20 18 21 21 30 26 9 18 29 20 28 27 24 12 
28 17 20 19 35 30 23 12 35 37 40 17 22 18 11 21 16 17 9 22 22 7 15 14 12 17 16 20 16 18 23 11 26 22 27 25 29 25 34 24 
19 18 21 19 22 24 17 31 35 31 38 31 16 25 37 48 16 15 4 24 23 18 24 19 16 16 15 25 20 28 24 17 23 29 22 21 24 39 30 14 
29 19 17 12 32 29 11 23 26 28 31 28 20 17 32 26 15 12 17 24 26 13 30 9 6 25 11 8 18 27 40 17 7 18 32 14 32 41 20 30 
21 23 18 20 24 15 11 21 31 18 27 41 36 33 41 38 15 19 24 23 27 18 18 18 19 18 18 24 19 31 49 19 24 29 24 24 18 17 21 11 
21 18 22 19 23 14 20 25 11 29 34 36 18 23 32 24 18 30 20 26 42 13 29 16 30 19 11 12 15 21 34 17 25 20 28 23 14 32 16 18 
21 10 27 16 12 17 18 28 12 11 37 10 17 16 37 42 18 21 20 23 21 11 29 12 23 40 13 27 14 17 39 22 19 15 27 24 29 25 18 10 
14 11 25 19 33 24 18 27 35 20 29 21 30 24 38 29 10 22 7 17 43 16 11 19 23 31 20 18 16 28 44 20 20 16 30 21 23 21 31 19 
18 18 15 18 16 11 13 27 12 36 26 30 24 17 37 38 12 18 19 5 28 13 38 12 23 33 17 22 15 6 46 21 14 23 26 17 19 45 24 10 
12 11 15 25 22 22 16 14 35 40 35 27 22 22 23 31 16 22 18 31 28 20 12 17 20 19 16 15 16 30 25 11 16 19 33 14 21 33 29 13 
18 15 25 14 41 25 22 29 17 17 31 28 20 14 21 23 17 25 15 35 34 14 19 16 28 27 24 8 19 29 30 21 17 15 31 26 33 22 20 17 
17 12 28 23 34 13 21 27 34 26 26 28 41 21 12 35 14 19 17 38 29 13 11 24 19 28 19 22 16 27 18 23 16 20 23 29 14 23 28 22 
26 13 32 23 17 19 19 18 25 19 25 23 23 22 29 24 15 21 25 35 34 8 35 13 14 28 23 27 11 29 7 28 21 9 30 23 24 28 23 18 
16 16 12 19 40 15 16 34 36 23 41 37 16 32 31 42 16 31 16 22 22 13 27 14 25 29 14 14 16 36 20 22 21 14 30 31 13 23 22 15 
16 18 24 25 31 22 16 25 17 19 22 32 31 20 32 24 12 18 20 19 18 18 27 14 14 19 17 18 13 27 38 27 21 20 44 23 23 16 14 15 
18 17 21 22 31 21 10 19 18 30 41 26 9 35 29 45 10 22 14 23 40 9 24 13 20 34 13 23 16 13 31 18 17 16 24 25 33 27 19 11 
16 25 11 22 34 23 19 35 27 9 21 18 25 30 17 32 19 30 7 19 36 18 18 21 24 25 20 17 22 22 28 20 27 11 34 10 28 25 26 17 
13 11 19 20 39 23 18 19 10 29 31 10 15 22 23 19 12 21 18 25 29 12 24 13 17 21 22 27 7 20 28 28 38 28 27 26 20 30 35 20 
17 11 30 24 14 11 19 21 31 34 15 21 12 17 27 31 14 28 14 41 30 17 8 18 17 25 15 17 24 27 33 23 21 25 26 23 35 30 17 16 
20 12 30 15 28 14 19 19 21 41 22 23 28 18 35 34 14 26 20 16 34 12 37 10 22 19 17 20 16 31 26 27 20 17 27 23 26 21 21 20 
16 20 24 34 22 19 11 20 30 34 17 22 24 23 25 30 17 26 12 29 15 17 24 19 18 27 20 15 16 26 31 18 17 22 18 27 23 46 14 16 
21 21 23 24 25 30 14 31 25 34 35 17 33 21 25 43 15 19 17 17 31 16 36 20 16 36 10 29 19 20 29 25 20 13 34 19 28 27 19 20 
24 15 21 22 29 27 19 28 29 36 30 21 35 34 27 49 14 11 15 37 28 19 21 16 8 20 18 17 11 10 23 27 31 19 42 21 25 15 13 15 
11 16 28 15 24 16 19 17 26 34 24 16 33 25 45 31 16 21 20 22 17 16 23 15 13 29 12 20 19 30 30 29 27 22 33 18 17 30 38 17 
15 17 24 11 29 19 17 30 5 25 36 15 19 15 41 51 16 17 16 28 40 15 20 20 20 20 12 28 17 20 31 27 24 20 26 25 33 19 24 14 
11 15 25 16 20 22 17 21 31 34 22 19 23 24 50 29 12 18 18 21 24 9 26 11 19 20 16 19 19 16 40 23 17 14 31 15 27 39 32 15 
21 20 25 15 27 22 11 23 37 29 22 2 19 24 25 23 7 22 14 26 18 14 25 15 22 22 23 18 23 14 41 24 20 16 30 25 28 34 26 13 
16 16 24 22 21 30 15 35 28 30 39 25 31 22 33 46 8 15 11 20 17 13 25 15 13 21 26 12 19 19 33 19 29 25 23 28 13 21 18 21 
26 14 25 16 26 30 13 18 24 19 35 18 26 21 41 28 17 20 14 38 40 20 12 13 17 24 15 18 17 14 36 27 30 26 35 32 32 42 34 28 
15 17 17 28 17 23 8 33 37 28 29 19 24 15 50 31 18 21 11 29 41 12 28 22 23 29 13 16 13 23 36 16 32 10 28 20 13 44 25 11 
19 20 19 10 30 19 9 17 36 31 29 26 45 18 37 35 16 19 15 16 24 18 22 16 23 25 14 22 11 20 17 17 35 23 14 17 17 15 8 15 
21 23 17 17 30 6 9 28 29 21 34 21 15 20 41 27 18 16 18 29 15 13 20 10 20 17 13 18 15 20 29 22 32 18 25 18 20 24 24 16 
16 25 24 11 26 30 16 21 29 33 31 41 30 31 31 24 15 23 15 36 30 8 17 10 28 24 16 25 17 21 17 26 26 19 17 16 22 43 28 23 
11 9 29 15 23 14 18 23 29 21 27 29 24 14 31 19 14 24 15 14 53 15 38 19 34 16 11 10 14 22 28 27 17 20 33 9 29 22 31 18 
13 17 22 18 41 6 9 26 28 26 42 19 22 12 33 28 12 12 9 19 47 15 24 17 27 31 16 16 18 25 24 18 19 24 29 25 17 20 24 12 
24 15 30 23 48 5 10 5 29 26 41 12 30 22 24 26 19 32 21 13 33 18 28 11 18 18 10 12 16 34 25 23 23 21 20 23 29 35 26 22 
29 18 23 23 25 14 11 22 26 28 50 26 21 24 24 25 15 18 17 19 21 24 33 20 27 20 14 10 10 39 38 32 25 17 38 22 13 41 18 20 
15 19 19 21 25 25 18 20 22 17 26 13 24 12 26 38 20 29 17 22 29 16 30 17 30 18 20 16 15 14 32 25 18 34 24 21 33 23 36 19 
21 19 24 11 23 8 18 22 36 21 28 30 32 25 35 26 19 27 17 35 26 14 15 13 11 17 20 11 13 23 22 23 23 24 29 21 22 38 20 25 
31 23 9 27 22 19 20 23 16 27 38 15 41 23 44 10 20 25 21 30 30 20 23 18 18 24 17 11 15 26 24 30 34 14 28 28 28 30 15 13 
17 11 30 23 24 26 10 16 26 30 21 28 18 27 34 31 15 15 17 30 29 14 19 11 21 20 17 15 19 19 29 27 29 28 24 16 27 33 30 18 
24 14 14 14 19 23 16 20 32 18 32 16 22 32 27 45 13 19 22 16 35 10 11 15 9 19 12 21 10 33 27 15 27 13 45 18 27 38 20 24 
20 21 14 21 29 17 12 37 41 26 30 30 15 23 40 34 13 20 17 21 19 16 18 19 16 20 14 24 17 14 35 34 38 20 29 28 23 27 23 11 
31 18 22 26 16 20 10 29 37 16 28 26 16 25 13 35 16 23 13 28 33 22 23 21 19 25 5 12 18 20 33 25 27 18 32 28 26 35 24 21 
14 13 18 15 19 8 13 22 22 34 35 24 10 17 24 30 14 9 20 23 40 16 10 24 21 15 11 16 13 33 28 30 24 23 14 21 26 34 24 14 
18 18 16 18 29 27 17 32 25 27 20 22 23 13 49 29 13 21 16 25 28 10 29 18 33 21 12 19 16 18 31 29 28 19 28 25 16 20 26 9 
16 11 24 20 27 29 21 22 36 17 27 33 9 22 25 39 15 13 17 24 22 19 21 11 21 30 17 19 21 31 21 14 18 20 36 22 23 38 26 10 
21 20 20 30 18 30 16 35 19 34 40 22 25 32 32 55 18 15 11 27 12 13 23 15 34 11 20 16 17 21 15 18 9 31 15 32 27 24 32 15 
17 13 17 23 28 18 22 25 25 26 16 13 23 27 36 28 21 16 13 28 17 12 11 14 18 25 17 15 15 34 23 19 21 21 22 24 13 18 26 20 
17 15 17 16 27 25 12 23 41 20 34 26 17 16 29 39 11 24 14 42 37 20 24 19 37 23 15 17 22 22 50 20 34 23 18 22 22 19 26 19 
18 14 13 16 26 20 17 25 20 27 22 21 32 23 35 32 17 20 23 21 23 16 30 14 21 17 24 14 14 22 31 15 22 17 12 11 23 29 39 23 
18 21 21 11 29 18 12 24 36 23 27 33 20 17 17 26 16 30 10 31 27 14 28 11 27 30 18 30 25 25 21 25 24 21 25 26 29 24 25 13 
14 9 21 30 37 30 19 24 19 39 24 22 24 30 40 38 9 17 16 20 44 15 34 16 15 25 20 11 11 31 37 29 25 17 34 16 32 18 33 15 
15 25 26 16 16 21 15 22 21 29 25 27 28 24 19 41 20 14 13 26 32 15 19 14 24 26 16 26 17 27 36 25 30 22 33 18 25 33 17 21 
20 16 26 21 25 27 21 24 29 25 25 28 28 24 20 28 13 18 22 27 30 21 13 12 25 24 17 22 15 19 43 8 21 18 24 31 20 28 21 18 
26 22 29 26 36 17 14 37 38 33 26 12 16 25 29 54 13 12 21 17 23 13 27 15 29 26 20 27 16 24 33 21 25 22 28 30 16 30 35 13 
27 16 13 22 22 18 14 19 14 16 25 20 39 17 30 24 12 8 21 25 13 8 36 18 19 24 10 13 17 25 38 16 25 19 24 20 18 30 20 17 
18 14 21 38 37 12 10 22 30 29 20 28 22 20 44 32 20 19 18 23 29 15 21 16 14 28 11 20 20 21 23 16 22 25 27 14 27 18 23 12 
19 13 20 24 35 29 5 35 27 28 29 20 20 39 22 25 18 19 17 31 26 10 18 19 15 24 13 15 20 13 13 26 27 24 36 24 21 32 10 16 
17 21 23 24 23 27 20 28 31 26 24 17 28 21 46 26 14 20 19 29 29 12 25 15 14 20 24 20 16 31 14 25 29 27 17 24 28 27 20 13 
18 11 21 23 25 32 13 22 27 35 34 26 27 33 21 23 19 10 13 9 36 16 25 13 23 22 13 9 16 13 17 24 31 21 34 16 27 45 23 17 
23 26 14 13 25 19 12 11 28 19 30 19 23 18 34 28 18 19 15 32 15 18 24 20 23 28 18 19 16 33 36 15 24 19 37 27 30 32 21 9 
13 23 20 28 33 23 12 20 37 29 29 17 29 17 24 20 13 22 16 19 10 17 31 24 13 24 14 17 19 15 25 30 29 23 31 23 10 34 25 19 
26 22 16 24 24 17 18 22 27 20 42 21 34 33 34 35 16 15 14 23 27 23 41 11 33 27 12 19 12 16 36 18 32 21 41 25 26 25 28 16 
16 11 12 25 32 26 25 25 15 17 20 19 26 21 28 20 12 25 16 16 4 10 24 22 26 21 18 13 16 25 38 30 26 24 21 15 31 26 37 22 
16 7 26 19 20 6 21 29 41 18 37 22 32 20 24 26 18 31 14 25 46 19 22 6 34 27 15 17 14 24 32 24 15 13 21 13 21 23 35 11 
12 13 16 13 22 24 16 38 29 34 26 27 24 21 26 30 13 25 21 16 11 16 25 15 23 14 23 20 18 24 29 17 10 31 38 33 18 25 35 22 
24 25 18 28 27 21 19 29 18 13 14 21 13 13 26 42 14 23 17 11 39 17 22 23 29 28 15 15 15 31 40 18 13 21 18 16 26 24 17 20 
14 17 14 19 33 19 19 29 36 28 17 31 31 28 38 38 17 23 15 30 28 14 16 14 14 28 12 19 12 15 27 13 21 30 30 16 19 46 32 13 
17 15 13 23 28 22 16 28 36 27 17 20 23 11 26 16 14 21 22 32 20 11 32 12 22 16 18 29 17 19 23 16 17 19 28 25 28 48 31 6 
18 22 13 21 23 21 21 25 25 29 41 10 15 20 33 24 15 32 15 36 22 21 23 13 28 14 9 12 19 28 28 21 24 18 22 36 23 28 21 15 
24 12 11 22 33 29 21 17 20 42 24 16 29 22 16 29 11 24 15 26 27 11 16 20 19 27 14 25 17 30 31 21 22 20 20 28 31 24 21 23 
20 9 26 8 27 19 17 17 15 37 18 21 21 28 34 23 8 8 14 31 23 21 27 11 18 24 19 16 16 25 36 22 23 19 10 25 18 28 26 22 
12 14 24 18 39 28 12 34 37 21 26 15 26 24 23 45 14 22 9 32 38 13 24 16 19 29 17 19 17 16 35 19 25 18 24 32 26 32 26 13 
15 15 17 6 15 17 14 30 19 28 29 23 15 29 35 39 12 22 22 24 39 17 26 19 16 17 14 23 19 31 35 24 30 26 32 27 27 16 36 15 
21 20 19 27 29 21 13 22 21 23 24 20 24 21 24 27 21 16 18 31 42 12 33 23 38 18 15 22 13 17 34 13 21 23 14 20 28 21 28 20 
16 15 23 18 33 20 14 29 28 8 44 38 18 28 31 44 10 14 15 24 20 11 33 19 22 23 13 11 17 22 38 20 27 15 31 21 24 4 22 22 
17 14 8 27 24 12 22 16 18 24 35 38 29 16 33 34 19 26 14 35 24 15 42 9 32 23 19 20 12 20 26 24 26 29 32 28 19 16 25 18 
24 14 17 11 29 23 17 36 28 21 38 28 16 18 26 11 17 22 10 21 32 15 30 17 26 18 14 16 14 20 39 11 33 26 25 20 8 28 24 16 
12 17 23 20 23 21 13 25 38 35 23 42 27 21 29 18 7 21 19 29 24 16 14 15 16 28 24 17 17 21 38 30 16 22 39 30 32 38 25 17 
20 19 20 20 24 19 17 38 24 33 24 17 22 11 13 30 21 14 10 13 23 16 27 16 7 25 11 17 21 19 25 30 24 20 25 20 19 28 24 15 
25 11 8 18 22 25 17 24 19 13 30 24 32 27 32 33 21 26 15 28 31 12 17 14 24 22 19 20 14 20 29 26 9 25 31 23 24 33 27 17 
15 15 20 28 32 21 20 25 17 34 38 15 26 22 11 12 11 20 21 22 31 16 18 19 31 25 10 18 18 8 26 17 24 30 24 27 31 31 33 9 
18 9 17 25 21 21 14 23 39 45 22 18 33 16 26 34 12 21 16 20 29 13 31 19 20 24 12 20 16 34 35 19 11 16 33 23 28 14 20 19 
19 30 20 24 27 18 11 15 19 31 36 29 16 26 21 36 12 28 17 20 14 19 14 16 18 24 19 18 17 20 21 18 34 25 26 23 26 29 31 22 
19 13 18 23 25 20 15 11 24 32 32 27 27 20 44 23 11 23 15 21 17 20 31 17 20 10 11 3 14 16 40 31 27 16 31 24 19 24 18 23 
11 15 24 26 20 16 13 20 24 27 18 12 26 34 27 43 17 24 13 32 26 19 21 19 14 15 21 22 18 33 25 22 28 25 26 18 17 31 25 18 
23 18 16 14 37 24 14 39 23 23 35 26 24 21 35 22 12 18 16 40 41 14 16 17 23 22 14 17 16 19 27 16 23 14 27 33 21 26 29 21 
17 25 13 15 38 24 14 28 16 24 44 21 18 22 32 18 15 22 19 9 31 12 23 17 23 31 6 17 22 31 30 32 30 15 20 12 15 36 27 18 
32 8 31 18 33 15 11 18 32 24 28 30 26 25 20 30 21 11 15 15 16 16 10 18 20 23 12 22 16 7 28 25 23 20 49 18 16 20 22 11 
26 20 21 16 15 18 17 27 32 10 31 20 26 19 32 36 20 21 18 24 24 21 19 14 20 28 25 18 14 20 45 11 28 16 18 26 16 18 25 11 
15 15 25 21 43 22 10 20 24 26 26 20 22 25 22 41 22 37 11 30 43 15 25 17 14 36 12 10 12 28 45 34 22 18 21 22 10 22 33 19 
16 16 29 13 34 22 24 34 34 36 34 25 25 9 21 19 18 26 28 23 31 13 23 13 19 26 22 10 11 30 28 22 29 23 38 26 24 27 23 19 
21 19 9 22 28 20 18 23 31 28 24 36 22 28 24 31 14 24 20 27 27 16 26 15 17 28 17 18 18 23 25 21 15 14 35 16 31 24 25 20 
31 22 28 31 34 28 11 23 19 27 17 20 28 37 29 39 21 21 14 22 29 16 17 17 9 27 23 24 16 28 29 30 41 31 34 31 18 28 26 12 
18 16 24 20 24 26 11 32 28 24 18 34 17 33 37 44 18 17 16 38 22 18 10 20 21 31 17 19 12 18 26 25 14 18 23 16 15 14 22 11 
22 13 21 17 31 22 8 28 27 35 40 27 20 13 41 52 15 19 15 33 35 16 26 16 32 25 15 22 21 34 21 16 25 30 33 27 26 51 32 19 
18 21 22 15 23 24 12 35 25 34 41 19 14 16 29 46 10 13 18 32 36 13 17 19 19 19 15 18 22 19 46 26 19 18 35 21 19 20 28 12 
18 18 16 20 19 13 11 28 37 35 18 21 29 22 28 32 14 20 21 38 31 15 31 9 5 22 21 19 15 30 26 27 25 29 24 14 21 36 17 19 
17 19 26 34 26 10 10 22 14 16 31 23 21 26 32 50 9 25 12 15 48 24 23 15 23 25 5 26 20 24 27 23 24 28 29 18 26 32 16 17 
16 20 3 18 28 27 11 17 33 43 24 8 17 11 23 29 13 20 18 18 34 15 20 16 17 18 18 19 11 11 25 15 10 23 18 19 33 34 29 11 
16 14 13 21 42 27 13 16 43 17 25 34 23 23 26 36 14 18 18 19 23 20 37 11 24 25 18 12 14 33 29 2 29 14 25 7 18 35 28 20 
13 22 9 18 29 24 7 27 28 28 44 29 26 32 43 11 14 35 15 38 29 3 18 16 21 26 12 24 16 17 12 22 26 14 20 26 29 20 35 12 
15 10 21 23 24 19 21 20 42 30 35 32 19 27 28 43 13 19 18 20 30 14 16 12 21 29 13 19 17 32 27 21 15 30 23 12 8 27 24 11 
30 15 26 24 39 24 9 28 44 26 33 44 32 18 40 28 20 20 10 29 33 15 19 8 24 27 15 21 16 25 37 13 24 17 25 27 26 43 20 18 
27 20 18 28 11 20 14 32 37 21 30 33 25 22 34 31 12 20 18 17 37 14 18 15 15 10 14 18 15 20 37 13 23 21 22 23 17 32 28 7 
19 16 17 22 32 23 16 24 23 25 31 26 21 28 46 28 16 15 17 24 38 16 18 7 24 26 13 5 17 32 22 20 15 23 17 32 24 36 12 14 
23 14 27 24 32 25 14 17 31 35 21 20 31 29 20 38 21 20 18 23 9 19 29 16 18 20 11 17 21 33 27 26 21 19 29 25 16 28 24 14 
20 17 23 22 34 20 8 17 41 28 29 24 23 25 18 33 9 27 21 23 34 10 32 15 25 29 21 17 17 20 32 18 22 23 34 7 16 15 24 18 
14 14 16 18 24 12 17 42 4 28 44 9 38 23 38 32 14 4 14 28 30 8 23 15 26 16 16 19 6 20 40 14 31 20 25 23 29 10 32 14 
23 9 16 14 34 25 17 22 33 27 26 22 29 23 31 36 19 22 15 28 39 12 32 11 12 15 14 24 17 29 25 14 29 19 29 24 29 44 20 10 
25 6 17 17 29 17 16 16 36 39 27 15 40 25 39 22 20 17 20 23 28 17 28 12 22 20 17 20 10 14 19 26 23 16 35 15 26 14 19 14 
26 20 19 19 28 24 17 28 28 10 38 13 18 30 20 34 8 17 18 20 30 26 17 26 21 19 7 14 18 17 31 20 13 17 29 28 24 20 26 21 
17 17 22 20 31 26 10 26 27 27 37 25 33 13 24 40 18 26 11 23 31 18 8 19 20 23 17 14 21 27 30 18 24 28 29 24 20 29 26 18 
15 12 24 24 22 25 11 14 31 26 29 24 33 32 20 44 15 16 22 30 45 11 25 25 13 12 12 16 10 33 34 19 20 23 30 20 16 28 23 15 
25 13 19 18 15 26 16 10 39 21 25 24 10 16 36 20 8 16 17 23 34 22 12 15 27 25 17 18 18 11 31 33 26 12 26 27 24 23 33 13 
19 13 19 24 32 19 7 19 23 29 34 19 16 24 25 45 23 26 19 31 40 17 19 15 19 23 14 24 13 31 29 22 37 17 28 16 16 24 23 17 
15 29 14 19 35 27 17 28 12 33 42 17 14 16 21 38 20 27 16 33 26 17 12 21 20 28 17 15 21 22 21 21 9 23 31 29 25 28 20 8 
27 15 16 28 25 27 17 20 13 20 16 22 25 25 34 36 20 25 24 25 27 14 23 12 21 24 11 18 19 29 31 30 22 24 40 26 25 37 36 18 
17 20 23 23 25 17 13 25 39 25 32 41 23 31 19 23 8 22 13 28 38 15 12 17 13 25 13 14 13 24 23 19 26 19 19 33 13 23 28 14 
11 21 20 14 24 18 12 27 24 20 23 13 25 25 33 35 16 31 11 25 4 18 31 16 29 28 13 16 13 26 15 27 30 14 25 25 28 27 20 17 
27 18 29 29 24 15 13 24 31 32 27 28 18 21 46 22 14 26 14 24 13 15 25 20 10 19 11 17 15 20 30 17 5 13 28 26 34 18 36 15 
19 19 21 28 18 19 16 23 34 31 20 19 28 28 24 33 11 13 20 19 10 22 22 20 17 20 19 17 16 21 33 18 18 7 24 26 33 37 31 12 
20 12 16 16 19 16 15 17 42 35 30 16 26 27 44 27 14 12 13 19 50 19 31 20 25 20 10 24 15 14 20 16 29 23 28 21 21 45 19 21 
15 12 22 21 38 28 26 13 30 32 40 13 22 29 36 35 16 23 19 26 27 21 31 25 26 22 16 19 19 27 16 28 28 22 15 24 26 35 25 11 
18 19 14 16 17 18 14 25 25 17 34 29 41 18 38 36 11 12 9 30 38 8 31 17 32 28 11 18 20 29 20 26 13 19 23 31 20 39 14 19 
15 21 29 18 29 29 15 33 39 26 35 30 44 22 36 25 8 9 16 27 24 24 29 18 17 23 20 17 16 19 25 32 27 26 19 24 26 27 36 16 
25 17 23 22 23 13 13 14 22 20 22 34 22 24 27 23 15 27 13 16 28 14 23 14 20 29 19 16 13 9 35 23 8 26 11 29 19 25 13 15 
31 18 21 18 40 17 13 29 30 39 9 32 13 26 38 28 22 17 19 23 35 17 25 12 13 33 17 21 15 17 30 24 8 28 41 30 13 24 29 18 
21 19 17 25 31 23 19 24 30 36 21 38 22 33 37 22 21 24 10 13 27 3 32 15 17 22 21 19 18 24 14 12 22 18 22 10 14 20 14 22 
18 17 18 19 31 13 15 18 37 28 25 21 29 29 22 24 20 28 19 19 19 17 17 6 14 24 11 14 17 16 26 25 20 18 25 18 20 25 35 9 
8 22 20 22 22 11 13 26 31 37 42 36 28 28 5 32 13 36 21 6 33 11 33 10 19 12 19 17 20 28 20 31 28 33 37 28 27 21 22 20 
23 14 22 6 30 4 17 25 15 32 29 28 22 23 17 41 14 33 12 22 29 8 34 24 20 18 9 17 18 18 15 20 29 17 30 10 25 29 22 10 
26 20 19 8 25 21 13 16 36 30 28 24 24 11 19 37 13 16 18 22 42 9 14 13 13 33 16 5 13 15 38 26 7 35 23 22 24 28 18 8 
18 15 16 20 34 22 15 33 31 30 14 25 17 32 33 24 15 18 16 42 41 12 22 17 30 18 15 25 15 39 30 24 17 16 20 26 21 38 30 21 
23 22 17 19 22 20 16 20 12 13 33 17 27 27 43 27 11 20 10 39 26 16 6 21 11 27 12 21 24 27 40 27 25 24 32 15 15 34 23 27 
16 17 23 26 38 20 11 29 32 19 38 29 29 23 27 28 13 29 14 22 37 15 26 12 23 26 14 15 21 13 31 26 27 1 17 23 24 22 25 11 
28 15 8 22 27 28 6 14 38 31 36 23 16 19 29 21 20 15 14 21 31 17 18 12 21 25 17 21 5 20 14 25 20 15 31 31 31 13 35 24 
13 13 16 34 11 33 16 33 29 28 20 26 16 17 21 30 15 23 16 29 41 8 35 21 17 19 11 19 17 25 17 13 18 20 34 25 27 21 27 16 
16 25 19 17 24 17 11 16 23 22 39 15 12 18 38 13 15 11 16 23 39 11 32 18 18 20 16 18 17 21 41 22 14 23 33 25 21 29 20 11 
15 19 18 26 26 13 11 19 22 23 17 41 16 27 21 24 19 13 15 11 24 14 25 15 23 12 11 15 19 28 35 22 31 20 25 28 22 34 26 15 
20 14 20 16 23 12 11 13 24 21 35 21 11 21 26 32 14 29 13 31 23 12 15 11 24 16 12 16 26 20 34 23 28 31 20 24 23 29 9 18 
31 14 18 17 29 17 15 19 27 35 27 12 24 19 20 20 8 18 12 21 30 6 24 18 22 24 11 12 19 22 44 23 25 11 39 21 26 32 30 16 
16 10 18 27 33 14 22 28 26 37 25 22 33 28 19 34 13 13 24 20 34 18 30 18 13 22 18 21 21 15 39 8 11 19 21 15 14 28 21 16 
21 21 19 15 12 19 11 24 9 19 30 33 27 31 37 35 16 21 23 18 46 18 21 14 14 15 25 13 16 24 32 16 34 28 18 19 35 36 14 22 
21 6 14 14 34 16 13 23 29 26 24 22 25 24 49 23 21 19 16 18 15 7 17 17 18 19 9 21 16 28 40 18 20 32 24 28 20 40 33 19 
14 10 27 22 32 17 12 32 30 38 34 27 28 32 35 33 17 25 20 35 16 15 27 17 19 25 10 20 12 33 32 16 17 18 22 24 34 36 23 18 
21 22 19 28 16 22 8 30 33 13 24 24 37 23 29 20 18 19 11 27 21 18 20 10 28 18 20 25 6 39 24 22 31 31 30 13 12 37 21 13 
17 17 23 20 12 21 17 13 24 17 37 17 9 18 39 37 16 15 14 30 26 24 25 18 26 21 13 20 21 13 49 17 37 27 40 17 21 17 27 20 
11 14 23 14 37 18 14 29 26 23 34 32 16 16 47 25 13 19 16 23 17 15 32 13 27 30 10 18 20 27 21 22 31 9 22 8 21 14 23 15 
14 19 13 23 25 28 16 19 39 34 34 28 28 20 29 19 20 10 18 19 33 3 26 14 31 35 12 18 18 14 40 17 22 20 21 19 18 27 29 12 
15 16 12 18 18 24 15 21 29 23 31 29 25 28 42 30 15 32 21 35 34 7 22 16 32 30 12 18 21 27 26 25 32 26 22 27 36 24 15 14 
25 19 13 25 39 24 17 40 15 13 26 23 33 27 37 30 17 23 19 27 24 8 19 11 18 17 12 15 14 12 20 18 23 20 36 19 30 21 36 15 
19 26 17 24 35 17 20 33 42 12 35 27 27 20 41 35 11 9 20 29 30 15 23 17 19 27 12 13 11 25 15 23 14 21 31 30 15 21 29 19 
18 12 20 23 28 27 16 30 17 30 35 24 23 33 29 37 8 25 16 13 17 16 25 17 10 16 9 14 21 28 31 17 11 22 19 26 26 24 29 16 
22 16 15 17 16 26 14 30 36 19 27 32 14 28 35 32 12 10 21 22 27 14 27 16 25 27 12 25 13 28 49 36 26 25 27 13 27 19 13 21 
20 15 19 27 27 28 15 13 35 27 27 19 31 25 27 29 21 17 26 27 29 9 34 12 23 26 10 12 15 10 26 22 24 20 25 19 14 23 34 12 
13 23 23 16 29 21 14 24 17 22 19 30 25 26 22 33 14 17 18 27 37 15 24 15 26 16 18 17 9 26 37 22 20 25 32 19 22 24 24 12 
29 27 25 20 31 19 16 19 39 29 30 25 37 25 30 27 12 29 20 35 31 14 15 20 20 17 16 23 20 11 38 21 27 25 24 18 22 25 21 18 
15 15 17 15 25 13 13 21 23 25 23 30 15 23 35 53 9 21 22 25 32 22 32 11 23 22 9 20 8 10 27 18 23 15 22 30 24 27 39 8 
19 22 18 5 23 19 19 13 14 29 12 14 13 18 28 37 17 20 22 28 34 10 22 20 23 15 10 13 24 19 34 6 19 31 31 25 26 22 31 19 
2 13 11 26 24 20 14 23 21 25 38 26 16 23 36 26 18 16 15 28 22 16 29 10 21 25 9 24 15 19 28 34 21 20 36 29 32 38 16 1 
28 15 23 17 15 26 25 25 27 17 23 27 39 29 43 28 17 28 16 29 9 8 19 14 24 26 18 11 14 21 22 19 36 22 26 30 11 26 27 9 
23 16 31 23 20 23 18 15 26 27 36 21 19 17 26 34 15 17 13 11 49 9 27 18 27 28 16 24 21 17 13 10 27 14 33 19 22 36 36 16 
28 22 18 16 20 18 18 28 43 41 30 9 17 17 26 27 13 14 15 29 23 20 12 14 18 22 12 17 16 13 20 20 31 28 21 29 36 31 18 15 
22 9 29 10 29 29 17 28 25 35 23 12 15 21 25 19 16 17 21 36 28 12 23 18 16 26 13 11 18 17 24 19 12 23 36 14 32 28 26 15 
19 18 23 24 27 20 15 32 18 40 26 29 16 29 20 39 24 22 16 25 16 17 27 16 18 25 18 22 10 27 32 20 29 24 32 23 30 31 29 19 
19 20 17 19 10 23 18 26 35 25 35 20 17 20 27 49 15 16 13 37 17 21 40 22 22 13 20 7 17 19 26 22 23 20 18 24 21 19 30 9 
20 14 14 22 31 23 11 26 24 11 34 10 20 28 26 25 12 21 15 29 38 11 25 11 28 17 10 17 10 24 34 18 22 18 16 40 18 43 24 24 
20 17 26 31 31 11 16 24 33 20 28 12 21 14 21 34 12 23 12 28 30 7 26 16 15 24 12 26 18 18 20 25 20 27 21 26 26 23 29 18 
24 22 23 17 32 23 12 22 29 18 35 33 28 8 23 30 16 15 7 20 25 18 24 15 29 21 16 23 16 32 30 30 26 17 21 19 23 38 27 15 
18 25 17 18 23 19 14 23 20 30 32 24 23 20 16 22 12 17 20 29 30 11 18 21 16 22 12 18 10 35 28 13 27 22 18 18 11 20 28 19 
7 20 24 16 36 19 16 22 39 22 26 27 21 18 23 8 17 29 15 25 21 11 15 16 28 19 19 15 19 19 30 18 28 21 23 25 9 24 26 19 
18 21 28 14 14 25 14 18 31 28 38 24 19 27 27 30 12 19 15 21 38 13 23 9 14 18 15 13 24 19 34 16 26 28 18 28 11 29 24 17 
18 15 24 23 23 15 9 22 39 25 37 22 23 19 24 39 22 22 18 28 23 15 21 20 29 28 18 14 12 30 24 14 23 15 36 28 24 30 15 23 
22 19 19 24 21 25 12 23 32 30 27 22 29 26 31 36 17 20 10 36 26 16 24 16 21 11 15 20 14 14 24 13 21 13 36 30 31 41 23 7 
20 14 10 11 23 17 9 15 22 41 22 25 26 23 39 41 12 23 11 24 35 14 33 12 25 21 11 30 24 37 25 29 24 9 21 31 25 22 17 22 
26 25 24 23 30 30 4 18 22 23 37 30 28 27 40 30 15 33 12 26 25 16 36 13 22 30 20 10 8 24 41 23 22 27 22 34 20 36 20 12 
24 18 28 30 15 16 13 29 25 23 33 17 23 22 34 21 12 21 20 25 34 14 24 13 22 30 19 6 19 38 28 31 25 25 5 16 19 36 41 16 
25 15 24 34 25 29 22 28 32 16 30 24 27 32 26 37 14 22 13 30 28 17 28 11 9 16 17 17 13 33 29 19 36 42 32 23 29 33 33 13 
18 27 9 9 26 16 7 36 27 22 25 8 9 16 21 28 14 21 14 32 33 14 38 18 35 24 13 23 20 24 26 20 32 20 24 26 21 16 24 12 
23 21 22 19 19 26 12 21 29 22 27 25 19 29 41 35 11 26 16 25 50 16 29 12 8 23 19 15 14 25 25 19 8 21 37 26 22 19 33 21 
16 18 22 12 16 31 14 26 34 40 33 10 27 15 31 11 19 20 23 38 20 16 33 14 31 25 6 25 24 28 41 13 33 23 31 34 20 19 32 21 
16 7 21 18 31 18 13 18 31 10 18 32 33 18 52 44 22 17 9 21 40 18 30 12 15 22 18 20 15 23 56 18 30 16 29 18 21 32 31 13 
21 11 14 20 29 14 16 10 52 21 14 26 19 21 32 22 21 13 9 28 24 19 40 17 25 21 16 19 18 28 34 17 14 20 33 30 29 27 3 13 
21 13 18 24 21 22 16 14 32 29 24 24 14 27 8 33 16 30 13 35 22 15 34 13 17 24 13 24 12 20 30 11 30 22 15 29 32 28 30 18 
18 18 23 20 22 29 14 35 21 33 34 28 20 14 15 23 9 8 14 26 25 8 29 11 24 15 18 25 19 18 25 12 24 35 11 20 26 38 27 22 
18 26 7 17 28 30 23 34 44 25 23 27 24 17 25 33 14 21 17 29 27 8 26 17 34 29 21 20 14 15 29 16 20 19 29 17 26 28 12 11 
23 21 18 22 27 18 19 34 19 28 32 10 30 38 27 37 10 19 16 27 42 16 16 16 27 26 8 21 16 31 33 25 28 30 28 25 26 33 28 22 
14 17 12 18 13 12 10 16 39 31 24 18 30 25 26 40 17 17 23 33 23 19 26 17 25 25 21 15 15 12 44 17 34 14 33 14 31 20 36 5 
24 26 18 16 25 17 18 26 34 37 31 20 36 27 42 37 16 14 11 36 29 14 23 12 23 27 17 16 16 27 33 32 28 18 20 24 22 29 12 19 
14 10 27 18 32 19 13 37 23 26 38 33 39 16 14 37 7 25 19 22 25 24 28 20 22 28 18 21 12 31 40 19 38 23 34 31 24 14 34 8 
14 15 11 10 20 19 11 19 37 27 35 26 27 27 9 20 13 25 14 23 40 15 24 17 24 31 12 18 18 20 30 18 31 18 19 22 17 27 38 16 
22 12 35 24 24 16 20 14 33 18 25 30 15 20 13 32 12 20 16 18 38 18 20 20 15 25 15 23 17 32 27 29 14 22 22 25 28 13 30 16 
14 18 19 26 28 35 16 19 24 29 31 18 17 24 38 47 18 35 10 26 26 17 23 19 13 28 16 24 17 16 55 34 30 21 18 13 33 24 27 23 
15 10 12 20 44 17 11 17 14 29 39 14 26 30 19 27 14 26 13 25 27 14 24 18 22 22 17 25 21 20 30 30 21 22 46 21 39 29 30 9 
18 17 13 23 21 21 16 30 33 26 39 24 35 24 35 39 21 19 16 17 31 19 27 12 17 29 9 14 17 15 33 15 12 28 34 16 18 33 26 11 
11 23 23 15 26 15 19 29 40 28 34 11 20 28 37 25 12 19 17 24 20 13 20 16 22 28 16 18 20 20 25 21 26 22 41 28 31 35 35 20 
19 17 12 28 29 28 15 17 40 32 39 31 26 26 26 35 17 16 14 17 20 16 13 16 29 23 21 16 22 37 20 31 19 18 17 33 30 24 33 21 
13 19 24 19 32 25 16 31 14 25 28 33 30 21 35 36 21 10 7 21 20 6 15 22 18 30 16 18 23 23 23 18 26 18 28 25 28 28 35 13 
26 22 22 8 24 25 18 25 22 31 25 22 17 27 46 36 17 16 17 21 43 12 20 15 35 16 14 16 17 21 23 19 15 18 34 27 30 25 32 14 
29 12 28 19 31 13 17 40 45 32 35 22 27 23 25 27 12 19 18 29 33 10 23 11 11 34 19 12 17 30 35 21 21 25 37 19 7 22 27 10 
18 26 17 29 27 24 14 29 42 22 29 30 25 35 39 45 12 25 18 20 33 8 31 17 29 18 19 11 17 31 40 25 37 26 20 16 21 28 28 17 
19 18 18 25 39 23 14 14 21 20 21 41 12 18 40 20 16 19 14 33 38 11 13 19 22 26 12 17 8 23 42 19 33 11 22 26 20 28 21 15 
15 26 22 24 39 17 17 23 43 27 27 25 25 28 32 35 16 30 18 25 37 15 29 18 20 23 16 22 17 19 34 16 37 26 34 34 27 24 37 18 
13 22 27 20 30 32 19 21 19 38 26 27 29 15 30 38 13 26 12 37 34 13 16 17 12 22 15 17 9 28 42 18 22 27 28 25 22 42 30 13 
18 16 29 17 30 6 18 36 38 30 24 23 28 28 38 28 15 21 17 30 16 19 18 17 28 27 16 25 18 15 24 18 35 21 47 36 18 29 37 19 
16 16 22 10 30 26 19 32 20 40 12 20 15 24 32 40 19 18 20 23 23 16 18 18 22 24 17 15 17 32 16 17 28 27 26 28 28 22 30 13 
18 25 10 20 18 20 11 21 40 24 31 27 33 18 34 34 10 17 9 27 25 13 15 18 24 19 13 22 14 18 25 25 25 28 13 21 28 33 14 11 
22 21 18 22 23 16 14 17 35 22 21 29 23 28 24 16 16 14 15 19 31 15 19 18 17 36 9 22 16 15 36 24 17 17 23 27 21 30 32 25 
28 19 20 14 30 14 11 23 36 18 28 26 21 23 26 31 13 32 16 12 33 12 27 17 30 33 15 10 16 24 37 12 22 23 17 25 24 28 26 24 
17 15 18 25 15 33 16 24 26 23 47 26 31 21 21 41 15 17 16 26 8 19 36 20 21 16 17 24 10 43 13 25 32 17 20 23 15 40 42 7 
15 15 25 22 14 29 11 27 19 40 20 26 22 15 34 44 19 20 16 26 25 10 30 18 25 30 12 16 19 15 32 27 25 26 36 29 25 33 30 17 
17 12 22 18 22 18 16 20 26 41 21 21 26 19 29 28 19 18 23 30 22 14 11 25 30 14 13 22 12 12 5 15 18 15 34 30 16 37 42 17 
20 24 19 20 37 14 18 21 43 22 18 31 30 18 45 27 21 18 18 30 25 17 24 17 37 20 12 16 19 28 32 18 24 29 21 22 25 28 19 12 
24 13 20 18 22 14 18 26 35 25 28 20 39 27 24 35 13 23 24 30 23 9 11 13 13 27 14 17 16 14 33 32 8 18 22 27 31 26 36 15 
17 15 22 19 30 30 11 27 17 19 19 15 14 33 38 33 10 24 14 37 27 12 19 13 19 20 19 12 18 36 41 19 30 13 16 22 30 37 27 22 
12 13 24 18 40 28 15 22 33 23 14 29 9 28 39 24 10 21 19 15 21 20 26 23 27 24 11 22 19 21 35 25 25 29 26 31 20 24 26 21 
18 16 15 23 35 20 10 29 28 32 31 19 10 22 22 41 15 20 17 23 18 18 34 14 24 25 19 23 17 36 18 14 42 21 29 31 30 23 33 16 
32 15 13 23 25 17 17 32 34 27 41 28 22 37 36 48 7 11 19 29 29 13 40 12 22 25 17 23 19 18 35 16 21 22 28 19 27 29 29 12 
16 22 28 17 17 20 11 23 24 18 19 30 22 36 23 43 15 24 18 24 25 15 24 14 23 28 16 15 18 21 19 18 21 30 24 20 14 31 15 15 
24 13 23 29 28 24 17 23 29 24 22 33 25 17 22 43 14 31 20 39 19 18 31 9 15 36 12 19 18 31 31 21 30 24 8 20 18 26 19 15 
15 16 25 23 15 28 15 23 32 18 32 24 15 27 27 22 17 13 17 24 31 15 35 13 23 20 18 18 14 25 26 11 18 13 33 22 25 30 21 13 
24 22 27 24 33 17 13 23 36 29 31 27 20 31 33 45 12 26 15 35 19 15 32 18 20 13 16 24 14 30 31 20 13 20 18 30 30 35 29 12 
7 12 21 26 33 30 19 27 31 23 30 29 25 31 28 28 22 17 19 40 32 11 20 10 20 23 14 18 22 31 30 21 28 15 10 23 10 35 13 17 
14 20 15 26 26 30 7 34 34 16 40 23 14 23 38 27 16 20 18 42 30 11 30 15 25 20 17 21 16 31 18 16 25 19 26 17 32 14 18 16 
16 22 21 23 35 27 13 24 34 15 27 21 14 20 28 6 10 17 15 24 32 12 17 16 33 30 18 21 16 17 32 18 17 34 41 19 34 25 14 19 
20 15 21 19 25 14 12 15 37 21 42 25 22 9 33 26 17 26 7 27 34 16 19 13 9 18 14 13 17 25 23 17 30 20 26 25 22 26 32 18 
26 22 14 33 30 22 18 21 24 34 31 20 28 26 31 18 7 27 17 16 27 18 25 14 26 19 19 21 17 34 29 24 12 34 17 15 13 35 31 17 
17 19 16 25 26 25 24 22 23 25 21 25 18 32 31 24 12 20 19 23 20 21 27 17 30 27 13 17 17 23 44 21 28 9 28 15 18 26 26 13 
18 21 24 15 30 12 18 33 25 37 30 37 22 21 22 24 19 20 11 33 26 13 11 18 29 31 13 24 21 31 13 17 41 24 34 16 14 27 19 19 
14 18 18 11 24 26 27 17 25 27 26 13 31 23 47 29 18 15 13 30 32 9 5 14 29 19 7 19 15 25 40 25 18 20 29 16 30 22 22 15 
14 21 20 26 18 15 19 31 24 18 14 26 31 24 42 28 15 20 16 35 21 16 36 16 17 27 13 24 21 28 27 25 22 27 26 12 27 14 14 21 
27 23 14 30 24 24 14 30 36 21 23 20 16 20 29 36 15 19 18 11 10 9 31 14 13 20 17 9 5 20 32 26 23 27 27 26 32 26 19 23 
21 25 16 26 28 18 9 29 33 29 41 29 14 19 37 48 24 13 17 33 26 22 36 16 20 12 16 24 13 23 31 23 26 13 27 23 24 44 26 16 
15 12 22 17 20 11 15 21 28 22 31 25 24 23 27 19 9 36 13 21 25 17 10 8 32 24 20 12 13 24 25 30 12 17 9 29 21 28 19 11 
14 18 24 21 21 26 14 25 30 18 13 19 24 23 19 30 18 12 19 25 35 18 27 14 21 18 17 19 16 21 23 22 28 24 28 25 28 27 25 16 
15 14 25 16 21 26 13 15 28 33 33 23 39 27 29 37 14 24 19 30 26 16 36 19 17 23 11 21 7 20 14 20 24 25 28 15 20 23 29 14 
21 20 21 31 26 22 13 30 26 22 19 24 20 28 36 26 15 25 15 37 42 18 17 20 15 13 15 23 17 36 23 13 36 25 26 21 29 29 23 16 
21 19 17 21 25 16 19 35 35 16 36 35 30 26 33 50 16 12 20 17 20 16 9 16 22 17 15 18 16 26 40 25 22 17 25 24 26 39 35 16 
21 20 28 26 39 24 17 14 21 29 35 16 28 28 23 26 23 31 15 26 39 21 21 11 12 14 12 24 22 28 34 27 13 30 26 19 24 40 28 23 
23 19 21 25 11 24 17 23 15 31 37 20 28 18 24 19 15 32 13 15 33 10 24 19 23 16 14 20 13 9 20 14 31 24 31 20 19 50 18 15 
17 12 30 16 27 21 21 22 42 31 31 21 21 18 35 38 14 19 14 12 29 18 22 19 16 32 7 16 26 15 35 17 26 19 36 31 25 29 24 15 
19 14 26 10 9 19 10 29 17 37 26 21 24 21 22 22 16 25 10 18 28 13 30 13 21 16 18 19 19 29 20 29 37 24 17 37 33 22 32 17 
11 11 17 17 26 22 23 4 36 13 25 23 23 21 32 25 15 20 15 27 25 13 16 25 13 34 12 17 16 17 25 13 19 22 18 16 35 28 31 16 
24 19 21 6 18 20 10 19 32 35 39 32 17 16 40 32 21 34 17 29 24 11 23 11 24 15 10 17 12 40 25 23 38 18 35 20 13 6 18 15 
21 19 10 20 28 11 10 25 29 33 11 18 36 32 45 18 14 30 17 21 21 18 21 10 31 25 22 34 21 21 34 14 18 16 23 32 34 35 40 17 
18 17 23 21 10 20 21 20 25 13 28 12 19 17 34 18 5 26 14 48 36 15 19 19 23 19 14 19 17 22 26 21 29 12 35 22 34 24 42 16 
14 4 15 9 27 24 10 24 32 30 28 17 33 27 37 47 13 15 14 20 32 16 25 16 14 20 15 23 16 29 32 13 22 28 35 12 18 24 18 12 
24 16 21 16 33 21 18 32 21 11 15 28 18 23 33 17 8 21 19 23 40 25 27 14 28 21 12 28 17 16 20 24 31 25 21 21 31 33 35 15 
22 25 19 25 31 18 11 21 29 18 31 24 22 15 37 35 21 14 14 21 27 19 34 14 15 17 9 16 18 25 35 24 10 16 39 29 16 32 15 18 
36 29 29 15 31 22 13 10 28 20 27 20 19 23 41 25 14 23 21 39 25 22 18 16 20 21 13 12 15 19 39 32 17 30 37 17 35 32 28 15 
25 21 28 12 22 35 9 21 30 16 28 2 28 18 29 37 18 32 13 22 13 8 32 16 9 32 14 24 18 25 23 23 15 9 26 23 26 20 26 20 
20 19 20 25 38 21 16 14 33 20 29 19 31 30 35 36 14 14 13 24 37 17 26 14 15 14 19 12 15 19 25 19 26 17 20 19 21 26 25 22 
22 19 24 5 29 19 15 21 21 27 23 39 13 17 25 26 18 29 12 28 17 12 24 11 17 29 15 17 19 33 27 19 36 14 32 19 24 33 26 20 
21 17 12 21 22 10 12 10 16 30 29 23 15 8 13 27 18 16 15 35 25 26 17 22 19 31 18 22 17 15 29 26 35 7 19 21 28 14 23 23 
21 6 28 18 35 22 13 32 29 27 30 17 20 13 32 25 13 7 19 49 28 17 21 18 25 26 10 18 19 26 41 28 16 19 32 17 34 39 14 16 
12 11 22 12 46 13 15 22 34 13 30 24 25 18 19 34 14 13 7 30 29 14 24 14 33 21 17 18 15 34 39 23 31 23 18 14 29 35 29 13 
24 21 12 10 36 16 14 38 15 35 30 28 31 32 39 26 11 29 22 23 39 17 25 16 20 11 14 13 19 27 30 15 22 18 33 25 24 41 22 13 
23 27 14 15 33 22 23 27 12 31 29 26 19 26 34 30 10 15 17 16 25 19 22 19 27 15 17 22 17 22 46 26 30 19 34 20 18 32 17 17 
13 16 22 25 24 31 15 29 28 26 34 19 24 15 20 17 18 19 21 35 26 17 21 14 25 25 9 14 15 26 37 28 15 15 21 25 31 29 28 17 
25 18 14 20 20 18 16 36 30 19 27 16 30 17 30 48 13 19 16 37 35 19 33 15 24 26 14 17 12 24 33 25 30 14 36 23 18 49 17 13 
21 11 11 10 24 25 15 28 51 20 30 22 18 33 42 24 10 19 10 29 28 13 38 14 16 20 14 11 17 35 38 23 24 28 44 17 19 26 24 1 
12 12 28 19 34 23 11 18 23 36 16 16 24 19 23 30 16 15 20 34 47 19 32 21 25 29 12 26 17 16 24 30 16 17 32 14 24 26 30 7 
23 12 27 22 35 22 17 20 28 26 20 25 23 13 35 21 20 18 17 20 34 8 27 14 21 29 20 22 10 22 30 23 23 23 22 26 29 16 26 17 
25 25 14 25 7 20 18 17 28 35 50 17 27 19 24 37 21 16 16 34 26 11 19 24 15 21 21 19 16 23 22 21 26 19 34 15 26 17 27 10 
19 19 19 14 28 23 19 26 29 37 24 21 29 15 32 36 14 28 19 20 30 17 28 20 27 17 19 29 11 20 33 17 15 20 37 31 24 33 21 9 
17 15 26 23 37 29 11 21 24 30 36 27 29 25 35 37 15 11 22 24 36 10 32 15 18 17 8 19 19 25 19 24 30 22 30 21 40 28 26 10 
20 23 19 23 28 25 12 17 34 48 28 28 23 21 33 46 7 24 12 34 36 17 16 19 19 18 13 14 11 30 29 8 25 28 28 20 12 25 26 16 
17 18 10 16 30 23 7 28 25 16 39 22 29 22 33 41 18 16 15 23 27 17 26 21 19 25 19 18 10 26 35 21 19 32 25 30 13 12 15 19 
17 15 11 17 31 32 17 27 31 38 24 22 31 12 15 44 15 35 9 36 35 19 28 16 18 32 17 17 22 18 17 16 18 32 12 20 23 14 38 25 
11 14 21 36 36 30 16 26 25 27 29 31 31 26 32 28 13 27 22 25 33 9 21 10 17 18 18 26 12 33 48 18 18 22 15 25 24 38 29 12 
22 13 22 29 23 15 12 19 31 21 27 25 30 22 41 25 17 14 14 21 34 15 34 15 21 30 16 21 12 23 31 10 27 22 22 27 28 31 26 12 
13 10 33 9 24 14 27 26 39 32 30 41 21 25 34 35 16 18 12 15 19 12 42 13 12 21 13 19 11 5 36 16 28 6 27 14 25 20 29 12 
11 26 18 18 31 14 18 23 30 35 30 11 33 18 36 41 14 25 16 30 33 15 7 16 22 18 19 15 17 30 20 28 10 20 28 18 27 42 21 12 
22 17 26 14 25 15 18 35 25 40 18 25 25 24 39 43 21 16 15 13 32 12 27 22 33 22 17 17 14 28 17 22 21 21 43 18 17 43 16 16 
23 13 31 23 26 17 16 24 39 27 32 18 22 19 41 31 9 25 18 24 32 12 22 15 22 17 16 11 23 15 30 38 25 19 36 21 18 40 29 17 
25 12 6 21 24 14 16 27 27 15 26 27 20 23 32 28 10 29 17 14 33 6 21 21 26 17 9 15 10 32 33 29 32 17 22 22 22 27 25 8 
19 7 22 21 29 15 15 17 24 23 23 25 30 24 26 31 9 2 6 20 40 14 33 17 20 22 13 21 13 27 25 14 37 22 36 32 24 12 29 15 
16 15 16 21 35 27 16 29 36 31 23 18 31 23 30 21 16 22 23 30 14 19 26 19 26 32 15 22 15 29 23 23 31 13 32 17 19 28 40 13 
21 28 15 20 24 24 15 37 31 30 22 23 32 26 16 34 15 23 18 36 38 20 30 15 25 32 11 19 9 16 27 28 28 23 31 14 26 33 22 12 
13 16 25 16 31 18 12 26 24 27 31 36 26 23 34 19 20 18 18 18 32 14 13 19 16 35 13 21 17 15 39 27 27 31 28 23 27 33 28 17 
17 20 17 16 12 26 8 19 25 34 14 31 25 26 28 37 19 20 17 28 38 15 29 10 27 14 13 19 16 21 37 17 19 23 30 25 19 12 10 16 
16 26 31 13 30 17 18 27 29 26 22 28 24 18 23 26 15 22 12 28 19 14 26 16 26 25 20 22 6 18 29 32 36 17 28 20 18 26 20 16 
17 13 20 23 38 22 15 23 39 22 19 24 36 23 34 36 11 18 16 20 33 9 34 18 7 5 15 7 14 25 42 26 21 31 27 18 23 38 15 17 
23 21 22 25 15 15 11 19 21 32 35 26 21 25 44 43 12 19 9 20 22 15 18 15 28 23 16 21 15 13 34 26 18 25 26 24 33 6 26 22 
19 17 17 13 27 24 18 42 28 25 39 25 20 27 29 14 14 19 13 27 32 10 15 12 19 16 18 19 16 19 26 29 18 17 14 25 17 41 28 10 
24 23 19 22 29 25 15 23 35 25 34 25 26 23 32 29 20 24 12 26 33 23 29 10 17 13 17 13 12 16 30 30 31 12 19 17 29 36 29 25 
10 13 18 20 31 31 19 27 23 31 18 26 24 29 38 40 21 26 12 25 26 12 36 16 28 23 14 14 19 22 18 24 35 29 19 19 19 31 30 17 
28 19 32 23 21 27 18 20 22 27 30 22 18 20 49 32 18 19 18 26 32 21 17 21 29 18 18 15 18 21 27 17 29 28 39 21 14 30 37 15 
18 17 17 21 16 23 9 23 29 40 27 17 33 15 28 22 15 21 22 22 27 9 27 14 22 29 17 16 14 26 45 31 22 17 38 29 29 37 14 12 
19 15 22 11 20 17 16 32 24 39 29 24 12 14 33 26 13 18 13 24 28 16 12 20 22 27 8 15 26 21 51 20 24 20 23 20 30 21 23 18 
16 25 24 16 25 28 21 33 38 33 33 28 37 20 35 10 15 24 12 19 27 16 33 14 19 12 17 12 17 29 32 16 12 24 14 29 29 26 33 20 
23 21 25 27 26 20 21 22 20 19 28 23 30 29 10 10 17 18 18 31 28 13 24 20 19 18 20 16 15 36 39 25 32 18 21 23 32 48 17 14 
18 15 20 25 26 19 16 16 39 30 33 18 16 14 22 37 12 21 16 32 37 7 34 20 15 21 15 20 16 26 23 26 31 18 46 24 20 11 24 14 
16 19 23 23 35 15 12 17 23 28 37 29 17 25 16 30 14 18 16 26 28 17 29 15 23 24 14 17 17 20 35 30 23 28 27 41 21 37 11 13 
22 20 19 22 25 20 9 24 35 24 26 17 41 16 27 28 12 15 12 27 31 13 29 7 8 24 16 25 21 15 19 32 28 17 18 14 21 37 26 15 
18 16 25 15 29 16 15 23 10 35 27 17 29 21 38 11 14 15 16 25 37 13 20 15 28 14 15 17 16 31 37 25 21 21 32 27 17 7 43 21 
15 22 26 21 38 20 15 17 37 26 25 26 16 21 10 10 16 14 17 24 23 14 27 21 25 26 11 22 19 21 30 23 18 24 33 12 27 34 36 10 
19 4 22 25 31 16 18 18 24 23 45 35 32 33 29 22 20 15 18 40 37 16 24 10 14 32 14 19 18 25 51 24 20 19 30 15 24 19 36 15 
20 16 25 23 25 26 16 24 39 32 30 24 26 28 23 28 14 28 15 29 44 15 21 17 15 29 17 23 19 26 35 28 16 21 33 17 25 26 17 20 
18 23 12 25 21 21 16 29 28 36 30 21 21 25 26 44 23 22 9 24 26 12 12 19 22 14 10 12 20 23 27 26 33 22 33 23 24 40 39 16 
21 14 20 19 24 10 14 17 31 20 36 20 16 31 36 32 11 14 18 32 34 17 12 11 8 27 16 15 18 19 33 21 15 20 35 23 23 49 24 20 
19 9 19 27 18 27 12 30 23 26 38 35 10 22 35 11 14 12 13 21 18 9 18 16 16 26 12 18 16 25 32 30 27 11 27 27 22 33 27 14 
28 17 16 16 28 22 16 18 10 40 39 15 22 28 40 30 9 21 17 28 32 11 22 14 29 18 18 16 15 24 41 17 24 18 36 24 26 30 23 16 
22 23 23 25 16 14 20 22 33 23 23 22 23 18 26 46 17 22 11 36 32 20 27 14 25 16 13 11 11 30 31 35 25 21 38 28 20 38 31 16 
17 9 21 24 26 23 16 38 29 35 22 16 21 23 27 40 12 20 19 30 33 14 26 18 22 19 7 25 23 18 31 18 33 16 25 31 23 24 25 18 
20 28 28 15 34 32 14 28 21 9 28 14 18 32 38 50 12 15 20 20 33 16 18 15 17 23 11 18 19 29 27 30 27 28 38 23 27 24 11 8 
9 16 19 23 26 20 12 23 30 22 32 30 30 28 12 31 17 16 16 23 21 15 26 11 23 28 8 26 12 14 39 20 26 29 21 27 30 35 34 13 
18 19 11 20 20 9 9 31 40 16 26 24 29 16 24 31 13 21 18 24 23 11 28 20 16 14 10 20 15 18 30 30 18 26 17 28 23 40 17 19 
17 21 20 20 28 22 11 33 27 29 41 26 16 26 38 34 15 32 12 18 40 18 28 19 20 29 16 11 20 29 16 27 25 23 39 26 19 32 27 14 
21 16 29 11 16 31 12 21 27 19 30 19 25 23 29 18 12 30 20 21 45 18 31 12 23 24 12 18 18 24 28 22 31 20 34 18 13 32 20 20 
23 15 28 27 12 16 13 34 34 25 27 12 21 26 46 32 11 24 20 32 21 13 19 20 18 18 10 23 26 7 30 20 25 26 39 26 24 30 30 20 
18 27 20 28 33 22 12 23 17 40 28 22 26 17 19 38 18 15 13 16 18 10 29 10 24 29 11 8 15 24 45 25 22 18 32 10 29 43 22 22 
11 12 35 11 24 17 10 20 22 23 23 23 13 23 31 34 14 28 12 34 39 14 21 12 19 23 15 17 3 8 24 18 17 15 33 14 19 26 21 17 
31 12 25 26 25 31 13 25 31 21 20 19 25 12 36 23 16 20 15 23 31 9 30 13 23 14 14 19 13 22 43 24 25 27 30 20 18 21 19 18 
17 24 11 24 18 24 20 22 30 31 28 22 16 12 24 41 13 27 10 29 22 19 21 15 15 31 16 15 23 22 39 24 16 22 27 21 29 18 16 11 
23 17 17 16 34 22 15 6 46 22 22 19 42 27 39 45 19 16 17 21 37 25 28 19 18 17 16 21 26 15 29 19 22 25 32 23 26 12 23 14 
21 16 19 29 34 23 16 25 22 27 16 14 24 20 19 48 18 11 13 44 33 17 23 13 23 23 14 26 14 31 32 11 21 24 14 20 32 24 27 15 
21 17 11 21 21 29 19 23 14 27 37 19 23 24 9 38 17 19 20 20 29 10 6 17 21 12 14 11 17 12 12 26 38 22 12 18 21 28 30 13 
23 14 15 12 32 22 15 21 23 27 27 28 28 18 18 34 14 24 14 21 12 15 12 8 9 21 20 18 17 27 40 9 12 24 26 16 24 24 17 15 
18 16 17 27 21 20 16 28 18 29 46 28 22 28 32 19 13 29 17 43 36 13 23 18 24 17 14 15 19 23 24 16 12 29 25 23 22 26 31 9 
20 13 7 21 15 21 20 27 26 29 28 17 25 34 40 46 16 32 7 30 31 12 23 20 9 26 17 23 12 29 35 26 25 30 43 24 21 26 38 15 
18 11 21 20 33 20 12 20 40 20 32 32 20 27 38 27 12 20 17 17 24 12 26 13 13 21 18 18 26 19 29 18 18 18 32 12 19 27 32 12 
12 17 18 20 13 19 13 29 17 30 20 17 15 25 26 30 22 10 22 11 33 18 21 17 25 36 13 8 12 16 41 19 30 20 21 19 34 33 20 20 
25 20 25 29 33 24 13 18 33 29 26 11 19 26 20 36 21 15 16 28 39 16 23 13 18 19 14 18 18 35 31 20 25 27 40 19 24 31 22 19 
20 16 15 22 36 23 9 26 28 33 26 20 20 19 27 22 14 20 12 22 20 11 20 12 28 19 11 17 15 16 28 18 26 20 18 26 23 48 11 11 
21 12 29 19 26 27 22 20 43 26 34 28 9 20 37 25 17 23 10 23 37 14 36 24 25 14 16 17 24 17 22 17 40 23 15 27 27 22 31 12 
24 16 25 10 33 16 19 32 34 36 30 22 23 25 31 24 14 20 14 19 48 22 29 13 14 15 11 8 11 12 36 24 17 28 26 23 21 24 22 15 
21 16 16 26 26 12 20 30 41 21 20 22 20 16 20 14 18 22 16 23 31 11 11 15 20 21 25 24 15 23 29 24 40 18 33 27 22 23 21 10 
17 18 16 16 23 20 14 35 15 15 29 33 16 25 40 33 11 33 13 26 35 19 10 20 19 25 13 18 14 26 34 29 30 10 27 4 17 35 11 16 
7 25 22 15 20 7 13 21 15 23 28 15 16 36 36 44 10 13 12 24 22 16 19 16 20 33 11 16 21 32 36 20 6 25 23 23 14 27 22 15 
14 11 22 9 30 23 17 18 34 39 39 35 22 21 27 34 10 30 21 19 51 18 33 18 19 21 19 19 15 22 38 15 17 18 29 10 27 36 14 15 
22 13 15 27 39 25 15 12 25 32 28 29 18 17 33 25 8 20 13 24 28 20 19 10 12 15 15 13 15 27 23 27 26 22 38 24 25 31 26 9 
26 21 19 21 19 21 19 20 29 29 35 18 30 20 30 41 14 19 13 20 59 13 21 13 21 21 17 14 23 23 38 18 29 16 26 39 30 38 8 12 

MachineCapacities:
MachineID Capacity
0 10
1 10
2 10
3 10
