NumTasks NumMachines NumScenarios
10 3 10
TaskDetails:
TaskID ReleaseTime ResourceConsumption SuccessorsCount Successors...
0 0 5 7 4 1 3 
1 0 2 4 6 1 3 
2 0 5 1 4 0 
3 0 9 9 9 0 
4 0 7 4 7 0 
5 0 8 9 1 1 8 
6 0 4 9 5 0 
7 0 5 3 2 1 9 
8 0 6 8 7 0 
9 0 8 9 3 0 

20 29 15 36 19 41 10 8 25 3 15 31 19 18 7 19 31 34 26 12 11 21 32 17 25 30 29 7 11 10 
34 50 35 25 29 40 11 12 22 15 12 29 20 9 14 14 19 30 19 15 11 24 30 19 22 16 18 16 10 12 
11 24 15 38 18 32 13 12 17 14 15 24 32 22 9 15 22 31 14 14 12 25 20 22 44 23 31 27 12 14 
21 16 23 38 36 39 14 10 18 13 12 30 14 15 13 14 12 32 24 16 13 26 48 16 29 20 42 19 8 14 
33 22 18 7 24 21 11 6 15 11 16 10 29 9 8 8 28 23 24 13 17 15 24 15 27 22 31 25 10 11 
23 19 17 37 28 19 11 14 23 11 7 22 28 17 19 17 22 27 22 12 11 31 24 15 44 29 26 20 11 11 
25 35 27 40 21 28 11 6 13 17 13 18 34 11 12 14 15 29 22 16 10 18 32 17 32 14 31 22 14 7 
27 22 29 19 30 30 13 12 22 11 6 30 41 10 18 13 25 17 12 20 13 15 42 21 1 31 28 27 15 8 
32 30 23 29 30 44 14 11 21 12 17 40 21 14 7 18 35 17 22 17 10 8 22 11 46 35 13 18 14 17 
9 38 17 30 18 31 11 11 22 19 14 39 22 15 16 16 23 28 21 13 8 27 28 19 28 19 24 23 16 8 

MachineCapacities:
MachineID Capacity
0 10
1 10
2 10
