NumTasks NumMachines NumScenarios
10 3 10
TaskDetails:
TaskID ReleaseTime ResourceConsumption SuccessorsCount Successors...
0 0 5 6 7 3 1 2 4 
1 0 8 9 2 0 
2 0 8 7 2 0 
3 0 5 6 5 0 
4 0 9 7 4 0 
5 0 3 5 2 2 6 7 
6 0 7 3 2 0 
7 0 4 2 2 0 
8 0 4 3 4 0 
9 0 7 10 8 0 

11 24 32 16 34 21 40 20 15 16 21 14 15 32 15 24 15 12 33 19 19 30 28 13 20 5 35 20 12 8 
11 28 28 26 45 25 21 10 9 16 40 14 26 27 16 35 16 12 32 17 32 38 39 16 14 31 41 24 17 10 
11 25 24 27 37 18 27 24 23 8 21 18 31 26 11 22 10 9 26 22 32 18 36 14 26 23 29 24 8 9 
14 25 28 25 31 23 30 20 15 23 25 11 40 33 14 33 16 10 18 13 14 28 24 10 34 23 20 30 7 10 
11 21 17 33 20 16 25 20 23 24 28 15 17 25 13 26 15 9 32 18 24 31 27 13 29 28 18 23 12 12 
6 22 24 24 35 12 24 25 20 35 21 14 19 17 10 26 17 13 29 12 27 15 34 14 22 38 41 20 12 10 
10 25 31 21 42 22 20 19 17 21 30 13 28 23 15 29 19 13 26 20 25 37 33 16 36 22 22 24 14 10 
12 25 31 23 8 18 26 18 22 32 12 14 11 15 19 20 11 9 33 24 39 33 27 20 44 30 32 28 12 10 
15 25 20 30 26 18 31 20 21 17 20 18 11 21 10 36 10 8 22 10 42 17 36 14 32 23 35 21 14 7 
8 17 26 20 27 19 23 18 18 18 10 16 23 34 11 32 20 7 29 21 19 36 32 11 38 19 27 25 10 11 

MachineCapacities:
MachineID Capacity
0 10
1 10
2 10
