NumTasks NumMachines NumScenarios
10 3 10
TaskDetails:
TaskID ReleaseTime ResourceConsumption SuccessorsCount Successors...
0 0 3 8 3 1 4 
1 0 2 3 7 1 4 
2 0 3 3 2 0 
3 0 4 2 2 0 
4 0 1 2 4 0 
5 0 9 5 6 2 7 9 
6 0 3 7 7 0 
7 0 5 1 4 0 
8 0 10 5 3 0 
9 0 2 4 10 0 

17 15 30 26 16 16 14 40 14 11 14 18 35 17 24 13 20 17 12 14 15 16 22 15 29 19 31 28 27 20 
12 21 21 19 11 19 11 20 19 17 14 15 19 28 24 7 31 14 22 8 8 18 21 12 27 24 51 33 37 21 
10 22 35 24 13 31 9 33 19 9 13 19 21 24 20 13 42 15 24 16 14 13 13 18 27 18 21 27 25 23 
13 23 33 27 13 28 10 23 31 16 11 10 45 22 18 11 51 14 18 7 20 28 22 14 23 24 33 13 35 19 
9 11 23 34 12 22 11 37 24 20 9 19 15 31 15 8 26 19 18 9 27 13 26 16 24 22 35 21 28 19 
3 27 18 30 9 26 9 41 25 13 13 16 31 20 13 11 13 6 20 9 22 6 21 17 29 20 20 25 37 26 
12 19 32 37 10 18 7 39 31 10 14 17 16 22 18 8 34 16 23 12 17 19 16 15 18 16 21 19 20 26 
10 16 30 23 12 22 10 35 31 16 13 13 15 31 25 19 38 13 24 8 17 15 19 18 17 31 33 13 31 16 
11 17 22 22 11 29 12 34 19 11 19 22 36 17 21 13 35 10 15 13 19 22 17 12 29 31 34 25 35 25 
12 15 26 17 12 10 11 33 12 25 8 15 30 44 16 13 40 20 20 12 17 21 21 16 20 31 25 22 15 19 

MachineCapacities:
MachineID Capacity
0 10
1 10
2 10
