NumTasks NumMachines NumScenarios
15 4 500
TaskDetails:
TaskID ReleaseTime ResourceConsumption SuccessorsCount Successors...
0 0 2 2 2 10 1 5 
1 0 3 6 9 7 1 3 
2 0 5 5 1 5 0 
3 0 4 6 1 5 0 
4 0 8 9 1 8 0 
5 0 8 4 2 8 1 6 
6 0 7 9 8 10 0 
7 0 2 3 9 5 2 13 14 
8 0 9 9 7 9 1 14 
9 0 5 10 8 2 1 14 
10 0 5 1 3 6 1 13 
11 0 9 6 3 3 1 14 
12 0 10 9 8 5 0 
13 0 2 3 8 2 0 
14 0 3 4 10 5 0 

19 32 12 22 29 14 17 26 27 22 29 26 41 21 22 17 8 18 28 26 34 17 11 30 14 10 20 19 33 32 21 37 21 23 22 34 19 33 30 27 18 17 27 11 19 38 27 13 38 38 23 14 34 28 14 15 20 12 22 27 
17 31 23 19 29 25 23 35 20 11 21 22 33 17 14 22 19 21 8 18 33 24 23 57 20 32 25 21 28 33 20 24 11 21 28 28 19 18 22 44 9 14 16 20 19 29 36 19 29 36 21 24 38 24 21 23 22 9 23 19 
24 31 32 9 27 35 18 24 32 16 29 28 32 19 9 27 27 23 22 28 15 30 17 19 23 22 48 18 26 31 26 30 22 26 12 19 17 26 26 30 28 13 20 12 15 25 34 20 34 23 12 13 23 17 26 24 23 21 20 12 
18 32 15 31 24 17 20 28 25 22 27 20 28 22 10 22 22 21 27 26 19 27 20 31 24 29 29 17 31 34 13 12 5 16 30 13 15 15 40 35 24 16 23 25 19 28 29 18 30 32 18 19 28 21 24 19 10 19 24 19 
16 33 20 22 25 23 27 33 25 22 23 26 17 19 20 18 19 22 24 15 32 18 12 26 24 19 24 15 34 22 27 34 29 17 28 26 22 22 42 26 25 14 33 14 12 31 31 21 18 22 19 12 25 37 27 28 18 23 20 29 
8 24 30 24 32 24 21 30 20 9 37 21 27 13 10 22 42 24 25 15 27 30 16 27 19 23 34 23 2 20 12 25 16 23 16 19 7 22 26 16 27 16 14 11 18 31 25 17 29 19 15 22 18 30 22 17 16 15 23 13 
18 31 24 29 26 25 12 31 21 17 34 31 51 15 20 20 19 28 16 22 41 34 15 31 28 33 32 21 31 41 30 38 17 25 22 19 12 14 18 22 31 14 18 16 21 35 50 19 25 34 19 24 28 30 23 25 19 14 22 37 
13 34 12 31 40 11 14 30 20 19 23 35 29 18 11 22 18 21 30 23 37 26 24 24 18 16 20 6 31 38 23 22 19 23 16 34 13 30 33 31 34 18 21 11 20 27 38 17 25 23 19 17 25 30 9 22 21 11 27 26 
17 17 27 30 17 24 18 36 33 24 31 29 21 17 17 16 25 16 28 14 34 20 14 30 18 26 24 18 23 25 18 30 9 30 29 21 16 15 11 26 21 16 6 20 15 16 33 16 38 22 16 18 42 23 28 13 18 16 30 24 
23 20 23 26 32 11 22 23 28 12 22 18 48 24 14 19 14 19 9 14 22 21 27 34 21 10 13 10 22 32 24 33 19 20 24 31 19 16 24 13 29 23 16 20 12 23 31 16 37 24 14 22 22 34 9 18 17 20 26 24 
13 36 27 20 29 25 17 15 40 16 35 33 29 18 11 26 32 22 7 16 15 32 27 36 19 32 20 23 43 28 13 35 7 28 25 30 13 13 38 27 42 16 13 23 14 34 18 13 23 28 14 12 36 20 12 22 16 17 25 19 
16 23 11 8 34 36 15 25 14 17 24 11 32 18 12 18 26 25 25 14 21 39 15 17 18 7 28 23 24 35 20 15 20 27 30 24 25 19 38 23 27 18 18 18 14 42 31 15 25 31 20 20 47 18 16 6 19 23 27 23 
12 35 26 23 46 29 16 32 28 7 31 45 35 14 9 25 33 25 20 21 23 33 19 36 31 26 36 11 37 20 25 28 19 22 32 25 15 24 15 21 39 15 13 13 17 35 22 20 24 17 17 22 37 31 21 24 12 14 20 20 
11 21 24 33 35 19 21 38 24 14 23 22 29 14 10 18 22 20 18 15 29 22 18 26 19 22 32 20 21 20 9 26 10 23 38 16 8 28 30 33 29 20 12 21 17 40 45 20 17 28 14 21 27 37 19 21 16 17 28 29 
14 24 27 22 22 26 15 31 30 15 27 17 27 25 19 13 31 24 16 21 30 36 15 28 28 26 20 21 34 26 26 30 13 22 25 27 12 18 37 34 21 22 23 22 22 32 25 20 18 42 17 29 25 33 13 33 18 16 30 26 
16 16 17 27 28 25 13 31 31 10 26 23 20 14 19 31 30 13 18 22 28 34 17 30 20 26 27 17 25 30 23 37 16 31 19 14 28 35 24 14 28 12 19 13 16 32 50 20 37 28 8 15 29 28 9 26 18 20 19 36 
21 28 15 18 30 29 27 36 24 15 25 18 43 27 13 17 38 17 13 20 21 22 10 29 17 31 12 10 26 20 14 26 15 25 35 20 14 25 26 22 15 18 26 11 19 35 45 17 22 32 10 20 42 26 28 26 11 17 13 26 
14 23 10 20 27 23 16 24 24 15 21 34 31 21 12 19 21 21 31 9 23 28 14 37 22 26 11 23 37 44 33 12 26 18 16 35 15 22 30 28 35 12 14 21 16 26 47 22 23 24 12 11 36 12 22 32 14 10 10 22 
16 32 29 34 17 27 22 20 19 23 26 29 22 22 16 12 45 38 24 21 31 29 22 10 16 21 28 18 21 33 20 35 17 26 30 31 16 17 31 17 27 10 15 18 18 43 21 13 31 18 13 19 35 19 19 22 8 15 13 29 
19 31 27 20 32 19 25 31 25 11 35 20 31 19 13 25 24 32 18 23 30 28 19 38 25 25 19 12 17 20 19 23 17 22 23 21 21 13 22 40 42 16 22 19 26 33 25 13 29 38 20 7 27 36 13 15 20 18 10 20 
18 23 25 43 26 21 19 30 27 24 23 27 28 19 12 21 27 26 10 11 24 34 11 31 16 10 31 7 26 34 21 37 18 32 31 30 19 30 18 23 37 18 28 11 7 53 18 18 17 32 12 15 47 38 25 13 24 15 29 25 
16 27 29 32 24 22 23 27 21 23 19 36 27 9 17 28 20 29 22 7 18 16 14 8 28 21 28 22 41 30 21 13 24 31 33 19 21 22 26 25 13 19 28 10 8 30 24 13 19 31 13 16 21 22 18 14 16 17 11 27 
10 20 27 18 31 20 16 35 18 14 23 33 21 8 11 30 23 24 20 21 26 28 17 38 21 23 31 20 33 27 20 28 5 30 25 21 21 14 23 21 17 12 10 15 18 30 38 9 28 37 19 17 23 22 24 16 15 14 19 35 
17 19 12 25 23 36 18 29 18 17 18 21 30 20 11 18 26 23 31 13 19 31 23 35 25 25 34 15 20 24 29 23 14 22 24 30 18 22 38 38 28 17 28 27 15 39 23 17 36 10 12 7 21 26 24 25 26 10 27 15 
15 31 15 33 24 24 6 35 14 17 39 30 33 13 10 32 19 33 15 18 28 23 15 19 26 21 31 23 33 17 19 24 14 20 22 21 14 18 20 18 42 11 29 25 20 22 41 21 28 35 16 26 39 36 15 22 21 13 26 30 
27 32 23 18 19 19 19 38 26 13 27 32 20 18 18 19 25 19 15 6 16 25 23 40 22 26 20 17 40 23 11 31 13 27 33 17 18 30 24 33 38 17 24 14 12 30 41 21 33 28 20 23 33 26 9 22 19 24 32 35 
22 16 27 22 35 34 22 37 17 12 29 21 22 18 24 19 28 11 18 14 15 21 20 26 23 18 34 28 39 39 19 32 22 24 35 22 13 16 15 35 38 19 26 11 15 22 37 17 13 41 14 20 43 23 18 25 18 5 12 18 
15 18 20 20 35 17 26 32 26 22 19 16 22 21 14 23 12 42 26 20 31 27 20 13 23 20 31 24 32 26 28 37 17 23 27 9 20 17 31 31 24 17 24 11 19 29 35 12 32 16 13 10 26 34 16 20 16 14 22 20 
16 28 16 32 24 35 24 22 28 11 18 25 40 27 13 13 29 30 17 14 36 20 17 33 22 37 28 13 27 31 34 13 15 25 30 27 14 24 27 19 14 11 9 18 26 16 26 19 30 22 10 20 30 25 23 23 22 17 23 19 
24 31 32 24 35 29 26 30 20 21 15 27 27 12 14 26 29 25 14 15 22 27 23 46 30 19 17 10 33 23 9 27 19 23 36 18 15 28 21 26 29 20 18 8 15 29 30 16 21 34 18 23 26 26 13 31 11 20 30 17 
8 26 26 21 29 31 20 43 25 22 33 23 30 22 13 20 19 24 23 13 25 34 15 25 19 30 26 12 25 42 25 29 22 26 29 26 21 31 36 33 26 12 29 13 14 33 39 13 42 33 18 17 17 40 14 23 10 20 21 29 
12 20 24 27 27 30 13 39 24 18 26 37 36 15 12 20 5 24 18 23 25 21 16 35 34 30 39 17 32 22 28 26 13 28 33 27 26 21 25 31 38 14 12 13 14 22 19 17 25 30 13 19 39 36 18 25 19 19 17 19 
16 27 25 28 42 32 11 27 31 19 18 32 37 14 8 7 23 28 27 22 14 22 16 24 23 26 35 16 28 36 15 32 8 21 22 24 19 24 35 23 18 23 14 19 16 31 28 14 21 29 17 20 30 34 29 18 16 19 22 16 
20 21 25 25 32 24 11 14 31 15 28 26 42 12 17 26 18 39 17 14 20 21 24 46 19 15 31 15 31 42 18 29 15 22 32 32 16 21 36 35 37 13 17 17 17 31 27 17 33 28 12 16 25 31 27 23 15 15 14 28 
20 32 25 7 31 18 14 38 18 20 25 34 29 14 8 26 16 13 32 14 27 24 26 24 23 30 16 19 28 25 19 28 23 35 9 29 19 18 28 24 19 19 22 16 19 25 19 16 26 38 14 18 32 31 17 20 15 10 17 30 
20 16 19 28 32 27 20 28 32 6 17 29 43 15 13 20 28 31 24 12 39 34 15 40 31 28 21 15 31 26 19 21 21 24 13 27 20 22 20 22 25 8 26 21 18 33 31 19 34 22 15 20 24 35 13 24 17 20 21 23 
14 28 23 22 34 35 13 25 17 19 20 30 43 24 15 21 31 35 17 12 33 21 18 24 10 19 32 27 28 33 15 8 14 16 29 16 16 18 42 26 24 15 21 11 20 19 17 13 9 34 20 19 6 24 17 27 18 16 39 24 
17 21 17 20 31 29 22 27 19 9 26 19 31 21 13 27 23 28 20 18 26 32 18 26 24 18 15 22 22 37 28 26 25 20 43 23 21 21 22 16 31 20 15 17 21 29 32 22 7 21 17 23 29 29 22 27 28 13 10 16 
16 23 24 20 19 24 18 44 20 14 33 24 27 16 14 20 31 32 19 13 20 15 19 32 23 18 28 19 26 31 21 20 19 22 30 24 23 19 24 13 38 18 15 21 17 23 31 17 32 28 10 23 25 20 22 26 13 23 24 40 
15 37 11 33 13 31 15 18 23 18 31 36 32 14 25 26 21 25 24 16 29 37 25 27 36 29 24 12 29 32 21 27 21 24 23 16 26 20 14 29 21 11 15 30 16 35 24 15 19 40 19 20 25 35 26 21 23 16 22 22 
15 27 29 18 24 30 16 36 18 19 22 18 16 10 13 26 27 17 21 22 28 24 16 41 19 23 12 22 30 30 27 32 24 23 31 25 17 21 17 36 16 10 34 18 21 29 40 9 28 18 19 14 31 21 28 17 20 13 20 27 
21 11 27 20 16 23 12 27 25 23 28 24 10 11 12 29 20 23 21 22 28 26 19 24 24 49 19 14 20 30 23 24 15 20 31 24 14 16 33 37 30 18 23 23 16 33 28 29 25 30 21 26 36 44 5 23 17 8 27 30 
18 23 17 25 21 30 13 27 28 16 35 31 37 21 11 22 20 24 31 21 45 25 14 39 32 19 28 20 33 29 23 31 17 17 35 20 27 26 26 18 37 16 24 23 12 36 39 14 19 31 19 20 48 21 22 14 19 25 7 15 
18 18 30 27 19 39 9 16 31 23 32 37 22 14 13 17 21 37 26 17 30 33 19 22 22 28 22 24 21 40 7 28 15 26 23 20 15 24 26 26 10 10 24 16 14 29 42 15 42 37 17 17 21 25 14 25 18 13 26 12 
18 18 20 19 24 31 15 37 19 19 27 32 28 15 20 27 9 22 27 16 28 20 19 48 26 33 11 27 35 29 20 28 17 21 35 18 17 39 15 19 38 15 18 16 16 26 39 15 36 23 15 14 33 24 16 18 19 15 24 34 
9 16 28 22 37 22 15 26 28 12 29 30 19 21 18 17 25 41 34 26 30 27 20 17 27 36 46 12 29 28 34 25 13 18 20 21 18 33 31 11 25 9 22 21 19 21 37 10 27 10 12 15 32 28 12 13 17 17 18 26 
17 29 27 24 26 27 19 14 21 20 26 25 35 22 15 18 30 25 21 15 26 28 18 21 25 24 25 16 36 21 14 14 23 25 29 16 25 24 12 19 42 22 25 17 24 26 40 9 21 33 19 14 36 23 30 20 13 18 23 28 
17 18 25 22 16 23 13 25 20 21 27 34 11 16 18 11 15 26 13 16 17 25 19 25 28 33 40 22 32 26 26 13 13 27 25 24 23 26 31 30 36 19 18 18 20 23 26 4 30 38 13 19 28 34 22 24 14 12 24 27 
16 26 11 24 40 24 11 28 28 19 21 29 29 11 18 20 25 23 26 12 19 22 15 35 15 25 19 12 22 38 20 19 7 27 16 13 20 18 32 26 22 22 22 17 13 26 31 19 26 21 23 21 37 26 23 19 21 19 24 31 
21 32 36 29 25 38 19 26 33 8 24 16 45 17 21 14 28 24 9 14 19 28 7 29 26 28 37 14 35 25 21 28 12 23 20 25 21 17 13 18 22 13 19 25 18 26 47 19 25 31 15 23 23 21 29 27 9 17 13 22 
10 29 26 24 35 17 13 24 26 5 25 28 17 17 25 22 35 23 21 20 44 25 18 18 23 22 27 24 25 29 22 28 23 11 36 21 16 19 33 33 20 16 29 12 18 42 45 18 28 35 12 24 19 22 19 18 13 24 12 16 
17 26 32 5 33 36 19 30 12 11 12 28 38 16 8 27 33 30 16 10 28 22 22 37 22 20 39 20 15 18 19 31 19 26 18 25 15 25 20 25 31 14 25 11 17 31 26 17 28 19 19 25 29 32 25 23 19 10 26 18 
18 20 18 27 22 23 18 29 18 22 21 21 31 17 12 14 21 12 27 19 39 39 18 21 19 23 29 22 38 40 24 32 25 27 21 20 20 28 30 20 33 20 14 15 13 35 40 15 26 18 13 20 30 28 21 25 21 21 24 30 
14 30 27 25 35 32 26 31 20 9 24 28 23 19 15 31 27 21 19 18 30 20 14 26 29 32 17 13 30 24 18 22 8 20 19 32 10 25 14 21 39 9 16 18 15 19 35 24 24 15 12 19 29 36 12 16 21 22 17 27 
13 35 23 34 35 28 7 20 16 16 29 22 44 25 8 32 14 28 9 16 41 42 16 33 9 27 34 12 31 15 24 28 12 21 29 12 18 14 25 20 31 14 30 25 12 20 23 16 24 32 17 26 12 17 26 24 21 13 18 29 
13 24 25 23 29 15 14 17 11 12 26 37 19 19 20 24 32 34 26 21 10 31 11 36 30 35 32 23 47 32 12 28 5 16 31 29 20 24 24 27 30 13 14 14 18 25 18 17 33 31 21 12 31 30 18 24 22 22 20 13 
9 18 19 20 27 33 15 27 27 16 29 26 22 27 13 30 22 28 14 23 35 24 15 37 31 28 32 19 28 33 20 27 14 27 35 17 30 13 24 24 17 17 18 31 13 19 41 22 22 19 8 16 33 28 20 12 19 12 17 22 
12 17 21 24 10 34 13 27 21 15 28 24 33 32 19 24 27 24 21 14 28 26 23 21 26 36 32 19 41 32 20 22 20 33 21 14 16 20 35 22 12 9 14 14 18 18 17 19 27 40 15 16 42 22 21 19 10 20 15 22 
21 23 28 37 21 24 23 38 15 15 31 36 31 11 16 25 28 9 24 18 23 20 20 39 39 30 18 16 39 22 23 41 14 29 31 21 30 26 16 32 26 21 14 10 18 21 38 14 35 42 9 7 32 35 12 14 17 18 20 20 
17 26 27 27 24 29 12 36 10 13 25 33 14 12 12 12 16 27 14 9 33 17 21 40 37 23 23 10 23 24 23 29 15 22 41 32 21 11 34 30 22 9 21 15 18 20 34 19 29 35 18 8 22 36 20 19 23 8 14 16 
16 14 23 26 38 33 12 28 25 24 20 42 39 11 22 18 30 18 18 15 18 17 13 23 11 17 33 19 12 18 9 11 12 22 33 12 21 12 24 27 22 21 12 20 18 41 30 13 29 18 19 18 39 27 21 23 27 18 18 11 
6 24 22 29 20 39 21 30 29 14 27 26 27 21 17 15 21 31 19 22 24 28 19 38 21 30 32 8 20 23 21 26 13 21 39 21 26 12 32 24 27 20 16 21 16 21 17 15 27 34 17 15 33 31 22 14 18 11 17 29 
21 26 19 18 43 17 18 40 19 22 23 26 26 17 14 19 22 26 12 17 44 19 20 40 24 20 25 19 49 32 16 26 18 17 25 30 21 20 28 21 11 17 24 20 12 28 30 8 17 27 10 13 26 30 24 25 20 17 15 15 
7 35 30 23 26 26 15 44 25 14 30 24 34 17 19 27 21 17 24 15 31 17 13 14 35 25 22 17 38 38 21 25 21 22 18 20 25 22 36 33 41 14 29 12 15 28 30 10 23 21 9 12 34 44 12 23 12 23 17 24 
20 21 29 41 32 29 20 39 20 19 23 31 26 25 12 21 16 21 20 16 30 23 20 38 22 25 25 16 18 14 7 30 24 22 25 31 20 18 18 17 30 13 17 24 16 25 30 11 12 21 19 21 22 36 23 25 16 23 24 37 
23 30 20 25 36 35 20 21 22 28 31 36 18 23 8 20 14 30 26 25 24 35 30 27 22 14 28 21 24 28 30 25 11 21 22 14 6 18 18 29 34 18 8 30 13 37 46 14 24 24 16 16 28 21 21 17 21 13 17 20 
12 26 29 25 17 17 18 18 15 13 25 40 46 22 13 15 23 22 19 15 26 23 14 24 28 24 32 27 28 17 15 36 22 18 38 31 21 24 27 31 39 15 15 15 14 25 20 14 18 25 19 12 37 36 22 26 10 12 10 21 
19 17 25 32 27 19 26 36 10 17 32 21 33 18 14 21 19 17 36 13 25 24 19 14 37 28 25 13 37 29 21 24 20 30 37 30 22 32 26 24 27 12 20 20 9 23 43 21 27 29 17 17 11 46 22 31 25 18 11 42 
16 22 16 29 32 13 23 19 20 11 30 26 29 12 20 17 20 27 35 15 22 32 19 26 21 26 29 18 25 9 17 29 14 36 16 16 22 24 20 33 42 17 15 18 13 16 19 18 20 43 18 24 26 21 10 28 19 17 16 28 
15 18 24 37 30 16 16 24 25 24 30 21 57 20 12 29 28 33 31 14 13 25 13 37 23 41 29 17 24 30 27 27 20 20 21 27 20 33 12 26 28 14 27 15 19 36 28 25 25 17 13 15 58 17 15 23 25 12 10 8 
9 21 14 7 40 23 14 40 29 19 29 22 27 27 11 15 24 14 24 23 14 44 16 29 23 33 25 14 19 40 21 29 19 17 30 30 15 26 29 28 25 11 13 16 18 10 33 14 21 23 17 10 28 31 31 15 27 18 25 25 
17 29 14 30 27 17 15 27 28 23 13 33 31 19 16 29 35 25 12 20 38 28 19 25 32 24 22 17 36 23 10 16 8 21 45 18 11 23 29 23 22 15 28 25 16 35 36 15 27 14 22 20 30 36 21 17 11 19 24 18 
13 17 16 26 28 24 19 29 20 19 26 16 41 25 15 19 25 24 23 18 32 25 19 23 17 32 21 18 30 30 23 35 17 20 24 25 21 18 13 21 35 16 14 12 29 31 13 14 19 24 16 24 24 28 21 10 22 18 22 19 
15 27 13 22 16 21 18 24 28 17 40 20 32 10 20 29 30 23 18 21 18 32 23 25 32 32 20 13 37 28 18 29 23 18 15 19 18 21 24 17 18 10 15 10 14 40 35 18 31 34 11 23 23 33 15 26 21 23 15 23 
19 27 27 17 30 21 14 30 31 19 43 30 31 20 13 27 21 14 14 19 25 40 22 17 28 31 30 22 43 25 17 22 19 26 18 24 26 24 28 31 35 20 24 14 14 10 16 17 31 22 14 14 18 30 12 24 17 23 28 12 
12 31 29 17 27 22 19 18 24 17 9 37 42 21 13 18 19 23 20 20 44 29 26 49 28 31 21 18 29 12 1 27 15 19 27 21 17 36 27 22 28 22 18 17 13 32 32 19 19 28 7 19 19 16 18 17 17 19 28 29 
11 39 25 37 29 21 15 30 16 20 34 27 29 25 14 29 21 14 18 20 27 28 19 23 16 37 27 14 23 25 20 24 18 28 12 27 18 33 22 32 34 13 22 15 17 28 39 18 40 35 17 21 17 26 20 20 24 11 17 29 
21 28 26 23 28 13 10 24 25 16 22 15 34 19 7 16 20 27 17 21 35 19 16 19 19 29 9 21 22 24 9 26 14 36 34 32 17 16 24 27 31 9 16 7 20 35 38 15 27 27 17 20 13 32 22 25 16 30 18 21 
16 19 20 18 23 26 19 15 25 16 28 39 34 27 19 13 32 19 26 17 28 31 17 26 12 17 14 22 30 46 15 33 11 23 34 20 24 28 31 17 13 16 16 19 19 12 24 10 20 33 10 21 30 34 16 17 13 13 19 19 
16 18 20 25 26 27 17 26 25 11 31 45 40 21 13 25 6 26 19 19 21 41 22 22 18 22 40 12 27 21 23 30 9 27 30 19 16 26 27 30 23 15 18 9 18 23 21 15 27 25 17 17 17 12 10 31 16 17 21 38 
15 31 19 11 32 16 19 27 13 18 26 42 30 21 15 14 13 28 10 18 28 23 20 39 23 17 40 24 37 38 23 26 19 13 18 23 9 13 21 18 20 7 23 17 12 35 23 15 28 27 7 20 40 26 41 18 15 20 16 27 
15 18 21 32 31 23 19 37 18 16 39 37 22 6 21 40 27 33 23 18 24 37 14 61 25 22 22 16 35 34 18 26 19 26 35 24 19 19 41 18 24 7 15 14 12 32 37 18 20 22 10 17 30 28 18 24 27 14 24 33 
11 29 24 22 30 20 15 19 16 22 13 31 23 19 11 19 15 20 15 17 33 10 20 36 29 34 29 18 28 33 14 21 24 31 30 19 17 19 15 22 32 15 30 13 16 35 26 19 29 20 15 13 27 37 11 24 11 26 30 20 
22 23 29 41 32 28 21 38 21 23 27 20 39 6 15 26 35 24 15 18 28 26 16 24 23 15 18 25 32 22 28 25 13 22 26 15 12 20 32 23 27 15 31 10 19 32 17 23 31 24 14 28 39 35 22 30 19 11 19 37 
11 13 21 12 29 38 17 21 22 23 23 27 21 25 23 29 35 34 24 26 25 21 18 28 25 13 23 18 23 9 28 23 22 26 31 22 21 23 36 20 22 15 15 19 14 26 19 16 36 23 14 30 31 30 19 24 18 19 20 38 
17 17 25 32 30 19 19 9 27 17 22 13 14 22 20 18 34 24 33 25 22 25 19 32 19 40 28 21 29 29 22 30 20 16 29 29 18 22 20 26 33 13 12 11 11 36 26 21 9 27 14 10 32 17 30 24 10 14 23 33 
15 21 23 17 19 23 24 27 19 26 28 27 32 16 12 22 26 28 19 19 35 18 26 38 25 31 25 14 27 24 20 35 10 12 23 25 25 13 47 16 29 15 18 11 18 27 25 12 26 25 20 21 21 26 6 21 16 22 22 20 
23 23 24 17 30 14 22 29 18 22 32 31 23 13 21 17 20 20 24 11 36 30 10 24 11 23 32 14 28 26 24 22 21 29 41 23 23 23 17 30 28 13 17 12 15 35 34 14 25 24 16 21 23 25 12 15 21 14 22 32 
26 27 13 26 36 29 14 41 31 16 23 27 39 18 12 15 37 19 27 19 41 23 23 24 25 36 19 19 35 38 24 33 24 13 25 19 16 28 26 18 33 11 33 19 17 39 32 17 6 39 12 15 24 31 24 23 21 14 24 27 
15 25 14 28 45 21 19 26 28 25 12 18 43 25 15 16 23 29 27 22 31 31 21 40 19 20 34 14 18 30 25 29 13 20 19 12 15 17 25 21 35 20 30 20 21 15 28 18 30 22 15 16 36 33 16 13 16 18 15 34 
20 27 33 16 16 17 17 26 22 23 27 41 33 21 16 16 18 28 18 27 26 34 15 24 21 17 21 13 34 32 18 27 22 18 29 34 23 25 27 25 29 19 15 10 15 26 19 16 33 35 25 25 16 45 17 22 14 17 23 35 
18 26 20 11 31 35 15 15 20 23 32 24 23 16 12 17 19 34 25 17 29 28 19 41 26 25 25 18 32 27 29 24 20 30 29 30 13 34 34 36 36 13 16 12 18 12 25 18 35 40 20 19 29 29 13 23 15 22 26 32 
16 33 16 32 20 21 14 31 29 13 14 28 6 17 14 18 19 12 24 23 14 12 20 22 31 18 21 6 22 9 19 26 12 28 44 21 9 20 34 27 20 17 9 15 13 25 24 19 22 18 19 13 30 31 17 23 13 17 27 15 
19 19 23 27 23 22 11 30 23 18 31 27 35 20 20 18 33 30 24 14 26 20 11 28 21 18 34 12 35 21 21 27 14 22 24 8 23 27 32 29 37 26 26 20 11 32 18 17 39 42 13 14 28 31 14 16 11 22 16 33 
17 14 14 19 25 13 9 33 17 12 28 40 37 18 16 18 21 22 19 21 25 28 11 28 22 11 28 22 29 27 22 9 27 14 26 22 21 31 44 26 36 17 16 22 15 24 18 17 25 34 13 21 22 37 19 25 17 16 15 32 
11 30 28 11 19 33 18 17 18 14 42 42 29 12 22 15 36 10 21 11 34 18 19 33 19 31 29 23 28 20 18 36 12 21 28 10 19 14 25 32 34 10 25 16 20 32 29 14 36 32 8 24 29 21 21 32 23 24 24 34 
17 20 26 26 27 16 19 25 21 13 24 30 48 29 22 25 31 23 24 23 27 13 24 29 28 15 29 11 27 26 15 26 16 16 21 31 18 18 33 24 42 14 22 27 21 32 44 18 26 27 20 20 40 17 24 17 30 7 21 19 
15 29 34 35 41 22 34 33 24 17 40 19 24 20 14 23 24 19 13 22 9 23 25 27 22 21 14 23 47 22 7 29 13 18 21 29 25 25 28 17 37 18 28 13 15 20 25 15 19 17 13 13 34 25 22 16 20 18 25 25 
7 32 18 25 27 24 12 35 23 17 23 15 34 22 16 30 20 27 20 24 37 13 19 38 24 30 31 19 17 30 21 30 23 24 19 30 9 31 31 15 26 17 26 19 14 21 30 6 20 26 21 19 29 31 22 25 21 14 10 34 
12 30 14 22 35 20 13 17 18 17 19 15 40 16 14 12 20 29 20 21 16 26 26 29 30 34 25 22 39 17 11 30 26 29 32 30 15 30 31 26 28 12 11 16 17 19 16 16 31 9 16 15 33 29 22 21 19 18 31 18 
12 32 28 14 31 28 27 9 33 21 27 23 44 8 16 26 15 32 28 17 25 15 13 35 12 32 25 10 34 27 12 16 21 22 28 32 19 31 31 27 27 16 11 15 14 30 28 14 25 26 23 17 35 34 23 25 24 18 28 14 
15 38 23 39 35 21 20 31 29 22 30 20 39 26 12 9 24 28 27 22 29 12 22 26 19 19 40 19 18 28 24 26 14 31 16 30 14 19 26 32 27 8 21 18 15 18 33 18 39 32 16 10 13 37 21 25 9 18 21 27 
16 29 23 28 45 34 16 14 31 10 44 19 36 24 8 8 26 28 26 14 45 13 19 28 29 18 29 20 47 34 21 33 16 25 26 19 21 11 37 12 24 12 13 27 14 29 29 19 37 31 16 26 39 28 31 6 14 21 14 25 
6 33 14 15 34 21 16 18 11 22 22 36 36 19 21 27 18 27 22 9 13 24 21 35 26 23 36 9 17 30 23 28 12 20 35 41 19 9 36 25 21 18 21 22 14 36 24 11 15 17 17 15 27 27 20 27 17 14 16 33 
21 27 26 21 26 24 16 24 23 20 25 27 38 19 20 15 18 19 23 23 37 35 20 34 18 25 27 9 17 32 14 18 18 26 25 15 20 18 40 25 28 16 17 18 13 25 30 14 11 34 15 18 17 39 23 12 14 6 27 20 
16 24 23 27 47 33 17 19 17 17 34 30 41 13 17 10 37 14 23 19 26 33 13 19 20 11 43 12 23 24 18 24 15 31 29 34 13 22 20 27 25 13 25 10 17 29 27 17 28 29 14 23 46 20 23 28 21 19 20 29 
15 26 27 31 25 22 22 33 27 16 28 29 58 11 16 27 22 12 16 22 16 19 23 37 28 35 36 20 29 20 34 24 24 14 29 37 17 23 31 24 42 15 15 16 15 30 42 10 20 27 17 12 40 20 34 13 15 17 17 13 
18 27 31 39 33 29 17 35 19 20 30 33 37 22 15 25 29 25 22 13 19 18 16 21 23 31 32 20 33 24 18 35 23 24 24 27 14 29 33 19 17 13 20 15 5 37 34 17 34 33 7 11 33 22 16 11 11 25 28 18 
17 29 26 18 32 24 17 20 28 23 19 22 30 17 17 27 12 22 18 23 16 27 11 30 25 18 30 7 22 35 21 29 20 26 28 33 14 18 40 22 25 9 21 15 22 13 42 10 35 29 18 26 47 41 22 9 18 13 10 32 
22 26 18 32 35 34 18 30 19 17 25 28 33 11 15 20 30 33 20 23 21 22 18 15 25 25 11 16 31 34 25 19 21 19 24 34 18 31 23 23 13 13 23 19 16 30 41 17 34 28 20 16 19 17 15 22 10 14 26 14 
12 31 16 27 33 13 17 15 24 16 33 51 27 8 10 33 29 18 20 22 24 27 10 20 13 27 31 19 19 34 20 28 15 21 10 23 17 15 26 17 31 27 29 16 19 31 26 13 31 38 21 22 41 24 17 20 20 13 19 28 
24 26 17 29 23 18 28 26 11 11 20 34 37 17 15 33 21 31 22 18 34 16 23 38 14 35 14 13 23 36 14 29 5 17 24 22 17 12 21 25 30 18 30 15 14 19 24 13 20 36 11 27 34 30 14 14 11 26 18 34 
18 15 31 16 25 22 18 44 28 18 30 30 10 11 13 26 26 18 11 16 17 10 22 35 22 19 23 12 29 28 18 29 17 30 21 28 16 19 47 14 29 10 13 14 15 35 37 16 30 36 18 14 29 35 25 27 28 18 26 22 
19 12 28 27 27 28 11 32 25 10 27 23 30 22 13 29 15 26 26 15 36 16 15 42 24 29 9 20 26 14 18 32 21 25 29 28 13 23 31 27 28 22 28 13 19 22 44 12 37 24 18 14 22 20 14 6 20 17 27 23 
17 29 25 24 13 31 20 22 23 14 34 18 32 28 14 22 17 24 13 21 23 28 13 38 23 20 31 18 37 25 14 39 11 26 31 36 13 33 25 25 23 13 23 4 17 38 33 19 20 31 14 16 26 43 27 26 18 23 16 13 
14 38 29 23 20 25 17 40 27 6 31 35 36 16 16 23 28 21 25 12 40 32 19 26 20 24 29 20 30 34 12 26 19 27 38 21 28 15 19 31 28 22 17 18 9 16 28 12 27 22 15 16 23 24 20 25 11 30 22 23 
17 11 27 44 31 27 20 41 29 19 25 20 22 25 19 27 27 23 34 20 29 36 16 44 40 33 43 16 21 35 13 17 18 18 28 11 23 20 17 12 34 18 14 19 16 20 32 15 36 36 17 14 30 33 26 21 23 15 18 25 
18 24 7 15 24 32 21 20 23 10 37 25 21 17 18 24 17 26 19 19 55 22 19 15 24 21 33 14 36 37 15 24 21 20 26 16 14 22 50 28 25 18 22 20 23 41 17 12 29 36 19 26 34 29 7 18 21 13 29 25 
14 10 19 24 21 39 20 25 16 22 14 23 29 18 14 16 19 17 32 13 40 24 18 55 31 18 29 22 26 38 18 25 14 22 21 23 19 29 23 5 32 21 24 20 18 32 33 22 19 29 20 20 27 28 26 27 28 25 39 22 
21 25 28 24 24 33 21 30 22 19 27 27 41 22 12 25 28 22 14 10 25 32 8 28 23 27 28 24 36 26 17 22 18 18 20 33 16 22 26 27 8 4 27 16 11 31 24 21 33 34 12 16 31 21 20 31 17 15 21 17 
14 31 20 15 17 26 20 25 24 18 26 24 31 19 14 28 24 21 13 16 37 40 15 13 22 17 56 20 20 22 16 22 18 25 41 33 24 22 36 21 30 15 30 17 11 26 31 17 32 25 14 20 26 32 26 25 15 23 31 15 
19 19 16 40 29 15 14 14 22 17 29 33 44 18 18 11 30 21 24 13 26 34 11 39 19 23 29 17 17 22 24 24 9 20 37 32 17 24 37 32 13 10 21 10 16 38 43 21 14 28 15 19 28 39 15 12 15 18 17 26 
18 26 15 23 32 25 24 26 23 18 47 24 5 12 14 14 24 22 24 16 21 20 18 24 32 31 29 18 28 43 14 26 21 18 28 20 13 20 24 26 36 20 35 29 15 27 30 14 23 14 15 18 42 32 25 23 25 18 24 33 
17 25 22 25 35 29 22 40 14 5 18 14 20 15 15 24 28 16 21 18 8 26 13 31 36 20 20 9 23 19 16 17 7 25 26 8 23 21 24 40 28 24 19 18 15 28 45 14 24 38 15 14 40 20 14 15 27 19 25 16 
15 33 17 19 30 17 16 26 34 20 25 28 22 17 14 23 27 26 17 10 33 26 12 45 26 17 31 16 44 31 33 36 19 32 24 27 27 22 42 23 23 12 27 21 9 27 28 19 26 27 9 19 19 29 20 14 16 27 17 30 
21 26 17 18 28 28 16 46 17 13 27 14 40 19 19 23 21 35 18 18 37 29 17 10 25 22 20 14 29 29 14 37 21 25 36 25 18 19 12 21 28 10 19 14 14 27 39 13 24 30 17 13 54 14 18 14 9 20 30 17 
15 16 19 20 24 19 19 27 22 19 30 29 49 14 10 12 15 17 18 14 14 28 15 27 24 15 19 14 32 35 26 33 14 21 30 30 21 30 29 27 22 11 21 9 21 27 37 16 31 28 16 21 24 12 30 29 18 18 11 15 
15 22 14 17 32 30 14 25 20 11 32 14 40 19 15 20 26 25 18 16 37 27 14 24 21 16 33 15 34 35 23 24 16 35 32 12 22 23 32 21 38 18 13 23 16 34 23 12 25 21 18 17 25 35 20 25 16 7 21 10 
20 30 24 27 30 16 25 40 25 20 28 28 36 16 15 21 29 17 23 23 46 27 20 18 27 33 23 21 34 33 17 30 17 24 29 33 14 18 17 18 41 9 22 19 25 17 24 28 19 38 16 16 23 33 24 23 15 21 17 21 
21 31 31 27 22 14 14 33 26 11 26 29 39 20 13 20 25 24 19 16 43 29 16 38 22 18 19 12 35 19 23 22 26 25 19 28 15 26 23 28 26 22 23 21 17 29 14 15 33 33 13 9 34 16 18 21 11 19 22 22 
14 21 7 18 29 14 12 30 27 20 26 12 35 23 19 27 17 24 22 19 18 23 7 40 15 32 29 16 30 25 19 14 26 19 38 35 26 17 41 27 29 18 16 14 18 30 41 21 38 33 17 14 38 19 29 12 9 15 20 18 
13 21 28 33 31 32 18 48 30 10 29 36 32 16 18 20 31 16 20 15 31 19 15 23 25 21 30 19 18 34 21 27 19 8 40 18 18 20 31 26 40 17 25 11 16 21 20 18 24 19 19 16 33 29 20 20 13 12 11 34 
17 17 23 8 33 27 17 13 33 18 19 30 32 23 18 17 16 29 15 23 16 26 20 34 24 22 37 20 25 29 22 15 15 30 34 23 19 14 8 19 26 10 15 19 10 19 26 17 28 24 8 17 33 32 9 16 21 17 18 25 
4 27 21 21 33 33 22 25 34 13 38 20 22 15 16 10 7 27 27 21 23 41 23 40 19 15 40 21 18 25 22 24 14 20 33 26 14 28 29 29 11 12 20 9 16 17 35 16 21 35 20 17 26 29 29 17 22 13 19 20 
9 25 30 23 30 37 17 24 28 20 29 37 26 21 16 21 19 23 14 15 32 35 20 41 20 20 28 23 27 34 20 15 21 22 40 33 11 24 33 33 17 12 29 12 11 35 35 17 15 26 15 21 22 32 30 33 8 14 19 21 
17 15 30 20 20 25 20 38 18 18 11 51 46 12 16 22 19 19 27 17 28 19 21 47 29 25 20 17 36 36 24 18 14 24 25 26 13 23 26 19 28 21 9 11 18 31 50 15 24 27 21 19 22 29 24 21 18 13 18 21 
13 24 34 28 43 40 17 20 18 12 26 37 25 23 19 28 24 24 20 9 33 23 19 37 11 26 29 24 35 17 21 31 15 28 27 34 14 16 23 40 24 15 28 12 19 37 39 18 28 19 16 21 31 9 33 16 10 18 17 28 
9 28 27 14 31 22 17 40 20 19 39 19 24 13 22 23 13 16 28 17 22 37 23 33 24 29 32 20 20 31 9 26 15 16 27 24 21 23 27 30 31 15 29 25 25 26 25 18 23 12 16 12 32 34 33 30 20 22 19 21 
17 22 25 22 35 30 9 41 18 14 26 35 28 23 16 17 37 21 29 21 23 21 10 10 26 13 31 23 32 37 14 21 23 18 35 36 30 12 29 13 45 12 17 26 12 17 24 13 23 25 20 21 33 36 21 16 18 18 22 19 
12 27 31 25 28 20 14 26 22 14 42 43 29 27 10 12 21 26 13 18 28 23 20 33 19 26 33 20 35 33 18 28 19 20 23 14 12 18 24 32 29 18 10 23 13 32 18 15 21 15 18 10 33 26 12 26 15 11 22 20 
23 16 21 18 34 25 18 22 21 17 31 35 24 19 19 17 29 21 19 19 41 33 18 37 24 20 52 13 38 28 17 38 8 17 29 29 13 17 24 36 24 14 19 21 12 46 33 24 38 31 21 21 23 34 10 15 17 16 28 27 
17 22 32 31 23 18 16 23 20 18 12 34 33 13 13 18 24 26 23 22 26 25 9 43 19 14 28 26 25 38 13 26 16 21 29 22 16 25 30 21 39 17 23 11 16 29 17 19 25 44 17 17 30 43 18 26 9 8 12 26 
11 25 11 34 27 20 10 20 11 19 31 25 36 7 13 26 27 29 30 19 33 28 16 20 21 27 23 26 26 32 25 33 23 21 42 21 13 22 30 30 40 20 20 19 18 26 34 14 26 26 10 12 27 30 19 15 19 16 28 30 
18 15 31 21 23 17 23 26 27 20 34 31 34 19 17 14 27 15 22 22 36 32 15 31 14 40 33 17 27 23 26 34 28 25 15 25 11 18 17 23 34 19 23 10 16 41 41 13 23 38 22 21 14 28 17 24 30 19 9 30 
14 28 14 34 21 25 15 36 25 16 32 22 30 24 12 17 17 31 14 16 15 30 15 34 21 29 30 16 31 37 26 23 25 15 35 24 19 23 22 17 22 14 19 9 21 34 29 16 30 38 13 25 34 21 17 19 19 28 17 20 
23 24 27 23 35 32 9 31 33 14 26 26 18 13 9 31 27 24 17 23 26 18 16 28 25 25 24 23 31 17 31 31 16 24 23 28 13 15 8 17 26 15 11 16 15 36 20 17 22 28 20 12 30 29 22 19 16 23 27 25 
17 24 30 24 30 24 19 32 18 10 30 30 43 21 19 21 29 19 26 25 37 34 11 40 22 34 43 20 34 2 10 20 21 19 32 22 17 26 31 21 34 12 12 22 22 32 23 19 20 17 16 19 12 24 13 27 22 20 27 35 
9 31 16 21 22 36 24 34 32 10 26 21 31 19 11 18 30 27 23 14 26 35 17 37 25 24 37 28 30 35 20 4 19 16 10 14 19 16 21 24 31 12 16 15 13 31 23 10 37 40 16 13 46 20 22 33 24 14 13 21 
12 25 19 27 35 16 16 23 14 24 19 32 19 26 18 25 17 22 10 17 39 27 11 25 25 27 20 21 31 34 7 34 21 10 3 31 19 17 30 23 16 9 24 25 10 40 21 12 25 26 11 9 19 37 16 20 12 13 27 24 
17 13 23 33 38 26 15 23 26 16 9 14 10 18 11 10 18 28 22 21 33 29 19 44 27 20 32 24 29 23 4 26 18 22 33 27 4 21 35 16 30 16 15 16 12 23 25 19 25 27 15 19 19 16 21 17 23 9 20 28 
13 15 18 24 35 22 13 48 25 25 20 32 18 16 16 27 35 18 22 15 43 21 13 35 29 21 30 20 40 19 16 17 19 24 23 12 12 20 9 38 22 15 22 30 13 43 18 16 20 32 15 18 24 33 17 24 15 21 24 14 
16 24 20 15 18 37 9 19 26 14 7 27 24 24 11 13 29 23 20 15 32 22 21 50 18 36 8 9 35 34 32 19 23 23 14 30 21 19 23 33 23 18 16 12 17 14 15 20 9 29 27 20 34 32 20 22 15 10 30 23 
26 22 25 21 17 22 9 21 19 7 24 14 37 14 10 26 29 32 23 22 26 23 17 28 29 31 31 13 20 25 27 27 28 25 40 43 16 24 27 25 30 15 23 16 10 23 18 14 27 41 16 21 45 33 23 24 13 19 17 30 
18 16 32 30 34 16 9 23 18 13 24 20 25 19 10 9 33 16 22 14 36 38 20 38 28 30 36 11 35 2 12 19 20 18 28 25 10 20 19 23 24 18 25 19 13 32 13 17 25 27 16 8 24 33 22 28 22 12 28 25 
11 28 15 27 30 22 15 23 30 19 25 22 38 17 14 19 22 38 11 17 28 20 20 37 25 13 28 12 20 25 12 34 23 25 32 22 21 28 12 10 11 10 19 14 22 30 39 19 20 21 19 25 27 44 14 11 16 12 21 17 
15 23 37 18 31 15 15 26 24 15 22 30 22 26 10 19 25 22 16 18 35 15 10 50 29 16 34 13 31 43 19 23 19 26 19 33 22 30 19 32 26 9 22 11 16 25 30 10 30 16 19 10 40 35 13 13 23 13 19 26 
11 32 21 17 29 36 16 25 29 9 30 37 28 24 10 20 40 28 25 20 23 25 11 21 33 25 34 18 24 21 16 27 19 15 33 23 20 15 27 23 32 20 22 8 7 37 38 9 27 28 15 19 24 33 12 23 17 17 26 16 
16 24 23 32 32 29 20 40 24 21 21 23 34 27 12 27 12 20 26 18 22 23 23 34 16 7 34 13 30 15 22 13 20 32 25 25 16 23 28 38 23 9 10 15 13 39 25 23 25 21 13 9 45 30 22 15 13 19 25 27 
11 24 16 31 31 34 10 20 22 13 25 26 32 10 11 21 19 23 29 21 50 17 16 14 22 24 9 16 37 25 13 22 10 20 19 16 13 23 15 30 33 18 10 16 17 13 30 19 15 26 14 22 16 26 7 17 2 30 21 30 
21 32 24 5 34 22 25 20 17 14 30 24 35 15 22 27 15 29 16 23 17 23 13 6 16 20 27 15 38 24 13 28 18 26 36 35 11 18 44 23 38 11 13 14 18 31 31 15 20 21 9 27 33 28 25 24 14 13 19 30 
15 18 23 29 32 13 26 17 27 19 21 51 44 10 15 20 17 13 22 18 23 24 25 31 35 31 15 19 31 35 24 20 21 18 28 22 22 20 41 30 22 20 18 17 19 36 32 13 13 22 15 17 38 14 14 13 25 10 22 20 
20 37 13 30 35 19 15 51 22 12 42 29 31 16 14 23 20 44 29 24 32 25 13 30 14 18 20 14 28 22 26 40 12 31 16 20 15 24 30 21 26 22 18 18 17 16 30 12 25 35 14 23 35 33 13 25 22 16 32 25 
14 15 24 23 26 18 18 29 26 12 19 33 42 15 16 23 17 30 24 21 37 26 5 44 17 26 24 21 31 30 23 34 10 16 34 23 16 17 22 22 26 16 31 16 19 20 17 12 35 46 14 19 25 48 13 18 14 12 30 21 
9 31 12 20 42 30 12 34 23 18 19 39 30 25 15 21 25 21 21 15 36 34 16 23 27 30 24 21 31 38 16 16 21 19 23 22 10 20 22 11 23 10 36 12 24 43 33 15 21 21 18 17 21 27 19 23 20 15 11 28 
20 33 19 23 32 25 18 39 26 18 43 30 12 31 15 13 17 13 20 26 25 20 22 25 27 22 26 17 40 32 17 30 20 19 35 33 23 30 28 22 18 9 19 20 16 16 23 19 22 29 19 28 22 20 21 31 17 11 21 26 
19 26 22 18 26 33 27 5 10 23 27 30 34 18 13 22 20 20 16 21 29 18 13 21 23 17 41 11 28 27 15 35 11 19 30 27 12 17 29 20 40 17 28 19 14 34 31 15 28 29 20 14 39 18 21 28 23 24 18 20 
16 12 26 21 37 17 6 40 21 24 19 27 37 17 14 17 27 34 14 16 20 24 18 26 23 18 29 14 24 37 26 31 23 24 15 34 14 30 36 19 30 16 21 14 19 22 25 15 26 21 16 8 52 36 10 27 24 20 17 18 
12 16 11 9 25 31 21 24 14 18 27 36 21 20 12 29 22 22 27 17 36 28 16 40 25 21 30 15 41 28 15 24 22 23 20 25 15 26 26 22 18 18 19 12 18 19 49 23 27 30 25 13 14 41 23 16 22 8 23 7 
19 19 19 38 26 27 15 28 23 16 32 42 23 14 19 15 25 31 24 11 14 25 21 23 30 17 25 24 23 30 19 17 13 13 16 23 23 27 30 24 25 13 26 8 22 29 26 7 31 36 10 19 37 45 17 21 27 17 19 14 
12 8 26 20 19 22 15 27 23 20 20 20 15 10 16 28 31 23 18 27 33 16 22 37 25 29 25 12 41 44 17 28 17 22 29 5 17 22 38 36 31 16 32 22 7 34 18 20 39 16 17 21 28 25 31 23 29 8 22 30 
20 22 11 33 28 18 13 25 21 29 23 12 25 12 21 24 15 20 19 4 21 35 22 45 29 25 29 18 29 28 20 27 27 30 18 15 22 27 19 26 21 15 12 26 12 24 26 11 20 42 15 8 25 28 26 15 19 10 21 18 
11 25 18 9 41 27 24 33 24 13 22 33 30 6 11 21 30 24 17 15 17 19 23 27 8 15 39 16 42 32 17 27 15 16 29 21 11 21 26 23 31 16 8 17 14 41 30 21 18 34 16 17 37 28 20 29 33 22 21 19 
11 22 22 12 40 20 9 13 27 10 24 25 31 21 14 17 23 35 20 15 34 26 24 33 23 13 19 30 33 21 16 27 21 23 33 27 17 21 33 22 48 19 15 28 16 25 29 16 29 23 27 18 35 45 18 29 16 23 21 28 
26 22 30 27 33 20 14 39 29 19 13 46 26 16 23 28 15 11 25 23 27 36 26 34 24 31 29 22 23 26 26 35 11 27 27 17 16 28 26 20 29 21 21 17 14 31 34 13 36 15 10 14 32 33 14 22 14 15 17 19 
22 21 17 30 36 25 19 22 23 13 26 31 32 19 16 24 28 19 17 5 31 28 9 31 8 24 32 14 32 28 20 33 17 30 44 14 9 22 39 29 28 12 24 13 14 25 27 16 28 25 16 17 33 32 11 17 27 17 27 16 
14 9 13 42 32 22 22 28 21 14 31 35 24 17 7 24 22 32 17 12 20 37 15 37 24 12 26 22 34 34 21 22 11 17 38 27 12 22 24 4 31 16 25 15 17 28 24 17 30 39 17 17 45 30 22 15 25 18 26 24 
7 18 22 27 34 23 22 30 29 16 20 29 42 16 17 21 29 15 29 16 20 22 10 42 12 24 12 9 25 25 21 31 18 26 23 20 16 11 29 21 32 16 14 14 15 43 45 9 13 29 14 22 19 27 17 18 27 22 18 27 
10 26 42 42 29 28 20 19 24 17 40 20 50 23 14 22 20 26 23 11 26 28 20 41 28 15 24 11 25 38 10 18 19 18 28 26 19 27 23 23 25 12 32 23 9 25 25 17 34 22 21 24 28 28 17 11 14 16 29 20 
9 20 17 19 29 32 27 19 36 17 17 35 19 20 24 28 23 16 19 8 50 29 11 34 20 27 32 21 27 30 23 29 8 24 28 43 16 17 36 22 19 13 19 21 18 17 15 14 30 31 17 16 4 24 25 26 20 28 22 24 
17 22 28 31 28 32 24 13 20 11 19 33 45 26 10 23 24 33 17 15 17 21 20 29 24 19 37 12 44 34 19 23 14 9 18 28 17 23 35 16 9 15 25 14 14 30 28 16 10 19 16 10 22 24 21 26 17 22 13 21 
16 38 15 23 34 23 20 30 30 24 24 36 20 22 11 17 14 30 16 15 28 24 19 49 17 31 31 24 38 31 22 31 16 18 40 37 12 28 47 18 42 15 21 13 15 42 27 16 14 12 15 27 22 18 27 17 24 18 16 23 
21 18 30 24 24 29 19 31 25 14 35 21 42 19 18 13 25 16 15 18 29 19 10 29 30 27 35 21 37 31 25 27 14 15 12 12 24 29 25 37 25 18 7 23 15 27 44 18 30 35 20 27 25 5 25 22 20 19 22 18 
18 28 23 22 2 20 27 22 21 16 21 46 33 20 14 14 26 15 15 15 24 31 20 31 25 30 39 20 25 26 19 3 15 22 29 20 18 27 29 27 26 20 31 8 15 31 37 12 23 19 19 26 15 25 18 18 20 21 13 16 
26 18 26 22 31 15 14 22 29 17 37 26 22 20 13 25 23 29 23 14 30 25 27 20 23 24 32 6 31 25 19 41 13 20 27 20 13 14 28 19 24 18 28 15 16 29 31 18 16 17 21 21 21 27 18 26 16 14 26 26 
17 23 20 7 32 39 17 26 28 10 20 51 45 21 18 16 27 36 17 14 44 22 13 17 37 14 31 17 21 32 21 40 19 17 24 22 14 27 22 35 24 19 24 18 22 31 24 12 19 34 16 16 27 48 22 27 22 14 20 39 
12 35 28 20 22 20 17 28 18 22 23 35 33 22 15 15 14 28 23 14 38 37 15 29 20 24 28 19 18 28 21 33 15 25 25 31 17 19 6 12 9 17 17 22 17 22 21 15 21 22 13 21 37 16 13 19 12 14 17 21 
21 30 15 25 33 34 23 28 20 19 28 24 48 9 14 28 38 23 5 17 22 25 12 29 18 32 20 14 35 21 21 25 13 24 17 14 20 23 37 32 25 12 12 19 17 22 36 21 27 36 10 24 29 31 19 17 12 22 27 25 
24 13 18 24 16 35 18 35 19 12 34 26 30 21 19 23 31 32 23 13 31 35 19 30 25 26 33 17 37 20 19 39 12 32 24 31 20 24 25 18 24 24 20 20 19 35 24 22 22 21 18 15 32 45 24 28 12 17 26 20 
18 26 8 19 44 30 15 17 24 17 31 25 10 9 6 19 27 29 18 20 26 19 14 42 28 24 12 15 32 26 20 25 14 14 28 24 17 19 30 16 38 15 14 17 20 24 20 9 29 33 14 28 44 32 22 20 14 16 22 16 
15 27 31 13 26 31 28 25 27 16 31 31 13 16 17 15 27 27 22 17 17 24 17 23 22 29 23 20 32 16 13 41 10 17 32 29 16 18 42 25 28 14 14 22 16 34 25 16 17 28 11 22 28 36 21 21 18 15 20 19 
12 8 29 21 4 19 24 40 16 27 29 19 31 21 6 26 29 22 13 10 34 25 15 35 25 37 42 18 21 34 20 33 17 20 11 12 21 21 18 20 30 15 21 16 19 28 28 15 25 35 15 26 49 32 19 7 15 22 24 27 
17 25 30 25 16 16 16 39 28 19 29 33 49 13 15 30 22 33 19 24 28 33 19 21 27 19 29 22 36 34 26 33 18 23 31 26 17 20 26 20 31 9 22 13 11 34 25 13 19 16 19 14 40 31 13 23 18 10 14 23 
18 21 14 23 16 23 16 16 19 12 33 24 45 24 13 34 33 28 28 15 36 35 15 40 22 11 31 25 19 26 20 30 6 29 20 25 22 22 34 17 29 18 20 17 12 16 29 22 31 38 11 22 35 45 20 15 32 19 25 15 
12 27 25 36 28 18 18 23 32 17 22 33 29 29 20 26 38 28 27 17 42 31 15 46 32 23 19 15 14 24 25 30 12 19 28 27 23 17 37 28 40 11 21 24 18 23 31 19 25 27 11 12 19 35 25 23 22 14 23 19 
19 30 30 24 44 15 18 28 28 12 31 19 24 21 21 34 27 6 12 21 35 25 14 29 27 19 32 13 13 26 21 28 19 27 26 25 16 33 25 14 27 15 22 16 14 32 32 23 15 26 17 15 32 31 24 8 18 22 18 25 
14 19 32 26 45 20 17 36 12 13 34 27 30 18 21 28 17 31 18 15 30 29 18 10 18 33 18 14 26 38 30 25 18 11 28 26 24 24 30 31 30 10 8 8 18 30 23 10 21 34 12 21 13 38 18 21 19 19 26 19 
21 11 24 28 19 24 11 21 8 12 22 40 23 22 16 33 36 32 21 21 26 35 21 42 22 27 24 14 21 32 26 19 15 26 31 13 24 10 41 13 15 15 20 10 23 30 40 15 26 32 17 19 28 38 19 18 25 19 18 26 
24 30 27 26 35 30 10 34 21 13 20 26 42 19 16 27 33 19 27 27 21 29 10 23 13 23 26 16 20 24 13 25 18 18 20 35 14 25 27 28 32 15 34 17 19 37 36 13 19 20 15 20 23 17 19 20 11 18 25 20 
26 17 23 27 30 25 21 30 14 27 31 23 29 26 13 32 25 34 15 21 32 22 15 41 29 20 32 17 31 7 22 27 15 20 36 25 16 20 44 24 18 21 24 18 10 34 40 15 27 24 23 20 29 42 22 31 19 10 21 30 
17 25 15 26 27 26 8 32 31 18 17 14 12 10 12 13 34 15 23 12 35 27 24 37 26 30 33 20 31 34 18 21 17 21 21 33 21 29 30 22 28 11 27 11 21 40 18 22 7 23 16 21 33 26 25 23 21 19 23 32 
21 7 23 19 26 23 17 29 30 22 36 33 40 28 13 14 28 27 22 15 37 35 18 37 16 23 39 21 32 37 29 23 10 18 26 22 19 12 44 14 22 8 21 15 16 37 31 18 32 24 16 18 30 29 18 11 16 16 29 26 
16 23 18 25 36 17 12 42 17 9 27 20 26 18 20 25 28 20 23 24 40 32 21 26 35 14 31 20 38 29 25 29 11 17 16 20 18 21 33 18 19 18 23 23 17 33 34 23 19 25 15 20 35 26 26 19 13 19 25 23 
17 27 15 25 26 15 18 37 26 25 31 42 35 11 22 23 21 20 11 18 35 20 19 38 21 36 28 13 42 36 13 32 19 17 32 37 18 23 29 21 35 16 19 16 17 34 24 20 19 29 7 21 40 24 26 20 22 18 23 23 
22 24 28 34 22 5 13 32 26 16 23 23 24 12 15 29 32 26 22 16 39 33 14 29 13 30 25 16 26 32 25 36 31 23 37 23 18 15 24 20 47 13 18 23 17 27 37 19 31 19 9 15 51 41 22 23 23 25 11 22 
15 17 26 32 19 20 16 30 21 11 30 32 26 19 14 14 17 18 20 14 21 21 10 25 15 20 25 20 40 28 15 30 15 29 26 23 19 12 38 40 28 10 27 16 7 17 36 21 34 21 15 16 29 35 24 18 17 8 9 26 
17 33 21 17 22 26 19 36 29 12 25 22 24 18 19 22 10 31 9 10 38 22 19 36 20 26 33 15 33 25 10 13 28 29 28 39 17 19 34 21 31 16 19 21 16 25 39 10 25 30 19 15 45 36 18 15 16 16 30 31 
23 29 17 34 27 20 22 37 25 21 20 37 19 19 17 13 23 34 24 11 26 28 9 31 26 35 33 13 37 17 14 27 18 19 30 31 23 25 36 23 23 16 18 16 11 25 23 11 18 25 16 17 11 24 18 24 20 27 24 8 
25 15 33 19 38 22 22 34 11 19 34 24 17 18 20 15 21 22 25 28 42 35 19 35 19 31 38 14 18 24 11 31 29 27 33 22 14 32 31 32 22 19 13 23 16 28 22 18 23 15 11 13 10 32 22 19 24 9 21 20 
20 20 29 28 28 14 19 14 30 26 25 38 32 19 18 26 24 6 28 17 35 18 20 28 21 15 23 20 26 24 19 26 17 20 34 26 14 22 34 14 36 15 28 18 16 35 34 19 24 17 12 22 31 20 22 13 23 25 32 14 
15 30 15 34 29 23 14 27 25 15 29 40 42 20 17 32 16 35 7 18 19 32 13 32 37 23 26 7 23 26 18 24 14 21 17 33 19 15 36 33 26 17 3 14 15 39 38 20 17 23 15 13 25 17 19 26 18 19 13 11 
22 21 15 25 38 37 17 26 26 17 29 28 36 14 13 18 30 24 28 8 15 23 16 38 23 22 37 21 28 18 21 37 13 18 39 30 8 21 14 31 39 19 33 13 16 36 35 10 21 26 16 29 29 25 13 35 9 26 12 27 
14 30 14 27 27 25 19 35 30 17 23 10 33 20 16 16 23 33 28 25 17 29 13 25 28 22 32 16 34 25 14 35 21 23 23 13 16 25 26 21 23 13 10 14 10 18 21 16 20 35 15 18 30 35 24 21 16 17 22 29 
14 35 14 27 22 28 14 32 21 25 35 39 44 21 7 17 22 45 19 25 29 22 16 37 35 33 23 21 33 31 18 27 21 19 22 15 15 30 36 25 31 16 18 17 15 26 22 17 20 23 15 19 37 35 12 27 29 25 23 19 
15 19 20 27 23 16 9 36 25 24 25 29 25 14 23 10 39 23 18 24 37 19 15 33 31 27 29 17 34 27 32 27 20 19 21 39 14 18 26 17 16 18 12 25 25 34 39 21 24 32 20 13 45 28 19 20 22 18 21 16 
16 18 17 24 34 29 21 25 16 19 20 18 42 16 15 25 30 18 30 14 22 29 31 32 25 30 25 17 26 38 30 14 25 30 28 27 12 22 23 39 31 19 11 19 16 28 33 22 30 23 15 10 29 33 22 23 4 16 14 23 
16 23 9 26 40 17 19 27 23 18 17 22 28 13 16 25 34 22 18 17 26 21 10 13 23 15 47 17 31 31 13 21 14 19 15 25 16 19 36 22 33 11 21 26 12 30 38 16 28 31 23 21 14 43 24 25 15 17 21 31 
16 24 26 22 44 19 15 35 37 17 32 29 38 10 13 32 32 30 20 26 29 23 16 33 28 31 32 27 32 38 25 27 9 23 30 27 28 17 15 13 29 17 18 16 14 33 27 10 26 28 19 14 40 25 16 18 25 19 8 22 
21 32 28 26 16 28 15 31 25 14 24 38 14 23 20 20 28 24 19 25 36 25 16 29 18 20 28 15 27 10 26 21 16 20 21 27 25 26 38 34 14 18 21 23 16 24 26 14 23 22 14 30 32 33 19 15 14 15 21 29 
15 34 22 27 25 26 17 33 27 19 34 33 26 19 19 23 37 24 22 26 35 6 23 37 29 25 33 21 24 34 20 21 18 34 27 21 24 27 15 25 16 20 26 26 26 32 33 11 27 35 16 11 31 34 22 23 22 13 24 25 
18 5 26 13 22 34 20 20 16 18 15 13 32 14 9 17 21 20 24 19 28 34 18 32 20 37 13 19 37 27 19 28 18 26 42 38 20 21 21 12 23 12 24 18 17 36 44 13 31 27 14 19 40 30 22 30 16 23 30 30 
18 31 25 29 15 20 24 12 27 21 28 26 36 9 17 18 35 24 26 20 37 27 22 17 21 36 21 22 52 31 20 33 9 27 28 27 16 32 13 33 22 18 20 9 20 25 25 19 27 34 21 17 36 31 14 29 20 23 25 17 
14 22 26 29 24 29 14 31 21 17 21 36 11 15 19 35 28 27 25 10 28 28 15 35 26 16 21 15 33 27 30 39 13 19 32 26 15 20 17 21 25 17 20 13 12 19 35 16 16 18 14 15 37 35 20 15 14 19 21 16 
14 37 21 31 10 7 15 21 29 20 15 25 35 24 17 12 18 22 13 10 27 37 23 18 19 17 35 24 30 32 22 25 16 6 37 19 13 16 22 23 39 20 23 27 14 13 36 15 26 22 19 21 26 43 13 30 12 21 15 14 
23 24 18 27 26 37 19 24 28 16 24 22 38 23 8 31 32 15 31 21 36 37 25 34 20 22 15 9 21 31 24 32 16 22 39 20 10 21 25 38 38 18 15 22 12 40 23 15 19 22 12 21 28 30 13 23 18 10 20 20 
22 22 12 10 18 18 26 34 39 9 30 24 28 18 9 12 28 31 32 19 47 24 15 29 26 22 26 26 24 39 23 11 17 25 14 16 22 35 21 20 40 17 29 11 9 23 30 19 29 29 16 22 23 37 18 21 20 19 17 24 
12 36 20 21 19 29 18 26 15 14 25 34 37 18 15 15 23 27 17 13 19 28 26 22 21 37 22 25 38 37 13 35 21 34 15 22 7 5 30 24 23 14 10 21 15 28 39 16 28 17 15 14 26 35 21 33 10 14 10 22 
13 23 28 24 34 9 13 47 23 21 16 37 27 10 7 31 36 20 21 27 26 30 11 9 20 30 37 25 16 27 25 24 22 28 32 18 16 25 32 36 23 14 27 22 16 21 29 11 34 32 14 16 30 27 12 17 22 14 24 25 
18 22 13 28 33 20 11 23 30 19 25 22 38 18 8 27 21 25 28 17 36 18 17 26 29 34 12 20 30 23 17 33 15 22 25 28 14 23 19 30 35 15 22 14 12 24 19 16 35 34 8 20 21 24 22 24 12 16 10 24 
13 19 31 23 36 12 24 22 23 13 29 50 28 22 18 20 33 17 17 29 25 42 18 38 16 26 32 22 40 16 11 30 19 30 31 5 11 26 40 13 36 14 19 9 10 21 6 13 30 33 14 26 31 40 18 22 9 20 31 26 
19 21 17 30 32 17 14 29 27 11 46 22 33 17 15 17 25 12 29 12 28 17 23 27 24 27 48 15 31 18 15 22 18 27 21 33 12 22 21 39 35 17 25 10 20 23 25 19 36 31 18 18 37 37 12 33 10 18 15 33 
21 21 29 33 35 23 22 19 16 20 19 36 34 17 18 18 36 16 25 17 37 27 14 29 25 26 35 20 29 25 14 18 12 28 21 23 13 12 32 12 25 17 26 22 11 26 31 25 15 26 17 22 29 35 18 22 9 22 8 27 
15 20 17 31 33 20 19 31 24 15 11 20 43 21 16 23 31 25 21 13 13 20 21 4 17 34 32 20 26 37 21 20 26 8 37 24 11 28 33 35 15 14 20 18 15 33 22 22 31 22 20 16 47 20 12 16 14 20 21 25 
18 28 24 24 36 12 17 22 17 15 26 28 31 13 19 28 24 23 17 13 13 15 8 35 16 21 27 18 25 18 17 34 17 23 22 26 33 21 32 32 26 24 9 14 21 23 23 17 19 15 19 29 26 38 21 26 17 19 26 34 
17 31 17 29 22 23 22 33 24 24 27 23 20 11 11 17 18 22 27 22 25 13 10 43 29 24 47 24 34 22 23 22 21 26 18 28 18 28 9 32 21 23 18 15 14 24 36 14 21 22 24 17 29 37 10 27 20 14 21 33 
13 16 24 29 44 22 15 35 23 22 17 36 38 16 16 23 29 12 35 19 44 25 19 17 36 22 30 14 34 26 22 17 17 24 32 19 16 27 32 29 32 11 15 17 22 30 39 15 23 19 9 24 31 29 14 21 16 12 35 28 
17 20 27 22 24 23 10 29 22 25 19 34 19 13 11 29 21 22 15 25 14 23 23 16 22 29 30 24 33 39 22 28 14 25 30 15 22 25 30 25 19 16 15 21 16 36 35 20 26 16 14 10 32 31 16 21 16 21 26 20 
15 30 23 31 31 12 9 26 17 15 23 27 35 10 11 31 23 26 23 19 24 19 12 28 17 12 33 16 28 13 21 23 18 25 26 20 19 26 32 26 34 18 26 23 13 38 22 17 29 32 15 19 29 33 16 23 21 19 21 24 
24 17 29 29 25 20 23 37 23 18 22 31 14 31 21 26 21 28 29 16 30 26 22 43 22 23 28 18 21 11 10 38 15 31 22 20 9 26 6 26 25 16 17 18 18 39 39 15 40 24 15 20 38 31 14 30 20 23 32 12 
20 10 18 28 2 20 15 31 36 19 34 33 44 19 11 12 15 32 21 26 39 30 13 25 21 29 32 20 44 12 10 26 15 11 28 17 19 22 41 31 30 13 19 17 16 26 33 15 27 36 11 15 37 17 28 41 18 18 27 20 
11 20 25 25 23 26 25 27 28 15 36 23 26 14 17 21 27 32 22 14 44 21 21 33 38 22 38 14 19 34 31 27 13 27 30 25 17 22 38 34 33 9 29 16 19 31 29 19 16 21 15 9 30 23 10 15 25 16 17 5 
13 14 26 25 39 22 11 11 25 16 17 22 30 23 9 16 31 37 23 27 32 18 19 23 26 30 36 6 29 34 20 28 16 22 36 28 31 31 38 30 30 17 19 13 12 18 32 17 21 15 14 15 21 32 7 26 16 25 19 23 
13 23 17 32 17 30 20 12 25 20 19 36 43 24 9 20 17 28 21 15 27 36 7 29 31 14 29 13 32 39 16 23 17 29 25 13 20 19 26 22 32 14 22 17 22 30 17 12 29 39 21 18 7 32 27 22 27 15 19 24 
17 24 18 29 19 29 19 32 37 26 42 37 37 22 17 28 22 28 22 19 26 26 21 25 22 26 28 16 12 17 17 20 11 16 26 19 16 16 13 28 32 13 33 17 23 26 40 18 36 25 14 23 33 31 22 19 23 18 29 19 
13 24 16 14 36 26 17 31 24 13 24 26 31 20 5 22 22 24 16 9 27 39 18 26 13 35 24 24 41 28 8 32 14 29 30 24 12 27 33 29 31 20 22 17 18 25 24 14 30 11 23 15 28 14 23 27 22 15 17 22 
16 25 20 36 26 23 20 20 30 7 30 33 27 17 12 31 19 26 15 27 37 26 21 37 29 17 22 16 34 25 23 33 24 26 28 27 17 22 20 17 22 10 20 19 20 29 32 17 39 12 18 20 12 20 21 18 26 18 17 26 
19 29 32 31 21 19 14 19 28 19 19 41 22 12 7 29 28 38 14 10 27 17 16 9 27 24 25 11 16 40 22 25 15 38 34 11 12 6 41 22 35 15 16 13 16 17 19 9 23 27 16 17 38 22 19 8 26 24 19 27 
17 28 17 25 23 26 16 33 29 14 21 28 37 23 19 26 20 20 30 14 48 37 15 56 14 30 28 13 29 49 24 30 16 22 36 15 22 18 43 21 20 15 28 19 14 15 27 16 20 31 21 9 26 33 22 21 22 17 22 23 
10 13 27 25 38 28 13 36 21 11 24 25 24 13 20 12 26 28 18 29 32 33 19 36 18 18 15 20 38 53 17 35 17 21 37 41 25 23 39 18 22 19 20 12 12 37 30 23 16 15 24 21 21 30 18 17 13 22 25 27 
13 19 19 33 27 24 22 26 26 13 32 28 12 8 14 16 22 28 19 23 10 28 21 19 31 33 25 19 30 29 15 32 22 27 32 31 20 27 24 23 34 14 15 22 16 33 28 16 25 29 18 19 20 38 10 22 12 21 25 24 
18 24 21 29 33 24 14 15 15 15 26 29 33 17 11 26 21 28 24 20 13 36 20 41 32 17 28 11 28 32 28 30 9 30 31 22 17 32 26 22 13 9 12 18 19 29 26 16 25 29 19 12 21 37 32 24 29 27 17 26 
15 26 19 28 25 32 22 27 21 13 24 31 20 18 15 29 16 24 13 24 37 21 15 29 21 29 10 14 31 22 22 24 25 20 36 27 22 15 11 31 23 17 17 20 18 34 47 20 14 23 21 19 22 30 21 21 28 12 32 22 
19 28 22 8 18 28 15 38 28 18 20 33 20 29 14 20 18 26 21 18 31 22 18 19 14 31 22 19 43 21 17 28 13 20 44 21 23 19 28 23 30 16 6 18 16 20 36 20 24 49 22 25 21 33 23 26 13 19 20 21 
8 32 27 34 35 35 22 32 15 14 37 29 27 14 14 25 18 24 26 15 41 22 10 34 6 23 32 16 43 33 18 34 22 27 18 28 14 19 25 26 26 16 26 7 17 41 31 11 21 27 18 5 41 37 8 25 11 19 26 34 
20 14 28 18 18 19 9 27 31 22 27 32 28 5 16 15 23 35 22 16 30 21 20 33 26 29 30 17 35 22 15 33 17 31 22 23 12 21 45 30 35 11 22 9 13 24 27 11 20 23 12 16 43 32 13 14 28 25 26 20 
14 26 25 27 18 22 25 28 28 16 22 14 41 22 17 31 21 22 16 16 51 23 19 14 25 21 16 9 38 16 18 21 28 22 26 34 11 16 17 35 33 13 13 14 17 17 18 15 35 28 15 15 26 29 23 14 13 15 17 24 
21 21 21 34 21 22 18 17 21 16 17 53 26 22 11 31 38 29 22 21 22 19 16 23 31 15 19 18 41 30 28 25 21 27 22 20 10 15 30 29 25 20 16 23 16 36 31 21 31 31 12 18 18 18 15 25 11 15 24 20 
12 29 26 23 26 27 17 27 19 16 32 30 40 16 12 40 18 19 20 20 17 24 28 14 22 27 21 26 39 26 21 25 14 20 31 17 12 25 41 29 15 17 22 22 8 21 39 12 26 34 8 18 32 19 1 23 18 13 16 17 
14 16 20 28 42 16 19 10 25 21 34 5 33 17 20 19 17 23 11 13 36 22 19 34 18 12 39 10 24 45 14 29 17 22 17 28 28 21 24 31 21 18 17 23 16 21 27 19 33 31 14 27 31 22 23 26 17 8 19 31 
18 13 27 38 24 17 21 30 19 18 30 25 41 16 17 26 28 26 27 23 27 35 23 17 27 14 19 15 32 26 17 26 29 26 17 26 8 23 30 28 40 16 9 11 18 35 26 14 20 26 23 17 37 29 9 18 28 15 21 23 
21 14 28 35 30 25 17 35 30 20 19 34 15 23 13 18 35 27 13 16 32 21 28 52 7 20 38 22 26 38 31 30 10 14 22 22 16 18 31 25 33 15 14 19 15 30 38 21 15 29 16 24 24 22 23 20 18 18 15 26 
19 23 24 20 24 17 16 39 28 12 27 41 24 16 18 28 19 27 15 21 28 32 16 14 24 19 10 14 30 17 15 26 25 16 28 11 20 32 46 30 20 15 8 19 18 35 29 20 32 29 17 17 23 19 19 30 20 18 21 28 
15 24 16 27 42 9 26 27 19 22 18 14 27 29 20 23 30 31 23 15 24 24 12 25 27 31 38 25 30 30 20 35 22 17 33 27 20 20 23 16 38 13 25 20 12 26 37 23 30 34 20 15 20 45 24 15 19 16 27 32 
13 28 27 17 34 21 21 38 23 21 30 26 34 10 16 22 33 27 15 6 34 18 14 27 17 36 38 22 31 19 23 38 23 20 18 33 21 20 31 30 21 21 26 15 19 28 23 12 25 20 14 27 24 29 13 21 21 15 11 17 
18 9 25 16 37 26 16 13 27 17 18 23 12 14 19 20 15 25 18 17 25 32 32 33 27 30 17 20 26 24 25 29 14 18 35 20 17 32 28 25 29 16 13 11 12 27 23 19 27 21 12 15 40 41 24 29 20 26 20 22 
15 30 26 27 33 29 16 29 17 15 29 27 32 14 20 19 16 26 18 19 14 33 11 37 17 32 29 18 12 32 38 16 12 19 21 26 22 27 34 31 21 10 29 19 16 23 41 8 28 29 12 23 42 40 16 28 20 14 24 14 
17 25 20 29 19 21 17 30 26 18 20 24 29 21 19 24 28 15 18 16 37 21 14 15 27 7 23 18 27 27 19 14 19 23 32 19 20 23 35 19 21 13 17 19 11 19 48 16 17 39 16 18 6 23 16 18 14 17 18 25 
21 30 23 14 38 26 15 17 25 20 23 32 24 27 15 28 13 20 24 19 40 32 28 38 18 36 32 15 38 19 28 27 16 24 30 25 17 27 36 34 57 20 28 12 21 38 30 22 22 25 13 25 24 16 13 27 23 12 34 32 
22 17 7 36 32 23 17 27 21 22 21 42 35 22 23 21 30 10 18 19 25 21 12 37 26 27 21 14 25 24 17 15 6 16 15 16 25 24 38 36 33 8 26 13 16 30 28 12 24 25 12 28 44 20 16 13 23 16 15 29 
20 25 17 34 25 19 23 40 23 12 27 33 32 12 16 26 30 26 13 22 38 19 23 13 23 21 21 19 36 28 15 19 19 17 38 16 13 19 26 23 27 11 20 19 15 34 16 18 29 11 20 13 32 32 17 19 19 23 31 21 
16 32 21 39 25 35 22 26 24 27 15 34 43 19 14 25 13 22 17 20 23 24 13 35 29 22 22 25 36 23 20 17 19 25 33 19 26 30 27 21 21 14 20 19 24 31 10 22 48 25 10 22 10 30 15 14 19 22 24 23 
15 26 26 30 40 30 13 37 17 14 27 31 47 14 17 13 20 17 19 14 28 36 22 39 16 23 22 12 36 37 15 19 19 19 21 28 21 31 25 23 37 13 19 17 12 18 25 14 16 35 8 16 28 35 26 30 11 24 23 20 
16 25 23 23 35 19 16 26 23 22 20 13 43 9 19 26 38 24 17 14 26 14 15 37 24 28 31 20 29 24 28 32 10 22 28 19 20 19 29 31 21 13 19 17 19 30 36 11 20 21 13 16 26 28 12 27 8 12 22 27 
16 27 17 24 30 27 26 38 27 21 35 24 47 22 17 23 31 22 18 30 40 12 16 39 28 25 34 20 36 24 19 27 16 20 21 29 16 19 28 23 20 8 25 14 12 22 22 18 36 25 25 25 39 23 15 28 19 12 28 26 
11 23 22 19 34 31 20 36 24 22 14 32 15 17 18 22 24 25 33 16 23 23 23 34 33 41 27 9 24 10 10 22 20 23 32 20 20 23 16 27 36 14 24 19 14 21 40 16 32 35 24 15 25 29 12 27 20 16 10 35 
17 38 16 40 19 22 25 17 24 14 26 34 21 19 19 35 26 20 26 23 25 35 13 25 32 9 38 17 23 26 18 21 15 25 24 29 24 18 16 21 27 15 22 17 19 31 32 17 29 29 21 22 29 31 17 33 18 11 16 26 
9 24 27 26 39 24 10 28 24 15 21 30 38 16 21 36 33 31 16 14 37 9 17 48 19 15 31 24 38 29 31 24 8 36 26 24 12 17 40 26 30 16 19 22 13 26 19 17 26 44 16 13 24 35 32 20 16 8 27 23 
16 26 30 32 34 31 22 31 26 9 25 32 35 16 17 23 28 28 29 10 29 22 14 24 19 25 28 16 36 29 30 15 16 17 23 17 29 21 17 17 35 19 21 23 10 33 16 17 21 33 11 17 15 37 23 22 24 11 5 12 
19 18 26 23 15 16 17 20 22 21 14 18 9 23 13 28 27 23 17 22 30 37 9 26 22 21 34 21 31 38 32 24 16 28 24 16 17 25 18 23 28 14 20 16 19 30 27 24 23 32 16 14 36 26 25 23 25 13 19 26 
11 17 21 29 45 21 13 23 26 12 34 25 27 16 14 26 28 28 18 18 28 31 21 27 25 33 19 17 26 28 17 22 17 18 38 23 5 25 35 21 40 19 21 21 14 41 29 18 34 35 15 14 40 36 22 21 17 11 27 30 
17 24 10 18 28 20 14 28 21 8 38 32 33 25 12 25 22 17 17 21 37 31 14 17 19 24 20 19 32 37 22 24 23 19 33 20 27 30 19 25 41 18 39 19 19 10 35 14 27 33 18 15 27 26 16 30 28 17 21 28 
16 20 36 33 35 26 17 28 23 14 39 36 20 12 18 26 28 34 32 18 50 13 25 21 17 18 27 22 31 23 20 31 15 32 30 36 14 16 22 36 12 8 31 8 20 23 31 15 26 30 14 14 30 25 22 26 25 13 26 35 
23 28 36 26 29 30 19 23 32 18 24 25 31 4 17 23 25 26 17 16 45 34 21 19 20 38 26 13 29 21 18 28 17 17 22 24 17 22 42 24 45 13 24 17 15 20 25 15 36 25 13 20 60 18 21 19 12 24 11 21 
13 28 39 34 26 25 17 39 25 16 29 38 22 16 14 27 38 10 16 21 46 21 16 16 32 37 24 2 25 27 13 28 18 34 31 22 19 21 31 33 30 14 24 13 20 27 21 18 31 20 14 15 26 34 11 24 19 21 18 23 
14 26 30 27 31 23 27 40 17 20 24 17 8 22 7 24 20 24 4 11 31 6 20 21 27 32 11 13 24 37 12 17 19 25 18 22 22 12 26 18 25 11 23 18 15 27 26 12 26 30 20 22 33 43 22 25 16 5 24 20 
14 12 28 32 33 24 14 28 26 26 32 17 27 23 12 21 12 25 20 20 19 28 26 18 20 22 38 13 28 29 21 20 13 28 26 23 22 16 24 29 38 15 17 20 19 9 42 17 21 24 18 20 24 33 24 23 21 20 19 20 
15 26 31 28 34 12 14 33 23 26 18 20 23 19 20 19 38 24 32 21 33 17 7 37 19 24 27 22 38 39 14 35 20 28 33 24 12 11 23 21 36 16 25 30 15 27 33 19 34 25 19 18 32 36 28 23 14 18 14 24 
21 30 27 36 34 19 16 15 13 10 23 33 26 16 14 18 19 22 23 22 24 18 20 24 20 24 18 9 34 32 26 26 18 18 31 34 11 34 27 15 31 13 22 13 18 23 13 17 17 31 21 13 23 31 19 28 13 13 18 25 
16 22 27 16 36 22 26 36 21 24 27 20 37 23 18 16 20 22 21 23 35 37 22 28 12 27 27 30 35 19 27 28 26 24 24 33 24 15 16 32 22 20 23 10 14 39 40 16 26 31 13 23 27 22 26 14 23 20 12 35 
11 25 17 21 39 25 22 29 32 21 29 31 23 16 19 23 17 22 10 16 43 39 20 39 22 11 29 16 17 32 10 29 22 28 26 19 19 19 32 29 18 12 24 16 13 30 18 14 16 29 20 19 24 17 7 9 11 16 19 23 
12 23 27 31 37 21 16 25 21 20 31 26 39 27 12 18 43 39 12 22 27 23 31 23 36 34 25 16 21 12 25 24 22 21 36 27 26 30 30 16 9 19 21 17 20 24 28 13 26 23 25 15 36 35 17 21 19 19 24 18 
13 23 18 27 25 30 11 31 17 12 17 32 30 17 18 26 19 24 18 9 18 31 14 11 33 20 21 23 12 17 15 21 22 15 23 23 25 20 20 31 32 16 21 10 8 25 38 18 24 33 13 12 10 25 21 14 16 21 24 35 
13 8 21 20 37 25 14 18 18 14 28 23 34 19 20 32 29 27 21 24 26 26 22 38 23 18 31 11 27 41 27 25 14 19 38 18 18 35 33 17 13 22 9 21 13 36 25 16 23 29 20 17 23 21 24 36 18 19 25 24 
11 26 21 19 28 27 17 36 22 26 31 18 30 29 12 24 32 25 18 18 17 22 19 21 18 24 22 16 33 24 20 29 13 16 15 15 23 23 18 16 53 15 9 20 14 32 33 15 27 29 20 16 37 38 22 22 13 18 10 21 
15 31 24 25 31 15 19 18 34 18 26 28 25 17 12 28 32 9 26 17 28 39 20 31 33 29 24 14 25 29 20 20 10 19 17 34 17 19 32 30 17 15 19 15 23 19 22 21 20 17 6 19 35 26 20 26 24 15 5 14 
21 44 24 21 45 29 22 3 18 22 41 24 44 19 17 31 12 29 13 22 21 27 14 30 15 22 23 3 31 29 8 21 6 17 14 15 13 26 15 31 38 18 22 23 20 32 27 15 18 25 22 14 41 20 8 18 24 22 15 30 
13 7 27 36 33 33 20 33 24 13 29 30 22 13 16 13 30 13 20 19 20 30 23 33 12 16 34 15 26 31 24 23 26 27 25 17 3 29 26 26 16 15 24 16 13 35 21 10 31 35 22 10 22 41 18 21 13 16 16 14 
16 21 30 29 37 34 21 16 27 23 27 33 5 25 21 22 22 27 17 8 27 24 22 28 27 19 29 14 29 22 13 14 10 30 36 29 22 12 48 40 27 24 33 33 17 38 29 15 24 19 11 22 37 24 19 18 22 21 23 20 
17 26 24 25 36 19 10 22 28 12 24 29 26 14 12 18 23 18 19 22 41 21 13 29 19 14 17 25 19 25 19 19 18 16 17 19 18 21 30 23 35 16 13 18 15 15 37 15 25 29 19 18 18 37 20 25 16 21 15 31 
21 17 15 20 39 29 22 28 23 13 21 22 27 22 11 10 30 34 23 28 36 23 23 38 18 22 30 14 31 25 28 30 9 26 31 17 14 20 39 31 30 20 22 16 17 21 34 16 19 29 22 19 24 32 24 16 16 17 25 18 
15 21 11 32 21 20 18 19 22 17 23 24 33 10 16 20 25 24 22 18 34 27 20 11 23 28 27 12 40 26 30 27 12 18 37 26 19 23 28 28 46 18 28 14 18 20 32 19 33 25 19 15 18 29 16 8 16 19 34 22 
16 14 23 23 22 22 18 35 30 17 25 20 33 22 12 24 19 22 25 18 22 20 14 32 20 33 31 19 40 27 18 22 17 12 29 13 23 24 22 25 7 16 16 24 16 25 38 22 17 31 4 8 38 37 18 24 16 14 17 19 
13 31 21 26 20 20 16 25 12 18 17 26 28 23 13 14 29 26 27 13 33 30 23 36 16 25 25 18 22 45 20 25 19 21 25 26 20 24 25 29 31 11 22 10 22 29 30 16 26 15 17 15 37 19 24 14 13 25 20 14 
16 16 10 28 25 22 25 38 29 17 20 29 19 10 18 23 31 34 13 11 38 36 18 51 20 27 20 19 36 45 21 36 12 19 20 18 16 18 34 23 34 17 25 12 13 40 28 21 33 26 18 6 25 28 13 13 16 22 13 31 
15 31 23 21 23 22 13 27 24 15 27 35 35 14 16 25 32 29 23 23 22 14 21 36 17 33 40 12 26 35 27 31 22 24 28 24 22 21 23 8 34 13 30 26 20 35 32 14 8 33 17 26 14 19 20 23 14 14 30 24 
18 19 25 23 16 18 21 36 34 14 26 28 37 24 13 15 27 22 19 12 33 25 16 35 16 28 44 15 20 22 19 29 15 19 26 23 21 20 18 23 13 16 15 12 11 34 21 15 31 26 21 25 28 35 23 18 14 16 28 19 
14 33 28 18 18 31 20 33 32 20 5 28 42 9 23 19 25 13 20 16 25 30 19 27 14 35 22 28 35 31 29 16 13 4 34 15 15 23 18 15 27 13 14 16 21 22 40 16 39 23 7 14 36 27 16 27 15 16 29 23 
13 26 13 28 45 27 17 45 20 19 37 32 8 22 14 24 17 22 33 21 26 22 22 33 22 27 20 19 28 26 18 28 10 25 24 9 17 18 27 26 32 19 13 11 9 32 31 9 28 11 17 15 8 45 3 29 22 15 26 25 
15 23 30 16 23 43 20 32 24 18 35 2 28 9 14 18 36 27 28 19 31 24 27 46 17 29 42 16 39 40 19 21 17 11 12 33 24 13 22 18 34 13 17 21 13 19 42 16 36 24 20 15 40 40 24 31 25 27 16 15 
18 23 21 27 17 20 17 27 18 12 31 36 36 17 20 21 35 17 19 18 27 20 16 30 21 17 18 14 25 32 29 22 21 24 23 24 14 17 25 33 7 16 24 19 19 32 33 18 16 34 14 17 40 21 23 23 15 13 22 18 
16 23 19 32 21 28 14 31 21 18 38 33 19 12 17 15 34 27 19 26 34 25 18 21 17 15 31 14 28 44 24 18 27 23 26 20 24 26 34 23 27 16 12 15 16 29 34 13 15 15 12 15 27 30 13 36 25 15 21 21 
18 31 27 26 24 22 10 22 24 14 29 33 30 18 14 24 21 26 22 18 12 42 12 25 17 30 39 23 28 39 22 14 21 15 30 29 19 20 50 32 16 19 19 16 21 26 31 14 22 36 13 26 35 25 17 13 18 10 32 28 
15 29 16 24 31 12 23 27 25 18 29 25 36 20 13 14 19 25 18 17 23 34 18 37 11 32 37 13 25 31 29 30 19 28 10 22 18 17 28 30 19 20 19 13 17 16 40 23 39 13 17 20 34 35 22 11 12 10 21 20 
19 40 6 19 30 9 16 39 28 13 19 29 21 10 15 26 27 24 23 18 34 17 24 8 17 34 20 20 21 19 22 38 17 26 8 29 18 26 42 25 21 20 19 19 23 40 37 12 25 34 12 13 24 23 14 21 21 20 26 20 
9 20 12 30 24 17 11 24 20 18 35 22 22 17 15 20 13 40 22 17 34 29 19 38 19 17 26 16 41 13 14 34 19 20 40 24 19 18 15 33 28 10 26 14 10 28 25 18 35 22 18 14 29 34 20 29 19 22 21 28 
18 16 29 25 43 9 17 32 21 18 17 43 30 16 15 22 31 28 20 21 40 23 16 20 18 29 27 30 26 22 17 21 17 16 27 27 21 23 21 17 16 13 25 19 19 43 48 17 24 27 15 17 24 26 20 27 9 14 15 27 
16 28 21 33 28 28 8 38 28 26 27 25 14 13 10 19 25 25 37 11 31 30 22 30 13 22 30 28 21 25 21 34 18 17 38 14 14 22 35 29 25 11 20 14 19 25 17 16 19 22 13 23 24 26 22 16 14 23 17 28 
19 20 20 30 21 15 7 34 17 14 23 21 21 16 13 34 19 29 17 23 24 26 11 19 24 3 18 23 36 34 21 32 12 27 27 14 25 19 35 25 30 12 17 12 10 31 17 16 26 31 17 20 35 19 26 18 19 20 18 20 
11 20 26 30 16 24 16 39 24 11 19 33 22 23 23 28 29 9 21 16 21 22 13 29 21 20 31 4 42 25 23 38 17 19 28 42 17 21 27 21 19 18 18 20 22 36 13 19 38 16 18 21 38 27 17 21 30 18 22 36 
13 19 28 27 22 18 26 17 24 18 13 20 29 26 11 20 34 28 25 14 32 20 10 26 16 40 33 22 30 22 19 24 24 27 41 28 7 21 42 30 34 16 35 17 19 35 28 17 16 36 11 14 31 38 22 28 18 27 14 31 
15 37 14 24 12 17 22 31 24 25 35 33 40 20 11 17 18 20 22 15 37 25 17 31 28 25 33 10 40 40 28 23 18 16 28 21 16 22 31 6 23 10 16 23 15 28 27 18 40 21 19 27 31 36 16 19 20 16 28 41 
10 19 15 35 32 22 12 21 23 27 17 21 26 19 14 24 17 40 18 13 29 33 17 36 30 36 24 18 20 28 16 29 15 29 35 33 14 33 16 27 37 14 25 18 11 31 38 14 28 36 12 10 37 18 27 21 15 19 26 22 
17 19 23 23 22 18 18 26 28 16 16 31 39 20 20 15 17 36 27 19 34 17 9 24 20 19 37 12 10 26 17 29 13 20 29 35 9 26 24 32 25 19 27 12 18 35 20 17 28 32 9 21 30 33 21 16 19 19 20 26 
19 19 17 20 27 20 16 25 31 3 29 29 26 17 11 21 23 25 15 20 24 26 17 19 23 31 26 17 24 27 38 33 21 19 30 34 10 31 25 16 21 14 13 8 18 19 13 19 19 31 17 21 31 20 19 23 25 13 18 17 
17 29 14 13 44 17 22 41 26 18 28 51 34 21 10 19 21 26 18 22 34 40 14 24 30 27 9 17 33 12 25 39 16 27 24 20 24 27 39 32 22 13 10 18 17 23 33 14 28 22 20 21 37 19 9 15 19 17 18 37 
22 15 16 24 41 21 12 24 12 19 30 31 28 17 14 23 24 34 15 20 29 38 25 28 28 3 39 12 23 37 23 23 9 24 30 19 14 17 25 17 21 20 19 22 18 21 31 13 28 42 18 6 31 35 13 26 19 22 29 24 
13 28 21 31 31 27 13 35 21 19 31 21 14 14 16 18 22 19 26 23 27 22 19 37 32 27 24 22 18 28 35 12 26 22 14 16 14 19 29 21 25 20 20 13 22 16 27 13 19 22 18 24 36 33 21 19 24 23 8 20 
15 37 30 26 28 26 20 32 23 18 15 30 28 6 18 12 6 30 24 21 26 22 23 13 18 16 29 21 23 26 15 24 11 23 23 30 12 26 22 27 16 15 17 15 14 18 32 17 36 27 17 22 7 32 24 20 14 13 19 20 
15 17 15 31 23 18 10 27 30 26 21 38 32 15 22 15 34 29 24 25 37 28 20 39 23 19 36 19 24 25 14 22 7 33 30 20 20 22 21 24 26 13 18 16 19 17 32 7 26 28 16 22 28 30 34 16 23 18 21 24 
14 24 25 22 19 25 15 27 27 24 18 28 28 21 14 28 28 14 23 20 25 33 22 47 27 26 31 15 20 15 22 35 20 20 24 22 24 29 38 21 25 21 14 19 21 38 33 17 27 23 25 9 31 40 16 20 18 17 7 25 
17 22 29 18 21 22 21 20 23 15 18 26 22 21 11 25 20 12 21 18 31 28 26 46 13 36 27 17 21 16 33 38 12 22 32 22 17 28 24 17 31 15 16 22 26 29 33 15 27 47 12 19 38 31 21 23 11 15 13 30 
19 29 22 16 21 22 15 27 29 13 26 27 29 19 14 10 20 29 18 21 39 37 19 37 19 21 24 5 25 15 16 23 16 22 24 15 21 26 28 14 39 11 17 20 14 40 17 18 33 31 17 14 39 39 18 15 15 11 26 30 
14 31 28 7 29 25 13 39 18 12 27 33 30 19 14 22 9 24 19 7 27 38 18 27 23 28 27 24 34 36 26 26 12 22 26 28 17 26 34 26 40 7 17 17 23 37 31 16 22 25 16 20 31 23 20 27 9 21 26 31 
14 25 17 26 24 27 16 32 16 12 13 22 29 15 23 22 31 25 18 21 31 24 17 30 30 28 26 15 41 36 29 25 13 22 36 24 18 22 35 25 26 21 25 11 20 21 35 17 21 30 18 21 35 34 12 19 20 18 25 17 
19 19 15 33 28 30 15 28 24 23 27 43 26 16 16 24 17 19 22 18 27 28 22 29 16 39 16 9 39 23 16 29 25 21 33 42 24 25 25 23 28 12 21 25 13 25 21 15 28 27 20 17 29 41 9 11 20 21 25 23 
10 35 16 36 38 18 19 16 36 17 38 16 24 18 22 21 20 33 14 20 47 28 25 29 26 26 28 17 17 24 24 12 17 22 33 27 20 15 28 21 17 19 10 16 12 25 25 16 31 40 18 18 26 32 19 17 20 21 19 28 
15 26 22 28 30 32 24 30 16 16 25 27 24 19 15 23 31 13 22 24 30 13 11 48 19 34 33 20 27 21 29 24 14 16 23 23 19 23 32 18 38 15 19 16 22 16 19 16 31 12 14 18 45 29 32 22 24 9 18 29 
17 32 19 34 24 28 13 39 23 22 23 32 38 12 19 25 34 15 21 16 29 18 23 30 10 33 32 15 31 39 22 22 7 20 29 26 23 13 37 19 17 17 25 20 19 38 31 14 34 31 19 20 34 26 15 27 15 13 28 23 
19 29 23 18 20 27 21 29 18 22 32 21 39 12 14 28 25 23 16 18 20 28 12 41 14 32 28 18 26 34 15 31 16 25 26 22 16 14 35 29 22 14 20 10 15 37 29 13 23 16 15 6 47 33 21 27 16 8 22 35 
13 31 21 17 26 37 17 38 18 24 27 34 45 23 15 13 23 23 12 21 19 25 24 47 25 32 27 17 31 25 22 36 15 23 33 23 26 28 27 29 25 15 27 16 20 22 32 22 17 24 15 15 22 21 19 24 21 17 25 25 
13 27 17 17 19 22 17 32 31 17 20 41 47 21 16 26 19 29 18 17 30 31 14 25 24 22 20 25 50 19 31 30 13 34 35 20 13 16 24 28 24 10 22 25 18 24 29 21 32 17 17 15 40 44 27 25 20 20 19 28 
3 25 21 18 37 15 6 29 23 28 26 38 44 9 8 24 17 32 22 19 48 30 21 29 27 25 21 12 30 13 21 25 22 24 19 27 20 19 35 27 36 18 17 14 11 26 24 20 37 18 18 16 47 13 24 21 20 11 20 33 
14 19 16 38 20 29 25 22 14 17 22 27 31 24 16 11 18 11 7 20 29 30 28 28 21 28 35 22 31 31 22 24 22 21 28 28 24 16 28 18 37 17 24 18 18 40 26 19 32 31 15 16 41 31 18 18 22 19 22 22 
19 18 20 20 24 23 27 29 23 12 25 24 36 21 21 25 22 39 19 18 33 17 20 25 28 30 31 11 24 27 19 12 17 26 30 31 20 20 29 35 24 16 28 14 13 28 24 25 27 35 23 24 34 48 24 26 18 21 9 18 
10 22 27 16 34 16 9 26 17 20 31 29 29 13 17 14 14 25 19 14 23 23 25 30 23 29 30 18 12 19 18 38 15 19 25 22 15 26 33 37 30 17 20 17 14 22 29 18 26 26 14 24 28 41 29 15 17 16 31 15 
15 14 19 25 30 21 13 31 23 31 37 22 34 24 15 28 6 28 21 16 16 32 12 29 27 35 21 20 25 37 14 36 17 11 26 12 17 33 30 20 47 10 12 13 10 25 27 17 18 27 18 22 30 23 15 32 28 24 21 24 
12 29 37 31 15 21 25 30 29 15 29 29 20 18 9 25 41 21 20 20 23 33 19 24 14 21 28 21 19 16 28 30 9 23 24 32 20 20 25 32 35 18 17 18 14 18 32 19 31 29 5 15 28 29 14 26 17 18 15 33 
14 37 16 31 44 19 13 29 10 16 24 32 31 21 14 13 26 10 15 14 26 14 19 28 24 36 32 6 39 25 12 26 12 23 30 40 26 24 32 23 32 12 19 23 15 19 35 17 35 18 14 3 20 45 18 23 14 17 18 15 
17 25 18 23 27 17 20 46 19 13 22 26 42 16 18 25 20 9 23 20 21 23 9 35 23 26 33 29 32 28 17 21 21 30 24 9 20 18 23 32 19 19 16 15 17 30 40 16 27 27 17 16 30 24 9 17 17 20 18 20 
15 28 24 41 24 27 17 39 35 17 21 23 31 15 16 19 23 31 12 21 42 19 23 22 22 26 36 4 28 46 12 29 18 15 32 31 19 16 26 20 20 7 22 15 9 31 22 24 34 39 21 23 33 30 30 20 12 10 22 27 
16 29 25 13 31 33 15 26 20 17 23 24 36 20 15 19 20 28 11 26 18 18 20 31 13 30 16 25 35 25 22 20 17 24 27 28 7 24 22 26 19 16 26 21 22 29 38 13 33 30 19 16 57 23 23 28 22 23 24 37 
18 22 22 26 26 25 22 33 22 19 16 30 42 14 7 22 27 25 19 11 30 16 22 18 18 20 25 22 42 42 13 34 17 17 35 22 10 17 23 27 24 13 19 21 13 27 18 20 23 36 14 21 22 44 30 30 13 18 11 21 
16 16 15 26 27 16 14 31 30 16 36 27 34 20 11 25 29 24 33 29 27 15 21 33 15 36 41 18 32 30 14 21 27 21 34 18 23 27 42 26 25 12 30 21 16 27 24 26 35 22 11 7 34 32 20 26 17 15 18 22 
14 15 22 27 32 22 15 28 21 25 34 25 29 23 20 21 37 16 12 14 34 31 19 17 29 27 23 16 24 25 19 26 16 12 28 12 25 21 21 20 30 17 10 19 20 28 26 18 34 33 13 11 35 17 23 18 16 15 23 32 
23 23 33 28 46 23 9 24 26 19 25 30 41 15 12 32 34 15 27 11 27 30 21 35 32 40 22 22 39 17 21 27 22 23 19 14 11 27 22 20 30 16 21 14 18 19 36 17 25 31 25 15 34 39 16 28 13 19 21 33 
23 23 23 21 31 27 21 53 12 15 33 35 55 18 19 12 35 22 23 17 29 19 18 18 14 20 20 15 33 25 19 25 21 24 17 37 19 20 28 33 21 20 17 19 19 14 38 12 27 20 9 14 35 28 23 14 25 18 21 43 
22 24 30 11 34 28 14 46 28 22 29 42 30 26 9 7 24 30 25 17 34 18 18 30 14 28 30 15 22 29 13 22 14 23 9 19 16 20 14 36 27 19 22 21 16 32 37 18 24 21 18 14 30 32 23 17 14 16 33 22 
10 9 22 25 48 28 22 26 27 11 31 27 29 21 25 21 29 35 20 23 42 26 15 37 15 14 45 18 20 33 26 32 16 18 37 28 22 29 18 24 25 10 19 17 16 34 28 15 17 21 15 12 29 25 19 22 10 16 19 23 
16 32 26 25 27 35 13 14 27 24 17 15 27 31 15 19 14 29 24 24 27 28 17 32 20 27 33 18 26 27 22 32 23 10 24 34 20 27 16 18 16 21 25 22 20 22 53 11 22 27 19 14 25 18 12 18 30 16 23 24 
19 10 22 28 38 23 13 13 19 22 31 38 21 11 14 21 18 36 23 11 22 28 16 32 30 23 32 13 22 37 12 23 17 18 26 13 13 22 32 30 26 17 16 11 11 28 20 14 31 28 16 18 27 31 25 26 15 20 20 13 
15 23 26 24 32 20 17 21 10 22 25 15 34 21 17 14 13 16 30 13 46 26 13 27 24 27 33 13 26 46 22 23 17 19 44 21 23 18 25 37 26 7 29 26 17 16 6 11 29 30 13 18 32 30 24 28 27 16 17 34 
20 27 23 25 23 22 24 33 26 19 27 22 28 10 17 34 21 21 10 16 26 20 19 35 24 22 27 15 15 32 18 11 15 28 28 25 14 30 19 20 18 19 18 12 18 22 46 19 24 33 14 16 35 29 23 17 22 22 18 7 
19 11 26 11 30 27 22 36 22 20 18 30 3 19 10 28 25 16 26 14 42 24 28 20 14 21 30 24 30 35 18 17 10 17 39 26 14 12 23 25 27 15 22 18 11 36 21 18 19 34 16 17 13 33 16 24 21 13 14 36 
19 23 26 28 31 25 8 34 33 16 38 19 30 22 11 28 42 20 27 21 24 25 29 30 14 18 35 20 24 27 14 36 13 22 29 33 16 22 36 33 30 17 11 16 14 29 32 19 17 25 15 17 35 21 17 16 29 14 19 9 
16 20 23 30 37 17 27 38 16 22 32 33 27 19 13 22 26 20 12 18 25 32 21 45 15 15 38 20 21 23 24 31 19 25 24 16 17 21 24 36 25 13 16 11 19 26 34 18 28 30 17 34 24 29 32 26 19 18 33 26 
16 34 23 15 37 17 17 20 33 16 21 42 19 19 15 10 26 22 25 21 39 33 17 31 27 24 10 18 28 28 23 23 14 26 28 32 14 22 20 21 22 15 24 18 13 36 25 17 19 24 17 23 14 35 20 20 12 17 25 13 
11 19 28 30 28 27 15 29 17 16 23 38 12 22 14 23 31 23 14 24 18 17 21 16 20 26 28 16 22 20 24 24 25 13 27 30 18 10 31 23 38 10 21 14 12 31 36 21 30 30 13 21 23 21 16 11 13 19 22 16 
19 24 19 26 20 15 16 31 30 14 13 25 34 17 18 18 27 29 33 25 30 21 17 42 18 18 16 17 30 36 18 20 22 21 23 35 18 15 28 42 35 21 25 20 15 18 27 20 25 23 18 18 31 33 24 14 23 23 14 23 
13 22 28 24 21 24 26 34 33 20 30 34 31 10 15 27 21 38 31 14 33 38 21 23 33 18 34 18 40 28 9 25 22 22 40 29 13 30 32 21 27 18 21 24 23 22 19 8 24 43 14 13 38 38 24 19 13 22 11 21 
14 18 17 23 34 26 18 24 24 15 38 27 28 30 21 30 30 16 17 16 38 28 10 19 19 17 41 20 40 19 15 17 21 26 29 26 28 29 34 6 26 12 13 16 14 18 37 15 19 31 13 19 36 34 26 19 24 12 35 17 
12 22 27 25 19 32 16 33 18 14 29 26 17 26 21 14 28 20 15 21 28 24 23 28 25 32 20 13 28 41 28 29 14 24 31 25 9 17 22 25 28 17 27 20 14 28 32 16 36 27 16 24 38 32 17 28 10 17 20 18 
18 15 15 28 19 34 12 27 29 14 30 36 9 17 11 29 21 25 21 21 20 33 21 31 32 19 29 23 35 26 20 37 23 17 17 26 20 25 26 34 27 15 18 23 12 36 35 22 18 29 16 21 21 20 19 20 16 21 17 25 
19 8 21 24 29 24 14 2 23 15 26 26 37 20 23 23 23 30 35 16 42 23 17 36 25 30 16 28 27 19 12 32 9 20 33 15 16 23 39 27 28 14 10 19 16 29 12 15 30 33 15 24 30 28 22 23 18 22 28 24 
11 21 28 38 33 29 15 39 21 24 30 40 35 23 16 27 25 30 25 16 20 23 25 32 15 31 24 27 34 17 29 26 9 17 35 26 9 36 14 42 33 21 19 26 20 35 24 13 24 45 23 17 26 31 22 24 19 20 35 22 
11 26 20 13 36 28 17 25 31 16 29 26 30 18 4 19 21 18 20 25 17 16 17 23 25 20 29 13 33 28 25 35 15 19 39 22 21 34 38 29 36 11 23 13 14 42 22 8 33 16 16 20 35 31 4 23 12 16 15 25 
10 28 22 22 24 24 8 18 18 16 35 15 35 18 20 17 36 34 17 16 45 31 14 28 25 29 28 20 27 37 33 37 21 15 19 26 20 22 31 28 18 17 15 17 24 33 38 14 33 21 17 20 35 24 17 13 13 18 20 16 
13 32 20 35 34 37 12 22 24 8 24 41 42 26 20 23 29 16 9 12 12 17 23 15 16 24 28 21 31 33 17 32 19 28 37 36 11 23 33 37 30 7 17 14 16 31 24 15 26 30 21 22 25 15 11 16 14 21 13 25 
18 25 31 28 25 29 27 40 20 16 20 13 32 20 17 27 24 28 23 21 32 31 18 19 35 28 18 18 20 35 15 42 21 27 26 20 17 33 24 28 20 4 20 15 19 17 33 6 31 43 8 23 30 28 17 23 17 19 25 17 
18 27 33 25 29 26 11 35 14 15 36 22 32 24 29 19 27 23 20 17 41 24 23 40 22 19 23 15 32 18 19 39 28 23 35 16 27 23 24 32 33 15 24 19 14 22 38 13 24 31 27 21 44 18 7 24 26 19 14 30 
20 38 27 20 23 21 18 33 22 15 24 43 19 12 12 28 20 11 25 17 23 37 33 30 28 13 25 23 17 30 13 33 15 29 22 29 12 16 22 28 21 16 29 8 15 33 38 23 12 24 17 13 41 32 12 25 15 17 25 17 
11 22 20 33 30 17 16 21 22 19 29 29 43 17 14 28 22 19 23 28 36 30 23 35 20 13 26 10 33 24 18 48 18 23 30 17 15 16 34 19 28 16 14 19 12 23 35 16 25 19 12 19 31 32 9 24 27 11 19 8 
22 13 16 14 28 25 15 30 25 22 25 24 30 16 13 25 25 17 17 18 28 32 19 29 23 25 9 10 31 20 25 24 16 28 42 17 16 19 21 29 27 9 29 24 20 39 39 15 27 33 17 21 29 22 17 11 26 17 23 21 
14 21 29 32 41 26 19 34 25 20 25 21 32 14 6 17 9 34 29 18 25 41 18 38 29 25 43 26 31 28 18 28 17 17 29 21 27 20 21 32 36 17 13 14 8 30 39 11 27 47 16 18 49 26 20 27 14 14 21 35 
19 33 21 10 32 14 16 26 33 20 32 29 21 18 13 39 43 30 10 18 40 35 22 26 18 34 46 5 34 22 15 37 14 22 16 14 11 31 43 21 27 21 16 18 14 35 33 15 27 20 19 15 35 29 16 14 25 22 24 27 
17 29 24 14 19 29 10 36 21 20 19 22 29 23 20 27 29 20 23 9 23 26 17 39 24 41 24 11 35 24 28 21 25 23 36 35 19 25 27 35 24 11 11 15 23 35 27 20 29 22 18 28 36 23 35 16 16 18 10 33 
9 15 20 27 34 33 20 22 22 17 21 21 34 21 8 17 40 24 29 20 25 25 20 28 15 27 50 20 18 39 20 26 22 27 38 31 13 18 20 28 19 16 24 19 13 29 29 22 30 26 11 20 41 34 31 25 15 12 21 37 
20 26 18 18 26 18 12 26 29 23 27 28 33 25 14 31 15 14 19 12 27 31 16 39 27 18 29 13 33 25 24 40 22 25 37 25 19 20 43 27 28 14 19 16 12 36 30 16 31 16 21 15 32 29 21 14 22 10 10 22 
17 27 18 38 30 32 15 19 39 7 33 21 24 18 17 30 27 31 23 26 15 24 24 34 30 28 34 13 41 20 7 20 30 14 36 32 11 28 30 38 27 10 9 12 15 29 11 15 9 25 12 17 25 23 19 6 14 28 19 18 
12 28 24 25 25 17 8 25 26 16 32 25 26 18 17 23 27 24 25 23 27 15 15 37 12 14 37 21 16 48 21 21 12 22 27 29 16 25 25 19 50 12 14 17 18 30 43 13 6 24 14 16 37 22 25 18 17 24 20 27 
18 19 26 14 27 13 20 38 21 14 20 36 24 19 22 27 14 32 17 14 28 32 10 26 12 34 30 15 22 14 23 24 11 28 30 20 25 21 28 18 25 23 19 17 17 21 41 21 24 28 17 18 26 31 20 20 11 24 18 20 
20 22 18 21 24 20 12 29 16 24 8 38 9 22 15 15 26 24 18 17 33 31 14 26 17 14 34 19 25 27 24 27 20 13 44 23 18 33 19 3 24 14 18 16 18 32 37 14 37 27 14 11 33 40 11 25 15 12 12 17 
18 14 29 33 8 30 23 40 25 10 24 36 35 23 12 24 35 26 13 18 9 28 15 32 21 26 20 19 20 36 25 19 25 23 38 29 19 18 26 30 42 11 22 17 9 35 24 12 15 26 22 15 25 33 27 19 18 17 18 19 
13 21 14 17 28 19 14 48 25 25 26 32 27 17 11 17 20 20 31 12 37 19 13 29 27 10 30 10 33 22 29 25 8 25 38 17 6 9 46 18 22 17 15 16 19 22 36 18 19 30 22 20 26 41 5 25 14 25 21 28 
17 31 17 23 15 29 20 29 25 13 33 42 24 17 17 14 20 22 21 20 20 20 23 26 18 17 16 18 23 36 22 17 17 28 18 39 23 19 23 28 31 13 13 15 14 34 23 14 36 22 12 29 21 33 20 18 14 9 28 28 
12 21 31 14 35 17 17 30 24 16 29 23 30 20 13 27 14 34 17 20 26 25 20 19 21 17 35 20 33 21 21 27 9 23 28 31 35 24 47 32 34 13 24 20 21 38 38 15 8 31 7 13 9 26 26 23 17 18 29 24 
17 25 29 18 32 19 20 26 34 21 27 21 23 8 14 25 19 31 31 22 28 25 8 37 23 29 37 19 24 28 23 38 16 18 27 27 21 31 27 21 18 15 12 6 14 38 30 16 25 31 14 12 36 17 25 21 19 9 26 8 
19 23 14 22 42 19 18 30 14 19 25 28 20 20 15 25 16 28 21 16 20 23 13 15 32 7 26 16 23 20 16 33 28 28 28 17 16 19 28 11 21 19 16 17 22 19 17 19 34 31 20 21 41 24 14 28 25 12 34 33 
10 30 16 14 11 17 12 27 23 25 28 49 37 19 2 15 26 29 28 20 28 27 17 30 30 25 36 10 33 33 7 39 17 24 31 23 20 26 35 24 33 16 30 23 15 46 41 13 14 20 20 17 36 25 14 18 18 14 27 16 
12 25 14 17 18 30 13 31 15 16 21 34 41 8 18 26 24 25 19 25 35 29 16 22 10 20 31 14 27 21 16 20 19 27 18 26 15 24 12 32 26 17 16 17 16 30 30 22 19 11 12 20 30 30 12 24 20 10 17 16 
9 24 31 22 19 40 21 35 22 10 22 30 30 17 19 12 39 26 25 10 34 29 16 26 18 23 32 17 36 47 2 13 23 23 30 20 15 20 42 16 31 13 22 23 22 31 39 18 27 18 15 15 32 35 19 11 17 14 19 11 
23 26 13 32 29 27 13 23 27 29 12 30 22 19 12 26 36 23 23 20 27 19 20 17 24 16 28 17 38 24 21 31 12 15 32 18 20 27 18 17 26 16 26 18 16 37 20 20 33 11 16 7 39 31 11 23 15 24 4 2 
16 20 14 21 41 22 19 32 24 22 26 28 36 18 11 22 20 26 24 29 30 18 21 27 23 33 29 20 20 35 16 30 20 36 15 28 12 12 19 26 20 16 20 23 8 36 33 19 29 14 17 26 34 17 17 23 12 24 19 22 
19 38 23 7 12 17 6 24 14 13 32 27 43 19 8 21 29 30 4 21 33 29 17 32 26 21 25 18 22 37 30 18 28 27 27 30 13 17 34 27 42 10 19 15 15 35 29 17 47 43 12 11 9 24 19 22 14 14 13 35 
13 27 24 25 28 22 21 19 16 20 35 31 34 25 14 21 23 30 16 11 36 22 11 42 33 11 27 3 35 33 21 21 30 36 31 24 24 26 29 26 34 15 24 14 15 40 14 11 12 18 11 19 18 37 16 28 20 13 24 25 
11 14 29 24 27 15 20 24 18 15 29 23 13 21 13 16 24 25 29 13 11 26 20 35 23 15 31 15 21 31 24 21 11 33 43 24 18 28 25 22 32 12 16 22 13 32 31 13 28 22 16 31 17 38 18 23 20 9 15 16 
4 25 33 18 31 29 9 18 25 16 31 30 28 23 17 23 15 17 17 17 27 30 28 32 35 36 38 9 27 30 24 36 18 31 32 19 23 28 27 41 35 17 19 12 15 28 30 12 27 28 18 18 33 43 16 15 14 15 7 30 
15 25 20 15 24 28 15 18 27 18 32 20 46 21 12 14 31 27 16 6 36 21 19 30 21 21 30 20 30 30 25 30 18 28 30 17 20 20 37 32 34 8 24 25 15 32 34 15 27 32 14 17 39 14 11 21 18 22 20 25 
24 22 13 29 35 18 22 35 17 22 30 30 35 21 17 30 28 19 24 22 28 17 18 23 23 22 30 16 17 31 19 27 14 25 12 24 23 21 16 22 17 13 18 27 15 25 21 21 29 34 17 27 36 20 30 14 25 22 13 7 
16 32 19 11 26 29 24 37 14 19 33 25 16 16 16 28 27 24 11 21 17 24 10 39 22 22 13 14 39 32 12 19 18 23 19 28 19 15 37 22 21 22 18 21 13 23 26 19 19 19 18 21 31 25 17 23 16 12 10 31 
15 27 24 31 29 29 19 26 11 17 26 29 26 17 15 30 23 15 30 9 36 29 19 29 23 27 33 11 29 24 20 35 16 19 21 30 6 32 24 28 31 10 23 21 17 25 37 16 18 24 15 29 38 34 21 25 23 15 29 21 
13 34 21 6 21 30 11 16 6 15 30 24 25 15 9 26 29 39 25 18 39 23 13 40 23 35 35 25 28 26 19 35 18 23 35 29 12 23 41 35 39 24 8 21 10 30 36 16 30 26 11 27 29 35 18 24 15 16 10 24 
16 9 24 30 35 26 17 17 27 14 19 35 42 21 10 14 24 33 5 14 30 39 24 30 33 27 35 13 30 18 25 24 15 12 34 36 26 34 8 32 22 14 17 21 18 31 16 16 34 32 20 18 39 37 16 23 26 19 28 25 
3 32 12 27 23 28 23 16 31 15 7 35 34 8 16 21 19 18 11 22 36 22 16 30 38 16 18 15 20 25 31 31 12 25 29 20 22 18 41 18 34 11 18 20 17 18 31 10 24 25 14 19 20 26 7 26 20 21 38 28 
21 30 18 24 11 20 13 40 24 17 33 34 29 10 10 20 25 32 20 20 30 29 21 36 16 27 36 15 31 11 24 32 17 22 34 23 12 25 26 30 18 22 10 15 15 10 21 15 23 40 16 31 20 50 25 15 25 13 17 25 
19 16 25 16 23 19 21 18 14 16 24 39 32 16 19 22 24 24 19 19 35 17 26 25 16 32 14 24 37 24 21 18 20 26 16 18 18 12 31 20 26 7 29 20 20 47 31 13 30 29 18 9 30 30 22 19 20 22 26 31 
18 24 27 31 24 23 23 27 26 25 38 39 10 9 5 19 24 33 23 13 39 23 14 30 20 8 35 23 26 31 30 30 14 23 14 22 18 10 23 25 21 17 18 21 18 37 25 9 29 31 20 16 17 27 15 27 19 19 31 27 
20 27 21 33 26 30 21 30 19 26 26 35 43 7 12 23 18 13 14 9 28 22 17 25 22 15 32 21 30 33 17 27 18 27 25 24 17 18 27 29 24 14 24 19 11 22 34 21 45 31 23 20 34 31 22 18 20 13 21 19 
14 25 33 8 28 23 17 24 30 17 28 12 33 17 12 30 29 24 22 14 33 26 17 27 22 15 19 15 28 33 24 27 11 19 22 22 23 18 27 22 23 19 20 26 12 25 27 14 41 35 17 16 39 28 21 21 15 10 21 19 
22 25 19 32 44 31 22 27 27 15 14 27 22 15 11 19 28 28 14 15 32 27 19 24 29 16 27 24 30 26 19 37 7 21 16 31 19 16 35 31 27 16 25 6 21 24 21 20 35 41 21 19 31 9 17 16 23 15 26 20 
18 24 33 22 29 24 11 26 18 14 24 35 16 11 20 14 9 29 18 10 26 18 16 25 23 26 29 18 19 10 15 40 10 29 26 21 16 17 33 26 31 20 26 20 17 31 33 26 32 16 12 14 19 22 26 16 19 17 26 22 
11 27 29 34 30 31 19 17 14 21 25 12 56 18 8 26 29 37 27 23 29 26 22 14 19 27 34 22 37 59 9 30 7 19 26 27 8 15 44 18 31 17 9 17 16 17 42 14 26 28 22 26 24 27 20 29 9 14 28 25 
13 21 16 24 30 19 5 43 19 20 21 13 46 19 13 7 22 25 17 9 23 26 19 41 28 25 16 10 29 18 8 12 23 37 32 30 16 27 15 22 21 12 22 20 17 28 14 18 29 34 14 19 26 26 15 22 12 13 12 25 
21 29 27 30 22 18 18 30 24 7 31 33 39 13 18 23 27 19 30 8 23 12 25 27 32 23 26 13 31 19 29 27 18 20 33 21 17 20 27 25 29 16 25 21 14 47 31 12 29 28 16 23 15 28 13 14 21 10 28 32 
19 31 29 31 19 26 18 14 37 20 35 27 21 19 15 28 18 22 25 16 38 22 25 14 25 14 32 15 28 21 16 24 18 28 23 20 15 30 25 45 27 13 31 16 22 30 23 20 31 37 12 16 17 39 30 22 23 16 21 25 
21 13 19 27 30 11 19 20 19 21 32 37 40 13 10 29 19 31 24 20 18 19 12 39 23 32 32 24 9 37 12 21 19 20 22 27 10 24 41 11 34 15 15 4 21 40 34 16 29 25 9 22 34 29 23 26 22 14 31 23 
20 5 17 27 27 37 16 23 18 25 34 31 37 18 11 31 12 28 18 6 28 17 15 26 19 23 37 14 35 32 17 24 21 26 17 33 22 22 29 41 15 10 19 22 17 37 27 12 18 46 16 18 38 35 18 28 25 13 22 17 
18 14 24 26 37 36 10 15 13 22 33 34 29 19 14 14 10 21 22 21 20 19 25 23 18 30 10 6 33 27 26 10 23 13 18 23 16 9 27 30 29 12 18 7 25 26 28 13 25 31 16 20 29 11 11 7 16 17 14 20 
16 20 30 32 35 20 11 45 26 14 31 17 37 21 11 30 26 26 20 27 29 24 25 28 23 23 27 23 27 24 22 37 4 27 16 27 9 24 21 23 27 12 15 16 16 35 24 13 27 28 16 18 25 46 16 14 15 14 22 23 
11 29 29 24 26 14 16 18 22 17 30 22 30 23 19 12 22 22 20 12 18 33 25 40 33 31 41 15 36 32 26 13 10 18 18 21 19 18 20 45 11 7 21 9 15 30 34 16 30 19 13 21 15 12 19 19 18 13 26 29 
13 33 16 22 35 22 6 49 16 12 25 23 27 18 16 25 29 26 18 16 35 23 13 39 16 40 37 12 36 29 29 35 19 28 37 21 12 25 33 43 40 29 15 15 15 32 24 18 41 20 18 18 32 28 31 13 14 5 17 18 
13 23 20 42 25 20 11 22 21 13 26 16 24 23 19 15 26 23 18 17 32 21 18 29 21 22 27 9 25 42 10 15 17 23 31 19 21 23 35 31 29 22 21 11 20 27 36 14 17 27 18 13 20 19 25 26 19 20 14 18 
10 24 18 20 23 30 22 28 9 15 19 33 35 20 14 17 49 23 23 24 40 17 18 34 26 18 37 17 16 17 21 29 25 22 40 22 19 17 35 36 34 17 32 13 18 33 29 11 29 24 19 17 38 32 24 12 16 22 17 28 
9 7 18 40 44 16 23 21 35 18 23 34 24 8 4 30 30 19 27 21 34 25 13 10 8 19 16 12 33 17 8 19 8 14 28 25 19 27 40 19 30 15 22 23 17 31 33 18 18 40 17 21 40 31 25 24 22 21 41 23 
9 27 13 22 25 21 12 42 26 11 23 34 41 15 19 16 35 11 25 26 23 20 23 25 25 29 45 20 44 26 9 32 21 29 35 21 14 39 37 23 30 22 20 19 20 42 37 22 32 33 14 26 26 36 20 22 19 20 22 22 
17 20 27 27 45 29 22 34 25 18 23 31 36 17 13 18 33 29 19 21 32 28 20 42 17 30 30 14 39 36 17 37 19 20 38 24 25 26 36 22 49 21 14 26 15 16 40 19 17 18 10 14 37 30 18 16 19 25 24 18 
13 22 33 30 26 21 19 28 29 16 27 37 31 12 8 11 20 17 21 22 34 26 18 25 23 29 38 12 22 23 30 24 20 11 20 26 12 18 19 32 34 17 27 21 18 31 23 15 21 24 14 17 53 13 20 28 15 14 23 31 
11 26 19 20 24 37 14 29 42 17 26 27 24 14 14 36 33 22 20 12 19 21 26 36 26 23 23 10 25 27 17 37 13 20 40 12 23 23 18 14 20 12 26 17 21 25 28 14 26 24 15 23 31 27 16 25 19 24 18 28 
10 32 22 13 33 26 16 27 14 10 37 17 31 26 15 32 18 17 22 15 33 19 22 17 33 22 41 26 28 20 14 27 11 23 26 24 11 15 38 23 32 16 18 12 18 26 15 15 24 18 18 10 28 27 21 17 19 10 19 19 
19 34 18 26 33 35 18 34 37 7 29 21 31 16 14 31 20 16 21 19 17 23 30 43 32 23 29 21 30 21 21 26 13 27 15 16 18 16 31 21 22 13 24 23 16 31 42 16 28 35 18 16 23 30 30 13 24 9 22 25 
11 30 16 17 28 21 15 37 24 22 34 28 22 4 8 18 19 35 6 15 25 16 21 27 23 25 21 17 32 30 31 33 23 17 29 17 14 25 31 25 26 21 10 13 15 23 19 12 41 23 17 21 32 30 25 27 13 17 23 21 
13 22 31 15 32 39 13 42 17 15 16 29 25 24 21 23 13 30 10 7 34 33 8 43 31 27 23 18 27 23 22 18 24 14 47 12 22 23 27 25 20 8 12 21 11 42 23 22 24 37 18 14 44 27 17 10 26 17 31 24 
15 11 19 20 38 26 15 37 33 6 27 24 18 24 12 18 25 27 14 20 40 29 16 31 22 20 44 24 16 31 26 20 22 12 29 35 12 25 18 26 33 15 21 14 14 24 27 9 31 33 20 29 39 27 21 19 14 16 26 26 
18 19 20 20 32 21 10 36 23 22 32 33 29 17 12 15 26 27 15 11 23 31 17 30 35 17 20 21 32 32 24 19 13 25 28 29 18 18 53 25 21 19 24 15 14 21 41 10 7 30 22 15 27 37 13 20 14 17 19 21 
6 25 24 16 27 22 17 29 20 18 42 18 27 19 11 27 31 30 16 11 32 23 15 19 20 13 14 11 24 17 26 35 18 36 28 16 8 27 14 9 18 12 26 20 14 24 34 15 31 38 21 18 38 19 15 25 14 16 19 26 
18 21 17 15 14 16 21 31 26 18 24 29 43 18 12 22 35 6 23 17 31 27 24 28 24 17 30 14 39 26 14 25 16 16 25 24 22 12 30 45 27 15 24 19 15 35 22 11 20 29 20 21 38 40 25 18 18 12 23 25 
15 35 29 27 21 22 17 33 23 18 21 36 17 17 17 25 21 25 10 25 34 23 23 24 24 41 30 16 33 23 15 17 17 28 31 25 18 19 27 30 24 15 21 17 9 44 48 18 27 27 15 18 24 21 20 13 19 20 11 26 
13 23 26 26 29 13 15 40 22 8 32 25 27 27 16 29 29 26 27 31 37 17 15 34 15 23 15 19 25 35 21 27 8 26 26 26 16 27 23 34 25 18 15 3 21 33 35 15 41 29 15 12 49 28 26 14 24 24 25 23 
15 23 25 20 29 23 16 25 23 15 40 22 30 20 8 24 28 7 22 19 33 26 26 36 22 19 24 20 29 14 14 19 17 14 43 30 22 23 32 36 39 14 22 19 12 33 22 15 20 27 13 19 30 26 18 22 15 22 22 22 
16 24 13 34 22 22 9 31 20 13 34 13 32 3 18 20 35 16 24 9 20 14 26 40 24 35 36 17 23 13 12 24 22 13 40 20 18 26 37 23 22 17 18 11 21 32 25 17 17 26 15 11 12 32 12 25 7 13 21 24 
16 36 23 35 28 31 12 34 17 28 23 35 42 24 20 21 20 18 14 17 17 25 19 21 13 32 37 19 27 23 23 32 23 23 30 19 14 23 28 28 32 13 28 20 15 22 19 17 26 24 14 16 38 23 21 25 15 19 13 6 
17 32 23 33 35 27 24 26 24 10 29 18 24 6 14 14 21 22 23 19 22 30 22 40 19 29 31 10 36 26 24 29 14 14 19 34 18 21 34 33 22 10 27 18 22 31 31 20 31 36 14 12 38 21 27 17 13 16 16 18 
19 18 22 31 24 30 19 12 26 17 30 30 32 20 10 21 19 14 12 12 26 26 23 20 18 29 43 15 34 25 20 16 16 28 31 26 18 21 45 24 25 17 21 19 13 17 34 14 28 35 15 21 36 32 19 21 23 12 6 23 
13 35 28 22 31 25 18 32 17 12 36 24 30 17 17 33 28 24 24 11 40 36 12 25 38 29 17 16 26 27 29 33 19 17 33 25 20 30 35 26 25 21 12 16 19 23 19 16 15 31 23 20 18 19 20 32 21 20 19 8 
20 20 30 27 24 34 24 15 22 14 25 29 48 24 18 19 25 21 22 24 33 20 21 24 22 38 39 20 28 39 25 28 21 21 30 15 16 17 36 24 37 21 24 18 16 44 34 13 21 30 18 11 49 32 20 22 17 14 20 17 
13 31 17 17 27 27 24 34 30 21 26 28 36 15 10 18 15 30 20 23 32 22 13 33 15 28 23 17 27 18 8 33 17 28 19 23 8 13 31 30 25 18 23 11 14 32 24 18 31 24 24 27 38 27 26 19 20 18 14 29 
17 19 19 28 24 19 16 25 30 20 36 18 24 21 15 33 27 21 20 16 33 37 15 37 23 32 15 19 19 25 23 15 5 28 27 25 25 28 13 23 24 18 28 11 25 39 33 16 33 41 21 25 52 28 16 14 12 18 25 17 
12 29 19 24 9 34 19 29 22 18 22 17 33 20 15 27 17 28 20 15 47 27 22 15 22 39 30 22 23 35 25 20 21 10 42 30 16 20 40 29 36 21 36 16 16 21 21 19 20 22 19 17 21 30 23 22 22 24 20 30 
20 25 24 45 32 24 17 24 18 16 10 25 29 11 16 14 18 32 27 19 15 29 20 36 25 17 27 8 26 40 32 33 22 22 19 13 17 20 26 22 28 10 7 22 8 33 23 13 31 31 12 19 38 12 21 21 20 16 19 34 
12 24 22 18 26 29 28 31 21 29 33 18 19 20 15 26 37 24 21 10 34 35 16 35 24 30 20 20 41 28 19 21 19 22 22 24 24 17 35 28 28 14 12 23 20 40 31 20 38 23 23 27 46 29 19 21 15 8 33 19 
13 16 19 25 30 30 17 24 25 13 14 28 20 18 9 22 15 18 26 16 31 28 9 34 20 18 36 19 33 23 28 31 21 28 28 22 17 24 30 25 38 7 29 15 19 30 22 15 21 29 14 11 31 37 19 17 22 20 29 30 
13 25 21 19 46 25 20 29 17 20 38 26 33 9 13 22 16 25 24 25 37 27 13 28 25 16 40 17 38 20 20 26 22 21 21 17 26 16 41 31 28 13 15 26 26 34 32 15 21 29 14 22 21 37 18 16 12 11 17 30 
9 29 13 31 20 34 23 13 27 14 44 36 28 10 23 22 26 30 42 27 32 27 13 45 20 33 24 15 28 29 20 23 20 28 25 20 14 22 36 21 36 15 26 22 19 23 30 11 29 20 13 16 23 16 25 6 14 9 25 27 
11 13 25 26 26 21 17 12 26 20 33 16 17 15 18 14 18 26 13 20 23 38 11 31 11 20 59 9 37 19 24 34 19 29 14 29 22 22 23 29 32 22 14 12 16 29 22 17 28 35 14 26 25 18 20 34 10 16 32 13 
14 25 26 28 32 23 11 24 24 20 20 37 44 14 14 27 25 32 20 14 13 23 16 19 29 21 30 26 31 28 19 31 25 30 18 23 13 29 40 26 39 14 11 14 15 26 15 24 36 33 20 17 40 21 21 24 18 18 25 14 
17 24 24 24 25 27 15 20 23 16 19 33 24 8 8 18 26 36 17 21 35 32 21 31 27 34 42 10 31 28 23 22 25 19 37 25 14 22 26 36 25 15 19 16 20 32 30 14 37 26 10 24 24 29 34 22 17 16 29 21 
16 19 28 37 28 27 18 37 20 24 33 28 20 21 21 33 21 36 19 15 25 17 17 20 22 19 28 18 28 30 15 33 14 30 22 24 20 27 35 27 31 8 25 28 20 28 18 16 39 20 16 14 33 36 22 20 23 16 17 18 
16 15 16 15 27 15 12 33 18 13 20 44 39 19 17 13 32 26 14 22 42 11 18 23 19 26 39 20 15 29 23 35 16 21 33 29 9 23 37 27 41 19 23 18 20 23 35 15 38 36 21 14 30 30 13 18 23 13 29 20 
14 29 24 25 19 38 4 33 28 16 19 35 33 21 19 10 29 29 20 20 31 33 18 27 18 27 22 11 20 22 21 27 25 19 26 27 19 23 26 19 16 11 23 18 12 20 23 17 26 23 13 18 21 30 30 21 23 20 18 29 
18 19 24 24 32 15 18 33 26 21 26 22 38 19 14 21 23 25 9 11 43 32 23 30 15 18 34 20 38 25 15 27 17 24 22 22 25 28 38 22 38 14 22 19 17 22 17 11 29 38 5 16 18 33 22 23 19 28 12 30 
17 27 29 21 25 36 16 25 18 10 11 26 22 18 13 22 38 21 30 21 30 40 23 37 33 30 21 19 35 40 16 14 9 31 25 26 21 21 34 25 26 15 23 12 20 32 27 20 29 29 17 19 30 34 23 34 11 28 19 25 
20 8 21 20 32 18 25 22 30 6 28 41 28 20 17 15 17 35 14 10 29 32 29 33 22 18 26 14 28 31 27 33 12 18 22 16 11 16 41 24 28 8 19 15 18 30 34 11 26 17 15 21 37 34 15 18 18 13 20 34 
13 23 34 21 28 36 16 19 21 24 40 24 39 20 15 10 9 28 26 14 23 25 24 27 26 21 39 18 39 19 18 17 14 20 29 19 14 21 17 21 37 11 21 13 18 27 15 16 26 15 19 14 25 21 33 26 21 10 18 24 
12 16 18 39 34 23 16 29 21 18 38 22 35 24 13 16 31 20 20 18 37 20 17 23 24 36 28 28 32 29 22 34 19 25 19 25 25 13 25 16 37 16 25 17 17 39 19 16 31 21 17 16 36 32 31 25 22 11 18 26 
12 22 13 14 27 34 16 28 25 21 17 23 30 29 12 20 37 33 21 14 25 33 13 35 31 20 20 14 30 14 13 35 14 21 19 24 12 33 37 8 31 18 17 19 20 21 28 17 32 31 17 23 42 33 18 22 15 19 26 22 
18 16 19 27 25 36 21 41 23 11 32 28 27 19 18 26 18 21 19 18 13 31 17 34 28 24 13 23 31 34 19 17 17 30 31 22 4 18 32 25 30 10 18 14 15 45 41 16 23 21 15 17 38 29 22 20 16 21 26 26 
18 16 20 19 15 33 20 13 19 14 25 36 28 14 12 24 28 34 25 22 21 34 21 30 20 26 32 14 31 43 19 15 8 23 30 35 9 26 22 21 40 15 9 12 19 34 29 11 34 21 20 13 41 24 9 27 16 19 26 16 
15 13 27 19 32 16 8 25 16 29 23 19 38 23 13 14 16 32 19 28 23 35 14 38 27 21 39 18 24 27 22 33 16 21 23 27 20 20 18 12 29 25 11 16 14 43 36 14 21 21 12 22 38 36 18 16 18 32 11 33 
15 29 13 28 31 23 16 24 17 13 32 17 37 16 19 16 24 27 22 18 25 36 15 24 23 16 28 19 49 32 19 16 21 23 28 27 19 25 26 38 27 16 28 7 14 32 21 16 37 26 9 23 10 22 11 17 20 17 25 25 
13 34 24 16 34 27 27 21 19 22 32 24 31 15 10 27 36 20 22 13 33 27 18 30 21 25 32 20 29 19 23 23 20 34 31 24 15 28 43 21 33 9 27 14 19 20 21 9 25 22 21 9 34 26 16 18 21 27 24 25 
9 30 18 19 30 28 17 47 24 19 16 32 29 19 17 17 25 24 17 17 26 27 25 30 24 14 20 18 25 10 18 33 28 19 29 24 20 22 13 29 31 8 20 15 12 26 29 10 26 28 16 8 40 33 21 15 13 19 16 22 
18 28 22 21 20 23 27 19 26 15 38 31 28 18 18 25 23 21 17 16 35 30 17 45 22 9 40 18 15 32 24 22 18 29 27 31 10 16 24 11 8 8 17 11 19 22 20 15 25 37 13 12 43 14 17 16 17 24 32 21 
13 18 14 24 27 23 10 33 21 19 23 40 41 10 17 11 31 20 26 19 39 36 13 36 15 29 25 15 18 23 19 41 19 19 22 23 22 22 50 26 31 12 22 23 20 20 22 18 27 30 14 19 23 21 11 22 19 10 40 14 
12 23 8 12 34 28 20 16 15 12 35 21 35 19 10 17 22 21 24 22 23 28 17 11 29 36 36 17 22 22 11 36 15 22 28 26 14 20 24 22 25 12 16 13 23 24 32 24 33 24 16 10 13 27 18 19 18 17 20 31 
19 28 26 31 15 38 15 9 16 21 35 34 29 12 14 17 26 34 19 10 30 33 17 20 30 29 44 24 37 25 21 29 15 30 12 25 19 21 30 32 18 19 14 17 14 26 26 15 25 24 11 23 15 32 17 24 15 18 20 34 
4 28 26 28 25 20 22 22 22 17 23 34 27 21 15 18 21 32 33 15 37 17 13 23 19 33 19 18 30 28 17 26 22 26 12 24 16 28 29 18 29 20 22 20 7 44 31 6 26 32 15 28 27 31 21 25 19 12 15 26 
24 16 16 22 33 43 12 41 21 15 28 20 25 20 17 25 17 36 16 22 32 19 24 52 12 16 32 17 29 35 24 30 18 23 22 28 20 26 21 40 26 16 18 17 13 38 41 14 12 26 21 7 35 20 18 21 19 22 23 25 
18 31 23 32 41 20 16 22 26 21 24 27 28 14 12 16 22 34 19 26 26 24 16 30 15 31 30 14 20 23 13 31 10 18 32 11 30 30 33 21 19 12 22 21 15 29 23 13 24 9 16 19 27 17 16 24 14 19 28 17 
14 23 19 32 31 27 13 26 23 22 24 32 18 12 14 13 14 28 17 17 20 20 18 45 20 27 34 10 28 13 19 32 18 7 33 21 27 17 34 23 11 21 22 19 18 39 32 13 28 16 18 24 34 26 17 20 17 18 26 34 
19 35 21 21 35 23 20 38 24 15 25 29 33 17 15 26 30 23 19 7 35 29 20 20 10 24 21 22 16 16 16 15 18 20 19 26 22 21 29 22 23 8 14 18 17 34 33 13 32 16 19 16 32 34 10 29 26 19 21 13 
15 25 23 17 24 23 22 29 25 23 10 46 38 14 15 22 24 29 24 17 33 26 20 23 34 16 30 23 20 34 32 27 18 20 33 33 26 17 43 42 35 13 19 16 26 18 23 14 33 19 21 27 43 33 34 22 8 15 23 32 
26 18 21 16 47 30 17 42 21 14 30 36 15 17 14 11 24 15 16 17 29 18 19 29 28 27 26 22 18 26 13 20 19 28 26 19 22 26 30 31 46 12 28 29 9 28 16 10 26 11 13 21 24 31 23 17 11 23 17 38 
22 25 30 10 18 24 16 15 21 11 30 10 13 17 15 17 19 19 23 19 30 23 9 34 32 23 30 18 16 13 38 29 14 24 20 22 14 19 21 23 38 17 14 10 10 14 29 20 40 23 15 18 39 30 22 31 22 12 20 25 
13 23 15 11 17 32 14 33 20 25 12 18 28 16 11 29 23 17 23 13 26 23 24 35 22 21 28 20 26 16 17 18 11 25 29 24 11 27 19 2 23 13 21 24 14 30 32 13 18 28 17 18 43 21 22 26 26 15 18 25 
16 29 7 31 22 30 19 26 32 14 33 23 40 17 10 36 18 39 28 18 25 24 19 24 25 28 33 19 22 14 24 32 20 22 32 23 22 23 14 32 40 23 18 21 13 14 8 23 16 36 18 18 37 27 23 14 14 16 18 28 
14 32 18 38 21 29 33 27 13 21 28 25 36 16 20 13 21 29 20 20 30 26 20 38 17 22 22 9 27 18 31 20 17 25 38 18 22 13 34 22 35 24 18 18 18 14 24 21 29 25 12 22 27 38 13 26 16 21 27 26 
15 26 23 10 26 22 24 22 22 18 21 28 30 13 17 23 22 10 19 26 42 36 24 29 28 31 20 18 34 29 22 16 25 24 27 27 19 16 22 25 21 13 11 14 10 20 41 18 21 31 13 10 25 12 18 26 14 13 13 17 
13 26 21 22 45 27 11 43 22 15 37 31 26 14 8 14 33 33 20 15 32 33 21 43 20 25 23 25 39 19 24 31 17 26 30 37 16 25 22 24 22 14 14 14 9 34 32 18 19 20 18 29 36 17 27 18 23 20 26 21 
12 14 22 16 29 27 17 22 30 19 35 35 32 12 13 15 26 24 28 26 24 24 15 22 18 20 31 10 30 38 18 24 19 15 25 17 21 26 34 10 29 20 19 14 16 21 27 15 26 47 14 24 25 38 15 20 25 23 23 21 
20 26 13 18 19 25 19 31 18 16 7 27 35 21 21 16 21 28 26 14 35 27 17 34 18 32 16 10 19 39 13 35 20 29 30 22 11 23 27 21 29 23 18 14 11 35 46 10 15 14 9 19 29 36 13 18 8 12 15 22 
13 17 13 21 29 12 16 32 25 16 27 28 14 19 12 29 22 23 18 17 24 28 24 19 24 36 36 8 26 35 27 19 19 23 21 21 26 36 34 22 27 17 22 23 13 29 37 19 22 31 18 6 35 40 25 22 19 12 16 17 
17 21 20 12 23 31 23 36 14 14 40 22 21 23 14 18 28 18 15 19 37 27 12 36 23 25 29 20 45 30 18 26 12 24 36 27 16 25 22 17 27 16 23 28 13 31 29 15 32 44 8 16 36 25 10 26 24 13 24 30 

MachineCapacities:
MachineID Capacity
0 10
1 10
2 10
3 10
