NumTasks NumMachines NumScenarios
25 3 10
TaskDetails:
TaskID ReleaseTime ResourceConsumption SuccessorsCount Successors...
0 0 7 5 3 6 3 7 8 9 10 14 
1 0 4 7 7 5 11 13 15 16 19 
2 0 5 4 9 3 8 11 19 
3 0 4 2 3 5 5 6 11 12 19 
4 0 3 8 10 3 11 16 17 
5 0 6 7 7 2 15 17 
6 0 7 5 9 1 16 
7 0 7 7 3 3 12 16 19 
8 0 2 2 6 0 
9 0 4 3 6 0 
10 0 6 1 1 1 18 
11 0 4 7 7 1 18 
12 0 9 3 5 0 
13 0 2 4 7 0 
14 0 9 5 1 0 
15 0 6 3 6 1 18 
16 0 9 5 2 0 
17 0 3 7 4 0 
18 0 6 3 4 0 
19 0 6 10 5 0 
20 0 5 2 8 1 23 
21 0 3 8 2 0 
22 0 10 1 5 1 23 
23 0 4 2 10 0 
24 0 3 8 2 0 

17 13 15 8 30 17 22 14 12 15 11 27 20 34 11 15 15 30 14 29 19 11 28 15 17 12 27 7 22 21 38 37 23 21 24 14 29 41 21 39 31 24 8 13 22 38 24 17 16 13 37 33 8 7 16 10 17 14 9 8 27 35 19 28 15 11 30 23 12 34 33 23 11 26 9 
17 13 28 16 18 31 21 34 17 15 8 36 25 41 21 16 5 30 10 34 20 12 22 16 18 18 17 13 23 17 28 26 19 26 32 13 25 30 16 33 41 37 3 10 17 18 27 15 16 14 21 12 10 11 16 8 11 15 23 7 12 37 24 43 18 14 17 9 14 15 23 19 13 30 6 
25 23 23 8 18 16 12 35 15 8 17 43 18 22 19 5 12 32 16 33 16 9 25 14 11 19 6 7 25 26 19 17 23 40 38 25 33 31 22 25 26 20 12 10 20 52 23 16 14 10 38 22 7 11 24 9 15 30 16 12 22 22 21 38 19 17 39 30 13 9 19 31 13 30 10 
16 27 24 15 29 32 11 10 20 13 17 24 21 35 21 16 15 19 15 19 20 10 36 11 13 17 11 14 26 12 37 28 15 36 36 21 29 26 26 15 24 31 11 14 30 33 16 25 14 12 21 22 9 11 11 7 9 28 17 7 15 42 29 27 30 20 25 24 13 19 36 13 11 27 9 
18 26 25 11 25 31 41 27 10 16 17 23 19 24 23 10 12 33 16 27 15 10 26 12 18 23 20 10 21 26 31 33 20 25 22 19 25 16 17 38 41 36 12 11 34 28 25 28 9 16 41 25 12 4 17 12 16 24 18 9 28 28 18 25 25 17 21 14 10 13 34 36 10 37 15 
14 16 25 14 23 23 24 35 18 11 12 33 16 21 15 8 10 28 13 42 14 14 36 9 12 13 15 10 19 15 31 33 16 25 30 11 22 28 15 25 32 21 15 16 21 34 26 26 14 12 21 15 10 11 17 7 11 22 14 14 26 38 20 25 32 15 28 37 11 21 29 30 15 27 9 
12 20 27 13 26 30 22 37 17 14 11 31 20 36 22 11 18 23 15 22 17 17 25 11 18 18 21 11 14 18 25 18 16 27 36 20 20 31 16 51 29 27 17 15 18 15 6 23 18 16 16 26 6 13 11 12 12 19 14 4 23 21 15 19 27 14 35 33 14 14 23 25 14 26 8 
9 28 19 10 32 26 35 18 15 17 14 26 19 29 23 7 9 28 10 23 20 12 20 19 17 16 23 9 19 17 24 27 25 45 13 14 16 30 15 44 39 30 15 13 21 37 16 18 16 14 17 34 7 7 16 12 17 43 10 10 37 29 18 23 17 10 26 33 18 19 31 22 18 37 9 
19 24 30 11 34 33 43 29 18 15 12 28 24 23 13 16 12 28 15 19 20 14 33 12 15 15 15 8 21 21 25 14 21 32 32 12 33 11 23 24 26 15 10 15 18 14 15 13 20 13 23 26 6 11 11 7 12 32 16 13 36 22 18 36 22 9 39 21 12 22 36 34 14 24 10 
12 19 19 14 32 22 26 38 19 12 18 28 18 28 19 6 17 22 14 23 23 12 35 17 15 16 14 8 38 20 47 24 18 27 23 20 34 26 28 31 33 26 14 16 18 31 28 17 22 15 31 27 14 9 15 9 16 27 20 10 38 44 24 15 22 13 30 26 12 34 46 28 11 19 17 

MachineCapacities:
MachineID Capacity
0 10
1 10
2 10
