NumTasks NumMachines NumScenarios
20 3 500
TaskDetails:
TaskID ReleaseTime ResourceConsumption SuccessorsCount Successors...
0 0 3 7 7 1 3 
1 0 5 7 9 0 
2 0 7 4 7 0 
3 0 10 8 3 0 
4 0 4 9 5 0 
5 0 3 7 9 4 6 15 16 17 
6 0 7 7 2 2 18 19 
7 0 6 4 7 0 
8 0 6 8 9 2 15 19 
9 0 4 1 2 1 19 
10 0 2 9 6 4 13 15 16 18 
11 0 9 6 9 1 19 
12 0 9 3 7 3 15 18 19 
13 0 10 8 2 1 19 
14 0 5 6 3 0 
15 0 6 5 4 0 
16 0 3 7 4 1 19 
17 0 4 5 2 0 
18 0 9 3 5 0 
19 0 4 10 9 0 

12 23 28 11 34 28 39 14 12 11 22 17 42 24 20 27 12 28 26 37 21 24 19 27 14 15 27 24 27 18 37 25 25 38 34 28 25 18 18 28 28 32 9 14 16 30 24 20 27 18 17 25 22 27 28 26 14 26 31 27 
14 33 20 11 23 32 26 26 27 20 26 19 38 28 26 16 22 38 20 26 18 31 10 20 26 16 18 23 12 28 33 17 28 25 29 33 25 27 11 21 30 24 13 10 31 26 18 19 36 37 25 18 28 22 26 16 9 30 24 8 
25 30 19 19 32 37 38 20 36 18 37 24 24 31 28 33 18 24 26 30 25 29 23 17 19 11 29 12 23 39 18 25 29 28 39 23 25 19 26 21 23 17 19 16 32 26 24 21 17 35 14 37 40 18 31 23 23 32 24 18 
18 19 12 13 24 18 42 19 22 18 35 12 27 27 16 18 25 25 27 18 20 21 24 23 19 17 18 14 27 26 27 35 27 20 30 23 21 22 22 16 48 25 15 19 18 24 12 29 21 13 20 37 29 26 43 25 16 34 23 18 
30 30 22 7 31 35 34 14 23 22 39 15 20 22 25 34 11 35 19 16 26 12 20 30 30 19 25 19 30 30 31 34 21 18 18 28 32 26 28 29 20 13 17 15 31 26 17 30 28 27 18 4 27 24 20 24 24 23 11 19 
25 27 16 18 19 26 25 20 23 22 25 13 26 37 22 32 13 24 33 19 31 27 30 29 21 25 41 22 22 26 39 37 25 15 23 26 26 21 23 27 33 12 17 13 31 19 18 37 18 30 21 7 32 22 23 29 17 32 18 15 
16 31 17 12 42 34 37 22 10 11 22 10 32 25 14 34 16 28 14 18 35 22 20 30 12 39 27 15 26 19 31 32 31 23 15 25 26 15 25 15 39 33 21 13 29 24 23 21 26 33 11 43 24 26 23 28 12 29 37 19 
24 20 9 17 37 29 42 27 23 20 28 13 22 26 24 37 23 38 17 23 29 34 21 24 30 23 18 17 30 17 34 14 31 31 34 40 15 23 13 26 10 32 21 14 33 28 19 25 19 30 20 49 32 22 21 27 21 28 29 13 
4 19 23 14 22 36 37 11 6 21 10 23 22 18 20 35 9 21 14 24 32 30 8 13 23 29 11 16 19 40 28 17 29 30 22 33 24 22 27 29 37 17 15 22 36 19 32 21 19 26 21 29 12 19 41 38 14 20 22 20 
23 23 19 16 35 26 45 17 23 18 33 17 25 23 16 31 12 34 25 20 24 29 4 21 27 32 20 20 10 19 8 33 29 36 42 33 20 22 17 19 39 20 23 15 16 26 20 24 24 21 25 15 26 36 38 25 12 20 29 29 
32 14 16 7 22 25 35 20 43 10 24 15 37 35 19 22 28 30 13 26 16 21 23 22 19 30 33 22 21 23 33 26 22 27 23 29 30 19 21 20 34 23 4 21 16 14 32 31 31 35 21 32 13 28 28 33 16 24 27 16 
35 24 26 15 15 26 39 14 31 16 30 20 25 29 17 35 13 31 30 20 32 20 25 25 29 27 33 12 27 25 32 24 24 27 25 25 23 18 16 15 43 3 16 26 21 16 31 16 10 24 6 30 15 23 28 18 17 21 34 23 
14 22 17 17 43 18 22 15 18 16 31 14 33 20 27 36 19 17 16 22 20 28 24 16 26 22 21 16 26 26 15 35 38 31 17 17 21 24 21 14 22 29 17 15 40 25 23 29 19 21 24 16 26 27 24 28 20 29 23 29 
23 30 13 9 24 31 36 21 35 21 20 9 28 27 11 21 19 25 17 25 29 15 30 30 21 21 21 13 17 32 34 27 32 24 25 39 18 25 22 20 39 24 15 9 27 24 21 28 10 35 10 29 14 26 29 32 14 18 36 27 
34 39 21 16 23 22 20 17 32 27 26 16 36 30 24 28 28 19 21 29 26 24 20 22 16 20 23 17 21 30 29 22 15 25 29 20 23 18 17 17 24 25 12 19 26 19 17 18 19 31 18 31 23 22 25 26 15 22 34 17 
11 39 12 19 22 38 40 18 16 11 27 12 13 37 18 16 16 21 19 29 29 20 19 22 23 22 14 14 29 37 31 36 23 27 37 21 19 21 24 30 23 23 23 17 23 17 21 19 28 37 19 37 23 28 31 27 11 26 33 27 
28 26 16 14 27 40 23 18 30 17 35 11 26 20 15 20 17 31 17 24 21 27 13 12 21 22 30 18 8 18 35 33 26 33 14 47 23 34 22 17 12 24 15 22 34 22 29 22 19 17 15 31 25 17 16 33 12 29 22 15 
21 31 24 14 33 28 32 29 30 16 30 17 32 26 19 40 22 19 24 23 26 21 23 27 22 37 18 20 23 32 36 28 14 33 23 24 20 26 18 8 30 30 20 18 33 26 21 27 18 33 28 33 24 17 28 26 26 25 14 21 
25 36 17 15 23 23 22 10 35 21 33 16 29 23 18 26 21 47 24 18 33 25 25 32 29 25 34 21 23 34 23 34 35 34 38 20 23 17 30 27 19 22 15 11 21 24 20 19 29 31 21 35 26 23 25 39 11 26 20 17 
31 41 26 17 26 28 24 12 20 15 41 15 15 27 13 18 24 21 11 22 34 40 34 23 22 30 26 18 29 38 33 34 36 29 25 28 19 24 17 22 23 19 19 16 29 31 22 14 17 38 18 37 26 28 42 28 14 25 11 24 
33 20 28 12 27 31 12 9 18 11 21 15 41 35 19 31 22 35 16 35 23 20 30 17 15 32 29 21 29 19 32 28 27 25 16 28 17 34 24 16 32 22 16 15 22 13 26 31 26 27 22 39 20 16 47 14 17 24 26 19 
24 18 20 13 32 47 40 17 15 17 19 17 43 14 14 21 21 23 22 25 15 18 16 23 29 26 21 17 31 36 36 14 17 29 24 38 25 26 36 30 21 30 15 14 36 19 20 24 6 29 23 20 19 27 24 33 19 25 22 13 
13 28 18 17 34 40 24 18 16 21 30 18 33 36 23 13 25 17 22 17 29 24 27 31 29 26 29 18 14 30 29 17 39 36 32 19 20 17 28 21 28 25 12 16 18 34 26 35 26 31 18 20 33 29 44 18 16 40 16 20 
27 30 15 12 31 21 30 27 23 19 31 20 34 26 16 25 15 42 17 25 27 25 15 19 14 30 30 22 25 13 36 32 23 33 18 23 32 19 13 30 40 26 15 14 6 12 18 24 30 33 16 27 13 25 37 15 14 30 21 15 
23 31 26 19 44 30 21 23 22 17 25 16 32 10 12 31 14 34 12 27 18 41 29 22 15 23 20 21 18 23 27 27 26 18 32 32 26 24 16 18 34 24 20 13 31 13 20 30 37 18 18 29 39 13 8 29 18 19 23 12 
15 40 23 15 16 36 39 17 22 15 21 15 22 17 16 26 24 34 26 29 31 8 14 23 30 28 21 22 20 36 27 24 25 42 28 36 13 22 24 31 26 29 16 12 23 22 29 16 32 26 9 16 32 24 18 27 15 13 21 17 
21 13 21 14 22 41 29 18 29 17 30 16 15 29 12 43 9 21 24 15 30 35 22 12 30 28 33 17 28 23 17 30 42 17 35 30 22 26 25 31 20 27 15 24 13 25 29 17 22 35 14 29 33 30 32 35 11 26 19 15 
26 24 9 22 36 30 39 14 28 8 29 16 23 27 28 23 22 35 20 32 33 41 27 25 23 20 24 24 24 27 26 32 38 31 27 24 17 28 15 11 20 17 9 22 13 34 17 22 31 18 21 32 16 28 16 19 19 10 30 21 
17 30 21 17 39 31 31 25 14 14 22 16 25 12 17 24 20 19 15 20 28 32 15 18 27 27 31 18 28 29 18 33 18 18 23 28 25 20 11 25 43 22 19 14 36 18 32 27 35 32 13 20 34 28 14 26 19 23 26 23 
32 22 22 7 27 36 20 25 22 23 26 20 26 31 24 28 19 31 24 24 38 30 22 28 15 20 26 19 25 30 29 32 19 22 27 35 14 14 7 20 22 27 16 18 23 38 20 21 26 12 31 13 26 17 28 25 10 35 23 17 
34 35 22 19 40 44 25 13 21 18 36 15 22 33 19 37 31 24 26 21 20 20 26 35 28 11 35 14 12 25 21 26 23 36 20 21 18 18 16 9 27 20 21 20 25 30 27 20 20 39 16 26 14 29 29 25 9 26 18 15 
22 35 25 17 26 26 35 6 26 27 27 9 39 30 24 33 14 38 15 26 23 20 23 23 18 34 37 8 13 23 30 26 23 20 16 37 23 28 22 17 25 28 17 6 20 25 31 26 35 23 17 33 31 16 32 26 14 11 22 13 
20 32 15 17 21 40 20 13 26 21 25 16 32 23 6 6 16 27 28 27 12 26 24 19 32 41 32 12 29 25 26 31 22 26 36 25 18 19 32 18 20 25 21 11 23 20 17 21 33 35 29 35 33 15 13 32 17 34 24 18 
23 31 9 11 37 22 24 17 11 24 29 7 32 34 18 34 17 34 16 23 25 43 15 10 22 23 27 17 25 34 39 29 14 37 27 31 14 12 16 24 36 29 20 12 26 40 14 18 25 30 22 35 37 33 20 19 14 26 36 21 
29 32 26 22 11 13 36 20 15 11 20 28 29 24 16 41 17 25 23 18 21 26 34 18 22 27 30 9 18 32 41 20 21 17 25 30 20 16 18 13 44 21 18 15 21 24 18 15 30 39 23 33 41 25 33 15 24 32 29 15 
21 24 26 9 38 24 19 19 22 15 37 16 32 18 20 30 21 12 16 15 35 41 18 15 30 21 24 17 16 23 24 31 16 34 28 32 28 25 13 28 19 25 25 15 20 37 13 27 26 26 20 20 20 19 39 20 12 19 25 17 
8 31 10 10 46 31 34 10 18 21 22 16 25 18 24 13 27 20 18 17 35 14 17 11 27 38 18 10 23 41 29 23 24 19 31 30 21 19 20 30 44 17 16 13 36 27 19 20 50 24 23 44 20 22 23 25 22 12 26 7 
13 29 20 17 28 22 22 19 27 18 23 18 48 32 17 24 17 27 24 16 33 20 28 20 24 31 34 17 23 38 36 31 21 33 31 34 22 11 8 23 16 7 7 18 25 33 15 21 29 25 17 41 26 24 34 14 22 25 16 22 
24 12 31 19 37 29 32 13 15 16 35 17 34 28 9 40 23 31 12 16 15 25 32 24 19 21 21 18 28 43 51 24 18 33 40 12 22 19 18 21 42 22 19 15 37 22 17 25 22 26 12 22 19 16 37 30 9 23 32 27 
11 33 16 10 27 25 27 9 21 21 28 14 23 32 23 38 20 36 16 16 25 33 20 17 19 26 22 16 26 30 25 14 35 38 30 30 17 21 15 17 56 27 24 17 23 11 9 27 17 19 30 27 20 27 16 24 16 26 25 23 
30 30 12 13 26 34 37 15 29 8 27 19 25 30 22 24 20 48 13 22 31 28 13 17 27 28 30 22 19 55 48 20 34 21 33 18 10 23 17 17 31 27 30 12 17 27 12 19 22 31 19 30 18 23 28 19 14 36 22 4 
13 27 15 21 33 46 26 14 18 31 16 16 20 18 21 30 24 43 19 34 29 16 19 31 18 23 18 18 25 15 28 32 25 21 30 17 20 15 20 19 37 26 20 10 31 16 11 27 27 44 19 24 48 25 25 28 18 29 26 6 
31 36 11 12 37 32 30 19 25 15 20 19 25 26 21 29 16 29 20 8 27 23 24 24 15 28 36 18 18 26 25 31 25 29 27 34 19 22 26 26 28 29 15 11 21 35 22 27 25 16 17 34 34 22 31 29 25 35 19 27 
12 21 28 12 34 35 26 19 23 12 27 22 48 23 16 26 23 43 26 20 40 30 24 17 19 13 17 17 28 16 15 24 29 14 29 30 18 16 19 32 31 15 10 24 32 24 23 14 17 36 23 20 25 29 20 18 16 29 27 21 
29 30 25 19 20 27 24 27 27 25 23 23 29 31 20 29 24 26 12 15 26 16 21 21 12 14 27 22 24 21 41 23 42 31 29 28 17 24 26 22 35 24 16 11 31 19 39 24 20 39 10 40 26 18 20 27 19 19 19 22 
30 26 16 15 35 35 12 23 21 15 31 14 33 9 13 33 26 30 24 15 26 36 29 23 27 24 32 30 19 29 29 14 20 31 30 22 7 23 24 16 31 23 16 21 31 28 32 21 24 27 7 14 23 20 34 29 20 22 18 18 
36 25 26 17 45 26 22 17 20 17 30 13 35 25 18 31 20 31 24 9 25 19 28 24 11 25 24 13 14 29 22 31 23 19 28 17 15 24 18 23 37 22 14 14 18 22 27 10 20 39 16 35 23 16 27 12 12 14 13 18 
24 29 20 17 30 36 38 19 26 18 29 16 23 38 12 34 16 6 20 16 17 26 18 29 31 40 34 20 27 21 22 15 16 37 29 33 20 23 22 26 20 23 20 19 26 20 30 22 29 29 17 8 16 21 23 34 14 23 27 22 
17 30 21 22 38 29 23 23 23 10 27 11 31 26 23 35 19 46 19 28 28 29 13 21 19 31 28 17 22 27 26 29 32 23 38 36 28 21 23 41 29 30 10 20 26 31 21 26 26 14 11 24 27 25 17 38 19 21 19 15 
18 27 21 18 26 34 8 14 24 21 27 10 39 19 14 26 21 22 23 30 33 25 23 20 15 28 32 21 20 22 39 27 31 14 22 23 12 19 14 24 29 28 14 15 25 27 22 29 15 24 24 35 32 35 22 35 13 22 18 17 
29 31 8 12 33 23 41 16 16 10 16 22 30 32 30 36 9 30 26 33 20 21 22 19 15 22 32 22 25 31 21 29 12 17 23 28 22 31 15 29 45 24 20 15 30 15 26 36 17 34 20 35 27 24 23 29 14 15 16 13 
21 13 15 14 29 30 31 17 21 13 31 12 33 21 17 41 19 40 34 28 38 47 26 23 28 29 27 17 29 41 31 8 22 26 39 30 21 17 17 17 52 25 21 16 37 6 22 25 16 36 27 25 11 25 21 34 8 28 28 17 
28 10 31 18 43 24 25 19 23 17 36 10 57 29 20 35 25 32 17 28 30 29 25 11 25 32 25 21 23 12 26 28 29 27 12 24 30 30 30 25 22 33 16 17 32 23 26 26 26 24 14 21 22 27 19 35 12 11 36 16 
36 37 28 17 22 26 23 14 22 15 20 21 29 29 15 23 22 34 12 17 30 22 26 29 23 27 24 26 17 35 31 23 12 21 38 36 11 20 15 12 37 27 16 19 39 24 14 29 15 29 13 19 22 29 30 12 17 27 30 18 
22 15 22 12 31 46 13 21 20 20 41 13 23 21 21 20 18 24 24 21 25 34 23 18 24 31 22 26 23 30 34 30 26 25 16 18 18 17 19 21 30 29 20 15 24 25 23 23 20 12 27 14 18 35 22 34 14 26 6 18 
18 30 17 14 35 15 17 13 17 12 36 16 34 26 24 24 24 24 32 21 32 15 22 16 32 31 20 16 28 31 27 21 28 20 13 28 23 11 12 24 42 35 21 13 30 23 4 29 22 36 15 31 24 24 36 21 19 18 24 26 
27 20 24 12 30 22 29 9 23 9 25 17 27 26 20 32 21 38 14 20 22 31 23 21 9 31 27 17 30 46 34 19 18 22 19 27 22 16 21 18 37 41 9 9 30 34 20 22 23 35 19 33 18 15 34 31 13 24 32 16 
18 32 25 10 8 21 18 21 19 14 18 22 30 16 27 36 14 18 16 12 35 33 14 15 32 25 33 20 28 25 18 13 26 28 20 38 27 14 11 24 37 34 9 21 11 29 10 16 27 13 19 20 37 25 11 33 16 30 20 17 
27 21 26 14 21 16 34 13 26 20 34 17 30 33 18 28 23 10 16 20 27 14 24 15 19 33 19 23 29 30 32 22 32 20 27 30 23 27 27 14 40 32 9 15 24 22 21 26 28 30 17 28 41 18 33 32 18 23 22 10 
30 30 16 14 40 31 27 16 25 7 17 19 23 29 14 27 24 25 25 24 17 40 13 28 29 26 25 13 30 26 22 21 43 18 35 12 16 16 26 22 18 29 15 9 26 25 19 24 20 44 23 26 30 15 24 17 15 19 31 16 
28 21 27 16 25 24 37 17 31 6 37 16 35 29 20 28 23 21 17 29 17 25 13 12 25 25 15 23 22 31 7 18 22 28 39 37 18 28 24 14 9 19 23 18 23 30 22 26 26 44 22 43 24 24 38 8 15 36 20 15 
18 21 23 17 33 30 30 12 19 8 27 19 34 23 9 36 16 33 28 11 12 30 33 20 25 35 26 12 12 21 34 34 15 15 31 28 18 12 14 12 34 24 9 15 26 25 35 13 19 28 12 20 19 30 12 38 17 19 24 6 
20 23 11 10 32 29 38 19 15 13 24 15 26 30 18 43 18 45 20 22 32 22 18 31 21 21 21 22 22 27 35 37 37 24 18 44 17 9 14 17 48 25 20 14 35 23 20 10 28 21 21 36 36 12 17 17 24 37 24 22 
16 38 24 18 21 28 31 12 23 20 29 13 27 22 24 36 14 34 16 26 42 16 17 22 37 30 18 16 14 33 37 27 36 31 29 25 30 26 8 25 26 25 13 17 30 21 15 21 18 26 21 14 15 27 34 19 15 24 32 18 
33 21 23 19 19 23 28 15 26 28 15 16 34 29 24 29 8 39 23 24 24 30 20 30 3 14 19 16 32 11 34 19 23 18 21 39 20 16 20 34 32 20 18 13 33 26 35 21 40 24 6 27 27 13 32 23 14 17 20 16 
29 28 33 11 29 14 37 12 29 13 40 17 21 26 17 34 29 32 31 11 39 14 24 27 18 25 16 12 26 22 19 16 31 21 24 20 25 23 17 22 34 30 19 15 29 29 23 16 29 32 14 26 22 28 41 28 15 21 28 20 
22 26 11 9 29 23 21 28 20 24 9 17 20 41 20 25 13 39 9 12 24 15 23 22 25 24 16 11 22 40 45 37 35 27 24 21 25 15 22 31 21 13 12 14 23 18 24 26 25 18 19 40 24 21 17 34 18 25 22 26 
11 19 19 17 34 38 28 15 26 5 27 15 22 23 20 43 29 24 22 16 25 28 13 19 15 13 23 26 12 28 44 31 17 30 23 21 23 15 23 25 9 29 19 15 21 24 10 32 10 21 21 29 19 21 41 24 13 19 29 15 
16 22 17 11 26 39 23 23 25 8 30 19 25 24 22 25 19 34 19 10 29 31 31 27 26 27 26 15 26 26 46 11 29 30 22 35 21 24 23 11 24 36 17 15 50 29 20 25 25 34 27 33 17 28 8 46 16 24 28 24 
22 25 9 12 23 43 39 21 15 8 28 13 42 26 21 31 23 34 20 32 31 27 16 22 24 21 27 13 29 21 43 23 34 29 37 29 17 23 33 28 24 44 17 14 27 6 20 28 18 28 18 40 21 14 25 37 14 29 23 21 
29 28 12 11 35 30 13 21 22 17 29 7 48 20 5 20 19 21 28 25 14 17 22 21 13 40 32 9 21 28 26 23 30 35 19 25 30 22 21 17 29 25 24 15 14 17 24 16 20 31 28 31 31 21 30 15 24 28 39 11 
27 20 18 18 33 23 19 24 26 23 26 18 28 15 17 35 23 32 21 22 32 26 22 21 24 40 30 17 16 43 42 14 20 22 20 36 18 19 29 10 17 23 6 11 37 20 18 27 23 37 26 41 43 31 42 31 21 19 28 16 
10 24 21 16 30 35 20 14 22 17 27 11 25 15 13 16 19 20 24 21 15 31 25 16 22 17 24 22 29 29 44 29 21 24 41 17 23 17 33 12 26 20 27 21 28 35 27 17 29 38 26 32 26 14 18 20 18 26 16 4 
38 21 25 23 39 39 39 17 20 17 22 20 32 30 25 29 14 22 19 19 21 35 18 12 21 15 34 21 23 29 38 24 32 13 30 38 26 27 24 15 26 24 21 14 20 29 15 22 22 37 25 37 34 29 51 25 20 7 20 28 
30 28 22 11 39 35 48 12 23 16 29 13 22 27 14 41 22 42 26 24 30 27 26 23 21 29 32 19 12 22 45 35 23 23 29 15 29 29 20 24 32 37 14 11 19 32 24 30 33 20 14 16 35 20 23 30 19 19 23 27 
23 48 20 13 19 45 32 14 13 18 28 20 35 36 13 46 15 38 23 20 27 50 26 22 21 32 14 14 22 38 21 21 28 14 37 22 22 18 26 20 32 29 17 18 18 33 25 18 29 35 18 10 15 14 29 32 9 32 32 16 
21 34 20 12 23 29 29 21 24 10 36 13 32 30 25 16 31 24 13 28 20 32 18 23 15 24 30 9 17 13 47 37 22 17 11 20 24 16 20 22 33 10 12 14 31 30 23 43 31 25 9 45 25 17 46 21 16 14 18 23 
27 23 11 16 19 23 35 24 20 20 21 19 25 18 26 28 25 10 22 23 27 26 21 20 16 16 25 28 22 34 30 31 28 32 17 43 25 35 22 37 24 18 18 17 21 10 32 17 20 22 17 25 27 21 30 27 12 33 38 9 
18 44 21 19 28 38 30 23 14 16 33 22 25 23 19 35 28 28 13 28 25 31 25 20 11 19 33 15 13 29 46 19 31 20 16 22 20 24 26 5 25 17 9 13 29 27 30 17 16 31 21 23 13 30 13 21 12 29 30 18 
21 29 14 13 33 36 30 12 20 14 24 10 18 16 20 39 20 29 30 24 12 30 22 24 25 30 25 21 28 27 16 32 24 14 46 29 30 24 27 26 29 27 10 23 21 26 22 32 23 38 17 30 19 23 29 28 17 16 14 13 
24 15 19 17 27 30 27 11 28 21 24 20 12 29 25 39 25 35 21 16 28 41 31 31 24 23 28 23 20 35 38 29 26 29 34 13 25 25 15 24 32 20 14 14 42 16 23 21 28 30 19 30 31 28 27 16 15 4 29 20 
26 28 7 27 16 11 42 24 26 18 20 16 27 30 21 34 23 43 16 15 32 41 19 17 15 36 30 14 27 37 32 15 31 33 31 31 30 28 17 21 26 28 14 22 25 33 21 43 24 33 23 33 16 34 34 10 5 25 30 23 
31 23 12 19 28 35 27 27 19 14 19 14 28 34 16 33 10 27 14 26 23 23 18 18 21 22 24 15 19 27 25 30 19 37 30 27 21 26 18 21 26 32 17 16 22 23 29 27 27 28 22 34 29 18 32 30 15 19 27 26 
29 28 18 11 53 30 29 14 18 15 20 12 35 21 23 32 20 45 16 33 34 18 21 28 21 41 29 23 18 24 35 30 28 30 35 22 13 26 23 22 31 30 16 17 17 29 20 20 41 9 6 54 22 20 22 22 17 28 26 17 
27 31 20 16 21 18 33 15 26 20 30 18 19 23 17 24 16 32 27 24 30 19 21 24 25 29 25 24 22 44 23 30 23 32 37 32 21 32 24 29 23 15 14 19 14 14 10 22 14 30 24 37 33 31 20 45 19 34 15 27 
40 24 29 15 29 32 28 24 32 21 14 19 26 25 15 28 18 45 19 13 23 32 19 18 24 26 17 19 32 39 40 28 32 25 37 30 23 23 28 15 19 27 18 18 24 16 20 21 28 28 15 33 21 20 34 33 9 32 10 18 
17 24 22 15 35 31 27 25 25 10 26 18 19 10 19 16 15 29 19 33 12 40 27 23 27 36 23 17 29 17 25 26 23 13 29 29 22 24 13 21 26 34 15 11 28 26 18 27 31 31 31 23 20 18 20 26 17 20 20 13 
35 25 26 7 32 31 24 13 18 11 29 20 21 34 23 30 16 20 13 16 17 18 14 11 18 19 34 21 14 22 12 31 19 27 36 29 25 21 23 25 27 19 22 16 25 30 15 29 18 29 14 27 20 26 33 25 14 19 21 15 
33 29 25 17 31 26 33 17 25 19 24 17 30 28 18 24 32 40 16 25 15 23 24 9 13 24 23 30 30 39 34 40 21 38 23 36 22 26 23 30 37 33 19 15 29 28 19 32 13 32 23 37 35 16 32 17 16 26 24 20 
19 23 19 11 28 27 36 15 6 11 30 19 22 28 22 25 24 28 29 28 25 28 21 28 12 21 28 21 22 29 15 29 21 16 29 13 24 26 16 14 28 19 13 15 28 34 17 30 32 38 21 31 26 24 25 39 15 8 25 15 
30 30 17 23 29 20 30 11 16 18 23 12 22 26 20 28 18 37 25 28 37 36 22 17 22 21 34 16 19 29 36 21 28 37 11 15 13 16 16 25 33 23 20 20 24 11 16 26 16 20 15 35 21 22 38 18 11 25 16 10 
21 27 26 23 34 30 19 17 22 18 35 18 33 16 14 16 14 33 16 36 41 17 22 32 23 32 24 4 26 35 34 33 20 23 33 25 19 19 19 25 11 25 14 17 18 26 30 29 32 37 25 34 25 15 32 31 18 28 12 19 
23 27 17 13 46 23 15 14 31 28 19 18 24 34 21 36 11 18 22 32 24 27 32 24 16 24 28 21 22 40 20 29 31 32 19 23 18 21 26 23 25 10 21 17 27 15 23 16 17 29 21 23 10 14 35 28 11 27 35 19 
27 30 16 14 11 34 14 12 32 14 21 18 36 29 22 25 18 32 29 25 29 31 21 10 12 11 31 15 15 19 28 16 29 30 29 24 19 14 22 23 37 24 15 20 25 22 30 26 11 40 9 32 25 7 26 32 14 34 33 22 
21 31 19 11 38 30 36 16 21 8 26 20 27 6 11 32 21 23 31 6 20 38 17 24 30 30 35 30 24 35 23 36 27 17 15 18 27 31 14 33 27 11 21 14 34 14 20 18 22 25 28 27 25 19 29 22 21 29 31 13 
23 25 20 15 28 28 35 14 27 18 19 14 31 13 23 18 20 34 15 36 33 19 16 16 26 46 15 24 28 24 19 28 13 32 42 33 10 20 24 24 29 19 12 19 21 29 14 18 32 30 13 31 19 19 18 8 17 16 27 20 
32 36 14 13 19 31 39 18 26 24 23 15 32 41 16 30 14 39 10 27 35 22 14 13 27 25 26 17 25 28 26 32 21 19 33 21 29 22 22 23 28 17 26 24 30 19 22 32 20 23 19 43 14 21 30 16 14 8 19 16 
29 27 10 8 36 9 23 16 29 13 8 16 20 21 16 24 17 25 20 19 26 38 17 25 22 36 21 12 17 20 41 25 40 36 23 33 23 22 23 26 45 28 26 20 18 11 25 18 23 34 18 26 13 6 40 30 21 25 14 13 
18 32 22 17 33 28 22 15 15 13 35 18 30 18 10 35 14 22 23 27 17 32 14 34 29 11 26 29 28 23 24 40 33 30 15 31 32 27 23 21 34 18 17 11 29 23 24 22 19 30 11 30 24 18 43 34 16 22 24 14 
17 26 17 17 12 42 20 20 28 20 39 20 42 34 11 28 25 36 7 30 27 30 18 23 18 25 26 24 18 36 45 30 18 34 26 32 22 17 20 22 27 22 11 21 27 23 12 35 36 30 12 32 29 24 27 24 19 22 24 11 
23 24 21 14 37 32 31 11 22 17 27 13 35 16 18 30 20 19 14 27 22 28 21 25 27 27 21 11 28 27 16 20 21 45 27 15 21 9 26 26 26 25 18 17 22 20 24 25 36 22 6 48 30 23 22 23 19 33 21 19 
16 19 29 15 20 26 31 17 23 13 13 18 22 29 28 36 17 28 26 18 31 20 16 39 20 31 16 22 24 48 21 35 34 24 29 19 15 33 11 24 22 28 26 21 23 20 20 32 34 24 24 36 26 25 25 28 16 25 24 15 
19 26 22 13 36 45 36 18 15 26 35 14 26 18 19 24 22 45 10 24 22 30 28 24 32 18 17 17 14 23 23 11 21 22 39 27 26 15 28 32 37 34 14 21 22 27 17 29 28 36 11 37 27 36 34 20 18 33 19 25 
27 24 16 18 29 16 32 11 19 11 21 16 34 13 23 37 29 26 17 20 39 33 25 12 17 29 25 16 19 21 28 31 25 28 24 21 19 18 10 16 33 21 17 12 22 34 17 31 18 20 11 17 31 21 25 25 10 18 19 12 
20 17 19 17 30 33 35 14 18 19 31 17 23 35 15 33 16 23 13 30 27 35 20 20 33 43 29 12 24 27 15 31 29 24 35 31 19 22 25 23 40 23 12 7 33 26 22 27 33 23 28 33 30 38 33 30 20 17 19 15 
28 20 19 24 43 31 24 21 15 16 34 24 26 18 20 31 22 34 25 26 29 29 16 15 21 41 21 17 31 38 25 28 12 29 37 28 21 18 16 26 32 20 13 13 29 25 28 14 34 29 24 14 35 17 33 19 14 14 28 16 
18 24 19 14 27 19 29 12 22 21 24 11 35 19 17 16 6 24 20 23 28 26 19 19 27 31 28 19 18 20 20 28 18 30 27 27 32 13 29 21 26 26 17 18 26 36 18 22 24 20 20 30 15 14 34 40 15 20 21 18 
6 32 20 12 36 31 18 22 29 18 31 15 35 20 15 31 24 21 19 40 25 32 23 29 21 45 20 18 26 31 22 17 26 15 21 48 19 24 22 16 34 27 29 18 27 33 25 14 34 39 21 45 29 30 21 14 14 36 31 19 
32 23 5 17 26 49 29 20 34 20 22 14 20 38 21 35 19 18 13 11 25 31 28 18 25 32 28 17 29 33 18 26 28 25 29 25 22 9 18 19 25 13 24 20 17 22 7 25 28 34 21 33 26 19 29 21 19 13 34 17 
22 38 13 16 28 16 36 16 15 21 26 23 21 30 12 14 13 18 26 31 26 26 16 25 18 13 29 12 21 38 32 28 21 22 35 15 16 25 19 15 16 7 7 17 23 21 20 14 22 36 16 20 22 28 26 40 13 23 30 28 
16 35 16 16 28 37 38 22 27 16 27 21 30 25 21 23 11 26 21 31 22 27 19 20 13 18 19 7 18 32 32 25 26 21 33 26 21 26 19 27 36 32 12 20 27 32 23 15 40 26 13 8 29 22 46 20 18 28 22 13 
11 11 17 10 53 35 25 19 14 16 25 17 34 29 18 23 10 31 10 28 28 30 25 23 32 39 18 19 26 27 43 32 23 32 30 17 21 29 32 19 40 19 20 11 26 33 11 13 26 29 27 32 20 21 14 24 11 17 20 15 
19 36 14 15 34 18 14 9 15 13 27 11 31 23 18 23 22 37 16 27 24 27 23 20 26 36 12 22 19 31 38 34 29 21 29 33 31 28 21 15 26 31 6 17 12 19 15 26 30 45 10 30 29 19 44 27 19 38 25 10 
24 24 18 18 23 21 34 12 18 16 24 21 28 32 23 20 18 27 23 29 22 24 20 22 20 29 15 14 5 31 22 25 13 22 24 23 28 22 21 19 59 36 8 16 27 19 15 29 21 30 16 43 29 29 26 34 18 28 21 27 
15 47 22 8 35 47 36 22 23 23 12 15 22 37 21 20 8 21 20 34 21 41 10 9 23 24 27 25 17 32 51 19 19 25 36 39 25 13 17 20 25 21 18 15 32 25 21 29 20 37 16 33 25 18 29 45 10 21 28 8 
10 40 25 19 24 25 28 17 23 19 37 10 22 35 22 23 20 16 5 29 18 34 23 20 26 28 23 19 22 28 22 22 24 23 24 37 17 20 17 23 27 30 12 18 17 23 22 26 24 31 20 14 26 12 22 24 15 19 34 24 
19 34 24 17 31 24 38 26 26 12 36 10 33 31 26 21 15 39 11 23 24 18 34 32 5 26 12 21 17 27 16 36 19 31 44 26 20 27 12 26 26 25 14 18 28 31 23 23 30 42 10 24 25 20 32 37 17 14 28 19 
30 19 18 18 23 31 15 12 18 24 25 21 39 19 15 23 16 22 23 16 19 31 31 16 22 31 28 20 26 23 31 36 27 23 25 30 25 23 18 25 33 18 17 17 32 17 23 25 28 14 21 29 19 18 32 32 15 29 25 13 
24 25 24 11 25 20 30 15 22 24 15 16 36 21 15 33 21 26 13 18 17 33 24 28 20 34 20 21 18 18 19 18 22 32 39 14 24 21 23 24 34 18 9 18 16 33 22 24 27 30 25 29 27 11 23 19 18 23 37 11 
31 39 22 8 28 32 34 13 24 18 18 17 27 11 26 37 11 30 17 16 19 15 17 18 19 34 28 27 24 16 18 22 20 16 19 36 28 10 17 18 36 28 17 18 26 30 22 19 28 36 25 30 29 25 16 20 14 26 32 22 
19 28 16 15 42 27 34 19 23 18 36 18 28 12 17 32 20 22 22 17 24 23 15 19 28 32 21 14 24 31 19 30 32 29 33 33 29 17 18 12 30 23 21 14 35 25 18 21 30 35 16 34 21 17 28 41 11 26 23 20 
22 41 25 15 32 21 35 23 12 20 16 14 41 29 21 22 23 28 21 29 22 14 26 20 16 17 6 10 17 34 31 21 21 27 30 13 17 10 20 20 22 21 22 13 25 9 28 22 40 25 17 34 13 3 22 35 17 22 24 11 
20 23 20 19 26 31 35 19 16 28 30 20 35 26 18 29 13 22 13 20 14 26 23 27 38 24 24 24 13 31 14 18 14 34 24 31 15 19 18 23 12 29 25 15 11 22 21 33 28 26 18 38 26 40 28 19 10 22 20 20 
26 22 7 14 39 39 30 12 14 15 36 9 20 31 11 29 15 32 19 32 18 28 17 17 20 16 23 17 22 24 31 37 28 21 20 22 21 25 28 26 16 4 20 20 33 30 21 30 36 28 19 36 26 22 32 25 15 27 25 15 
18 31 29 7 12 33 15 18 16 16 29 17 33 36 19 23 23 25 22 38 8 30 13 19 23 25 22 19 21 20 38 18 30 17 37 27 18 17 36 29 39 37 22 12 18 26 17 30 18 33 17 29 26 18 27 24 16 29 22 19 
17 23 34 15 31 29 41 18 18 13 14 19 24 25 13 28 14 35 13 31 28 37 22 14 26 44 23 9 25 16 24 40 27 31 40 19 32 24 25 21 31 18 23 15 36 25 31 19 22 36 21 33 27 28 21 21 9 21 25 19 
27 30 19 7 20 21 38 19 32 10 33 20 34 30 26 12 18 30 17 35 32 27 22 19 25 36 31 3 22 20 20 43 32 26 40 32 22 26 25 24 18 23 21 17 30 32 15 32 31 31 24 27 22 27 19 33 15 36 23 12 
33 31 19 18 27 28 32 14 21 14 26 17 28 21 18 26 16 28 13 22 34 15 20 22 24 36 26 26 18 46 8 26 32 31 30 43 23 22 26 27 15 29 13 12 30 23 13 25 23 40 26 25 32 37 39 32 15 23 10 19 
25 28 20 9 41 16 34 22 22 15 6 19 15 28 13 44 20 31 20 21 29 21 15 28 16 27 18 13 11 25 28 36 19 14 26 31 22 23 21 27 12 20 16 17 16 32 24 18 32 44 29 29 25 24 31 19 23 15 19 27 
21 29 16 21 33 36 47 14 14 11 26 13 24 25 21 33 6 25 23 32 18 19 22 17 21 20 19 24 30 9 34 36 42 33 34 7 26 16 16 20 26 29 15 17 35 18 29 27 23 37 24 34 29 21 27 28 17 38 43 23 
22 23 7 10 49 4 30 23 25 7 29 18 45 19 25 16 18 38 22 25 30 36 19 13 20 24 22 16 30 33 27 24 25 30 27 19 17 21 13 23 44 23 18 12 18 24 23 24 24 12 19 29 22 21 25 32 20 40 36 17 
27 24 27 16 24 24 24 22 16 16 28 25 38 12 15 27 25 22 27 22 25 25 29 21 27 42 28 12 26 36 15 31 41 39 27 33 31 9 11 23 25 20 15 13 24 23 21 27 24 13 19 33 26 15 31 18 18 19 13 12 
33 26 26 14 31 50 18 19 16 23 28 18 22 26 19 35 16 54 11 27 20 13 19 21 25 32 9 21 27 33 42 28 15 22 26 24 21 16 23 17 31 30 14 15 31 16 27 17 35 40 17 29 22 19 40 46 9 31 30 19 
15 22 24 14 28 28 22 26 16 23 18 15 35 36 23 20 27 41 27 17 19 18 30 26 18 20 35 25 23 29 34 29 24 36 29 22 19 23 16 24 16 22 9 18 25 21 24 19 41 35 20 25 14 17 37 16 15 27 34 20 
22 35 20 11 33 19 32 21 19 22 27 9 30 24 25 39 22 32 18 40 15 31 25 23 21 25 19 19 10 39 29 26 36 24 26 38 19 21 16 26 30 19 15 13 16 33 19 17 30 27 14 23 22 23 29 34 19 22 26 19 
19 21 30 19 31 24 27 16 21 19 23 13 36 25 19 19 27 16 17 24 37 22 18 12 20 18 26 12 13 34 27 30 23 27 14 15 27 18 22 20 11 27 11 18 23 36 30 30 24 37 25 30 24 19 30 8 12 22 21 15 
24 28 5 17 24 24 25 21 20 20 22 12 8 17 19 33 11 25 20 29 30 19 17 30 20 24 11 19 19 38 17 38 21 23 25 26 24 13 24 22 24 24 20 10 24 31 22 17 18 29 28 37 25 25 24 32 11 30 37 20 
26 31 22 9 37 20 2 17 27 12 8 13 12 35 17 26 32 25 28 31 26 23 18 17 26 22 33 20 18 34 28 27 20 32 33 37 22 25 12 30 36 24 8 12 25 12 12 25 33 19 22 28 23 15 17 19 16 29 6 9 
26 30 25 17 28 41 43 17 28 24 26 16 34 30 26 34 18 29 29 20 28 32 14 17 22 26 21 14 15 24 30 37 25 18 24 20 32 31 17 22 29 23 22 16 45 33 30 22 24 25 23 17 26 26 21 27 19 28 26 20 
25 25 26 18 28 21 19 30 6 19 26 14 24 28 16 34 17 36 23 31 33 8 16 14 32 30 10 17 15 39 24 38 24 33 30 13 12 20 13 28 21 20 15 22 20 22 22 21 28 29 12 27 28 14 29 16 14 26 27 22 
19 28 23 16 46 26 37 17 21 21 21 11 25 23 13 33 23 57 18 15 19 8 25 26 28 28 21 12 8 28 40 28 15 40 24 25 21 19 16 13 21 10 22 16 36 23 25 35 27 43 16 24 36 16 35 21 20 26 31 27 
26 28 21 14 40 26 40 16 30 12 33 14 19 18 19 26 21 19 29 15 23 25 27 12 17 33 28 24 29 19 25 43 31 17 28 22 17 16 23 17 27 33 16 18 28 15 23 27 27 26 8 22 25 17 16 54 15 18 14 14 
11 13 34 16 29 17 11 4 19 17 23 16 33 30 22 16 26 34 27 15 20 26 17 34 19 19 21 13 33 26 29 28 22 38 19 31 29 13 29 17 21 17 17 11 28 25 21 17 35 32 17 42 27 27 34 18 17 22 14 16 
25 25 18 20 24 29 47 15 24 19 31 17 23 18 25 34 14 22 28 34 16 30 10 24 21 8 34 25 23 24 23 29 20 16 32 37 31 13 19 26 28 26 24 15 24 32 23 32 18 23 18 27 25 22 19 16 21 38 32 20 
31 24 31 17 20 24 25 15 16 13 18 16 14 33 26 24 14 20 12 25 42 22 29 27 21 28 24 16 19 45 35 33 29 22 32 22 17 24 32 12 34 37 9 15 20 27 15 34 18 15 21 40 27 21 48 32 12 22 33 13 
10 34 15 17 12 34 21 10 25 25 19 15 16 33 19 38 27 36 18 19 35 19 14 20 22 23 29 20 31 41 41 34 28 22 28 28 26 15 31 18 26 23 17 16 36 21 30 35 19 31 12 32 21 21 37 26 20 9 23 18 
29 23 19 17 28 29 28 24 21 10 36 13 30 34 14 34 9 10 21 25 25 20 30 20 14 37 16 13 18 27 36 33 9 32 25 29 23 32 23 26 22 19 12 19 13 34 27 26 16 33 22 24 25 29 22 29 16 26 24 19 
26 32 25 17 29 22 14 15 11 17 24 16 10 32 11 22 14 38 21 26 25 20 25 11 6 13 28 12 12 26 49 27 27 19 35 38 32 16 8 17 5 15 17 8 6 23 29 22 37 28 20 37 32 14 16 47 19 31 12 20 
22 37 17 18 35 13 22 17 20 20 23 17 33 26 21 20 17 29 24 31 36 31 25 13 20 31 14 18 34 34 23 11 20 34 27 20 17 32 15 14 39 33 30 14 23 17 17 39 20 36 16 36 18 19 25 26 21 28 22 11 
21 18 21 22 39 33 29 21 26 16 24 14 30 19 12 47 21 25 11 27 23 17 19 17 12 35 21 17 31 21 17 32 40 29 27 27 22 27 16 24 23 14 13 17 35 17 31 24 24 37 11 19 23 26 17 16 16 4 32 22 
31 33 11 14 13 28 33 20 28 18 30 13 19 29 20 24 25 31 20 19 24 34 24 21 11 28 22 25 21 26 37 20 19 34 26 22 13 34 22 17 17 24 11 16 32 24 22 16 12 27 12 32 38 31 29 33 20 34 19 13 
20 19 18 15 37 11 26 14 13 13 24 7 35 29 21 27 10 38 18 26 32 18 13 18 25 38 18 17 36 33 28 4 19 22 8 21 26 29 21 32 33 23 25 24 35 26 28 23 20 32 14 46 35 32 29 12 18 29 26 21 
34 33 19 16 25 24 24 15 14 17 35 18 24 38 10 25 19 23 27 35 16 35 14 41 26 28 29 27 21 23 34 39 21 27 20 22 25 19 18 33 26 25 19 17 34 21 26 26 23 35 24 11 33 15 28 17 20 23 19 16 
38 35 9 11 44 30 22 21 24 26 14 16 13 18 13 27 24 20 12 18 30 25 19 28 19 18 27 13 15 17 9 16 28 40 43 15 17 19 23 21 27 34 16 18 30 10 16 21 25 40 27 24 28 20 37 19 19 30 10 16 
20 51 23 16 27 23 31 25 24 26 27 17 26 34 14 17 10 38 9 22 39 15 26 18 26 27 20 21 29 30 28 29 20 28 26 33 22 28 36 28 39 12 15 12 22 26 18 29 18 34 23 25 26 16 21 30 19 23 14 25 
21 23 31 20 33 30 23 22 29 18 31 6 32 27 13 22 20 32 20 30 33 39 16 22 12 28 25 21 15 23 19 25 16 28 26 24 20 18 30 20 31 22 19 15 27 25 26 30 22 25 15 38 31 30 28 26 18 27 28 24 
21 22 28 18 32 35 30 7 26 8 21 13 24 32 18 25 13 29 19 24 24 30 15 26 31 15 33 20 24 21 40 32 26 36 37 30 24 22 27 22 31 14 18 19 22 23 23 23 20 42 15 24 34 18 36 33 18 41 17 17 
10 23 12 13 50 21 34 13 26 15 29 11 32 22 18 35 20 22 23 27 20 33 19 11 28 31 36 15 17 29 39 37 33 33 24 32 33 13 20 22 26 18 11 13 24 26 23 24 28 22 14 48 27 27 38 14 20 26 25 21 
20 19 25 17 26 33 15 20 21 17 26 18 30 25 16 39 20 35 22 20 25 31 20 22 28 34 31 16 20 39 28 26 27 26 17 20 26 17 11 17 47 41 13 14 23 24 14 28 40 36 11 24 36 25 33 25 19 20 19 19 
27 33 28 9 30 30 37 14 20 12 28 19 21 28 18 19 32 11 17 27 36 20 16 21 17 31 22 19 22 33 6 47 25 24 22 37 22 25 33 23 22 9 13 3 26 10 22 28 26 45 29 10 27 20 18 9 22 21 19 22 
24 24 18 9 16 23 28 10 25 15 23 14 24 31 10 18 14 24 32 18 22 22 22 19 26 20 24 18 27 25 41 10 30 20 21 33 27 12 9 21 24 24 15 19 17 27 33 16 29 33 9 25 21 17 21 31 14 18 15 11 
17 22 18 12 28 29 28 21 23 18 27 19 24 11 22 25 21 23 25 31 27 30 16 27 18 28 23 17 26 26 34 28 24 21 18 24 19 25 35 14 24 19 20 15 30 22 27 28 24 25 16 21 24 18 26 23 12 19 23 20 
13 36 12 12 34 35 17 14 12 17 29 13 45 21 17 33 19 34 12 29 28 38 23 9 21 16 24 18 28 37 35 32 31 27 29 25 20 27 24 20 25 27 5 18 27 23 20 32 34 34 23 38 21 19 29 25 19 19 18 15 
21 36 9 19 23 20 26 16 10 11 7 21 27 29 13 43 19 23 28 25 30 11 24 32 17 35 34 18 31 29 20 25 23 20 29 21 15 12 28 30 29 33 16 11 30 26 16 26 11 33 22 27 30 20 31 22 15 11 24 17 
20 26 6 14 32 9 23 28 18 14 30 13 32 24 20 17 27 35 25 21 30 33 12 21 19 38 16 19 8 16 33 43 18 20 14 33 26 13 17 24 28 27 18 16 27 4 24 30 24 31 30 38 24 31 32 40 13 26 17 22 
13 34 26 16 44 35 27 11 26 26 24 16 23 24 16 23 18 19 27 11 25 34 25 30 26 22 18 19 19 14 37 36 26 24 23 29 30 19 21 29 29 29 13 15 29 40 27 36 42 31 20 37 22 18 24 30 19 30 33 18 
27 25 18 19 23 10 31 10 32 24 34 14 27 11 17 35 13 30 26 31 25 18 18 9 12 22 24 26 23 28 41 43 40 35 36 22 24 20 19 32 31 20 17 19 27 25 32 14 26 27 23 18 17 22 29 20 17 43 14 20 
29 30 21 20 34 33 31 18 31 12 27 10 22 41 15 29 30 33 26 26 26 29 23 17 13 32 33 14 29 18 43 38 41 25 30 29 28 30 16 26 26 30 19 18 7 12 19 24 23 24 14 28 18 16 28 40 17 19 13 20 
27 30 18 5 32 31 43 22 15 17 27 16 21 31 22 7 17 34 27 27 25 28 13 28 14 23 27 24 22 26 21 30 14 21 23 15 20 31 23 22 36 24 12 17 23 28 20 37 21 26 8 35 20 26 42 37 17 26 19 23 
24 23 14 18 24 35 25 16 31 18 31 22 38 32 21 6 24 32 21 29 29 18 23 31 21 31 27 22 20 30 36 34 37 26 40 35 10 13 19 24 38 21 18 18 27 29 25 9 28 24 17 26 32 22 27 29 15 13 21 15 
32 32 26 19 18 43 19 24 20 25 17 14 24 21 18 42 22 27 19 22 21 23 20 23 21 24 15 23 30 27 36 36 18 34 23 37 26 8 25 16 38 20 19 24 18 15 17 40 38 25 24 43 14 22 24 34 22 22 26 18 
20 12 32 11 39 31 39 13 21 17 20 15 24 33 22 45 26 32 17 18 20 21 18 29 29 28 19 19 24 14 30 22 23 26 25 23 16 20 14 14 26 33 18 20 33 21 23 25 18 39 26 47 18 20 26 44 22 17 20 26 
25 28 28 17 47 41 35 15 20 15 19 17 33 23 16 22 15 34 36 24 17 32 17 27 25 25 10 16 22 22 17 19 19 25 32 36 21 26 31 35 16 22 18 14 24 41 25 31 25 30 14 23 25 24 32 18 14 28 24 17 
40 24 17 6 28 20 21 16 30 12 30 11 33 21 26 16 17 29 15 32 25 20 26 19 26 35 38 17 25 46 18 22 34 24 30 34 16 31 19 9 34 20 13 18 29 29 16 19 23 24 15 25 31 19 12 13 22 23 26 16 
19 21 15 17 28 29 30 16 13 19 38 19 35 39 20 32 29 19 17 31 16 18 24 21 23 25 28 12 24 42 24 28 25 31 26 34 22 13 21 23 19 25 15 22 33 18 19 21 20 37 23 21 36 16 28 33 14 30 33 22 
21 36 19 19 43 18 26 18 25 18 34 22 23 27 19 17 18 33 26 25 20 32 22 31 24 22 29 19 26 21 24 27 22 25 22 26 28 21 15 18 33 23 11 11 36 25 11 21 27 24 25 23 27 32 21 37 16 26 22 23 
30 15 14 23 31 17 34 15 20 14 32 18 31 24 17 26 14 27 16 34 26 45 21 31 23 26 37 23 24 7 39 28 24 27 34 33 22 21 7 16 32 27 20 18 31 18 24 20 25 22 20 22 11 20 25 27 19 21 38 18 
34 28 17 19 18 46 36 32 30 20 28 16 39 27 31 33 16 23 18 23 32 31 19 25 23 19 28 21 27 29 34 23 33 30 34 24 19 19 20 27 27 21 9 20 33 21 16 21 14 23 25 38 37 29 34 29 17 37 14 17 
20 30 31 16 27 28 23 8 30 19 28 14 25 33 27 14 20 30 20 22 29 41 25 19 17 22 24 22 22 19 30 25 19 36 14 23 28 19 20 17 18 25 16 15 10 31 23 21 27 26 18 38 27 24 49 24 16 29 31 19 
24 27 20 13 36 35 52 14 22 26 26 23 32 15 16 21 28 36 21 29 24 26 23 19 11 34 24 8 24 26 36 33 24 13 35 26 21 24 22 24 32 28 20 19 14 27 29 15 22 35 15 35 20 28 33 24 16 25 15 23 
30 30 15 19 44 20 20 19 18 17 25 14 8 19 11 27 18 21 19 26 21 19 21 17 2 12 26 26 21 27 22 31 26 27 16 28 14 22 17 26 26 25 11 17 26 17 28 25 5 31 24 23 25 21 23 13 19 20 22 17 
18 27 19 19 33 34 21 8 24 19 17 13 24 23 22 24 19 33 18 36 22 28 23 14 27 19 26 14 19 26 29 34 10 25 14 33 42 28 22 13 42 29 20 19 33 27 28 27 11 32 24 31 19 26 26 34 18 15 34 19 
26 25 16 12 26 34 27 24 27 12 27 22 18 36 17 26 19 32 21 24 22 27 23 28 26 37 20 28 15 12 7 26 30 22 26 15 17 22 25 11 28 20 16 16 21 26 15 30 23 30 20 24 11 30 20 29 14 18 30 14 
38 20 22 14 27 14 18 13 18 21 40 11 26 25 20 22 19 45 20 18 29 29 30 31 18 11 13 21 26 21 35 37 27 36 31 32 16 41 24 21 44 26 19 16 22 20 24 28 19 28 28 32 22 12 24 30 15 28 24 14 
20 34 29 10 16 40 32 20 13 16 34 9 29 35 21 29 16 25 10 18 41 10 23 18 8 25 20 18 9 36 42 43 20 27 33 37 23 28 20 31 22 40 15 11 34 31 30 26 19 37 21 44 23 28 22 29 22 30 12 18 
25 21 13 12 23 31 20 21 32 16 38 20 21 20 18 31 9 52 17 23 20 16 26 25 13 31 31 20 22 48 25 40 26 20 33 30 24 19 24 26 29 15 10 13 36 19 17 26 39 48 19 17 35 19 27 27 18 21 29 18 
19 29 21 18 37 29 28 10 21 12 25 16 23 25 25 37 40 18 14 18 30 24 26 17 28 27 19 29 25 19 19 20 23 10 33 41 26 23 11 17 17 27 15 17 17 27 18 26 36 22 17 34 11 23 30 27 16 29 27 15 
29 24 18 25 32 30 44 19 29 21 18 20 30 25 24 43 20 35 27 12 34 27 17 23 24 24 30 16 20 30 36 31 21 36 24 40 25 15 22 26 38 20 10 15 32 31 31 18 15 25 21 46 18 30 28 40 17 30 14 19 
35 23 18 19 36 30 22 24 15 19 34 13 30 19 16 28 22 24 26 16 27 20 18 25 24 24 27 17 20 24 39 6 23 32 38 17 25 18 16 24 35 32 19 17 25 27 27 11 23 25 22 40 29 23 35 31 18 25 26 17 
8 35 19 17 40 30 26 13 28 11 34 7 29 19 26 36 25 28 23 21 21 18 19 31 27 29 32 18 20 33 25 29 20 39 18 16 23 25 17 22 28 25 16 19 10 26 20 16 26 19 14 37 34 20 30 19 11 21 34 21 
28 25 24 11 32 14 34 14 17 20 27 10 32 19 12 20 17 34 18 16 26 23 14 26 22 31 18 17 22 28 24 17 40 29 38 31 18 19 18 20 33 11 21 19 17 20 26 19 33 30 17 27 26 15 13 19 15 15 33 18 
15 25 23 13 21 26 14 30 29 13 7 15 16 8 18 25 17 30 20 39 36 31 31 24 19 29 34 22 16 40 28 25 30 23 19 36 14 20 17 22 37 16 16 16 32 30 27 21 27 39 18 45 26 19 34 31 14 28 27 22 
29 19 21 12 19 20 24 17 30 21 25 14 24 21 14 30 18 31 20 39 23 22 25 23 26 19 27 16 15 33 22 32 23 16 22 20 26 32 21 31 44 33 18 20 26 18 26 19 26 38 23 40 17 38 30 21 14 11 19 19 
26 13 26 20 32 23 33 19 13 8 34 17 9 21 23 10 26 17 24 46 39 25 16 19 23 33 32 27 21 32 26 13 24 20 29 28 25 9 20 26 37 27 14 20 16 37 14 33 28 19 8 33 27 15 36 37 16 26 43 22 
21 21 22 22 41 42 27 21 15 24 31 12 36 22 10 35 21 25 18 26 28 33 17 22 23 42 24 18 22 30 29 21 25 28 24 17 18 18 29 25 33 25 10 24 32 27 29 28 30 29 14 38 28 15 23 32 25 30 13 13 
24 31 12 19 26 23 29 24 27 21 31 17 36 29 19 31 17 26 14 28 5 32 21 26 18 31 19 18 20 17 22 33 25 23 28 18 20 17 30 18 46 16 24 10 20 23 26 32 26 19 28 33 21 24 17 31 14 23 9 21 
37 23 19 12 41 19 30 21 26 20 25 14 32 31 25 12 22 18 28 29 38 27 20 19 20 21 28 17 26 28 28 25 24 33 18 28 26 33 24 19 23 22 25 21 15 23 19 18 30 28 19 21 22 24 18 26 13 28 21 16 
19 14 18 17 21 27 22 15 34 20 42 13 30 31 20 34 13 41 8 30 23 24 18 28 19 22 32 12 19 26 20 40 15 16 29 16 29 26 26 17 34 10 24 13 27 27 15 24 16 32 25 41 27 21 39 10 17 24 22 21 
24 36 23 11 36 36 27 14 28 20 27 15 20 23 18 38 17 26 14 27 17 42 10 21 9 36 32 15 32 38 34 17 31 24 27 24 27 20 17 27 47 17 16 13 21 21 25 17 22 36 19 31 14 29 26 31 16 17 36 11 
23 23 17 18 30 21 36 15 29 18 39 15 37 13 27 35 30 31 31 4 25 15 10 20 17 33 26 20 28 40 35 19 40 32 44 15 31 19 18 23 26 26 12 20 15 31 23 23 27 27 19 28 35 27 31 39 16 20 17 25 
21 28 8 20 18 32 35 14 16 9 4 20 31 35 14 37 17 22 6 27 16 20 20 14 25 18 20 18 35 27 50 23 21 23 4 25 26 24 18 30 18 30 11 14 30 32 29 17 23 32 15 21 18 9 31 31 15 33 24 19 
28 41 17 11 24 31 18 18 32 27 23 16 29 36 18 24 21 27 22 11 37 34 21 28 16 15 36 22 24 29 29 23 22 24 22 31 19 21 20 32 37 43 15 10 23 19 10 31 26 28 18 27 22 22 21 34 14 5 22 15 
29 27 17 17 25 28 37 29 36 15 39 13 20 27 17 19 31 30 12 26 26 22 22 20 28 12 18 14 23 25 33 32 37 36 20 26 18 13 28 27 36 17 19 23 22 42 18 20 21 35 21 14 30 14 22 18 14 22 34 21 
15 33 24 7 24 18 25 14 22 17 39 15 23 31 22 36 15 33 27 15 32 36 24 14 26 21 29 20 13 27 38 18 17 27 31 15 27 15 20 21 25 20 20 21 17 25 14 42 28 28 20 35 29 26 18 35 7 27 19 20 
19 23 12 15 14 17 32 19 21 14 25 23 35 14 14 14 15 31 20 23 25 22 21 13 26 43 24 23 15 22 34 32 30 27 27 32 24 17 14 28 28 30 17 20 30 28 14 18 34 26 17 29 35 15 21 29 16 28 23 23 
30 28 16 18 29 31 22 11 28 11 20 13 27 8 27 15 22 31 15 15 36 26 24 19 15 35 28 12 26 23 34 24 34 36 40 35 19 25 14 30 28 21 12 14 20 33 22 18 19 37 14 52 26 26 21 39 14 28 26 20 
29 36 23 10 40 30 22 19 25 16 38 17 43 32 30 22 12 40 22 33 35 32 25 21 16 18 26 17 23 29 40 16 30 24 17 23 33 21 18 23 33 23 11 12 16 24 19 19 24 34 15 19 27 22 33 22 21 18 25 14 
16 25 14 11 28 40 28 20 18 17 22 14 42 5 23 18 12 44 17 19 30 23 18 22 23 27 16 23 12 20 34 11 32 28 25 17 25 20 17 21 25 34 25 16 41 16 16 29 15 29 22 35 34 24 27 18 13 17 21 21 
23 31 14 13 31 24 37 9 31 15 31 10 21 27 24 26 10 28 27 13 22 13 11 15 21 35 19 14 10 20 40 27 21 26 27 26 18 19 17 25 34 38 12 17 38 34 7 25 20 27 13 27 28 26 30 21 17 22 39 21 
20 15 8 9 22 24 8 10 20 13 20 25 31 31 25 31 12 33 30 20 21 29 14 24 15 24 30 25 22 46 31 16 18 25 30 22 31 22 8 20 42 15 24 13 19 18 22 32 20 26 29 25 24 26 23 19 19 31 39 28 
21 27 22 15 34 21 30 23 11 16 30 18 40 26 13 36 21 28 14 30 22 32 16 22 18 39 26 23 17 27 22 20 28 30 33 26 22 17 18 32 29 23 26 29 33 35 17 8 25 11 18 33 22 22 36 20 19 19 28 7 
20 28 18 15 25 37 41 15 19 19 18 19 37 32 22 25 27 37 16 26 29 8 19 28 22 30 32 12 30 35 12 26 10 23 37 20 25 32 23 22 37 31 21 15 21 26 13 14 22 36 13 32 37 21 31 26 18 35 20 18 
28 17 11 10 38 46 37 22 22 17 21 17 23 23 21 37 27 25 17 30 24 38 19 4 27 40 18 16 17 26 31 27 14 34 23 32 30 30 32 25 21 24 16 26 29 34 23 26 25 27 23 29 29 10 24 30 11 29 28 19 
21 33 38 14 35 32 25 7 24 16 18 15 37 17 19 29 33 50 25 29 24 17 22 28 14 38 30 24 14 23 43 28 28 28 26 29 23 28 26 11 17 27 28 22 26 20 39 34 21 31 11 26 46 24 34 37 19 26 19 23 
13 29 10 19 37 31 20 11 22 20 37 19 26 35 17 20 22 20 17 38 26 35 24 25 28 33 28 23 28 34 28 37 29 38 38 28 14 26 20 19 27 14 20 21 27 22 24 28 17 37 13 35 27 23 22 19 10 23 25 15 
15 31 24 15 25 23 33 17 25 22 41 25 31 20 19 43 23 36 20 22 22 14 21 12 22 37 28 11 13 21 35 23 20 20 23 23 24 22 28 22 13 22 23 17 21 30 18 12 22 29 19 26 33 27 34 23 16 15 25 17 
14 35 24 12 33 42 32 16 9 10 34 15 31 32 14 30 21 30 21 22 31 36 26 19 33 31 31 15 29 27 24 24 18 31 16 33 13 15 10 20 42 23 19 11 25 32 34 24 26 20 17 19 26 26 50 36 16 26 21 19 
20 30 11 15 35 24 47 20 19 15 24 15 26 36 21 22 20 38 16 10 22 33 12 18 27 12 24 18 32 25 18 33 24 25 32 31 13 28 29 19 28 32 6 24 22 30 23 23 34 18 13 26 33 10 34 28 10 29 22 19 
21 19 19 10 42 27 30 20 19 14 25 19 31 23 20 24 20 42 25 37 30 31 15 17 25 6 25 19 24 20 31 24 21 21 33 10 24 22 26 29 30 19 13 15 9 22 27 23 28 33 11 28 23 25 33 36 12 43 26 20 
23 26 27 14 21 31 25 17 24 27 18 12 32 35 23 23 16 23 25 32 24 20 21 21 23 22 20 15 24 23 35 22 12 21 27 27 29 22 21 15 22 24 18 17 26 27 20 32 23 31 26 33 19 17 28 19 14 13 29 24 
18 33 15 15 37 25 35 5 26 14 10 14 15 27 26 26 14 45 25 27 35 35 20 22 17 28 33 14 22 32 28 25 38 18 28 18 24 30 22 28 27 22 5 20 32 27 20 5 32 19 18 40 31 21 26 40 17 23 31 21 
11 12 13 7 23 44 17 13 18 20 23 21 25 20 25 24 22 34 24 14 22 25 17 23 15 36 33 17 23 19 27 36 12 29 21 28 22 24 15 31 31 7 9 12 17 30 10 19 26 23 10 24 32 23 28 33 18 29 16 13 
29 45 15 17 29 26 19 24 12 32 32 17 34 12 24 28 19 33 19 17 22 39 17 15 18 19 24 21 22 15 25 26 26 19 32 31 32 23 12 21 40 25 22 25 18 21 24 34 34 34 17 38 9 16 14 22 20 20 25 14 
28 28 22 18 22 19 33 11 22 13 15 28 38 27 23 26 16 18 29 13 34 42 14 19 13 25 22 11 21 28 29 29 38 40 22 29 28 15 16 20 31 20 15 20 28 32 14 23 18 23 17 46 27 34 43 25 16 16 41 26 
22 23 22 15 17 33 19 15 13 13 22 18 27 40 18 35 10 18 13 22 22 32 26 17 29 35 37 25 25 22 34 26 23 20 33 40 21 30 8 29 41 19 19 16 28 18 23 23 15 27 19 20 25 18 26 22 20 23 27 18 
34 23 20 16 29 32 26 15 27 22 28 22 50 26 25 30 10 57 27 19 38 36 18 26 26 34 16 15 25 19 33 34 25 34 35 27 31 9 19 24 42 26 9 14 21 20 27 21 40 35 30 28 27 23 27 22 15 23 16 24 
20 27 4 20 27 23 36 22 31 18 23 18 32 24 15 27 23 27 18 32 18 32 14 20 19 19 24 26 24 22 39 28 31 24 20 15 16 15 23 22 24 15 16 19 26 24 14 15 28 25 18 32 16 16 33 33 14 22 37 18 
13 23 19 14 17 35 37 12 22 2 12 14 29 22 23 15 22 33 13 25 30 40 34 10 23 30 29 24 16 38 29 26 24 23 29 26 14 25 17 23 37 28 22 12 33 35 29 25 19 23 23 16 21 26 11 33 16 27 35 14 
28 28 17 24 33 9 36 23 18 16 34 13 23 28 24 17 18 47 22 25 32 28 24 21 10 19 36 17 28 23 37 26 28 31 43 23 17 18 20 8 46 15 17 13 25 26 24 34 30 31 19 33 31 15 35 27 5 15 31 18 
16 34 16 18 43 30 25 23 19 23 37 15 32 22 16 34 7 25 20 32 25 32 22 20 26 28 13 12 16 23 10 28 27 26 21 25 27 18 21 20 6 35 14 18 42 17 19 22 24 24 14 17 22 23 31 27 19 15 29 18 
25 33 23 23 31 26 21 25 27 19 32 12 18 28 24 24 19 36 30 28 29 40 25 26 25 23 24 22 35 33 49 30 26 39 31 40 30 42 15 23 34 24 12 16 26 21 20 25 12 18 26 29 25 23 21 22 7 24 32 20 
21 17 21 14 17 26 29 17 13 24 16 20 16 29 23 19 10 17 16 13 27 25 21 14 15 27 20 22 15 33 35 28 28 24 23 25 25 12 15 20 33 30 12 17 24 22 21 27 21 18 23 26 14 29 22 32 12 16 27 18 
13 28 17 13 30 44 30 17 17 9 30 15 33 18 22 29 10 31 22 23 21 20 20 23 25 23 17 14 16 12 25 23 28 27 36 33 19 14 17 22 22 34 25 11 21 17 29 25 33 32 16 26 16 27 17 22 17 36 24 16 
18 23 30 14 24 30 40 8 21 18 28 11 25 25 20 17 33 31 21 31 22 23 17 16 17 23 22 18 26 29 35 25 28 28 22 23 23 25 28 21 27 33 12 23 28 22 18 16 26 38 25 30 27 29 18 29 10 16 36 21 
24 21 15 17 38 28 25 18 13 13 29 26 23 34 24 34 21 32 20 7 32 30 15 24 17 45 18 22 23 32 17 33 37 27 33 33 24 17 29 13 43 29 10 12 29 23 18 29 31 38 15 21 24 19 30 21 25 21 34 25 
22 23 13 17 30 33 29 16 20 18 26 12 16 31 19 23 22 27 24 13 34 35 15 25 18 36 24 14 28 42 16 25 21 31 42 35 34 25 15 18 32 26 10 14 25 19 12 9 27 37 30 35 16 30 35 40 16 43 27 20 
20 16 23 18 37 21 39 30 27 12 22 18 28 28 20 36 27 26 23 27 33 23 23 13 28 27 13 16 14 38 40 41 40 20 27 32 18 26 16 22 28 28 18 9 19 25 19 20 31 29 15 20 17 23 32 15 18 19 32 13 
33 38 21 15 36 26 23 13 28 23 32 20 31 30 12 25 20 42 14 22 31 22 21 19 19 34 24 21 26 28 42 35 26 31 38 22 22 17 20 24 36 29 16 18 35 24 15 22 21 10 13 25 33 16 12 13 19 27 38 18 
29 24 28 10 31 19 15 13 22 18 28 13 19 38 15 30 28 33 26 26 26 36 14 13 31 23 13 12 16 23 26 23 28 32 21 31 27 26 25 16 37 20 20 19 26 23 21 20 19 28 23 33 16 18 19 28 10 20 19 16 
29 35 15 17 38 40 32 15 20 11 28 16 35 22 12 33 21 31 19 14 14 21 22 21 16 22 19 17 24 27 20 33 29 29 36 33 26 24 14 21 45 39 12 18 24 16 12 23 29 43 16 39 25 18 24 22 16 12 30 16 
19 25 15 15 28 17 32 18 19 15 39 16 42 22 27 25 17 18 15 29 27 19 18 18 22 20 21 13 20 19 35 18 25 30 31 25 21 22 21 20 26 26 17 21 30 23 23 20 24 31 27 35 25 12 30 34 21 21 17 18 
28 28 16 18 40 32 31 15 14 21 23 26 18 21 18 20 27 35 17 13 28 14 25 20 23 15 15 16 29 21 38 28 26 23 37 24 31 28 25 18 17 30 11 19 10 28 15 20 22 45 19 29 23 22 28 22 10 29 11 18 
23 34 24 16 21 21 22 17 16 28 22 22 36 27 18 26 20 35 23 28 34 44 17 24 34 29 21 25 21 33 32 21 26 20 19 34 22 20 17 22 41 19 19 11 28 14 18 31 15 36 13 44 13 31 33 26 17 12 23 21 
28 26 34 15 21 32 39 10 12 11 24 13 18 30 23 39 13 28 14 20 20 19 21 21 19 29 29 18 25 20 23 17 24 28 24 22 27 5 19 28 24 21 22 13 20 35 26 35 24 17 12 42 33 32 31 18 20 25 27 28 
13 40 29 11 34 43 29 21 16 7 11 17 16 8 10 37 23 29 13 34 27 42 19 18 30 39 18 12 14 21 16 40 21 18 24 23 18 26 22 22 30 24 15 20 32 33 27 20 18 25 13 30 37 29 24 27 18 39 20 27 
31 28 18 17 29 30 23 13 16 27 24 23 24 22 18 28 6 36 17 28 23 9 21 16 19 27 31 9 20 38 31 33 29 22 10 33 26 14 17 28 25 32 19 19 33 20 19 28 26 18 18 19 24 31 29 33 15 31 25 14 
14 36 21 10 36 36 35 12 14 13 30 10 23 20 19 19 12 35 19 41 36 26 21 20 20 25 21 23 15 45 35 23 24 30 32 36 22 21 17 11 28 35 14 16 18 34 13 28 14 45 25 28 23 8 36 41 11 32 27 20 
20 14 26 17 29 47 38 6 22 12 24 14 15 20 15 41 12 23 29 15 26 24 7 16 29 25 30 15 22 22 21 38 30 22 39 29 23 20 26 2 20 21 20 20 19 27 18 15 16 25 25 30 31 9 37 19 21 33 26 20 
31 26 18 18 39 17 14 12 28 17 40 18 40 26 15 32 15 41 10 36 26 11 19 29 26 38 23 29 17 31 30 31 17 25 46 38 24 30 28 29 44 18 12 14 14 28 27 29 15 32 10 32 11 22 31 9 14 29 28 11 
34 32 22 8 21 18 34 10 16 22 26 16 29 15 26 34 25 33 20 25 21 45 20 16 18 19 22 21 8 41 31 43 15 36 17 23 22 20 24 24 31 23 23 16 25 26 25 19 32 23 18 17 22 23 49 30 12 20 32 27 
25 22 17 17 17 47 21 14 29 17 25 16 23 17 28 36 12 32 26 21 16 22 25 25 30 27 25 14 15 32 35 34 11 19 28 25 30 28 2 28 28 31 17 13 29 20 23 24 29 21 18 24 32 25 25 34 22 22 27 19 
12 11 33 15 27 27 34 13 27 21 39 20 39 13 25 20 17 49 18 26 21 26 15 20 30 35 20 12 34 32 24 9 27 20 20 33 30 12 28 30 28 24 19 23 34 28 34 8 36 33 28 36 24 30 33 16 19 23 16 19 
24 30 16 9 38 26 44 20 32 20 31 12 24 30 17 13 19 33 22 27 30 29 7 21 22 26 38 19 19 32 15 33 27 19 10 25 28 12 18 21 7 22 30 18 25 40 23 26 19 24 13 27 28 23 28 31 20 22 27 18 
21 30 12 15 29 20 36 20 21 28 31 11 27 22 21 31 31 25 22 28 29 21 30 27 35 22 36 19 18 21 29 30 29 29 30 12 15 28 13 10 28 26 20 21 23 17 14 32 42 33 16 38 42 18 29 28 14 12 23 14 
17 27 26 19 33 24 18 20 12 14 29 13 16 21 20 29 18 13 29 20 38 35 25 37 21 19 33 18 17 26 29 28 31 33 29 30 29 14 9 32 19 13 19 14 28 17 20 33 25 31 16 29 27 17 21 30 17 21 22 15 
20 19 17 12 35 24 40 20 33 15 29 15 13 20 30 31 35 11 16 24 20 37 14 13 7 9 27 8 21 45 40 24 33 19 33 30 18 18 8 22 8 12 10 14 35 21 26 12 28 36 21 15 30 27 24 32 18 17 30 19 
14 46 13 12 23 16 21 15 27 20 34 20 22 29 15 40 19 40 19 35 23 32 19 22 27 33 21 20 18 27 24 23 29 24 35 33 31 23 21 19 30 16 11 19 19 10 16 29 26 24 16 22 22 29 33 25 19 28 31 21 
25 15 12 18 34 17 33 22 20 10 31 22 41 17 17 44 31 9 31 29 36 29 18 15 21 28 35 24 29 40 26 29 36 31 34 43 26 12 13 33 28 27 26 12 25 26 24 33 24 27 23 34 30 31 13 10 15 30 19 24 
25 6 22 13 23 27 33 20 27 19 28 12 31 26 22 30 17 25 27 29 24 37 25 29 28 30 28 27 9 29 37 34 35 35 27 36 28 27 20 20 34 15 16 20 39 23 25 28 28 20 18 38 33 30 27 27 18 12 23 17 
18 30 22 9 31 33 33 19 31 25 28 12 15 26 18 12 28 37 18 23 12 37 29 14 21 27 16 17 21 15 26 27 23 27 32 15 16 20 11 17 38 27 20 8 16 17 24 24 17 46 21 27 28 23 25 30 20 26 32 16 
18 22 12 8 25 33 28 22 30 14 35 15 30 20 27 29 12 44 12 38 45 34 16 28 13 37 18 12 11 27 30 40 19 34 34 43 19 11 26 16 36 21 13 16 30 20 18 30 26 27 20 24 18 20 15 25 17 17 26 16 
25 41 19 18 10 27 19 23 22 10 17 20 27 26 15 21 16 29 30 20 22 9 23 22 24 23 16 14 29 30 38 24 32 19 22 16 13 13 20 22 30 15 6 15 18 28 27 41 15 35 13 26 29 19 25 11 17 29 28 9 
22 30 18 29 23 15 28 15 28 19 17 13 21 28 18 32 29 24 19 26 14 26 19 23 21 14 19 18 21 16 29 20 24 18 42 29 27 15 21 11 23 23 14 17 7 38 24 25 29 23 24 33 31 20 31 31 16 14 28 22 
11 18 21 14 25 21 26 13 27 21 25 17 24 34 5 30 20 49 29 22 24 31 17 25 10 18 34 16 17 25 40 19 23 27 19 36 21 27 31 25 37 37 22 17 15 24 22 35 28 30 26 25 36 15 31 40 16 19 27 17 
26 27 21 9 37 26 32 5 10 14 31 17 41 20 30 35 23 27 21 19 27 24 14 9 21 26 27 26 13 22 36 20 36 26 25 35 19 25 22 22 33 17 17 15 16 24 13 20 23 18 21 25 33 27 32 19 11 32 25 11 
26 30 16 15 31 26 20 24 19 21 16 15 32 29 19 28 22 33 9 15 25 19 21 14 19 44 22 15 20 23 35 32 23 31 33 24 30 18 20 24 33 22 15 10 18 36 25 30 12 28 20 25 24 24 36 23 20 13 33 20 
28 39 28 18 25 28 31 11 20 26 33 20 34 27 7 24 22 14 17 27 21 24 18 25 18 21 38 21 27 27 43 32 25 19 11 36 38 23 13 30 20 20 19 14 20 14 17 24 18 29 27 31 40 23 21 27 11 17 24 19 
25 22 20 14 25 33 22 22 23 16 21 17 25 12 16 36 19 16 23 20 38 17 26 17 29 33 26 13 17 33 34 23 34 30 31 33 31 23 26 19 35 32 18 6 28 29 20 31 26 32 21 23 15 27 29 47 13 26 24 25 
24 20 23 24 23 32 39 17 33 15 23 15 9 33 16 30 23 22 25 30 39 25 13 21 13 12 35 18 13 27 56 37 22 8 22 33 26 21 16 22 25 27 3 19 32 26 21 14 23 15 20 25 10 31 31 24 22 21 20 23 
18 36 23 13 16 25 31 19 20 20 25 18 37 43 20 16 22 37 14 36 24 44 21 23 30 29 30 21 27 28 34 32 29 36 29 27 21 28 20 36 22 17 15 14 29 20 22 26 23 30 27 20 24 15 30 16 11 37 19 15 
23 30 17 17 30 32 43 18 18 8 27 12 38 20 27 31 24 26 15 27 33 34 24 17 21 15 25 28 18 19 49 36 18 35 18 20 17 28 19 34 13 19 24 13 24 28 25 20 26 18 17 25 28 32 30 25 21 23 25 21 
20 18 20 15 22 24 34 14 25 20 26 22 14 21 14 26 19 29 14 27 31 19 16 17 9 15 21 19 21 25 46 23 23 35 14 19 34 16 26 26 23 32 20 20 34 36 24 35 26 37 25 44 31 26 16 25 15 29 13 12 
28 25 11 9 22 18 46 16 20 15 31 5 31 34 16 17 23 35 24 13 23 33 28 19 21 23 29 17 22 34 32 30 14 23 32 32 12 24 18 17 14 40 11 21 23 32 21 14 14 29 22 48 33 23 23 18 9 10 13 19 
13 29 13 11 21 32 17 27 33 27 11 14 33 23 12 29 24 37 17 18 32 28 17 19 14 14 19 11 34 17 35 25 25 30 24 31 22 21 14 30 33 15 23 14 17 28 24 23 19 27 16 34 22 36 16 13 11 17 23 17 
22 25 27 15 33 25 38 20 21 19 23 13 24 19 21 27 17 27 19 21 29 22 19 17 19 34 5 21 27 15 32 25 33 14 37 25 28 26 25 25 28 9 27 16 31 23 23 17 28 26 26 44 29 27 25 22 14 22 25 14 
25 21 19 20 41 42 34 21 25 12 27 16 26 17 23 23 20 38 16 30 33 37 22 13 20 19 17 17 19 26 35 31 24 25 38 20 34 34 18 29 36 17 17 14 16 17 25 31 25 23 15 33 18 23 26 37 12 35 28 23 
28 24 22 11 17 40 21 18 25 22 30 21 22 22 24 24 17 22 18 21 20 26 23 28 22 33 29 8 25 19 34 18 29 12 33 37 14 23 20 19 37 4 13 10 23 23 19 31 44 37 22 20 14 33 28 13 17 31 27 20 
20 27 21 8 39 21 33 12 29 21 28 20 28 26 14 36 8 31 22 21 14 21 26 24 20 25 31 16 24 33 23 31 22 22 34 21 18 27 18 32 39 17 18 19 24 24 19 27 16 25 22 28 24 17 19 12 13 19 33 23 
12 30 25 14 25 34 43 20 22 13 30 10 29 27 16 18 10 30 22 2 28 36 14 12 18 16 39 17 12 37 40 21 23 24 41 22 27 33 29 22 21 34 16 19 16 31 20 17 25 36 20 41 27 15 20 21 17 28 23 24 
28 17 24 9 34 37 24 7 29 22 35 17 15 26 22 28 20 28 16 24 25 17 21 18 19 20 29 21 25 34 20 31 13 33 17 29 12 17 25 21 24 29 14 16 42 24 24 29 19 38 16 32 27 20 25 17 14 25 28 24 
17 34 30 16 39 28 36 23 16 20 16 11 28 29 19 42 21 18 16 38 14 19 19 21 10 19 30 11 26 48 24 25 28 30 30 36 24 26 19 25 44 20 19 23 36 29 20 14 27 23 22 28 29 21 30 31 17 27 12 21 
18 33 19 9 30 35 23 14 25 29 25 15 28 14 14 39 21 44 18 34 29 26 23 17 15 19 4 17 24 27 41 26 33 31 23 23 29 24 24 20 18 22 21 15 33 22 31 27 21 30 15 33 19 21 27 12 25 20 14 18 
25 43 25 15 30 21 25 16 22 18 30 11 31 28 23 48 26 26 16 17 29 27 14 24 28 19 32 28 26 33 26 25 21 28 34 34 23 18 23 16 30 23 13 15 15 23 21 23 16 25 18 27 21 36 44 37 14 34 17 30 
34 28 23 12 37 26 37 19 20 17 25 16 38 16 18 31 29 29 22 32 37 28 26 23 26 13 33 20 29 9 26 23 31 37 26 39 23 6 25 23 39 14 21 19 29 30 10 19 28 20 17 20 37 26 27 35 12 25 28 15 
38 32 20 18 44 12 23 21 18 23 20 17 27 17 23 29 29 18 27 22 27 43 26 17 22 22 16 18 14 34 45 29 32 23 29 21 25 27 16 8 55 36 17 24 23 15 23 14 26 33 15 32 16 16 29 19 10 23 24 14 
40 30 11 16 47 27 32 14 16 19 34 17 40 24 20 28 24 28 14 21 34 42 10 16 27 34 20 14 25 29 43 27 15 16 13 33 25 32 25 26 31 23 18 11 22 27 25 7 29 24 17 26 35 20 23 25 17 11 30 15 
30 15 15 12 17 22 25 21 21 5 22 23 26 24 18 27 17 43 21 30 36 33 17 17 21 12 34 17 31 26 28 31 29 19 38 24 11 26 28 15 31 20 19 21 26 28 17 28 32 25 26 33 21 11 17 28 11 16 20 22 
19 35 24 9 39 43 30 18 27 10 18 12 28 31 22 29 14 37 27 38 11 39 30 18 14 14 10 16 31 28 20 20 21 28 36 32 24 21 25 21 35 18 11 22 24 27 26 25 25 32 20 41 24 15 21 30 15 25 27 7 
18 35 15 15 30 11 26 14 26 21 23 17 33 19 20 25 16 28 17 15 27 21 24 7 20 34 22 14 30 38 34 30 19 26 24 24 29 13 19 21 38 22 15 20 28 15 16 27 12 28 25 41 19 28 30 25 9 32 31 27 
20 19 32 12 32 23 30 13 14 12 32 17 35 24 20 23 11 31 18 19 24 23 27 18 32 43 29 14 20 26 10 35 26 26 45 29 16 16 18 21 35 13 18 16 27 27 30 28 25 30 24 42 25 19 38 23 18 23 28 13 
39 23 15 16 41 24 42 20 28 22 32 13 18 24 22 29 25 25 28 34 20 26 26 21 29 18 33 10 15 43 24 12 16 24 28 26 23 32 8 23 50 17 10 12 28 30 12 24 18 40 16 33 26 16 23 27 17 25 21 23 
15 27 24 13 20 27 23 27 21 27 38 21 45 18 37 15 25 20 27 28 24 21 26 25 30 31 20 16 19 24 20 36 31 15 23 42 28 22 7 22 26 34 17 9 23 18 21 26 33 26 18 9 30 14 23 27 11 21 29 14 
37 21 17 17 30 24 39 11 17 15 24 22 26 16 15 24 26 35 26 32 23 38 13 26 8 27 22 20 10 15 23 20 23 23 32 20 30 32 20 17 33 36 12 20 30 22 20 24 27 30 19 42 25 13 36 34 12 24 19 20 
20 24 15 12 29 34 46 19 21 15 25 17 23 23 31 29 14 43 13 19 27 34 22 19 34 32 26 18 18 34 40 33 28 22 26 19 24 22 18 31 34 19 18 8 29 22 7 28 29 30 27 38 39 20 17 14 20 31 31 16 
29 40 17 7 40 30 37 16 28 11 24 16 20 51 17 29 26 24 22 27 20 22 25 21 20 21 26 19 22 29 42 16 9 25 28 25 21 26 16 15 40 18 13 17 32 24 32 10 37 31 32 39 31 24 39 16 24 12 23 24 
26 28 13 11 40 19 44 15 18 15 34 20 38 19 15 32 18 28 23 34 26 35 19 35 36 35 16 21 17 28 20 22 31 34 24 27 33 17 21 22 26 14 20 15 24 22 17 2 29 28 15 20 17 18 34 26 14 34 26 15 
24 32 23 17 27 29 23 21 15 23 14 14 42 19 7 21 25 23 1 20 40 18 28 21 25 26 22 26 23 25 40 25 19 25 28 32 29 22 35 11 24 19 12 15 16 37 35 24 28 36 28 36 16 18 35 24 20 29 19 12 
27 13 29 12 29 30 30 8 19 23 36 22 37 25 23 37 8 41 16 26 16 30 14 21 22 23 22 24 18 17 29 26 27 26 31 30 30 18 14 22 31 29 5 20 25 30 24 28 21 25 20 40 28 12 33 26 11 28 30 14 
35 39 26 14 25 20 39 15 25 20 29 20 17 40 30 24 17 46 26 29 17 24 25 22 24 25 34 15 19 34 45 17 25 21 21 36 14 27 25 28 35 35 26 14 29 29 20 23 30 29 19 33 30 11 33 40 16 35 20 11 
21 42 21 19 21 28 34 20 17 21 29 18 36 24 24 24 15 26 17 23 23 23 23 24 28 32 9 22 14 38 14 24 22 12 35 20 24 19 10 21 35 14 7 23 29 28 22 6 15 22 14 36 40 25 30 18 26 11 22 14 
25 37 13 21 25 24 29 24 21 18 28 19 38 27 13 21 19 30 29 36 27 27 19 27 24 36 28 23 29 24 38 32 24 19 41 25 9 18 21 18 18 13 13 13 28 16 25 13 11 32 18 37 23 17 54 24 19 20 40 28 
21 35 33 24 19 31 32 10 26 13 19 19 18 29 11 19 10 14 24 20 25 37 20 19 20 18 47 15 23 39 25 19 20 30 37 33 10 21 21 31 23 24 21 10 20 37 20 7 28 24 20 27 36 29 23 49 24 22 23 27 
13 27 27 6 51 38 21 22 27 19 29 11 35 27 25 20 25 32 22 28 26 20 19 19 24 34 22 20 20 33 38 29 25 27 37 26 21 17 18 26 11 23 28 17 37 37 23 26 25 36 28 27 18 24 23 33 20 19 18 16 
30 23 20 16 35 19 10 23 23 17 16 13 31 25 25 29 19 31 14 19 31 28 22 20 20 18 35 20 22 52 25 41 25 29 23 32 8 21 26 26 30 21 14 12 28 23 26 19 27 35 23 31 38 22 21 28 15 31 20 27 
29 32 8 19 32 26 21 17 24 13 18 16 24 26 13 25 19 32 28 36 42 15 28 30 17 33 22 15 10 26 26 23 22 31 20 23 10 24 18 30 24 17 19 14 22 27 12 25 21 25 20 35 28 20 44 28 13 20 33 17 
20 29 20 13 20 21 23 13 27 20 28 21 31 25 20 21 28 27 24 29 8 16 9 13 8 18 32 13 15 34 33 32 34 13 21 15 24 22 20 14 41 19 17 24 31 31 25 36 22 22 19 22 22 21 29 27 15 23 23 20 
14 30 22 13 30 38 26 10 21 14 17 17 34 24 20 31 16 36 18 13 31 27 17 16 28 30 19 15 23 31 26 7 36 14 28 42 30 28 16 17 37 10 10 16 31 23 19 18 22 26 26 27 28 28 32 30 14 20 24 19 
17 37 15 22 36 42 34 21 26 15 21 12 39 23 13 26 20 32 18 22 19 23 18 15 31 25 23 20 26 31 30 26 27 36 35 22 22 28 24 16 15 14 14 17 26 23 24 25 26 36 19 32 31 21 20 24 16 31 20 23 
29 18 19 13 25 29 31 17 23 11 21 21 34 19 14 38 25 26 30 27 23 16 13 3 23 25 31 16 27 26 25 22 25 31 12 25 23 26 13 21 36 21 12 17 14 30 21 30 12 44 26 9 23 22 32 19 11 20 26 19 
24 28 28 8 20 26 23 20 21 14 28 24 27 19 14 32 22 28 24 41 28 26 24 25 20 35 13 21 31 13 33 21 29 33 21 38 27 16 20 22 30 19 4 17 22 23 22 19 26 23 29 19 20 22 22 10 11 25 24 14 
32 39 15 9 35 41 21 17 18 18 26 8 25 28 19 37 12 20 37 34 28 35 28 15 24 32 23 20 29 21 31 32 23 27 38 29 28 18 20 30 40 26 12 15 14 20 14 22 27 31 20 27 16 28 23 24 19 16 30 25 
22 37 25 12 29 23 45 16 29 14 21 16 34 21 24 36 16 30 27 25 32 18 21 27 18 19 36 10 25 16 26 31 24 21 23 33 19 20 15 28 19 19 27 10 31 13 28 21 38 26 17 42 36 26 25 30 16 15 20 13 
33 31 11 7 40 18 29 11 17 14 19 8 7 21 13 40 21 33 30 29 22 30 13 30 16 44 15 15 29 21 33 32 17 30 18 19 22 16 22 27 29 20 19 18 25 20 23 31 9 26 9 44 30 39 33 20 16 25 22 18 
33 26 13 14 15 24 24 20 26 11 28 24 40 24 20 20 21 22 14 26 31 37 27 24 23 37 17 21 28 28 24 32 16 24 45 39 8 35 25 23 26 22 12 20 34 31 21 28 30 10 21 42 21 32 35 18 21 16 21 23 
21 27 28 19 19 26 16 22 22 20 23 15 23 12 24 29 9 29 21 27 20 26 17 10 14 27 23 20 17 25 31 27 19 29 22 26 24 21 18 26 29 31 13 16 16 29 22 13 25 37 22 26 20 27 16 4 15 14 19 12 
32 25 28 16 9 35 30 15 16 18 24 19 26 14 17 37 18 14 24 23 32 18 29 26 18 27 20 24 21 25 27 27 31 34 23 29 28 35 20 15 35 35 21 11 24 18 23 23 20 12 12 22 24 26 27 30 15 28 16 21 
23 31 25 14 24 29 18 19 16 13 25 10 45 17 19 39 22 40 22 27 32 29 15 4 25 31 29 20 25 22 43 34 10 38 24 30 32 22 20 41 30 27 17 18 20 39 30 19 17 26 18 26 16 19 24 22 14 20 15 18 
27 33 13 14 20 35 33 18 20 23 27 11 28 28 19 35 20 30 11 31 28 10 29 9 19 24 25 16 35 36 20 33 24 34 32 23 22 33 24 20 33 25 15 13 30 28 16 25 10 41 25 38 37 21 35 25 12 31 23 19 
15 46 14 17 32 37 34 23 20 17 24 19 27 16 17 31 21 26 17 31 33 22 22 14 26 27 27 9 15 13 22 29 29 28 34 30 21 18 15 31 23 26 14 25 32 24 12 31 17 29 24 47 18 16 36 25 14 17 28 13 
17 29 24 16 18 36 26 18 37 13 30 15 31 22 15 26 16 30 12 14 31 42 18 19 39 44 25 17 33 16 32 27 21 27 7 11 25 31 9 15 24 23 9 18 32 21 25 20 23 35 17 39 19 16 26 22 20 17 27 14 
21 34 19 18 30 34 28 17 13 16 21 18 28 29 17 26 14 21 28 12 20 28 30 26 21 31 23 18 21 41 23 44 35 30 26 29 19 24 26 28 27 21 18 13 24 26 12 14 26 15 10 26 30 16 43 11 19 18 17 13 
21 31 16 15 36 23 39 12 26 8 21 18 22 24 18 31 28 27 21 25 27 19 16 23 28 33 16 28 12 38 27 8 25 20 31 33 33 17 23 32 30 14 9 13 31 24 17 22 12 37 25 31 28 24 21 34 12 15 23 16 
37 21 21 24 15 45 29 23 15 17 28 18 21 22 23 32 28 43 21 14 32 35 25 30 19 25 25 9 26 11 19 35 23 25 27 29 20 21 27 25 35 31 22 14 36 40 9 12 22 34 22 29 25 17 39 22 14 30 21 7 
31 28 27 10 23 35 25 9 25 14 21 18 24 25 16 22 13 45 25 35 29 20 14 31 25 27 24 12 29 26 50 32 24 29 23 36 26 16 24 28 28 35 18 18 27 28 32 18 27 28 17 41 25 11 33 22 17 23 30 21 
25 18 16 16 46 18 28 5 24 19 28 18 19 30 12 20 18 24 16 26 27 37 30 18 18 30 23 13 26 31 25 29 21 38 32 42 28 11 32 20 28 9 11 21 17 22 12 46 20 51 24 28 26 22 32 32 16 26 28 25 
31 24 15 15 31 21 23 18 34 10 37 20 35 33 23 32 13 30 23 23 30 37 29 11 24 30 25 22 23 25 45 24 19 32 38 27 36 23 21 11 29 20 11 18 24 29 22 26 26 18 25 28 26 25 32 15 21 16 23 20 
21 24 13 21 39 41 12 7 20 21 21 23 38 24 18 38 13 40 19 32 14 15 16 24 25 27 31 26 36 23 35 24 32 35 26 27 31 20 21 24 32 24 16 17 24 19 18 6 30 22 16 30 14 19 20 29 18 20 20 22 
8 29 20 23 27 40 28 21 21 30 27 17 22 31 26 35 27 2 13 24 27 32 25 18 25 15 27 19 25 25 42 30 20 34 20 20 26 25 25 28 35 23 26 12 25 26 23 27 25 29 14 23 15 10 18 23 5 20 24 17 
11 26 25 9 37 22 33 16 25 17 33 19 29 31 21 26 18 34 18 21 35 33 15 15 24 26 36 24 20 25 25 22 28 31 29 41 22 13 24 19 27 19 19 12 34 22 23 20 26 26 19 25 26 23 11 25 16 33 10 19 
40 31 13 20 36 19 19 26 28 20 27 9 26 12 24 35 17 35 28 19 25 29 18 22 25 32 19 11 31 37 24 19 37 23 12 21 20 12 26 18 40 27 12 18 25 15 27 9 27 13 10 26 28 19 23 21 14 27 30 16 
29 31 24 13 34 34 31 19 27 17 22 20 23 27 22 18 6 31 12 17 28 17 23 8 33 30 27 19 20 33 26 35 30 27 21 34 23 24 26 35 35 34 16 15 25 29 20 25 32 33 21 12 36 14 35 24 11 23 30 7 
23 23 14 17 39 9 29 14 28 12 16 15 32 32 17 29 27 42 21 9 31 33 9 24 29 30 25 25 21 27 22 41 24 27 27 19 16 34 22 35 33 26 8 10 21 20 27 16 33 39 16 24 28 7 30 39 16 15 38 24 
33 29 17 16 30 22 18 18 23 17 31 19 41 29 19 31 20 25 11 23 25 18 19 21 23 36 29 31 25 27 21 19 23 26 16 14 23 13 15 39 17 17 15 11 20 33 31 33 22 35 20 25 31 10 24 22 19 18 28 13 
24 35 21 10 32 30 16 20 18 18 36 9 26 34 20 40 15 22 13 32 19 36 22 29 31 18 24 15 15 41 42 36 21 17 30 31 25 11 23 20 28 32 23 12 33 26 18 40 8 31 18 18 20 31 19 14 11 23 20 22 
25 25 28 14 35 33 30 19 26 23 24 12 28 17 33 29 29 18 29 36 37 20 19 26 17 30 20 22 28 29 31 25 39 27 42 19 26 28 20 21 25 16 15 9 14 18 19 27 21 37 23 20 19 21 25 32 19 12 19 7 
14 24 18 14 19 38 28 16 18 18 28 22 33 23 16 28 8 19 24 18 36 40 21 13 34 28 17 19 29 16 24 15 34 22 19 30 24 26 12 24 35 24 19 11 22 21 22 27 28 20 19 34 29 14 49 18 18 39 19 11 
26 29 25 19 22 33 25 18 22 8 23 21 12 21 19 36 15 21 17 21 17 34 27 30 24 23 24 26 17 27 18 45 34 26 26 23 24 23 12 20 40 19 20 16 22 24 18 27 25 24 13 32 31 24 28 4 12 28 26 16 
25 19 20 9 39 44 31 17 12 15 44 24 32 26 16 23 17 21 10 16 22 26 22 25 26 29 8 15 19 22 22 21 22 22 24 19 30 21 13 19 28 22 18 19 29 30 24 12 20 33 15 31 17 24 37 21 13 16 19 23 
20 13 19 15 11 37 16 25 20 14 28 19 26 19 14 36 27 29 21 24 28 28 22 33 23 41 27 18 25 41 23 37 18 23 19 34 28 31 19 15 27 21 27 14 42 27 23 23 21 23 24 28 24 20 36 21 11 23 32 22 
32 36 26 19 36 44 24 18 23 15 17 23 38 31 15 33 18 23 20 6 27 27 16 29 23 21 12 16 9 50 17 29 24 28 22 20 34 18 15 30 37 21 15 20 18 25 23 11 28 24 12 28 21 23 25 21 22 20 21 23 
17 42 18 10 16 38 36 21 19 16 28 10 31 31 21 37 20 30 19 30 34 22 20 20 23 26 21 23 19 32 38 19 27 27 19 24 30 27 25 34 30 35 22 14 29 28 20 28 25 20 16 28 19 16 31 15 14 9 24 6 
19 27 15 16 34 36 21 15 30 15 46 18 41 21 26 21 14 31 20 27 24 19 29 25 22 19 22 20 22 25 19 34 31 22 28 26 28 28 19 22 21 39 17 25 19 14 21 7 13 25 23 26 13 18 36 24 14 31 20 18 
36 32 20 20 25 20 17 20 22 19 30 15 47 26 11 7 21 35 28 24 31 20 17 22 25 36 28 12 25 30 31 35 27 27 25 33 7 13 14 26 40 18 23 16 12 30 18 22 26 25 18 11 22 26 26 26 10 33 21 15 
43 27 27 20 17 26 25 14 17 15 29 21 29 29 23 30 20 33 22 25 31 20 16 27 22 32 22 16 22 35 24 28 23 28 28 30 38 21 23 21 39 36 15 16 24 24 29 26 10 36 14 19 34 20 24 22 21 21 34 24 
26 33 19 12 22 25 38 18 21 21 23 9 33 23 21 49 26 32 15 38 27 26 14 25 32 29 24 12 26 35 38 26 14 37 51 34 20 13 20 20 32 30 16 18 20 32 17 22 18 21 15 32 14 24 39 30 11 14 17 15 
29 19 22 15 30 29 25 12 17 16 29 15 36 41 24 31 25 35 15 24 18 21 18 15 24 24 16 24 24 40 19 25 27 34 30 34 18 22 23 34 30 24 19 12 13 28 21 29 31 35 29 45 25 25 30 38 18 22 23 20 
26 43 21 11 31 23 23 13 20 10 11 15 33 24 22 38 12 41 22 27 35 34 18 28 19 26 28 24 17 33 33 31 25 22 15 27 22 22 21 27 30 32 17 6 19 29 19 27 28 23 20 19 24 22 20 28 23 26 27 14 
30 15 26 20 14 29 22 18 14 16 33 12 7 22 14 41 24 18 20 14 22 42 27 15 26 29 12 13 24 18 39 36 27 28 31 34 26 27 7 25 24 30 16 19 33 13 23 34 30 26 20 32 36 26 31 30 18 28 19 19 
13 29 19 7 32 27 28 14 27 25 38 18 26 13 22 34 27 43 23 29 36 16 12 18 16 24 18 19 30 27 23 22 27 16 33 36 20 21 21 18 21 31 17 20 15 38 18 22 25 26 16 34 28 23 32 44 18 31 20 29 
30 28 19 16 32 28 39 11 25 11 25 18 25 22 18 25 19 25 20 22 23 35 21 17 21 19 25 12 31 36 29 29 26 25 27 28 31 19 21 17 5 33 11 23 46 40 21 22 30 22 11 22 30 23 28 22 17 25 27 11 
30 44 16 7 25 24 24 11 23 11 22 15 33 21 16 15 22 29 27 22 28 27 28 20 17 20 35 20 30 27 32 26 23 26 17 24 25 30 20 25 45 32 12 18 25 24 18 25 32 28 23 28 40 24 20 20 15 29 21 18 
11 28 27 15 27 22 27 19 17 22 29 13 8 26 18 37 16 44 20 25 28 25 17 27 28 30 30 13 13 26 24 32 23 38 28 29 27 22 16 23 24 31 21 17 19 24 21 13 33 32 26 14 28 28 33 27 17 36 18 27 
33 24 19 13 22 28 42 31 16 9 26 14 38 28 18 29 17 26 21 11 20 28 20 16 29 24 22 19 20 29 45 34 26 20 24 43 21 17 24 25 39 35 16 18 27 35 20 22 19 28 18 22 26 17 31 25 15 16 26 17 
33 16 27 19 39 31 32 23 24 10 27 14 22 26 12 15 13 31 22 24 33 28 23 15 24 31 41 20 21 38 37 38 39 26 39 29 27 28 24 19 43 21 25 12 39 21 19 22 20 37 12 24 36 26 17 30 14 19 25 13 
19 35 20 16 32 29 28 18 25 11 35 22 18 18 20 36 21 33 14 23 32 28 20 25 21 33 30 14 31 28 38 25 33 30 36 21 18 21 14 23 30 33 11 20 32 23 24 12 19 27 21 31 25 23 26 26 21 29 21 20 
21 27 26 17 27 19 3 12 22 27 22 17 19 28 19 26 21 22 25 15 14 36 21 22 22 17 19 25 25 29 26 32 20 20 21 18 29 21 17 15 22 22 21 9 14 34 24 11 13 23 17 30 16 22 47 22 13 28 18 25 
16 22 29 19 36 28 37 19 15 10 32 18 25 21 17 27 18 23 23 12 31 10 14 22 18 39 31 19 19 34 41 23 26 28 26 15 24 12 18 17 43 16 15 12 26 41 30 3 24 29 23 44 19 15 31 28 19 19 38 17 
12 47 16 19 23 25 26 19 24 22 31 17 22 34 18 40 19 44 19 10 37 27 12 11 28 28 22 14 29 15 47 16 21 29 16 15 31 19 19 16 30 29 22 12 31 20 28 22 31 36 24 33 21 26 31 14 13 8 27 12 
8 15 20 21 39 24 27 22 16 20 22 11 36 26 23 32 23 21 26 31 24 32 22 24 28 39 12 17 17 27 34 10 15 31 21 17 32 31 22 20 28 6 17 23 22 14 16 31 29 19 26 22 34 24 28 20 16 18 30 18 
17 26 28 17 23 14 29 16 20 19 19 11 23 22 19 35 21 31 10 33 31 33 27 20 18 28 35 12 22 26 21 25 25 26 19 33 32 19 22 26 28 20 23 24 21 15 26 22 35 46 26 37 8 13 41 47 17 14 28 11 
2 22 25 13 27 31 41 25 24 18 31 16 10 21 23 23 25 35 25 20 34 22 30 29 21 16 36 16 16 39 21 27 31 28 38 24 25 22 24 28 31 22 11 7 25 26 27 31 27 39 11 35 25 29 30 31 20 24 25 20 
27 36 20 9 21 24 24 17 36 25 30 26 37 35 13 31 27 12 24 26 20 25 15 13 22 21 30 14 23 19 28 21 27 20 14 21 21 20 10 24 25 23 20 20 32 23 26 10 23 32 24 18 15 27 28 22 15 14 16 24 
16 31 26 14 42 18 15 12 22 10 39 15 6 20 13 15 18 29 13 34 22 23 23 22 23 31 23 20 11 33 24 36 34 29 31 25 10 22 19 24 28 22 16 17 30 22 17 30 16 36 16 25 35 24 28 32 19 30 36 9 
23 27 21 19 42 24 14 13 28 20 22 18 29 23 21 22 19 37 19 18 35 22 34 16 37 24 18 20 30 39 33 11 23 25 29 40 13 30 26 20 11 26 14 11 31 23 23 28 14 41 12 27 32 18 23 22 17 36 18 15 
25 20 16 16 37 10 31 24 26 21 31 16 34 23 22 26 17 27 13 24 18 28 22 20 19 17 17 21 15 23 16 32 24 28 36 11 22 19 29 24 35 23 17 8 24 27 20 27 31 28 25 32 15 23 18 26 20 35 20 16 
30 19 24 16 41 25 24 23 4 13 11 12 18 17 25 30 24 31 21 33 20 34 24 22 19 26 33 22 22 33 25 38 30 24 14 20 18 21 21 7 33 28 13 18 13 18 17 29 17 29 13 32 11 23 30 37 19 27 24 15 
28 26 12 14 31 31 40 18 18 15 35 22 26 17 23 37 24 17 18 25 23 29 16 29 10 27 26 13 23 28 29 35 19 31 28 31 23 24 11 26 17 17 14 15 26 23 28 34 24 32 23 32 27 28 25 24 20 23 21 23 
26 24 19 14 25 18 46 8 22 14 23 15 24 28 17 38 13 20 18 22 34 20 23 11 10 26 31 12 18 29 21 23 27 34 35 30 28 20 29 22 29 20 21 25 34 29 16 32 27 21 21 21 22 26 26 22 6 22 30 21 
25 25 22 13 34 41 32 12 13 22 25 17 32 24 19 18 21 20 30 17 33 29 21 31 17 38 27 13 21 23 39 28 19 27 25 29 24 16 22 19 27 16 9 19 40 20 21 31 33 16 18 25 19 28 29 21 17 19 33 9 
11 23 18 15 10 30 41 24 31 11 27 9 28 12 13 30 21 36 28 20 23 39 14 20 19 19 28 21 20 32 41 36 15 13 18 28 14 27 24 13 27 28 19 20 19 21 13 31 36 37 14 21 40 20 31 18 16 13 34 16 
20 39 14 9 36 30 32 14 15 8 19 15 21 24 20 33 16 33 17 35 28 24 16 28 18 18 30 18 27 27 20 10 31 27 27 32 20 29 23 18 25 27 15 23 25 17 31 11 15 27 18 25 41 17 29 30 21 29 20 8 
26 27 28 19 32 16 21 24 21 25 25 16 21 24 16 32 18 29 15 30 23 28 29 24 23 46 22 20 30 28 21 42 23 27 38 35 26 17 20 25 42 18 20 8 12 30 22 24 27 31 19 43 21 20 25 30 15 22 23 23 
21 35 20 21 29 28 30 20 21 8 31 14 14 36 17 31 28 35 17 36 24 38 12 12 18 35 19 15 15 31 25 17 29 35 17 17 22 25 14 15 23 9 17 12 27 31 16 15 22 33 15 36 20 25 41 31 7 43 18 11 
28 28 14 13 32 38 18 17 21 17 28 15 22 28 26 26 18 32 25 8 29 21 19 11 24 17 22 18 20 27 34 23 18 34 36 15 16 11 25 26 35 33 19 18 34 30 15 15 29 16 21 22 33 27 22 44 17 32 27 22 
17 34 10 23 23 9 17 20 24 4 25 13 16 31 22 33 23 27 16 29 34 25 29 28 23 29 25 24 15 15 29 46 41 30 31 26 14 16 12 25 43 21 14 15 14 20 21 28 30 33 20 19 25 34 22 22 10 21 28 16 
28 16 23 18 25 30 16 10 19 17 27 14 32 23 26 29 24 41 22 21 25 27 18 21 22 26 29 20 18 30 12 26 32 31 27 39 37 16 17 23 17 25 10 13 21 22 20 25 23 33 20 29 20 19 25 18 12 28 40 8 
20 44 11 18 22 32 36 21 24 15 16 17 28 31 23 24 17 37 26 35 32 22 23 12 35 29 30 22 24 43 34 34 19 23 32 27 22 24 21 28 15 25 12 15 18 16 27 22 29 27 24 26 30 19 30 24 9 26 16 21 
17 31 29 16 41 33 34 20 25 21 37 14 27 24 21 31 21 27 23 30 35 30 17 17 14 24 38 20 16 32 30 35 32 22 40 27 33 21 16 20 22 17 19 18 33 24 22 24 13 22 20 32 37 17 21 34 17 21 33 13 
21 24 19 15 34 33 26 17 27 23 16 12 20 28 19 27 13 29 19 24 26 13 23 29 22 23 27 16 16 39 25 40 29 23 31 25 28 16 14 15 19 19 18 13 22 27 24 30 26 39 18 44 14 20 31 25 19 25 8 24 
17 16 18 11 19 35 24 18 29 22 21 17 24 28 19 34 11 41 24 32 21 10 14 31 27 13 19 13 23 19 25 32 33 25 29 18 19 24 17 23 22 38 12 12 30 28 24 26 22 9 28 26 31 23 14 39 16 31 23 20 
17 41 10 12 14 24 37 21 18 11 26 17 23 35 16 31 22 32 31 26 20 27 24 18 19 10 17 20 20 25 31 25 33 32 33 32 22 24 20 20 20 29 17 13 30 32 29 31 28 24 9 23 14 10 25 30 17 17 27 25 
17 6 20 11 21 29 44 20 27 12 28 14 16 27 21 25 12 20 19 27 27 17 20 28 31 24 36 20 31 28 39 26 31 34 20 34 28 19 24 30 29 15 23 22 20 39 23 18 16 33 23 20 22 17 27 35 20 37 31 23 
22 18 28 18 32 28 23 13 21 17 18 10 29 22 7 28 6 18 18 18 26 21 26 21 18 18 25 18 23 25 45 21 28 25 28 24 22 23 18 15 30 27 18 13 26 32 22 8 35 33 17 22 24 20 21 16 12 21 17 5 
37 32 26 9 33 31 34 16 13 9 23 12 36 31 19 30 26 33 18 28 15 30 17 25 33 34 32 12 17 13 39 24 26 25 31 29 21 23 25 18 30 30 20 19 29 25 24 30 23 15 22 32 22 12 34 15 14 25 34 22 
22 26 23 14 19 24 41 23 20 21 29 18 28 37 24 27 17 31 20 14 33 16 14 28 20 24 25 17 27 39 29 18 19 25 28 26 16 16 15 13 34 33 17 23 18 15 23 24 32 29 19 23 25 28 35 25 21 21 20 18 
14 30 20 23 44 37 51 8 27 20 28 13 30 17 17 19 25 33 22 18 19 21 21 15 26 34 25 17 35 22 44 29 19 32 30 28 29 20 19 8 25 17 8 15 17 21 13 40 31 38 15 28 23 29 39 38 12 15 33 19 
22 21 17 22 18 34 39 12 18 19 32 14 34 22 20 34 40 32 22 29 23 29 27 20 23 28 25 23 27 30 20 33 25 37 39 34 28 16 25 16 42 27 6 19 19 34 25 22 23 44 20 35 15 18 39 27 21 27 29 22 
24 19 15 12 30 26 25 25 20 20 32 16 24 26 8 44 17 47 19 29 21 16 10 20 16 41 28 13 18 23 38 39 31 21 31 7 35 3 27 24 38 29 15 15 17 24 24 29 31 39 18 37 21 19 33 32 15 26 30 9 
24 26 17 20 29 32 19 9 7 18 24 15 40 28 21 34 27 17 23 20 30 29 24 19 22 40 21 16 15 22 25 40 25 16 33 26 33 20 22 24 38 23 21 16 25 21 7 20 24 41 30 17 29 16 27 27 13 39 22 17 
39 23 14 14 20 23 37 14 18 20 32 14 21 35 11 33 21 33 18 30 27 29 31 22 23 18 26 14 23 24 28 30 22 35 20 21 17 17 20 19 16 18 13 16 15 33 24 35 26 27 20 41 19 21 39 31 17 31 21 19 
14 26 18 21 15 38 33 20 12 20 22 10 32 32 17 18 20 12 16 18 34 27 23 26 21 21 36 14 10 19 35 21 27 32 17 14 18 29 18 21 45 16 22 18 28 18 22 25 21 22 18 32 35 19 19 23 11 29 36 18 
28 34 26 20 40 18 29 3 22 15 36 19 35 28 19 24 16 34 23 28 33 21 31 22 24 27 21 27 30 28 41 43 24 18 26 28 15 25 25 18 35 6 6 17 15 39 22 34 28 31 16 25 26 27 20 19 20 27 19 25 
18 21 31 12 23 16 23 23 16 25 27 10 20 25 22 32 8 23 26 16 32 25 28 7 18 17 25 17 20 30 13 26 35 20 44 27 18 23 22 23 34 26 9 11 18 16 19 25 22 27 18 23 24 14 43 16 11 27 24 26 
25 31 13 14 19 34 26 7 27 20 35 14 27 24 20 20 27 42 24 20 29 25 17 21 25 22 28 18 18 30 34 21 28 39 36 33 31 20 25 17 34 21 17 13 27 25 12 33 24 31 19 27 20 29 38 37 13 21 13 13 
37 22 18 11 36 31 17 20 9 22 26 21 35 27 15 23 23 34 23 27 23 12 27 31 16 37 27 13 25 22 21 41 22 29 20 38 23 14 21 21 34 37 20 11 30 20 31 21 16 18 16 22 13 22 27 33 20 20 18 21 
19 17 22 18 38 25 43 2 25 12 21 17 38 28 20 25 30 38 21 23 24 28 26 25 20 31 27 24 35 34 37 31 31 26 23 47 22 13 16 27 35 24 25 17 30 13 19 22 42 29 24 23 21 20 26 14 14 23 22 16 
16 25 16 13 27 18 41 14 24 12 28 13 18 23 23 40 24 49 19 23 32 17 14 10 25 44 30 22 29 34 28 25 24 27 40 33 26 18 17 21 16 12 19 18 27 11 30 29 14 41 25 39 15 28 16 37 17 23 22 19 
26 37 24 16 22 10 35 10 25 21 21 17 31 35 16 33 26 36 21 29 35 30 24 22 13 13 28 18 27 33 8 32 26 31 31 32 26 28 15 16 33 27 10 21 27 37 13 24 21 23 28 26 18 29 15 25 15 20 41 16 
31 27 16 19 29 33 26 18 20 11 24 16 32 23 19 33 26 49 29 31 36 28 18 23 24 42 15 29 31 10 37 19 24 33 23 23 29 18 30 18 21 19 15 13 21 15 21 20 33 25 20 19 36 24 31 33 15 39 30 19 
22 38 16 15 31 18 33 19 30 21 39 12 31 47 21 36 24 35 31 24 30 23 27 17 30 11 31 19 29 23 26 30 24 14 22 16 28 24 25 19 19 30 17 22 21 17 34 16 33 21 21 42 33 18 26 30 11 29 23 18 
22 40 10 16 20 27 38 14 15 15 24 18 17 18 18 38 14 41 25 19 38 20 20 8 22 46 20 25 18 41 28 21 22 27 31 32 28 19 27 17 37 37 20 15 13 27 21 20 21 15 15 33 30 15 26 23 19 16 15 13 
22 29 22 13 23 17 28 13 32 17 25 7 18 32 15 22 14 26 17 21 35 24 32 25 15 20 24 23 20 25 29 15 21 40 26 21 24 17 11 23 21 33 14 15 23 20 10 36 38 47 23 13 22 30 27 28 19 5 24 22 
26 19 19 18 35 26 38 23 18 16 20 21 40 25 19 35 13 20 17 27 25 29 30 28 13 17 3 21 16 30 19 42 21 28 22 18 22 20 22 20 38 22 16 13 31 21 18 27 21 27 19 24 30 22 30 28 6 31 36 17 
32 18 25 12 38 28 22 21 24 19 25 20 41 32 20 32 24 36 15 37 29 23 17 18 18 19 21 18 25 36 24 35 23 22 22 36 28 15 12 20 34 27 16 21 31 35 21 22 24 32 23 32 12 11 24 29 11 23 22 21 
26 21 18 17 45 13 39 18 23 24 38 18 20 31 23 29 18 41 13 20 29 13 20 24 21 33 20 13 19 32 20 16 24 14 21 23 41 16 16 25 44 22 21 14 32 31 25 29 29 35 14 37 33 17 36 23 20 28 16 17 
20 26 33 15 37 27 32 21 18 20 27 14 25 31 20 35 13 43 15 35 9 41 19 26 31 35 30 14 17 18 29 19 34 24 22 38 16 27 19 27 30 23 16 18 21 26 33 29 23 38 15 31 17 15 20 27 20 24 19 18 
23 28 23 15 36 23 28 18 30 26 31 17 27 29 20 25 17 52 9 24 19 12 28 23 23 20 23 29 19 20 25 19 14 17 30 29 16 24 29 22 30 32 18 8 16 37 19 23 27 30 12 21 28 11 27 31 13 24 34 18 
33 25 13 20 26 36 43 10 23 14 27 20 24 27 11 16 23 41 25 34 31 32 6 12 20 32 32 19 20 15 8 23 20 22 28 32 24 25 25 15 30 21 13 20 20 33 25 35 18 29 20 29 33 26 22 26 23 21 42 19 
16 25 25 15 31 32 29 22 20 16 27 17 29 32 20 40 9 48 24 19 11 23 25 27 27 34 30 9 20 27 40 27 27 35 31 24 10 18 34 29 23 33 20 16 21 14 19 22 22 33 16 30 26 25 28 25 15 32 29 19 
27 32 24 13 42 35 39 18 16 8 24 16 21 19 14 29 15 21 22 23 21 8 22 22 13 29 24 7 27 32 24 24 19 15 34 26 22 10 15 29 24 19 14 23 23 29 17 30 19 34 22 20 31 30 32 11 13 31 28 4 
27 24 10 17 19 36 28 23 5 15 29 18 35 22 19 29 18 17 22 27 23 30 31 26 20 14 17 23 21 28 10 22 23 26 31 35 15 8 28 24 28 30 17 10 21 25 24 21 25 34 18 27 26 23 31 22 21 23 33 8 
17 37 29 15 25 43 29 24 30 19 31 16 16 21 14 33 20 34 33 20 26 28 13 28 20 24 26 13 22 21 28 40 20 23 26 13 32 18 20 19 39 23 21 22 6 28 11 32 26 17 25 32 17 33 28 6 21 27 17 21 
28 22 25 14 27 29 29 15 19 21 30 9 18 22 15 31 11 30 16 28 22 22 22 28 13 24 32 16 33 20 22 22 23 31 31 34 11 21 12 21 28 29 13 14 31 26 17 24 27 40 17 33 19 25 33 28 10 22 36 19 
19 7 14 16 25 21 25 11 23 14 9 20 22 22 12 28 27 39 23 32 29 9 21 30 20 36 24 16 23 26 10 41 32 26 25 32 30 35 24 9 45 30 15 15 26 27 26 34 38 40 13 28 25 18 29 34 16 34 19 12 
30 36 26 9 26 29 25 7 27 24 26 18 39 27 14 31 21 21 29 21 22 6 16 17 21 35 27 19 25 32 27 5 17 25 31 19 12 19 22 25 23 27 22 15 25 33 27 27 29 17 20 32 27 32 23 35 16 27 38 14 
26 30 23 15 43 23 34 15 22 25 38 19 31 33 33 34 13 25 25 38 29 34 19 19 18 28 22 21 24 15 31 36 20 23 33 29 20 29 21 16 43 25 15 15 20 31 16 24 37 26 10 33 20 27 36 17 21 15 36 25 
27 34 17 20 27 33 28 19 16 20 36 18 27 23 11 35 23 32 16 21 22 29 26 25 28 24 11 20 22 42 29 27 28 15 36 24 20 16 19 17 26 16 20 12 35 31 14 20 32 29 14 20 31 28 42 9 13 22 21 17 
25 32 17 16 26 28 16 9 16 25 28 14 28 18 21 44 28 25 13 29 24 26 14 20 25 21 31 15 14 19 31 34 42 36 34 19 33 27 24 14 30 16 24 12 26 16 27 33 22 25 22 28 27 33 27 30 21 28 23 16 
16 27 25 15 23 24 27 18 18 14 25 10 12 30 10 41 15 17 27 18 30 20 28 22 17 26 30 12 22 35 27 34 20 37 36 30 27 23 17 13 27 33 10 24 36 10 20 11 21 31 17 25 25 17 45 36 10 20 27 12 
13 22 26 16 14 29 23 18 15 15 21 15 39 25 24 37 14 28 22 25 12 22 18 26 15 27 26 17 23 40 33 37 24 19 6 28 17 36 23 11 27 18 10 17 14 17 37 31 27 29 23 31 26 25 29 27 9 32 30 22 
24 31 15 17 35 28 16 14 28 14 34 16 33 18 17 35 23 28 18 22 31 19 14 19 20 22 23 21 31 45 17 28 30 34 29 22 20 17 23 18 48 19 25 21 26 19 15 21 34 32 25 28 30 22 10 18 23 16 22 24 
13 27 27 22 22 17 29 24 18 17 31 18 40 29 20 26 29 31 20 33 21 31 31 25 28 24 12 17 23 21 28 36 16 35 41 30 37 12 24 14 34 18 15 16 37 9 23 16 20 27 21 44 36 26 20 33 15 26 8 18 
4 29 18 8 19 16 41 23 27 28 32 17 40 20 16 29 15 41 18 27 33 31 28 28 15 17 36 18 20 27 40 43 25 37 30 39 16 25 27 21 22 35 18 11 28 21 22 30 35 31 18 23 18 13 26 29 20 36 23 12 
35 29 21 18 38 32 38 22 24 23 23 25 21 35 25 43 14 26 23 15 35 30 8 29 18 30 19 21 23 23 35 13 38 11 36 35 30 25 26 15 13 15 19 19 21 24 14 25 19 34 21 42 37 41 32 22 17 36 31 16 
18 34 16 11 31 29 39 12 28 17 24 23 25 23 19 21 18 55 22 27 33 12 25 20 19 22 17 14 15 30 31 9 34 19 34 34 14 21 20 17 35 39 16 15 27 25 25 20 29 32 15 42 29 28 25 24 16 30 33 20 
22 18 18 14 45 20 35 17 13 17 37 20 35 17 21 32 25 28 20 24 25 30 22 11 23 18 23 14 21 29 23 30 31 26 33 17 19 20 26 21 31 19 17 11 20 33 20 24 28 31 22 28 23 22 24 29 24 25 37 11 
21 12 9 12 19 31 28 24 19 15 15 23 33 19 27 36 17 37 19 32 27 26 19 24 17 18 18 27 27 44 35 32 24 16 33 26 27 28 18 19 39 42 15 15 20 20 26 20 32 22 16 23 25 22 39 16 16 23 24 8 
12 36 22 11 24 39 4 19 20 20 20 19 36 16 18 26 14 25 20 28 35 44 22 27 30 32 24 24 11 26 33 30 35 24 25 29 35 12 27 19 47 33 12 14 20 23 22 24 33 54 13 35 23 26 26 21 25 28 30 10 
25 33 20 8 46 18 34 18 15 12 21 21 34 25 24 23 17 31 20 34 21 22 21 25 22 43 22 21 29 27 29 21 30 32 31 30 35 21 10 17 34 25 13 14 26 26 21 36 9 35 10 27 27 21 31 19 11 29 23 11 
23 42 14 17 32 41 33 11 13 13 24 14 30 28 15 32 16 28 21 22 23 38 26 22 15 11 21 17 10 27 19 27 24 30 23 29 24 28 26 29 37 35 18 20 20 17 24 16 21 30 17 28 19 23 17 34 16 25 16 19 
23 23 23 10 20 31 18 24 14 20 30 17 25 37 21 24 24 31 26 26 24 29 27 29 19 23 18 30 19 26 41 35 32 26 33 31 12 31 9 18 41 17 11 18 16 21 20 27 15 22 15 30 12 22 22 34 17 35 25 18 
25 24 20 14 34 33 47 19 33 22 27 13 40 26 21 29 22 35 14 17 27 40 34 26 34 36 19 15 12 25 31 32 30 18 26 12 22 20 16 26 27 30 15 19 27 31 17 32 25 28 22 29 24 31 26 16 19 3 21 14 
27 32 29 15 23 29 22 12 24 17 29 10 7 26 26 20 27 30 18 14 28 14 18 17 17 27 19 21 28 25 25 34 26 17 26 27 28 13 7 24 30 35 25 15 25 25 25 21 38 11 11 26 31 24 23 30 12 26 13 20 
20 39 11 19 29 38 23 6 22 14 29 13 20 19 20 24 19 41 24 31 20 38 28 17 30 24 32 7 19 32 18 43 22 29 25 15 23 20 22 23 60 34 4 19 19 27 16 34 20 29 21 27 31 21 36 39 9 26 5 18 
25 34 15 25 22 27 28 20 23 13 27 16 37 34 25 34 31 28 16 24 23 21 18 18 17 29 27 19 26 15 23 24 36 20 20 18 24 25 23 23 35 24 10 16 18 20 25 30 25 20 16 7 36 25 35 24 14 16 25 15 
20 18 19 20 23 27 21 18 26 14 17 20 26 36 14 26 24 25 15 21 21 22 34 10 18 20 14 18 20 16 24 30 33 33 23 18 17 37 18 21 45 23 27 20 10 20 17 18 33 14 18 17 29 28 34 34 15 9 22 18 
19 31 13 17 19 28 30 20 25 18 20 12 29 33 13 28 22 40 16 30 26 25 26 25 12 17 26 16 13 22 24 37 24 41 34 40 34 23 29 24 44 18 17 10 37 24 21 36 20 28 21 20 40 21 23 19 21 41 33 20 
18 28 24 12 24 37 32 7 20 13 23 14 23 24 25 25 17 29 23 16 25 34 22 21 18 15 37 13 26 43 27 35 24 29 33 31 25 22 18 22 33 20 19 9 14 21 30 24 28 32 17 19 34 26 15 23 22 30 19 20 
21 21 23 13 1 26 40 14 24 17 35 13 27 19 29 21 16 21 19 26 23 19 23 27 20 32 22 22 13 27 39 22 13 21 25 19 23 28 17 17 22 29 14 18 24 18 15 13 25 43 24 19 31 28 18 9 21 27 32 13 
29 26 32 22 48 33 26 7 18 16 20 19 25 26 21 27 24 27 22 19 19 22 21 11 25 24 20 16 17 32 39 25 26 36 15 37 27 20 21 19 28 19 17 17 39 31 22 28 11 18 22 15 39 16 39 28 9 24 25 12 
24 42 15 13 33 40 28 27 26 31 36 19 38 25 20 28 17 41 15 26 16 40 16 22 16 31 32 18 22 11 34 27 26 19 35 26 27 21 16 25 38 21 8 14 25 37 25 29 19 32 6 34 21 29 28 26 15 23 25 21 
20 27 13 8 23 18 26 19 22 15 18 14 17 37 15 22 32 31 22 21 31 25 23 30 15 24 21 18 17 42 28 28 24 26 39 30 25 16 30 17 35 26 13 16 21 18 10 23 19 22 15 38 31 26 39 37 19 11 24 20 
32 30 21 6 23 34 26 17 22 25 35 10 39 30 21 24 13 19 35 25 14 38 24 18 27 14 29 14 18 23 22 26 20 28 39 27 7 31 16 25 42 14 22 10 27 30 21 33 39 17 17 18 25 26 23 25 10 25 11 4 
25 36 28 12 36 29 36 18 31 27 33 10 15 26 19 25 17 36 23 17 30 3 8 21 18 34 22 11 18 28 26 37 23 30 24 17 29 14 23 26 27 31 18 19 24 14 23 21 37 31 20 21 23 22 24 29 19 23 21 25 
36 14 15 24 28 38 32 10 15 15 20 17 23 30 21 22 29 13 9 23 18 28 20 24 33 30 23 24 29 30 47 24 29 23 22 16 34 28 15 15 24 38 4 20 25 29 10 17 31 27 21 26 20 18 33 27 17 19 29 15 
17 38 22 17 30 18 32 24 27 22 29 15 16 16 18 23 9 17 16 38 22 26 17 28 23 34 26 35 34 32 38 8 32 16 25 26 32 22 26 17 17 31 5 21 35 32 16 31 20 26 16 21 25 15 21 29 20 31 38 19 
29 35 21 16 41 34 18 9 31 27 37 21 36 39 15 25 31 38 22 27 33 28 22 12 24 25 17 21 17 13 22 39 30 34 16 20 30 15 17 9 28 24 25 20 25 26 21 16 24 42 24 31 22 17 11 34 10 29 14 12 
26 41 20 16 16 30 41 16 28 15 26 16 39 23 26 25 28 27 23 16 24 19 21 29 22 40 28 17 27 40 35 29 27 19 16 33 31 19 20 22 29 20 20 18 24 22 13 22 23 36 15 29 27 35 19 16 14 32 35 11 
37 31 28 11 26 16 42 14 18 19 24 18 29 29 18 29 14 45 24 31 35 23 22 19 30 41 29 14 11 34 28 29 28 25 33 23 33 31 20 34 25 24 22 15 22 29 35 23 23 19 20 30 35 33 19 22 17 20 24 22 
35 21 13 18 39 30 18 9 17 19 25 17 26 22 20 21 20 43 19 27 29 6 31 23 28 18 19 22 23 28 24 20 33 43 32 28 25 15 28 21 27 42 24 19 26 33 30 34 27 30 6 15 31 20 38 31 18 5 24 11 
18 25 32 17 41 27 42 16 19 6 27 14 11 35 22 36 17 28 6 26 31 29 15 20 19 40 26 21 31 20 38 40 11 31 39 34 11 12 15 7 20 25 16 16 30 18 35 30 25 30 18 30 25 26 19 2 23 35 34 21 
13 22 30 16 18 27 35 21 10 17 24 19 38 21 23 29 3 32 33 17 29 34 25 21 33 24 18 14 18 26 27 34 28 26 29 25 26 24 24 19 26 32 16 19 24 28 13 31 22 37 24 33 22 23 36 19 11 31 20 17 
30 18 20 16 17 16 41 26 15 20 28 21 32 17 20 36 23 38 16 25 23 34 21 6 28 42 31 14 21 23 45 29 25 29 29 19 14 6 20 29 38 19 14 16 25 33 26 24 29 26 19 18 24 15 20 25 15 18 24 15 
15 28 18 15 33 24 27 14 24 21 26 24 25 22 8 31 13 31 31 23 30 37 9 18 23 19 43 15 11 35 30 27 35 36 39 24 22 25 26 22 28 25 12 15 15 35 29 30 15 29 21 44 21 17 13 24 17 40 13 23 
30 37 26 15 37 20 29 17 19 15 17 17 29 21 25 44 20 26 24 13 27 23 10 22 34 17 14 13 13 28 27 24 27 26 27 14 32 16 23 11 41 20 15 16 18 17 15 22 24 32 13 29 32 16 32 33 15 26 32 16 
32 40 21 11 37 35 20 16 18 12 23 16 37 34 26 28 11 33 13 20 30 36 25 30 24 31 22 16 22 33 41 14 28 42 34 40 25 17 19 11 36 17 21 17 29 30 29 26 19 29 18 32 27 10 28 19 16 25 14 19 
19 31 26 17 32 16 27 22 25 18 29 22 22 9 32 34 24 31 7 24 28 25 23 21 25 24 38 30 29 40 28 24 34 11 21 11 16 21 10 37 23 30 28 19 32 25 19 30 20 29 17 38 26 19 20 23 10 22 25 23 
28 22 24 19 10 29 32 12 22 17 27 16 39 23 28 39 17 34 22 35 29 19 19 25 12 23 25 18 32 39 21 17 17 37 19 33 24 24 21 25 25 18 28 8 37 25 31 27 35 15 15 29 35 21 32 20 19 14 23 14 
39 26 18 18 25 29 34 17 23 14 30 8 34 24 11 28 19 27 16 25 18 21 27 13 29 19 28 22 18 36 21 17 32 27 34 15 27 25 23 12 38 32 14 13 35 32 25 38 26 7 17 48 28 11 25 34 19 28 31 15 
4 14 22 13 31 29 31 13 26 21 26 17 6 30 19 20 16 34 21 24 20 21 15 26 18 25 15 14 15 33 19 29 33 21 21 37 22 25 30 37 29 24 16 9 23 17 23 23 27 33 23 27 21 20 26 29 14 11 14 23 
30 29 21 12 34 38 33 19 29 25 23 22 15 46 23 40 20 35 33 29 17 25 10 16 21 23 25 16 19 8 34 25 27 32 22 28 19 22 18 12 21 19 16 14 25 33 20 26 21 27 24 10 34 32 30 18 18 19 18 21 
23 25 16 13 11 13 34 13 20 20 16 14 12 22 20 25 10 35 27 31 26 50 20 20 31 19 19 23 30 27 32 21 38 18 23 30 25 23 20 20 18 28 21 17 21 27 16 36 20 26 19 16 17 15 47 28 22 17 16 13 
15 36 5 18 7 28 31 19 26 18 26 14 25 28 10 30 14 31 19 33 22 34 15 25 24 35 18 14 10 19 43 40 14 31 26 20 27 24 26 23 37 25 14 21 32 21 15 32 37 17 20 28 20 15 36 27 19 16 25 19 
24 19 20 19 30 20 21 12 22 11 34 20 20 32 26 34 17 25 23 34 30 23 24 19 20 37 20 24 27 32 29 4 27 25 21 41 27 26 16 29 37 13 23 11 27 35 27 7 29 25 12 20 34 27 40 21 22 25 30 16 
18 28 27 16 21 39 31 14 21 18 26 15 22 24 13 41 32 41 22 28 36 34 18 32 19 20 25 17 19 19 38 40 29 35 36 38 9 26 30 23 39 20 23 18 24 31 16 28 22 25 19 25 28 16 22 23 17 15 23 16 
20 12 16 13 26 34 35 22 27 13 28 24 15 30 24 14 25 40 10 41 20 32 17 18 32 32 25 14 12 34 40 33 14 23 36 30 22 23 19 20 48 26 10 12 20 31 24 27 17 37 12 19 38 17 7 26 17 27 15 16 
21 27 14 12 33 14 35 27 18 29 37 15 28 23 23 29 18 26 23 23 20 22 30 11 20 23 20 19 31 41 23 19 22 22 34 25 20 19 11 29 38 18 22 15 25 13 21 27 37 21 21 30 31 22 16 19 16 20 22 25 
26 15 25 17 36 22 32 22 27 13 37 11 35 22 21 28 26 22 30 8 24 27 17 23 22 32 29 17 19 32 27 15 28 30 24 31 28 12 23 19 32 33 19 27 13 25 30 25 30 16 10 31 25 24 12 31 14 30 20 21 
9 16 16 12 18 37 51 14 17 18 30 12 37 27 21 32 26 19 30 25 25 31 27 24 33 38 32 18 23 31 24 29 30 28 23 15 18 16 18 24 32 24 15 15 33 26 22 23 18 34 23 29 18 27 23 35 16 16 20 29 
35 19 30 16 49 28 20 13 23 18 25 10 20 22 19 27 13 32 29 30 29 15 24 22 16 47 24 21 13 33 39 7 29 31 10 33 19 14 31 16 28 33 17 12 33 33 28 14 30 16 13 21 17 23 37 16 16 37 18 21 
23 16 15 15 38 32 23 16 23 25 21 17 33 30 24 24 26 21 19 30 25 43 19 24 33 20 11 15 38 33 17 26 17 31 22 38 16 26 3 26 22 30 14 16 30 30 16 36 21 21 19 33 29 25 34 36 18 22 31 9 
21 37 24 15 19 30 24 14 18 14 29 9 11 29 29 27 22 42 25 33 35 22 18 19 30 21 30 14 23 37 23 14 25 8 31 27 24 15 10 19 37 15 10 10 34 22 34 2 24 28 19 38 25 19 42 25 15 31 27 15 
39 14 23 16 29 37 22 20 14 14 15 15 45 48 14 33 18 11 21 12 29 41 12 20 27 26 15 10 22 33 21 35 28 34 26 20 18 24 25 22 24 26 19 14 33 23 15 29 28 32 19 30 22 26 32 29 12 35 26 21 
26 42 19 20 26 38 45 20 14 24 28 15 40 23 19 31 20 22 16 23 28 39 18 19 21 34 34 19 27 28 34 35 29 29 24 34 26 16 20 21 17 14 15 17 19 23 23 33 30 23 25 21 24 19 25 28 18 29 17 19 
27 27 23 20 18 19 32 22 12 19 28 12 24 29 17 27 27 19 28 26 19 35 17 21 23 26 25 14 25 19 35 29 23 39 21 29 35 18 25 25 28 20 16 15 21 28 23 37 30 25 25 38 23 23 49 45 21 39 27 23 
36 24 20 13 18 26 43 15 21 21 28 8 31 20 17 25 23 33 25 15 28 25 17 25 22 16 23 16 20 39 31 22 16 25 37 38 15 27 13 15 37 19 7 23 20 28 3 14 35 32 22 18 29 37 40 24 12 34 25 22 
22 26 33 16 33 30 32 20 31 13 25 17 28 27 21 44 17 29 22 22 32 13 28 32 21 31 29 21 25 26 34 38 26 33 26 30 24 29 22 16 10 10 20 14 26 26 27 19 40 42 18 30 24 26 21 25 16 15 22 16 
34 30 20 16 26 20 14 21 20 23 12 15 52 41 22 24 30 38 20 31 21 36 19 29 29 22 12 24 19 17 36 24 23 44 33 19 24 21 16 28 31 18 19 9 29 18 18 33 20 17 13 29 18 21 34 25 22 19 29 20 
28 13 21 15 34 19 35 18 20 15 38 15 18 25 14 27 10 28 8 27 13 27 23 23 9 25 28 15 17 20 32 30 29 32 29 35 21 25 24 10 17 45 9 12 32 32 19 26 23 23 22 30 22 28 37 35 15 20 26 12 
9 26 18 12 35 45 36 17 24 14 29 24 43 25 18 35 22 39 17 31 16 30 24 28 20 30 22 24 23 32 33 24 32 31 17 34 36 18 9 22 10 25 19 20 31 19 21 29 27 41 15 22 28 9 35 44 11 16 19 18 
25 19 15 12 16 33 23 19 15 9 3 18 29 23 17 36 19 34 22 23 33 36 33 16 18 38 35 17 16 32 27 25 21 38 27 17 25 23 20 22 31 29 11 11 32 23 30 12 12 42 15 41 33 27 30 29 16 27 12 19 
34 27 13 14 27 33 25 12 26 25 24 17 36 30 24 30 14 30 16 15 33 41 14 27 20 19 19 8 17 29 25 23 28 46 29 28 22 29 13 22 34 15 15 13 33 30 13 17 44 28 29 15 31 24 33 31 11 16 11 12 
17 31 20 16 28 31 31 28 19 18 17 22 15 28 23 33 22 18 16 32 40 27 20 11 22 30 32 11 15 37 14 22 28 43 25 15 22 20 26 13 39 11 11 16 21 45 27 29 35 31 14 38 33 25 27 28 10 12 31 19 
27 25 8 15 4 48 27 18 17 24 24 23 36 29 24 27 26 38 17 35 26 19 11 14 31 30 33 25 21 23 30 30 19 24 26 27 28 22 11 33 36 32 14 13 28 21 19 28 25 50 21 33 19 23 37 18 13 35 19 5 
22 26 22 14 18 31 30 16 18 22 38 19 32 28 17 27 19 29 21 23 23 43 35 25 24 30 19 20 25 29 29 22 28 21 26 28 19 19 18 13 32 21 16 13 27 27 30 36 30 37 14 45 34 19 40 32 7 25 20 17 
15 37 25 22 12 37 33 12 20 18 29 14 31 29 14 20 23 31 22 27 21 25 14 22 29 29 23 13 29 18 25 23 30 31 34 33 20 28 11 29 23 34 16 10 19 31 30 21 36 28 7 43 21 10 21 21 18 21 27 19 
12 30 21 18 26 14 26 19 12 10 33 15 28 24 29 34 27 26 22 15 21 14 11 11 21 30 21 21 10 22 28 24 20 22 19 27 21 30 26 22 27 23 19 19 19 15 21 23 31 27 24 29 26 17 32 29 10 28 33 16 
7 36 21 11 36 32 25 10 23 21 36 20 33 27 24 28 24 26 25 30 34 39 22 31 9 40 40 23 28 44 35 14 37 32 23 32 34 25 25 17 7 26 5 14 19 22 25 22 21 26 16 33 25 13 26 14 14 27 15 22 
25 29 23 18 26 37 38 12 27 22 25 11 24 23 21 24 16 27 10 24 19 24 21 18 14 28 30 20 24 32 53 20 19 23 35 36 23 21 18 20 34 24 21 13 17 23 25 25 21 19 18 41 24 31 39 11 12 21 35 17 
9 29 33 19 23 25 31 19 19 18 18 19 41 14 17 33 27 38 25 22 18 17 18 27 26 37 28 13 18 30 15 23 27 29 25 22 18 24 17 20 25 23 25 18 31 33 24 34 38 14 23 30 31 29 28 27 9 21 24 16 
22 38 16 11 27 21 21 12 18 20 28 15 30 34 23 28 15 32 16 23 14 29 22 25 24 31 10 20 21 33 38 12 21 22 19 33 21 25 16 23 48 37 18 15 27 16 12 30 20 26 19 6 25 35 32 31 19 28 20 20 
25 11 27 14 14 29 29 23 14 26 26 20 32 20 23 30 17 43 25 15 30 36 28 27 10 27 24 20 20 31 31 36 24 24 23 24 25 24 18 29 26 12 23 19 30 9 29 31 30 25 16 30 25 14 36 32 14 28 28 14 
28 30 20 12 31 38 23 21 10 14 16 20 24 22 24 25 28 20 20 22 31 35 33 20 25 13 26 28 33 26 39 20 37 21 28 27 34 26 8 24 30 16 22 20 28 27 10 25 23 37 14 30 46 36 22 24 11 17 26 26 
22 29 13 13 29 28 12 14 13 19 45 24 19 19 21 32 25 15 27 41 13 34 16 25 26 15 29 13 32 37 21 27 33 25 18 28 23 8 21 33 22 22 15 14 15 27 25 22 33 18 28 29 31 24 30 35 9 19 32 11 
27 22 23 13 27 27 12 20 25 14 28 15 27 24 20 29 18 34 28 26 17 23 22 18 15 23 21 19 15 38 30 27 29 33 36 19 9 9 24 25 53 18 13 12 10 31 18 31 29 38 16 26 22 11 16 23 18 18 34 23 
17 30 14 15 28 22 37 13 26 25 32 19 30 34 15 28 23 42 20 15 24 40 16 24 18 35 21 23 26 33 15 30 22 26 22 31 22 22 21 13 35 23 15 8 23 12 25 35 34 22 19 34 23 25 36 36 19 34 14 11 
20 23 23 12 31 31 28 9 22 15 28 11 37 27 23 30 16 27 9 36 21 21 13 18 24 28 32 23 25 23 41 36 22 21 18 30 41 22 18 15 20 32 14 15 22 24 18 29 31 29 19 33 28 20 30 27 18 22 27 13 
27 22 16 13 31 27 32 12 23 12 22 19 26 14 17 28 22 34 26 33 26 30 31 24 24 18 19 18 26 36 36 21 29 37 25 41 28 20 25 13 23 29 19 14 18 25 23 28 30 30 22 24 28 21 27 20 12 35 22 17 
23 19 18 14 33 30 25 11 22 15 15 18 26 16 27 30 24 40 23 28 28 22 20 3 26 39 24 15 22 28 18 30 27 31 43 21 33 12 19 18 47 18 16 17 16 20 15 17 27 35 12 27 36 34 29 21 14 22 20 16 
37 32 17 14 27 29 28 22 17 19 19 15 24 33 28 39 12 29 18 21 13 30 18 17 25 35 17 20 24 23 37 32 25 13 22 30 11 27 22 21 11 27 14 18 22 11 22 24 29 29 15 35 21 15 44 32 20 38 15 21 

MachineCapacities:
MachineID Capacity
0 10
1 10
2 10
