NumTasks NumMachines NumScenarios
20 2 50
TaskDetails:
TaskID ReleaseTime ResourceConsumption SuccessorsCount Successors...
0 0 4 8 2 1 4 
1 0 10 5 0 
2 0 3 5 1 4 
3 0 7 4 0 
4 0 3 4 0 
5 0 9 8 1 17 
6 0 7 10 1 17 
7 0 7 6 4 13 15 16 17 
8 0 4 5 2 10 12 
9 0 4 5 3 14 16 17 
10 0 5 1 2 17 19 
11 0 1 4 0 
12 0 7 6 1 18 
13 0 10 3 0 
14 0 2 2 0 
15 0 3 6 0 
16 0 9 1 0 
17 0 2 2 1 18 
18 0 4 4 0 
19 0 5 5 0 

13 21 21 22 21 29 14 45 11 15 27 24 24 8 22 28 19 13 15 16 20 14 10 19 12 17 29 48 16 20 20 30 27 21 26 21 14 19 15 20 
17 11 27 12 23 17 16 33 21 6 39 36 30 11 31 26 9 19 13 14 13 19 21 19 16 12 34 15 34 9 30 40 30 12 27 10 25 19 16 19 
18 22 24 15 4 32 9 32 28 6 25 33 24 13 24 37 6 12 15 18 15 18 12 16 24 14 25 24 28 19 30 35 24 11 11 17 14 19 10 20 
18 11 30 24 30 41 9 31 28 9 30 26 27 10 32 21 12 9 15 29 10 17 12 28 10 15 29 33 32 18 28 32 15 18 27 13 18 20 10 18 
18 23 14 25 32 21 11 37 20 12 45 38 36 10 31 34 18 13 18 14 15 10 6 24 26 14 38 33 27 16 44 27 32 23 36 16 22 27 12 19 
15 15 33 20 47 35 12 15 21 13 29 27 26 9 33 17 12 16 26 27 22 14 14 25 28 13 29 41 21 12 27 16 32 27 22 9 13 23 16 24 
18 6 19 23 26 19 14 9 16 11 35 29 27 11 32 26 15 12 15 4 24 23 16 22 16 14 33 11 25 24 33 31 26 15 9 26 14 35 12 18 
16 23 28 21 11 25 16 28 32 11 34 38 31 13 22 27 13 19 20 18 21 23 9 15 21 10 28 19 24 29 35 35 28 16 29 15 10 35 16 14 
24 13 13 27 34 18 11 24 11 13 29 20 20 12 35 26 15 14 8 23 28 24 11 22 23 18 31 28 35 14 26 30 26 22 19 34 12 22 15 15 
15 23 35 20 41 12 11 23 15 9 27 20 26 16 24 22 19 13 13 16 18 22 14 16 24 13 36 27 21 14 29 31 29 35 21 23 18 19 12 11 
13 21 28 18 40 33 15 25 26 5 23 27 22 11 25 21 14 14 15 8 15 21 10 12 14 11 26 44 25 17 22 26 35 29 15 11 17 24 12 32 
13 15 25 6 37 21 15 36 27 10 32 41 19 7 26 27 16 16 19 13 29 31 19 15 20 17 42 18 23 22 35 25 13 34 34 13 11 21 14 15 
10 33 18 25 31 27 9 21 21 3 34 35 40 14 34 28 15 9 13 21 24 19 16 22 23 15 20 21 30 11 30 16 37 17 24 21 16 5 11 16 
11 24 25 27 37 32 13 35 29 8 27 32 27 6 19 19 12 13 11 18 15 17 15 29 28 10 28 25 15 20 31 14 44 16 24 16 18 13 9 21 
12 16 27 27 44 42 17 25 13 14 24 36 29 10 24 27 20 18 15 23 21 22 6 22 14 12 22 31 19 15 23 19 29 22 27 21 9 22 15 19 
16 19 22 17 40 38 17 25 5 8 18 30 27 11 20 18 14 17 13 19 12 28 23 18 16 13 25 18 27 15 42 30 27 23 31 18 19 16 10 22 
21 14 15 20 28 34 17 45 14 13 36 25 27 8 34 12 17 9 17 19 19 12 17 19 28 13 23 35 24 21 14 34 34 32 19 21 18 23 13 15 
23 16 26 17 20 8 12 13 16 15 45 42 26 9 27 33 18 16 9 14 16 29 16 15 16 14 35 49 35 10 26 37 25 31 14 15 13 23 15 12 
19 21 18 22 18 30 15 36 16 12 40 39 23 12 30 29 20 5 18 23 21 18 15 28 24 12 12 27 29 12 22 21 27 23 25 22 20 17 12 23 
12 24 32 33 30 36 14 30 21 7 27 28 27 9 20 28 21 15 7 20 17 24 9 23 13 13 38 34 27 29 22 14 29 22 18 11 14 29 8 19 
21 17 15 26 26 27 14 40 9 9 19 21 20 11 41 26 21 26 25 14 16 22 16 23 26 12 20 33 24 19 38 21 15 20 13 19 10 13 17 23 
19 24 21 22 26 42 18 47 18 11 38 17 22 6 31 31 16 14 16 17 19 24 19 18 19 14 30 22 12 20 29 34 15 26 26 18 11 29 11 12 
13 19 15 22 28 28 13 27 18 9 28 31 16 7 28 15 20 20 11 22 29 10 17 9 33 12 21 36 20 16 31 31 16 29 20 19 9 19 14 12 
24 17 7 31 20 24 12 30 13 13 29 34 22 8 32 33 19 15 7 20 29 29 14 21 24 9 35 36 26 12 27 24 10 21 24 13 17 25 11 23 
26 20 21 22 31 17 15 13 15 7 25 34 30 9 29 10 11 12 17 9 12 24 12 17 30 13 35 32 24 21 27 20 28 24 24 9 19 28 16 15 
19 16 22 20 30 34 13 10 23 19 26 17 20 8 30 27 16 17 3 14 12 25 23 20 29 11 19 26 21 22 43 13 37 19 19 11 15 25 16 20 
16 27 24 26 33 21 13 7 25 17 26 24 17 6 19 20 17 13 14 23 23 16 16 18 19 12 32 30 34 24 29 16 33 22 27 20 18 24 8 17 
19 15 30 18 29 25 12 25 21 16 23 17 17 11 32 28 18 10 16 19 26 23 12 23 20 11 9 20 22 9 23 21 37 26 9 12 20 14 14 11 
20 11 25 13 26 22 9 31 19 9 26 26 31 9 31 26 8 17 18 16 15 22 26 19 28 19 9 32 32 13 19 34 39 28 23 24 20 19 13 17 
12 14 20 28 22 39 13 40 17 10 20 50 28 8 36 21 15 18 13 13 26 14 16 10 31 18 20 25 24 12 27 21 23 26 29 13 13 16 9 13 
16 19 26 19 29 31 16 32 21 12 32 16 19 13 27 22 16 15 16 29 16 23 21 10 30 13 31 33 31 20 20 41 19 36 23 16 13 21 12 17 
30 36 17 27 37 19 12 32 20 13 23 23 35 8 25 34 11 17 13 12 10 22 10 17 28 7 25 27 27 21 35 35 29 13 13 23 10 26 10 12 
12 17 25 27 25 44 18 34 29 14 29 34 18 12 24 10 14 21 23 28 26 13 7 18 20 14 29 29 27 13 30 24 36 9 15 26 10 22 11 16 
8 34 33 11 29 38 14 27 20 13 20 36 37 7 14 23 17 17 14 20 12 17 12 23 27 12 14 16 29 10 30 9 24 27 23 12 15 20 13 16 
13 17 31 25 39 14 17 24 12 12 23 36 27 4 36 32 10 17 17 17 21 11 12 23 27 15 26 32 33 23 31 29 28 29 8 25 13 19 19 19 
19 20 24 19 49 22 15 22 27 10 31 25 28 10 31 17 15 19 16 15 17 13 22 12 18 15 14 24 22 22 38 15 32 29 28 29 18 27 12 15 
16 21 27 31 28 31 12 29 24 7 28 37 28 11 38 27 13 19 18 26 18 14 9 17 29 13 14 28 17 13 31 20 27 33 27 17 20 9 15 21 
17 11 17 16 30 15 15 24 17 14 32 24 29 10 30 20 12 14 13 22 25 29 17 19 23 19 36 35 26 11 24 26 24 20 18 22 14 14 13 21 
16 11 25 25 31 33 9 17 21 14 28 45 26 7 16 24 11 19 24 24 21 13 10 16 23 15 20 21 41 18 36 20 20 22 14 21 19 13 8 13 
16 24 24 15 18 25 10 27 7 11 40 34 44 12 21 26 12 13 18 19 14 25 18 18 24 10 21 25 28 12 17 26 25 25 9 20 17 20 17 27 
15 22 21 22 34 38 1 23 22 9 35 39 29 4 32 18 13 10 18 7 19 19 17 18 21 15 36 30 28 18 38 14 31 19 18 27 19 26 9 15 
15 25 23 18 25 38 12 28 24 10 44 20 24 7 21 18 22 14 10 23 14 20 20 16 23 9 22 25 11 14 26 19 28 31 28 24 10 19 14 13 
8 31 15 20 25 36 10 30 30 11 35 22 24 5 26 27 10 21 12 20 23 20 11 16 30 15 15 23 35 14 41 26 27 10 22 17 12 37 2 11 
15 18 26 24 17 22 12 21 31 11 45 15 18 14 36 23 11 19 17 22 21 22 23 25 26 14 28 34 29 26 14 28 25 23 26 28 14 29 12 21 
17 20 31 20 41 28 11 34 15 9 24 25 32 5 15 19 17 16 15 20 19 23 13 23 13 17 38 25 18 23 22 23 27 30 15 10 19 17 14 16 
9 20 31 20 28 22 9 23 23 11 27 16 33 14 22 21 9 14 10 17 23 17 18 14 13 17 11 19 18 23 39 25 28 21 12 18 11 20 11 18 
17 16 21 24 10 39 17 32 24 13 25 25 18 10 38 15 22 13 22 9 27 11 17 12 30 14 21 42 30 17 35 34 34 30 23 23 24 24 12 16 
21 27 24 19 19 24 9 22 23 11 31 37 31 9 30 25 15 12 11 20 32 22 10 26 31 17 22 39 39 25 36 21 36 25 11 16 19 22 5 18 
15 19 17 17 36 27 11 33 18 8 16 42 27 9 23 34 14 7 17 15 20 10 14 17 23 12 37 48 16 8 27 32 36 24 26 24 15 32 15 10 
23 26 15 20 30 25 16 28 21 12 38 22 16 4 32 14 22 19 19 30 12 22 22 22 30 5 24 31 28 9 33 24 27 22 19 18 17 16 12 19 

MachineCapacities:
MachineID Capacity
0 10
1 10
