NumTasks NumMachines NumScenarios
20 2 50
TaskDetails:
TaskID ReleaseTime ResourceConsumption SuccessorsCount Successors...
0 0 1 8 2 8 10 
1 0 8 2 4 5 6 7 10 
2 0 3 5 3 7 9 10 
3 0 1 4 2 9 10 
4 0 2 6 0 
5 0 8 6 0 
6 0 3 7 1 8 
7 0 5 5 0 
8 0 5 2 0 
9 0 5 5 0 
10 0 9 9 0 
11 0 2 1 4 13 14 16 17 
12 0 3 10 2 15 17 
13 0 3 10 1 19 
14 0 2 3 1 19 
15 0 4 7 1 19 
16 0 6 3 1 18 
17 0 5 2 0 
18 0 5 3 0 
19 0 2 2 0 

6 17 36 13 14 23 21 29 24 6 8 27 10 29 22 24 30 11 19 11 21 34 38 11 18 10 25 10 21 29 15 21 25 39 33 31 8 22 25 12 
9 14 28 31 12 16 42 30 18 11 10 34 2 17 16 27 28 30 24 14 15 23 45 12 25 24 23 11 30 16 41 21 23 39 28 28 21 8 40 15 
10 17 38 21 25 19 31 27 33 10 7 31 16 25 31 25 24 24 24 7 13 30 30 10 29 40 20 10 5 19 41 18 32 19 40 36 23 44 35 23 
9 14 23 21 18 7 41 23 23 12 14 29 23 23 26 27 16 26 16 15 14 26 23 7 24 33 15 11 27 20 22 12 21 43 18 31 18 25 21 12 
10 15 35 38 14 24 24 18 22 10 10 30 15 24 33 25 24 28 17 17 8 47 42 18 37 26 31 12 25 18 26 19 26 30 27 43 15 30 45 15 
7 19 35 35 18 30 28 39 14 10 13 26 15 30 29 18 41 15 23 15 6 27 12 17 41 31 25 12 25 20 26 25 30 23 23 30 12 19 27 12 
15 19 32 20 14 30 30 19 19 14 10 19 9 33 22 20 28 16 22 10 13 11 49 16 16 23 22 8 16 29 46 27 30 35 16 27 24 36 27 27 
10 11 27 9 6 21 31 30 18 8 13 48 8 22 30 8 45 21 20 12 11 16 22 15 19 25 11 9 19 20 41 16 20 25 16 33 14 38 30 10 
12 18 23 23 20 33 35 38 21 11 9 21 11 29 31 23 25 17 21 11 18 16 34 14 37 20 15 7 17 17 32 24 24 16 20 24 27 26 26 17 
9 20 29 21 10 31 23 40 16 18 9 15 17 10 32 22 25 21 21 8 8 24 19 15 40 33 20 12 30 14 41 29 17 28 42 21 20 27 26 21 
12 17 16 24 12 25 33 25 18 8 11 27 14 18 22 26 18 23 22 16 11 39 24 14 33 25 19 9 19 25 33 26 25 29 27 28 34 35 39 7 
10 9 44 30 13 23 24 31 20 9 14 36 15 31 40 29 23 34 22 13 11 43 31 13 30 21 29 11 19 18 16 24 21 17 32 32 12 26 46 20 
8 13 20 34 16 20 38 50 21 10 13 30 13 21 39 31 50 37 23 17 15 24 31 11 29 36 27 13 21 19 32 12 22 26 26 32 18 29 29 12 
7 17 33 24 16 30 47 17 21 5 7 27 10 24 31 20 34 22 16 6 12 40 22 17 19 27 21 15 22 16 24 17 19 18 35 35 14 30 13 21 
13 18 32 19 22 19 28 25 24 8 9 22 16 24 24 29 31 33 18 12 12 38 27 18 33 36 9 12 20 17 39 18 23 23 19 34 26 34 39 11 
14 18 24 19 21 29 24 17 22 5 14 43 6 18 23 29 30 23 24 15 10 31 26 12 32 40 23 11 20 28 36 12 20 34 29 29 21 10 16 19 
11 17 32 25 6 14 28 32 28 15 13 38 13 19 15 27 34 41 31 18 12 46 17 7 15 28 19 11 22 20 27 35 41 37 30 33 17 35 18 14 
12 10 25 36 17 17 27 33 19 13 9 37 16 19 28 11 42 19 18 13 15 30 38 20 24 22 16 14 16 24 14 20 35 18 23 21 22 17 34 16 
8 16 14 32 11 25 29 25 28 12 13 21 5 14 22 24 32 24 32 13 11 29 17 25 24 21 14 9 12 15 25 12 11 31 15 18 17 22 21 17 
7 20 36 38 13 16 29 23 27 11 11 13 18 24 24 6 33 23 30 12 9 30 35 4 36 38 22 8 19 24 29 18 33 20 35 11 25 39 43 12 
5 23 21 25 13 17 30 14 23 16 14 34 16 23 27 24 25 28 18 14 13 32 22 11 24 26 20 8 16 18 33 32 21 35 37 27 16 25 17 12 
5 17 28 13 22 18 34 25 17 10 10 34 14 15 17 25 32 33 32 15 17 16 15 17 25 32 18 6 31 21 26 13 20 24 27 29 29 16 19 19 
11 14 40 25 19 25 32 32 22 10 7 39 19 32 30 9 26 27 26 14 12 48 27 18 32 31 15 6 14 18 31 17 25 36 29 34 16 37 29 12 
13 19 30 34 13 32 11 28 34 12 8 43 18 17 23 26 20 29 16 14 11 48 30 11 33 23 19 9 24 25 29 12 31 21 24 23 17 41 28 16 
12 10 23 23 13 29 32 32 18 9 7 21 21 24 29 18 21 31 19 10 11 33 31 12 21 36 24 8 19 15 40 15 31 37 40 31 33 38 19 15 
11 19 26 27 9 30 22 30 30 11 13 17 11 28 25 21 25 32 24 12 10 26 31 11 36 16 25 8 22 15 12 20 27 25 31 21 16 22 31 19 
14 19 33 38 14 29 34 38 8 11 4 22 20 24 25 22 32 38 18 10 11 26 33 17 21 25 22 13 24 20 25 19 29 33 15 34 19 40 14 19 
10 12 37 27 18 25 40 35 24 7 10 17 12 22 25 22 29 32 24 11 10 26 44 17 32 34 15 13 18 16 36 17 29 14 37 19 20 29 7 18 
16 13 32 19 10 22 12 34 31 8 6 29 16 14 20 21 16 31 14 20 13 24 40 10 20 26 17 6 18 11 23 22 33 38 30 42 18 19 31 19 
9 17 26 23 15 22 24 33 21 9 5 34 13 39 29 25 46 26 31 14 17 25 41 13 25 18 15 15 11 21 23 29 32 27 22 25 14 25 21 15 
11 15 12 32 13 12 25 19 30 11 13 32 21 32 13 18 18 36 25 15 10 25 30 15 33 35 24 14 40 24 36 29 16 19 21 32 21 23 6 19 
13 18 19 43 19 18 26 21 29 10 10 30 4 29 22 42 23 36 8 16 10 25 27 14 34 24 23 12 11 18 24 20 29 18 33 25 22 37 20 17 
11 16 35 14 7 21 27 37 8 11 14 26 14 19 20 33 34 13 22 11 13 30 24 19 30 33 14 13 21 13 20 16 31 29 18 33 21 31 35 20 
10 14 42 29 7 17 25 38 13 11 14 48 14 32 36 31 33 21 16 11 14 35 32 13 37 44 24 11 24 25 32 24 18 31 24 24 13 34 25 22 
12 18 34 24 21 20 29 26 13 7 14 30 17 26 34 31 28 33 21 10 18 29 40 24 52 14 25 9 22 13 26 24 15 18 32 25 15 25 22 25 
6 14 16 16 11 25 32 44 11 15 17 31 14 22 26 23 36 18 27 12 16 27 37 18 17 29 19 5 28 26 31 14 25 22 25 23 20 23 49 22 
13 16 27 15 19 23 20 26 15 4 9 15 10 21 24 36 39 34 17 16 14 37 33 19 38 21 24 11 10 25 23 20 22 24 24 31 23 23 38 16 
7 15 17 16 10 28 21 42 26 8 5 21 20 19 31 22 23 23 30 12 16 18 23 13 42 30 20 9 28 21 38 10 33 28 19 28 24 24 17 12 
15 21 17 26 13 33 28 29 20 6 11 26 10 24 18 30 34 33 15 16 8 37 28 15 15 13 13 15 21 22 40 17 19 26 21 16 12 30 15 15 
14 6 26 32 15 28 33 36 24 8 9 40 13 24 20 25 32 24 16 14 13 18 24 11 23 21 8 9 26 21 35 10 39 21 28 37 19 23 28 16 
10 10 41 33 3 30 41 41 15 7 15 50 13 22 19 18 17 40 31 14 13 24 12 16 39 37 18 9 14 22 16 22 24 16 32 29 18 27 27 15 
9 11 11 25 18 31 33 30 19 11 14 28 11 26 25 23 33 29 15 17 13 29 26 19 28 25 31 10 18 15 24 20 27 26 25 21 21 25 33 13 
7 18 27 8 14 20 26 41 23 13 12 23 13 26 30 19 39 20 22 20 10 27 25 16 31 27 26 11 14 15 30 15 18 26 26 13 28 39 41 14 
11 3 38 21 14 13 17 31 29 13 6 22 11 27 30 12 27 29 31 17 8 32 31 15 32 32 12 15 11 19 37 32 29 18 7 24 6 39 30 10 
6 16 43 24 13 15 38 35 26 9 15 27 10 24 30 23 31 21 28 11 10 32 31 16 18 31 25 12 24 21 28 35 32 24 26 37 11 21 15 12 
9 11 43 15 15 22 27 49 24 9 8 21 14 27 22 23 32 28 28 16 13 55 12 20 21 32 24 15 15 19 19 13 41 28 18 25 20 34 16 13 
12 19 23 16 23 19 38 35 18 12 9 19 23 13 40 10 41 30 22 16 7 41 18 20 44 32 25 13 21 31 40 15 26 23 22 29 24 27 29 13 
9 15 34 18 12 26 30 25 31 13 13 29 14 28 26 10 22 28 32 9 11 17 42 20 29 20 29 12 27 27 44 23 33 14 18 15 14 31 26 17 
10 17 18 28 16 34 24 45 20 11 8 31 21 30 15 16 32 19 19 16 13 30 16 13 35 18 23 7 26 20 31 19 30 9 14 36 10 31 16 26 
10 16 33 11 10 25 35 17 23 12 10 16 21 35 15 20 20 31 13 18 9 33 37 13 38 35 15 7 24 12 41 27 31 26 24 19 17 26 38 20 

MachineCapacities:
MachineID Capacity
0 10
1 10
