NumTasks NumMachines NumScenarios
20 2 50
TaskDetails:
TaskID ReleaseTime ResourceConsumption SuccessorsCount Successors...
0 0 3 4 4 1 4 7 8 
1 0 9 3 3 3 5 6 
2 0 1 2 3 6 7 8 
3 0 2 7 0 
4 0 6 9 0 
5 0 5 3 0 
6 0 2 2 0 
7 0 3 1 0 
8 0 4 7 0 
9 0 2 10 1 16 
10 0 5 2 2 12 18 
11 0 10 4 1 16 
12 0 4 7 2 15 17 
13 0 3 7 1 18 
14 0 6 6 2 15 16 
15 0 2 5 1 19 
16 0 9 10 1 19 
17 0 2 5 1 19 
18 0 7 3 0 
19 0 7 7 0 

32 32 20 26 11 16 14 5 31 30 16 21 16 12 22 15 18 25 23 25 19 15 24 16 21 17 28 25 19 16 37 19 7 37 19 26 13 17 24 15 
26 16 32 28 6 33 13 8 24 17 12 16 17 12 24 16 28 21 31 35 12 6 38 16 12 30 19 19 22 23 20 31 10 20 24 24 25 21 19 17 
39 25 19 22 38 35 17 5 24 19 16 27 21 12 21 20 16 20 26 36 20 24 30 15 8 34 21 33 9 20 33 23 12 25 25 23 31 17 18 12 
36 29 28 20 26 23 10 9 17 16 19 26 19 8 6 19 25 43 9 23 30 17 33 14 15 36 15 20 22 20 37 22 16 29 24 19 17 19 22 17 
32 24 30 25 39 11 10 6 24 21 17 9 20 10 2 19 30 30 29 32 19 12 36 16 10 20 28 25 17 18 11 20 23 20 36 26 36 10 11 16 
40 18 23 35 22 30 11 11 23 21 13 20 16 10 20 16 36 26 9 31 15 15 25 15 18 13 18 27 24 39 11 23 10 38 18 36 22 21 31 12 
28 25 27 22 31 10 13 13 28 17 20 28 24 8 28 15 34 29 15 24 22 14 29 12 20 23 27 21 23 31 17 20 14 34 36 18 25 19 20 11 
30 22 31 30 39 22 13 9 35 25 18 33 14 8 24 13 32 34 16 35 18 15 32 10 20 30 23 15 21 21 33 17 19 24 34 28 10 16 23 13 
29 25 31 17 34 36 12 11 31 48 19 23 14 10 19 13 26 29 12 31 27 13 28 17 16 26 22 25 14 30 31 17 15 29 25 20 22 12 13 9 
36 16 26 16 18 28 15 11 14 51 22 19 15 10 18 17 28 35 21 29 31 11 22 10 17 19 24 27 20 15 24 35 7 30 23 22 23 19 17 10 
33 29 22 28 28 20 13 14 28 48 15 22 11 6 20 20 19 30 28 19 36 18 33 19 14 29 20 23 27 30 32 23 8 40 41 27 24 8 23 14 
28 14 38 28 31 41 15 11 22 39 14 29 6 11 12 20 29 29 19 18 22 12 40 14 12 28 12 24 24 32 36 18 15 29 22 18 24 18 21 11 
34 16 35 20 27 29 14 11 25 13 16 21 20 14 20 18 22 34 26 23 12 8 31 17 12 22 27 36 27 26 31 20 14 28 36 28 31 12 28 14 
32 15 27 34 25 22 14 6 19 39 9 22 10 8 21 20 31 25 25 29 28 8 23 11 17 15 8 38 22 34 41 14 21 32 12 15 33 15 23 15 
27 23 28 26 43 35 15 14 18 24 23 13 17 9 16 19 22 31 16 22 20 16 44 16 16 37 16 34 15 29 36 35 16 26 14 16 21 24 25 10 
33 18 24 33 30 17 14 6 26 28 10 26 10 12 21 12 30 33 19 40 29 18 37 23 11 21 15 28 24 14 26 13 17 24 27 19 28 14 27 12 
26 32 21 26 18 19 14 10 21 16 14 23 14 9 14 19 23 33 22 17 30 16 32 19 11 21 14 21 11 23 29 24 13 26 28 31 17 21 27 11 
21 31 39 18 18 16 7 12 36 39 17 24 10 7 24 15 13 23 23 19 28 14 32 16 16 20 21 39 31 34 19 29 12 32 27 20 28 16 21 14 
28 36 22 32 29 17 13 12 25 21 10 15 20 14 9 13 32 27 32 22 13 5 37 12 20 14 29 22 20 30 44 21 18 17 18 25 30 19 20 13 
25 4 41 35 34 38 6 9 28 61 12 20 21 4 20 11 28 8 24 39 28 17 38 18 16 33 35 22 17 8 21 22 13 25 18 28 25 18 22 15 
43 14 21 24 19 22 12 7 30 34 13 22 20 9 16 12 22 34 22 20 18 4 51 14 10 17 14 23 28 29 27 16 18 25 32 25 32 16 24 16 
33 15 32 27 17 25 6 10 38 34 12 13 7 5 16 19 28 23 36 23 28 11 23 20 16 16 31 33 31 27 22 27 14 15 16 25 28 19 28 11 
24 43 27 13 17 34 5 9 24 12 14 17 13 4 21 14 20 17 19 26 25 15 32 19 13 27 22 30 22 25 21 11 7 29 20 21 51 9 23 10 
29 23 31 29 23 23 7 4 26 21 10 16 25 11 11 19 25 24 15 29 26 13 35 18 20 31 25 19 13 16 28 10 16 21 20 19 23 12 21 16 
27 26 41 24 22 15 10 10 27 46 9 24 10 14 11 17 15 32 22 24 26 17 34 15 17 24 24 28 13 19 33 13 11 23 26 25 23 10 22 6 
42 24 27 17 22 18 13 12 27 38 16 26 8 11 27 15 18 30 21 29 35 12 27 15 15 26 17 30 19 16 35 16 15 17 23 36 30 23 22 13 
33 30 19 16 26 26 11 12 21 20 17 25 12 11 14 17 26 31 18 30 22 22 30 19 16 20 27 36 24 26 40 21 16 20 24 22 32 17 16 9 
16 27 10 23 39 20 14 12 34 26 21 26 29 10 26 11 34 41 24 27 17 10 31 21 15 19 22 27 33 27 40 12 9 35 32 30 9 14 17 15 
29 34 15 15 37 22 9 10 32 27 13 25 14 11 8 26 35 45 25 38 20 13 34 11 19 25 20 33 27 28 19 21 11 40 38 30 22 12 29 11 
28 26 21 28 34 20 9 9 17 24 25 10 17 7 22 14 24 26 19 20 25 18 44 18 13 24 16 26 11 23 39 29 17 28 34 27 32 10 22 16 
23 33 22 26 28 30 10 11 37 32 16 28 7 7 5 13 23 20 12 14 12 17 33 11 18 18 28 43 19 41 27 18 15 21 35 25 24 13 19 16 
43 30 18 13 37 27 18 12 35 33 22 33 22 8 24 16 20 31 16 20 13 15 34 17 8 18 26 32 17 31 45 23 15 34 21 17 24 12 15 16 
31 17 24 14 29 25 12 10 41 18 17 18 9 14 14 20 26 19 25 20 22 11 48 17 14 28 21 21 18 18 23 17 12 23 25 29 12 23 17 14 
24 33 21 13 17 38 17 3 29 22 11 15 22 8 12 22 28 25 28 24 19 4 25 18 18 22 10 5 16 36 19 21 17 22 16 24 21 12 12 14 
14 19 17 21 24 34 11 9 24 32 20 30 19 6 21 15 28 10 16 23 21 24 27 24 16 45 22 20 23 38 23 19 23 28 32 18 27 17 13 14 
33 30 29 6 28 26 13 13 29 38 10 27 22 9 21 14 23 8 23 13 14 14 26 17 12 37 11 7 13 28 39 11 16 16 33 23 15 16 17 14 
24 27 26 21 24 29 16 10 17 26 6 26 10 11 13 8 18 15 22 30 10 10 31 14 14 18 26 24 26 20 27 20 13 27 30 19 23 10 18 10 
37 28 23 30 26 25 7 8 50 27 10 25 19 7 16 12 27 27 17 30 15 18 31 14 19 28 19 32 19 33 32 20 18 29 34 32 32 14 28 14 
23 17 27 29 26 23 11 12 35 38 18 20 21 10 16 21 29 31 18 17 14 17 27 15 9 31 22 9 8 28 22 19 11 19 15 18 17 17 23 16 
40 13 26 16 20 32 10 11 41 29 16 17 18 12 19 17 28 19 30 35 30 15 36 16 16 29 24 28 17 29 26 15 18 38 36 24 13 16 26 12 
27 31 24 17 13 27 15 8 31 40 15 26 15 13 21 12 22 46 25 28 34 11 41 21 12 16 22 33 28 28 42 22 17 33 22 18 26 11 25 16 
24 13 22 25 21 19 4 14 33 39 16 30 20 8 11 13 36 37 18 25 28 12 40 19 8 23 20 31 13 35 30 25 10 29 32 25 26 13 19 10 
12 24 34 11 31 39 10 12 26 35 11 23 14 14 18 13 21 32 25 18 29 18 21 17 17 27 19 26 3 21 35 22 15 40 25 20 25 17 30 13 
21 25 20 19 28 23 13 12 39 37 16 26 13 12 13 15 29 22 20 27 4 2 28 22 17 31 20 21 31 16 40 23 9 28 24 25 18 17 25 8 
26 17 30 22 30 31 9 11 42 37 13 25 7 13 14 17 26 33 22 27 26 8 22 15 12 28 20 22 16 38 29 17 11 36 22 18 32 9 17 13 
21 31 24 27 26 22 14 14 35 34 14 9 20 9 22 15 24 30 20 22 14 10 30 17 17 34 21 17 28 31 35 9 24 29 39 20 19 20 24 10 
37 11 18 24 24 23 8 9 30 26 19 25 15 6 17 16 25 45 34 20 19 13 27 14 17 21 20 26 27 37 28 17 17 33 16 25 14 10 27 7 
32 32 18 31 33 24 10 11 22 32 9 26 24 10 25 18 27 17 24 42 18 10 31 12 15 34 29 29 31 26 30 22 14 31 31 14 31 21 13 12 
24 21 37 23 31 25 18 13 24 29 19 24 14 11 22 15 27 33 14 20 31 7 29 22 15 32 21 21 24 35 27 23 19 30 22 15 36 13 22 9 
34 16 19 23 26 15 9 13 38 25 12 15 19 15 23 24 16 17 12 22 22 13 41 14 12 24 16 26 12 26 32 30 15 30 29 27 22 19 19 9 

MachineCapacities:
MachineID Capacity
0 10
1 10
