NumTasks NumMachines NumScenarios
20 2 50
TaskDetails:
TaskID ReleaseTime ResourceConsumption SuccessorsCount Successors...
0 0 1 6 2 11 13 
1 0 3 8 6 7 8 9 11 12 13 
2 0 8 9 1 6 
3 0 4 6 2 8 13 
4 0 1 5 2 7 13 
5 0 4 3 3 8 11 13 
6 0 3 10 2 7 12 
7 0 5 4 0 
8 0 4 8 0 
9 0 8 6 0 
10 0 3 5 0 
11 0 7 5 0 
12 0 3 6 0 
13 0 8 2 0 
14 0 8 1 1 19 
15 0 1 6 3 17 18 19 
16 0 1 10 1 19 
17 0 5 9 0 
18 0 3 6 0 
19 0 6 6 0 

13 6 15 11 21 30 25 29 14 15 28 30 6 18 23 23 35 31 49 24 45 24 29 37 18 41 26 28 15 19 35 9 20 13 24 20 28 11 8 46 
8 7 6 12 12 28 11 22 12 21 14 33 24 15 13 19 33 23 29 12 17 28 19 34 22 32 25 23 19 32 25 13 19 16 9 18 15 10 15 46 
8 14 20 12 19 33 14 12 12 14 24 19 24 11 20 28 17 15 16 41 18 15 29 16 19 27 14 8 14 35 18 6 18 10 35 19 30 9 16 26 
12 8 19 11 16 20 14 21 13 21 21 34 23 13 29 20 21 25 25 33 33 25 32 26 25 26 14 25 11 35 26 15 12 7 33 17 27 13 16 27 
12 11 14 13 17 17 11 21 15 14 21 42 28 19 21 22 26 19 19 37 27 20 22 28 24 42 27 15 9 28 23 14 18 11 37 23 24 13 7 38 
8 12 19 13 26 24 8 24 14 19 19 31 36 21 19 21 33 18 30 19 47 27 22 23 33 32 17 19 8 36 21 11 28 11 29 8 22 16 16 23 
13 7 16 7 23 35 13 23 14 16 15 22 29 14 35 20 20 15 27 22 25 18 18 17 29 17 19 21 11 19 24 8 22 7 32 20 27 19 19 32 
14 11 19 9 23 15 9 37 15 17 16 29 21 8 22 25 31 13 39 12 37 18 17 43 25 22 5 35 13 31 31 8 15 12 30 21 19 12 12 23 
11 11 22 9 12 24 11 28 16 16 16 32 24 15 18 18 11 25 25 18 28 25 26 14 24 25 20 17 16 39 21 16 10 7 21 15 27 12 16 33 
17 4 6 7 27 41 13 20 13 13 12 25 24 21 37 18 32 19 31 22 19 27 30 36 30 36 31 21 6 40 33 8 24 15 43 13 19 13 11 42 
9 15 17 16 25 8 10 22 18 14 20 27 17 16 34 20 30 17 34 20 25 19 29 34 27 19 21 18 15 17 25 9 18 13 28 11 29 10 17 24 
13 12 19 11 21 15 17 40 15 20 24 34 12 6 31 25 22 20 32 18 25 26 23 18 26 37 19 18 14 27 20 13 19 12 15 28 22 12 17 27 
15 11 25 12 21 18 11 30 10 10 23 51 25 16 21 15 25 16 21 23 25 28 24 22 19 36 23 23 7 33 25 16 17 14 27 19 21 11 13 31 
10 13 16 15 20 28 16 25 15 19 20 33 9 18 30 23 30 28 28 34 31 20 14 29 26 27 21 10 12 48 26 9 23 11 32 24 27 17 11 27 
9 13 8 14 21 25 8 11 9 19 24 2 13 18 21 25 40 24 25 21 39 18 20 26 19 38 27 18 12 31 30 11 14 15 48 17 13 14 21 34 
13 17 16 10 13 18 8 18 15 12 26 36 24 14 35 23 29 19 32 35 14 22 14 24 15 32 18 29 12 33 38 13 20 11 29 31 28 13 17 16 
13 12 23 11 16 23 11 37 12 16 20 22 26 17 32 18 24 18 37 25 26 20 22 26 21 27 17 30 11 23 19 12 17 10 41 13 29 9 18 30 
13 10 19 14 21 34 17 22 17 10 17 37 22 20 24 31 32 31 32 27 34 18 23 24 32 15 18 16 12 17 31 11 13 11 34 25 24 12 28 20 
13 7 17 2 22 6 11 25 13 15 26 26 23 10 33 28 19 10 34 25 41 15 26 14 35 29 22 23 14 38 20 10 16 9 34 25 18 10 18 31 
7 13 21 14 18 24 13 40 16 15 18 33 34 17 27 26 26 24 33 26 34 17 22 22 36 41 25 4 13 28 18 11 21 13 26 20 27 16 17 34 
5 3 26 7 25 26 12 15 10 17 21 14 12 19 39 20 29 7 29 34 35 27 29 24 34 32 26 18 18 32 34 12 19 8 27 30 32 13 13 34 
8 14 26 12 14 21 17 26 16 11 18 26 25 15 31 29 18 14 32 27 30 19 13 19 20 24 18 26 13 34 17 12 15 13 25 12 26 12 17 33 
4 11 19 13 16 24 17 37 5 22 19 35 15 15 16 22 24 19 39 24 21 22 27 21 28 38 31 22 11 25 20 13 22 15 13 22 16 12 18 37 
11 17 18 11 14 30 10 17 18 19 15 17 19 19 25 16 25 21 37 23 41 21 26 28 25 31 13 24 10 25 17 17 15 21 44 29 17 14 22 28 
16 7 7 14 20 29 13 17 10 13 18 29 25 20 26 20 31 18 33 25 34 26 19 20 21 25 20 20 13 22 22 14 15 11 39 11 35 8 17 25 
11 10 14 13 17 25 9 32 13 23 24 37 19 16 17 31 36 20 26 23 27 24 24 38 25 41 25 16 16 39 26 13 18 11 31 20 25 9 15 33 
14 10 25 15 21 27 15 24 15 11 25 39 29 13 32 24 28 32 32 24 28 18 19 24 16 17 12 16 19 30 29 15 23 18 37 19 22 15 18 20 
13 10 18 15 25 23 12 24 13 14 19 30 23 19 29 18 35 18 33 34 36 27 26 45 10 41 28 15 13 34 22 13 24 11 23 26 23 11 22 35 
16 15 7 11 28 13 10 26 11 14 12 27 20 24 33 28 31 22 49 36 36 24 17 32 24 23 26 13 7 17 37 13 17 15 40 12 20 10 14 26 
9 13 18 14 18 31 16 30 11 24 24 28 20 15 25 11 27 26 32 24 42 25 18 18 24 31 15 15 11 24 16 15 22 12 29 26 20 12 9 33 
9 9 19 12 18 35 12 22 14 12 16 28 35 9 32 26 14 23 36 20 36 19 32 29 30 35 19 19 15 26 45 11 14 13 26 27 17 13 19 27 
9 8 13 10 9 17 10 32 15 24 17 47 21 22 18 21 31 16 41 29 53 10 12 35 28 28 17 21 11 23 13 14 27 12 53 21 28 10 17 34 
11 7 11 7 19 30 9 21 12 19 21 32 23 16 23 22 30 19 38 11 60 22 27 29 34 40 31 22 13 19 16 7 12 16 40 26 13 8 11 29 
15 12 26 12 9 20 14 20 12 22 25 40 19 15 35 21 42 17 29 28 25 21 12 18 28 32 13 19 12 20 24 12 23 14 29 17 13 12 10 32 
12 8 6 16 23 19 13 25 10 18 34 24 26 15 13 20 22 18 21 16 13 26 32 34 32 13 19 30 12 30 25 8 17 13 22 20 13 9 15 29 
6 8 13 6 22 37 19 17 12 23 20 19 28 17 25 17 27 2 30 17 22 12 14 21 20 34 12 22 10 24 15 13 20 4 55 19 20 11 18 29 
6 14 21 11 9 24 10 25 9 11 17 39 25 19 29 21 21 22 49 26 51 22 33 40 25 33 24 26 11 22 31 10 21 11 19 17 36 11 24 25 
11 10 15 11 22 17 17 38 10 17 23 33 32 12 20 11 29 25 25 39 28 20 10 24 29 24 16 21 10 43 19 14 21 19 34 20 26 17 20 25 
9 19 17 11 16 29 15 28 13 17 18 20 25 22 23 24 33 26 35 21 33 19 13 39 27 24 22 19 9 19 21 9 19 12 24 30 18 11 15 21 
13 14 22 10 19 31 12 30 17 11 17 23 35 12 34 34 34 22 27 32 26 16 17 20 19 36 27 14 11 41 18 15 11 11 25 28 34 11 16 22 
9 8 17 10 22 30 19 25 14 11 17 43 26 19 17 25 38 26 27 22 44 19 22 26 33 30 26 22 17 40 22 21 22 14 19 17 19 16 21 33 
12 8 12 10 16 26 16 24 10 19 27 30 18 15 26 15 34 21 17 22 17 23 29 31 15 23 17 10 7 44 34 8 25 13 43 24 32 17 18 27 
14 11 18 12 26 22 12 16 16 21 23 26 27 16 35 25 38 21 28 18 26 17 18 24 18 14 21 11 8 40 18 15 11 10 41 13 28 9 19 35 
6 10 17 11 20 19 17 25 12 17 21 18 7 22 26 26 22 32 12 29 43 9 28 32 26 31 12 13 10 27 20 11 18 11 35 23 8 17 13 31 
9 8 28 8 25 27 14 32 16 16 24 15 11 20 21 29 34 21 28 44 29 21 26 27 33 29 20 18 10 37 35 11 19 8 32 18 19 3 17 23 
9 9 6 14 17 28 9 28 14 14 17 32 35 13 30 27 52 27 32 19 22 26 27 27 36 23 28 24 13 20 22 16 12 7 20 24 20 12 20 25 
12 10 25 15 22 17 14 27 12 22 18 31 19 7 24 24 18 19 35 31 26 24 12 24 28 20 11 33 12 38 17 7 15 13 37 24 9 11 8 29 
12 14 19 14 18 22 13 24 13 17 31 24 25 15 27 35 36 24 36 28 21 24 22 36 24 38 28 13 11 20 22 11 19 13 39 10 15 10 18 34 
9 8 22 11 20 20 13 26 11 15 26 44 14 17 26 21 19 27 40 36 32 28 23 31 31 34 27 23 10 23 32 18 13 10 37 19 23 10 9 47 
14 13 23 12 14 24 10 16 9 15 25 21 29 18 16 35 27 29 14 31 22 19 25 31 21 22 25 28 11 40 33 19 14 17 25 17 30 15 20 28 

MachineCapacities:
MachineID Capacity
0 10
1 10
