NumTasks NumMachines NumScenarios
20 2 50
TaskDetails:
TaskID ReleaseTime ResourceConsumption SuccessorsCount Successors...
0 0 5 2 3 5 7 9 
1 0 5 5 2 11 12 
2 0 5 6 1 10 
3 0 7 1 4 7 8 10 12 
4 0 10 2 2 11 12 
5 0 5 4 1 10 
6 0 9 4 0 
7 0 2 2 0 
8 0 8 4 0 
9 0 9 9 1 11 
10 0 2 7 0 
11 0 1 5 0 
12 0 9 4 0 
13 0 3 2 2 14 17 
14 0 10 10 1 19 
15 0 2 7 0 
16 0 5 7 0 
17 0 1 5 1 19 
18 0 4 5 1 19 
19 0 6 9 0 

23 36 27 26 21 35 23 12 5 23 26 27 43 52 17 21 25 11 33 26 24 26 17 10 13 20 18 23 28 29 14 27 16 36 10 20 37 27 9 29 
15 30 21 25 29 37 18 16 14 24 19 16 19 23 17 20 22 12 27 40 30 24 31 20 14 19 18 36 22 33 9 27 14 24 13 21 33 11 10 24 
15 30 26 26 20 22 19 27 7 13 33 22 17 25 15 28 11 6 14 34 23 23 33 11 9 21 23 24 33 22 3 18 24 27 10 17 28 20 15 30 
23 28 12 31 27 20 11 19 13 24 35 31 30 26 16 11 30 14 7 29 48 41 38 11 10 14 25 24 22 16 10 36 15 40 13 35 20 19 12 5 
18 21 20 32 26 27 14 10 10 21 34 23 40 32 20 29 28 8 26 29 20 26 38 14 9 31 14 34 47 21 14 26 11 22 12 16 23 11 12 28 
11 32 31 29 14 18 16 25 19 18 20 27 32 22 15 24 28 11 22 31 41 30 25 16 9 20 29 25 28 21 13 19 23 25 12 24 40 22 8 9 
19 25 19 15 25 21 18 10 13 26 29 23 39 35 16 25 27 11 18 21 46 23 17 11 11 16 30 21 26 20 13 12 19 33 7 26 29 22 12 21 
13 35 26 19 5 13 21 12 14 25 31 26 31 22 15 28 15 14 24 22 41 24 40 16 9 3 22 24 25 19 8 29 23 25 10 28 25 10 7 24 
16 38 27 23 16 25 23 13 19 18 30 18 37 23 13 13 23 14 24 40 17 28 39 8 10 10 25 20 42 24 6 34 21 33 6 27 36 25 11 11 
26 30 31 17 29 35 15 14 18 29 36 20 28 45 19 16 6 16 17 17 46 41 31 20 12 37 39 34 29 10 8 23 15 34 4 26 22 14 16 25 
17 21 17 25 34 18 17 11 13 23 30 24 25 37 19 41 17 8 26 29 52 22 17 10 10 19 24 26 31 23 9 34 22 25 8 18 34 21 8 23 
20 24 18 18 26 20 18 19 11 13 31 27 31 35 22 24 10 9 22 25 24 24 34 17 8 24 14 29 22 9 4 29 21 29 9 24 37 16 9 25 
20 17 14 22 41 23 16 11 14 26 26 12 30 28 20 27 22 11 32 30 45 36 24 12 10 27 29 32 34 18 11 32 20 31 11 28 35 14 12 15 
23 23 18 13 27 20 13 19 16 15 25 33 31 30 21 34 22 8 34 26 37 22 28 16 7 23 21 25 35 26 9 20 19 28 6 19 28 23 10 28 
17 18 24 13 20 18 17 21 15 23 27 34 20 26 21 21 28 12 29 19 34 36 22 17 8 23 8 23 22 22 9 28 11 26 10 23 11 18 11 30 
17 36 25 20 11 41 17 11 10 24 35 14 14 30 25 21 21 3 7 30 25 28 15 14 14 23 28 18 36 24 10 26 20 29 10 16 22 25 13 30 
11 18 18 21 19 31 22 19 15 23 18 24 25 28 12 15 17 10 33 12 31 35 27 14 9 21 17 22 29 16 10 37 16 32 10 21 27 29 17 35 
26 35 24 21 35 27 23 19 15 31 24 18 30 28 25 23 18 9 32 38 24 44 29 12 6 24 18 25 16 19 6 22 19 22 5 27 28 27 13 24 
16 22 17 16 21 18 18 8 17 20 17 24 27 36 11 6 12 12 27 31 23 21 20 9 6 13 20 19 27 14 14 30 16 31 4 8 36 25 18 22 
16 28 22 23 18 40 13 16 15 20 30 34 32 46 11 20 10 6 26 31 28 14 35 16 13 21 23 20 28 17 15 22 25 49 9 20 27 27 16 17 
24 40 27 28 41 21 25 14 12 11 37 28 30 24 21 23 23 8 31 31 25 28 39 14 14 28 21 19 38 26 9 25 17 26 11 21 26 18 8 30 
12 14 28 19 31 20 21 11 18 30 21 23 21 25 10 29 17 13 22 38 38 37 33 11 8 28 36 23 29 20 8 31 21 41 8 22 28 20 11 17 
23 21 27 17 26 30 14 17 9 14 21 28 25 21 20 28 20 9 17 32 13 24 33 11 10 18 19 25 19 20 9 30 18 21 12 13 25 17 10 28 
14 33 16 22 41 27 25 16 16 15 23 29 25 25 22 28 13 14 32 31 27 22 38 13 8 18 18 34 25 29 13 33 20 30 6 20 37 20 15 3 
21 15 21 20 23 24 24 10 18 24 24 33 23 18 21 18 23 13 26 28 34 17 34 14 7 34 23 31 30 22 10 34 21 23 8 26 23 22 5 28 
15 16 24 29 33 19 27 14 19 31 27 24 30 48 20 33 23 16 16 37 29 41 39 10 11 21 18 24 19 19 4 32 20 35 8 17 13 25 10 28 
21 44 33 19 25 31 21 14 12 16 21 20 19 28 14 20 14 8 43 26 26 38 30 13 12 17 24 33 34 29 10 13 16 30 13 28 26 12 14 28 
14 23 18 24 31 23 23 11 15 23 35 33 18 29 4 23 16 8 21 36 26 17 34 15 11 25 22 32 34 30 5 29 14 35 7 41 35 21 10 20 
10 24 20 16 27 12 18 16 8 19 26 32 21 24 15 25 14 10 24 26 37 22 34 6 9 29 25 19 44 33 12 30 20 20 11 20 28 13 11 13 
13 25 19 16 34 32 19 10 14 16 17 12 23 24 16 31 33 13 37 42 55 31 35 10 14 32 22 31 30 21 10 38 13 36 8 29 7 17 8 35 
25 20 16 11 13 19 22 19 10 27 37 20 29 15 24 39 16 12 32 32 40 16 34 11 11 22 19 21 33 27 7 11 15 35 5 29 30 15 13 19 
19 18 23 19 28 21 17 14 12 14 27 28 29 28 20 27 19 11 46 27 27 30 28 15 10 21 28 23 22 27 11 23 16 32 12 28 21 12 15 26 
14 17 24 20 27 30 12 25 13 16 22 31 30 17 19 2 15 9 24 39 28 28 30 13 13 17 25 28 23 21 7 32 20 20 12 22 41 21 11 18 
22 22 12 27 16 28 14 17 21 22 31 27 17 26 8 26 25 11 25 30 31 41 45 10 14 22 28 33 29 23 10 15 20 26 9 26 40 15 17 15 
19 19 20 26 29 25 19 22 13 22 24 35 38 44 18 34 18 13 25 46 34 30 45 9 8 15 16 29 23 26 10 30 19 34 7 28 23 14 14 14 
19 32 26 22 17 34 16 12 17 21 22 28 33 28 13 24 16 14 20 24 36 42 31 17 10 13 36 39 41 23 13 36 22 26 13 20 34 22 10 27 
17 26 24 20 25 30 19 14 16 25 41 27 26 23 17 23 22 11 38 33 25 24 18 11 12 25 26 30 27 25 7 31 9 35 12 33 23 26 13 38 
23 18 18 37 33 32 27 15 11 21 20 13 34 26 15 31 12 17 24 22 29 12 24 11 10 33 4 36 44 21 11 28 19 40 13 27 17 23 15 25 
20 32 23 26 20 39 13 27 13 19 24 30 14 33 15 28 23 7 12 30 16 36 31 13 13 15 13 23 28 35 6 23 19 16 10 30 33 16 6 22 
19 13 28 24 28 27 20 21 11 19 24 31 27 39 17 21 25 8 48 32 34 44 50 13 6 29 21 11 19 20 6 34 24 14 7 21 27 19 12 30 
20 21 3 27 33 34 15 15 11 16 26 24 26 32 20 16 24 11 7 17 24 25 26 9 9 21 18 23 35 27 9 20 25 18 10 17 27 16 18 16 
16 23 12 28 33 35 13 22 15 17 17 10 30 28 13 27 19 9 27 23 13 18 34 18 6 28 21 27 24 35 12 28 20 39 14 8 26 12 12 25 
18 15 25 9 22 26 13 15 18 17 20 22 24 16 23 26 20 11 39 25 42 39 50 9 11 22 29 23 26 32 10 20 28 30 12 24 23 25 14 9 
23 23 12 23 23 29 21 15 14 23 35 39 38 27 23 32 35 9 40 39 44 33 37 14 17 21 23 22 18 19 9 15 22 16 14 22 30 12 13 21 
18 25 24 12 29 25 21 13 16 28 23 25 24 19 16 31 20 8 12 25 34 47 25 15 17 23 20 33 22 25 13 25 18 17 8 25 31 26 8 20 
20 25 12 14 28 25 18 18 9 21 28 34 40 30 18 24 20 9 34 47 29 22 31 10 9 19 13 31 27 23 9 26 19 34 6 29 36 27 14 29 
4 25 23 15 30 42 13 17 17 12 11 17 48 39 9 33 32 14 16 30 18 26 36 9 12 22 21 25 31 18 12 26 19 25 9 26 29 23 16 27 
19 21 25 25 22 21 22 16 22 7 34 32 34 32 18 32 31 6 31 38 24 38 25 15 9 22 24 32 26 22 11 31 13 45 14 20 29 16 17 28 
16 25 39 30 17 20 22 17 10 23 38 26 26 36 19 21 15 9 22 30 22 40 42 13 9 32 31 30 31 30 10 25 16 33 12 21 32 13 10 19 
18 38 23 14 5 26 24 17 10 23 25 31 37 29 10 37 29 11 26 26 29 32 28 12 11 30 29 16 35 33 5 30 22 25 9 28 33 21 10 26 

MachineCapacities:
MachineID Capacity
0 10
1 10
