NumTasks NumMachines NumScenarios
10 3 50
TaskDetails:
TaskID ReleaseTime ResourceConsumption SuccessorsCount Successors...
0 0 6 3 6 1 3 
1 0 3 8 2 2 2 3 
2 0 6 1 5 1 4 
3 0 4 5 7 1 4 
4 0 3 2 3 0 
5 0 7 6 8 2 7 8 
6 0 3 7 6 2 7 8 
7 0 10 8 8 1 9 
8 0 6 5 4 1 9 
9 0 8 8 10 0 

26 33 7 11 40 8 18 13 13 17 16 33 24 28 19 13 16 27 12 20 14 24 9 27 22 22 30 23 17 14 
28 27 10 21 25 17 22 36 31 11 16 29 24 33 13 19 19 28 12 12 22 23 9 27 29 26 22 31 38 22 
41 29 11 21 31 21 16 40 17 16 10 22 26 26 16 14 13 23 12 15 18 17 8 39 26 28 25 25 25 13 
27 23 13 16 19 19 16 38 23 16 17 9 20 29 18 16 17 22 11 14 14 20 12 34 16 20 26 4 35 24 
21 24 8 6 28 26 17 25 22 27 22 14 21 23 22 14 12 14 12 7 15 18 12 32 20 23 27 28 16 17 
26 25 8 11 20 4 16 29 35 19 14 20 21 33 18 16 20 30 5 21 12 16 8 20 15 21 32 20 28 18 
36 29 14 16 28 6 13 28 25 10 22 24 16 31 8 20 16 22 12 16 13 16 15 38 27 18 31 31 13 16 
35 25 14 15 18 14 21 42 31 25 17 18 22 14 16 18 18 25 18 14 17 17 13 28 12 20 3 32 28 21 
30 29 11 16 29 24 14 29 23 29 15 28 28 19 19 17 17 23 11 17 12 24 14 27 25 25 23 21 33 22 
26 18 14 13 27 18 17 26 21 19 15 20 25 34 13 23 15 38 11 15 10 15 12 35 25 28 52 28 22 20 
38 25 5 21 14 15 22 13 29 25 12 23 15 25 10 18 14 24 13 17 16 20 12 36 20 25 29 21 29 18 
24 34 11 19 40 14 18 29 16 16 24 32 19 27 16 22 14 37 11 10 12 21 14 17 27 14 48 13 35 29 
13 23 10 19 30 18 20 34 16 27 17 18 26 47 14 15 16 24 10 20 15 18 12 34 27 28 27 19 37 19 
31 29 16 13 22 10 20 26 16 24 20 17 10 45 12 11 23 25 9 16 16 8 13 18 11 24 41 35 27 29 
33 29 11 12 38 10 19 45 22 25 17 20 29 8 19 17 17 31 16 9 7 28 13 22 20 28 26 20 28 16 
31 20 12 14 27 18 15 32 33 24 12 31 26 37 17 10 15 30 14 15 14 16 11 43 23 28 34 30 19 19 
30 42 14 16 32 16 13 35 2 23 18 21 17 20 14 20 16 33 14 19 12 14 15 19 24 8 33 27 23 13 
29 24 12 20 23 15 15 30 19 27 17 31 22 11 16 16 18 17 10 12 10 20 15 24 9 19 31 31 26 15 
31 25 9 19 28 22 16 38 37 24 14 26 27 34 12 16 14 29 12 17 6 23 10 11 31 16 36 14 27 21 
26 31 9 26 34 12 15 39 15 31 19 25 15 38 8 12 19 32 16 18 12 19 9 11 17 25 40 31 26 12 
19 28 4 14 15 18 11 17 20 7 17 24 39 37 11 15 19 15 16 15 11 29 14 39 19 26 41 40 26 21 
26 27 11 16 42 21 13 33 30 22 23 17 12 28 22 14 22 26 15 14 15 10 13 15 19 24 21 32 11 26 
32 28 7 13 46 15 13 24 38 29 21 33 17 27 10 20 13 22 17 14 9 12 11 33 17 28 12 33 31 25 
29 13 6 20 26 15 15 25 22 10 21 36 16 26 15 16 12 30 14 14 12 25 13 34 23 26 28 21 45 14 
13 52 11 17 13 20 19 31 18 20 17 19 16 26 17 18 12 39 10 14 13 15 21 30 22 35 28 26 32 21 
29 22 8 15 34 14 12 36 18 24 13 15 19 33 16 21 15 27 14 12 15 22 10 20 15 31 15 20 19 28 
30 28 11 20 32 7 23 16 24 12 16 30 20 31 15 16 17 56 7 18 11 9 10 30 24 8 25 31 22 15 
24 26 16 9 20 14 16 14 20 21 16 25 27 17 15 20 21 38 12 13 5 24 9 22 23 12 29 29 23 13 
30 35 10 20 32 15 21 24 27 20 21 28 21 36 12 8 13 37 5 11 14 17 13 26 16 21 19 23 50 19 
15 21 7 19 30 12 18 33 27 18 11 18 28 36 12 14 16 16 15 18 11 19 14 23 20 23 36 23 21 10 
28 29 15 12 13 14 20 25 20 25 20 28 20 37 19 21 23 26 11 9 10 19 14 28 18 34 37 26 34 19 
20 27 11 14 31 17 12 29 19 20 14 23 19 26 11 18 20 26 10 17 19 9 9 39 15 36 37 33 26 19 
26 14 8 20 42 24 11 40 16 15 15 15 13 45 23 16 15 42 16 21 10 14 11 44 25 23 33 30 28 21 
39 47 11 20 19 12 17 26 26 16 15 27 25 34 17 15 18 42 12 15 17 14 15 33 21 23 23 15 23 22 
19 32 14 22 33 17 17 36 27 21 20 30 35 19 11 20 21 29 14 16 17 26 17 34 13 17 26 21 29 20 
12 24 11 18 18 19 18 34 32 27 16 26 15 23 16 18 12 27 10 12 19 18 14 24 15 21 32 25 23 17 
15 25 7 14 19 21 19 36 29 15 15 22 30 29 15 12 11 18 18 18 13 13 9 19 20 28 35 21 31 15 
25 33 18 14 4 17 19 20 35 25 8 23 27 37 12 18 14 13 11 12 11 19 11 51 23 25 12 29 16 14 
13 12 12 18 42 18 11 28 20 28 8 19 38 23 21 15 11 36 11 14 14 19 17 23 17 30 32 30 35 12 
19 17 9 17 31 11 16 27 22 20 22 28 27 21 20 11 18 30 12 13 15 17 9 25 13 26 28 28 28 16 
25 14 8 22 35 15 16 26 32 16 10 27 21 36 11 17 17 28 10 16 9 17 16 26 19 18 24 28 38 19 
25 35 11 16 32 12 11 32 43 15 16 16 19 35 14 13 20 33 15 16 15 18 11 30 13 29 40 27 35 31 
42 30 9 15 36 15 9 39 23 19 18 12 26 28 17 14 17 23 15 14 14 25 9 21 20 18 33 31 28 12 
19 32 8 21 21 15 14 44 15 19 18 29 29 25 20 16 8 24 14 16 12 20 14 28 11 23 14 22 23 17 
33 21 8 19 23 14 20 41 30 16 16 27 30 13 20 15 17 30 20 11 10 12 21 23 13 19 30 22 43 22 
24 18 11 13 24 19 13 20 34 23 18 9 28 25 8 11 12 34 14 16 13 24 9 19 25 30 29 19 26 19 
28 35 7 22 26 17 15 29 37 18 13 28 10 10 24 5 15 22 15 14 13 17 12 12 23 27 37 20 21 23 
13 25 6 8 30 17 15 27 23 16 14 20 18 36 11 12 24 22 8 16 21 21 13 25 23 21 39 28 36 24 
19 23 10 18 31 22 13 34 19 14 16 9 14 28 22 18 9 24 8 16 10 14 12 34 13 23 28 30 22 18 
25 28 13 12 23 27 16 35 16 19 17 21 11 24 15 14 17 32 18 17 11 19 14 28 15 34 30 28 23 21 

MachineCapacities:
MachineID Capacity
0 10
1 10
2 10
