NumTasks NumMachines NumScenarios
10 3 50
TaskDetails:
TaskID ReleaseTime ResourceConsumption SuccessorsCount Successors...
0 0 5 5 4 2 2 3 
1 0 4 5 1 1 3 
2 0 6 1 4 1 4 
3 0 3 7 10 1 4 
4 0 2 6 2 0 
5 0 1 3 9 2 7 8 
6 0 2 2 4 1 8 
7 0 4 5 5 1 9 
8 0 1 9 4 1 9 
9 0 8 2 8 0 

24 13 16 12 24 25 9 12 37 35 27 47 7 16 34 15 34 13 15 15 9 17 25 21 31 8 12 30 21 25 
22 10 18 17 16 29 18 15 40 26 13 29 12 30 26 12 21 13 23 19 27 20 21 20 27 14 30 35 16 25 
19 28 16 22 28 29 10 11 19 28 24 29 10 20 27 10 27 10 20 19 20 17 22 18 21 11 35 33 19 20 
25 19 17 19 32 27 14 16 48 36 15 35 7 23 30 20 27 22 5 28 17 19 21 20 23 13 21 32 18 16 
27 17 21 25 26 31 8 13 30 29 22 36 6 27 20 13 28 14 17 20 25 20 18 17 42 16 24 21 23 28 
23 9 22 11 45 23 16 12 42 23 28 32 15 17 36 15 21 16 20 19 22 20 13 20 32 12 23 15 17 26 
25 18 23 31 33 23 7 7 37 46 13 28 16 25 35 18 25 8 9 19 19 26 11 16 25 10 15 14 18 31 
17 24 19 19 26 33 5 17 20 23 16 30 9 17 29 15 25 15 15 21 10 28 12 12 36 13 29 27 18 27 
26 19 30 29 21 44 16 12 29 32 6 22 7 26 16 11 39 15 14 18 27 17 17 21 27 19 27 38 21 25 
28 15 11 24 30 21 22 7 16 20 19 20 11 26 18 16 23 11 11 19 21 12 17 24 28 10 23 13 18 24 
30 8 27 22 33 33 15 14 23 26 15 29 10 28 32 10 20 12 19 28 28 19 19 10 26 12 23 29 15 24 
5 11 17 39 23 23 23 9 27 25 20 25 7 26 25 15 31 17 23 23 12 26 29 20 28 10 19 34 15 28 
25 19 27 22 31 19 10 8 27 18 31 28 9 13 29 12 12 19 14 13 19 18 16 14 25 10 22 27 26 30 
24 17 27 35 47 28 17 10 36 34 17 17 11 19 31 15 30 24 15 15 22 24 24 18 31 14 35 35 27 23 
20 13 22 15 27 26 10 13 25 22 26 40 16 28 21 19 27 13 22 7 23 23 13 18 22 12 20 24 22 13 
25 14 20 31 31 28 12 16 16 30 17 29 13 23 30 9 32 23 16 25 28 21 12 21 31 15 28 32 18 21 
22 16 17 18 26 34 9 14 32 46 17 33 16 32 22 16 29 13 18 12 18 15 13 13 35 12 22 34 18 20 
29 16 19 23 25 27 4 12 17 22 18 19 11 28 30 16 38 19 17 23 20 21 20 25 12 5 24 36 20 26 
15 18 26 24 15 32 12 12 30 25 25 17 6 44 17 11 27 19 11 20 17 15 18 27 21 20 19 21 20 39 
24 11 18 31 27 21 14 13 23 37 12 16 5 15 30 15 20 10 21 20 26 9 17 27 25 10 19 37 19 24 
19 20 27 29 39 18 12 8 22 28 15 40 11 22 26 22 31 9 20 23 17 20 12 23 15 16 21 29 14 30 
29 19 21 28 33 29 9 12 24 24 19 28 12 18 25 17 21 11 16 14 21 30 15 24 39 15 24 29 20 19 
38 13 14 24 32 29 11 8 30 39 13 24 6 28 32 13 40 16 8 8 26 20 19 16 15 16 23 22 17 16 
17 18 23 17 35 20 8 13 30 18 23 36 13 21 37 12 33 20 14 13 13 14 10 22 15 11 20 30 15 30 
35 19 27 24 40 32 13 15 27 24 27 25 12 30 16 5 22 15 13 26 27 29 17 16 25 17 27 21 13 25 
13 21 12 11 33 23 7 8 23 44 23 27 13 23 30 17 25 13 12 13 21 16 15 22 27 15 19 26 28 22 
13 14 14 14 19 32 12 8 30 26 21 28 12 18 25 20 27 12 7 12 26 21 15 14 35 7 26 24 19 23 
28 30 20 28 29 41 12 16 35 28 21 24 9 23 35 10 31 13 18 22 27 16 18 20 19 12 26 25 26 21 
29 17 27 22 25 21 6 17 27 39 24 31 8 29 22 8 24 12 17 14 26 22 19 19 27 16 28 40 14 28 
19 20 31 19 31 37 14 16 11 23 31 27 15 29 38 19 23 20 21 16 26 25 13 16 33 15 23 35 21 23 
27 9 14 24 18 20 10 8 31 38 15 9 11 38 29 13 28 13 12 18 32 21 11 10 27 11 25 29 17 26 
17 13 21 16 13 46 13 15 26 29 23 34 13 21 37 19 26 19 21 22 22 16 21 21 33 10 22 25 11 30 
18 16 16 23 19 29 12 11 40 23 16 47 10 35 33 16 27 21 17 18 18 6 9 22 19 14 11 33 19 22 
14 12 26 22 36 25 12 17 35 33 28 23 13 16 27 15 26 14 19 27 26 21 13 19 28 16 6 24 11 18 
23 15 16 25 33 40 13 20 18 28 15 31 4 11 36 12 27 12 17 23 32 8 12 15 39 8 25 39 10 30 
22 22 22 25 29 17 10 12 26 32 14 28 8 28 10 10 38 14 23 23 15 20 18 17 16 11 24 39 20 37 
22 17 29 23 31 29 10 12 31 36 18 27 11 25 31 9 24 12 19 17 15 7 13 22 18 18 19 27 16 32 
17 18 21 23 42 36 15 12 32 20 18 31 13 33 30 15 16 15 19 24 19 8 17 22 16 13 17 10 14 25 
18 21 13 23 27 38 15 16 27 24 30 17 8 15 33 4 24 16 13 18 22 20 17 14 32 14 15 32 19 19 
34 13 22 29 24 29 16 16 13 26 16 34 8 27 21 23 38 9 25 21 20 10 14 20 27 16 29 37 21 28 
12 14 18 24 40 20 7 16 14 27 22 24 9 34 35 6 19 13 21 12 28 28 15 24 30 12 21 20 19 22 
24 9 23 13 26 34 15 9 28 25 32 16 6 34 12 16 30 18 11 21 26 18 15 20 27 11 18 37 16 26 
25 16 30 27 27 24 10 12 38 33 26 13 11 24 25 13 23 20 14 14 18 15 20 20 26 12 15 20 21 18 
22 20 28 23 41 26 9 8 32 35 19 25 9 27 27 15 17 19 15 19 11 12 14 19 21 15 25 32 19 13 
19 14 22 20 4 26 10 9 16 37 13 19 7 34 38 10 30 8 13 18 29 24 21 19 31 14 28 31 19 28 
19 13 30 24 40 34 9 14 22 23 23 17 10 21 31 10 44 11 14 18 28 13 15 18 23 9 18 28 14 27 
25 21 30 20 27 29 10 11 22 28 16 29 11 32 24 17 12 6 9 14 19 22 14 6 30 10 25 23 24 25 
20 17 23 32 33 21 13 13 45 19 8 32 14 34 24 19 33 16 12 25 33 10 10 10 31 12 27 20 14 18 
31 18 28 18 30 31 12 14 45 18 19 31 12 28 26 16 31 13 14 10 20 15 11 16 34 10 23 33 13 24 
15 9 26 18 29 35 13 12 21 32 23 35 9 29 27 11 25 17 24 24 10 20 15 12 33 16 28 42 12 33 

MachineCapacities:
MachineID Capacity
0 10
1 10
2 10
