NumTasks NumMachines NumScenarios
10 3 50
TaskDetails:
TaskID ReleaseTime ResourceConsumption SuccessorsCount Successors...
0 0 6 4 2 1 1 
1 0 3 8 6 1 3 
2 0 5 7 5 1 4 
3 0 5 2 5 1 4 
4 0 5 9 9 0 
5 0 2 1 10 2 7 8 
6 0 3 10 3 2 7 8 
7 0 2 4 3 1 9 
8 0 7 6 3 0 
9 0 3 5 2 0 

14 35 11 21 11 32 20 18 15 13 20 37 17 15 11 21 12 12 11 12 11 42 16 14 25 25 14 31 24 10 
11 19 14 13 37 36 12 26 23 21 11 32 14 15 18 14 19 20 12 9 3 32 30 20 15 27 12 18 25 10 
16 43 17 15 18 23 21 33 27 10 23 31 17 20 13 25 22 25 12 9 13 31 20 9 29 40 20 20 41 9 
16 30 11 19 12 29 27 29 27 11 14 44 14 12 15 21 25 13 5 13 12 24 15 11 27 28 16 21 29 12 
15 18 11 19 14 25 18 20 30 15 20 21 13 14 13 22 16 18 12 16 6 23 21 10 32 30 18 20 21 9 
16 36 7 24 19 38 19 23 31 16 24 26 22 15 12 11 15 9 9 25 11 31 25 13 24 24 16 15 27 12 
13 22 12 18 21 48 15 20 26 12 18 26 13 13 9 17 16 31 15 11 11 31 24 11 16 19 10 27 47 14 
12 37 10 10 23 29 11 31 12 19 34 25 21 10 15 33 19 11 10 17 8 27 27 16 22 30 13 22 36 8 
13 32 9 21 18 32 15 20 9 13 15 29 18 19 14 27 20 21 16 12 14 20 28 5 29 32 16 20 29 13 
13 43 5 9 20 42 14 43 16 17 25 21 21 14 12 23 16 21 14 19 13 28 7 5 26 25 15 9 29 9 
14 25 14 17 32 31 11 23 16 12 24 24 15 19 13 17 23 18 7 13 6 20 21 14 14 29 12 17 23 2 
15 33 10 14 23 38 11 34 10 17 20 31 10 17 13 33 27 14 11 17 10 21 8 16 30 30 24 25 36 13 
11 30 7 17 26 16 20 29 14 17 25 33 19 11 12 22 26 16 8 9 9 25 33 12 36 16 12 28 33 8 
15 31 11 20 23 11 17 20 33 17 8 15 13 20 13 16 15 15 16 18 10 30 26 10 19 22 11 27 35 12 
18 29 9 15 24 34 14 29 26 18 26 30 18 13 9 24 7 12 9 20 15 14 28 17 17 41 11 28 41 12 
16 35 15 15 27 34 12 40 19 15 28 16 11 20 13 23 10 15 12 14 4 30 33 12 21 32 14 19 23 13 
13 24 15 11 19 36 13 30 21 17 18 42 14 13 11 19 14 18 15 8 9 40 17 10 23 24 10 31 32 12 
16 11 7 13 27 31 15 37 25 11 17 23 11 15 12 12 12 16 8 22 16 31 23 17 33 29 14 13 26 15 
12 17 14 15 19 14 18 16 18 13 17 33 9 13 9 21 13 19 13 21 13 15 26 8 20 24 12 15 47 9 
17 36 10 12 21 26 17 24 22 15 17 32 7 14 17 24 17 18 9 17 11 23 26 18 29 18 18 24 45 12 
20 28 5 16 21 30 13 18 20 5 13 22 11 13 13 22 23 20 16 15 9 44 23 14 27 37 10 20 29 12 
10 31 13 15 15 36 19 23 22 15 24 16 19 15 11 13 16 19 11 17 11 33 26 11 21 34 14 24 20 10 
15 43 12 15 17 24 13 27 25 11 20 30 16 13 17 31 22 26 10 14 11 18 27 15 17 22 10 21 50 9 
19 28 16 15 26 30 12 25 19 20 20 26 15 6 13 30 25 16 8 15 10 27 20 14 25 20 9 12 3 11 
17 29 13 17 22 34 18 22 20 10 9 15 15 18 19 18 30 18 9 11 7 26 17 16 26 16 14 20 32 7 
11 40 13 14 19 27 21 30 25 13 14 15 17 25 12 32 6 20 8 24 9 23 25 13 20 29 19 15 41 11 
7 43 9 13 17 18 15 23 21 13 14 29 14 14 12 11 8 14 8 15 14 16 23 22 15 36 11 19 29 5 
13 36 13 12 22 25 15 24 14 16 27 22 22 15 13 27 16 16 4 17 11 20 16 21 31 32 9 22 26 2 
22 32 6 16 23 37 15 26 30 21 22 19 18 9 16 19 18 20 9 16 13 46 24 9 23 27 14 28 39 12 
13 19 10 17 19 28 16 24 32 11 9 31 13 6 11 11 18 12 12 23 12 19 38 18 18 20 13 27 37 10 
17 27 9 23 18 33 16 13 31 15 15 26 17 24 16 18 17 20 10 15 11 26 31 19 14 23 10 25 45 9 
14 16 5 19 26 20 17 21 20 14 13 34 14 23 14 21 18 20 7 14 12 3 25 10 17 24 14 26 33 9 
13 14 12 17 38 27 20 19 33 15 19 25 21 10 10 33 6 15 14 18 13 34 17 12 31 23 9 18 30 10 
15 12 16 18 27 20 23 19 15 13 13 28 14 18 13 29 12 14 10 17 15 25 12 12 36 44 16 8 42 10 
18 37 10 12 10 19 14 32 34 15 20 20 15 15 14 14 11 17 11 8 8 34 21 21 34 30 10 19 32 10 
4 10 15 12 27 20 12 16 20 9 12 29 11 15 15 21 15 20 10 18 15 34 20 13 16 37 11 25 17 13 
14 36 11 16 22 27 12 29 17 19 5 35 18 3 10 14 22 21 10 22 12 15 25 14 12 24 10 13 18 13 
11 23 9 23 28 53 16 34 9 9 22 17 7 15 15 19 25 9 13 12 14 14 39 20 27 18 17 26 23 12 
23 29 8 20 26 30 17 16 17 17 18 22 17 20 11 15 7 11 9 17 9 33 17 20 39 17 6 20 25 10 
12 33 9 11 19 26 18 26 23 15 28 15 17 12 14 16 18 19 8 11 10 32 27 14 24 24 16 20 30 13 
22 25 11 19 22 24 18 28 20 24 26 19 22 15 12 21 13 26 9 18 10 30 25 14 20 31 12 26 33 14 
20 19 10 17 26 27 15 40 19 19 23 31 18 16 6 23 22 14 9 15 10 38 20 20 15 33 17 21 33 10 
12 47 13 14 32 26 16 25 22 11 26 27 21 12 17 18 22 10 9 15 10 19 30 14 19 43 8 27 43 14 
17 44 16 11 16 23 11 23 20 16 15 17 16 13 18 20 12 14 11 21 13 35 25 15 28 24 13 5 43 4 
11 24 11 23 11 22 22 16 31 12 21 24 15 16 9 24 20 23 12 10 5 18 24 22 22 20 7 14 33 2 
13 36 11 16 19 19 16 8 16 15 14 21 14 5 14 17 19 16 12 20 10 25 30 8 24 23 13 12 26 13 
11 20 8 14 17 27 16 29 28 11 16 26 19 16 8 24 19 20 13 19 6 33 22 17 15 39 15 22 23 7 
2 44 6 9 24 25 21 29 28 21 20 34 16 20 10 25 18 20 8 16 3 34 19 18 25 24 17 26 30 8 
16 27 7 25 25 28 17 22 28 12 12 23 24 13 19 13 16 14 10 6 12 42 31 17 19 26 17 17 20 15 
8 27 16 7 21 34 12 18 18 15 23 18 17 12 13 18 18 17 11 20 9 18 23 13 30 24 15 14 39 7 

MachineCapacities:
MachineID Capacity
0 10
1 10
2 10
