NumTasks NumMachines NumScenarios
10 3 50
TaskDetails:
TaskID ReleaseTime ResourceConsumption SuccessorsCount Successors...
0 0 9 4 6 1 2 
1 0 10 4 8 1 3 
2 0 2 3 8 1 3 
3 0 7 8 10 1 4 
4 0 2 1 4 0 
5 0 4 9 3 2 7 8 
6 0 2 10 7 2 7 8 
7 0 4 2 1 0 
8 0 5 2 5 1 9 
9 0 8 3 9 0 

10 29 27 22 36 13 22 10 19 26 22 31 21 19 3 20 20 31 29 19 16 7 31 7 23 14 12 20 11 26 
11 29 26 19 48 15 18 10 17 17 31 22 28 16 24 35 19 19 20 16 20 25 37 8 19 24 11 7 6 14 
11 17 29 44 25 18 11 10 28 22 16 36 32 11 32 33 22 34 33 19 16 20 22 2 25 23 17 8 10 12 
12 29 26 32 22 11 21 9 26 32 12 31 8 23 31 32 20 20 23 17 22 23 24 14 15 42 12 16 3 14 
7 16 31 30 38 13 20 15 23 19 14 29 31 25 33 24 32 31 30 21 19 24 3 14 16 19 13 9 9 10 
12 33 3 12 27 15 30 13 21 21 18 30 17 23 26 31 24 26 22 15 14 13 28 3 26 44 12 9 15 16 
11 37 15 24 31 8 11 9 16 30 24 56 23 25 21 16 21 27 32 29 23 14 21 14 16 31 14 13 12 16 
12 25 33 33 21 8 13 7 14 16 15 27 28 24 39 24 19 15 33 31 21 24 37 9 22 31 14 14 11 13 
10 15 21 22 28 16 36 12 17 31 18 29 25 26 37 9 13 34 21 15 14 18 40 7 23 22 14 10 10 19 
17 39 40 32 28 16 28 7 20 16 16 40 29 25 28 24 19 25 28 21 20 25 28 8 14 23 15 8 9 15 
10 36 20 22 25 10 19 6 15 17 29 24 27 23 8 20 18 19 23 20 16 17 18 8 16 23 17 15 9 13 
8 35 31 31 22 14 19 15 20 21 23 30 27 14 19 20 16 24 15 18 8 15 44 14 18 25 13 8 12 14 
8 32 27 26 18 6 15 11 16 12 23 35 28 19 25 36 19 29 31 41 15 15 31 8 21 30 17 13 13 16 
7 38 34 18 23 20 17 4 16 21 27 33 15 19 16 13 26 30 29 12 15 19 27 10 10 33 13 11 13 15 
18 41 27 21 37 18 10 12 24 21 19 29 18 22 19 12 18 26 25 26 13 20 19 9 21 23 15 5 12 14 
14 7 22 20 26 14 5 8 20 25 22 24 13 20 29 34 17 29 24 29 12 21 45 10 20 24 13 12 4 9 
14 32 23 30 18 12 24 9 28 20 19 24 22 21 21 25 19 28 31 24 17 27 20 13 19 33 18 8 9 14 
15 33 40 16 38 13 27 5 21 12 18 33 20 26 30 21 20 12 20 33 13 14 29 16 20 14 6 6 9 13 
12 28 29 22 25 14 36 9 21 18 22 33 31 30 21 17 28 31 17 20 10 13 18 9 18 24 13 10 11 14 
10 18 26 28 29 13 16 14 30 24 17 27 19 16 43 45 18 35 12 19 8 25 28 9 13 32 13 16 9 17 
12 25 30 25 30 11 22 10 24 11 22 22 28 26 21 26 23 31 33 17 21 19 25 10 12 24 11 15 7 14 
12 46 30 36 30 16 23 12 15 21 23 42 32 33 27 17 21 30 21 21 12 23 33 9 19 23 10 15 12 13 
3 47 26 28 35 14 25 8 15 29 12 46 31 23 23 18 26 32 21 27 13 14 30 4 16 27 14 13 7 7 
11 26 16 19 26 21 24 11 13 18 8 27 14 21 15 44 17 24 40 14 17 24 36 12 14 24 18 13 10 18 
14 26 18 16 38 21 23 13 24 16 24 32 26 32 26 34 20 32 17 25 14 17 14 11 20 13 14 12 19 7 
12 13 29 19 31 19 19 6 8 21 22 29 30 18 26 43 19 20 48 25 11 20 35 14 14 25 12 8 8 13 
11 34 36 24 24 16 23 10 29 25 17 22 20 18 32 28 16 23 33 33 18 19 25 10 13 15 12 10 12 16 
17 22 21 33 37 10 11 4 20 17 15 36 33 27 22 22 15 39 42 18 17 14 38 8 21 17 11 9 14 20 
14 50 36 26 13 15 18 5 22 19 27 28 29 25 35 32 20 24 34 11 9 22 29 13 21 17 17 11 5 19 
9 37 20 22 28 8 21 9 27 15 30 38 32 29 19 4 14 37 24 21 13 15 23 9 13 29 12 4 7 17 
14 33 26 32 40 9 19 9 16 18 8 34 20 34 31 17 26 18 59 18 14 24 28 13 25 23 13 15 13 16 
14 27 29 23 30 20 17 11 22 21 9 41 30 28 14 33 17 31 41 21 18 21 26 14 19 30 10 7 5 15 
15 20 34 28 21 19 12 11 17 14 29 39 29 13 20 37 27 23 28 19 14 28 19 12 23 21 15 11 11 17 
12 29 17 22 16 21 26 8 13 23 24 39 25 26 18 31 16 13 22 20 14 17 15 14 13 28 13 8 13 13 
13 38 19 32 42 7 16 3 19 16 24 39 26 18 29 23 27 35 41 24 10 21 38 12 20 33 14 17 9 21 
13 30 25 40 35 19 27 10 18 25 22 36 32 27 14 35 20 30 36 22 17 17 31 5 14 38 11 7 9 15 
14 35 42 41 23 10 12 13 12 28 19 27 17 30 23 21 17 22 52 25 9 25 24 12 21 31 14 16 12 13 
15 34 15 21 12 9 21 11 20 16 16 19 28 20 25 31 17 33 27 25 18 23 26 10 24 29 15 5 13 21 
8 28 16 21 28 12 23 11 24 34 21 39 21 22 26 39 16 18 35 21 12 23 32 13 25 34 12 12 10 6 
12 43 24 25 20 15 18 11 14 20 25 31 9 29 29 33 30 15 52 19 11 7 36 9 22 23 11 9 14 19 
11 41 26 23 38 16 18 11 14 23 14 40 26 26 11 29 27 28 26 19 10 30 33 8 12 28 13 15 14 12 
13 26 20 42 26 19 15 11 20 7 24 38 35 23 21 36 17 42 35 20 20 24 34 8 24 36 18 9 14 15 
11 43 15 24 28 19 30 8 19 19 11 34 15 28 26 43 21 20 28 16 12 18 22 6 22 31 12 14 11 16 
16 19 35 27 19 14 23 6 19 24 21 22 31 13 13 43 25 21 42 14 19 22 26 13 20 21 17 14 10 19 
12 43 29 25 32 12 22 8 20 23 29 28 14 32 30 24 21 35 32 25 11 17 45 12 17 23 9 15 10 18 
13 46 32 36 29 11 22 5 11 19 5 38 21 14 25 36 7 34 14 16 16 15 37 13 23 9 15 15 11 19 
10 34 22 23 31 16 12 9 20 21 17 34 23 18 34 50 20 29 32 17 24 24 10 11 25 21 16 17 9 10 
10 26 18 30 14 16 23 5 17 18 28 27 29 26 23 34 18 27 23 20 17 19 21 12 34 36 11 6 14 13 
11 23 40 29 29 14 29 10 14 22 18 26 19 18 34 26 17 40 28 19 20 26 27 11 15 36 13 15 16 23 
9 44 19 24 23 17 19 11 17 12 19 48 31 26 23 25 18 20 10 24 17 25 28 8 26 39 15 16 8 8 

MachineCapacities:
MachineID Capacity
0 10
1 10
2 10
