NumTasks NumMachines NumScenarios
10 3 50
TaskDetails:
TaskID ReleaseTime ResourceConsumption SuccessorsCount Successors...
0 0 6 8 5 1 3 
1 0 7 4 10 1 2 
2 0 6 2 7 1 3 
3 0 5 3 7 1 4 
4 0 9 4 3 0 
5 0 1 2 2 2 6 8 
6 0 7 9 6 1 7 
7 0 5 3 2 1 9 
8 0 3 2 1 0 
9 0 4 10 7 0 

11 33 22 16 29 19 28 19 23 13 13 19 9 16 12 26 16 22 11 23 20 21 24 17 9 42 17 11 15 15 
8 25 27 10 17 12 15 18 30 14 12 14 18 12 13 20 17 14 15 23 19 25 21 10 10 27 11 12 10 20 
13 26 4 26 12 13 41 24 21 16 11 18 12 10 14 15 15 17 19 33 17 13 25 17 13 33 13 11 12 14 
10 26 17 14 29 15 38 16 13 10 9 12 13 13 17 8 23 13 18 27 17 21 18 18 14 31 12 16 14 26 
9 21 29 14 35 14 37 30 22 19 11 19 15 5 9 14 27 17 22 23 18 19 26 26 9 32 14 14 18 22 
9 28 36 22 11 6 29 21 19 14 7 14 14 11 14 23 20 19 25 24 11 20 27 23 14 27 11 12 12 21 
6 26 32 13 19 17 43 28 30 20 12 17 11 13 11 17 13 15 26 10 16 27 17 34 10 30 12 13 18 10 
13 28 23 19 25 14 17 27 27 12 11 12 11 10 10 18 26 8 22 20 23 27 14 20 10 29 13 13 13 26 
13 22 19 14 25 17 25 17 17 19 9 10 17 14 17 14 25 17 21 24 25 27 20 30 13 37 11 11 14 29 
4 13 28 10 14 12 29 23 24 12 17 14 15 9 15 12 26 9 25 38 18 25 17 28 10 21 10 19 8 23 
8 6 21 16 15 6 39 27 25 14 18 12 13 10 5 22 12 15 15 23 29 16 15 25 14 31 8 16 20 23 
9 19 28 15 28 21 32 23 21 12 18 14 12 10 11 22 21 15 16 27 14 19 25 17 7 36 3 9 13 24 
9 30 41 16 16 14 31 21 23 18 6 21 18 15 8 7 16 3 22 14 16 16 31 30 11 17 10 9 10 21 
10 17 37 21 15 9 31 18 15 10 9 19 13 9 13 17 32 17 19 33 19 15 25 15 13 28 14 12 14 18 
6 14 40 16 18 12 39 25 23 12 13 11 17 13 10 22 17 18 15 20 17 25 26 28 11 37 18 13 14 22 
12 22 29 20 9 18 24 18 26 20 10 7 16 11 7 15 25 17 19 41 20 14 26 13 17 28 8 21 19 32 
14 16 29 26 22 13 22 33 15 13 19 15 19 8 9 13 10 12 20 31 11 27 18 21 8 22 17 14 21 13 
10 25 35 13 26 7 27 20 18 18 10 19 21 16 9 15 12 13 22 43 13 29 25 18 14 18 9 12 12 19 
2 26 25 22 19 17 32 22 22 10 17 11 15 13 12 21 15 19 21 31 16 20 14 15 7 32 12 8 10 28 
9 17 21 18 23 10 21 21 13 20 17 15 8 11 12 18 11 21 17 20 20 14 23 23 9 37 12 10 16 31 
15 30 22 19 26 11 23 33 29 17 9 12 11 8 11 26 20 13 20 16 20 16 18 18 12 36 9 12 13 28 
11 19 23 18 23 11 25 22 20 12 13 20 14 10 9 26 23 15 26 14 21 22 25 22 9 33 13 13 8 18 
7 19 22 16 18 12 40 16 31 9 8 19 8 11 10 20 26 14 21 29 15 16 16 23 9 18 6 14 7 25 
8 23 33 16 30 9 15 19 19 18 15 13 15 10 9 19 27 8 18 30 13 22 29 30 12 28 9 17 17 28 
12 25 23 19 14 10 21 24 24 11 18 13 12 12 12 25 19 12 9 24 19 26 14 37 16 30 9 16 17 17 
12 16 24 13 26 11 29 31 22 12 12 14 11 10 15 24 24 13 18 35 30 7 18 19 14 17 9 14 15 17 
13 26 16 17 18 6 33 23 24 15 13 19 12 7 19 23 23 15 21 26 11 13 17 18 10 39 9 14 9 18 
14 17 18 19 21 16 6 22 18 15 14 16 14 9 8 14 19 14 17 19 12 23 24 19 10 15 10 14 12 31 
5 31 26 18 37 16 22 32 31 10 10 17 16 6 9 23 21 18 25 27 16 23 16 26 11 25 10 14 16 20 
8 28 13 21 12 21 24 25 33 18 9 21 14 16 13 16 21 7 17 32 19 25 17 23 7 26 12 18 15 24 
8 22 16 17 32 15 47 29 24 17 11 12 15 12 5 15 22 7 25 36 24 10 25 17 11 42 11 13 14 24 
11 21 20 22 26 13 18 28 24 17 11 18 17 10 9 15 16 9 12 36 19 18 21 12 6 35 10 15 21 27 
11 30 29 14 30 16 23 10 20 16 17 21 12 9 15 20 21 12 15 32 21 18 20 26 14 38 15 15 16 29 
5 13 23 23 30 6 40 25 19 18 11 15 14 9 12 28 20 7 25 33 19 29 17 18 12 36 6 14 18 27 
11 21 14 12 37 14 25 16 27 23 15 15 9 14 9 26 28 13 10 18 17 21 22 28 10 31 12 13 11 27 
8 18 27 19 28 11 27 21 28 15 17 7 13 10 11 24 10 17 34 32 12 16 21 21 9 33 10 10 22 10 
14 23 29 12 18 17 23 19 23 13 15 15 19 11 15 17 20 8 18 30 18 25 29 25 15 17 11 11 12 25 
16 25 14 17 21 12 20 24 31 24 12 16 10 8 14 18 30 10 10 25 18 24 23 25 11 34 11 6 25 21 
9 21 35 15 27 8 34 29 25 20 13 17 9 15 16 23 19 15 20 21 17 24 26 30 9 21 15 14 12 19 
11 19 24 15 41 10 18 19 21 17 6 17 9 8 11 17 21 8 27 35 23 24 17 29 12 40 8 8 10 26 
9 20 28 29 15 12 22 21 26 16 16 27 12 13 10 22 25 14 20 27 17 19 27 17 6 31 17 9 7 34 
9 25 31 17 21 12 21 16 24 16 9 16 14 12 6 21 24 13 18 29 18 24 27 11 7 25 8 15 17 27 
6 13 28 24 24 13 16 30 9 14 7 20 10 10 15 29 35 13 17 27 13 22 20 22 12 38 13 10 17 22 
8 23 30 19 25 12 34 14 28 11 10 16 12 13 12 15 24 4 20 20 19 26 16 31 9 47 15 7 13 17 
5 31 29 22 28 18 22 24 17 20 8 15 13 8 6 27 7 21 21 6 12 11 24 29 13 36 7 16 16 30 
12 19 16 6 24 16 30 23 17 18 13 15 6 12 15 26 30 17 17 26 19 37 28 25 9 37 11 13 17 21 
10 27 18 12 15 19 7 21 20 15 9 15 19 10 13 17 24 18 16 21 19 26 14 23 9 24 14 13 15 23 
7 15 18 21 31 15 19 21 15 11 15 14 14 11 10 18 24 12 28 31 11 21 27 16 14 32 11 20 15 30 
5 32 16 16 10 17 35 10 22 16 6 6 9 9 12 19 28 19 12 35 23 26 24 28 11 35 12 14 18 23 
11 26 31 7 27 13 19 19 27 13 16 5 19 16 7 15 29 15 13 20 21 20 21 12 11 22 9 12 14 24 

MachineCapacities:
MachineID Capacity
0 10
1 10
2 10
