NumTasks NumMachines NumScenarios
20 4 50
TaskDetails:
TaskID ReleaseTime ResourceConsumption SuccessorsCount Successors...
0 0 5 4 9 2 5 3 4 7 10 12 
1 0 8 3 7 4 2 5 8 
2 0 5 4 3 3 3 4 11 12 
3 0 10 2 5 8 3 8 9 11 
4 0 5 2 7 6 1 8 
5 0 7 6 3 4 2 13 14 
6 0 9 6 4 5 1 14 
7 0 3 5 6 4 1 13 
8 0 2 3 6 6 1 14 
9 0 8 6 1 3 1 14 
10 0 5 7 4 5 0 
11 0 2 3 8 3 0 
12 0 7 3 6 7 0 
13 0 10 8 8 6 0 
14 0 5 8 6 4 0 
15 0 7 6 10 8 3 16 18 19 
16 0 5 8 6 5 0 
17 0 5 3 5 9 0 
18 0 2 8 3 3 0 
19 0 9 2 6 3 0 

20 11 12 9 30 35 12 27 11 26 20 13 26 42 10 17 14 14 29 12 11 28 23 19 21 14 13 19 12 15 13 17 30 24 18 22 26 25 26 33 18 23 4 20 29 29 17 14 13 33 21 29 43 27 27 5 14 9 17 22 24 17 18 12 28 15 33 25 32 21 29 19 26 14 15 14 12 18 11 19 
25 14 13 8 33 25 10 44 7 25 27 19 30 22 20 23 17 14 18 16 30 30 10 18 16 14 22 24 13 9 22 39 17 22 25 13 37 24 29 19 18 18 10 31 27 29 11 15 15 13 24 21 41 26 26 15 16 20 14 16 20 13 14 16 20 28 28 22 20 27 31 18 39 15 22 26 28 24 7 19 
25 8 16 11 28 29 19 37 15 25 21 16 27 16 14 17 20 20 25 18 18 23 24 16 25 16 24 23 9 17 15 18 16 24 15 31 30 18 27 26 15 25 9 40 37 28 11 17 18 28 14 25 29 45 28 21 11 19 11 17 17 21 12 9 24 15 14 27 23 15 28 26 26 30 13 33 25 26 24 18 
15 13 12 4 20 23 11 24 6 20 21 16 16 21 8 23 18 19 36 14 19 30 22 18 23 16 17 21 10 24 14 33 15 30 21 16 16 19 33 13 19 32 6 30 19 37 9 15 21 24 28 21 27 29 20 12 15 20 8 22 16 27 11 8 30 23 26 17 25 26 20 17 20 18 19 23 22 21 14 33 
22 8 9 9 18 42 19 26 12 35 17 11 21 22 9 13 20 16 19 19 27 17 18 22 17 28 21 11 7 15 17 14 25 28 12 23 32 27 23 19 21 27 13 20 50 40 19 17 19 27 13 24 48 6 24 23 14 17 14 19 24 16 13 17 26 21 15 25 15 28 20 14 32 17 9 31 21 38 6 18 
21 9 14 14 16 37 14 14 13 28 26 11 19 23 13 19 14 19 23 17 20 32 20 18 23 20 16 12 10 9 19 22 22 35 19 30 40 14 23 26 17 26 7 30 25 29 16 17 11 18 31 25 40 28 20 12 14 18 16 7 34 19 15 15 24 28 28 31 12 36 29 17 14 30 22 23 33 24 19 12 
29 8 16 15 15 27 11 32 16 13 18 10 20 23 18 12 14 18 21 8 28 25 23 19 18 14 19 17 17 13 24 18 4 24 19 24 32 25 19 27 20 19 14 24 11 41 10 19 17 22 22 19 28 30 17 17 23 20 10 19 32 20 10 14 29 30 28 32 26 27 25 17 33 28 12 21 25 41 14 18 
30 5 17 8 36 18 17 19 15 25 22 15 30 21 13 24 18 10 28 16 21 19 20 20 27 23 18 28 9 10 22 22 21 24 25 34 37 18 32 27 14 39 10 26 35 26 23 19 15 19 33 34 26 29 16 21 15 15 13 14 32 21 15 14 22 16 40 40 26 15 15 15 27 24 15 18 22 33 23 17 
29 13 14 12 18 30 17 20 12 20 26 12 22 20 10 13 17 19 18 27 23 12 20 9 13 13 11 17 11 18 24 22 18 29 22 19 25 23 20 23 12 30 7 31 44 43 20 16 12 18 33 31 35 26 16 17 11 12 13 15 29 21 15 14 18 18 24 21 21 25 24 26 24 19 26 27 37 24 15 13 
18 12 21 11 16 28 16 19 20 17 19 18 23 32 12 26 12 22 23 15 35 33 23 17 22 18 23 15 15 14 14 15 28 30 8 28 23 22 32 17 21 33 14 36 19 27 17 16 15 28 35 11 31 37 20 12 13 18 16 18 33 17 4 10 29 26 35 40 11 28 34 13 26 34 22 24 15 34 19 23 
15 10 9 8 35 31 10 33 17 20 11 18 35 36 10 21 18 14 18 17 30 19 13 16 23 19 24 12 16 23 17 38 20 15 13 31 34 32 17 17 7 14 11 24 27 19 16 18 15 19 26 25 20 27 17 9 12 22 10 24 31 13 10 15 26 17 15 30 9 32 20 17 14 29 22 22 17 23 17 14 
19 8 14 5 27 8 8 30 11 38 31 16 14 31 13 14 18 6 16 13 21 31 18 16 26 25 19 23 17 15 22 15 17 54 22 8 34 14 15 25 16 25 12 29 41 29 14 17 19 20 28 33 27 22 9 8 10 14 11 14 16 14 12 15 24 19 25 28 24 33 25 8 18 27 19 32 30 28 21 25 
27 6 13 12 34 31 16 22 14 33 27 14 31 17 12 22 12 19 28 23 22 35 21 7 18 16 23 16 14 12 26 21 28 50 20 14 42 15 33 27 21 18 10 27 39 33 17 22 24 19 34 20 34 13 23 21 21 21 13 13 32 22 9 18 14 14 29 22 20 30 26 22 29 28 16 25 33 18 5 24 
26 6 12 7 33 34 17 31 11 28 14 19 18 23 9 21 17 21 19 16 36 36 23 17 18 26 24 24 12 17 20 20 22 16 19 16 33 34 21 15 12 32 4 18 26 20 16 8 17 21 20 21 40 30 32 12 22 16 13 13 29 17 13 2 15 21 27 43 21 31 21 22 20 30 19 18 22 33 21 22 
22 10 16 9 17 29 12 28 17 27 27 11 18 27 8 17 14 18 23 5 31 27 15 23 22 18 19 21 14 12 18 37 20 45 22 19 19 28 36 17 17 32 15 35 37 34 16 23 14 19 26 23 30 21 33 10 11 16 6 9 26 14 19 15 32 16 21 26 10 35 28 30 23 24 18 12 25 27 11 16 
32 11 16 11 32 30 21 20 15 32 15 12 29 22 15 16 13 12 39 13 24 26 14 9 25 27 20 14 13 15 13 22 17 31 17 20 33 22 29 16 22 30 6 21 21 27 24 17 22 22 27 28 19 20 15 8 21 13 13 22 23 21 4 11 12 23 32 31 25 31 34 19 14 6 24 16 16 27 10 25 
26 14 12 10 26 24 18 32 9 15 15 15 20 25 11 23 18 23 20 22 21 35 22 18 24 19 24 14 14 15 17 24 20 27 21 41 30 25 25 33 11 28 8 51 18 43 13 17 16 30 17 29 18 33 26 6 22 14 9 15 28 23 14 13 28 26 21 21 24 38 22 17 31 17 20 24 32 23 19 18 
10 7 15 12 16 19 12 11 17 26 29 13 27 27 8 9 14 16 25 16 24 29 28 13 30 26 22 17 9 18 21 29 23 25 18 33 22 18 25 17 30 32 11 35 23 27 23 19 11 17 30 21 44 30 19 20 22 19 12 14 22 18 16 9 20 26 28 10 19 36 28 18 33 23 10 27 23 34 18 24 
27 10 14 13 30 41 15 34 20 17 30 26 36 30 16 15 11 13 28 12 18 40 11 13 16 17 22 11 17 15 11 34 23 23 14 18 35 24 26 18 22 31 14 19 30 34 23 21 18 19 12 32 23 13 20 8 9 24 14 14 24 19 15 14 23 27 23 22 25 25 30 25 26 21 20 22 22 22 7 31 
17 14 10 11 13 39 23 37 14 33 17 16 29 28 14 11 16 11 31 14 13 22 16 13 13 20 21 13 11 18 21 42 14 29 31 25 46 24 29 17 20 25 3 34 16 34 18 15 15 10 22 9 25 22 16 15 15 11 10 21 11 6 16 18 28 15 26 23 21 23 22 17 10 28 20 12 25 25 12 4 
22 11 13 11 30 38 14 25 18 24 24 18 18 26 11 12 11 15 23 18 20 25 19 9 22 8 14 18 17 15 16 41 13 26 16 18 17 18 29 14 14 21 9 34 28 52 20 15 18 16 22 22 25 28 29 13 17 9 10 15 34 18 16 12 22 14 23 28 19 19 28 15 23 17 19 15 30 21 11 15 
23 7 11 8 30 37 22 28 10 33 25 11 35 40 14 18 11 18 24 17 24 31 18 17 15 9 26 23 12 17 14 20 14 26 16 21 23 17 17 34 6 26 15 27 33 28 18 21 11 24 21 22 23 36 20 15 17 17 8 19 26 20 14 11 30 21 37 18 18 25 17 17 40 29 20 31 26 35 9 20 
12 8 12 9 31 44 12 24 22 37 19 16 15 36 10 15 11 19 24 12 18 13 20 20 10 20 16 23 15 25 5 20 19 21 14 30 34 21 26 32 19 18 13 34 26 19 20 20 19 17 24 12 28 25 16 21 15 19 14 16 23 10 11 15 24 15 26 36 14 23 37 23 24 19 22 17 22 22 6 27 
18 14 9 9 27 11 19 23 14 31 28 10 30 23 15 16 16 13 15 15 22 34 19 11 16 14 16 17 14 15 14 21 23 30 24 28 30 24 33 10 25 28 6 23 27 14 18 21 16 18 30 32 36 31 16 8 16 12 11 16 15 14 17 9 19 16 29 18 26 32 27 17 24 24 23 16 19 24 23 23 
17 11 16 10 11 21 14 27 12 37 26 18 24 26 15 9 16 14 21 12 18 35 21 11 17 15 17 22 9 20 8 39 21 29 20 22 35 33 25 18 10 26 13 41 25 26 17 20 22 19 25 4 24 29 24 11 21 15 15 15 24 22 13 14 34 24 20 30 19 36 30 22 22 20 18 23 31 36 19 28 
26 11 13 10 17 39 20 19 21 20 18 14 18 19 17 25 20 12 20 17 27 32 18 8 22 28 25 17 11 8 18 30 21 29 19 17 31 19 23 24 15 26 12 29 27 22 10 15 14 19 22 27 22 33 25 13 16 13 9 19 21 19 11 10 31 17 18 23 24 20 32 19 20 11 24 24 23 36 20 25 
16 16 16 10 17 16 18 38 11 9 24 13 26 15 8 18 15 12 20 14 23 14 10 10 14 24 17 20 11 10 7 32 24 16 16 20 30 20 18 17 16 24 9 20 49 45 12 12 18 23 31 25 31 32 29 12 17 11 10 19 9 16 12 12 20 8 18 28 16 22 25 12 35 24 17 22 23 35 16 13 
24 11 13 7 24 25 14 37 14 27 15 12 11 26 13 16 15 10 34 17 26 25 25 16 24 23 23 18 11 16 14 17 21 17 15 15 34 27 29 18 7 16 6 18 19 32 19 17 18 10 30 30 28 35 17 16 8 16 18 13 32 27 9 15 20 18 31 26 19 33 29 20 21 36 9 24 26 28 10 19 
26 7 19 16 20 28 15 29 14 27 22 9 25 26 10 18 20 12 24 16 40 14 22 12 16 24 25 12 14 18 15 28 28 26 24 33 34 19 26 25 14 31 15 23 47 23 22 20 18 19 41 18 22 24 23 14 11 12 12 18 29 7 13 11 14 25 32 42 11 24 23 25 12 23 12 22 30 23 10 18 
28 5 17 9 20 13 14 36 8 48 21 12 21 45 13 18 19 21 13 16 24 34 18 10 20 25 30 24 15 23 19 25 5 31 25 24 28 21 22 25 14 30 6 25 35 30 15 26 12 22 11 32 26 32 14 12 18 18 14 10 27 28 11 9 21 13 24 44 29 30 26 16 23 32 17 23 32 19 23 22 
31 13 11 13 34 18 13 31 16 31 30 26 27 33 9 11 16 19 27 11 18 25 13 14 24 18 21 14 17 16 12 27 13 21 19 19 27 35 30 14 24 13 9 32 27 36 17 22 6 13 30 17 22 41 26 9 16 13 16 13 9 9 16 9 34 24 26 27 13 19 19 21 26 33 19 13 30 27 16 27 
23 12 11 6 16 23 18 33 7 16 28 20 25 30 16 27 9 20 23 17 30 25 15 16 20 20 20 14 10 16 24 25 10 32 21 28 39 23 24 15 16 24 12 45 30 6 22 23 11 18 30 14 21 36 27 14 12 22 14 18 23 13 11 16 23 15 20 35 18 25 24 14 34 33 15 24 22 38 15 24 
27 6 11 8 31 23 11 52 16 24 14 15 17 28 12 26 20 9 25 19 11 30 19 17 22 17 17 18 13 20 15 39 26 23 25 15 19 28 25 25 15 29 7 27 26 37 26 18 14 13 23 33 12 37 27 14 12 19 9 12 33 25 15 13 17 23 20 24 14 16 22 20 28 31 23 13 33 18 16 11 
24 11 17 13 32 30 13 21 17 19 41 17 27 35 13 22 20 14 26 18 13 24 14 12 19 20 16 7 15 18 22 25 18 26 22 28 31 34 33 26 17 26 3 35 33 30 19 15 21 28 18 27 35 28 32 17 23 17 14 22 17 25 15 8 22 13 21 18 25 28 32 17 23 27 13 23 16 25 19 28 
24 13 13 10 18 51 15 14 12 39 8 16 12 36 11 14 13 16 25 14 29 42 16 14 16 24 31 14 11 21 22 13 25 27 18 20 39 14 19 21 20 23 10 16 43 34 13 13 10 13 30 28 23 35 24 13 16 21 11 14 22 12 16 15 24 26 20 34 7 29 36 19 37 21 15 14 26 30 18 18 
14 7 16 7 30 32 22 38 9 43 24 14 24 36 11 14 17 23 24 15 21 28 11 12 28 28 22 21 13 16 23 19 16 24 12 22 22 13 20 18 19 24 12 44 4 33 13 17 13 20 26 12 25 33 33 11 15 16 10 21 31 19 17 9 23 22 27 24 11 30 30 23 30 28 17 19 13 20 12 12 
32 15 11 10 15 11 7 35 12 30 32 14 31 40 10 20 16 13 35 21 13 29 20 14 32 26 12 21 14 16 6 42 28 56 14 22 19 26 16 28 14 14 6 37 23 22 17 11 18 26 27 21 27 28 10 9 17 10 9 19 23 25 17 8 19 21 18 23 26 20 31 18 19 15 26 22 22 22 15 25 
20 9 8 11 35 17 10 33 15 25 38 14 10 37 14 23 15 12 26 14 17 3 22 20 27 19 22 25 10 17 6 30 21 47 21 21 31 25 29 12 14 18 14 15 32 27 14 15 15 22 24 23 26 9 31 10 19 15 11 16 32 17 15 13 32 26 29 44 22 23 34 20 19 29 21 26 25 18 20 23 
24 9 13 7 22 28 20 24 11 28 22 12 32 35 10 11 12 8 22 17 24 29 18 15 16 26 24 27 9 18 18 32 22 30 20 29 28 25 34 20 12 11 8 24 33 23 19 18 23 14 25 25 34 41 22 17 17 8 10 17 20 23 16 10 13 17 35 28 14 24 38 18 33 29 15 25 22 30 20 31 
20 8 14 15 24 35 19 21 12 53 24 25 30 25 18 13 12 21 21 14 15 26 8 12 25 20 21 23 14 21 20 32 28 27 13 23 40 25 40 23 15 18 18 21 27 39 17 15 20 12 29 26 14 35 19 10 11 15 15 13 18 8 14 16 18 26 25 32 16 13 27 25 30 21 14 23 17 44 15 18 
26 12 9 7 33 22 10 27 14 26 26 15 29 23 16 25 17 15 18 14 16 28 19 18 20 19 11 11 10 11 18 25 23 21 20 30 34 20 25 5 19 23 7 29 30 43 20 15 14 13 27 18 28 37 22 14 9 24 13 19 27 12 11 13 17 13 25 22 9 20 29 20 26 26 26 23 19 30 15 27 
20 8 11 14 33 21 11 23 16 21 35 15 31 24 8 23 19 14 33 13 39 23 17 14 24 25 20 22 11 18 25 33 13 40 9 25 30 23 30 20 13 20 9 45 31 34 16 15 14 18 30 10 17 18 29 15 14 24 16 24 35 23 17 14 40 14 31 37 17 32 35 26 32 25 21 13 29 8 20 18 
24 14 15 7 25 30 12 26 21 26 21 15 12 16 14 11 10 4 38 17 10 37 14 21 19 21 23 14 10 14 16 37 13 28 18 27 10 19 17 25 11 21 8 33 19 24 19 26 16 26 14 14 30 26 19 9 16 13 13 11 28 19 15 21 22 20 22 28 25 20 18 11 36 23 27 28 22 13 20 26 
18 10 10 13 23 19 16 29 16 34 12 23 25 24 7 11 10 24 20 16 25 24 18 16 33 15 16 15 14 18 14 35 27 27 21 23 30 27 43 22 19 34 12 38 33 33 20 11 8 35 22 26 28 27 33 14 15 19 16 21 27 24 12 14 27 15 34 25 29 27 26 26 29 28 13 13 30 13 22 14 
19 8 13 17 25 20 19 28 14 31 23 14 27 30 8 15 21 19 33 14 24 30 21 13 30 19 14 27 10 13 23 21 16 35 17 17 21 21 24 27 19 36 9 12 20 24 8 14 17 15 15 24 27 26 26 12 18 18 13 12 47 21 14 10 10 19 27 26 20 14 24 19 33 24 21 23 23 30 13 24 
21 7 12 9 22 34 15 30 13 29 23 7 19 42 14 13 15 13 21 22 22 20 17 11 20 16 6 29 11 22 22 30 19 35 16 23 7 19 22 19 17 28 8 30 21 24 18 16 17 24 28 15 31 42 23 17 14 14 6 20 37 23 15 13 8 21 18 34 21 22 36 23 28 25 18 27 23 27 4 13 
19 15 14 13 36 33 19 40 13 26 23 10 20 20 16 17 16 16 24 15 23 10 19 19 23 23 16 17 16 18 21 24 26 27 31 25 39 18 6 26 17 18 7 34 21 23 6 13 21 29 18 29 20 20 19 20 21 9 13 10 40 19 14 13 6 18 33 50 18 18 23 28 23 18 20 29 22 32 11 26 
28 9 12 9 28 23 17 31 8 29 31 16 24 21 13 23 18 17 27 14 30 29 15 11 9 20 20 26 10 18 21 22 25 39 20 34 12 22 21 20 14 21 12 22 29 41 16 13 19 17 15 25 36 28 18 20 14 10 15 22 39 23 12 19 32 22 29 27 12 30 29 23 26 23 18 18 14 38 15 14 
15 8 17 10 23 22 19 11 12 28 16 14 25 33 13 21 9 14 9 24 26 26 17 20 16 20 22 21 13 19 25 11 25 37 32 24 35 26 22 12 16 27 10 20 41 31 16 11 21 20 21 22 32 29 24 11 21 20 12 15 26 17 8 13 38 16 16 32 16 37 34 19 24 23 18 15 35 17 16 28 
27 11 17 12 28 31 11 18 14 38 26 10 22 22 12 20 11 22 20 18 31 20 16 19 18 14 3 18 16 16 13 15 31 41 20 19 21 27 18 26 14 23 7 21 30 33 15 19 23 21 34 25 36 25 24 7 16 20 21 23 42 20 14 13 26 12 26 25 16 27 28 8 23 17 17 23 31 21 15 29 

MachineCapacities:
MachineID Capacity
0 10
1 10
2 10
3 10
