NumTasks NumMachines NumScenarios
20 4 50
TaskDetails:
TaskID ReleaseTime ResourceConsumption SuccessorsCount Successors...
0 0 10 3 4 2 2 1 4 
1 0 8 7 10 8 0 
2 0 1 2 4 3 1 4 
3 0 9 7 4 2 0 
4 0 2 1 10 4 0 
5 0 5 2 5 3 1 17 
6 0 9 8 7 7 1 17 
7 0 6 8 5 3 4 13 15 16 17 
8 0 4 10 7 2 2 10 12 
9 0 5 6 7 7 3 14 16 17 
10 0 4 3 3 9 2 17 19 
11 0 7 2 1 2 0 
12 0 6 9 3 5 1 18 
13 0 3 1 2 2 0 
14 0 10 7 2 4 0 
15 0 4 2 5 10 0 
16 0 7 4 3 7 0 
17 0 2 6 5 6 1 18 
18 0 9 10 5 2 0 
19 0 3 7 7 7 0 

33 30 13 19 33 21 15 40 25 15 40 21 32 19 26 24 39 20 40 31 28 29 30 10 29 20 10 21 15 16 9 10 6 17 14 30 26 9 16 16 20 25 16 12 27 18 32 9 15 19 12 14 21 14 11 17 8 11 14 19 27 21 22 20 28 9 12 7 28 27 41 17 19 24 5 16 33 24 38 10 
25 26 13 12 14 26 6 19 12 24 40 23 22 42 22 23 14 16 31 22 25 20 24 12 31 12 15 25 29 28 14 13 12 40 16 50 17 16 13 15 27 29 26 14 22 19 16 22 15 13 23 12 23 14 14 18 15 10 24 8 20 29 28 25 42 11 12 13 37 14 22 16 12 13 18 7 20 28 14 14 
35 43 18 17 19 27 8 25 23 23 16 12 19 30 18 26 13 12 32 15 12 20 29 11 31 11 11 8 14 22 7 15 7 32 11 25 28 16 17 11 29 35 25 5 24 24 13 11 19 19 14 7 22 3 12 9 19 9 17 20 18 20 31 21 19 10 13 10 22 22 13 14 16 18 9 8 21 20 13 8 
31 20 12 12 34 25 12 32 24 12 29 30 20 25 32 30 13 16 17 17 23 13 34 2 21 17 14 20 21 28 13 10 4 31 9 33 29 9 9 21 23 30 22 13 25 24 23 12 24 16 19 13 26 9 15 13 27 17 17 28 22 19 14 15 4 10 10 13 22 29 32 9 14 22 18 9 22 26 17 8 
38 34 9 13 26 27 7 24 25 18 32 16 27 12 31 31 37 23 28 27 20 23 21 13 23 11 12 15 12 35 10 15 9 27 14 20 11 19 9 18 16 26 12 13 30 28 15 11 21 10 19 7 9 4 12 8 17 14 14 15 21 13 32 23 17 11 12 11 18 23 34 23 14 22 4 8 21 36 12 13 
18 41 15 12 35 15 9 21 22 22 30 21 29 32 18 16 24 13 28 13 28 19 23 10 19 16 11 21 25 34 5 17 9 9 23 34 34 13 11 15 28 34 19 11 22 27 22 14 23 6 24 11 22 15 16 11 18 19 17 14 27 24 27 31 14 10 16 10 28 27 21 10 10 11 22 10 20 28 22 7 
27 26 10 8 25 17 8 36 17 10 40 26 35 20 15 37 17 14 41 16 13 8 22 14 20 11 15 17 13 22 11 16 9 18 20 27 27 11 12 17 20 28 12 9 39 27 15 18 20 11 16 19 17 8 13 12 20 17 17 19 20 14 26 30 17 11 8 8 44 30 20 21 16 28 12 10 25 17 25 7 
37 26 10 17 40 21 11 18 21 20 30 15 29 13 24 23 41 15 29 20 22 22 30 8 31 15 7 15 18 23 12 15 12 49 11 25 28 16 16 18 27 25 28 12 31 28 29 17 24 19 19 13 24 13 15 12 10 17 19 17 19 29 31 17 24 13 19 8 16 18 13 15 12 25 24 5 18 28 16 11 
34 18 11 13 38 23 7 32 17 20 33 20 21 37 27 20 22 16 41 31 20 24 26 10 31 11 10 17 18 28 7 15 7 21 27 22 17 14 14 23 26 33 29 11 39 20 15 15 30 17 22 17 20 11 15 12 13 8 30 18 11 27 18 24 32 10 14 9 23 44 37 13 17 19 19 6 22 26 25 10 
19 30 12 20 14 24 11 32 19 13 22 22 38 12 26 20 16 15 35 19 14 20 29 9 25 8 9 23 22 14 11 11 11 18 9 22 28 12 11 20 16 35 21 14 31 22 16 10 24 17 16 12 25 10 10 11 19 22 18 19 31 26 22 21 28 16 13 15 20 18 22 11 21 26 17 9 25 31 20 9 
34 15 17 11 34 29 12 33 13 17 22 24 20 29 21 27 40 13 36 18 25 29 35 9 22 17 11 17 23 20 11 18 15 34 20 38 31 8 16 21 30 25 24 11 21 16 9 17 24 11 17 12 29 8 15 6 23 9 20 19 21 15 34 26 28 13 14 13 24 11 28 9 15 19 17 10 25 34 5 10 
24 29 14 17 28 16 6 34 28 12 15 21 25 15 14 13 26 17 22 17 26 22 29 10 27 13 11 24 22 17 15 15 11 26 12 31 10 16 17 16 17 28 23 15 19 17 26 10 23 15 17 12 32 10 14 16 21 13 21 14 20 19 18 26 40 13 18 8 16 28 21 8 13 22 20 12 29 29 19 9 
42 26 14 23 30 26 12 28 26 17 38 24 13 8 33 13 30 14 33 20 20 15 22 11 32 12 11 20 19 23 12 13 12 34 11 26 22 11 9 20 14 15 21 7 20 17 19 20 17 23 20 10 25 9 15 11 20 15 16 22 21 19 8 20 18 13 19 12 41 22 19 12 23 21 14 17 25 39 10 7 
9 24 11 7 26 20 11 35 18 22 42 23 29 26 17 21 54 11 21 27 18 17 26 8 30 14 16 23 30 34 14 15 13 31 14 22 14 11 8 20 28 15 34 9 33 11 17 13 24 3 20 12 23 10 12 17 13 10 23 16 17 15 25 26 28 9 9 6 19 18 23 10 13 27 18 12 29 31 18 10 
9 30 9 14 24 27 3 24 29 16 24 22 31 23 34 28 33 15 30 17 18 25 24 5 29 15 12 15 25 22 9 17 12 16 19 36 26 17 9 21 22 32 18 15 26 19 18 13 23 9 14 11 20 11 10 11 22 17 14 20 25 16 28 24 17 10 11 7 27 22 25 16 21 20 13 7 27 21 16 13 
16 45 12 10 29 14 8 17 12 11 17 22 24 35 27 21 11 16 42 17 27 21 22 12 32 12 4 22 25 25 16 15 7 23 32 33 15 15 10 12 29 24 27 13 29 21 10 15 16 17 21 14 16 10 12 15 17 16 16 16 14 13 35 17 19 18 13 8 29 29 27 13 10 21 19 11 24 27 11 7 
41 22 12 20 24 30 15 39 18 18 16 19 29 30 31 20 32 14 18 23 21 31 42 15 16 10 12 26 15 22 12 13 8 34 13 25 27 13 15 13 16 41 21 11 26 17 19 10 26 18 17 13 26 10 16 6 17 11 8 23 25 17 15 26 27 11 15 11 32 29 36 19 14 15 23 5 18 29 14 8 
33 37 12 8 30 12 13 36 27 22 28 19 31 39 30 22 29 15 25 17 31 22 30 4 27 11 14 13 19 31 11 24 14 28 18 22 19 18 11 21 29 25 16 4 36 20 20 19 21 18 15 7 25 11 8 13 16 12 15 23 25 20 23 16 12 8 10 15 21 22 22 16 11 26 16 9 13 29 25 7 
17 47 11 13 25 33 9 52 18 15 17 27 21 30 20 31 12 20 43 28 25 21 22 6 24 15 16 24 28 28 11 12 11 17 19 27 31 12 16 16 17 22 19 9 24 24 18 13 26 11 11 11 23 10 10 13 18 12 15 20 23 20 32 16 20 12 8 11 37 24 18 5 22 29 26 11 20 22 30 11 
34 23 16 16 19 15 12 29 18 17 38 23 32 37 13 25 34 17 27 18 22 28 45 11 25 9 10 17 23 30 12 12 14 32 28 43 26 11 10 25 21 27 25 12 15 17 24 12 18 14 16 12 20 7 13 10 12 15 22 16 22 16 33 23 36 10 10 17 26 17 42 19 11 15 16 13 23 27 5 9 
31 13 13 20 26 29 9 33 22 22 27 25 21 44 21 22 43 16 44 29 18 29 24 5 29 15 6 16 20 39 13 13 15 30 20 25 23 15 10 31 18 25 35 11 38 25 16 19 14 17 17 12 10 13 13 8 17 13 20 22 27 23 29 14 31 3 14 13 30 19 16 9 12 17 23 9 21 55 16 16 
19 35 7 17 31 22 9 21 18 22 33 20 13 22 3 30 41 16 39 30 14 18 21 4 24 14 8 15 19 25 12 13 19 26 13 20 24 15 6 30 19 25 27 9 30 24 13 7 18 18 21 10 26 14 6 10 14 13 8 16 21 20 20 16 22 4 11 13 50 18 28 10 19 18 24 5 25 46 17 15 
39 34 15 15 40 27 6 19 25 19 33 16 25 32 30 15 23 22 15 32 18 12 12 11 20 13 10 20 19 34 10 12 13 29 19 10 25 14 13 27 15 17 9 7 30 32 19 11 18 8 16 13 6 14 14 15 24 13 16 12 19 25 31 22 33 10 16 13 36 25 35 11 13 18 13 7 24 37 16 9 
21 13 11 17 23 18 13 44 27 19 26 22 17 28 24 27 30 13 45 11 21 20 36 11 32 17 10 8 6 29 11 19 12 23 24 23 17 23 8 27 22 36 35 7 22 14 27 18 22 11 17 13 15 10 16 10 4 19 9 16 23 26 25 23 18 14 15 14 30 24 18 16 11 8 11 13 25 26 15 11 
41 18 8 11 23 29 11 20 19 20 39 22 14 36 26 27 20 18 31 24 13 26 13 8 27 11 7 21 31 27 13 14 10 15 13 38 25 14 10 20 33 20 10 1 25 30 27 13 22 18 17 9 36 13 13 12 25 16 19 26 20 36 35 23 38 13 15 9 30 18 33 16 13 23 18 9 19 20 9 13 
39 23 12 11 32 25 16 21 17 5 36 13 24 28 24 25 27 21 20 23 20 17 8 10 26 10 9 15 16 30 6 9 14 23 18 28 25 20 12 22 32 34 31 9 32 25 19 22 27 16 13 12 21 18 9 13 25 10 17 29 28 25 21 18 21 11 10 15 32 20 17 17 19 22 25 12 28 32 32 6 
32 24 14 9 21 30 15 18 24 17 31 34 24 29 31 22 32 13 29 17 22 18 29 10 19 16 10 13 10 30 10 16 9 13 18 19 18 9 9 25 33 25 27 7 26 21 14 21 14 14 23 10 27 14 14 7 19 16 20 13 16 24 19 12 43 12 14 11 42 24 36 10 12 27 14 11 28 41 29 8 
36 26 17 12 13 28 10 42 29 8 41 32 37 29 24 25 27 15 34 19 28 22 22 8 16 13 7 20 20 12 16 19 15 21 20 11 13 18 10 18 13 39 17 11 30 39 18 12 18 15 11 10 19 10 12 5 18 14 20 22 27 27 18 24 30 9 11 17 36 24 21 7 13 23 27 13 15 30 17 13 
26 24 13 16 38 23 8 37 24 21 46 28 17 36 21 32 32 16 26 23 20 21 30 14 32 15 8 25 30 30 13 6 10 30 19 27 16 14 15 19 14 20 18 9 27 23 27 17 19 12 12 10 10 8 9 11 19 14 16 19 22 25 19 27 25 12 11 11 29 18 22 8 15 15 20 11 23 26 26 15 
13 31 15 20 33 31 8 36 34 21 36 21 29 35 38 23 32 19 39 13 27 34 23 14 19 17 4 21 30 37 8 13 15 28 22 25 41 18 9 18 18 26 28 11 33 25 12 9 15 20 19 13 14 10 12 14 29 13 11 27 25 25 33 19 27 13 18 14 36 26 36 18 12 19 13 10 17 14 19 8 
21 26 15 15 20 27 15 21 28 19 27 18 20 18 21 21 22 20 14 27 25 26 26 8 14 16 11 27 17 24 16 12 13 23 12 22 28 12 14 16 18 32 18 13 30 22 25 15 8 22 19 14 33 10 16 13 24 12 22 12 24 27 31 18 38 8 11 11 26 17 38 13 16 26 13 11 22 29 23 9 
38 21 10 10 23 4 10 19 27 22 25 31 41 35 28 25 28 19 25 27 21 24 22 11 32 10 7 17 25 31 9 13 7 14 11 49 22 16 14 18 23 26 21 10 18 31 21 15 25 15 13 16 19 7 10 4 18 11 16 26 20 26 28 20 27 10 6 10 33 24 38 10 17 18 17 12 22 41 20 11 
23 22 9 9 26 17 11 36 35 21 28 32 20 28 22 26 23 15 27 8 29 26 23 11 30 13 9 22 16 30 12 13 15 32 23 26 13 17 8 15 25 23 19 10 34 27 3 18 13 10 22 13 17 11 13 9 22 22 14 16 19 24 14 32 20 12 10 13 31 23 22 17 23 15 16 5 28 32 14 11 
31 35 16 10 23 34 11 24 19 16 24 28 27 7 28 27 35 14 30 22 8 39 17 10 21 8 13 12 13 12 11 13 14 32 15 29 28 10 11 15 25 31 22 8 27 21 24 7 29 15 13 10 19 13 7 7 19 20 15 16 21 18 22 20 34 10 12 13 29 24 25 14 12 23 13 12 27 16 23 10 
33 26 9 13 33 33 13 17 18 21 30 23 43 33 24 22 35 18 27 15 25 20 25 12 34 15 11 13 23 36 13 14 11 27 16 9 9 16 12 16 25 20 20 12 28 16 19 12 16 12 12 6 24 12 17 13 18 16 12 20 23 15 13 30 39 12 15 10 31 15 27 11 16 22 14 13 34 36 23 21 
42 35 15 16 30 23 11 37 31 7 35 22 26 20 29 23 32 10 32 23 18 18 26 12 24 19 10 21 17 26 9 13 14 17 11 22 31 17 17 18 6 27 34 12 16 14 17 12 31 12 16 11 21 11 12 9 18 16 21 11 23 18 28 29 21 11 12 11 30 28 29 18 8 17 20 9 28 18 32 9 
37 37 4 12 33 9 9 21 25 16 12 19 20 30 35 24 31 6 27 23 28 28 29 7 27 11 13 20 12 22 16 15 8 30 11 43 22 14 19 23 33 18 22 12 34 23 17 16 11 11 13 15 16 10 17 11 20 15 12 10 26 20 17 25 20 9 13 8 23 23 18 12 20 23 21 12 21 13 16 3 
31 20 15 11 18 20 10 30 20 24 33 20 19 23 33 12 37 16 28 22 30 26 17 11 22 9 9 18 28 20 16 23 9 28 15 30 20 15 15 19 29 19 11 11 39 35 10 21 22 12 18 7 15 13 9 11 20 12 11 22 25 24 19 26 28 12 15 6 25 25 26 14 12 28 22 7 27 22 16 12 
34 19 12 7 35 35 7 28 11 12 38 19 17 28 28 8 21 16 43 23 33 23 32 10 32 16 15 16 13 25 9 18 10 19 24 31 20 15 8 18 19 26 27 14 32 20 12 19 24 16 20 11 23 16 10 10 31 16 15 20 24 28 29 14 28 12 7 2 37 17 42 18 14 11 20 8 29 23 18 14 
30 38 17 20 21 22 8 31 27 8 15 24 15 32 23 22 43 14 32 24 27 28 28 10 29 14 11 20 14 35 10 14 10 33 18 29 16 15 8 13 27 22 22 8 35 23 20 16 20 5 18 11 16 7 13 14 15 14 9 20 35 29 16 24 27 6 16 5 33 27 32 15 11 27 20 14 19 30 8 11 
49 25 8 21 27 18 13 32 25 27 22 31 22 22 24 33 37 21 30 28 15 16 28 11 21 12 7 16 18 18 13 13 12 23 10 13 29 23 13 26 36 41 20 4 42 15 20 20 17 20 10 15 14 15 11 10 13 13 26 14 19 21 26 20 26 9 6 10 27 25 19 12 18 23 19 10 29 21 27 14 
23 13 15 9 27 6 11 34 13 24 55 14 17 31 21 27 13 10 39 18 22 8 33 8 23 13 14 26 17 30 16 16 11 43 20 21 37 18 9 21 10 16 40 11 15 17 20 6 13 19 17 6 17 9 17 13 15 16 17 19 24 29 19 34 31 12 10 11 35 17 28 17 12 15 20 11 16 26 9 10 
32 22 17 14 21 27 9 20 23 16 36 28 25 21 23 28 44 16 39 27 20 17 24 12 23 12 13 12 14 32 11 10 13 24 19 31 10 14 8 10 25 19 36 5 27 26 15 15 20 12 17 9 20 11 9 11 23 18 12 11 15 7 25 13 28 13 13 8 15 21 37 18 14 12 11 15 25 30 26 10 
13 22 9 15 32 28 6 19 25 18 17 10 34 24 32 31 19 13 37 11 26 23 13 7 23 17 10 7 6 25 14 14 18 7 20 36 13 16 14 16 24 26 35 11 13 6 7 11 20 15 13 9 24 10 9 11 13 20 24 33 26 24 11 22 21 5 12 12 36 16 33 10 26 20 17 17 26 2 24 5 
40 30 9 8 19 12 13 34 22 16 28 19 26 32 26 18 27 19 32 20 22 18 16 5 31 13 21 20 24 35 12 16 13 23 13 26 26 20 15 22 31 17 25 5 29 33 17 15 31 3 14 15 20 9 12 7 19 13 7 15 7 23 23 27 12 10 16 13 15 34 34 9 15 16 6 14 15 37 19 10 
15 21 11 13 24 19 12 21 22 25 25 18 24 25 26 32 26 22 39 18 15 30 14 11 16 16 13 7 12 27 21 14 7 45 14 38 36 2 11 24 32 18 25 13 22 20 23 14 22 11 18 10 32 14 9 15 18 18 17 19 14 19 17 21 33 7 13 13 36 20 33 18 15 11 29 11 28 32 18 10 
32 35 20 16 27 16 8 24 15 17 23 20 33 29 21 25 20 13 29 18 26 17 38 6 27 16 12 17 17 34 8 11 12 33 25 32 27 14 13 17 39 23 27 4 29 22 15 13 12 20 11 7 21 11 17 11 25 15 21 16 30 30 27 20 45 12 14 13 40 32 30 18 16 24 19 14 25 27 26 11 
43 31 12 10 11 19 7 25 15 19 26 30 19 29 35 29 21 12 39 14 10 13 28 5 27 10 11 13 23 27 9 19 10 19 15 18 28 17 16 16 28 30 17 5 31 26 17 13 28 15 22 12 18 14 16 4 11 15 22 13 23 20 28 21 42 11 8 9 28 15 32 19 19 17 18 14 28 19 18 14 
18 24 15 19 23 29 11 25 28 9 45 26 27 18 13 18 31 15 35 18 20 30 29 13 25 15 8 18 15 23 8 13 9 34 15 21 28 18 15 20 20 19 25 10 20 6 14 21 18 21 12 15 25 14 18 11 17 12 23 22 32 25 24 27 35 8 9 10 23 29 24 13 15 16 16 10 37 23 16 12 
41 42 12 11 22 34 8 22 26 14 30 24 29 17 20 22 43 17 19 15 7 33 32 15 20 11 7 14 30 33 12 16 8 29 16 33 34 13 13 21 20 27 31 6 42 31 14 13 17 16 18 7 22 15 12 15 20 6 23 24 17 23 15 26 23 16 13 12 40 24 38 13 18 16 13 8 25 29 30 14 

MachineCapacities:
MachineID Capacity
0 10
1 10
2 10
3 10
