NumTasks NumMachines NumScenarios
20 4 50
TaskDetails:
TaskID ReleaseTime ResourceConsumption SuccessorsCount Successors...
0 0 3 8 8 9 2 8 10 
1 0 1 4 5 6 4 5 6 7 10 
2 0 10 3 3 4 3 7 9 10 
3 0 4 5 4 8 2 9 10 
4 0 8 5 3 6 0 
5 0 6 5 3 7 0 
6 0 8 8 1 2 1 8 
7 0 1 10 6 1 0 
8 0 9 5 3 6 0 
9 0 4 6 6 8 0 
10 0 5 5 2 5 0 
11 0 7 5 6 1 4 13 14 16 17 
12 0 4 5 2 10 2 15 17 
13 0 2 9 2 4 1 19 
14 0 9 9 4 8 1 19 
15 0 1 2 5 7 1 19 
16 0 9 4 2 3 1 18 
17 0 2 10 7 10 0 
18 0 5 5 1 7 0 
19 0 6 4 9 5 0 

28 30 27 5 10 22 8 23 23 16 42 42 21 13 14 10 29 20 15 22 25 13 14 20 18 15 21 10 27 13 35 18 8 26 24 26 12 7 23 22 13 32 22 26 18 12 10 18 25 30 28 24 15 23 12 43 20 6 16 36 15 8 15 18 24 26 42 8 26 18 31 11 18 25 11 19 29 21 22 37 
4 23 28 18 7 37 13 28 12 14 36 32 24 14 10 6 37 21 25 26 36 10 15 33 12 31 28 15 21 13 36 21 14 42 42 27 20 14 24 28 13 20 12 25 17 16 7 14 37 22 40 24 18 17 22 31 27 17 15 45 14 13 9 10 19 21 26 14 29 19 16 14 9 27 30 29 42 19 30 27 
23 15 28 36 5 32 18 37 24 22 7 28 12 9 21 16 25 29 28 33 25 7 18 13 21 13 20 20 19 14 20 34 12 36 22 21 10 4 22 12 11 19 26 45 28 18 8 24 14 45 30 20 19 29 23 25 26 19 19 27 27 9 13 11 27 12 14 14 8 15 9 17 21 32 29 23 35 14 19 31 
5 18 30 40 4 23 10 25 31 8 32 20 22 8 18 14 35 29 26 24 25 17 14 25 16 34 19 16 13 18 31 24 9 24 14 27 11 16 25 18 11 25 26 33 20 16 10 20 28 20 39 20 18 13 13 31 30 21 18 31 21 11 12 17 24 14 11 15 25 16 18 15 14 24 16 28 29 25 32 32 
43 30 29 10 14 21 10 13 17 20 16 22 16 9 9 20 26 31 23 30 43 12 14 25 12 22 41 36 13 21 34 31 16 40 28 18 17 26 16 17 14 40 15 20 18 14 12 23 24 24 30 31 16 17 22 36 20 14 11 39 15 7 10 12 37 18 35 12 35 13 18 11 17 26 17 25 26 24 35 25 
24 20 26 29 13 24 13 24 20 15 25 32 13 10 23 12 29 24 21 12 25 12 22 19 17 23 38 21 27 13 30 42 25 28 33 26 14 11 24 21 14 31 21 42 21 6 9 22 10 26 16 30 10 11 19 19 21 13 13 25 23 7 9 14 38 19 34 14 13 15 28 7 16 24 12 34 15 20 27 41 
30 22 28 31 7 25 9 19 26 15 20 35 16 6 11 12 24 7 19 16 21 17 18 24 12 21 31 27 22 27 25 22 23 43 27 24 15 18 26 28 16 40 17 33 24 7 9 14 35 34 23 32 17 25 11 29 28 22 11 24 19 10 9 15 20 19 23 13 42 14 19 17 21 39 21 29 37 16 23 22 
26 18 35 18 9 14 12 35 17 21 15 49 22 9 11 18 31 12 18 12 27 17 15 20 11 25 18 23 17 9 37 42 15 27 27 26 15 16 11 22 24 17 24 34 32 11 9 15 22 24 24 18 18 29 22 27 17 19 11 27 9 10 11 12 31 12 29 15 20 19 12 13 21 17 22 23 35 11 25 38 
32 34 34 25 11 37 10 28 22 22 13 35 20 10 14 22 36 21 23 29 27 17 18 27 11 23 22 25 23 29 29 35 17 29 24 20 10 16 32 24 6 23 18 35 32 17 12 23 23 13 29 25 26 24 21 24 33 28 13 25 22 12 9 12 21 10 27 12 40 14 24 16 13 26 17 24 17 19 21 23 
32 25 23 29 12 28 11 22 12 11 13 38 16 13 23 19 30 29 22 6 17 10 11 17 19 27 19 25 25 23 38 36 19 28 23 32 10 15 18 26 15 32 24 29 21 17 8 21 38 23 35 28 19 15 16 27 24 19 11 28 22 10 13 11 27 19 31 9 21 13 14 18 20 21 25 20 16 19 29 33 
28 26 24 26 9 21 13 26 15 16 32 24 24 9 24 16 23 21 26 32 26 10 21 30 16 31 35 34 22 30 30 35 10 23 23 29 8 11 15 16 12 28 19 31 21 16 16 20 24 25 38 31 16 16 19 16 33 14 10 26 11 11 10 12 33 17 28 13 35 17 4 8 19 14 14 13 11 27 28 34 
27 21 24 27 9 24 16 23 26 18 41 13 14 9 14 20 35 27 32 22 25 14 17 12 16 22 22 16 11 20 38 30 12 31 29 17 12 13 24 25 19 32 18 24 22 14 12 8 18 20 19 33 17 23 19 33 19 24 10 30 13 9 14 11 20 31 15 13 29 19 23 15 25 25 24 24 39 11 20 21 
21 27 39 20 8 19 7 29 26 17 37 28 14 9 24 15 36 22 17 21 37 17 19 27 12 21 19 27 25 16 20 28 14 18 42 18 14 16 17 13 8 32 30 38 31 10 12 21 33 41 36 22 17 27 15 30 30 16 10 26 18 11 10 14 35 20 23 14 27 16 10 13 13 34 26 14 43 16 38 41 
32 30 33 32 4 23 10 27 10 17 24 19 18 6 13 22 39 21 16 22 18 9 14 18 15 15 31 21 19 25 24 24 10 47 30 20 15 17 37 21 11 34 19 20 34 18 10 17 23 20 42 15 21 36 15 41 23 17 12 35 18 12 6 14 6 18 26 13 29 14 19 9 16 39 26 24 24 26 23 30 
22 28 21 21 15 15 11 24 25 14 40 43 24 9 16 7 25 26 18 27 35 19 20 29 13 29 20 28 31 23 18 33 15 38 39 18 7 24 25 22 15 36 16 33 15 15 13 20 26 26 11 23 9 28 22 44 34 22 14 26 20 6 14 9 21 22 23 12 42 14 22 9 15 15 13 32 35 22 26 11 
32 18 44 19 9 23 10 16 31 13 27 18 11 10 12 13 22 28 22 27 30 15 18 31 17 25 36 31 20 26 22 29 21 18 26 23 13 21 17 29 17 41 25 15 14 8 12 12 24 30 36 33 17 28 20 41 15 13 11 10 14 10 10 7 25 20 18 17 24 13 13 12 22 27 16 38 27 22 18 24 
32 19 30 11 2 29 18 20 23 13 24 33 15 14 20 6 36 29 18 25 20 11 17 22 19 19 25 24 19 26 11 21 13 27 23 16 15 12 29 15 17 34 22 20 17 13 9 17 36 17 32 13 14 22 27 27 20 26 15 28 18 8 12 7 21 17 8 11 29 17 29 13 20 19 21 6 39 10 25 27 
27 15 20 25 8 34 9 20 21 26 15 27 22 8 22 18 31 21 24 25 11 13 9 20 13 22 25 23 24 22 18 38 15 40 28 33 13 16 18 21 9 23 26 28 23 8 9 16 23 31 45 31 13 28 15 32 31 22 14 26 22 9 11 12 28 16 31 10 25 12 17 13 15 31 36 21 21 20 16 33 
22 33 56 22 7 19 15 31 26 21 22 27 15 5 22 18 27 9 25 23 26 16 18 14 14 20 23 28 10 21 33 27 13 26 32 12 11 15 10 26 13 28 19 15 29 18 15 18 35 28 16 31 17 17 9 27 33 26 12 31 14 6 7 9 30 13 32 10 29 11 20 13 16 26 14 14 17 18 24 25 
31 22 44 14 5 29 10 18 26 12 26 30 18 9 21 17 27 30 20 27 16 12 16 14 17 34 24 30 30 15 15 41 18 35 18 21 9 14 20 21 17 20 19 30 34 17 8 17 34 24 18 14 25 34 14 24 28 29 11 5 25 8 12 14 23 24 29 10 16 16 14 14 17 29 30 19 35 37 31 33 
25 19 28 29 10 47 14 40 32 24 30 34 25 11 21 13 17 18 14 21 16 15 20 21 18 15 20 21 25 18 39 17 11 19 33 28 10 14 25 26 16 19 17 25 17 9 13 14 23 32 25 26 19 19 12 37 20 23 12 31 25 10 10 12 20 8 14 9 30 22 22 16 23 25 15 26 39 37 23 34 
27 20 7 22 6 34 10 14 13 6 32 36 13 9 18 17 32 24 13 16 35 17 12 11 15 24 24 22 19 25 36 38 15 19 14 32 14 18 18 30 21 15 24 31 17 14 14 21 21 22 43 28 12 17 22 26 15 23 15 20 10 12 16 8 38 18 28 11 40 9 27 13 11 31 29 12 16 20 18 28 
4 32 51 24 11 21 19 23 22 13 21 24 18 14 8 16 45 20 16 19 17 12 14 12 16 28 32 27 16 17 39 35 15 36 18 11 13 11 31 23 14 16 24 21 18 12 10 22 32 38 24 28 11 24 18 17 32 18 9 14 15 9 14 14 21 19 27 14 32 6 21 13 14 34 26 15 39 23 9 30 
32 20 31 36 9 28 7 20 24 18 27 34 14 7 10 20 20 22 16 27 32 18 20 16 8 26 34 30 18 29 27 20 14 34 18 20 16 21 27 13 17 26 21 34 33 9 13 12 19 31 45 29 16 18 11 32 22 20 13 30 17 6 9 9 12 20 15 14 23 26 19 16 10 31 23 12 35 11 18 37 
18 29 25 17 10 18 9 14 23 12 34 30 14 13 21 20 32 42 20 26 40 17 10 13 12 28 18 27 20 22 15 34 18 22 27 26 16 11 22 29 13 20 21 22 27 9 7 18 22 26 36 15 20 17 21 33 20 28 14 31 18 9 8 20 19 17 32 14 39 12 29 20 21 17 21 24 36 38 26 36 
30 20 45 31 12 30 8 30 13 12 20 23 23 8 20 16 27 17 19 19 36 11 19 31 19 20 29 32 29 33 12 36 15 28 27 19 8 13 25 16 19 21 25 17 22 15 13 22 19 41 38 20 16 22 12 30 19 27 11 36 21 9 9 13 14 24 30 6 20 14 19 15 21 23 29 33 14 27 20 13 
9 27 47 27 13 30 17 31 22 14 13 40 21 10 15 14 28 31 21 37 16 15 20 23 12 24 44 46 23 16 29 37 9 24 26 20 17 14 22 15 11 29 18 18 14 11 7 19 32 26 24 29 19 26 9 30 31 28 10 24 18 12 11 10 19 18 31 17 35 22 26 9 18 23 26 23 47 19 25 26 
23 32 23 28 2 18 9 35 25 19 28 28 12 9 11 21 20 17 37 24 28 9 16 31 19 17 23 34 25 18 28 21 18 16 30 20 18 19 34 25 13 29 28 33 24 10 10 21 18 34 24 8 17 21 14 14 21 33 13 25 4 11 6 11 26 18 34 16 41 17 21 14 23 33 16 28 26 22 17 42 
18 15 32 24 7 30 12 27 25 15 31 23 15 8 21 24 31 24 19 7 12 22 19 24 11 22 22 30 28 19 29 21 14 15 20 24 10 14 17 24 13 30 23 30 31 15 8 9 28 37 31 34 12 22 15 23 20 15 13 34 26 6 8 15 29 27 28 15 16 16 15 16 15 19 13 26 41 9 29 40 
21 29 48 34 12 38 15 32 17 11 22 15 20 13 18 14 28 15 26 17 17 15 11 19 16 37 30 31 23 29 18 26 17 39 37 18 14 17 28 40 19 26 18 37 22 13 6 22 28 28 40 23 17 25 13 27 15 25 16 36 22 13 13 9 20 15 23 11 21 19 8 17 18 31 19 32 33 24 38 42 
19 4 40 31 10 34 7 28 26 18 20 28 9 13 19 19 29 38 25 19 34 18 18 14 24 20 21 29 16 22 17 34 12 32 42 27 13 21 29 17 19 20 32 23 23 12 5 27 25 28 24 29 11 19 3 26 10 32 15 26 16 7 8 15 20 13 24 13 28 11 23 17 14 13 20 16 26 30 25 43 
28 22 29 31 10 22 11 26 22 18 19 28 5 14 22 21 23 21 26 25 50 17 18 13 19 19 26 9 27 14 29 32 10 36 31 21 14 16 23 17 12 30 34 26 23 16 8 5 18 28 17 14 15 25 19 18 30 24 13 33 16 4 10 10 29 13 20 16 38 12 8 11 13 15 16 26 24 13 42 19 
33 19 30 20 10 22 17 19 37 9 35 32 18 9 22 12 33 21 26 26 32 17 21 15 19 23 35 38 26 24 32 53 12 35 31 28 15 19 25 19 15 27 18 38 21 15 6 22 20 24 31 18 21 14 19 31 24 29 17 28 14 9 7 16 27 17 27 15 23 14 20 9 18 32 23 24 38 26 19 26 
30 17 27 21 5 39 14 33 20 23 24 11 15 10 13 14 30 16 15 28 28 19 15 18 17 20 17 34 21 11 34 36 18 29 29 16 18 8 15 18 10 18 33 20 22 23 8 28 13 39 26 26 16 22 24 28 20 11 10 17 26 11 10 11 30 22 34 8 35 20 15 14 15 28 32 32 36 6 26 30 
17 22 31 34 10 32 9 36 19 22 31 32 27 6 11 20 22 20 23 27 18 12 19 28 15 15 26 21 19 17 37 22 17 28 18 23 14 15 21 19 15 23 16 30 18 16 14 21 40 29 23 31 11 24 19 31 24 23 10 36 10 14 11 15 20 21 8 14 39 15 12 15 19 22 24 18 29 26 30 18 
30 25 17 16 8 38 16 29 20 16 18 32 22 9 14 18 33 16 9 26 28 13 18 29 10 14 25 13 28 26 26 30 16 24 27 27 15 15 37 12 15 38 19 28 18 12 10 19 28 35 45 22 17 35 20 30 15 28 14 23 16 12 13 15 28 15 28 10 23 13 17 17 20 27 28 31 27 17 24 30 
37 16 18 30 6 19 9 30 30 23 34 49 9 13 16 20 26 28 25 26 35 18 9 30 9 21 20 18 20 19 25 52 20 28 20 14 13 12 17 15 15 25 20 30 16 8 10 19 32 14 42 16 20 22 14 23 24 18 10 17 16 9 12 14 29 20 22 17 27 17 3 11 16 20 27 29 16 28 24 20 
18 16 24 30 8 31 18 13 18 17 21 25 20 8 9 17 35 24 22 16 36 8 20 23 8 23 42 44 8 19 37 26 16 26 22 26 11 9 26 25 7 34 22 20 9 10 13 15 20 30 23 39 18 17 7 35 16 27 11 29 19 8 16 14 28 24 22 15 11 22 26 12 15 13 28 19 34 22 24 30 
19 21 27 33 8 32 12 20 32 9 29 30 23 9 18 20 23 20 37 33 50 14 16 16 15 14 27 32 16 27 20 42 11 34 28 23 20 14 32 17 18 30 28 13 13 14 11 11 37 27 31 19 13 30 20 21 14 28 9 30 25 12 6 11 10 23 27 18 30 13 14 10 12 28 30 40 34 20 28 24 
20 19 23 15 5 29 9 34 23 12 23 38 27 10 13 16 28 21 14 28 9 18 8 14 13 20 32 30 21 7 33 30 17 17 22 19 12 15 36 23 21 20 22 25 18 13 12 16 33 32 15 10 20 19 13 29 34 25 11 24 24 9 8 7 17 23 26 17 17 7 17 11 13 30 20 20 33 14 12 37 
13 22 27 27 3 37 13 16 22 20 41 43 27 7 10 17 17 29 27 20 27 17 16 31 21 28 41 24 18 10 22 26 15 20 24 24 9 24 23 27 8 28 19 27 28 17 8 21 18 26 35 18 22 18 23 23 26 27 12 35 15 12 10 8 31 20 39 9 19 11 19 15 15 37 29 36 38 15 12 28 
6 21 17 25 10 26 15 27 27 20 21 21 14 7 17 13 24 27 23 32 42 16 10 18 15 31 35 17 23 27 29 31 14 30 17 39 19 9 36 28 17 21 27 15 23 15 9 10 32 35 32 29 15 25 29 19 14 16 13 25 17 10 10 11 11 19 19 11 25 13 24 8 21 30 18 13 33 15 36 25 
17 29 29 40 9 40 12 44 19 18 25 34 11 10 10 18 30 36 16 25 29 11 9 20 15 28 28 10 25 24 10 25 19 38 13 21 10 15 32 23 15 26 32 21 32 9 11 23 30 20 38 28 15 33 16 47 27 28 12 30 22 4 12 14 18 15 36 13 38 8 16 16 17 11 33 29 23 17 19 29 
28 22 40 30 10 33 13 28 20 17 17 29 15 8 6 15 17 23 16 17 43 14 13 16 13 23 27 41 31 29 18 20 12 31 28 13 16 17 24 22 17 18 30 9 27 17 10 17 35 37 9 26 11 28 21 37 21 23 9 29 24 14 9 12 15 19 16 11 34 11 21 11 15 17 23 25 51 21 21 28 
21 26 27 18 11 31 10 19 19 18 26 27 17 4 14 15 35 17 20 17 25 13 21 27 12 12 38 18 22 19 36 29 12 37 39 19 8 17 28 18 25 33 27 23 26 17 11 17 34 28 22 19 13 19 19 36 21 29 10 26 18 6 8 7 20 16 20 12 31 14 18 8 16 23 31 10 21 24 16 28 
12 22 27 36 12 23 9 33 28 14 41 21 18 9 15 16 30 21 17 7 25 14 16 18 15 17 30 35 27 21 16 36 8 26 23 22 12 22 15 28 11 22 28 17 35 21 10 11 17 32 37 18 14 30 29 48 23 15 11 21 12 8 12 10 26 19 24 11 30 18 20 10 18 29 20 25 18 18 38 32 
25 24 33 8 11 31 9 32 30 18 16 32 18 13 24 21 24 23 19 16 21 10 20 26 12 24 35 28 20 21 39 35 18 35 22 26 16 15 20 32 7 15 30 21 24 19 16 9 27 41 41 30 12 18 23 27 30 28 4 22 21 7 11 10 30 12 28 13 25 16 28 15 13 26 18 38 30 24 26 24 
16 29 32 27 11 33 11 16 8 12 17 26 13 9 15 17 15 23 21 29 25 16 16 29 17 27 26 22 15 9 33 39 15 33 20 18 12 20 30 26 15 23 36 13 28 6 11 9 24 17 28 31 21 25 21 35 18 16 6 16 25 9 4 11 18 15 17 9 27 20 20 19 12 32 22 18 24 27 23 29 
24 16 34 5 10 29 14 30 25 15 26 36 14 7 8 13 27 23 26 16 35 13 17 16 18 29 30 43 27 15 17 36 11 26 19 23 11 15 17 26 16 37 19 30 23 19 8 11 22 20 24 28 17 19 12 30 21 24 15 1 21 11 6 8 21 23 23 12 39 22 13 10 22 28 27 24 25 20 19 28 
20 27 26 18 6 26 12 27 18 16 12 24 25 11 15 19 22 17 17 31 38 24 15 17 18 22 23 23 18 17 36 8 16 32 38 20 11 22 36 25 16 30 27 14 19 14 9 11 25 11 35 23 13 19 20 24 20 22 17 40 25 8 10 7 36 23 6 13 22 23 30 18 15 24 23 22 30 17 22 34 

MachineCapacities:
MachineID Capacity
0 10
1 10
2 10
3 10
