NumTasks NumMachines NumScenarios
20 4 50
TaskDetails:
TaskID ReleaseTime ResourceConsumption SuccessorsCount Successors...
0 0 2 9 6 3 2 5 6 
1 0 9 6 9 2 1 4 
2 0 8 8 7 2 1 6 
3 0 3 8 2 8 0 
4 0 3 10 2 4 0 
5 0 10 5 5 1 0 
6 0 8 4 8 8 0 
7 0 9 7 7 5 4 11 15 16 19 
8 0 6 5 8 6 2 11 16 
9 0 8 8 5 1 1 18 
10 0 9 6 4 5 2 13 15 
11 0 4 2 2 7 2 14 18 
12 0 1 2 8 9 1 16 
13 0 4 8 7 2 1 18 
14 0 3 4 5 2 0 
15 0 8 8 2 5 1 18 
16 0 6 4 2 8 0 
17 0 10 5 4 4 0 
18 0 6 6 1 2 0 
19 0 6 2 7 1 0 

12 11 13 28 12 29 11 15 10 30 8 25 27 36 12 20 22 6 7 31 29 32 13 34 7 17 20 22 23 32 14 26 11 25 28 26 37 26 15 14 33 9 32 23 10 33 19 17 29 47 8 29 21 18 15 14 9 16 18 12 28 36 28 25 24 38 15 12 34 20 24 12 19 24 44 12 23 23 21 20 
10 18 10 21 12 22 8 28 17 12 9 27 33 41 18 15 13 10 10 38 22 17 18 29 11 13 30 20 29 40 17 24 21 30 33 35 22 15 8 14 55 15 27 35 13 28 23 24 21 17 9 27 31 20 21 9 26 12 31 27 12 26 27 27 31 13 6 12 27 28 25 11 10 32 22 5 19 21 18 24 
11 23 12 21 11 25 15 27 9 13 11 24 17 45 19 12 25 15 10 37 21 24 12 34 19 17 22 29 25 31 4 19 25 24 13 33 43 16 37 10 38 14 40 36 4 23 26 24 20 26 9 43 37 34 24 10 32 15 21 21 23 38 16 17 13 33 12 12 21 9 16 17 15 31 21 11 2 25 23 22 
11 22 14 20 11 23 8 11 8 9 15 20 20 19 18 7 18 11 10 17 21 18 14 41 34 16 12 22 27 15 13 25 12 29 33 31 17 25 21 12 45 16 18 27 12 20 19 20 9 39 14 29 46 19 13 10 35 17 23 11 21 21 25 10 15 26 20 8 21 12 24 10 20 24 19 10 23 30 28 28 
8 12 10 11 5 25 10 20 15 9 10 31 27 37 15 20 26 21 14 27 25 26 18 25 29 16 22 30 23 19 13 19 12 24 20 19 25 14 30 8 43 14 46 30 19 26 19 26 23 32 11 35 16 14 22 9 39 17 31 11 4 16 8 32 20 37 16 13 23 19 20 18 13 21 34 10 21 21 9 24 
1 19 7 21 7 25 6 21 9 14 8 28 20 30 17 18 11 23 12 23 18 21 26 39 34 14 16 25 16 30 22 18 21 24 35 36 30 8 26 13 29 13 28 42 6 22 24 28 24 26 9 30 40 20 26 8 29 14 28 14 15 14 17 40 27 23 14 8 20 13 24 12 16 41 28 9 24 27 11 24 
4 27 11 24 7 26 10 21 15 23 16 29 28 28 21 23 21 18 10 18 21 22 16 22 21 12 18 31 25 40 17 17 22 36 37 31 30 15 20 12 28 14 14 30 10 41 10 23 18 23 10 33 34 9 16 9 13 11 31 24 28 33 19 24 15 28 5 8 33 23 15 13 14 39 27 13 28 36 19 25 
8 26 10 16 12 25 17 18 14 20 9 23 32 11 20 16 22 17 13 27 20 17 12 25 35 16 21 25 24 23 12 18 14 31 39 41 30 18 29 7 38 13 9 36 14 26 18 19 31 19 9 33 26 31 19 11 31 15 19 21 11 40 16 19 25 53 18 13 32 20 18 10 14 33 26 7 14 32 26 27 
6 21 6 27 8 24 10 12 14 12 13 25 19 23 19 15 13 11 7 26 22 20 16 27 39 13 13 36 6 18 17 19 14 7 31 23 44 16 28 10 29 17 45 30 13 41 17 17 27 36 10 11 42 23 15 9 28 6 33 19 25 30 22 33 22 33 10 9 32 10 19 12 12 29 17 12 20 21 29 22 
11 15 10 30 9 24 9 31 9 21 14 19 30 30 18 13 20 12 9 21 31 35 21 24 35 8 26 19 14 21 13 17 25 28 38 34 23 8 21 12 28 17 52 40 16 27 17 24 21 26 13 29 25 32 20 14 35 13 33 17 16 39 23 27 21 36 16 10 31 25 21 13 10 14 36 8 27 25 28 25 
15 25 8 16 13 21 12 22 12 20 12 13 21 13 7 11 23 6 13 19 27 17 20 22 32 13 21 28 32 26 13 18 24 30 36 19 24 13 36 11 18 12 29 29 7 26 26 20 24 34 9 26 25 22 14 10 18 7 32 21 24 19 19 26 17 32 20 12 22 24 20 14 11 24 23 12 13 18 15 17 
12 26 17 14 11 18 14 22 10 14 4 19 20 34 20 16 21 17 11 24 18 22 12 39 20 18 15 24 19 29 13 26 26 19 42 34 28 22 38 10 26 12 17 33 10 35 33 23 19 24 13 33 29 15 19 6 41 13 18 27 10 26 13 31 11 30 8 15 16 31 25 9 8 29 28 10 27 31 6 15 
12 13 8 26 7 25 13 22 12 20 12 41 22 39 20 17 15 13 13 20 21 7 18 29 29 19 25 21 25 31 17 28 10 30 28 38 37 21 39 11 27 10 16 20 9 19 24 27 30 47 8 26 29 23 18 12 25 15 22 24 16 17 17 28 17 41 17 11 14 19 21 17 18 35 26 10 17 28 22 18 
11 17 11 26 7 19 6 27 8 17 9 16 40 22 10 21 17 12 20 30 20 25 17 22 35 15 22 33 28 14 13 21 15 29 32 15 32 16 30 1 35 16 33 23 14 31 27 19 23 22 6 17 36 21 18 10 29 10 26 25 30 29 36 35 20 30 11 7 23 7 20 8 18 27 28 11 23 15 25 2 
11 16 10 3 6 35 13 19 7 22 7 23 27 37 24 24 17 9 16 19 24 23 18 42 33 11 15 30 26 31 15 14 18 25 19 22 37 25 31 11 21 12 17 29 11 31 13 8 26 33 14 13 33 15 26 13 33 15 17 14 22 41 26 36 25 18 11 11 28 14 18 14 13 21 14 15 26 38 17 26 
6 21 11 20 12 32 9 22 6 19 4 25 9 11 12 12 23 14 15 25 21 22 14 34 23 15 14 23 26 32 5 24 21 18 29 39 24 21 27 10 24 12 33 26 11 22 21 18 21 19 12 19 20 20 21 10 27 9 12 8 16 32 20 19 15 31 18 10 24 22 5 9 21 34 33 20 22 18 20 20 
12 21 11 16 11 26 8 21 14 14 8 26 27 22 21 12 25 12 13 27 25 32 24 25 31 14 20 36 21 37 17 17 18 38 17 18 14 26 35 14 17 10 24 11 10 30 11 30 17 40 9 27 32 35 15 11 41 14 23 21 21 25 25 31 19 30 15 15 37 26 17 13 10 43 27 8 13 16 20 22 
10 16 8 2 8 8 12 24 10 10 9 31 27 18 20 21 18 20 8 28 36 21 22 36 19 10 12 39 15 26 11 24 23 16 29 19 23 24 42 15 21 11 29 35 12 27 22 19 23 23 14 25 31 20 18 7 24 12 39 24 28 38 19 37 9 28 6 9 28 21 17 16 12 26 13 11 28 41 24 25 
18 14 12 25 16 14 13 11 12 16 9 28 25 13 22 15 22 15 13 22 37 29 26 18 25 13 14 28 16 35 20 12 25 36 30 34 32 18 20 9 41 11 29 29 16 23 16 22 13 27 5 13 28 18 18 10 34 8 19 24 17 35 18 30 14 21 17 6 16 21 14 18 20 31 20 6 30 18 32 15 
8 19 10 4 10 19 15 10 12 12 12 34 34 36 17 14 29 16 12 32 14 22 21 19 36 17 30 23 24 28 11 26 22 24 31 21 26 19 25 5 18 18 36 13 13 22 24 32 23 36 13 23 31 19 24 10 29 15 14 22 18 41 28 36 23 20 9 8 28 17 25 19 18 23 35 9 25 13 26 25 
9 28 10 18 14 26 16 29 13 13 13 12 23 34 19 16 11 10 10 29 24 11 20 38 14 21 14 26 34 17 7 19 12 21 24 28 34 26 45 18 26 14 40 27 9 21 30 25 25 28 13 36 23 18 15 5 34 16 2 22 13 37 18 26 11 13 15 8 20 17 10 13 19 33 26 10 16 22 15 17 
10 27 10 26 9 24 12 22 14 25 10 17 34 26 15 10 20 10 13 30 19 28 21 30 11 12 19 16 27 19 15 28 14 36 28 28 35 15 34 6 37 14 27 35 8 19 26 35 28 32 10 15 14 25 22 8 35 16 22 25 20 16 15 29 25 11 13 11 36 23 9 16 13 29 36 12 20 40 25 8 
8 22 11 26 8 22 12 27 13 8 9 20 26 19 12 12 20 8 19 17 22 26 18 9 31 18 14 21 40 9 16 20 26 23 31 30 39 15 35 12 28 13 32 33 12 16 19 27 22 29 12 20 32 24 11 8 26 9 19 21 19 18 29 35 25 25 6 14 25 20 13 5 11 34 26 9 18 21 13 14 
8 19 15 20 8 28 7 17 12 13 13 27 26 7 19 12 19 14 13 29 26 31 23 52 30 13 15 14 26 34 17 17 13 28 46 27 23 27 26 9 35 12 37 33 11 19 23 24 17 42 12 22 35 23 18 6 40 11 17 18 21 25 17 25 30 34 14 14 21 24 23 11 17 22 26 10 30 24 20 22 
10 20 7 15 12 24 12 18 8 10 15 15 16 32 20 17 20 11 16 27 16 18 17 42 29 18 17 21 17 24 15 30 18 27 29 26 34 28 31 5 14 4 41 29 10 36 13 21 19 41 11 40 25 14 27 9 15 11 27 21 14 25 19 14 20 28 11 18 6 22 25 10 11 34 17 14 31 27 21 23 
11 20 10 15 12 34 9 14 6 21 10 31 30 28 24 18 31 15 14 11 26 18 22 34 28 14 15 32 29 21 15 9 15 20 38 36 35 11 34 10 23 7 37 20 9 22 23 16 25 39 8 18 40 21 20 4 24 17 28 12 25 37 22 10 15 23 12 15 34 26 14 18 15 25 17 13 21 22 9 24 
19 24 18 21 10 31 12 18 8 14 11 31 22 25 16 14 15 15 5 17 18 16 15 28 29 11 29 25 22 20 11 20 12 19 26 20 42 18 30 13 18 8 33 37 11 25 21 21 25 28 6 31 30 23 11 16 18 17 21 17 24 43 29 39 20 43 15 10 30 20 22 10 7 31 44 11 20 9 14 16 
10 17 8 19 10 24 11 17 20 12 10 33 22 29 23 17 19 6 15 26 33 31 25 15 26 19 27 32 15 24 14 19 10 19 39 32 19 21 19 5 27 20 39 30 9 20 27 19 20 37 8 26 25 19 19 2 31 8 29 20 15 25 25 18 13 19 20 13 34 24 19 16 16 39 24 12 22 21 35 25 
3 32 9 18 7 20 13 7 9 21 12 20 17 23 13 16 20 19 14 21 18 17 21 35 32 16 27 30 22 35 17 3 17 15 25 29 28 14 39 10 40 16 21 39 9 25 24 21 23 31 7 27 20 26 18 12 21 7 13 14 22 35 19 28 17 25 7 9 34 19 21 15 5 29 22 8 20 27 18 24 
14 18 10 15 11 36 10 19 14 18 6 19 41 38 23 17 13 17 7 24 20 27 14 15 26 17 19 28 20 29 6 24 17 14 34 25 19 17 35 5 34 11 33 25 9 44 15 26 24 27 9 37 43 38 12 14 32 4 38 18 28 25 15 30 18 31 14 13 30 10 14 11 14 18 15 12 26 34 17 25 
13 26 10 31 12 34 7 20 10 16 11 25 19 40 5 12 13 17 10 32 19 17 28 30 18 18 17 35 22 21 15 18 12 19 23 21 38 24 28 10 37 13 24 38 16 23 19 25 23 21 16 27 38 27 17 11 36 12 19 16 21 28 28 27 12 23 7 7 19 16 10 9 12 30 32 9 23 25 36 24 
13 24 6 22 4 5 8 11 10 17 8 28 26 38 26 20 18 8 17 35 23 20 15 51 14 20 17 30 32 19 14 21 23 40 22 38 23 25 22 11 33 12 42 25 14 29 19 21 29 17 7 30 39 19 22 7 30 16 27 24 23 40 27 34 23 30 12 12 33 25 20 8 13 39 15 12 22 15 23 19 
14 23 10 20 13 18 10 27 10 17 12 23 16 35 22 17 21 11 11 38 19 28 15 34 18 16 14 22 29 22 19 7 19 23 31 42 22 22 25 5 42 15 35 20 11 36 34 18 22 17 9 28 30 21 18 11 20 10 15 13 16 51 22 27 18 33 19 8 33 2 21 21 8 22 25 10 21 23 16 29 
13 17 12 15 13 21 8 26 11 25 7 17 30 17 14 14 14 20 13 19 25 31 14 35 41 16 11 34 33 21 12 20 21 26 24 29 22 25 23 13 10 12 27 22 6 25 13 23 13 32 15 25 34 19 25 13 30 15 28 21 22 15 12 23 27 18 15 12 23 26 17 15 13 35 40 6 21 16 25 9 
9 8 3 25 5 35 7 21 10 25 9 25 33 14 29 13 24 14 13 30 37 20 19 23 33 11 23 31 22 41 9 5 17 26 43 53 36 19 21 4 9 14 28 30 11 21 15 16 23 33 14 30 22 19 13 6 28 12 28 22 25 24 26 24 26 36 13 11 27 15 24 16 14 30 25 12 13 16 23 26 
8 18 10 10 12 38 15 24 10 13 13 25 29 19 11 14 6 6 11 28 28 19 16 35 34 26 14 16 26 5 16 20 21 19 26 40 25 15 27 6 27 17 40 29 12 22 19 21 25 59 9 31 28 26 15 9 16 10 24 25 28 24 19 34 17 27 10 14 45 21 21 18 14 22 23 12 23 26 17 20 
11 23 5 16 11 30 5 22 12 20 14 26 17 33 14 17 9 21 17 26 27 25 17 25 23 17 20 29 22 21 15 29 18 35 23 23 32 16 17 8 31 8 53 38 13 26 43 26 20 39 9 23 20 29 18 14 23 9 28 21 18 15 18 39 19 38 17 8 35 15 23 13 13 15 28 14 13 22 14 20 
15 19 7 23 12 19 9 18 12 10 12 27 26 45 15 21 21 7 19 42 16 19 21 17 29 13 23 36 22 35 22 8 18 33 18 24 24 22 24 8 15 14 31 30 11 35 22 25 24 28 8 17 44 28 25 7 24 10 22 23 32 24 21 25 20 25 5 12 24 22 25 21 18 34 30 10 16 25 24 11 
11 18 10 6 13 24 10 19 13 18 8 32 19 32 29 15 20 8 9 12 25 23 16 43 13 19 16 12 21 18 18 11 13 36 14 37 41 18 28 14 29 9 35 32 12 25 17 19 15 32 10 15 18 20 22 12 44 13 23 23 24 25 34 28 16 26 10 13 36 8 12 17 15 41 29 7 18 31 13 11 
11 19 8 27 8 17 12 22 11 15 17 24 23 31 20 8 13 12 13 27 15 16 9 26 22 16 15 19 23 23 15 24 14 22 28 26 21 10 16 8 29 15 42 39 11 29 23 27 26 26 8 21 31 26 22 9 30 11 18 27 20 30 17 37 29 14 23 11 24 30 14 15 11 38 13 13 19 26 16 22 
12 24 9 29 16 36 12 22 9 17 6 16 31 24 18 21 22 14 9 24 23 16 19 39 15 21 14 19 38 28 17 13 17 32 32 23 21 24 33 9 24 14 28 20 7 26 26 21 23 25 9 26 32 7 7 11 13 14 26 16 17 36 22 24 14 31 13 17 18 21 25 20 14 35 18 9 23 25 18 14 
6 26 13 16 10 36 11 19 9 25 7 13 28 17 20 22 25 14 13 28 20 8 30 36 24 14 17 30 19 25 10 37 21 23 35 42 30 10 29 13 43 18 39 23 10 27 35 26 18 36 12 35 27 34 24 14 28 11 33 26 28 36 22 25 20 30 13 13 33 16 16 23 17 27 24 12 23 28 32 23 
10 23 10 18 11 38 9 18 9 14 13 30 22 35 22 13 20 15 13 31 25 23 23 29 15 7 20 25 26 23 18 26 13 19 46 36 24 18 36 15 29 19 30 46 12 21 19 22 23 31 9 26 34 21 15 10 14 9 22 19 28 35 16 32 17 18 12 16 26 21 9 12 15 39 17 8 20 30 28 17 
9 16 11 17 12 28 13 26 10 12 6 23 20 30 14 18 13 15 15 39 20 31 18 33 19 13 12 21 26 26 18 18 16 29 13 28 13 29 29 14 31 13 43 32 10 23 26 25 23 37 8 25 21 28 25 14 28 15 34 10 22 20 16 29 13 26 15 6 35 30 21 11 10 37 12 12 14 26 21 13 
3 17 13 21 17 17 12 22 12 11 7 25 33 36 17 17 23 14 10 25 19 27 17 25 27 19 14 38 28 28 19 29 15 19 25 18 25 15 34 10 31 16 26 33 9 24 17 19 23 17 13 22 38 26 19 14 18 7 25 22 25 31 16 18 13 26 20 14 34 17 21 17 6 25 22 9 19 26 31 26 
12 16 12 16 14 20 12 19 13 19 5 18 23 32 18 13 27 10 10 29 5 9 15 23 29 11 25 31 28 28 15 19 23 25 30 31 34 22 42 5 16 15 12 33 11 17 35 28 27 46 11 43 32 26 16 3 16 14 26 22 34 27 10 35 11 14 12 5 34 22 13 11 18 24 37 15 18 20 30 25 
6 17 7 12 10 28 14 18 13 19 12 19 35 26 16 9 16 8 9 41 17 6 18 22 19 13 23 22 25 15 22 15 13 23 30 39 13 16 30 11 17 16 23 30 8 22 25 14 23 15 12 40 17 37 16 14 35 9 21 13 15 28 20 18 27 25 22 10 30 17 20 16 19 17 28 10 21 35 18 25 
15 18 14 22 12 29 13 23 11 21 12 28 35 29 13 13 12 12 13 36 29 22 15 9 34 9 20 21 19 26 12 24 15 25 40 25 27 15 39 6 44 9 25 21 15 25 26 33 31 32 13 31 34 10 20 8 17 13 22 26 19 39 24 19 22 19 4 13 30 21 16 12 12 12 31 14 33 23 20 28 
16 21 8 17 7 32 8 23 7 15 11 17 30 26 18 16 16 20 11 28 24 24 24 33 26 17 25 24 12 45 11 25 19 14 34 46 34 16 23 6 11 15 24 30 9 25 28 22 21 33 8 25 41 28 20 12 13 13 17 23 27 26 13 19 23 35 6 11 24 20 25 6 18 20 23 10 19 17 21 24 
16 32 10 11 7 26 15 28 15 16 14 32 10 32 30 20 22 12 6 19 24 22 16 14 23 12 24 31 23 30 15 18 20 23 28 43 51 9 30 14 29 15 33 29 8 16 26 18 29 23 10 37 25 23 23 5 29 10 21 11 10 21 21 24 12 21 21 8 31 21 18 11 13 26 24 12 36 30 18 31 

MachineCapacities:
MachineID Capacity
0 10
1 10
2 10
3 10
