NumTasks NumMachines NumScenarios
20 4 50
TaskDetails:
TaskID ReleaseTime ResourceConsumption SuccessorsCount Successors...
0 0 5 3 10 3 3 5 7 9 
1 0 2 6 7 5 2 11 12 
2 0 8 5 5 3 1 10 
3 0 3 9 8 9 4 7 8 10 12 
4 0 1 3 5 10 2 11 12 
5 0 2 6 1 6 1 10 
6 0 10 4 9 10 0 
7 0 2 2 8 4 0 
8 0 6 6 3 7 0 
9 0 2 5 4 6 1 11 
10 0 8 9 7 1 0 
11 0 4 5 7 7 0 
12 0 3 10 5 2 0 
13 0 9 7 1 9 2 14 17 
14 0 10 7 9 6 1 19 
15 0 8 1 3 1 0 
16 0 5 6 2 1 0 
17 0 8 4 1 6 1 19 
18 0 7 8 1 8 1 19 
19 0 6 7 4 6 0 

27 30 21 22 15 17 27 28 14 36 15 11 12 20 10 13 16 9 29 18 15 18 9 32 6 28 19 25 16 37 34 24 14 21 23 12 9 15 13 20 33 34 20 24 24 18 24 21 12 15 38 13 19 22 17 7 22 19 20 24 19 17 15 33 11 41 5 19 16 30 28 15 25 22 34 24 14 11 29 21 
34 18 24 18 16 10 28 23 13 36 11 15 12 37 24 10 23 20 35 17 20 11 13 31 13 29 18 25 13 28 31 11 11 12 28 14 12 14 11 17 25 34 10 17 16 37 27 12 9 15 32 10 30 27 29 10 21 9 15 49 25 17 21 38 20 15 13 26 40 15 31 19 31 19 15 20 17 8 33 22 
23 9 32 24 16 12 33 35 17 22 19 15 13 11 33 32 5 17 4 34 19 13 11 25 10 22 19 18 18 32 23 27 19 20 27 13 10 15 16 17 16 4 20 37 12 21 21 37 22 29 39 11 21 17 22 11 19 12 18 33 30 17 25 24 16 23 16 22 18 19 12 21 28 23 24 26 11 13 36 19 
18 21 12 13 14 13 26 27 13 42 13 26 2 18 30 24 18 16 36 22 12 16 16 21 9 32 21 18 23 45 33 22 12 19 26 14 10 18 22 13 21 8 7 30 15 34 31 29 21 31 43 9 14 30 20 7 26 16 6 33 14 17 24 28 9 39 8 15 31 17 29 35 26 17 37 35 20 12 27 19 
24 29 30 22 19 10 32 31 21 38 13 15 12 29 30 15 21 7 28 36 17 17 17 39 13 9 14 11 12 35 23 22 12 18 24 10 12 22 14 12 24 21 17 33 20 26 27 24 20 22 31 12 15 27 19 12 29 16 11 43 17 12 14 16 14 27 14 25 26 12 21 18 33 31 30 17 11 16 32 9 
14 22 20 18 15 16 34 21 17 37 11 24 13 24 22 39 17 30 36 26 26 14 6 22 10 22 10 11 10 24 21 24 9 24 25 14 10 13 11 31 15 41 19 29 19 36 34 19 22 22 35 14 15 18 18 11 26 16 13 52 16 13 25 15 14 14 12 40 29 12 17 33 30 25 25 7 14 19 34 11 
13 25 22 27 13 13 28 18 11 39 13 28 11 14 24 41 18 24 27 35 15 9 16 39 12 23 18 17 19 24 29 27 9 12 30 10 10 21 10 14 28 24 26 29 9 12 35 44 26 13 26 15 16 20 11 11 16 12 24 32 22 16 23 26 6 22 8 11 26 20 17 20 20 23 24 25 16 16 15 10 
33 35 24 17 21 11 24 21 10 31 15 20 6 33 27 28 25 16 33 12 13 19 8 24 5 20 10 17 18 31 28 21 12 15 32 14 13 20 8 22 15 27 10 17 22 34 40 33 19 16 22 12 17 23 27 11 37 13 22 35 23 20 20 19 17 37 8 35 19 21 26 17 34 27 27 31 21 13 27 17 
21 18 34 20 18 12 15 19 20 37 13 41 9 18 26 19 20 26 27 10 20 18 15 15 6 8 17 15 20 24 26 21 7 19 25 15 20 20 14 26 19 33 9 15 13 34 35 36 23 21 22 14 13 18 24 11 29 9 14 32 27 16 24 15 15 23 15 30 31 13 41 24 48 31 11 23 21 18 18 22 
13 32 23 35 17 14 31 27 7 28 11 19 8 39 24 28 20 24 25 24 16 8 14 24 11 28 21 21 15 41 27 17 13 19 23 9 16 17 11 27 31 15 24 22 12 32 27 27 20 25 23 15 19 28 26 8 24 17 17 31 16 12 14 27 18 25 12 28 25 20 24 20 34 19 12 10 16 17 35 18 
22 30 32 21 16 14 30 24 14 20 13 23 8 22 23 36 21 15 23 26 23 19 20 25 7 24 20 18 19 30 14 21 7 22 14 12 14 15 12 20 31 37 19 11 17 31 29 34 18 24 23 13 14 22 10 12 23 10 22 21 31 13 14 31 12 25 8 25 45 25 35 38 32 12 18 23 17 9 33 19 
26 33 33 28 20 14 32 35 21 36 21 24 9 29 25 11 15 10 18 25 20 17 14 27 11 19 22 4 10 36 21 27 13 17 18 11 13 16 11 17 24 29 25 24 19 16 38 29 27 19 11 11 21 16 22 10 21 14 17 29 24 18 25 33 13 39 11 32 29 26 26 24 32 34 33 27 11 10 30 19 
25 44 14 36 11 14 21 33 17 33 15 11 9 27 29 27 14 16 25 28 19 5 18 23 14 19 19 16 9 18 25 32 13 8 27 14 13 22 14 17 13 20 8 33 21 14 33 19 14 18 37 12 11 18 26 10 37 15 25 18 16 8 22 23 7 42 7 23 15 17 35 8 12 28 25 24 8 12 24 14 
17 29 17 22 9 10 28 17 21 32 18 27 6 18 15 9 15 22 19 25 16 12 14 14 19 26 23 17 11 26 38 15 10 14 20 11 6 9 11 14 13 26 20 35 23 35 5 30 11 24 25 8 20 22 30 9 20 9 9 21 23 14 31 38 11 13 14 22 15 22 22 26 8 23 29 22 16 9 20 18 
8 50 27 22 22 9 40 21 15 40 12 4 9 36 18 23 17 21 16 26 21 16 19 35 12 16 16 18 23 21 26 28 7 17 23 12 17 18 7 26 22 35 11 27 18 27 36 36 16 18 29 13 25 22 20 10 26 14 27 28 22 8 23 27 10 26 10 18 15 11 20 24 23 21 18 22 15 19 23 22 
21 33 18 21 23 17 23 27 11 47 17 28 11 22 26 20 27 22 27 35 19 22 22 28 12 27 13 19 14 35 31 28 12 17 33 13 14 6 8 20 31 40 10 22 17 42 40 28 20 25 28 16 21 11 29 7 27 13 22 26 27 13 28 33 11 19 14 34 28 15 23 21 27 21 14 21 15 15 30 16 
28 23 19 19 24 6 27 29 22 37 15 21 12 19 18 29 14 22 30 9 25 19 19 25 9 18 13 19 19 30 32 20 9 9 22 16 14 12 13 25 16 19 22 19 10 25 31 42 12 27 20 8 27 29 25 10 38 11 11 19 17 10 23 48 22 45 11 23 18 17 37 20 27 27 28 18 15 8 39 20 
28 27 19 28 17 14 32 12 18 28 15 18 11 21 28 35 19 19 17 33 17 5 10 21 5 32 14 14 19 9 11 18 11 19 27 10 7 16 17 20 18 28 13 25 14 45 27 32 19 31 29 13 15 15 12 5 25 10 22 31 30 10 19 24 22 36 9 38 24 28 38 29 27 36 22 34 16 20 32 20 
25 20 14 28 7 14 18 42 12 32 6 31 6 25 31 36 14 30 26 28 25 5 19 28 9 35 17 10 11 12 26 20 13 14 33 10 12 17 14 15 29 23 21 22 19 32 23 26 21 37 37 13 16 33 22 5 26 9 18 34 30 10 22 35 15 32 9 30 24 20 19 23 17 15 23 25 14 9 24 9 
26 29 19 25 22 10 23 19 17 17 14 28 10 25 18 22 14 16 35 24 17 16 13 15 11 22 16 22 24 20 26 18 9 15 19 14 6 17 9 16 19 44 20 24 8 39 34 44 27 21 18 10 10 19 14 12 14 13 15 21 29 14 18 22 9 38 12 24 17 23 30 28 24 19 28 19 18 19 45 24 
19 25 25 21 25 9 27 31 15 29 20 28 11 28 26 39 22 15 30 28 22 25 15 32 13 23 16 20 11 15 29 17 9 14 11 20 11 17 14 30 24 38 10 30 25 28 28 16 15 28 11 15 19 17 17 11 21 13 12 34 32 15 19 32 8 21 13 25 29 22 28 18 21 14 23 24 10 19 27 11 
19 33 15 20 18 13 37 7 25 35 14 25 7 14 23 32 18 29 20 24 17 12 7 35 15 24 21 23 11 37 27 25 17 18 21 11 11 15 17 16 25 41 14 35 15 24 35 44 22 30 28 16 20 20 16 8 23 15 9 40 23 12 23 4 14 18 15 35 41 14 30 17 22 23 24 21 10 5 23 22 
14 27 22 23 3 11 17 41 14 19 13 18 12 33 29 37 19 33 29 24 20 15 18 24 12 31 11 14 9 25 37 24 12 20 24 15 12 23 13 25 24 20 19 39 20 35 42 23 23 16 37 10 6 26 16 11 21 15 18 16 19 11 9 35 14 28 10 21 27 23 22 22 29 15 29 29 22 19 35 13 
13 19 25 32 22 8 20 30 16 17 13 25 12 24 27 22 22 15 24 31 16 15 15 34 8 33 15 22 17 43 32 27 8 13 28 11 11 19 14 22 30 35 23 18 20 38 32 27 21 14 11 10 23 21 27 10 30 20 25 32 38 12 19 27 6 39 12 29 32 21 18 11 32 29 16 11 15 14 34 17 
15 29 17 32 24 7 31 23 17 25 16 27 9 26 37 18 19 24 28 14 21 15 19 23 7 23 16 25 18 24 33 29 8 12 22 15 18 20 10 20 11 28 20 22 21 25 32 43 28 23 35 12 22 25 18 7 31 10 14 16 25 18 24 14 15 23 9 28 37 18 22 19 25 29 27 17 16 16 33 14 
25 28 25 40 16 13 28 20 19 29 17 22 10 30 23 25 16 26 32 18 26 10 12 41 10 22 18 15 12 23 17 30 9 12 19 14 11 9 14 15 26 32 17 23 18 32 28 35 16 28 42 14 20 22 8 6 33 14 5 27 20 19 35 20 15 37 13 30 24 14 22 22 17 23 16 14 12 12 46 20 
23 29 25 22 25 4 29 22 18 38 17 24 17 30 28 23 23 29 35 20 34 18 16 33 12 23 21 21 16 22 18 21 11 19 35 9 8 20 11 14 27 40 14 21 16 28 25 30 15 30 19 13 9 26 26 12 37 16 16 28 28 20 28 18 13 27 13 23 25 14 29 21 31 26 31 16 16 8 17 22 
22 37 31 28 17 11 26 23 19 36 13 31 13 33 26 26 17 18 25 31 14 15 18 26 10 18 11 13 15 30 27 12 14 22 14 10 9 17 11 24 14 18 26 23 28 27 40 28 25 23 21 8 25 17 19 11 22 11 13 35 26 17 14 15 18 30 7 40 7 16 33 16 11 18 35 25 18 13 30 22 
22 24 20 37 22 9 26 25 11 31 20 22 11 26 7 20 15 24 21 41 18 17 8 33 11 23 17 19 14 29 21 24 12 17 27 9 14 15 14 23 20 25 18 26 19 6 46 38 16 23 26 11 17 29 35 4 31 20 18 37 20 7 27 24 15 21 16 21 8 20 34 18 31 36 30 30 13 19 42 16 
33 27 17 17 12 12 19 23 21 29 16 23 15 35 27 31 25 19 39 40 16 14 15 36 6 17 16 20 16 26 18 23 11 14 13 10 10 13 10 12 23 32 25 34 16 24 40 42 16 23 35 9 14 22 22 7 38 15 12 32 34 14 18 39 16 29 13 27 21 28 32 27 29 25 23 35 18 14 26 22 
12 34 22 20 20 11 27 29 13 28 12 19 14 22 23 11 18 18 35 26 4 19 18 28 6 18 18 19 5 36 30 29 11 14 29 11 10 18 12 17 23 19 14 23 16 29 21 31 19 22 38 15 2 19 27 7 12 7 31 30 26 19 20 26 15 33 14 28 26 11 22 15 12 28 20 18 19 13 42 21 
21 33 20 27 17 8 28 20 13 6 19 29 12 30 21 24 24 25 30 13 16 14 20 33 11 20 21 14 22 38 32 13 8 16 26 14 15 17 17 25 21 24 9 11 21 31 35 24 14 26 36 11 24 19 18 9 26 10 15 30 32 14 26 17 15 38 12 35 34 15 25 21 31 26 18 25 16 13 29 24 
15 46 30 22 14 14 18 23 8 34 13 39 9 21 10 26 19 14 30 43 21 15 17 22 13 24 17 9 17 25 23 16 13 17 14 16 14 14 14 28 22 18 16 25 18 27 28 36 15 28 32 12 18 11 34 13 29 14 15 28 13 14 15 12 16 24 9 31 23 15 28 24 28 24 27 20 13 19 7 3 
27 27 25 23 23 8 20 31 18 27 10 16 14 23 31 22 21 30 24 39 27 19 6 38 9 7 19 27 15 30 28 16 11 17 12 8 14 19 12 19 25 19 13 29 15 40 39 41 26 14 38 7 10 25 28 5 30 12 18 22 26 16 12 30 23 18 11 20 27 22 26 21 40 12 40 16 15 14 24 20 
20 15 35 25 22 10 23 30 9 28 18 21 6 16 24 30 14 29 32 30 28 19 15 27 13 21 15 15 14 47 27 21 11 21 12 13 12 9 15 18 29 29 21 26 14 23 22 37 17 12 17 12 3 13 22 12 32 12 12 38 31 14 19 21 21 30 9 21 26 20 27 15 16 37 24 20 13 20 8 20 
18 31 19 31 17 11 35 29 15 39 23 22 8 20 18 28 20 16 38 14 22 15 10 16 8 26 17 20 16 23 19 15 15 12 22 10 14 20 12 22 23 31 19 30 17 19 20 30 14 17 15 14 21 22 15 8 24 9 16 31 18 15 34 18 7 39 16 20 26 19 30 11 21 33 34 23 14 12 18 19 
11 24 19 35 17 8 24 23 14 30 15 27 12 9 28 26 15 26 29 27 17 11 13 29 9 22 14 17 13 23 18 22 10 16 29 13 12 20 9 25 21 32 14 36 9 31 33 32 18 20 37 9 21 22 22 9 34 10 18 31 21 16 17 23 17 28 8 31 41 16 32 29 19 36 24 20 15 11 39 23 
17 19 34 35 19 11 26 28 20 28 20 19 7 23 18 28 25 11 32 33 23 12 15 20 9 22 14 25 19 20 28 20 16 10 21 15 13 20 18 17 22 22 19 23 21 33 33 38 15 20 38 12 22 20 30 13 27 12 10 34 13 24 17 29 10 30 5 22 29 28 26 21 24 16 22 15 21 14 31 16 
27 25 21 20 24 15 19 25 12 27 20 21 13 24 19 25 21 19 45 35 16 27 23 34 7 29 24 18 16 42 23 17 12 13 32 11 10 22 12 20 28 23 21 27 19 40 34 36 20 33 28 13 17 29 20 15 22 13 17 27 24 12 28 42 20 33 10 30 20 24 31 34 16 21 16 22 23 15 43 15 
25 13 24 33 28 10 30 19 19 39 19 18 10 35 17 18 19 25 25 31 27 20 10 28 14 19 25 20 17 22 21 19 11 9 35 15 10 29 10 20 14 21 23 30 25 35 38 38 16 26 34 13 12 19 23 8 42 17 29 35 21 8 16 21 11 38 6 22 16 16 29 12 27 22 36 14 9 15 16 10 
20 42 12 26 14 12 13 28 22 31 23 23 7 28 23 27 14 14 25 33 18 17 14 40 14 32 15 27 16 10 41 18 14 14 10 14 9 17 14 19 16 35 13 26 10 36 23 31 22 27 15 14 19 19 28 11 36 12 18 35 29 20 20 29 16 22 13 19 23 20 37 12 23 21 34 25 17 16 35 19 
16 32 35 29 22 10 27 23 24 21 11 28 8 24 18 21 19 17 30 23 21 19 21 37 7 16 6 16 8 15 26 25 17 22 36 11 10 10 16 25 24 15 20 14 23 38 37 28 24 32 24 12 15 12 11 13 30 10 13 39 26 12 26 28 16 30 11 30 14 21 41 27 24 26 20 14 10 14 12 8 
21 34 33 26 28 10 25 19 14 27 18 28 8 23 23 18 18 18 40 20 23 20 17 41 6 20 20 21 16 15 22 27 13 12 24 12 13 7 7 20 14 25 24 25 21 47 24 24 11 22 29 13 25 19 39 7 33 9 15 19 30 14 22 22 14 18 9 27 27 17 26 28 33 41 19 24 14 11 43 12 
25 41 12 33 19 12 30 26 10 11 16 21 12 14 28 18 14 17 18 33 20 18 13 25 8 33 30 6 14 21 16 20 9 19 16 14 14 18 11 22 32 54 24 28 10 38 15 25 14 20 27 14 22 11 22 7 38 11 8 37 14 12 21 23 10 29 9 28 38 13 30 13 34 24 19 25 11 14 38 22 
22 23 23 41 16 10 29 25 18 29 14 24 10 32 20 17 10 30 24 29 19 23 18 33 12 21 6 16 16 8 16 19 11 22 19 12 17 21 15 23 19 24 28 27 17 35 18 40 17 24 27 11 16 33 28 8 38 16 12 28 23 6 33 29 17 31 13 18 23 15 29 22 32 23 32 13 19 23 28 9 
24 27 14 26 17 6 39 6 9 23 13 13 6 34 17 23 17 22 38 33 19 21 19 23 9 19 17 15 16 30 30 23 13 17 21 14 14 20 17 19 21 28 12 29 14 37 28 29 26 29 34 10 22 19 14 13 42 12 19 15 28 15 27 38 11 19 11 31 17 20 28 15 32 28 21 20 17 15 24 18 
7 34 14 24 18 11 27 12 17 34 12 19 7 35 24 41 16 20 34 21 15 16 13 31 12 29 22 18 17 17 28 23 11 9 25 18 14 12 13 11 30 19 12 34 16 34 21 9 15 24 41 15 6 27 17 11 23 13 28 26 26 22 24 30 9 25 17 32 31 11 39 32 32 26 24 22 17 13 44 27 
28 23 26 31 14 9 19 24 19 34 16 23 16 4 23 28 14 16 41 18 17 8 7 22 14 17 12 16 20 27 25 19 11 16 24 10 15 18 15 25 23 17 19 45 17 30 45 37 5 22 27 10 22 24 22 7 28 10 18 46 26 21 19 11 15 25 9 26 29 19 28 24 18 12 23 30 13 14 42 25 
16 27 16 28 24 10 33 34 8 40 19 22 16 5 25 24 18 16 30 23 25 15 21 22 13 20 17 13 16 30 26 26 8 10 33 15 13 18 10 25 30 28 15 31 16 17 25 18 22 19 21 13 23 23 23 7 14 15 15 35 16 14 15 37 19 14 13 33 30 13 8 38 20 26 29 20 14 20 25 18 
19 15 19 26 27 11 19 37 25 32 19 28 15 22 26 23 19 22 22 35 16 16 22 33 8 14 10 12 14 20 37 28 10 14 27 10 9 15 17 18 23 36 24 32 9 37 36 16 30 29 39 14 13 14 29 10 29 10 15 31 21 15 22 25 12 34 15 19 9 16 25 24 17 22 26 27 16 13 8 25 

MachineCapacities:
MachineID Capacity
0 10
1 10
2 10
3 10
