NumTasks NumMachines NumScenarios
20 4 50
TaskDetails:
TaskID ReleaseTime ResourceConsumption SuccessorsCount Successors...
0 0 1 9 9 7 3 8 9 11 
1 0 1 6 8 1 5 3 4 6 8 11 
2 0 7 8 3 7 2 5 8 
3 0 5 6 8 5 3 7 9 10 
4 0 2 6 2 9 2 9 10 
5 0 2 4 2 8 1 10 
6 0 7 5 9 8 0 
7 0 10 4 10 10 0 
8 0 8 8 1 7 0 
9 0 6 3 9 2 0 
10 0 4 6 9 2 0 
11 0 7 9 3 2 0 
12 0 8 2 7 8 3 13 17 19 
13 0 3 5 7 4 1 18 
14 0 3 3 8 3 0 
15 0 1 7 3 3 0 
16 0 10 7 7 3 1 18 
17 0 8 2 10 9 0 
18 0 2 5 7 9 0 
19 0 6 4 4 5 0 

37 25 29 7 17 16 9 17 35 23 8 20 24 26 14 27 14 26 19 34 24 42 10 16 21 12 18 11 15 31 23 20 37 10 19 16 31 20 26 19 29 16 13 19 23 16 12 24 21 14 28 17 21 17 27 36 21 39 14 14 34 22 33 22 12 11 12 11 11 11 19 23 13 10 40 17 22 21 13 18 
24 27 34 10 16 15 14 15 14 28 14 23 28 12 18 22 26 35 15 33 23 26 16 12 10 13 16 22 14 26 23 7 38 7 13 16 31 24 37 21 36 15 17 12 21 20 14 16 9 7 34 17 5 16 37 26 25 25 26 15 14 26 30 34 7 11 12 11 19 12 16 24 24 21 27 18 14 33 11 15 
23 26 30 15 17 23 11 14 19 32 18 23 17 19 13 37 9 37 15 22 21 33 20 11 12 22 15 22 10 25 26 12 26 10 19 14 27 12 39 13 16 16 17 24 24 6 16 9 10 14 13 19 19 19 35 16 17 26 37 17 35 15 29 22 8 5 9 13 23 11 11 28 13 15 25 30 15 21 7 15 
10 23 28 14 23 26 6 9 26 33 15 20 19 35 11 18 21 23 17 28 17 18 23 17 15 22 20 17 14 15 19 12 32 13 21 15 31 24 13 30 27 27 14 26 27 20 22 13 23 12 17 26 20 12 30 35 11 12 29 9 33 18 18 23 9 9 8 26 26 11 10 35 20 14 19 33 14 23 11 23 
28 40 28 16 19 25 7 18 26 25 14 24 27 23 21 18 14 22 8 33 18 25 10 17 14 15 21 18 11 14 30 18 26 13 21 12 34 32 44 28 40 14 17 16 19 13 8 11 39 11 25 18 15 19 28 25 19 24 31 16 30 30 30 16 12 8 15 25 15 14 15 11 28 14 26 22 21 15 12 22 
33 23 34 8 11 27 9 15 40 26 14 30 18 22 26 29 21 16 19 36 15 26 13 18 20 13 21 14 16 44 26 14 22 12 16 8 20 17 36 31 37 28 18 20 19 18 18 17 27 10 19 18 22 16 25 26 24 41 27 21 19 18 12 24 12 10 13 19 20 12 17 16 21 28 29 24 20 23 12 20 
19 33 30 12 16 21 14 12 28 26 13 20 19 21 16 34 20 30 13 25 21 32 16 16 22 16 17 13 14 46 10 15 18 14 17 17 31 22 26 25 33 13 11 23 12 10 19 21 17 14 11 10 23 20 39 28 21 12 34 9 31 24 41 33 12 12 12 22 23 17 18 18 30 18 30 12 21 20 6 16 
21 26 30 12 16 24 13 19 10 26 14 13 17 28 21 36 14 21 13 38 18 28 21 12 22 16 17 24 12 37 30 11 36 13 20 3 32 18 39 24 38 19 23 34 20 18 20 17 25 11 26 20 21 10 9 31 19 23 34 13 15 17 23 34 15 16 13 23 25 12 16 27 36 19 20 12 16 20 6 18 
33 26 25 16 23 24 16 11 15 27 14 11 18 31 23 28 20 30 13 25 14 29 25 12 25 19 11 16 11 31 21 17 33 10 12 12 34 18 41 28 9 16 13 32 29 16 18 21 44 9 10 14 16 14 24 25 18 33 20 7 26 20 17 29 8 9 3 13 26 14 20 29 23 29 33 16 13 19 11 20 
33 19 19 17 21 16 9 12 16 20 12 22 14 24 25 28 12 13 16 21 23 20 13 13 20 10 17 24 11 16 21 11 19 14 25 12 31 6 28 29 26 20 12 36 14 20 10 13 20 18 14 18 24 14 26 35 13 16 27 12 25 14 22 19 13 11 12 21 23 9 13 21 41 16 18 22 18 29 8 24 
34 28 31 11 18 17 10 19 32 18 16 20 23 20 17 22 26 24 17 34 19 20 13 18 14 15 22 18 16 21 26 9 23 10 13 13 21 15 12 23 31 20 15 33 19 12 16 17 28 17 37 18 27 15 26 29 20 33 23 10 43 28 26 35 11 11 13 22 22 6 21 37 22 29 24 13 12 31 9 17 
16 30 26 16 6 28 13 21 23 22 16 15 28 20 20 20 19 36 12 34 25 18 24 13 9 19 15 20 8 25 18 16 29 9 12 12 27 10 26 27 42 12 11 11 28 26 10 8 28 14 24 20 19 11 11 42 26 47 42 12 24 20 22 41 5 13 13 17 20 9 15 18 13 22 21 27 17 12 10 23 
25 26 41 17 15 30 9 14 31 23 12 25 14 15 21 18 27 19 12 24 20 23 10 18 16 16 15 15 18 34 34 11 28 18 12 18 43 14 21 3 21 13 16 29 10 19 12 14 35 13 24 17 22 8 27 35 15 10 31 10 18 22 28 29 8 6 13 34 27 13 17 15 33 31 32 17 13 28 12 17 
32 24 14 8 16 18 10 19 22 25 14 21 26 35 24 41 23 30 13 20 9 34 17 10 18 12 16 17 15 23 26 9 20 7 22 10 22 21 18 14 24 15 13 29 22 20 15 19 33 11 32 12 32 11 30 28 19 21 21 14 19 20 23 34 9 8 16 24 14 11 22 27 37 12 18 27 16 8 10 11 
27 22 23 10 10 16 6 12 19 31 15 15 11 19 21 44 17 27 7 30 22 28 21 16 17 16 13 20 14 25 34 14 18 11 16 13 30 8 40 26 30 11 14 37 21 16 10 17 26 14 12 22 24 13 17 25 13 15 29 17 28 14 31 24 8 15 11 23 13 14 12 38 25 21 24 25 21 18 11 22 
24 18 26 10 25 17 10 16 17 29 17 12 16 14 26 10 16 22 17 22 24 24 20 14 21 19 19 16 13 37 23 17 40 16 16 14 25 13 28 29 27 13 9 10 19 13 24 21 36 11 23 17 34 22 15 27 11 34 36 14 28 26 34 23 8 15 12 25 29 11 13 27 25 26 12 31 12 27 6 27 
35 30 29 11 28 27 11 19 27 25 26 13 26 31 20 19 18 26 15 36 28 17 19 14 17 14 16 11 11 31 26 13 29 6 19 7 19 20 43 22 25 15 15 22 31 17 16 23 36 16 23 17 29 12 44 27 22 24 22 16 24 27 23 28 6 10 12 16 24 17 16 32 18 8 24 29 20 16 10 17 
16 28 18 11 24 19 12 19 41 15 11 17 17 18 24 30 14 24 17 23 23 21 24 12 17 29 15 15 16 34 22 16 24 9 20 10 26 14 35 23 17 22 18 23 22 17 23 14 42 7 26 20 25 18 37 23 13 24 45 11 21 19 31 27 7 13 13 24 28 9 15 31 27 27 40 33 18 16 6 29 
19 27 30 11 17 28 17 17 27 28 20 19 18 22 19 33 16 34 11 20 20 32 15 12 15 12 13 17 11 39 22 17 20 13 16 9 37 22 42 25 43 11 10 22 16 24 17 15 17 10 19 9 32 11 22 10 17 34 22 20 38 26 26 19 11 10 16 27 20 12 13 25 20 19 21 30 22 23 11 25 
11 26 31 14 13 15 14 18 33 29 11 29 26 14 21 22 29 16 11 25 17 24 15 11 16 18 16 19 13 36 24 16 24 8 15 11 33 14 32 24 22 11 15 26 20 14 12 26 22 14 29 26 21 6 37 26 20 21 35 16 20 23 14 29 11 6 10 14 14 15 7 28 25 16 28 32 18 26 11 24 
15 26 43 12 11 14 7 18 23 14 24 11 28 19 20 31 20 8 9 10 12 28 21 14 16 20 20 21 13 26 22 5 24 12 14 13 24 9 25 20 20 16 19 9 10 22 23 13 39 12 26 22 17 6 24 30 16 19 21 10 32 17 27 24 14 9 12 14 28 14 17 31 30 16 27 27 11 27 9 14 
34 24 23 13 5 34 14 12 18 34 16 22 31 30 13 15 23 21 10 16 19 23 8 12 17 17 19 26 10 29 21 8 23 7 19 15 21 20 41 17 29 19 20 28 21 13 16 17 23 4 25 13 24 10 18 35 24 27 37 11 10 20 38 25 6 11 10 32 22 13 22 22 40 17 31 17 14 2 8 28 
24 23 27 10 20 31 11 21 36 25 15 20 18 28 22 22 17 22 14 24 12 24 13 13 11 12 16 13 14 19 30 11 22 13 24 14 30 21 29 29 21 13 12 25 14 24 24 15 35 11 26 25 19 19 33 23 13 21 31 13 18 21 13 30 11 5 5 13 21 14 16 14 28 19 27 41 11 21 9 20 
10 33 21 13 18 22 12 12 36 18 16 16 21 32 19 30 24 42 15 13 26 41 22 20 19 12 9 25 14 26 28 14 28 10 18 12 20 16 42 33 38 29 15 29 29 18 14 12 17 9 26 21 25 11 30 28 23 20 17 13 23 11 26 29 10 16 13 15 26 13 23 17 28 23 27 22 16 16 7 7 
25 12 41 12 20 21 10 17 29 19 11 24 20 18 24 32 27 31 14 13 20 21 18 11 24 15 14 19 12 29 26 11 20 9 14 12 28 19 23 10 44 15 14 30 19 15 17 17 31 11 23 12 19 7 35 13 20 20 29 18 45 16 29 19 11 12 16 19 14 15 13 34 24 25 25 27 16 23 16 20 
21 16 56 17 7 25 12 15 45 23 21 19 23 23 25 18 26 15 11 23 22 17 9 8 16 22 15 19 13 32 22 14 34 3 14 11 23 8 33 36 25 16 15 22 23 25 11 15 40 12 22 9 30 14 36 27 20 24 27 7 32 22 26 27 12 5 10 20 24 11 13 24 28 16 22 9 14 16 6 22 
28 24 25 13 11 21 8 14 30 36 13 20 24 24 16 19 20 17 14 26 23 29 10 14 22 13 22 5 15 32 28 14 38 7 18 10 28 26 18 32 37 19 17 30 14 24 17 11 11 10 20 20 13 10 29 19 19 30 30 14 24 25 30 11 12 13 9 30 23 8 17 37 31 26 15 28 15 28 15 17 
20 19 24 13 12 13 13 7 45 28 8 18 28 20 10 28 15 17 15 35 26 26 7 20 14 15 20 17 13 36 24 13 16 12 22 9 26 13 25 22 36 22 19 31 22 15 18 14 17 8 25 14 18 14 5 21 24 14 23 11 31 12 23 27 8 11 6 25 17 14 17 31 17 19 22 25 15 22 15 24 
24 32 28 13 8 27 12 12 17 13 18 26 22 24 20 21 24 35 14 34 16 23 15 16 19 14 15 17 12 31 28 17 31 15 21 9 39 20 14 25 28 22 30 21 29 13 21 21 32 10 27 15 29 21 34 27 17 33 30 14 18 31 29 27 5 10 7 16 27 16 14 10 15 24 20 20 16 16 11 17 
18 10 38 11 17 21 11 10 24 24 15 24 37 33 8 26 24 40 12 30 34 36 22 20 16 15 19 9 10 30 18 14 23 12 11 11 46 15 20 31 29 24 14 27 26 5 5 5 33 18 35 27 17 9 39 38 18 22 25 14 35 24 17 39 11 13 10 31 29 8 13 17 36 24 32 31 14 11 11 12 
21 44 31 14 11 23 13 13 26 27 14 19 17 25 21 18 23 29 21 30 17 36 11 16 17 21 16 22 14 35 20 16 20 12 17 9 26 16 34 18 19 23 18 16 25 23 18 15 27 9 25 18 18 14 32 23 21 38 16 13 20 15 29 32 8 11 7 22 20 14 12 23 26 17 30 34 14 15 11 15 
33 25 34 11 6 16 15 20 25 17 19 21 21 22 7 14 14 32 16 22 18 20 20 15 17 19 19 11 11 30 23 19 19 12 14 12 34 19 29 27 28 11 6 29 20 21 18 12 34 13 15 17 15 17 23 29 14 15 36 12 18 27 12 29 10 8 11 28 19 9 17 18 40 13 7 22 15 28 10 20 
19 18 17 11 22 25 8 10 40 37 16 13 22 33 22 49 29 28 10 33 19 25 19 12 13 14 11 26 13 40 20 22 20 12 17 17 27 9 26 34 26 16 12 27 27 22 13 13 33 16 26 14 18 18 32 38 11 36 38 11 30 33 23 33 13 10 13 25 27 14 12 23 26 28 20 43 17 27 15 24 
27 21 31 8 21 21 9 8 36 21 17 23 21 28 16 21 24 15 12 26 26 18 22 17 22 17 19 17 4 23 29 10 26 9 19 12 24 10 31 18 28 15 7 32 18 17 21 14 20 11 28 18 26 11 36 29 16 11 43 12 21 25 10 26 13 11 12 20 24 6 19 23 17 25 17 24 17 24 13 16 
14 23 29 15 16 24 12 16 30 32 16 22 17 36 26 25 24 10 6 17 15 24 21 18 23 12 12 18 11 29 14 19 29 19 12 9 33 14 32 17 15 16 10 20 26 21 19 9 23 10 17 18 23 13 22 34 20 17 33 11 21 26 32 34 10 12 18 17 32 12 13 34 33 29 18 22 24 17 8 22 
34 15 28 12 18 25 12 8 30 22 19 16 31 21 13 29 28 29 8 25 24 22 10 12 10 14 21 15 18 31 25 14 31 13 15 11 31 10 27 32 23 26 10 28 10 22 23 13 36 12 24 18 12 17 28 33 23 27 27 11 27 24 17 23 9 8 11 16 25 8 23 43 27 20 20 19 25 20 11 19 
25 36 39 16 17 21 14 14 37 23 20 23 14 32 22 30 22 16 14 22 10 27 18 10 19 13 15 19 12 31 27 17 33 10 24 11 40 13 25 34 33 20 13 21 22 28 15 5 33 17 19 32 16 16 32 10 13 37 36 13 22 24 35 33 2 9 14 22 21 14 16 27 26 30 26 29 12 25 12 12 
20 19 39 16 21 26 8 21 23 41 20 29 19 22 26 21 26 25 20 42 17 17 24 18 24 19 11 13 19 24 28 13 18 12 12 12 32 19 29 31 33 17 15 22 14 13 18 9 23 10 12 11 18 9 25 20 21 37 21 8 21 19 32 14 13 5 10 18 29 15 20 35 19 23 26 19 18 21 9 12 
28 31 37 14 20 16 12 10 30 18 11 22 26 23 20 23 11 27 16 19 25 23 20 15 8 13 18 21 15 29 14 21 11 10 15 14 25 20 33 32 39 22 15 28 20 16 20 20 36 16 26 22 33 22 20 23 21 25 36 11 27 20 33 27 12 8 13 26 14 12 10 30 17 16 11 22 15 19 12 10 
17 38 24 8 9 23 13 16 37 24 15 19 23 27 18 37 23 28 20 30 26 33 15 15 11 14 12 24 15 26 16 13 28 12 14 19 23 21 25 30 34 16 12 28 16 24 24 11 31 13 20 22 16 19 44 25 21 18 36 18 29 24 35 22 11 8 15 26 25 13 16 14 18 27 16 25 10 8 7 17 
28 20 25 11 18 23 10 15 32 39 9 21 27 30 23 36 22 28 12 29 22 17 21 7 21 16 14 16 14 20 19 14 24 9 16 12 31 26 20 34 28 18 9 30 19 28 15 13 24 13 15 21 21 14 33 26 19 28 19 16 43 31 21 32 16 14 11 28 19 13 10 8 31 20 27 32 18 13 10 20 
30 29 25 12 21 26 7 14 20 17 15 8 27 19 21 24 35 37 17 20 29 22 11 15 22 9 22 16 7 24 27 10 28 9 24 16 18 9 33 24 13 18 12 37 25 15 13 14 33 15 26 26 30 12 54 26 12 36 25 3 29 23 22 26 10 10 11 18 27 9 19 15 28 20 31 36 15 20 7 21 
19 26 38 9 13 16 9 15 27 35 18 22 26 29 18 19 19 24 15 23 30 23 24 9 12 10 16 17 14 34 22 17 15 6 18 13 21 5 24 31 22 13 10 10 20 15 20 13 26 12 20 16 27 12 22 38 9 43 32 18 40 15 31 21 9 13 10 23 14 10 16 34 27 20 47 14 16 19 9 15 
25 25 29 16 19 13 11 7 31 28 12 26 28 26 19 34 19 12 15 15 20 22 12 17 16 20 19 25 13 36 28 11 39 4 19 14 34 24 39 35 30 18 13 36 15 21 21 21 31 13 18 28 12 15 43 20 14 20 17 7 20 20 21 25 14 16 11 16 27 11 16 32 30 13 36 33 15 25 12 15 
41 24 16 14 16 19 10 8 16 23 21 22 35 23 13 28 19 20 14 31 30 23 15 10 21 12 11 16 11 22 27 15 27 9 19 9 37 8 9 31 30 9 10 24 26 19 11 18 15 10 24 18 13 8 35 31 10 18 33 11 33 20 32 27 9 7 12 19 19 13 17 28 44 11 37 18 16 16 12 15 
35 20 33 11 25 29 15 20 18 32 12 14 18 19 16 30 27 24 11 28 24 17 19 15 14 28 17 22 10 23 23 14 22 7 16 11 32 15 24 20 20 15 12 13 28 18 15 15 16 15 26 13 22 14 23 34 18 28 28 12 35 16 14 37 9 15 7 23 29 9 8 33 29 25 39 35 15 19 10 7 
30 35 47 12 19 24 12 10 16 16 9 16 19 26 19 24 26 13 11 12 29 22 23 16 21 15 19 24 10 33 23 11 25 10 7 13 35 14 43 5 24 20 14 30 24 23 10 10 32 13 14 27 20 11 33 25 12 25 48 10 18 21 26 26 5 12 16 18 20 14 19 18 12 17 36 40 16 22 15 23 
18 17 23 8 10 17 9 11 30 28 19 16 21 24 25 23 21 40 20 32 7 27 19 17 14 18 14 23 12 23 23 14 20 13 14 7 28 16 25 24 18 16 18 28 21 23 18 13 13 16 20 19 30 16 30 21 22 18 39 18 41 17 25 22 6 11 4 32 24 12 15 29 27 24 20 36 15 9 12 20 
10 29 14 14 14 19 14 15 34 29 17 22 15 21 19 26 20 36 16 29 24 27 11 15 12 20 14 20 17 21 28 16 31 9 5 8 45 16 27 23 33 19 14 22 23 20 12 15 42 9 26 17 23 9 22 22 22 25 34 9 38 25 35 29 8 11 10 26 21 14 16 38 15 22 26 22 23 27 8 19 
23 22 28 8 18 24 11 16 23 16 16 16 20 20 25 37 21 34 16 19 17 34 21 20 21 10 14 13 11 15 23 11 16 12 18 11 25 21 39 17 21 18 14 29 22 24 17 22 18 10 27 14 21 9 37 38 21 26 27 9 29 21 14 21 10 10 15 38 30 16 22 27 31 14 25 39 18 19 12 19 

MachineCapacities:
MachineID Capacity
0 10
1 10
2 10
3 10
