NumTasks NumMachines NumScenarios
20 2 30
TaskDetails:
TaskID ReleaseTime ResourceConsumption SuccessorsCount Successors...
0 0 9 8 3 4 5 6 
1 0 4 5 3 6 7 9 
2 0 7 10 0 
3 0 10 7 2 10 11 
4 0 9 9 2 10 11 
5 0 7 5 0 
6 0 9 5 2 10 11 
7 0 4 4 0 
8 0 6 4 0 
9 0 8 10 0 
10 0 2 10 0 
11 0 4 7 0 
12 0 6 6 3 14 15 17 
13 0 7 9 2 17 18 
14 0 7 9 2 16 18 
15 0 10 8 1 18 
16 0 2 7 0 
17 0 2 5 0 
18 0 1 8 0 
19 0 6 10 0 

21 9 11 18 8 17 34 8 7 13 20 13 19 24 4 16 19 37 33 13 24 10 7 19 21 14 14 4 11 14 12 25 24 22 13 18 25 23 23 27 
12 13 10 13 13 10 34 12 14 13 18 18 15 30 14 31 18 38 34 7 40 11 14 24 24 7 36 15 15 15 12 32 31 12 17 14 21 19 26 25 
16 11 11 15 8 7 37 8 16 20 24 11 12 25 14 15 27 40 26 12 16 20 16 18 56 10 34 10 16 17 10 23 13 21 11 14 7 28 21 22 
12 12 13 19 11 15 26 5 16 21 22 11 9 27 12 18 27 23 27 11 21 14 14 10 29 10 29 9 10 16 11 18 14 19 22 9 26 21 12 15 
18 11 10 17 7 14 21 12 13 8 18 13 18 33 11 23 23 24 29 15 35 17 14 29 37 12 25 13 11 13 9 16 28 25 10 13 29 20 18 11 
12 23 15 24 6 7 29 6 12 13 11 10 11 28 12 13 23 33 30 8 17 16 5 17 36 11 29 6 13 13 16 9 27 22 30 11 22 22 23 29 
14 11 14 17 9 10 31 11 11 14 16 19 14 20 10 15 21 20 27 15 21 12 16 25 53 9 26 11 13 12 10 14 34 21 23 10 27 18 10 25 
16 15 7 15 11 7 36 12 9 17 21 17 11 23 9 10 23 25 16 17 33 9 9 14 35 11 22 19 12 17 14 13 33 33 21 17 16 28 30 25 
12 13 9 21 10 18 31 11 11 25 19 11 11 28 9 15 23 21 16 14 29 9 14 26 14 10 14 8 13 21 11 21 26 30 34 10 27 30 22 17 
17 15 6 23 16 17 22 4 13 23 23 16 6 32 16 18 25 27 26 11 21 9 14 22 26 11 18 8 15 13 10 31 24 11 28 8 21 27 17 28 
20 17 13 19 13 5 23 13 6 16 20 13 11 28 10 9 25 44 21 12 33 12 8 15 40 3 23 10 13 22 10 32 21 31 16 10 16 23 23 7 
23 12 12 16 13 8 29 15 13 11 23 13 9 21 10 15 23 31 31 13 37 11 11 21 24 9 27 10 22 15 8 37 28 20 14 11 14 20 17 10 
25 12 11 17 14 15 35 10 10 17 25 19 15 24 5 11 19 26 9 10 31 10 7 27 19 9 30 13 14 16 13 21 16 20 26 10 23 42 15 20 
19 10 7 12 11 4 30 7 11 18 18 25 15 20 5 11 34 28 20 10 36 10 16 21 25 11 33 11 15 20 12 24 18 19 17 16 23 21 14 21 
23 16 11 23 14 14 20 8 13 17 19 11 10 24 10 28 14 32 36 14 51 12 15 29 28 12 40 7 11 13 6 20 39 23 15 10 35 22 19 23 
11 17 15 12 16 10 40 11 16 16 18 19 13 29 8 12 22 39 7 11 28 12 8 19 30 8 40 8 12 7 14 30 38 21 17 10 18 25 17 25 
15 17 15 16 11 11 27 7 15 11 22 11 17 33 9 17 27 20 28 9 28 14 8 17 15 11 33 8 15 14 13 21 37 29 12 14 16 31 26 26 
16 16 16 25 8 11 35 13 16 15 14 11 7 19 15 10 21 26 39 9 29 13 15 28 38 8 26 11 11 17 6 35 41 21 25 14 9 15 23 17 
18 18 13 28 9 10 22 8 10 17 25 15 12 11 9 21 26 31 36 11 29 13 9 16 26 14 34 11 12 14 10 34 23 17 26 13 28 19 20 31 
13 15 8 22 9 11 29 12 10 12 17 17 10 38 9 14 25 21 23 15 32 12 13 13 33 11 24 8 9 13 11 18 24 28 35 17 25 23 14 19 
16 16 14 27 10 11 38 12 14 22 17 11 11 28 9 16 10 26 15 14 24 13 10 21 35 4 38 17 19 13 9 18 12 19 25 14 23 23 19 20 
10 12 9 22 15 11 28 8 15 23 20 12 15 33 13 22 20 13 30 12 14 17 10 13 29 9 36 8 12 13 9 6 11 20 26 8 18 18 22 27 
17 11 12 18 11 9 29 7 14 18 13 12 18 30 9 13 20 21 33 12 24 10 15 25 33 12 39 12 10 16 11 19 25 23 23 17 20 34 19 30 
19 13 12 23 13 15 38 14 15 10 16 14 5 20 8 25 14 23 31 18 31 9 13 26 17 12 34 13 15 19 13 30 42 19 17 8 23 26 16 21 
10 21 12 21 11 9 25 10 19 9 25 16 11 28 10 24 25 21 28 16 36 10 17 7 38 12 13 11 12 13 10 26 16 14 27 17 22 19 19 29 
12 9 13 16 14 18 22 9 11 20 24 12 12 21 7 21 22 21 17 14 20 10 9 22 39 11 21 13 7 16 12 26 33 34 25 11 24 23 14 24 
15 14 13 30 13 17 18 10 17 17 21 15 8 14 7 17 21 29 32 13 29 15 16 19 31 10 29 9 12 18 9 27 26 24 6 13 31 25 13 24 
19 12 8 23 14 9 29 10 9 16 19 12 13 21 10 25 28 40 19 11 24 14 13 17 38 12 37 14 15 12 7 26 19 32 28 11 25 25 20 15 
10 11 10 10 6 12 28 12 13 11 20 12 12 20 12 20 16 35 20 12 24 8 10 13 45 10 46 10 13 10 13 40 23 22 10 16 28 13 22 24 
9 16 15 21 12 13 30 12 8 10 8 14 9 23 12 12 27 28 21 11 28 12 9 18 31 7 13 11 15 14 13 13 23 23 12 16 24 24 16 40 

MachineCapacities:
MachineID Capacity
0 10
1 10
