NumTasks NumMachines NumScenarios
20 2 30
TaskDetails:
TaskID ReleaseTime ResourceConsumption SuccessorsCount Successors...
0 0 3 4 6 6 8 9 10 11 12 
1 0 3 8 3 4 9 11 
2 0 7 4 3 11 12 14 
3 0 5 3 1 14 
4 0 5 7 3 12 13 14 
5 0 5 2 1 12 
6 0 1 6 2 13 14 
7 0 7 2 3 8 12 14 
8 0 5 5 1 13 
9 0 10 3 0 
10 0 4 3 1 13 
11 0 2 4 1 13 
12 0 3 3 0 
13 0 6 4 0 
14 0 7 6 0 
15 0 3 4 0 
16 0 2 6 2 17 19 
17 0 1 8 0 
18 0 6 3 0 
19 0 6 2 0 

33 18 5 26 8 17 26 27 21 17 13 16 22 26 9 22 17 28 24 14 24 18 16 19 17 28 12 24 9 12 25 16 34 13 9 8 20 15 17 4 
28 12 12 25 17 19 25 33 25 15 14 17 20 16 19 24 23 18 29 12 24 22 18 16 13 42 16 26 6 19 20 25 19 12 15 7 14 30 16 17 
44 22 6 14 14 19 29 31 12 29 19 35 30 27 21 36 26 36 22 18 26 18 11 14 10 39 22 17 11 15 17 30 23 13 14 12 7 20 21 8 
19 13 10 14 16 21 41 33 17 20 14 19 19 30 16 26 22 27 9 11 47 11 24 20 7 18 14 21 8 23 29 9 16 12 10 14 14 23 20 14 
20 11 14 14 13 25 52 34 8 13 12 22 26 25 6 33 21 14 31 9 22 20 21 13 11 30 20 9 12 19 16 32 7 11 10 9 14 18 19 14 
21 19 12 22 31 12 26 14 18 13 11 30 24 19 19 14 25 28 25 9 25 19 26 16 7 27 14 24 7 14 28 13 20 15 14 6 17 22 18 17 
32 17 5 32 20 22 25 21 18 15 13 12 29 21 14 24 31 12 34 7 23 14 11 15 11 29 15 13 10 21 19 27 25 10 11 16 19 18 18 7 
27 16 7 20 12 26 40 19 16 26 10 37 14 15 19 23 7 21 40 6 15 13 13 12 14 34 18 18 10 22 23 5 31 16 8 12 17 24 12 9 
48 13 13 21 22 23 34 22 18 30 10 18 29 18 16 16 25 13 27 9 16 19 21 15 11 39 14 13 10 12 18 25 34 14 11 17 21 35 9 10 
23 24 11 26 22 18 26 12 13 21 12 14 12 3 22 12 16 23 13 12 29 12 20 12 10 30 16 18 7 17 21 28 24 11 8 10 14 21 30 13 
23 11 5 30 21 26 37 21 19 14 11 34 26 34 22 32 26 19 21 19 28 23 13 13 14 38 16 20 7 17 21 35 31 15 8 12 9 24 9 13 
22 16 10 22 18 7 36 23 17 28 11 32 16 29 15 21 15 26 38 9 25 18 29 15 6 25 22 18 6 9 23 12 32 11 8 8 14 29 21 11 
31 15 9 31 27 29 35 23 29 15 9 38 24 21 12 28 20 24 37 14 48 10 23 18 12 35 18 18 9 11 26 20 25 13 15 18 14 27 17 13 
25 16 11 19 17 19 30 22 19 23 14 34 18 35 21 23 27 22 18 13 37 18 21 16 10 33 20 24 11 13 18 11 18 13 11 12 11 22 20 13 
22 17 10 25 7 36 23 20 23 18 13 37 17 29 29 21 22 18 37 12 32 16 21 19 12 26 21 21 7 15 22 24 28 10 11 11 15 36 11 5 
22 12 6 27 22 20 27 24 22 25 13 21 18 14 13 33 31 9 29 18 28 19 18 17 7 23 7 24 4 19 26 21 38 16 6 9 23 14 16 13 
31 21 12 13 16 24 33 15 24 30 14 28 18 16 16 28 21 15 43 13 24 16 26 17 13 39 18 22 14 19 17 15 22 13 8 7 15 18 19 13 
26 16 18 23 26 10 21 25 11 23 10 32 19 42 18 24 25 27 31 10 36 14 11 16 12 17 18 13 10 10 24 29 21 14 8 11 7 27 14 12 
28 21 12 23 19 28 23 25 20 16 11 26 29 23 28 5 27 22 24 16 20 12 26 17 17 37 14 15 7 13 27 20 26 12 5 13 12 23 18 13 
37 24 11 26 15 11 34 22 19 25 12 29 24 19 18 21 14 16 41 15 21 12 29 11 10 11 12 22 15 13 26 24 33 13 12 11 19 17 21 13 
31 26 11 10 25 23 39 16 16 21 16 25 25 29 15 25 26 22 26 13 29 18 24 19 6 22 27 16 10 12 30 19 37 14 10 17 20 29 10 8 
23 20 11 25 23 21 36 34 19 27 11 19 14 21 25 25 20 15 24 12 21 20 22 20 12 32 13 13 11 18 29 31 42 18 12 17 14 30 25 9 
36 26 12 12 19 22 20 31 21 18 14 30 18 21 15 30 17 22 20 13 24 8 31 19 11 29 16 18 6 13 35 27 17 14 15 6 15 17 20 10 
24 22 11 19 17 27 18 10 24 11 13 32 19 24 28 27 40 24 28 9 18 22 16 10 12 31 16 19 13 18 17 14 23 5 12 10 12 27 14 14 
30 18 13 30 19 24 14 14 16 33 12 23 25 16 18 32 25 21 19 13 22 22 25 17 14 39 17 20 11 12 29 20 41 11 11 11 15 23 27 12 
21 22 11 12 17 34 37 34 15 19 12 27 29 22 26 33 21 19 38 16 28 18 23 16 12 25 12 24 8 22 9 39 31 12 10 14 14 34 20 13 
23 21 9 19 21 25 28 27 22 16 14 27 16 33 23 18 26 16 31 20 35 17 21 16 11 37 30 13 8 17 15 30 27 10 17 13 17 23 19 12 
35 19 14 26 19 24 30 21 15 21 13 24 34 23 18 26 18 24 24 15 18 16 11 16 11 33 10 20 11 22 16 30 29 15 7 11 14 22 16 13 
13 22 11 16 27 24 22 21 26 15 15 34 26 32 17 16 27 12 34 11 13 16 21 9 10 24 8 20 10 19 20 23 37 13 19 15 18 19 14 17 
16 16 4 29 25 24 18 19 20 29 9 19 21 13 21 13 19 28 25 12 28 20 31 20 10 35 17 11 8 18 20 33 19 14 11 11 8 20 25 7 

MachineCapacities:
MachineID Capacity
0 10
1 10
