NumTasks NumMachines NumScenarios
20 2 30
TaskDetails:
TaskID ReleaseTime ResourceConsumption SuccessorsCount Successors...
0 0 9 1 2 4 5 
1 0 10 9 2 3 6 
2 0 8 4 1 6 
3 0 9 4 1 4 
4 0 7 4 0 
5 0 6 10 0 
6 0 4 5 0 
7 0 8 7 3 11 14 18 
8 0 7 10 4 12 13 16 17 
9 0 8 9 2 16 19 
10 0 5 6 2 16 18 
11 0 6 9 1 19 
12 0 6 3 1 18 
13 0 8 5 0 
14 0 9 10 1 16 
15 0 8 3 1 18 
16 0 5 2 0 
17 0 9 5 0 
18 0 2 10 0 
19 0 5 3 0 

28 18 28 9 14 21 16 16 28 39 11 10 33 7 14 22 26 15 27 29 32 20 5 17 11 12 48 14 8 24 29 41 30 12 28 31 13 25 20 11 
35 14 26 24 10 51 23 13 27 31 26 24 16 29 11 30 29 17 26 7 20 29 9 27 11 31 34 6 8 39 14 45 27 15 22 27 11 11 26 15 
26 10 36 9 15 44 15 18 23 35 22 18 15 15 10 32 29 17 30 30 31 34 12 12 11 34 13 15 10 23 14 25 14 16 15 33 14 30 23 13 
33 13 37 10 16 38 16 23 40 50 17 13 16 26 12 27 18 14 38 27 4 11 4 20 7 15 38 9 12 28 27 31 13 19 13 36 15 19 34 19 
27 15 47 16 12 23 7 22 20 27 18 11 30 30 11 35 16 13 19 36 18 33 13 28 12 37 40 8 12 32 15 29 36 26 26 24 14 17 26 9 
30 14 35 17 14 21 16 10 34 25 17 16 15 30 14 22 40 13 38 36 39 33 4 16 12 32 32 11 12 31 22 34 23 17 25 30 12 21 32 11 
37 15 29 17 11 41 24 13 44 26 10 17 15 12 9 29 15 13 24 26 23 29 9 13 8 30 40 13 11 40 21 23 30 27 17 17 17 13 32 14 
33 17 57 7 19 45 15 24 37 35 17 9 29 37 10 25 22 15 35 28 12 25 15 19 12 32 28 15 8 25 15 32 27 22 9 17 23 10 31 14 
33 21 30 18 12 18 8 15 25 28 19 13 34 36 14 38 36 7 13 23 19 17 8 22 11 40 35 10 14 21 13 33 15 8 18 22 22 14 12 10 
28 13 31 15 13 21 18 21 33 43 22 12 30 42 12 29 33 14 36 33 19 44 4 12 15 20 24 8 6 22 21 34 27 19 25 26 16 16 26 16 
42 17 27 13 12 23 11 11 41 31 26 16 23 33 15 32 25 7 16 31 31 6 8 20 5 31 14 15 8 32 16 22 36 13 16 18 15 23 34 12 
32 14 23 13 8 18 14 21 19 32 17 17 23 18 15 29 22 11 41 28 28 24 12 27 15 31 20 11 15 25 19 21 13 20 28 33 11 28 31 10 
23 11 20 20 12 28 13 25 24 19 25 12 17 21 15 18 45 15 22 43 31 25 16 25 13 23 38 14 11 26 20 18 20 12 21 39 18 18 34 11 
26 7 17 24 12 18 18 23 32 29 14 6 14 15 16 30 50 8 22 20 40 17 11 16 12 47 57 11 3 39 17 22 18 19 28 28 13 6 28 14 
18 18 13 13 15 20 17 23 31 36 12 13 30 31 14 38 12 8 22 15 12 19 13 18 12 39 33 19 11 33 21 9 11 16 22 37 14 25 45 16 
29 9 32 15 16 29 20 19 35 43 16 13 23 30 13 26 27 10 34 44 28 32 6 17 6 29 28 10 11 19 26 20 19 12 27 32 13 14 37 9 
29 18 26 18 8 23 5 16 32 39 23 4 26 38 12 35 38 16 28 30 21 24 9 28 6 21 22 16 11 16 23 37 42 22 28 28 25 20 27 15 
37 13 57 20 12 23 19 14 36 17 18 9 22 23 11 21 41 9 14 38 24 35 13 16 7 26 27 11 9 11 22 12 34 13 29 21 7 16 28 8 
27 20 35 19 9 32 14 16 28 30 21 11 30 29 7 22 26 17 26 35 24 43 8 20 10 38 32 10 13 26 18 25 15 30 33 9 11 9 18 18 
25 19 29 14 17 21 9 18 35 32 17 12 22 12 6 37 24 14 24 34 23 21 12 27 9 46 43 12 10 31 13 21 25 12 20 29 16 22 44 17 
45 13 23 18 16 16 16 21 17 39 21 13 22 24 9 32 19 11 26 30 22 42 11 18 8 29 41 11 15 36 12 33 36 16 20 35 23 21 23 10 
31 16 29 15 14 31 13 22 29 41 16 18 26 20 11 25 21 11 31 25 33 30 9 16 12 21 35 6 12 29 22 31 12 12 18 14 18 16 20 10 
27 14 27 20 15 29 21 24 41 17 24 11 18 24 11 27 24 15 33 26 26 26 10 32 10 30 22 14 13 26 19 22 41 22 24 28 11 11 26 9 
15 18 27 19 13 37 16 18 28 25 15 5 23 29 13 33 26 11 27 34 26 41 9 11 8 32 46 9 5 30 15 30 34 23 29 30 20 23 19 13 
26 22 44 12 8 25 20 18 41 35 26 14 21 11 15 30 36 13 18 42 18 35 10 19 10 28 33 11 14 38 20 35 18 15 7 12 14 8 29 11 
27 13 10 10 13 22 18 19 39 33 19 10 25 26 12 27 21 16 30 42 26 32 4 25 14 24 44 11 15 30 21 27 30 14 21 28 18 13 24 9 
25 10 33 19 12 41 9 26 37 29 21 17 14 11 13 20 24 19 28 12 31 22 11 30 9 29 34 13 12 24 23 14 27 25 32 44 10 22 28 14 
38 22 42 19 14 37 12 27 32 32 12 14 28 41 13 23 21 16 38 27 27 19 5 20 11 8 18 12 14 27 23 26 28 24 13 39 19 21 5 11 
27 12 23 14 5 17 22 26 36 42 23 18 26 31 9 32 32 14 23 29 15 28 11 13 7 38 20 12 18 27 17 26 29 32 33 10 15 15 29 8 
41 12 44 18 17 25 12 19 36 29 12 18 29 26 17 33 29 11 35 36 19 31 7 26 11 23 37 12 10 34 27 33 21 24 22 18 23 14 40 12 

MachineCapacities:
MachineID Capacity
0 10
1 10
