NumTasks NumMachines NumScenarios
30 4 50
TaskDetails:
TaskID ReleaseTime ResourceConsumption SuccessorsCount Successors...
0 0 3 5 9 8 4 5 8 11 15 
1 0 8 6 2 7 6 8 9 10 12 14 15 
2 0 4 7 1 4 3 6 11 16 
3 0 3 9 3 9 1 10 
4 0 8 1 4 2 2 11 16 
5 0 7 4 2 5 3 10 12 14 
6 0 6 10 7 6 1 14 
7 0 9 3 8 6 0 
8 0 4 6 4 10 1 16 
9 0 8 2 7 8 0 
10 0 6 2 10 4 0 
11 0 6 1 1 5 0 
12 0 8 9 1 9 1 16 
13 0 3 8 7 6 0 
14 0 5 8 8 5 0 
15 0 5 7 3 4 0 
16 0 5 2 3 4 0 
17 0 3 4 4 5 4 23 24 26 27 
18 0 1 5 8 6 2 25 29 
19 0 6 2 4 9 0 
20 0 5 5 7 4 3 25 26 27 
21 0 8 9 4 7 1 29 
22 0 9 8 5 2 0 
23 0 5 2 4 6 0 
24 0 10 4 2 9 0 
25 0 5 3 9 3 0 
26 0 9 8 4 7 0 
27 0 10 4 9 6 0 
28 0 2 3 5 5 0 
29 0 2 8 5 2 0 

37 26 15 24 43 29 8 10 29 15 19 27 13 26 21 25 19 35 12 36 18 28 22 29 18 13 23 34 19 28 28 16 28 31 18 21 28 31 23 21 24 14 19 16 15 22 20 23 31 18 17 25 20 10 25 16 14 18 16 30 20 17 15 16 28 13 26 18 20 45 30 18 34 25 19 18 28 22 8 20 27 22 20 23 19 31 24 13 39 31 22 16 22 31 15 27 24 21 16 29 14 16 28 12 26 28 33 36 27 5 27 19 22 24 19 15 18 16 14 28 
27 10 24 23 28 13 20 16 11 26 17 18 13 24 40 28 28 18 16 26 21 43 29 35 11 17 39 6 16 2 23 17 31 28 19 18 28 31 24 19 27 10 15 22 22 22 28 27 18 19 26 38 20 11 23 22 18 11 15 7 25 15 19 30 25 12 29 24 19 36 33 21 38 36 22 22 29 25 23 17 25 18 31 34 20 19 19 12 29 17 31 19 23 31 27 22 12 23 31 36 14 39 20 17 31 23 22 22 31 29 40 24 34 31 28 21 15 13 14 22 
23 16 15 19 20 33 5 15 24 22 17 24 6 31 12 23 21 24 16 22 28 39 27 29 16 13 16 26 26 29 34 17 23 40 17 14 24 18 35 10 16 18 12 8 16 29 24 19 20 17 23 20 21 25 26 13 20 21 16 22 16 18 9 14 22 16 28 20 30 21 27 6 30 39 21 16 31 16 36 15 34 15 15 28 17 17 28 24 38 21 25 17 30 24 20 25 20 13 19 52 21 29 24 16 29 34 32 10 26 14 30 23 23 32 16 20 12 16 14 17 
22 20 35 19 7 17 14 15 22 21 11 17 16 28 25 29 19 34 14 44 33 32 20 12 29 16 18 31 30 21 15 16 28 34 22 18 19 30 26 15 16 11 27 16 22 18 36 21 29 24 18 15 21 20 16 10 9 22 16 20 15 23 11 28 30 22 23 28 35 10 16 11 24 30 31 10 23 24 24 22 29 4 19 13 18 22 17 18 20 13 17 21 42 28 25 12 23 43 37 29 21 29 27 25 29 22 39 33 32 9 26 22 24 23 22 20 17 18 15 24 
19 15 30 12 18 22 10 14 24 25 13 23 11 30 27 16 13 30 22 31 23 14 22 16 26 14 12 34 18 19 14 20 26 27 19 28 20 22 17 23 17 16 15 14 13 21 30 23 24 13 28 17 30 17 31 20 22 24 17 18 28 20 19 15 19 17 18 6 25 28 19 22 17 24 19 12 23 14 33 22 25 20 22 20 19 29 25 18 24 12 21 12 20 19 17 25 14 33 30 35 22 20 25 27 22 19 39 41 21 15 42 19 18 14 24 26 12 6 21 24 
12 14 37 23 18 29 16 13 27 31 13 11 16 22 29 14 30 20 10 41 24 22 19 35 17 16 33 31 26 27 24 13 39 35 15 13 16 42 16 31 17 20 15 15 22 23 34 19 27 11 27 25 16 18 20 20 22 28 21 14 27 12 23 22 15 17 13 16 27 33 23 16 30 35 25 20 18 24 45 16 9 9 31 22 24 39 21 24 32 8 25 22 22 20 20 31 12 9 26 26 23 19 24 20 25 43 27 48 35 17 38 15 16 25 31 16 20 19 20 17 
26 10 26 17 17 35 17 19 18 31 21 9 19 29 17 20 14 31 23 28 24 16 29 38 16 12 21 24 29 21 30 16 19 40 15 14 12 39 10 23 24 14 20 8 22 17 31 27 31 16 28 14 26 15 19 12 13 16 10 16 32 24 17 19 24 25 37 8 25 36 38 16 13 32 24 20 24 26 32 13 15 19 23 22 13 27 16 16 34 19 19 15 32 25 14 39 25 27 23 44 26 30 13 19 32 32 33 33 17 19 37 20 16 37 19 27 12 14 14 16 
19 15 14 30 40 16 22 13 32 19 12 19 13 30 34 30 28 31 12 29 12 25 29 20 22 15 28 32 27 14 30 22 37 34 20 21 24 30 17 14 22 18 12 15 23 20 41 33 17 13 22 16 19 24 34 13 14 23 6 21 30 17 14 24 22 11 38 19 11 31 32 13 16 25 24 6 25 26 42 17 25 19 6 25 22 22 27 9 35 22 13 16 25 13 19 29 12 12 18 46 15 15 16 17 24 21 28 28 19 15 29 22 19 21 27 12 10 19 16 35 
34 20 28 20 19 27 15 18 20 22 20 24 15 27 27 34 18 24 6 24 25 19 17 31 30 9 40 34 12 23 31 13 29 29 9 19 29 10 24 21 24 13 23 19 21 14 31 23 23 19 25 22 15 14 28 16 17 23 17 14 28 11 14 11 21 18 27 20 31 32 27 20 7 34 21 25 19 22 4 18 26 21 20 30 19 31 29 25 27 13 20 8 16 29 25 20 13 16 31 20 29 26 22 19 14 27 50 33 21 17 11 21 12 5 19 37 15 14 22 23 
27 21 25 22 32 24 25 16 33 22 17 28 14 35 21 20 27 20 14 28 26 25 17 26 29 21 27 10 20 31 17 16 24 37 19 12 34 28 13 22 17 20 27 21 11 15 26 27 14 20 21 9 23 11 13 23 26 14 19 12 13 17 15 17 19 13 15 16 19 23 9 18 20 33 34 15 31 21 35 11 25 19 30 19 17 38 28 16 34 12 21 21 31 33 15 19 18 23 36 24 15 32 28 19 22 21 26 25 29 15 32 12 21 27 42 21 11 18 13 37 
17 23 34 25 35 32 19 8 35 32 9 26 19 30 25 22 32 29 15 34 21 27 28 44 17 12 20 34 12 24 23 16 15 24 13 18 16 24 27 13 15 12 19 18 15 10 30 16 23 19 33 32 18 19 13 8 27 26 11 21 26 17 12 30 13 20 24 23 22 19 30 17 22 24 32 17 20 17 20 17 31 15 26 30 21 23 28 16 25 21 21 16 36 22 16 18 25 17 23 26 15 20 13 16 26 24 21 17 24 15 31 13 29 28 29 21 15 20 9 22 
26 27 14 21 36 27 21 6 25 45 7 15 15 30 29 29 25 16 21 32 15 19 26 28 22 14 24 19 30 26 26 13 20 22 13 18 14 22 14 30 27 16 14 12 23 26 23 20 21 6 32 21 16 21 23 17 23 31 18 17 32 18 15 13 15 12 35 19 16 27 18 19 22 31 27 25 24 24 31 10 32 17 30 24 13 17 28 19 30 7 21 14 30 32 16 21 16 28 28 31 18 18 21 8 29 17 38 24 16 25 36 22 11 31 39 19 9 15 24 24 
30 8 26 25 27 35 16 17 29 35 15 20 16 26 24 24 32 42 20 34 20 23 20 40 22 21 33 33 26 37 36 22 30 48 15 17 22 25 22 17 22 13 11 19 14 23 24 9 15 18 13 18 13 26 26 11 20 33 20 14 28 17 20 21 29 24 21 12 40 43 24 18 33 17 24 14 20 31 34 19 33 12 17 21 16 17 39 10 22 20 25 8 37 23 11 28 20 34 28 42 22 25 21 25 18 14 16 16 17 25 32 13 16 41 11 21 11 15 17 28 
21 19 25 29 34 23 21 18 14 21 14 17 11 33 28 34 24 18 10 37 26 30 16 34 27 14 38 26 25 28 23 13 22 38 17 23 15 37 21 20 15 11 16 20 21 19 35 18 23 18 33 28 18 7 21 16 21 27 16 28 31 10 18 27 21 15 24 15 25 22 25 13 29 20 30 11 16 26 25 17 34 23 21 25 20 33 21 13 43 21 22 12 19 20 21 29 23 25 39 30 21 22 21 18 24 34 32 36 24 17 29 18 17 25 29 23 12 16 23 34 
34 19 26 24 33 15 22 20 8 22 17 17 5 33 23 20 23 31 14 29 15 23 17 41 30 10 31 26 24 21 18 14 29 28 14 20 32 23 17 25 16 15 19 14 16 15 29 23 19 17 25 20 28 17 20 22 24 24 14 20 25 20 17 19 23 24 43 16 9 34 15 10 21 21 26 20 24 9 24 20 32 15 22 21 18 17 26 17 25 14 19 16 38 21 19 32 15 17 15 22 29 21 24 17 25 26 22 34 10 13 27 19 29 27 30 17 15 26 17 27 
23 12 38 20 37 21 21 13 16 18 12 22 15 30 38 11 15 13 15 34 16 16 38 14 27 14 40 26 18 22 21 11 21 29 14 19 30 31 19 15 25 14 18 15 23 21 22 24 26 25 27 27 13 16 29 18 22 17 9 17 38 15 11 9 12 13 26 20 22 32 20 22 33 28 36 18 26 21 10 25 34 9 28 16 19 30 36 9 14 22 16 17 32 31 5 14 23 20 25 40 21 23 15 21 19 28 37 29 23 15 7 12 31 34 17 32 17 16 15 30 
32 13 32 29 17 19 22 17 38 26 14 14 24 32 43 19 37 36 24 34 26 26 17 52 19 12 22 12 25 22 16 15 21 29 25 19 21 26 10 20 24 14 13 15 20 16 23 37 30 16 21 21 24 17 28 11 15 21 11 31 27 19 12 20 14 9 20 9 27 22 32 20 24 26 24 21 23 28 15 12 17 19 19 36 23 17 27 19 41 26 25 6 33 19 19 13 17 41 26 34 12 12 26 9 32 31 32 14 14 28 20 18 22 25 34 22 14 14 14 28 
27 13 19 17 33 40 21 19 22 25 14 21 10 14 39 37 42 17 23 30 19 19 15 34 13 24 15 37 24 35 14 23 21 20 19 22 19 16 20 12 20 11 23 11 25 2 32 19 19 21 32 16 21 28 11 8 22 22 16 6 30 14 15 15 13 17 27 22 21 22 34 21 19 16 34 8 15 22 26 20 26 13 25 22 18 18 18 15 20 21 25 13 37 25 25 27 16 25 29 30 27 30 19 27 19 24 5 45 30 11 20 15 24 17 25 31 14 9 14 32 
21 9 23 14 33 21 22 14 18 26 20 27 19 32 34 28 5 34 13 19 29 12 28 33 23 13 23 26 25 32 23 13 30 21 18 20 17 29 15 23 19 10 12 18 13 15 34 8 18 15 21 15 21 15 25 20 23 17 12 15 13 22 17 21 19 23 24 13 17 37 24 12 29 29 28 15 13 19 38 9 32 20 28 21 26 34 13 25 20 17 22 16 33 27 15 12 20 29 26 27 23 26 31 14 20 29 35 31 18 9 32 21 13 23 20 10 14 12 11 28 
22 17 20 21 26 30 19 22 31 15 8 14 16 21 33 34 17 34 20 34 11 29 24 34 19 13 29 12 30 19 34 14 34 16 21 9 25 26 19 30 21 24 16 13 18 15 26 17 27 25 29 23 17 17 20 13 15 25 18 20 30 16 18 20 18 15 29 17 14 29 28 14 30 36 15 18 24 24 26 25 24 19 22 30 18 13 30 10 31 14 18 17 28 36 12 27 25 23 26 28 29 24 27 32 17 20 21 44 1 15 29 16 28 19 34 25 12 14 20 10 
9 18 21 33 34 19 17 19 38 17 20 22 14 21 19 22 22 33 15 33 22 23 20 19 30 16 28 19 18 36 25 18 30 33 21 20 25 26 27 22 28 16 23 10 18 17 20 33 29 25 40 19 21 17 27 19 17 15 12 21 39 29 18 23 22 21 25 12 23 30 41 22 22 18 17 24 23 12 20 21 27 14 24 26 13 40 33 11 31 16 17 18 23 28 22 16 15 21 14 34 23 22 24 9 20 31 42 28 30 19 36 8 21 29 28 24 16 17 18 28 
10 18 10 28 20 31 18 14 10 20 21 10 23 18 28 21 5 30 12 19 24 6 21 42 19 17 45 28 14 27 25 18 22 36 10 20 21 31 21 18 17 15 21 19 27 25 31 19 20 16 25 17 19 25 33 19 7 23 12 26 22 15 14 22 21 18 18 24 29 22 29 15 19 33 27 13 19 24 43 8 36 19 21 29 17 22 28 13 46 25 11 20 19 14 21 23 16 18 30 20 21 15 15 19 27 18 10 43 24 15 36 17 21 25 22 28 16 14 8 19 
23 20 30 17 30 19 20 14 31 37 15 19 10 30 32 23 16 36 12 41 22 16 29 34 28 15 39 21 17 25 19 14 16 30 13 21 16 16 29 18 21 21 20 16 3 26 17 30 21 24 9 15 14 21 31 15 14 18 14 21 30 21 23 19 24 13 20 26 34 22 22 18 26 42 18 24 15 19 35 19 36 9 31 19 13 25 20 16 35 26 22 9 34 26 19 19 19 37 19 14 19 15 34 23 21 29 31 33 33 24 38 24 25 25 30 22 11 15 16 30 
37 16 26 24 23 27 17 16 20 35 15 22 11 35 32 26 27 33 14 31 18 15 30 25 29 17 34 25 23 28 31 13 31 39 23 18 18 24 19 14 24 15 24 22 23 14 34 18 34 23 33 22 20 17 29 5 15 23 16 19 31 30 15 16 21 11 33 20 11 22 13 20 31 31 14 14 11 30 33 19 39 20 26 36 9 33 34 14 41 35 24 21 15 25 19 21 23 32 36 30 20 24 21 18 22 32 24 28 27 19 36 18 6 28 27 23 13 11 12 35 
28 9 22 18 25 25 14 16 25 28 9 19 25 27 29 22 32 26 13 17 25 14 23 37 13 17 37 15 18 22 40 19 19 17 21 28 22 26 18 21 35 14 21 15 26 17 29 18 24 15 5 30 22 15 21 15 18 30 14 24 36 15 16 20 22 14 26 18 24 28 27 22 21 39 30 15 15 25 34 12 22 16 17 25 17 31 23 21 34 27 22 4 25 11 16 31 19 17 40 34 26 25 14 11 31 21 21 20 25 22 29 6 20 25 46 18 7 14 21 22 
23 25 16 16 41 15 15 14 25 28 14 24 14 9 23 23 31 32 19 34 27 24 33 21 20 13 43 27 22 18 28 7 22 29 18 19 22 18 6 20 18 11 22 18 17 29 31 29 22 13 31 25 22 18 20 14 17 24 15 26 30 9 18 19 24 13 21 14 8 45 20 20 21 27 19 18 16 22 20 15 41 20 19 18 29 42 44 13 49 18 25 17 22 21 14 31 15 28 21 25 17 24 21 16 23 26 38 37 24 17 29 14 22 32 29 13 7 17 15 32 
14 16 24 17 22 7 26 13 28 14 11 25 11 32 21 20 15 27 24 20 17 28 21 22 24 20 19 30 23 20 27 20 24 24 14 19 20 29 13 26 23 18 26 19 31 14 25 17 26 19 12 22 15 15 23 25 18 31 12 20 26 19 22 21 10 10 41 23 24 40 17 16 17 19 32 11 28 26 35 16 26 22 25 24 6 30 13 18 29 13 17 12 24 16 21 41 16 24 29 25 12 28 15 16 23 31 23 26 10 17 19 11 21 25 28 25 19 25 8 21 
35 16 21 12 21 21 24 17 23 29 13 9 24 25 24 23 40 39 12 31 25 24 31 31 25 23 33 22 23 13 26 13 32 16 22 19 17 35 11 22 10 17 26 21 11 22 24 13 15 19 28 29 17 20 21 18 17 22 16 16 28 15 17 15 27 17 21 19 30 34 34 14 30 26 19 23 19 18 25 19 30 16 11 31 30 29 26 12 26 25 22 12 30 32 12 24 29 10 35 31 21 20 26 26 27 30 35 24 19 29 11 21 22 26 33 29 17 10 18 31 
23 20 36 17 16 26 14 21 18 20 20 15 21 26 40 22 25 12 14 39 38 31 30 30 24 19 31 25 27 34 23 11 32 32 24 23 18 29 21 25 26 18 18 18 21 16 16 13 30 25 31 25 23 17 29 15 27 11 12 14 30 14 10 17 11 15 23 20 15 13 27 14 35 36 8 15 32 22 43 9 26 14 17 35 23 37 39 9 26 25 27 16 26 33 17 22 10 31 37 25 28 40 25 19 20 25 17 35 33 26 31 16 11 33 25 23 8 14 18 24 
26 18 29 22 29 24 19 14 30 24 18 27 21 21 34 18 23 30 18 38 19 31 29 32 20 14 36 31 25 30 17 23 18 34 23 19 20 24 21 11 25 25 15 18 17 21 29 21 14 20 27 24 24 18 28 27 27 19 10 15 20 25 13 27 20 22 30 28 36 26 32 10 25 22 16 27 18 34 19 17 23 9 32 34 16 36 25 17 38 20 32 14 33 30 15 33 17 30 32 20 9 35 30 12 19 16 33 21 21 10 28 20 32 18 39 23 14 14 12 25 
29 7 13 19 20 26 19 13 29 26 18 28 16 20 37 19 26 23 19 27 34 25 22 50 24 19 27 23 26 28 28 15 33 33 9 25 21 25 22 22 18 12 22 5 21 14 31 25 23 22 21 28 28 22 16 15 22 33 2 29 25 25 17 18 19 19 33 12 22 23 25 19 23 35 21 21 8 19 34 17 23 18 33 42 18 35 17 20 20 22 18 20 31 26 12 23 21 31 26 37 8 25 24 12 18 25 44 33 20 12 14 20 16 21 18 26 11 11 20 19 
27 11 16 24 24 25 14 20 34 15 18 17 13 24 29 29 36 24 13 25 18 22 18 33 15 5 40 25 16 12 25 17 11 31 16 20 40 13 25 8 22 6 19 19 20 10 34 17 25 16 41 19 27 29 16 22 26 24 17 24 23 28 19 21 27 15 22 23 20 33 26 17 13 32 17 16 25 31 27 23 24 14 17 19 29 31 18 21 23 18 12 19 21 30 16 28 21 14 29 26 15 18 29 20 16 30 28 33 25 19 33 12 21 21 34 20 18 15 20 33 
16 22 25 17 18 46 12 18 26 29 11 17 24 22 32 10 33 33 9 36 21 37 20 35 19 12 14 36 37 28 18 21 30 35 21 13 17 23 20 19 9 16 23 24 24 18 18 17 29 15 11 27 21 19 28 20 14 12 18 17 22 26 15 18 17 14 18 20 21 22 30 20 12 44 24 6 24 24 22 18 45 16 24 17 31 20 32 23 19 21 39 14 27 29 16 24 14 21 39 37 14 30 22 19 35 31 34 27 15 18 36 20 20 37 21 26 15 22 14 40 
24 22 19 20 10 23 20 11 22 33 21 20 20 16 22 29 23 22 8 32 34 7 26 56 24 15 42 27 27 37 28 18 31 21 8 17 6 44 23 21 10 16 13 11 22 24 23 23 22 23 22 23 23 19 24 18 21 13 12 17 36 27 22 26 18 22 20 17 20 28 27 16 10 30 33 20 27 28 26 22 52 26 24 22 23 19 23 8 11 10 29 14 41 25 19 23 18 22 26 21 23 29 27 24 19 15 28 31 27 17 26 24 18 41 17 19 11 8 9 36 
27 13 20 24 26 24 20 20 35 20 11 8 15 26 28 25 33 37 18 25 28 26 26 30 31 12 22 21 32 27 26 9 31 21 23 7 14 34 34 22 24 23 10 16 30 6 26 16 12 15 33 27 12 21 28 12 15 25 11 24 17 14 23 14 29 20 24 18 29 17 33 11 20 36 26 15 15 30 24 13 27 13 39 26 19 34 16 12 32 10 19 15 20 25 14 31 10 35 32 32 19 25 18 18 17 40 30 32 27 22 32 22 13 26 27 15 21 13 10 22 
25 23 26 22 20 45 15 11 12 36 15 16 22 29 39 27 26 26 13 31 34 27 32 22 26 12 16 28 28 29 19 12 25 35 12 21 20 13 15 15 13 16 16 28 19 10 19 18 22 20 27 24 6 14 18 23 21 15 13 23 18 22 22 20 13 18 29 20 30 23 20 16 34 32 20 13 23 30 37 18 27 13 25 27 16 13 8 14 22 24 24 10 32 38 18 26 24 33 21 35 22 24 17 15 20 20 29 37 29 20 25 23 28 26 28 24 19 15 22 23 
27 23 25 26 20 24 16 20 24 21 17 17 18 31 30 25 27 15 19 35 23 18 24 26 29 12 37 28 37 17 17 19 18 29 16 6 28 14 24 20 3 16 24 16 30 22 30 17 24 23 23 12 14 28 18 21 19 22 9 27 18 5 19 28 8 13 30 25 21 29 13 16 22 28 26 18 26 24 33 14 32 20 16 21 20 35 30 15 32 22 19 16 24 27 3 27 17 25 33 26 11 22 18 15 17 32 24 30 35 24 30 14 19 22 35 26 23 13 16 16 
22 13 29 23 9 33 17 12 11 21 11 22 22 27 15 31 30 18 17 42 20 23 34 46 19 12 32 20 21 26 24 12 49 28 11 16 25 21 24 16 21 14 10 18 16 19 28 22 15 26 43 24 20 9 26 14 10 21 14 25 39 26 15 26 15 16 21 21 19 28 26 16 23 34 28 16 16 24 32 19 33 19 38 20 18 33 15 17 34 25 23 20 40 30 22 26 19 23 32 32 31 39 19 22 23 32 35 36 30 21 20 7 19 17 26 26 15 21 21 28 
24 18 26 21 19 28 19 15 24 25 12 15 17 32 29 16 26 25 24 24 25 13 25 26 27 15 31 27 22 23 23 15 31 32 19 12 16 22 19 20 23 18 25 16 20 23 36 22 19 17 38 26 32 27 20 17 22 9 14 24 39 11 20 23 25 18 30 17 18 27 28 19 26 25 15 18 21 25 17 17 28 13 27 26 22 26 15 9 34 23 30 14 24 22 13 13 26 23 30 30 18 22 14 23 19 14 35 18 29 18 24 25 24 20 33 26 16 16 23 28 
31 13 16 24 21 38 21 17 30 35 18 22 22 30 24 24 38 23 18 24 21 20 32 36 23 17 34 44 17 23 23 13 22 26 15 19 19 22 13 15 14 21 20 16 20 20 20 10 29 15 34 23 28 28 29 20 20 34 8 19 20 18 14 14 28 21 23 7 30 24 16 14 24 33 25 17 10 13 25 27 40 13 21 23 10 22 24 13 22 21 22 16 25 17 14 17 25 27 31 31 15 22 27 18 19 38 22 35 25 22 26 23 17 29 31 21 19 15 14 20 
22 21 26 4 32 33 7 10 19 18 17 18 20 15 29 29 25 31 10 23 27 18 13 32 22 15 39 15 23 20 27 16 40 35 18 16 13 9 21 25 21 14 16 13 14 14 24 24 21 23 12 35 17 22 23 24 25 15 13 13 22 11 20 26 13 21 19 22 26 19 29 22 25 12 9 17 23 22 28 21 20 23 18 21 23 21 28 22 32 11 12 17 41 27 10 33 17 16 26 30 34 36 25 27 19 13 22 45 31 13 25 14 21 21 27 15 18 18 17 29 
31 18 20 13 24 28 25 19 26 17 16 27 20 28 27 22 27 35 13 30 22 14 26 34 18 18 36 27 34 29 16 16 33 17 25 21 22 29 24 12 24 18 19 18 31 23 26 21 35 19 15 24 22 19 9 22 34 16 19 21 21 21 18 21 19 13 16 15 30 28 16 20 31 32 21 19 30 27 23 23 8 14 27 23 21 33 30 14 26 19 13 16 25 29 11 14 18 26 21 36 18 22 22 11 16 38 33 32 25 20 39 11 26 30 31 15 15 12 18 23 
26 17 21 21 28 35 15 17 29 29 8 12 14 18 34 25 35 17 17 30 25 22 17 29 17 17 31 33 37 25 33 14 36 35 13 17 11 19 21 24 22 10 14 18 21 23 47 21 17 13 28 10 21 12 18 19 16 23 11 15 26 24 17 26 16 26 26 17 9 31 29 16 25 27 11 20 24 20 29 19 39 7 36 26 15 27 21 24 52 20 28 17 29 16 21 28 27 21 18 20 20 22 31 17 20 32 21 26 24 22 24 25 28 27 26 21 15 12 12 36 
19 8 40 9 16 26 19 23 24 28 12 19 10 38 26 24 37 18 24 26 21 28 24 32 24 12 36 29 11 29 22 18 14 33 22 13 22 28 24 20 23 25 23 22 18 17 18 11 28 22 32 16 22 22 31 16 13 20 15 4 22 22 17 17 23 19 26 16 20 38 16 15 28 26 26 17 19 24 29 19 22 17 24 22 26 37 26 17 21 18 26 17 25 19 20 27 17 37 27 19 8 30 20 20 25 20 29 28 14 21 21 17 10 17 26 13 19 12 7 34 
19 14 12 17 22 25 20 8 24 20 11 27 11 18 17 25 28 17 21 37 21 22 21 17 23 25 33 26 12 33 39 17 18 36 22 14 19 33 14 15 24 15 24 11 24 22 18 21 15 11 43 31 22 10 35 20 31 10 11 23 30 26 22 22 17 23 27 10 24 39 27 18 17 29 21 18 32 16 30 21 31 12 28 8 30 33 38 19 38 7 31 18 32 32 25 27 21 24 21 30 7 22 28 27 28 20 27 32 36 19 35 12 25 25 25 15 13 21 16 21 
23 18 21 21 26 29 6 12 23 25 19 16 15 23 26 33 26 34 9 33 25 10 16 33 6 15 20 31 18 33 18 14 23 22 21 22 20 48 23 13 20 13 18 15 23 16 32 21 15 15 32 30 7 20 19 16 21 26 17 21 23 10 11 20 21 14 34 21 16 17 24 20 23 40 25 24 25 21 32 18 40 14 26 27 12 41 18 15 32 25 27 14 32 19 14 30 26 35 34 44 19 31 27 17 24 44 28 26 39 19 36 15 14 25 30 24 16 13 19 30 
18 20 28 21 35 37 28 14 24 9 15 24 19 15 26 16 42 35 11 39 12 39 25 38 31 14 25 36 30 28 30 16 33 16 22 16 28 27 17 24 33 19 19 12 18 12 23 10 15 22 29 20 26 25 20 20 22 6 14 16 28 17 18 21 22 18 23 20 29 35 28 15 38 36 37 15 26 20 29 19 40 21 22 21 17 18 27 22 19 34 20 10 38 20 12 33 19 27 34 34 26 35 21 15 29 38 10 43 28 22 29 16 20 30 34 18 18 18 18 37 
30 11 27 20 26 36 7 19 28 23 14 32 11 26 23 31 25 41 12 30 21 12 17 38 19 16 15 34 43 30 21 12 20 28 13 23 20 29 25 13 16 10 18 20 29 18 28 22 7 21 30 22 24 24 13 25 21 21 21 19 13 17 3 27 23 24 26 19 20 20 27 13 24 31 27 21 17 19 27 18 46 17 29 19 24 27 17 22 19 25 14 16 24 25 25 28 19 33 32 33 19 12 19 19 17 22 38 36 14 22 25 15 30 21 32 16 16 9 16 36 
19 14 22 24 30 28 17 15 21 19 18 3 14 12 34 23 45 28 13 46 21 15 19 24 28 10 33 43 22 21 35 21 13 34 20 20 23 33 12 19 17 19 16 20 27 26 15 12 21 14 23 23 27 17 16 19 18 31 9 24 25 22 17 21 16 15 15 18 12 26 17 20 30 36 27 20 26 27 25 15 35 18 24 18 13 27 33 22 31 17 16 10 27 28 8 38 22 22 34 19 20 28 31 15 27 22 30 25 30 16 38 25 17 18 28 32 16 15 16 37 
13 10 19 34 29 36 8 16 36 12 11 21 18 25 36 28 24 39 20 24 24 25 29 44 12 9 28 28 10 18 30 18 31 17 15 11 16 36 16 20 19 15 16 15 26 13 30 19 23 14 26 19 14 19 24 16 26 16 25 14 25 18 23 23 21 25 18 19 26 28 24 14 23 43 25 13 30 25 29 18 30 15 18 17 15 21 29 5 31 25 28 15 35 20 22 33 17 27 29 44 17 25 28 25 15 32 29 21 15 20 13 17 26 29 28 17 18 16 24 33 

MachineCapacities:
MachineID Capacity
0 10
1 10
2 10
3 10
