NumTasks NumMachines NumScenarios
30 4 50
TaskDetails:
TaskID ReleaseTime ResourceConsumption SuccessorsCount Successors...
0 0 5 3 2 1 0 
1 0 3 6 10 4 2 5 7 
2 0 3 2 6 6 1 7 
3 0 4 3 1 9 1 7 
4 0 4 10 2 5 0 
5 0 10 5 8 8 0 
6 0 5 1 9 1 0 
7 0 7 9 5 9 0 
8 0 7 7 8 9 3 18 23 27 
9 0 2 5 4 6 4 24 26 27 28 
10 0 8 4 5 3 2 21 29 
11 0 1 6 4 6 4 20 22 26 29 
12 0 5 1 3 1 3 24 26 28 
13 0 4 3 9 9 0 
14 0 8 7 4 7 4 24 26 27 29 
15 0 9 1 9 2 2 23 27 
16 0 8 2 5 9 1 24 
17 0 8 4 6 2 2 26 27 
18 0 4 5 9 3 3 20 22 29 
19 0 2 1 8 4 0 
20 0 10 3 3 2 1 28 
21 0 5 8 9 6 2 24 27 
22 0 2 9 10 6 1 24 
23 0 5 5 8 6 0 
24 0 3 7 5 1 0 
25 0 7 5 8 2 0 
26 0 4 7 3 3 0 
27 0 8 4 7 6 0 
28 0 8 2 4 4 0 
29 0 4 6 7 6 0 

20 11 21 29 32 32 19 22 22 16 18 15 31 16 22 8 28 26 9 24 28 34 17 16 14 26 17 21 27 20 14 7 23 27 34 11 14 21 14 34 25 19 32 21 17 16 31 17 13 4 23 26 13 21 18 23 20 17 33 18 43 11 31 24 23 21 48 40 17 8 13 18 12 26 29 15 27 32 17 26 16 19 22 12 17 8 29 27 33 30 9 27 16 22 31 22 18 41 36 25 18 33 6 23 33 20 15 22 42 24 23 17 41 14 22 14 21 24 23 13 
15 23 31 14 27 33 19 18 18 17 5 13 36 9 20 14 27 31 14 19 28 20 18 25 34 23 17 23 36 20 15 16 24 26 21 28 16 11 26 22 20 18 30 16 21 21 19 23 29 14 17 21 16 24 14 8 24 25 43 15 40 11 25 30 44 19 22 13 18 16 16 25 26 31 12 29 17 27 15 19 18 19 21 17 29 14 25 28 13 35 11 19 28 9 29 28 26 21 27 33 20 44 6 15 28 40 22 36 23 25 36 26 20 17 21 10 15 19 16 11 
13 27 32 12 35 29 18 20 16 22 15 20 32 24 31 16 18 39 11 32 38 16 41 16 21 21 18 25 28 18 26 27 14 18 18 26 14 21 23 35 21 8 27 12 21 20 12 23 28 12 15 24 12 28 26 23 17 16 33 14 47 17 28 27 27 24 42 10 26 17 18 27 25 15 28 25 19 31 19 29 20 15 37 7 36 9 21 14 27 22 24 18 26 18 27 26 24 23 26 31 25 37 19 11 20 21 14 31 21 16 23 22 37 14 28 18 19 31 32 20 
14 17 51 41 25 28 38 15 18 14 31 15 20 19 31 9 24 22 13 16 31 38 29 22 22 25 12 10 20 28 18 29 24 24 27 24 7 13 18 44 17 7 31 17 22 21 24 21 15 23 15 24 15 33 16 19 30 31 23 18 30 17 22 31 15 25 34 19 23 19 12 39 12 16 11 21 23 32 19 27 21 26 28 7 25 13 19 23 21 36 11 22 23 14 19 10 9 22 30 26 24 30 16 13 16 17 22 23 29 26 13 19 27 19 25 8 26 17 12 19 
13 21 36 24 22 47 32 17 19 17 32 16 22 21 29 22 19 21 21 18 25 33 31 23 28 18 16 14 21 11 18 20 18 19 31 19 8 9 15 33 21 8 26 18 20 18 19 23 26 18 34 16 14 36 11 21 15 27 27 16 24 8 20 16 18 21 30 27 19 26 10 31 23 31 28 19 15 32 21 26 18 13 31 9 20 10 24 19 19 30 15 20 38 6 33 27 33 39 11 34 16 39 12 23 29 51 20 29 38 25 32 22 40 9 18 20 26 20 25 10 
10 13 35 25 28 31 19 23 14 10 23 18 16 10 28 12 14 26 17 18 46 35 37 15 15 19 13 22 28 27 16 15 26 19 21 32 11 17 29 25 24 23 14 18 24 15 30 21 38 18 25 17 14 34 13 22 31 24 34 25 26 9 24 28 33 22 29 21 28 24 14 28 14 34 32 20 23 23 8 19 19 18 35 12 33 7 15 24 22 31 17 14 18 18 27 28 15 27 28 30 7 26 17 22 37 29 19 16 34 29 18 19 35 19 26 13 21 15 30 16 
11 25 27 30 26 45 25 16 17 21 35 12 33 18 21 8 33 32 17 25 25 44 24 20 19 26 22 27 29 30 19 26 22 25 26 17 15 22 10 11 18 15 30 11 17 26 21 18 42 14 24 21 12 29 27 22 28 25 18 20 25 15 17 33 16 23 38 29 15 28 9 39 19 21 32 21 22 38 14 27 21 17 36 20 34 17 20 30 14 18 15 18 28 32 42 20 26 26 31 26 20 40 21 29 13 26 20 12 27 45 20 18 15 19 23 14 17 19 26 13 
17 22 39 34 22 24 34 10 22 15 21 20 38 12 23 13 26 27 18 44 39 26 31 24 21 15 18 16 33 20 17 42 19 18 35 16 19 15 30 26 17 21 21 19 19 14 33 18 37 11 29 24 18 35 28 24 11 24 22 19 32 15 38 23 24 12 29 22 25 16 18 21 13 28 14 20 21 27 8 18 22 19 39 20 25 9 15 23 15 22 14 23 36 19 19 32 22 52 25 33 28 24 16 11 22 33 26 39 19 33 29 18 35 15 24 22 22 21 46 11 
16 26 30 29 30 24 15 11 15 16 26 10 13 15 19 23 12 32 23 33 24 27 26 13 29 14 20 29 21 22 23 21 25 20 25 19 13 12 15 28 18 10 35 14 12 25 20 21 23 12 23 24 16 32 18 16 17 24 26 15 29 16 20 23 31 33 22 27 13 21 20 48 19 28 13 33 32 32 15 24 29 18 43 19 32 18 20 8 20 16 18 26 21 24 22 19 13 25 26 47 20 38 11 13 30 31 21 36 37 33 14 22 30 18 28 18 19 8 17 14 
15 20 31 20 44 36 16 15 15 8 19 18 23 12 25 17 20 26 27 28 22 33 38 9 7 16 26 28 29 26 14 18 27 18 30 17 13 23 36 24 15 20 21 19 11 16 27 11 17 15 29 9 16 18 13 12 26 30 35 26 27 10 29 31 29 16 16 17 28 24 18 38 15 38 16 17 29 29 12 24 29 14 17 14 19 18 27 31 17 26 14 20 26 24 25 28 24 14 32 31 23 27 17 13 29 32 24 30 13 34 3 20 37 18 27 12 10 13 35 17 
25 25 21 24 29 43 22 13 8 14 20 12 22 13 30 18 26 36 17 34 24 29 25 12 25 23 20 17 20 20 8 26 21 10 34 18 9 11 34 20 23 22 18 16 20 18 25 18 44 20 28 22 8 24 25 4 33 22 36 21 24 13 23 30 32 31 30 42 26 23 19 34 13 18 23 28 25 21 9 30 20 14 28 14 27 18 16 24 15 37 12 15 20 22 31 24 21 29 30 19 21 30 12 21 23 44 18 15 24 39 26 18 36 10 23 21 18 19 36 10 
24 36 23 44 27 36 27 24 20 27 3 21 8 16 34 14 8 36 20 30 22 25 6 17 20 19 21 18 36 18 23 29 15 17 32 21 12 21 23 36 18 11 13 15 15 11 34 24 33 14 27 36 14 42 28 6 26 23 32 21 24 17 23 24 38 18 51 27 17 30 14 28 20 28 14 35 14 41 18 30 16 16 24 19 41 18 24 10 24 22 10 24 34 25 19 13 16 33 27 27 17 15 16 21 26 17 25 29 24 16 22 22 26 20 20 25 26 17 27 8 
14 30 30 18 26 28 9 14 23 19 31 17 27 20 21 20 37 19 20 16 30 37 24 17 15 33 12 24 28 33 13 28 22 9 37 14 12 20 29 24 16 12 38 20 17 26 17 23 24 16 18 19 17 37 23 19 15 24 19 18 31 19 18 16 33 24 24 25 18 16 19 28 33 20 13 14 24 36 17 35 17 18 26 14 31 12 28 23 23 36 11 30 28 34 27 17 28 35 32 27 22 42 16 17 20 31 27 31 30 31 24 20 25 7 11 18 23 12 32 14 
13 24 23 22 24 30 26 25 24 8 33 18 27 14 22 15 16 23 9 19 24 28 21 14 25 11 21 30 29 17 22 34 19 28 32 12 9 21 27 17 20 12 34 16 11 11 25 20 29 20 29 19 15 30 22 18 21 33 24 15 35 19 30 22 11 35 28 29 20 22 19 27 19 27 18 26 10 20 20 20 27 23 23 12 27 6 30 23 21 26 18 21 34 21 37 13 15 32 30 25 16 26 21 24 31 44 15 18 30 29 11 17 40 14 24 24 17 26 28 11 
16 33 34 15 12 31 14 24 15 14 23 11 32 12 26 21 16 30 19 22 30 25 30 23 16 18 21 15 25 20 15 8 17 13 29 7 18 26 25 34 13 19 21 16 14 18 18 23 32 24 20 22 17 35 20 22 22 29 29 18 33 21 26 35 39 24 31 30 23 18 17 28 12 21 17 18 19 22 20 23 20 17 22 17 33 7 28 23 30 35 12 22 30 19 23 18 23 27 17 29 14 42 25 21 29 29 17 16 24 23 15 20 30 10 33 19 19 15 16 13 
16 15 40 15 25 42 18 7 20 11 10 13 22 21 30 12 29 32 17 43 31 14 16 12 29 26 17 18 25 16 9 19 25 13 30 21 16 11 23 21 27 13 28 22 21 19 26 23 33 17 33 27 8 21 20 21 20 20 31 24 14 16 42 22 34 21 23 32 30 26 18 26 25 17 24 32 28 30 17 28 22 22 27 20 29 22 18 21 27 29 18 23 25 17 15 30 18 35 30 11 16 39 12 19 26 34 23 21 34 16 32 22 40 18 32 21 18 16 39 16 
11 8 28 33 30 14 18 16 18 20 27 17 39 12 37 22 22 13 12 30 27 31 23 21 19 22 15 20 25 34 22 32 22 15 14 20 22 20 23 22 18 16 29 17 19 17 18 6 32 12 24 20 10 31 29 22 26 25 11 18 30 25 38 30 41 20 26 20 29 19 9 12 26 29 19 21 28 30 19 22 30 19 23 15 17 14 19 21 20 33 12 25 12 20 29 17 20 24 23 19 15 34 10 20 31 24 20 18 17 24 23 22 17 14 22 20 20 14 29 10 
12 16 24 28 38 9 21 13 27 15 27 15 41 14 46 12 15 34 19 32 31 22 34 22 23 22 19 16 24 17 12 28 24 14 32 20 18 15 14 25 18 21 24 19 15 17 19 19 43 19 23 16 13 21 30 21 20 27 18 26 12 8 36 22 35 17 27 24 26 14 12 32 21 19 14 31 27 27 17 20 27 19 28 17 39 24 25 21 25 35 7 17 27 28 21 18 17 21 22 33 29 30 18 23 26 16 18 23 22 25 42 21 46 20 32 21 26 24 36 31 
12 18 41 12 38 31 20 19 14 15 23 17 24 19 34 16 20 10 20 24 40 18 13 17 12 19 16 18 40 13 14 25 17 14 31 18 14 24 27 22 25 20 16 12 19 21 36 11 24 9 27 18 13 20 26 20 11 29 7 27 43 22 23 24 40 28 29 36 32 17 22 25 16 16 17 26 26 31 15 21 10 20 34 20 38 20 19 21 7 30 12 24 21 18 30 19 21 44 31 31 19 48 19 22 36 39 17 21 22 25 12 19 32 17 29 24 18 24 38 16 
11 21 23 13 25 43 16 20 20 26 26 15 37 14 20 14 17 28 23 28 23 24 24 20 28 26 17 15 34 13 24 27 19 22 31 19 15 17 24 32 25 16 27 14 17 8 27 19 15 14 34 29 15 28 30 19 18 27 25 25 38 19 22 17 33 23 30 32 26 19 14 21 14 16 10 29 31 39 19 31 16 20 33 15 26 15 32 21 21 27 11 33 16 24 24 12 27 48 32 48 27 22 16 17 27 35 22 24 46 35 30 14 37 9 22 18 12 25 28 16 
18 28 20 20 30 30 27 11 12 22 14 13 27 16 35 15 31 19 15 33 13 21 31 15 22 18 16 23 22 28 10 43 20 20 21 30 10 20 26 26 18 22 18 14 11 16 27 20 19 14 28 31 15 31 27 22 11 9 17 19 38 17 20 20 35 23 39 28 28 19 11 26 18 20 18 14 22 44 14 24 24 17 41 13 45 17 19 37 15 34 16 35 30 23 14 23 29 33 17 28 19 24 17 12 42 48 17 22 18 32 27 27 23 17 20 16 14 27 23 15 
9 24 38 31 37 26 34 19 17 25 23 14 34 16 30 6 27 14 7 42 33 20 27 16 30 25 18 12 29 17 17 39 16 21 37 23 21 22 19 28 25 10 28 20 12 22 22 27 21 15 25 18 17 14 21 22 19 24 40 18 24 18 21 19 12 21 24 28 16 25 17 35 25 14 26 36 23 32 7 17 14 17 21 20 15 9 20 25 24 42 14 29 22 15 43 23 28 26 14 35 19 32 10 15 30 35 27 25 34 28 12 10 21 13 25 7 28 12 14 16 
15 24 29 15 42 39 21 22 28 23 27 13 28 11 28 15 33 40 16 51 33 21 34 22 19 26 18 20 35 22 13 35 23 7 20 13 20 10 22 24 16 25 32 15 14 9 17 19 32 21 28 17 17 22 38 14 25 26 29 26 40 15 30 22 30 19 17 27 32 19 15 29 25 17 25 21 24 37 13 19 35 21 41 8 34 17 19 25 31 23 13 25 28 26 24 25 24 7 13 26 18 31 18 19 23 45 12 30 26 35 19 22 28 16 24 18 20 10 30 18 
13 30 43 18 26 20 29 13 20 17 24 17 34 18 35 20 20 29 18 13 35 29 25 16 20 25 20 20 28 30 26 14 17 23 26 15 12 1 23 24 16 19 28 22 19 16 18 17 19 16 25 14 23 34 20 18 31 35 29 19 31 14 22 14 27 17 44 27 32 12 22 40 15 30 18 27 12 22 12 18 20 15 18 11 38 15 25 22 23 28 10 25 25 28 21 20 26 36 26 36 30 40 18 13 33 32 24 33 11 29 32 26 23 13 27 20 20 27 29 19 
15 24 26 11 39 25 22 18 10 10 16 18 17 14 25 14 18 35 19 16 38 37 36 17 14 24 18 24 20 29 26 26 19 19 23 37 16 18 26 28 25 16 18 22 13 22 23 18 46 16 16 19 13 29 25 25 22 27 31 16 28 12 18 11 22 18 32 35 19 17 24 26 26 27 15 27 25 7 13 24 23 14 38 21 30 13 16 18 32 18 18 18 23 29 28 21 33 39 13 47 16 22 17 15 23 34 20 33 30 23 26 20 38 15 29 16 12 23 24 19 
13 14 44 14 31 28 21 16 15 13 20 18 23 26 32 9 20 24 18 22 31 30 28 21 22 34 21 21 28 22 8 33 18 24 30 14 14 21 18 32 23 16 20 24 13 22 24 10 42 15 18 29 19 21 16 23 12 21 36 13 15 16 37 14 32 15 39 13 25 17 15 28 15 14 22 24 24 10 18 19 16 16 30 9 36 11 17 34 24 25 14 20 24 25 26 21 29 41 29 37 27 31 17 26 19 24 23 26 30 26 27 23 32 21 21 13 16 15 25 15 
11 27 38 37 27 19 21 14 12 16 20 13 19 9 33 23 35 17 24 29 38 35 35 18 15 23 13 23 30 23 19 37 7 6 33 22 12 19 6 16 18 18 19 24 9 11 18 20 15 17 31 21 16 21 33 14 18 21 23 26 34 19 34 28 23 20 39 37 3 25 13 29 24 23 20 16 25 31 21 24 21 12 30 15 30 20 27 21 21 25 19 16 31 34 29 23 18 20 9 16 26 29 18 19 13 28 27 25 30 25 23 10 32 20 26 20 16 20 12 16 
17 16 28 25 18 26 28 21 10 19 24 19 10 15 33 20 27 21 24 31 42 28 12 19 23 21 16 16 23 15 17 15 12 7 27 23 17 19 24 31 18 20 29 15 13 15 27 16 23 18 39 18 14 23 13 17 32 26 30 8 34 13 32 8 40 31 30 41 27 25 16 45 17 22 19 25 26 33 13 11 18 28 32 16 29 13 7 24 24 38 16 20 26 22 26 34 15 32 22 38 17 34 14 22 30 37 30 35 30 7 25 19 18 9 28 12 17 19 25 17 
18 23 32 25 35 19 24 24 24 11 16 12 40 7 13 26 15 29 14 23 25 26 26 27 20 17 18 23 31 27 23 21 24 27 32 32 16 15 28 24 25 11 30 12 26 17 19 18 35 19 24 26 9 24 32 14 27 20 12 21 23 15 35 21 30 22 27 25 24 14 15 30 7 28 14 24 22 29 18 19 19 12 35 15 26 14 34 27 22 40 10 16 35 21 10 33 29 37 23 31 23 41 15 17 33 38 18 18 25 38 38 15 34 17 33 18 11 11 40 18 
12 33 27 24 10 26 25 36 19 21 21 14 30 14 38 14 25 34 17 41 29 18 19 22 15 17 27 12 44 19 15 23 24 22 33 14 16 11 28 19 12 7 18 21 13 20 16 29 24 10 46 22 21 23 25 23 13 21 18 24 13 14 28 22 26 18 31 41 19 20 11 26 14 21 23 16 22 25 15 28 24 20 45 18 36 18 4 21 27 23 10 17 32 33 31 17 24 39 36 26 19 37 8 18 28 30 27 14 31 39 21 12 24 18 22 20 22 15 24 12 
18 17 26 29 21 23 27 19 11 17 29 15 23 19 29 14 26 44 15 36 33 31 29 9 18 26 21 26 21 18 14 28 11 9 18 24 10 25 19 29 8 20 27 21 7 16 21 28 31 20 15 29 19 17 32 19 24 23 14 16 34 12 27 28 42 21 27 23 29 25 16 17 20 31 25 24 30 46 13 25 21 15 41 18 38 18 25 15 20 14 10 22 22 17 33 18 14 32 23 28 13 35 13 15 17 34 29 22 19 25 30 23 28 15 26 17 27 27 23 16 
16 19 26 29 35 25 28 7 15 19 14 18 36 12 24 19 23 37 17 43 22 23 27 20 25 31 12 10 38 36 16 45 15 23 34 26 13 13 23 37 22 19 43 20 18 11 21 5 33 11 16 24 22 30 31 14 26 30 34 15 41 12 28 29 33 16 17 37 28 19 10 29 15 19 23 17 20 31 20 17 22 15 41 13 41 8 20 15 21 44 18 31 27 24 31 18 16 40 14 25 13 31 19 21 27 23 21 13 25 30 23 14 22 16 17 17 24 20 25 13 
19 20 40 21 13 25 20 21 9 13 20 18 29 16 31 10 12 12 16 20 16 28 23 13 20 25 20 22 34 26 19 17 17 16 32 23 10 23 27 17 14 27 36 13 18 17 16 30 20 21 26 20 12 11 17 20 20 16 27 11 31 20 27 36 30 29 26 23 15 23 15 29 26 31 16 20 19 25 15 24 17 17 41 11 26 15 20 26 40 20 12 16 25 31 38 18 22 35 19 28 19 24 15 19 22 29 17 29 33 26 32 16 11 10 24 14 11 28 31 12 
10 34 21 19 19 25 30 18 15 9 23 12 24 12 29 19 25 37 6 23 17 34 19 24 16 14 16 17 37 14 22 50 25 4 23 21 11 20 25 18 17 13 38 15 21 24 27 18 22 16 26 25 15 27 19 19 23 25 46 12 32 18 22 10 26 26 30 13 32 26 10 15 32 23 14 26 17 39 18 29 7 16 20 20 29 16 23 25 30 28 17 21 27 22 10 18 23 23 4 41 20 22 11 20 27 32 14 28 30 31 17 19 24 11 24 21 18 18 30 12 
18 23 16 26 21 15 15 17 25 9 13 16 43 12 33 9 25 29 16 43 30 24 33 21 29 21 27 17 19 18 17 30 24 17 38 20 20 22 23 22 20 14 23 12 12 23 26 13 26 17 23 10 20 27 24 23 25 28 25 17 28 16 27 20 26 17 18 15 31 18 13 18 28 23 20 19 18 37 13 19 15 10 33 12 17 14 21 33 21 27 18 26 7 22 22 10 21 42 30 23 25 38 23 18 18 43 23 20 33 32 25 26 41 12 30 16 14 14 27 16 
13 9 23 24 35 36 19 7 8 11 11 15 22 22 21 24 17 30 26 38 31 31 25 12 19 12 25 24 12 20 10 33 22 20 32 15 17 23 20 19 24 30 31 19 19 16 25 20 19 13 39 18 21 21 23 16 18 32 26 29 17 11 27 19 38 25 25 34 30 19 12 27 17 16 20 22 15 20 15 28 19 16 37 10 23 12 15 32 33 19 8 27 24 24 24 14 17 28 24 19 25 38 23 23 31 22 26 26 43 46 21 26 25 12 11 17 18 18 28 8 
17 31 19 25 16 19 22 24 24 16 26 19 45 18 14 29 27 23 14 30 24 31 19 19 36 21 14 21 14 18 13 32 24 17 20 23 19 20 24 28 23 19 32 13 11 14 31 16 27 15 22 13 12 22 17 8 22 24 36 18 26 17 19 26 17 11 16 36 20 17 13 21 23 17 15 18 22 28 17 21 26 20 31 10 20 18 20 22 30 26 12 17 34 22 32 17 28 24 33 41 13 26 8 24 28 30 19 31 24 25 17 17 38 10 14 24 22 25 38 11 
20 27 23 24 36 35 9 23 24 10 29 11 26 11 35 28 28 29 26 21 29 28 23 29 23 26 17 21 23 13 15 27 24 9 25 11 19 10 22 31 18 17 23 13 23 18 25 20 23 15 23 25 17 34 25 18 18 13 33 11 31 23 19 21 38 23 31 27 21 22 19 38 23 20 30 16 34 6 15 16 15 14 13 15 33 18 19 17 21 29 10 21 28 23 20 20 22 18 24 37 28 42 14 19 31 35 20 21 23 26 30 11 33 21 24 19 22 17 23 14 
5 15 19 27 34 50 21 20 10 15 22 11 37 20 26 21 44 10 12 40 17 23 20 16 16 25 18 24 27 18 9 25 26 15 27 24 14 17 18 19 11 23 31 13 16 26 28 21 31 13 26 29 18 27 22 16 25 22 28 15 31 21 21 30 22 32 18 31 24 19 13 32 19 28 19 30 16 30 22 18 19 21 31 10 36 9 19 27 22 14 21 25 20 23 27 20 21 15 22 31 17 25 14 17 24 12 27 26 17 36 31 15 40 21 23 29 21 5 22 14 
13 21 16 13 30 41 20 10 8 19 19 18 23 9 13 12 18 23 24 19 34 23 28 19 24 16 17 18 32 16 17 31 21 22 27 22 17 24 27 33 24 21 24 23 9 20 28 13 36 20 22 19 21 31 31 18 18 22 33 19 41 13 14 24 32 14 38 34 30 28 15 14 17 31 32 29 15 28 15 32 20 9 29 16 35 13 23 19 17 13 18 30 30 17 27 19 24 40 29 20 17 35 14 16 11 20 21 20 26 27 37 21 18 12 21 24 12 20 23 19 
15 22 26 12 26 36 17 10 15 14 33 11 30 14 31 25 26 12 10 21 26 15 37 17 17 27 22 11 22 25 20 28 14 20 23 25 14 13 21 37 9 24 35 12 15 15 25 10 19 18 10 27 14 40 32 13 9 10 34 14 27 15 15 18 26 9 18 38 24 13 15 44 24 13 15 18 10 30 11 32 20 6 31 15 26 21 16 34 32 28 14 22 22 24 33 29 11 23 29 29 25 27 7 22 22 23 23 25 23 33 26 14 23 14 23 16 20 10 23 14 
14 23 32 36 35 19 16 14 18 21 9 14 26 22 28 13 22 23 30 29 23 45 18 20 15 21 13 17 41 14 12 46 19 20 36 22 19 16 9 19 15 15 26 21 19 18 24 7 43 15 20 27 18 29 14 19 17 22 33 18 41 10 29 22 38 13 23 22 25 17 12 38 21 28 16 9 22 30 21 23 13 25 27 17 38 18 29 31 33 35 9 15 25 19 38 27 20 30 23 22 15 23 19 11 33 30 17 31 19 28 25 16 34 13 17 19 13 8 24 11 
12 27 44 33 29 27 23 14 10 24 20 19 37 17 31 22 28 17 18 16 37 25 28 22 23 16 17 23 24 21 19 28 19 27 26 25 12 16 33 32 24 15 35 15 18 15 18 20 35 12 35 19 14 27 25 9 15 18 32 15 30 20 33 30 17 33 32 29 19 8 20 36 24 25 28 19 16 30 16 27 12 8 22 13 24 19 10 30 30 27 17 12 31 24 31 12 15 33 20 31 22 30 15 17 16 31 22 28 58 26 17 26 21 13 17 26 25 24 26 17 
22 17 34 23 40 30 24 18 13 17 32 14 31 10 28 14 26 14 15 26 22 20 34 21 25 25 19 21 20 17 17 33 12 21 20 19 16 22 17 28 26 18 19 18 17 7 17 17 29 13 22 16 15 26 29 14 30 29 21 22 33 13 29 31 45 19 24 11 20 24 11 22 18 37 19 26 32 55 22 21 23 21 34 21 31 11 11 21 23 16 20 39 19 20 40 18 14 38 33 27 16 32 11 24 22 37 22 25 28 22 35 12 46 5 10 26 17 30 20 15 
8 27 33 35 15 30 23 14 23 16 22 11 33 22 52 20 22 26 19 42 19 22 26 20 20 15 13 19 36 24 7 24 15 17 14 22 10 11 18 21 31 21 14 16 13 18 14 17 20 17 28 21 11 30 27 18 27 15 21 18 28 13 27 17 14 15 24 30 13 26 15 30 20 19 11 15 22 38 12 33 17 16 27 14 47 20 17 21 22 29 20 32 20 23 30 20 23 43 18 39 24 58 15 21 27 27 35 22 25 29 20 18 28 11 22 20 18 15 25 19 
9 17 25 26 27 22 24 14 9 15 22 15 31 14 38 20 23 19 14 18 32 42 47 21 25 21 18 8 23 16 17 43 18 16 19 14 15 30 41 29 16 15 29 20 14 20 29 17 32 18 23 26 15 37 31 13 22 28 41 23 38 20 11 27 20 24 32 36 16 22 16 17 18 34 8 23 31 35 8 38 13 17 24 17 31 20 15 25 17 19 17 25 29 22 39 19 23 26 26 37 18 40 16 14 18 38 28 20 37 27 27 13 31 14 10 17 15 15 30 15 
17 14 27 26 35 18 24 32 22 14 27 23 17 16 21 14 17 17 19 54 35 33 27 20 23 24 11 24 35 15 17 28 18 19 31 23 14 20 30 31 28 9 28 21 9 17 28 21 38 15 17 26 15 30 16 18 14 25 21 27 15 14 38 34 37 20 27 34 45 26 15 22 28 28 27 31 21 41 14 20 21 17 31 15 33 20 25 21 21 40 17 35 34 27 24 27 29 45 23 32 18 22 21 15 25 37 22 23 39 20 23 17 30 19 18 15 18 19 31 16 
19 37 33 39 23 25 29 20 10 18 23 18 29 16 19 22 20 26 22 27 24 24 24 26 20 24 10 22 30 17 9 32 17 18 23 21 14 9 31 26 17 24 18 19 16 16 21 18 27 20 25 19 12 17 15 11 31 17 28 17 33 13 18 30 27 22 34 20 15 13 5 15 10 25 17 19 19 31 20 34 18 20 32 11 45 17 34 15 29 37 11 14 24 23 20 29 14 27 34 26 21 30 13 13 29 33 28 35 19 33 21 21 24 20 25 22 22 18 23 11 
5 24 33 28 35 38 30 17 16 18 18 16 16 7 24 12 23 24 17 25 22 31 27 20 19 24 21 14 33 7 23 21 27 17 24 22 17 15 27 15 23 23 25 18 19 19 14 20 37 22 20 34 17 31 19 15 32 23 32 20 18 15 14 23 35 28 34 14 36 23 13 30 14 27 29 16 25 15 18 25 18 22 22 18 30 11 15 15 24 16 13 34 30 19 23 14 17 32 26 16 24 42 16 29 24 34 23 27 26 39 25 21 26 12 17 15 13 11 23 17 
25 21 22 18 27 43 24 18 14 13 26 19 34 15 29 13 24 30 20 15 32 13 28 16 20 33 22 27 26 18 21 23 21 25 31 19 17 17 25 25 24 17 28 17 13 18 22 14 25 11 18 30 21 37 21 11 18 29 19 14 32 16 16 25 31 23 17 35 19 27 15 30 20 35 23 16 21 35 17 19 25 16 34 17 24 15 10 23 20 31 17 20 30 28 19 21 23 24 28 25 22 29 26 23 35 35 21 9 26 34 18 11 11 19 21 15 18 16 31 12 

MachineCapacities:
MachineID Capacity
0 10
1 10
2 10
3 10
