NumTasks NumMachines NumScenarios
30 4 50
TaskDetails:
TaskID ReleaseTime ResourceConsumption SuccessorsCount Successors...
0 0 6 10 2 4 3 8 17 18 
1 0 5 7 9 5 7 13 14 16 17 19 20 22 
2 0 8 6 10 1 5 13 20 22 23 24 
3 0 3 9 7 10 7 12 13 14 15 17 19 23 
4 0 6 1 6 10 5 14 15 18 21 22 
5 0 6 4 4 3 4 17 20 22 23 
6 0 1 3 9 3 5 17 18 19 21 22 
7 0 7 8 9 6 5 19 20 21 22 24 
8 0 3 9 3 9 5 19 20 22 23 24 
9 0 7 4 7 5 3 20 23 24 
10 0 8 3 10 4 3 14 21 23 
11 0 4 7 7 3 3 20 22 24 
12 0 8 7 3 2 2 22 24 
13 0 3 3 7 8 1 21 
14 0 9 1 8 5 1 24 
15 0 10 9 3 4 2 20 24 
16 0 5 6 7 9 1 24 
17 0 4 4 10 9 1 24 
18 0 1 6 10 7 1 20 
19 0 4 1 1 1 0 
20 0 7 4 4 4 0 
21 0 9 8 6 3 0 
22 0 5 9 9 9 0 
23 0 5 9 9 1 0 
24 0 7 4 5 4 0 
25 0 8 9 4 4 0 
26 0 3 7 2 4 2 28 29 
27 0 8 3 4 3 0 
28 0 4 1 6 10 0 
29 0 4 6 8 4 0 

17 19 22 14 16 38 20 23 12 20 22 12 18 36 17 22 31 20 28 13 24 21 17 22 19 24 11 20 13 29 27 21 20 26 29 17 12 12 24 25 15 25 33 35 15 16 14 17 19 23 29 31 15 22 16 20 38 18 21 40 22 11 25 35 25 16 33 25 28 21 23 12 20 25 48 26 19 19 21 24 15 11 33 16 15 16 20 22 18 17 20 16 18 13 44 24 16 12 25 35 24 36 20 17 19 18 15 42 16 25 9 15 19 21 25 23 20 27 31 20 
29 11 26 15 29 24 26 28 19 25 18 17 9 40 13 19 35 36 18 23 24 13 28 25 21 36 36 15 22 25 22 32 34 25 23 28 14 23 18 25 19 19 29 30 6 30 17 17 38 23 25 31 38 22 16 30 16 22 16 30 11 22 18 37 42 19 33 45 21 26 20 12 26 20 38 21 28 24 28 24 21 23 24 13 12 13 24 24 24 20 14 25 16 21 34 20 20 18 36 32 23 34 10 23 29 37 20 29 23 34 21 33 13 20 16 15 26 30 25 27 
34 7 14 26 20 35 19 22 28 28 25 21 19 34 29 16 26 28 20 17 18 16 24 38 15 21 26 18 14 17 27 30 26 27 21 32 14 18 13 23 25 15 21 35 16 18 14 19 20 15 34 22 33 9 21 26 21 20 10 26 19 22 21 32 33 9 32 28 26 18 20 9 17 24 17 14 29 19 19 9 25 30 18 23 15 15 17 13 24 20 13 28 19 23 35 35 19 19 29 29 20 20 11 26 14 41 14 14 20 28 18 27 19 10 42 25 16 27 23 22 
24 17 12 31 16 24 28 24 22 21 17 31 19 17 33 13 35 31 36 13 24 16 29 41 14 20 27 17 16 26 17 35 15 25 35 21 14 25 23 18 13 16 14 30 10 16 22 30 19 30 16 30 25 31 17 18 21 19 24 35 16 20 7 34 18 12 33 13 21 13 32 18 18 13 38 13 20 18 22 20 19 17 28 14 18 17 25 16 22 18 10 17 12 23 23 24 18 14 13 12 14 38 26 26 28 20 23 25 28 18 17 23 22 17 27 21 17 32 16 14 
24 8 39 31 14 31 24 27 26 20 17 28 22 39 23 12 23 26 26 15 23 20 27 23 13 14 22 20 19 15 8 39 21 31 33 15 12 17 29 21 24 14 22 21 12 25 19 20 17 23 17 23 27 34 15 15 29 22 21 43 15 17 21 30 28 17 43 40 24 16 16 21 26 8 22 25 18 21 24 28 14 11 23 20 11 12 30 17 17 24 22 26 11 30 31 38 19 16 33 19 13 33 33 15 18 29 29 31 20 26 28 22 22 22 29 27 16 24 27 21 
21 13 17 20 18 22 15 21 25 13 16 19 12 26 29 18 15 47 28 32 17 15 21 20 21 30 16 22 20 27 26 40 30 28 38 17 12 23 12 26 25 17 35 25 21 21 22 18 30 22 26 25 33 8 16 24 31 19 26 35 13 12 25 33 29 15 27 36 32 25 13 19 30 11 31 33 23 20 21 30 20 18 22 19 21 21 4 13 17 25 16 14 18 17 35 23 17 14 27 39 26 19 6 22 22 19 20 31 18 24 25 23 32 21 37 21 40 18 19 27 
22 21 24 32 13 29 14 18 38 16 28 19 21 39 16 21 16 22 27 33 18 21 33 40 17 33 27 14 13 34 23 26 29 29 38 24 23 19 25 20 21 12 29 47 21 18 19 18 21 18 17 30 24 11 27 15 23 13 18 31 13 17 32 39 19 18 22 23 35 11 24 18 14 18 25 18 17 16 11 20 30 10 29 30 16 12 15 9 21 17 25 14 20 23 21 16 22 18 20 35 14 11 13 18 18 24 30 32 14 31 11 20 23 15 22 23 17 22 34 23 
17 15 22 49 15 23 17 31 21 25 15 29 11 33 22 9 33 37 20 12 23 16 21 39 18 38 29 21 10 24 20 17 17 17 15 37 14 22 17 16 15 13 23 24 14 36 15 17 24 21 34 14 7 25 29 14 16 25 21 16 23 18 21 28 37 21 21 38 25 28 13 16 27 22 29 23 24 13 20 24 21 30 20 17 16 16 12 15 16 19 16 9 19 30 30 42 15 23 18 39 20 21 15 15 12 34 32 18 16 4 24 29 27 20 24 19 21 37 16 18 
29 16 18 17 20 15 15 20 19 15 19 20 15 39 15 10 32 43 36 23 18 22 36 28 18 17 19 17 15 26 14 34 30 26 16 30 22 22 28 24 22 19 22 36 15 20 18 11 43 24 28 22 14 23 17 31 27 18 18 39 20 21 25 27 18 25 19 23 30 15 26 17 20 27 19 21 29 28 21 20 18 20 22 17 11 18 18 14 23 10 18 22 18 24 32 39 19 22 34 38 22 15 24 30 20 23 16 25 17 18 27 25 11 24 22 29 20 35 20 23 
31 14 23 28 16 13 21 21 28 5 29 22 21 20 25 11 17 18 19 20 15 15 16 36 15 35 22 18 16 12 18 34 29 29 29 24 18 18 13 22 20 11 12 15 27 18 24 29 22 19 31 16 44 26 33 18 23 6 13 29 21 19 8 24 28 28 25 30 24 23 14 15 30 32 23 16 25 19 4 17 18 19 21 21 7 21 19 9 19 18 18 19 26 13 18 28 18 16 24 37 25 19 18 19 28 45 19 20 20 33 15 25 16 22 35 22 22 26 27 21 
22 12 25 30 25 19 26 18 30 27 20 32 11 27 8 16 14 28 39 25 14 9 17 26 13 20 24 12 12 25 35 27 24 20 36 39 14 21 21 23 17 21 31 44 13 13 17 28 26 17 27 26 22 25 23 15 30 26 23 30 17 15 26 33 24 19 24 19 24 23 14 12 34 18 41 23 25 16 19 16 27 18 19 23 12 18 22 18 23 13 18 24 11 12 36 22 20 11 27 39 17 20 23 14 16 47 17 46 23 30 25 16 23 7 19 7 22 30 20 16 
26 18 21 21 23 24 25 23 29 28 20 41 16 28 31 18 21 27 34 21 24 8 23 35 11 9 13 5 16 26 22 43 21 19 38 32 11 21 20 26 22 20 23 24 19 25 17 15 35 17 22 32 36 35 15 21 26 12 13 20 17 17 26 22 17 21 16 34 18 27 13 14 16 20 26 19 29 14 10 21 23 28 31 13 14 18 14 13 12 18 12 21 22 20 31 33 25 21 28 27 29 20 13 19 20 30 19 38 26 20 31 28 17 25 13 30 21 26 27 14 
17 20 26 30 10 1 12 27 25 29 18 25 16 48 28 14 23 25 33 18 23 22 26 30 16 16 20 24 20 27 22 25 21 21 26 22 20 29 17 14 23 10 14 36 12 15 9 19 31 27 24 33 28 31 23 22 22 15 22 37 15 16 14 26 22 20 35 21 15 31 13 19 15 20 21 24 30 20 18 19 26 28 31 23 13 19 19 21 15 22 17 25 19 7 31 27 22 16 20 18 24 16 16 22 24 15 14 41 22 34 14 29 12 15 35 22 13 23 18 16 
31 9 25 22 25 19 9 15 20 32 16 34 14 39 21 10 28 30 19 15 15 26 32 31 20 26 28 15 15 27 20 19 41 32 33 30 20 22 23 10 19 19 18 32 25 14 17 17 25 22 26 32 26 22 28 15 37 17 18 28 12 11 14 29 23 22 37 38 30 21 21 14 26 24 24 23 10 15 16 15 27 17 18 19 23 21 8 14 17 27 15 22 27 19 42 37 13 23 22 17 27 34 13 15 19 39 14 42 25 20 22 22 17 17 28 23 21 36 20 18 
15 14 18 29 20 24 33 25 35 33 15 20 11 32 32 25 30 25 24 18 26 16 29 22 16 29 29 17 16 19 19 20 17 27 25 20 6 31 20 27 20 22 20 35 20 21 21 24 31 14 22 28 32 26 27 27 35 14 18 17 18 17 21 26 24 22 21 23 18 5 36 15 32 13 16 25 25 23 18 24 13 21 15 19 16 10 18 13 16 24 1 17 21 15 35 27 12 23 27 19 19 23 11 20 20 48 18 46 14 33 29 22 31 6 25 27 16 25 29 12 
28 10 34 22 17 26 27 31 18 19 23 25 15 26 15 14 21 22 24 31 21 11 32 32 16 31 25 8 23 26 19 35 38 24 36 30 6 26 8 30 22 19 22 31 21 26 17 29 12 18 24 24 31 26 21 29 22 19 22 28 17 17 15 29 28 18 23 25 18 9 10 13 24 25 33 20 24 15 24 19 26 25 26 15 13 20 17 4 20 9 8 22 9 12 25 28 18 21 33 36 10 33 14 21 12 30 11 28 18 17 27 21 24 22 42 20 27 18 9 18 
30 9 30 38 22 17 26 27 40 33 21 24 12 28 21 15 12 30 25 16 14 16 22 19 12 25 20 16 20 24 19 25 27 20 30 27 17 9 25 26 15 19 18 46 10 13 16 17 26 17 14 20 37 17 24 20 28 17 19 28 19 17 20 25 19 22 38 45 21 30 23 19 16 13 17 32 24 23 19 21 30 27 21 20 15 16 24 14 10 20 12 11 6 25 26 28 17 24 23 27 22 31 20 19 11 29 25 25 21 28 28 21 26 11 19 31 17 37 27 13 
22 17 23 41 22 25 23 26 26 15 19 28 25 26 20 16 20 22 26 19 22 7 25 28 15 17 21 15 13 16 21 31 26 26 18 27 13 25 23 21 15 24 15 36 14 19 10 13 17 24 23 15 36 27 25 17 31 22 21 14 14 12 20 31 41 25 26 33 31 24 22 14 30 19 34 16 24 20 23 18 13 23 15 17 14 12 15 11 21 21 14 7 17 39 24 27 13 20 20 43 33 10 17 25 25 47 20 31 24 17 21 21 28 15 23 23 17 26 33 17 
29 16 15 31 18 24 25 29 25 8 28 33 14 35 23 20 27 32 32 18 23 14 36 25 19 35 19 19 13 20 29 32 22 25 14 25 15 22 18 19 16 17 20 9 18 27 23 19 17 19 16 33 29 26 17 15 33 17 12 29 18 13 14 29 24 31 33 34 14 24 15 9 26 15 31 20 24 16 15 9 17 15 22 17 24 15 28 21 19 27 15 20 9 30 31 16 13 19 29 29 17 32 21 22 12 40 12 35 16 14 26 33 17 7 27 29 20 37 37 12 
22 18 28 27 18 37 20 27 35 23 30 9 11 34 23 13 30 30 31 18 28 20 9 25 8 21 28 16 10 20 29 18 23 33 27 17 19 27 20 16 26 22 24 33 15 26 12 23 27 19 19 26 38 20 27 24 34 26 13 36 10 13 29 18 42 18 24 46 28 24 17 14 29 17 26 16 28 11 17 24 18 26 22 14 14 18 18 16 15 16 19 8 15 25 30 24 19 18 18 19 25 15 21 20 20 12 18 24 14 15 32 28 17 14 30 24 23 24 28 14 
22 19 20 38 10 22 14 24 38 27 16 21 14 19 15 19 42 24 20 8 26 22 26 43 15 24 21 10 19 15 15 30 30 22 29 21 20 11 22 24 24 13 29 18 20 30 18 23 21 24 18 27 30 16 21 16 24 29 16 18 12 13 20 22 30 13 41 28 17 22 20 14 11 23 30 17 17 10 12 15 33 20 29 19 15 14 22 19 20 14 16 24 18 22 21 18 9 14 31 15 27 26 15 16 28 38 17 23 26 31 27 11 14 16 20 20 24 32 20 14 
24 16 35 34 20 18 13 35 32 6 23 22 15 45 23 11 23 24 14 6 17 14 22 17 14 25 31 19 9 29 15 18 33 22 36 25 18 8 30 11 23 27 27 7 12 19 15 26 31 14 25 32 45 21 23 24 19 17 18 38 13 12 15 39 22 21 33 25 37 25 28 13 17 13 21 21 31 26 16 23 19 21 21 13 18 11 15 10 17 23 16 17 27 22 36 17 21 13 23 22 25 35 20 21 24 35 11 25 26 18 30 22 11 19 17 25 18 33 16 15 
16 13 22 26 14 26 20 20 38 24 14 33 20 30 28 16 26 21 28 30 18 18 30 30 13 33 22 19 26 26 22 39 30 30 25 20 15 23 14 19 15 19 28 39 22 17 14 19 26 23 24 31 19 31 12 25 25 26 24 35 13 11 21 28 12 4 12 20 34 19 26 15 24 26 33 34 15 12 13 17 23 20 30 23 13 20 22 7 11 13 22 19 11 19 19 32 14 17 26 34 24 33 15 22 31 36 17 33 20 14 19 28 23 12 15 29 20 27 22 16 
18 16 16 28 16 43 37 22 6 20 18 21 24 37 25 18 34 45 18 19 25 15 23 31 13 30 21 19 21 36 14 33 29 15 30 35 23 22 27 19 24 18 32 43 17 25 17 13 21 13 15 30 28 21 28 33 27 12 18 38 22 16 25 27 15 21 49 31 28 25 16 21 22 25 32 20 12 24 16 23 23 32 25 15 16 14 11 12 14 20 28 10 16 10 24 12 20 17 24 17 29 20 15 25 22 35 20 32 20 24 16 35 28 22 19 33 19 31 32 14 
29 24 36 30 22 25 19 19 20 21 22 32 20 31 29 16 24 30 33 14 25 15 30 30 15 18 25 17 12 29 27 28 15 24 13 24 15 21 25 19 23 7 11 30 13 15 14 22 15 10 13 25 36 22 29 26 27 17 12 28 16 8 16 29 32 32 38 32 8 23 14 12 28 12 25 30 17 19 16 20 22 25 22 30 14 13 17 20 16 12 33 16 14 23 12 33 17 13 25 16 18 27 21 22 32 28 13 22 25 38 21 18 19 25 27 22 17 30 33 27 
27 23 30 26 23 27 21 31 27 28 19 18 26 27 27 24 29 30 27 17 17 15 18 24 19 23 22 11 17 23 33 31 22 26 19 33 24 15 8 24 26 15 28 49 22 23 6 11 20 18 17 17 37 26 17 13 20 19 21 34 19 16 22 35 35 26 34 34 15 33 23 18 26 12 13 21 24 13 16 18 22 26 23 25 14 11 18 10 12 14 8 10 19 23 28 25 24 15 34 32 32 24 6 17 16 47 20 29 22 20 23 25 23 22 31 26 16 38 29 14 
29 19 15 30 26 31 16 24 25 24 12 29 17 27 20 15 20 38 24 26 22 13 25 50 19 12 29 13 14 28 25 31 26 39 30 29 21 20 20 15 25 14 17 34 22 25 16 3 32 18 24 26 32 16 23 27 19 17 11 34 12 10 20 44 35 22 21 39 35 23 24 17 24 27 21 20 27 12 13 22 25 31 13 12 17 18 21 16 16 16 20 20 22 27 33 22 13 12 30 19 22 27 14 22 14 17 14 19 14 18 29 12 18 20 37 12 22 25 10 16 
24 10 37 26 22 13 22 16 34 17 13 21 21 23 26 17 15 9 31 28 14 16 18 32 13 33 14 21 10 27 19 13 21 24 30 31 19 20 11 11 26 18 17 28 20 19 13 17 36 23 31 30 35 24 19 19 20 32 14 30 19 17 22 9 26 27 22 40 22 28 18 15 33 23 26 22 16 23 18 20 12 30 29 12 14 7 31 9 12 12 12 16 17 34 20 27 15 15 30 28 21 22 13 20 21 14 17 26 17 20 27 18 34 14 31 14 17 28 30 11 
20 10 26 35 16 35 33 31 41 27 22 24 22 34 26 14 23 21 21 17 22 15 19 27 13 28 29 18 21 27 18 28 32 23 26 32 16 15 6 15 27 25 16 27 21 22 14 28 26 26 24 36 22 22 33 22 25 23 18 39 19 9 30 36 35 14 23 40 25 14 25 17 26 20 28 5 21 8 11 23 22 30 27 12 14 21 18 8 24 31 24 18 11 23 29 44 31 13 41 27 21 37 13 23 28 50 4 35 13 20 29 26 17 17 22 15 16 23 31 26 
11 12 25 31 15 34 17 18 22 22 18 32 14 22 17 13 36 37 30 24 21 18 29 26 10 24 28 27 19 9 24 23 16 21 35 32 17 25 23 25 17 10 26 27 18 36 17 16 22 11 20 39 22 30 27 26 39 22 22 31 15 18 16 21 24 15 22 38 34 10 21 19 18 24 43 28 16 22 7 16 21 19 22 25 14 14 12 11 17 30 22 23 16 42 27 22 32 17 15 35 19 40 13 31 20 32 10 21 22 26 37 23 17 23 26 22 22 37 28 19 
28 10 31 26 16 38 19 35 32 23 20 36 23 20 15 22 26 36 33 25 17 13 41 43 18 22 20 10 9 17 22 38 39 26 27 35 14 19 27 24 16 21 21 16 17 17 20 16 29 23 25 17 33 21 29 28 33 30 22 38 21 16 18 34 32 22 28 28 23 21 13 19 26 22 27 15 31 11 18 17 21 32 31 17 13 9 13 20 19 26 8 16 12 22 34 27 8 27 18 22 21 22 21 27 26 30 21 32 11 31 29 32 22 22 34 26 29 17 20 19 
19 17 6 43 24 16 29 32 31 10 19 16 21 23 17 16 25 13 23 16 18 12 23 26 14 23 22 13 20 31 11 20 33 36 23 23 12 11 21 23 16 15 18 29 18 29 19 21 26 25 18 23 21 24 18 21 14 14 20 37 11 22 20 41 19 21 29 22 14 20 17 16 17 15 32 24 22 16 18 18 15 19 11 20 14 13 12 17 22 16 21 14 22 27 25 15 11 13 24 38 23 18 16 15 24 21 21 28 27 19 24 26 12 12 24 13 4 21 30 29 
20 12 34 27 17 36 21 30 25 18 16 27 13 34 6 16 27 42 36 14 21 18 25 29 18 27 23 16 8 20 19 22 38 26 23 19 17 16 23 19 21 14 8 38 19 12 20 25 28 8 26 32 26 19 17 14 36 20 20 24 19 17 13 41 4 20 29 19 21 17 13 15 22 27 21 22 25 19 14 20 30 11 29 20 12 22 18 10 22 18 29 21 9 23 43 32 24 22 24 15 20 34 15 26 25 27 9 28 16 21 23 23 19 21 31 29 15 23 25 5 
31 19 28 51 20 21 22 30 17 23 18 33 14 28 11 11 26 23 35 20 26 19 25 33 16 22 21 14 9 23 17 21 27 21 26 30 24 21 17 24 16 18 14 35 14 24 11 28 23 18 18 26 29 21 18 26 25 22 12 37 14 14 22 42 21 31 27 23 21 34 14 10 30 17 21 24 19 23 18 16 28 24 31 16 17 5 23 11 22 19 21 21 11 18 27 43 16 16 24 36 24 41 17 15 14 14 20 27 18 14 24 24 17 11 21 16 29 27 24 10 
24 15 12 37 16 22 19 19 31 20 17 18 20 27 11 16 9 20 33 7 23 19 24 30 13 23 20 22 21 21 24 24 23 21 34 20 8 20 21 21 23 10 22 32 16 27 13 29 15 22 25 24 25 19 20 16 34 23 20 21 20 16 17 30 29 26 30 55 27 31 26 19 23 24 39 24 30 23 17 18 26 10 11 15 10 17 18 14 18 23 17 16 18 16 34 24 20 5 33 43 25 26 7 3 23 25 19 30 24 36 26 23 19 17 41 28 20 33 31 16 
23 16 32 11 20 27 21 29 21 21 7 23 17 23 9 14 41 38 25 11 21 10 20 35 9 34 23 18 14 34 17 33 20 24 24 37 11 25 21 33 18 13 26 32 17 20 14 23 42 18 16 12 24 20 23 17 21 16 14 37 20 21 21 26 19 21 29 28 17 27 11 16 16 7 34 31 27 21 22 22 15 16 24 28 11 18 21 16 24 13 16 15 21 16 11 19 13 3 28 33 24 28 18 28 25 29 5 29 24 21 34 22 20 8 28 24 19 37 20 27 
28 14 38 12 20 24 25 33 25 17 21 32 20 32 30 11 23 28 23 26 12 14 18 23 20 21 24 12 13 18 21 23 41 19 31 31 14 11 20 20 26 15 34 31 15 20 16 18 28 16 11 35 36 22 24 21 22 24 15 25 15 10 22 26 22 20 18 28 30 27 15 20 21 23 24 29 11 15 21 19 22 25 23 20 12 17 18 11 6 27 20 16 13 25 26 18 20 16 21 24 15 18 21 7 18 42 30 43 18 18 16 37 20 16 33 22 27 39 26 12 
33 15 17 28 10 24 28 24 33 36 14 12 21 36 25 19 20 23 30 18 22 10 34 27 20 29 30 24 20 29 21 25 21 31 28 25 16 10 15 20 28 26 23 42 15 17 17 30 19 17 19 20 16 27 27 21 39 20 13 39 14 23 16 30 17 24 29 22 18 23 17 19 27 17 17 20 25 20 24 19 28 15 30 23 7 22 19 23 11 29 19 22 8 2 1 23 8 17 20 34 24 27 9 20 21 35 17 17 21 25 30 37 19 12 28 17 19 34 28 17 
19 18 16 32 21 22 26 9 40 18 14 31 17 17 24 16 30 17 18 24 24 20 25 24 24 27 32 17 16 12 30 19 26 30 29 17 6 13 10 13 17 14 31 42 23 21 11 21 33 20 27 21 41 27 26 20 29 19 16 41 20 27 13 45 16 27 29 23 23 20 26 17 29 12 22 19 18 19 18 19 23 37 18 25 9 15 8 15 24 20 16 16 30 11 31 26 23 15 26 30 15 17 23 24 26 30 18 33 17 24 22 19 21 12 22 30 13 28 19 15 
30 16 21 14 8 24 28 37 27 24 39 43 17 30 13 17 28 29 23 17 15 19 15 15 11 15 17 15 20 32 30 34 30 21 37 28 9 21 26 15 19 18 22 41 19 19 9 19 32 17 30 33 26 25 23 23 14 15 18 30 20 15 31 25 24 27 25 24 19 28 31 17 24 28 30 19 19 16 19 16 16 30 16 22 16 14 22 14 18 22 18 21 9 27 12 32 14 12 19 29 21 18 22 11 31 27 18 25 21 32 24 17 18 7 26 25 27 31 24 23 
33 14 15 29 16 29 22 26 31 32 22 37 15 33 30 15 27 46 28 14 14 15 26 28 18 27 23 15 17 21 18 22 18 23 22 22 17 18 23 21 17 10 29 26 17 30 18 15 27 30 20 22 39 25 15 24 26 31 16 33 16 14 16 35 37 23 37 29 35 15 27 11 24 26 35 17 25 16 18 24 20 22 26 19 16 17 17 13 19 21 13 13 17 11 29 31 9 24 34 22 19 31 19 9 28 39 18 29 22 27 28 32 20 26 30 20 18 31 24 16 
26 16 24 26 17 35 20 25 27 29 18 41 14 28 29 13 15 31 25 25 13 16 29 40 18 27 24 20 14 25 30 38 20 39 35 18 9 14 31 15 17 16 29 32 21 30 21 29 38 14 24 27 17 23 19 21 21 20 21 33 17 13 19 30 31 19 33 29 27 17 15 18 34 20 22 24 19 16 22 15 15 19 19 11 10 17 16 14 15 14 33 13 19 23 20 19 17 18 21 13 20 20 23 20 31 32 10 22 15 29 26 23 23 16 35 22 18 38 35 12 
20 18 24 12 9 19 14 18 27 9 22 28 21 38 27 14 26 27 29 14 25 15 10 28 24 30 26 17 14 14 30 29 25 20 22 29 22 33 16 26 17 14 25 36 10 30 14 31 25 26 27 32 29 26 28 23 24 11 18 24 18 14 18 33 20 19 25 40 7 19 17 15 36 22 22 21 18 27 19 19 24 21 25 14 13 10 24 5 16 8 22 12 24 18 36 34 14 19 23 6 17 31 16 20 25 38 20 17 14 30 20 19 19 21 29 15 15 30 19 16 
15 24 29 33 17 23 17 17 30 10 22 25 15 39 17 17 11 36 33 26 22 17 24 31 15 29 25 21 19 36 20 16 20 39 24 28 14 20 16 20 20 19 32 22 17 26 17 13 25 24 26 18 23 21 23 40 16 28 19 27 12 12 19 23 30 18 34 39 22 16 13 11 17 19 23 26 21 21 10 12 9 25 20 26 17 18 20 15 20 16 15 13 20 23 22 32 8 20 37 42 18 33 21 18 17 20 6 25 18 22 25 30 21 8 25 33 25 24 21 23 
34 18 23 23 15 18 4 19 21 20 26 23 21 35 23 22 32 38 20 18 18 21 22 16 19 27 29 15 13 25 29 39 39 17 28 13 15 1 28 22 17 17 22 31 15 24 16 21 21 12 19 28 28 20 24 27 23 27 16 46 18 15 14 46 26 18 12 25 14 13 20 18 20 14 16 29 18 13 16 14 30 13 26 11 17 7 19 13 18 20 18 18 19 31 29 23 25 19 32 28 9 30 26 13 26 18 19 28 9 25 29 25 22 16 18 19 16 34 14 19 
23 17 23 20 12 26 19 21 26 25 22 28 14 16 20 16 36 32 19 22 11 18 19 36 13 25 22 25 11 32 24 42 26 25 26 32 16 30 23 9 16 18 20 26 17 16 11 23 23 25 19 35 13 21 35 35 31 15 33 36 18 16 18 24 25 24 35 29 27 17 6 19 15 15 14 26 22 15 16 22 13 28 31 20 19 12 20 14 24 20 22 17 23 22 37 33 14 24 27 31 23 29 18 13 26 33 18 22 27 22 32 30 15 14 36 31 23 35 26 7 
29 15 24 33 9 13 18 26 3 16 24 18 23 33 19 11 29 38 12 26 26 11 21 24 10 36 13 13 13 30 14 25 33 34 29 14 16 24 20 25 24 27 20 16 21 9 13 26 23 17 33 29 26 28 12 29 7 19 18 34 15 15 19 31 28 22 44 37 22 19 20 24 25 15 30 25 17 11 22 21 17 11 25 23 12 15 20 13 22 19 18 17 20 22 28 29 17 16 18 15 23 27 19 24 28 33 12 23 12 23 20 14 14 17 21 18 11 25 24 11 
23 13 23 28 23 18 24 12 37 19 16 26 14 33 13 17 32 24 9 18 25 14 13 48 11 27 22 16 22 11 15 21 33 23 29 19 20 24 18 24 20 19 21 45 19 15 17 25 22 22 26 29 25 18 28 21 31 20 22 27 20 17 22 22 17 6 22 27 26 27 27 22 28 31 22 31 17 24 21 20 24 5 23 20 10 15 12 10 22 22 13 18 19 18 33 31 17 6 21 25 16 25 13 22 21 35 8 23 21 23 25 26 24 18 26 11 20 17 24 14 
22 11 26 31 11 24 24 41 26 18 13 26 16 29 20 12 26 35 23 17 34 20 33 36 16 17 13 17 15 16 18 42 38 16 31 28 12 26 14 26 25 20 22 18 21 13 15 19 20 20 21 30 28 22 22 24 24 16 28 15 14 11 17 22 22 28 32 21 32 28 27 16 22 27 35 29 4 19 18 15 23 18 28 12 12 14 22 9 24 26 25 14 15 33 34 29 12 17 26 27 28 24 14 16 36 33 15 26 22 21 25 26 16 21 21 20 14 26 36 26 
22 11 26 26 20 24 28 19 30 25 23 23 21 30 25 12 21 25 21 21 13 14 19 27 12 28 33 25 7 37 21 30 21 26 22 32 17 25 11 24 24 15 28 31 14 27 18 22 39 21 32 32 23 29 24 13 28 24 25 18 16 15 18 45 30 18 25 28 33 18 18 19 22 18 22 24 20 14 8 27 22 20 17 18 17 19 12 20 16 26 27 24 13 20 27 25 20 8 24 32 28 40 22 19 10 35 17 29 27 26 23 31 5 21 37 23 28 30 27 18 

MachineCapacities:
MachineID Capacity
0 10
1 10
2 10
3 10
