NumTasks NumMachines NumScenarios
30 4 50
TaskDetails:
TaskID ReleaseTime ResourceConsumption SuccessorsCount Successors...
0 0 6 7 10 4 1 20 
1 0 8 6 9 3 2 12 19 
2 0 2 4 8 2 3 12 18 19 
3 0 4 3 3 9 2 14 18 
4 0 8 1 7 2 3 14 17 19 
5 0 5 3 4 9 2 13 20 
6 0 7 2 5 5 2 18 21 
7 0 7 3 1 4 0 
8 0 7 4 7 5 1 19 
9 0 10 3 4 6 2 19 20 
10 0 2 10 6 7 0 
11 0 10 6 5 3 0 
12 0 1 3 5 7 0 
13 0 7 1 4 2 1 19 
14 0 9 7 6 9 0 
15 0 6 3 8 4 1 20 
16 0 6 6 2 7 0 
17 0 9 5 7 2 0 
18 0 9 7 2 7 0 
19 0 5 2 2 8 1 21 
20 0 4 6 10 4 0 
21 0 8 10 8 9 0 
22 0 9 10 7 5 3 26 27 28 
23 0 3 2 7 8 0 
24 0 1 4 2 5 1 27 
25 0 4 7 10 3 0 
26 0 4 2 8 1 0 
27 0 5 3 7 6 0 
28 0 8 8 5 7 0 
29 0 9 3 6 5 0 

24 16 18 27 35 16 30 32 25 17 21 26 28 36 18 24 32 23 17 15 18 28 22 36 20 30 21 37 21 16 17 34 35 22 16 19 19 22 8 19 25 14 36 34 21 30 19 26 23 13 34 28 18 21 20 25 28 27 27 14 16 22 34 24 25 23 13 12 27 19 16 23 29 30 24 21 40 21 18 19 20 32 16 20 29 31 9 22 19 38 31 14 23 34 31 23 22 17 17 30 39 28 32 36 24 12 21 33 10 24 14 27 20 20 17 26 21 24 10 39 
15 21 23 28 31 20 27 26 27 13 15 39 35 17 13 23 29 15 16 14 15 31 17 34 35 26 22 29 20 18 19 33 29 26 19 16 18 22 31 40 25 39 35 29 31 10 10 28 20 17 32 28 13 13 14 19 31 11 30 17 24 18 12 24 16 14 19 22 35 31 16 15 35 26 41 21 39 16 31 11 11 34 27 21 30 36 20 24 23 15 30 20 21 37 24 27 29 22 36 15 24 18 33 15 21 17 20 30 17 30 14 22 28 18 26 27 29 18 14 36 
33 27 17 30 30 26 27 22 16 16 24 20 22 21 11 20 23 16 13 13 22 24 17 30 11 28 18 28 18 17 13 37 29 16 21 17 17 19 25 42 20 17 25 24 20 12 13 38 19 18 29 27 18 18 12 11 29 29 32 19 8 22 25 14 15 29 26 18 24 16 11 21 19 25 23 18 38 27 26 21 20 21 15 18 28 19 21 24 24 25 20 17 17 29 35 24 26 17 28 22 27 13 36 23 23 15 37 37 21 29 23 15 42 14 26 21 14 18 11 38 
18 31 26 21 26 26 26 23 20 8 34 24 16 20 15 25 23 30 8 16 21 15 24 27 16 19 18 28 23 11 24 25 39 22 22 20 18 10 25 30 29 23 23 27 25 12 15 31 13 21 26 24 11 20 19 12 31 25 19 3 18 23 32 23 16 35 20 24 34 26 23 22 29 17 41 24 26 15 34 21 20 43 27 19 13 36 20 24 29 44 20 14 18 29 40 30 20 25 30 22 29 8 30 32 23 19 19 38 13 27 16 19 20 14 35 26 24 14 19 45 
18 29 16 34 13 11 15 17 17 15 19 27 17 16 11 31 25 26 22 18 22 30 19 21 26 54 18 22 12 10 19 31 27 17 15 14 23 19 36 31 35 24 26 40 19 16 19 22 18 18 37 11 14 26 13 14 36 28 25 18 21 13 20 24 17 18 19 18 24 39 14 34 29 33 31 18 37 23 28 19 18 30 23 23 35 16 22 20 16 31 16 28 24 20 35 16 25 17 23 24 19 30 37 23 28 15 22 38 16 17 14 27 17 9 32 30 32 17 21 22 
21 10 16 37 15 24 27 19 19 16 20 27 15 24 12 16 21 11 26 14 21 36 28 29 37 38 15 27 20 17 15 24 21 17 19 18 21 13 32 36 18 23 21 25 22 12 15 16 21 24 21 28 15 17 23 26 26 29 10 19 17 19 23 17 17 27 17 18 11 16 15 26 30 37 34 22 33 24 25 19 15 34 24 18 14 21 24 21 16 25 26 21 16 18 23 18 20 27 26 20 30 26 18 41 10 15 18 20 17 25 17 26 42 19 19 13 14 14 23 16 
17 24 28 31 23 23 19 38 30 17 36 28 26 21 24 22 21 21 23 15 18 38 29 35 24 36 17 24 13 16 16 25 39 12 19 14 29 17 8 27 25 21 21 29 22 11 18 36 28 28 14 24 17 31 12 18 21 21 29 16 16 14 16 14 19 18 24 13 25 35 22 22 16 21 35 21 29 19 21 14 15 25 24 5 30 23 5 14 17 45 32 12 11 41 12 17 27 23 34 23 16 22 21 22 15 13 19 33 20 30 19 17 7 8 21 17 28 11 16 9 
14 18 30 24 22 23 23 20 20 16 24 27 31 19 17 20 24 23 12 23 16 26 37 16 26 11 16 38 22 21 20 28 31 27 12 22 8 18 14 33 27 33 26 18 24 14 14 34 18 21 25 23 22 18 16 17 20 30 16 7 25 23 11 29 27 27 17 18 22 32 25 11 35 15 38 25 25 22 15 13 13 31 22 31 15 32 18 26 27 24 49 11 10 43 33 19 17 20 24 19 11 18 34 32 18 21 10 60 13 20 29 10 26 16 28 29 18 20 17 37 
22 23 20 26 31 27 30 19 32 19 15 30 18 33 17 15 27 19 28 30 12 25 22 28 49 35 21 41 23 13 21 24 26 18 12 22 21 21 18 23 27 28 27 21 24 26 15 38 15 29 30 20 13 15 18 18 17 9 27 10 17 21 17 25 17 27 25 17 30 21 13 30 32 27 29 19 31 12 22 24 17 25 18 18 35 15 6 36 20 22 20 19 15 29 10 22 27 16 24 35 26 20 27 19 22 16 21 31 10 20 17 23 35 23 25 21 31 15 14 20 
17 15 13 13 23 18 22 18 34 20 23 37 8 26 22 22 27 21 11 12 19 43 24 31 25 30 19 38 21 19 7 29 24 8 21 16 17 19 26 20 25 19 16 19 12 21 17 25 19 29 47 26 20 22 21 28 24 34 33 9 18 18 34 31 15 18 19 18 24 19 15 25 29 22 42 7 31 23 15 21 13 19 31 19 29 37 26 25 23 25 39 16 26 29 27 18 30 27 37 18 48 21 31 33 26 10 20 29 14 25 15 25 44 14 28 31 21 19 18 39 
22 26 19 26 14 27 24 26 27 15 19 18 20 17 17 24 22 23 26 27 23 31 27 25 28 15 20 48 19 12 22 21 22 21 18 19 16 13 28 18 27 38 19 24 25 23 17 36 16 25 28 36 20 13 9 24 23 22 19 14 18 21 35 23 19 21 28 14 27 30 14 29 13 22 37 15 44 30 28 18 17 33 24 17 33 23 14 22 13 40 38 19 27 26 27 18 24 31 23 18 28 15 27 30 20 20 18 34 13 29 16 19 28 18 31 33 20 12 20 28 
19 11 19 36 23 32 31 26 31 16 25 34 5 28 17 20 29 21 14 16 16 26 25 36 30 25 21 38 20 14 18 24 21 20 13 21 19 17 33 26 22 31 17 41 21 21 8 32 12 33 24 23 15 13 22 24 37 36 17 10 8 16 33 15 25 16 23 25 24 17 21 19 24 38 41 16 30 15 18 18 14 16 36 17 21 34 23 17 16 11 28 17 19 30 19 21 29 26 25 25 37 17 40 23 28 21 25 41 14 22 19 11 23 14 15 26 20 10 9 37 
29 15 29 29 30 26 26 22 21 14 27 25 27 26 20 22 16 30 18 16 12 19 32 40 25 21 32 33 10 18 23 29 22 17 17 19 20 27 22 27 23 16 10 27 10 17 11 31 17 32 31 17 10 21 17 17 34 19 25 17 15 15 37 20 22 26 25 16 37 22 12 35 29 35 18 27 40 28 17 17 20 20 33 13 21 21 14 23 22 21 31 11 21 16 37 19 30 23 27 13 15 10 20 38 14 16 24 21 13 31 26 10 20 17 24 11 21 21 19 30 
21 21 17 27 17 23 24 23 19 11 30 25 19 34 13 24 27 26 22 11 16 35 18 10 27 36 28 21 18 16 18 31 27 14 15 22 9 20 24 31 31 33 26 22 29 24 10 13 19 28 15 11 16 29 13 21 27 31 31 24 19 21 28 21 22 29 20 15 30 21 8 29 24 18 25 22 28 29 31 24 14 27 32 17 35 26 26 17 18 27 27 28 16 37 38 18 33 25 14 14 19 16 30 28 28 22 17 37 14 31 23 22 23 21 21 20 22 19 20 41 
29 21 26 16 24 22 17 18 22 12 23 33 25 29 16 27 18 29 19 14 14 36 28 24 39 30 22 29 20 13 16 23 16 22 13 14 14 19 29 41 32 37 25 25 26 14 11 16 22 25 25 25 20 23 13 21 19 39 23 15 16 19 13 29 13 12 19 14 23 19 24 22 20 58 30 18 37 21 20 22 19 47 38 27 34 25 27 24 15 26 27 17 13 37 21 20 34 18 22 17 14 11 27 27 29 18 13 12 17 30 21 20 29 14 26 23 25 17 7 34 
23 14 33 23 30 18 14 34 25 16 22 31 10 17 12 26 28 16 31 27 20 30 37 38 32 25 28 10 16 13 13 38 32 15 15 14 22 16 25 26 42 33 25 28 24 14 13 30 14 25 13 18 21 20 24 29 27 19 12 17 29 13 32 27 16 29 15 23 34 19 15 30 34 42 21 23 33 33 26 20 17 30 25 22 21 11 16 28 19 33 15 14 12 36 41 20 45 15 29 8 34 21 34 24 28 13 15 29 17 24 23 18 27 20 30 25 14 17 15 40 
19 17 17 24 21 21 25 21 14 14 38 36 18 24 21 13 22 30 12 17 14 36 32 25 17 25 18 18 17 9 9 18 40 20 16 7 27 22 30 32 20 23 20 17 15 18 13 26 31 37 33 21 15 23 16 29 26 19 27 21 16 16 16 19 11 37 15 15 38 18 30 30 34 27 31 19 20 24 28 20 25 25 32 17 18 25 30 25 15 34 27 22 12 46 40 22 18 16 32 23 36 30 41 20 14 18 8 27 15 20 20 18 26 23 17 29 23 13 14 29 
33 25 16 29 30 20 13 32 15 18 17 31 30 13 16 18 29 27 17 24 26 34 37 14 22 43 23 34 14 12 19 11 31 24 21 19 15 24 29 37 33 18 19 29 36 16 23 28 18 19 38 16 10 25 17 22 51 42 21 25 13 17 12 26 20 31 18 11 25 12 15 34 11 30 40 23 32 20 33 26 18 29 25 16 11 27 31 11 15 31 28 19 18 19 27 13 17 20 37 24 27 13 28 23 10 16 18 34 11 23 22 24 30 16 28 36 16 19 19 15 
25 19 14 13 31 32 34 25 35 18 27 29 30 31 19 26 23 28 15 22 13 31 18 28 24 28 21 36 9 14 10 43 45 12 15 26 17 11 26 32 25 24 23 19 17 25 13 15 16 31 24 12 13 20 12 19 25 22 27 14 19 14 23 23 21 30 21 15 27 38 19 28 24 23 23 33 20 13 15 26 10 21 16 23 22 23 17 19 14 24 34 11 13 28 20 22 18 21 37 28 26 24 19 15 28 18 8 15 7 25 19 20 27 17 31 24 8 18 22 24 
22 16 32 21 10 18 13 25 33 15 22 11 26 28 19 23 24 23 28 21 13 28 19 37 21 17 16 30 16 13 19 15 21 18 18 14 22 17 24 30 25 19 12 17 13 16 14 16 12 12 28 18 17 20 24 13 19 28 22 15 13 21 21 16 21 19 33 19 15 25 21 12 17 17 37 26 23 36 29 21 15 14 16 25 28 36 27 35 18 33 27 15 14 31 34 11 24 22 22 21 25 21 40 22 13 19 7 38 26 23 21 14 28 18 23 17 10 15 21 22 
24 22 34 38 30 25 27 19 24 12 15 32 11 20 21 28 16 22 19 4 20 37 27 33 39 32 11 39 16 22 17 40 32 19 17 17 22 15 20 34 37 19 12 35 23 14 6 40 27 29 27 40 15 31 8 17 26 21 12 16 12 16 28 27 17 23 16 20 26 27 25 39 20 32 29 24 39 19 15 22 17 28 14 32 30 28 20 18 8 33 30 24 22 21 34 25 35 23 35 22 29 24 22 33 32 22 23 37 18 28 18 20 36 19 42 27 21 14 15 25 
23 27 23 34 29 13 29 28 15 12 19 18 22 19 22 20 23 35 19 17 14 34 25 11 16 26 14 27 13 17 14 35 35 19 10 20 19 20 27 43 31 23 17 15 20 15 15 23 20 22 44 14 15 24 13 17 20 40 29 13 18 16 22 23 22 30 19 25 17 31 20 18 16 32 25 24 24 34 24 14 22 31 27 21 30 26 13 30 21 32 37 13 18 26 35 8 28 23 28 15 24 10 8 23 23 17 24 39 19 26 24 22 29 18 28 17 34 13 13 27 
28 27 17 14 33 19 29 23 20 17 22 25 19 21 15 34 28 20 19 19 18 33 29 28 31 42 10 41 15 25 23 23 22 16 19 27 12 22 19 29 40 27 19 32 17 11 22 14 16 21 40 32 13 17 14 17 28 25 27 20 22 13 22 17 18 21 17 11 25 17 24 15 25 28 36 21 29 16 24 16 15 29 25 11 25 29 27 11 12 30 23 15 19 40 28 17 33 18 24 18 31 19 32 34 16 19 27 30 22 9 32 15 23 21 25 19 14 11 17 25 
26 28 15 16 21 14 31 19 9 14 15 20 20 12 17 18 25 14 26 17 12 36 19 15 36 46 14 29 14 10 5 12 19 20 17 28 18 18 24 43 31 27 19 40 25 11 17 27 23 20 20 21 17 17 3 16 27 26 25 11 18 23 25 22 18 17 22 19 28 20 18 26 32 20 19 19 40 29 24 25 11 23 28 15 27 23 20 21 24 44 44 12 24 38 30 19 20 29 26 15 27 28 27 27 27 10 23 30 14 17 17 21 44 19 25 29 20 18 14 39 
25 5 18 22 24 20 18 19 20 17 18 17 14 29 21 13 21 24 24 15 11 34 21 21 33 31 23 31 22 21 16 26 29 21 20 14 21 19 26 24 20 21 24 39 20 18 18 28 16 30 10 24 18 26 13 13 22 25 33 19 18 22 22 17 30 30 14 13 9 46 14 28 24 26 34 22 30 16 24 16 12 23 22 21 36 15 22 19 13 29 34 21 21 24 28 26 31 30 27 22 22 10 19 34 27 12 11 19 16 23 24 9 31 17 38 34 18 16 13 34 
27 22 26 24 28 23 12 20 18 14 27 26 20 19 18 11 34 20 15 14 18 35 24 15 36 36 19 31 26 19 14 24 22 25 7 15 29 13 37 30 24 16 38 21 27 23 15 22 13 29 18 16 20 27 11 13 16 38 15 16 12 18 34 13 14 28 30 22 26 20 19 27 22 33 28 21 40 19 10 26 17 15 16 18 27 34 21 12 14 26 49 19 25 21 28 21 15 24 17 21 18 29 18 23 28 14 25 35 20 32 19 18 40 17 24 24 24 19 17 19 
21 21 37 45 19 21 27 28 24 15 17 33 21 20 18 4 24 25 11 8 16 23 25 29 27 26 24 12 11 10 11 28 33 19 20 18 26 28 19 35 32 28 13 21 21 20 10 32 13 20 35 11 19 18 17 21 25 29 24 16 18 29 37 30 23 35 20 15 32 30 15 45 17 40 19 15 23 20 15 10 19 17 41 16 14 26 28 17 18 33 28 23 15 23 29 24 23 20 42 17 32 13 30 19 27 16 16 35 15 25 20 20 25 14 37 25 20 11 6 29 
26 5 25 32 22 22 20 29 25 12 29 24 16 16 15 22 24 33 18 16 24 41 29 15 37 28 25 27 19 11 12 12 32 9 21 16 24 14 20 27 23 27 29 25 22 12 13 30 25 20 27 15 14 20 23 26 22 44 25 11 18 21 24 21 23 14 14 15 22 31 7 13 18 23 37 18 21 25 22 17 16 14 21 27 31 22 12 18 12 30 35 18 24 20 21 26 34 19 25 26 13 33 19 38 26 15 27 28 21 28 29 10 21 13 17 18 20 5 19 26 
24 34 18 25 17 16 24 21 38 15 26 29 28 16 13 31 22 32 17 20 19 29 19 36 32 53 11 9 15 13 8 32 35 21 11 13 13 24 15 35 32 13 21 33 24 11 16 22 15 15 33 25 22 20 11 15 40 17 21 18 18 14 19 17 14 19 26 11 29 35 11 22 23 27 25 20 23 14 21 19 16 31 32 27 21 27 27 16 26 19 27 9 23 20 43 17 22 20 29 27 40 20 24 27 22 10 25 37 17 39 28 15 30 17 31 24 23 19 15 32 
23 23 22 29 17 29 18 20 18 14 16 23 14 19 14 22 35 16 20 9 22 25 28 28 42 25 18 42 13 20 16 17 36 15 15 20 19 20 21 33 29 24 35 38 16 22 19 15 15 18 30 14 21 21 15 16 25 38 19 8 15 20 29 26 24 24 17 21 28 41 19 24 23 34 23 24 29 21 30 22 12 22 28 30 9 17 15 21 10 28 41 10 19 35 16 21 40 14 34 27 21 25 21 36 28 8 16 25 18 22 22 24 31 15 29 21 17 17 19 45 
10 16 23 23 25 31 20 12 34 15 22 15 15 19 11 25 22 26 21 16 23 33 18 29 31 36 14 26 15 18 15 22 28 16 15 18 17 13 26 23 31 22 13 27 27 25 18 25 17 22 17 29 16 22 13 16 32 26 40 20 21 16 19 18 17 24 20 15 27 19 20 23 23 8 30 18 28 17 32 18 18 36 32 10 24 30 20 23 23 32 28 14 16 30 20 21 17 12 24 11 34 5 18 32 23 14 13 33 16 19 28 18 13 20 25 37 19 16 11 30 
14 16 10 39 27 25 23 23 20 6 28 29 24 17 14 22 18 24 21 21 20 42 33 16 41 25 19 37 26 13 17 24 35 18 20 16 19 17 33 34 31 22 18 11 23 21 16 23 11 7 19 22 17 15 16 26 22 30 22 11 7 23 32 22 19 19 22 13 31 21 26 15 32 24 40 31 43 24 24 22 17 29 25 14 22 12 35 14 28 45 25 24 20 29 38 17 29 22 25 20 33 11 36 31 12 21 22 24 16 25 20 19 35 21 12 30 34 28 8 30 
22 7 15 23 21 16 28 39 34 21 23 32 16 12 20 26 16 22 16 28 22 30 27 16 24 32 22 22 6 15 17 21 38 20 10 18 22 21 23 42 39 19 11 26 26 17 13 32 16 3 25 28 21 25 16 23 9 37 17 16 3 10 26 17 15 21 4 15 27 23 30 22 26 27 16 28 17 24 36 23 18 17 14 20 18 12 20 27 18 27 12 14 20 27 11 28 31 21 25 17 41 26 7 29 22 16 7 45 23 21 22 15 17 13 18 19 22 21 15 20 
11 19 32 36 13 21 23 32 26 12 22 32 14 16 18 22 20 22 17 8 21 36 39 25 34 8 12 13 16 13 13 18 27 22 13 30 26 13 23 29 21 23 13 24 15 18 16 24 27 20 22 10 18 28 12 24 26 12 19 11 17 21 27 27 24 21 22 17 33 19 16 27 30 22 47 15 36 27 20 20 12 34 30 18 32 28 21 15 30 20 35 24 9 22 30 19 37 22 29 20 6 14 46 39 25 16 19 18 16 30 20 25 37 25 31 20 22 13 10 7 
28 22 14 43 30 24 23 12 24 12 25 12 14 20 13 23 37 27 16 21 16 12 29 28 22 30 23 37 19 7 17 23 36 23 10 14 23 21 17 25 45 27 29 23 25 27 17 38 26 21 31 15 16 22 19 26 30 36 32 17 10 22 33 20 27 27 24 8 20 32 14 20 19 19 25 25 20 20 27 16 23 33 13 24 19 12 22 25 25 28 34 21 21 37 24 24 31 33 6 11 10 23 33 29 27 13 18 40 16 31 15 23 11 20 28 37 23 14 11 19 
22 31 31 31 11 22 17 16 24 13 25 21 19 25 13 28 15 17 24 20 16 36 35 30 23 36 31 28 14 12 18 10 28 20 9 13 22 19 13 22 35 38 23 26 25 14 11 21 19 17 32 20 15 30 13 20 20 33 33 19 20 20 36 23 18 21 18 17 28 44 17 14 21 24 41 30 21 9 22 15 24 14 20 31 22 29 24 22 11 27 31 15 21 32 25 23 33 28 30 29 30 28 20 28 21 14 20 27 9 25 33 23 19 13 23 31 20 11 8 18 
25 31 19 20 19 10 15 26 20 24 12 22 29 20 14 28 24 23 18 16 13 20 33 20 23 27 17 34 13 13 25 23 31 26 14 22 22 26 36 43 25 37 15 27 19 18 17 28 17 20 8 24 21 35 14 18 20 39 13 13 16 20 25 25 18 11 15 13 23 38 11 24 29 28 29 20 43 16 21 13 19 30 26 25 27 39 26 23 13 24 28 14 17 33 22 18 18 18 30 17 21 11 31 25 13 17 11 42 19 32 22 21 41 16 36 36 22 17 20 54 
20 18 22 21 23 30 26 23 21 18 19 36 24 19 22 25 16 26 13 21 21 17 30 21 25 47 20 25 21 13 10 14 41 15 10 21 19 26 28 36 18 24 19 19 23 25 11 36 18 17 13 14 17 15 11 23 36 28 18 20 15 26 17 20 13 26 25 11 18 17 10 29 25 26 31 16 22 24 28 13 15 35 24 19 32 27 32 25 19 45 51 18 12 22 27 10 22 21 28 21 25 18 32 25 24 19 24 36 22 23 19 16 27 23 31 32 18 16 21 25 
25 24 21 23 27 34 28 13 34 24 26 15 17 16 15 15 25 31 4 23 19 26 25 27 26 22 19 23 31 16 19 33 30 17 9 12 23 20 27 15 7 30 33 9 27 14 12 21 16 30 35 30 19 14 7 21 25 31 24 16 12 9 17 20 20 18 17 15 14 27 15 23 34 20 29 20 29 15 34 20 9 25 21 23 21 25 27 13 15 30 26 14 18 22 23 25 33 21 23 34 24 19 19 17 33 16 23 38 11 25 17 12 26 14 28 21 24 16 24 21 
16 19 37 40 23 12 18 25 21 13 26 18 15 34 17 18 22 20 19 20 12 24 19 28 32 26 16 38 13 15 19 17 28 13 14 25 19 20 21 34 35 12 32 28 22 16 26 41 13 35 24 20 14 30 15 17 28 49 13 19 13 17 18 16 23 15 20 12 20 38 12 25 28 29 15 12 20 28 31 20 22 34 16 24 20 26 14 32 21 35 30 17 20 19 25 19 11 13 25 15 16 25 44 27 9 11 12 7 15 15 36 17 25 14 33 18 20 12 13 25 
20 12 24 36 11 13 25 27 31 15 17 21 20 28 14 33 19 16 29 23 12 43 36 12 21 31 17 25 23 8 28 19 19 28 16 21 15 16 14 20 44 23 21 23 14 14 11 25 12 19 15 18 26 24 26 22 24 27 37 16 25 11 30 22 13 21 18 21 27 34 27 28 27 19 29 29 23 17 31 20 12 13 27 9 22 24 16 21 18 21 51 17 15 27 22 14 16 11 23 18 28 23 19 23 19 21 26 47 14 26 27 20 42 19 28 15 22 18 12 28 
19 19 23 31 19 18 27 33 37 14 28 18 9 21 19 25 25 31 10 17 11 16 28 24 20 43 11 22 15 24 19 21 32 19 13 17 16 11 18 28 25 37 31 33 20 19 13 24 36 33 19 27 8 23 11 21 35 29 20 5 14 22 26 15 12 26 14 13 26 33 18 18 23 46 35 14 34 28 34 17 13 26 15 21 26 24 14 23 23 23 23 16 25 34 22 24 28 10 28 32 28 18 16 20 18 11 17 35 19 31 21 24 24 26 38 23 23 18 16 16 
23 21 34 23 34 19 36 32 21 10 17 33 20 31 20 31 27 27 14 9 16 42 20 16 32 27 15 23 20 19 11 26 23 22 13 15 21 22 28 27 31 25 19 37 19 21 16 25 19 28 25 29 12 22 19 14 29 38 14 17 12 14 17 23 16 22 22 21 37 24 12 27 30 25 29 27 24 20 35 22 21 32 24 10 25 26 31 21 20 26 22 14 16 27 42 25 54 14 30 28 18 17 18 29 29 13 19 16 10 32 19 17 31 13 22 29 16 12 18 29 
31 19 25 23 22 15 11 25 30 11 24 34 16 17 17 27 23 21 19 20 17 45 28 30 28 27 22 32 19 12 10 32 22 30 15 14 31 17 13 24 35 17 15 32 16 19 10 20 14 20 21 20 21 24 21 19 13 24 31 14 11 19 38 27 11 23 15 19 36 36 19 27 21 22 38 14 40 15 25 24 11 30 28 17 21 17 27 29 17 35 35 21 28 31 22 25 18 15 20 29 39 23 34 36 16 13 15 24 20 28 19 15 30 13 20 33 17 8 25 18 
17 25 19 26 26 32 29 23 28 14 29 28 25 24 22 14 26 19 12 12 15 36 29 30 17 21 22 32 15 16 15 26 30 19 13 22 19 24 31 19 43 22 30 22 20 15 16 39 21 22 22 23 14 25 17 25 37 32 24 15 21 25 26 21 25 23 27 23 33 38 18 17 19 28 37 23 39 27 18 17 19 37 35 32 15 27 24 24 18 19 33 16 22 22 30 18 20 20 24 20 21 23 49 20 10 16 17 25 15 33 19 13 28 7 10 18 26 12 18 17 
10 17 23 19 30 23 21 16 12 8 15 25 21 15 19 25 13 26 11 14 22 27 16 23 33 20 28 35 23 16 10 37 23 18 22 21 23 14 19 15 13 26 30 33 31 18 19 38 30 31 20 28 21 17 15 16 27 33 22 14 22 22 30 16 23 23 20 18 17 14 17 12 35 34 31 24 25 21 20 24 16 24 26 18 21 25 16 8 17 21 23 23 20 16 25 22 26 21 23 33 26 25 29 20 18 14 11 16 17 30 26 15 22 15 38 18 15 15 15 27 
21 19 28 28 13 21 38 34 18 13 25 25 18 21 17 18 22 17 14 7 14 45 37 17 32 25 21 39 16 13 17 31 39 23 13 26 11 17 15 31 32 30 13 37 28 13 15 24 15 24 18 33 22 20 13 20 22 23 33 7 8 18 27 30 15 21 25 9 21 20 21 26 37 21 19 25 37 16 22 24 21 18 33 19 24 29 19 17 19 20 35 16 17 31 21 21 31 15 32 24 21 20 31 20 26 18 21 46 8 32 22 14 27 22 27 24 21 19 15 25 
27 21 27 23 20 16 23 27 31 19 23 26 30 24 22 22 24 30 9 13 15 31 25 42 37 35 29 28 20 20 13 35 39 10 18 20 13 26 32 33 23 28 27 36 33 14 26 41 23 33 23 20 18 12 15 20 18 22 32 15 17 26 19 14 10 24 20 15 21 23 15 21 25 21 34 24 33 26 21 24 16 20 20 15 23 21 24 30 16 24 39 11 21 33 30 24 32 20 26 13 20 19 27 28 22 21 26 28 19 25 17 20 30 18 16 28 23 13 16 33 
27 20 21 12 29 24 20 13 22 15 22 16 19 18 10 16 26 38 19 22 18 28 24 19 27 41 26 46 26 13 18 26 39 16 19 21 12 14 33 34 41 16 32 25 12 12 22 34 20 25 27 20 18 15 14 18 29 43 25 18 13 15 18 22 17 14 19 11 17 40 14 30 29 34 30 24 22 20 17 13 22 22 12 24 19 25 17 32 15 24 34 27 24 23 28 29 28 24 35 15 12 13 30 22 20 23 26 56 21 20 28 23 21 15 16 31 14 17 12 20 
22 26 17 25 21 18 25 23 22 11 12 23 12 20 14 17 33 26 31 21 19 37 31 37 26 27 23 34 16 21 5 27 40 20 9 19 18 20 30 31 28 32 26 25 22 15 11 24 19 22 26 20 19 28 13 15 31 29 16 11 17 15 18 8 17 25 21 14 30 28 14 26 23 36 31 17 22 23 20 10 19 27 38 22 27 15 13 22 16 22 28 21 15 20 28 20 28 16 33 19 29 20 29 22 15 16 8 41 15 17 25 14 24 17 29 14 24 13 17 19 

MachineCapacities:
MachineID Capacity
0 10
1 10
2 10
3 10
