NumTasks NumMachines NumScenarios
20 3 50
TaskDetails:
TaskID ReleaseTime ResourceConsumption SuccessorsCount Successors...
0 0 2 8 8 2 1 4 
1 0 1 5 3 0 
2 0 6 2 4 1 4 
3 0 8 6 3 0 
4 0 5 5 7 0 
5 0 5 5 2 1 17 
6 0 9 9 5 1 17 
7 0 1 10 2 4 13 15 16 17 
8 0 3 3 10 2 10 12 
9 0 3 4 2 3 14 16 17 
10 0 3 7 6 2 17 19 
11 0 3 2 5 0 
12 0 5 2 2 1 18 
13 0 9 4 6 0 
14 0 8 4 10 0 
15 0 3 8 2 0 
16 0 8 7 10 0 
17 0 2 1 4 1 18 
18 0 9 3 4 0 
19 0 10 2 7 0 

14 39 8 8 20 26 16 21 26 23 23 8 12 16 19 23 22 17 10 10 14 44 23 15 22 23 24 31 16 5 10 7 19 32 9 19 24 30 16 29 28 14 24 25 17 33 25 9 20 27 6 20 23 36 26 32 26 18 19 22 
8 24 10 18 20 32 11 25 17 12 14 20 10 14 21 13 12 23 8 10 14 29 27 17 31 27 17 38 21 10 22 10 13 9 35 31 24 33 18 31 18 11 20 31 8 35 20 12 21 17 24 10 36 10 41 20 28 12 17 33 
9 28 16 22 18 24 14 23 23 22 14 4 12 11 11 9 18 17 8 22 14 17 31 14 39 21 9 28 27 12 26 11 20 25 21 16 35 16 13 25 28 15 37 41 20 34 11 5 14 23 28 29 32 26 35 20 31 18 22 26 
12 36 13 20 31 23 15 27 27 23 23 8 14 9 16 7 20 29 10 16 5 34 28 17 29 13 17 17 41 13 30 12 11 32 25 23 34 34 11 40 20 15 33 22 9 15 18 5 22 15 17 23 30 25 18 18 31 17 21 40 
10 26 12 11 26 24 20 14 5 17 23 16 9 17 7 21 17 12 10 24 13 19 27 13 26 6 18 27 14 14 34 12 21 25 38 28 18 20 13 18 23 15 35 12 13 46 28 6 27 44 20 9 26 14 30 26 28 18 19 7 
10 23 14 16 19 28 20 33 27 10 24 14 16 18 18 27 21 22 12 17 11 27 37 11 27 20 15 24 29 12 16 10 14 32 33 13 22 40 9 30 25 14 27 17 13 33 16 13 13 32 26 30 28 27 39 26 27 12 24 32 
10 13 14 18 24 37 20 26 26 18 29 21 10 19 13 14 9 16 9 18 12 13 28 18 36 15 16 25 32 9 17 11 11 27 18 20 28 28 11 29 15 12 24 32 20 48 23 8 15 33 23 28 23 22 36 28 13 14 13 42 
10 31 19 14 12 31 10 14 32 14 33 7 5 15 16 7 13 25 8 17 11 33 33 9 26 21 15 25 25 4 43 12 15 27 31 19 29 27 10 25 30 16 40 27 12 25 21 14 20 20 15 21 30 32 28 23 6 19 21 24 
4 31 12 18 36 20 24 21 22 20 15 20 10 15 11 15 9 24 4 15 13 32 29 14 15 37 16 34 21 14 23 18 11 26 28 23 33 23 4 40 23 6 19 22 8 15 16 14 23 26 21 12 21 36 24 34 24 15 10 30 
13 17 10 16 22 31 12 33 28 20 32 15 13 19 18 18 15 20 12 18 10 21 19 13 36 21 15 48 24 10 26 8 12 25 34 26 40 29 11 30 21 13 29 33 12 37 15 11 22 29 25 26 32 27 16 27 34 10 18 37 
8 36 19 5 30 29 14 20 11 29 28 8 17 17 22 14 16 16 9 16 7 44 17 14 21 26 4 32 20 14 39 10 14 27 26 29 16 26 12 42 30 11 22 24 12 28 13 7 17 23 35 31 35 27 36 19 19 14 18 27 
9 22 22 11 36 23 19 23 36 21 39 20 12 12 17 16 19 23 10 17 8 32 11 14 33 25 9 27 14 10 30 10 13 18 20 24 16 25 12 23 23 14 21 37 17 39 7 4 27 49 20 24 23 23 22 20 20 16 21 31 
12 36 15 11 18 41 12 21 28 20 26 14 10 16 14 21 22 33 12 10 11 36 28 15 31 27 15 15 17 7 25 10 16 23 35 15 20 35 14 34 11 14 30 37 18 28 22 4 13 22 14 20 27 30 44 25 39 25 23 17 
9 36 12 14 19 35 19 23 26 18 21 14 15 14 13 12 10 27 5 13 13 27 33 11 33 37 17 25 19 14 42 11 12 23 29 14 21 14 15 32 18 16 29 26 12 32 27 11 16 33 20 23 27 37 41 25 13 14 19 17 
13 27 12 14 21 34 15 22 19 35 22 15 8 15 13 13 15 18 11 17 13 35 26 19 37 19 12 19 25 12 29 10 12 25 34 27 23 24 12 30 15 14 24 30 11 29 19 15 17 27 16 19 19 30 34 23 43 14 18 26 
7 28 15 14 21 14 21 30 14 28 35 15 14 11 13 21 23 31 5 19 11 43 25 12 24 22 17 36 37 10 18 13 13 21 21 18 23 37 11 44 22 16 36 24 10 36 31 8 20 29 28 37 26 21 26 21 37 14 17 16 
8 30 9 13 26 26 20 12 25 25 21 16 19 13 13 18 22 20 6 12 11 25 23 18 33 22 15 26 21 8 37 9 20 32 18 17 31 37 13 18 23 9 27 40 15 35 21 12 19 30 19 29 34 26 29 26 41 14 18 35 
5 27 11 18 25 25 18 27 22 25 28 15 13 14 16 15 15 21 12 17 10 23 36 5 25 26 14 21 14 11 28 16 13 23 20 29 29 26 12 46 15 15 25 14 16 29 20 9 19 28 22 26 24 18 25 25 20 17 16 41 
9 36 17 7 7 44 21 21 24 19 24 14 15 9 14 22 13 22 14 13 14 20 25 10 24 24 12 24 19 1 30 16 15 20 22 12 21 31 11 21 15 14 28 29 11 27 23 10 23 20 19 24 35 22 27 19 33 15 12 12 
8 15 16 16 23 30 14 27 31 18 28 13 10 18 13 18 14 18 9 13 11 32 23 19 18 16 16 25 11 9 50 11 19 25 21 23 34 27 8 39 30 9 31 37 20 20 19 8 20 27 21 26 35 31 25 35 22 18 25 23 
15 28 11 17 15 11 17 23 37 29 16 13 14 19 20 21 16 29 10 9 9 15 18 11 19 28 15 29 25 11 29 9 22 33 30 28 23 30 12 23 18 13 27 35 16 39 12 14 19 15 29 12 18 34 15 29 36 17 27 19 
14 16 16 15 28 22 22 32 23 18 15 21 17 20 15 12 17 23 10 19 10 24 27 7 20 19 8 28 25 14 18 13 8 29 14 25 32 41 13 38 18 9 35 37 13 31 24 7 19 27 11 27 19 21 32 15 24 17 16 33 
13 34 12 15 22 35 16 18 16 18 19 18 15 7 11 18 26 15 12 14 10 33 20 9 19 20 13 20 21 8 20 12 13 23 25 24 30 30 19 23 21 8 27 19 15 25 16 13 31 24 23 27 19 21 32 31 31 17 15 32 
5 17 14 15 27 27 16 23 31 15 38 12 17 18 11 13 21 18 12 15 10 22 21 16 20 28 9 41 18 9 32 18 8 23 28 14 23 26 15 35 34 17 17 34 21 21 22 12 18 38 16 14 40 29 33 14 22 11 25 23 
16 34 14 11 26 15 21 20 17 28 34 20 9 15 13 22 24 15 5 15 10 22 22 13 44 25 12 29 20 9 20 7 8 29 17 28 24 33 20 25 26 13 42 39 12 28 22 10 7 30 7 24 22 10 27 22 28 19 11 34 
11 21 18 15 35 39 19 25 23 23 30 10 14 10 19 18 28 25 9 12 11 35 12 17 31 26 14 22 22 8 36 14 12 21 23 26 31 23 10 32 22 8 24 34 14 39 25 12 21 26 17 18 19 18 37 35 31 18 17 38 
7 20 10 18 17 34 14 21 20 21 41 22 8 13 17 13 15 20 3 10 17 32 21 11 24 22 15 33 21 10 28 6 19 31 17 35 26 24 15 29 9 11 41 39 9 17 32 9 17 47 19 29 26 21 31 29 21 17 17 38 
10 27 11 4 15 32 20 25 19 10 21 14 15 17 11 10 14 22 2 20 10 29 36 12 37 26 15 48 21 10 17 11 15 24 28 23 23 19 14 24 22 11 27 21 13 31 15 5 9 23 21 30 15 15 20 30 33 19 18 13 
14 38 10 11 14 37 11 12 24 24 20 16 10 12 11 18 14 22 17 19 10 21 27 15 38 30 14 34 21 8 27 14 20 20 32 28 25 42 14 39 25 14 23 22 19 37 18 10 18 40 17 22 26 25 36 25 25 13 22 30 
6 27 15 5 19 28 7 28 33 13 16 10 13 20 16 19 21 22 7 12 16 18 19 16 35 45 15 30 19 11 21 10 11 18 29 30 32 20 8 9 28 12 21 20 8 19 17 14 21 26 15 13 27 22 39 18 19 7 21 40 
9 26 12 14 17 45 14 22 25 23 17 11 14 13 19 17 13 24 10 20 14 35 21 9 36 18 14 41 23 7 31 17 13 13 27 17 23 23 12 29 26 7 32 36 15 23 22 10 7 36 27 15 12 19 45 33 24 14 28 48 
9 40 6 13 34 17 18 29 19 14 38 11 14 13 19 18 22 23 10 16 9 27 25 9 30 22 12 28 26 11 28 8 7 22 15 28 25 24 11 37 21 9 29 26 14 29 34 11 19 22 23 22 19 29 35 17 27 17 14 33 
12 30 9 16 14 30 20 21 25 32 36 17 21 12 15 15 17 14 10 11 10 25 30 15 33 33 13 30 20 9 26 10 21 28 28 22 18 30 10 15 18 12 36 37 13 39 17 8 13 21 21 19 25 28 24 8 27 15 20 18 
17 23 13 17 21 31 16 8 20 16 19 9 12 21 18 25 14 19 7 14 7 26 26 9 13 23 12 38 25 12 39 14 14 14 18 21 27 27 16 39 12 14 24 18 15 33 20 15 17 20 18 18 22 20 34 35 20 15 14 26 
18 10 15 14 16 31 18 23 34 17 22 22 13 15 14 14 18 20 7 14 6 27 16 17 26 20 9 29 13 10 30 9 14 25 20 24 36 27 17 27 22 14 31 22 18 20 14 12 12 40 8 24 30 18 31 27 27 22 26 26 
8 32 11 14 7 21 14 12 17 21 30 18 13 10 19 18 24 28 9 24 7 26 26 15 19 36 9 9 25 15 32 8 13 16 19 26 24 22 12 34 24 13 37 22 14 33 25 12 11 24 26 20 19 16 38 18 29 13 15 52 
12 27 17 11 15 23 19 20 20 22 29 16 6 13 15 14 17 27 12 22 14 28 16 14 32 22 16 26 25 12 31 9 9 23 21 16 33 35 14 39 21 13 28 30 15 36 17 8 17 29 14 15 9 15 30 34 30 12 13 13 
12 28 16 18 25 30 21 29 19 15 37 24 12 9 16 10 5 24 12 14 11 36 24 15 22 26 10 30 13 6 25 11 14 29 27 26 27 30 14 27 25 16 26 7 9 30 21 9 18 33 24 29 34 28 26 29 24 17 18 27 
16 24 18 11 15 17 16 27 30 12 22 16 8 19 13 15 20 25 8 18 10 22 21 11 37 13 13 34 15 17 21 18 14 22 30 23 17 21 18 20 19 15 39 20 10 34 14 11 11 35 29 26 26 19 31 21 23 11 24 14 
9 19 18 19 25 32 16 16 24 19 25 14 15 10 9 14 18 25 5 17 14 32 24 18 26 24 12 18 5 11 10 11 19 32 22 26 25 27 13 31 26 16 23 42 10 32 18 11 20 37 6 21 23 27 28 31 11 14 23 32 
9 29 14 14 18 29 15 25 35 18 17 17 15 6 11 8 12 23 9 13 4 26 32 11 34 33 15 43 29 6 35 12 6 27 18 24 22 36 11 31 20 16 22 32 19 26 38 11 19 18 18 26 17 27 24 21 35 16 27 32 
6 32 20 17 21 29 23 22 26 12 19 19 17 9 20 15 15 12 20 21 14 29 14 11 38 24 22 21 22 8 29 12 26 26 24 33 32 44 16 38 27 12 38 16 21 22 19 7 14 40 24 26 12 27 14 14 36 16 25 20 
11 15 14 8 29 27 10 26 22 19 26 17 13 14 13 14 11 28 9 18 10 18 28 15 28 25 12 12 24 8 34 7 13 28 41 16 30 21 17 36 8 14 30 27 10 46 22 11 22 23 25 16 31 28 42 31 27 20 17 47 
9 37 12 17 26 25 19 26 25 19 34 15 15 13 19 21 9 21 8 21 15 22 24 14 45 36 7 36 14 11 15 12 9 35 32 27 22 26 10 14 33 11 18 21 14 31 20 8 18 42 22 15 33 29 24 26 23 20 21 42 
6 19 10 18 21 42 19 20 11 23 24 11 16 24 13 24 19 23 3 12 15 22 18 17 34 27 18 28 15 7 35 9 10 21 18 15 19 26 13 32 22 14 39 38 17 21 15 9 16 34 16 17 19 37 34 31 16 15 13 16 
11 36 21 7 28 27 19 20 16 17 27 16 17 16 16 20 13 18 12 14 9 34 15 15 36 21 8 32 22 14 27 13 6 22 21 9 24 34 14 20 14 17 40 25 14 26 17 8 15 26 16 17 22 27 26 24 19 16 18 32 
10 23 12 22 23 49 20 28 16 16 22 15 12 16 12 31 14 25 12 15 12 26 25 13 18 8 17 28 13 10 39 15 9 25 34 22 30 26 17 16 20 15 43 35 13 31 17 17 14 26 24 31 12 35 32 42 26 18 25 36 
11 31 13 20 26 35 12 16 27 24 33 15 9 12 23 20 19 29 14 19 11 18 32 10 31 5 17 35 17 9 27 13 11 22 19 19 28 21 13 26 2 11 43 20 12 18 23 11 17 29 20 18 23 23 29 18 40 15 24 24 
17 28 12 25 22 32 18 28 28 29 25 16 17 17 20 16 7 11 7 13 10 31 27 16 27 31 15 15 24 7 12 17 14 31 30 15 29 25 16 36 26 6 24 40 11 31 26 11 12 19 19 21 39 20 18 25 23 15 22 30 
10 18 24 13 25 34 14 35 18 23 32 26 10 10 22 23 13 30 8 16 11 25 32 15 33 17 15 25 26 7 14 11 15 9 39 26 19 40 15 35 21 11 30 25 9 28 22 11 13 14 30 12 38 20 36 26 18 12 20 29 

MachineCapacities:
MachineID Capacity
0 10
1 10
2 10
