NumTasks NumMachines NumScenarios
20 3 50
TaskDetails:
TaskID ReleaseTime ResourceConsumption SuccessorsCount Successors...
0 0 5 1 9 4 1 4 7 8 
1 0 2 3 4 3 3 5 6 
2 0 10 10 2 3 6 7 8 
3 0 7 7 5 0 
4 0 5 4 1 0 
5 0 6 5 9 0 
6 0 3 10 3 0 
7 0 6 6 3 0 
8 0 2 9 6 0 
9 0 9 9 2 1 16 
10 0 7 8 8 2 12 18 
11 0 8 2 8 1 16 
12 0 2 2 3 2 15 17 
13 0 3 4 10 1 18 
14 0 5 5 1 2 15 16 
15 0 10 8 8 1 19 
16 0 4 5 8 1 19 
17 0 7 9 7 1 19 
18 0 8 5 6 0 
19 0 1 6 8 0 

11 12 27 18 20 8 15 11 13 17 27 7 20 18 26 12 31 11 16 27 30 18 29 19 23 29 17 26 17 19 18 26 22 12 34 22 20 20 11 20 44 24 32 8 13 18 17 23 27 6 34 22 35 25 19 31 13 17 16 27 
10 14 14 33 28 12 9 14 9 15 13 12 17 18 28 13 35 9 12 27 26 19 15 20 31 13 10 28 14 20 24 28 22 11 29 31 22 25 15 31 30 34 35 7 15 28 35 20 28 17 24 22 12 36 16 20 11 13 14 33 
3 22 18 33 28 12 6 10 15 14 18 16 21 19 28 14 31 12 23 19 31 16 16 23 7 46 15 22 20 22 36 24 22 20 19 30 14 29 14 42 20 33 34 11 17 26 23 15 39 8 19 15 28 34 25 21 8 14 14 30 
15 21 23 32 22 14 12 10 11 20 24 11 14 26 30 5 36 9 10 17 36 20 23 19 20 28 22 19 14 15 28 36 33 15 18 31 18 20 13 29 20 25 32 14 13 17 17 25 32 12 21 17 20 26 27 39 15 12 8 30 
16 27 17 17 41 11 13 11 10 22 20 12 20 16 25 13 21 10 16 23 13 4 25 29 36 23 21 29 19 16 32 21 44 12 36 14 24 16 7 45 33 23 29 9 14 12 35 22 34 12 17 22 29 29 23 13 8 10 23 14 
14 16 15 28 14 7 17 17 12 22 37 9 16 19 33 19 20 17 19 38 38 28 20 22 28 28 13 17 13 14 28 11 27 19 46 27 31 26 6 33 27 38 25 12 11 19 23 21 12 14 32 24 23 21 27 38 15 9 18 33 
11 23 23 34 26 8 16 7 10 12 25 10 16 19 45 10 16 12 23 28 34 15 24 23 22 28 16 23 7 17 29 19 30 9 16 18 22 33 12 33 34 32 36 12 7 29 23 16 19 13 10 11 19 11 20 43 19 13 25 22 
9 23 7 21 24 11 12 12 9 17 21 14 18 17 36 18 13 9 31 24 27 17 26 20 22 20 22 21 17 9 29 38 30 15 19 31 14 7 8 20 24 24 34 10 11 21 30 30 23 10 20 19 26 12 19 26 6 8 27 19 
5 28 26 28 16 7 18 15 9 19 23 13 15 24 14 13 17 12 21 18 31 15 22 22 27 26 14 21 15 17 36 26 34 13 32 22 17 28 12 22 31 26 29 9 12 24 31 15 32 13 26 18 34 41 17 20 7 10 15 25 
12 18 17 27 32 12 14 18 11 14 23 10 16 10 30 20 29 16 18 20 41 14 27 17 21 22 21 28 14 14 36 24 27 24 8 30 18 26 5 24 20 38 39 11 14 30 37 25 31 8 21 21 28 34 35 34 8 8 14 16 
11 34 35 27 11 8 16 9 5 17 32 7 9 19 31 19 28 13 20 22 26 16 33 29 28 27 24 28 10 18 41 17 27 15 34 25 19 16 9 41 39 41 33 12 9 18 36 25 26 8 29 19 17 38 19 25 8 14 21 18 
13 17 18 22 19 6 10 8 9 19 22 16 14 17 6 10 26 15 17 38 10 9 21 17 23 27 11 12 16 22 39 27 37 16 23 25 19 24 6 25 33 43 24 11 13 30 27 18 38 11 17 24 40 37 14 16 8 8 19 17 
5 19 21 34 19 7 10 7 10 19 32 14 21 17 33 13 32 12 26 34 26 5 27 24 28 25 24 19 10 21 32 13 44 18 32 29 15 27 7 33 36 19 30 16 11 19 32 27 32 8 25 23 26 32 31 9 14 10 16 26 
12 20 32 27 21 10 12 10 11 8 38 14 12 16 36 18 23 14 9 21 37 22 16 31 21 17 18 19 12 13 25 21 43 14 29 27 25 22 9 26 36 26 41 8 10 23 27 27 33 11 20 22 19 37 15 33 8 12 18 25 
6 34 14 19 17 9 12 6 6 26 22 11 20 23 24 13 29 16 11 22 32 7 26 15 29 29 30 11 12 18 35 32 30 23 30 28 23 25 8 32 26 37 47 13 14 21 24 18 42 7 17 21 30 27 20 27 12 19 22 21 
13 16 15 34 13 8 12 14 8 18 23 9 14 23 30 14 18 14 15 32 22 18 23 16 27 36 14 21 13 17 21 31 33 20 27 25 21 34 12 25 34 31 33 11 14 21 6 19 28 12 24 25 39 36 5 35 7 9 18 19 
10 19 18 23 16 14 11 10 8 6 22 11 17 20 27 19 29 20 19 16 24 22 17 32 31 23 19 14 10 16 26 27 32 16 44 24 18 44 16 20 38 19 36 11 10 22 24 21 36 8 18 13 28 17 19 30 13 14 28 16 
6 5 18 26 29 9 14 13 9 23 24 13 22 13 33 10 32 16 20 20 29 21 26 22 30 19 21 21 8 19 28 20 29 14 26 31 28 29 8 28 28 34 40 11 8 22 35 21 20 11 17 23 24 40 14 26 11 15 21 33 
10 12 12 12 19 9 17 9 16 26 17 12 15 7 33 15 35 14 12 19 19 19 20 26 39 13 30 14 20 10 11 29 26 14 39 40 13 14 9 29 32 33 41 9 18 18 17 7 23 6 21 14 27 24 17 12 9 12 24 24 
9 24 17 23 25 9 14 12 10 25 22 12 16 18 33 15 23 14 18 25 27 19 22 21 13 12 18 16 18 17 25 28 37 16 44 30 16 24 13 36 35 28 34 9 6 22 20 22 32 10 20 21 26 31 16 30 9 11 27 18 
11 10 20 30 30 9 9 10 4 6 24 12 22 8 35 16 40 13 22 28 40 17 23 26 27 24 15 17 16 12 28 22 34 13 27 14 25 46 7 26 29 30 34 11 14 29 29 17 32 12 22 31 33 39 25 19 7 11 21 30 
9 24 22 19 15 12 5 8 12 20 21 10 17 17 17 16 28 13 20 22 10 19 25 24 10 15 32 15 12 9 21 21 17 15 20 19 28 44 13 18 28 16 25 9 15 24 22 24 37 6 27 20 25 29 22 25 7 9 22 28 
8 23 25 31 19 9 13 12 17 23 15 6 17 20 42 10 24 9 27 20 25 4 26 17 27 39 18 17 11 23 29 19 28 10 30 12 14 25 8 17 38 20 31 15 8 21 17 26 41 8 16 25 33 38 13 39 14 17 19 26 
9 22 25 31 17 14 15 12 12 8 23 11 8 15 34 13 37 11 21 12 6 24 39 27 27 36 16 25 14 20 31 18 34 25 33 29 10 46 11 42 30 38 38 13 16 31 25 27 16 14 17 15 33 27 17 24 11 14 20 36 
10 18 20 24 10 13 11 10 9 18 21 11 17 13 42 9 31 13 14 14 30 10 36 25 33 19 21 35 13 16 19 32 28 12 24 25 14 36 11 27 37 35 46 10 14 29 15 18 32 5 18 15 31 19 25 31 10 8 24 31 
9 16 20 25 13 12 11 15 12 16 24 9 7 16 20 17 38 16 15 40 31 12 16 25 20 30 23 28 16 13 33 33 25 11 31 29 25 35 10 26 37 25 39 14 13 15 24 21 17 16 24 19 54 30 20 34 4 7 13 29 
12 22 29 15 9 3 12 5 7 20 31 9 14 20 24 15 19 3 19 11 21 18 24 21 26 30 21 13 15 16 21 18 28 19 41 21 22 33 9 20 31 16 12 8 11 23 25 23 16 8 16 7 14 31 20 41 6 12 18 22 
8 24 13 34 20 17 11 11 11 10 23 11 17 18 28 20 37 14 9 32 19 9 17 19 33 20 12 18 16 21 28 25 30 13 32 26 21 42 11 37 35 30 29 13 14 26 28 19 49 10 27 16 24 30 23 21 15 10 21 35 
6 18 17 29 25 15 15 14 9 26 11 16 12 18 47 13 25 11 15 11 26 22 15 19 30 17 25 23 14 18 35 17 34 16 38 17 17 18 6 23 34 31 45 16 12 32 21 30 15 7 24 14 10 37 16 31 10 15 6 24 
13 26 22 28 23 14 14 8 11 18 23 9 17 16 17 9 16 17 12 19 35 14 9 16 21 40 16 16 16 17 21 22 32 18 20 9 20 14 15 30 32 21 43 10 14 24 23 17 42 11 21 14 32 32 12 27 15 12 24 36 
10 15 18 29 26 6 18 9 10 12 26 14 15 16 26 14 39 12 13 17 24 12 15 21 30 20 12 16 14 13 15 23 27 16 34 36 18 31 10 38 36 39 26 13 14 35 29 18 35 4 13 28 18 28 15 30 12 12 27 19 
6 29 16 27 19 11 14 11 12 20 27 11 18 25 22 20 25 10 15 26 24 17 17 19 34 6 15 18 20 19 31 21 44 10 25 24 18 20 8 26 18 36 48 12 18 29 16 21 32 9 22 19 34 20 27 29 3 13 9 27 
9 13 23 23 37 10 15 11 11 15 28 9 16 13 26 17 31 18 21 14 21 14 32 20 23 28 15 15 11 26 25 11 24 6 23 28 20 23 12 21 41 34 21 15 12 30 22 20 34 11 20 25 37 33 13 27 14 11 28 21 
13 19 20 21 25 8 13 15 8 17 26 10 13 20 22 15 25 13 19 23 23 27 28 23 22 21 17 24 12 25 31 22 41 19 26 19 18 35 6 5 11 30 17 9 17 25 23 25 32 10 28 13 21 32 28 34 11 9 26 22 
6 19 19 36 23 4 16 2 8 9 20 15 15 17 23 11 38 12 13 20 19 23 24 23 31 20 23 23 15 16 16 35 22 12 30 26 26 24 7 33 31 47 32 13 18 27 30 26 21 10 27 18 22 38 17 18 11 8 21 18 
7 17 23 22 22 10 15 10 9 20 17 10 17 20 35 11 18 18 18 33 38 15 27 31 22 20 24 25 14 21 17 20 30 14 14 17 19 31 8 24 21 27 30 6 15 39 42 22 19 11 23 29 28 19 16 26 8 11 10 24 
9 31 22 17 21 4 13 10 8 20 27 11 16 13 32 12 28 17 14 46 12 20 22 21 32 28 20 25 21 18 33 33 29 16 25 29 19 26 9 24 10 23 41 15 16 35 23 33 37 8 12 25 31 32 16 29 6 13 21 9 
7 6 20 25 25 7 20 10 12 21 26 7 10 17 8 14 18 11 18 30 21 17 18 27 27 26 22 26 16 22 23 38 16 18 18 34 18 39 5 30 44 38 33 8 11 23 27 26 36 6 24 15 19 32 23 25 8 16 20 6 
12 14 19 19 10 9 12 13 10 12 21 9 14 21 32 16 18 17 23 9 38 14 25 21 26 7 29 29 9 15 34 16 24 21 24 27 31 26 7 34 20 7 59 11 15 31 33 21 24 11 22 13 30 24 21 36 10 13 11 18 
8 19 15 28 28 12 13 14 16 18 20 10 11 21 34 13 25 9 23 30 30 19 24 15 31 14 18 26 16 15 36 22 33 24 20 36 23 18 14 20 33 28 34 11 12 28 21 30 31 9 17 16 17 40 16 32 16 13 23 18 
11 28 25 28 23 9 8 16 10 32 16 12 5 1 29 20 35 12 18 27 33 16 22 12 19 19 20 27 15 24 29 11 36 16 25 31 22 21 10 44 22 30 30 12 10 24 21 4 35 9 34 22 23 33 21 29 6 12 24 20 
11 19 26 33 34 16 12 9 13 16 22 12 8 18 33 17 25 10 33 35 32 14 22 9 8 36 12 16 23 21 31 19 17 11 24 23 26 15 3 36 29 21 19 14 12 27 30 33 22 11 20 18 32 29 19 36 11 13 24 17 
10 15 17 32 32 9 14 15 12 14 28 14 7 22 43 9 23 18 16 31 17 14 31 26 15 30 20 14 13 19 41 37 29 19 38 35 26 44 12 31 40 30 28 9 14 17 24 23 13 12 12 18 21 25 23 20 14 10 25 16 
8 27 19 24 16 7 15 9 15 16 31 9 22 10 28 12 26 14 14 42 27 20 21 21 15 27 19 26 9 20 23 25 28 11 22 39 25 23 8 22 29 14 27 13 9 13 29 16 26 6 24 20 29 18 24 45 13 5 20 33 
15 23 16 32 17 15 8 12 11 11 19 13 14 18 18 16 19 11 14 21 25 24 28 14 30 31 20 19 8 13 30 33 26 20 24 23 15 7 14 34 36 24 38 12 18 25 23 27 40 9 26 26 30 22 31 30 8 10 25 24 
12 19 15 28 24 12 14 6 9 13 23 7 12 18 21 15 40 13 14 41 28 13 15 21 21 28 24 19 16 14 32 15 35 15 22 28 24 26 12 39 12 25 36 14 14 34 21 13 31 10 19 27 28 38 22 18 8 10 28 11 
11 23 20 35 18 13 16 12 13 23 11 10 21 21 34 7 31 15 15 30 36 23 23 15 25 31 19 16 11 15 21 22 29 18 27 22 30 32 11 36 36 21 42 14 13 23 27 29 31 15 28 9 15 37 13 24 13 13 14 11 
9 14 12 31 15 8 8 10 16 14 25 13 18 12 35 9 33 20 22 22 29 12 13 16 28 10 24 17 15 18 12 30 24 18 45 27 14 38 13 41 36 21 38 10 16 16 11 27 31 11 20 8 26 33 28 29 11 8 33 27 
8 24 20 33 23 11 9 12 6 14 26 5 21 33 27 16 13 13 17 31 28 21 17 29 29 19 20 22 11 13 35 27 29 13 18 33 16 20 11 33 23 7 31 11 10 26 19 23 25 7 21 15 49 20 38 35 12 12 14 9 
11 23 11 28 25 13 8 10 8 20 29 13 12 23 36 10 23 18 21 20 29 24 27 31 25 26 17 12 20 19 32 22 30 18 20 36 20 34 11 34 23 30 23 12 11 21 29 20 22 12 29 14 10 28 24 40 10 11 24 34 

MachineCapacities:
MachineID Capacity
0 10
1 10
2 10
