NumTasks NumMachines NumScenarios
30 2 30
TaskDetails:
TaskID ReleaseTime ResourceConsumption SuccessorsCount Successors...
0 0 7 4 2 3 4 
1 0 4 9 3 2 3 4 
2 0 5 5 3 5 7 10 
3 0 5 7 3 7 8 10 
4 0 2 7 4 5 6 7 10 
5 0 9 8 1 8 
6 0 8 9 3 9 11 12 
7 0 2 5 3 9 11 12 
8 0 5 8 3 9 11 12 
9 0 8 7 2 14 17 
10 0 8 4 1 14 
11 0 8 8 2 13 14 
12 0 4 8 2 16 17 
13 0 10 4 3 15 16 17 
14 0 8 7 1 15 
15 0 4 4 2 18 19 
16 0 8 3 2 18 19 
17 0 5 10 1 19 
18 0 10 9 2 20 21 
19 0 2 7 1 21 
20 0 3 2 0 
21 0 6 7 2 22 23 
22 0 3 2 0 
23 0 3 8 0 
24 0 1 9 1 25 
25 0 3 6 2 26 28 
26 0 6 5 1 27 
27 0 4 10 1 29 
28 0 8 3 0 
29 0 9 9 0 

15 20 33 23 7 21 22 22 16 35 23 29 21 8 37 17 35 20 24 31 8 31 10 20 30 15 10 10 21 43 25 17 9 18 24 38 19 17 26 16 43 20 29 32 25 26 22 20 28 23 25 20 16 7 19 10 18 11 20 27 
15 14 37 21 24 12 28 25 9 25 25 20 27 28 25 25 26 13 21 32 5 22 14 14 40 23 21 17 22 28 28 10 29 14 20 19 18 26 24 7 19 37 9 20 34 19 21 13 21 31 33 26 10 19 27 16 20 9 15 29 
24 8 26 28 24 9 17 14 10 30 11 12 17 28 18 20 28 20 24 31 15 9 14 11 23 27 12 21 19 25 18 20 26 13 43 44 29 38 17 20 36 26 25 20 20 6 23 18 24 18 26 29 14 25 20 13 16 18 14 30 
27 12 30 35 26 20 8 23 22 28 39 26 15 10 30 30 38 16 28 31 22 30 18 22 25 40 23 15 18 37 30 17 19 25 45 23 32 24 24 10 19 26 31 24 39 36 22 18 18 10 39 17 19 10 14 21 19 19 13 38 
13 19 24 31 17 17 29 17 19 26 28 18 14 18 20 37 15 13 18 34 20 25 12 23 34 28 17 28 14 25 39 22 25 11 33 39 19 26 33 17 48 37 20 22 45 25 14 17 19 25 19 33 17 24 11 17 13 13 10 34 
22 16 33 38 37 17 19 19 20 26 33 24 20 20 18 25 42 21 19 41 23 18 16 13 22 34 13 17 29 32 42 20 25 21 32 28 23 15 25 18 25 30 25 25 32 35 14 19 16 19 38 22 18 13 17 9 20 6 9 24 
19 18 29 33 26 16 24 9 16 30 16 16 14 33 23 40 34 19 23 11 17 32 17 16 32 32 17 14 15 37 30 16 25 16 27 35 31 19 16 20 29 29 20 22 35 17 12 21 15 21 30 23 11 25 28 15 20 24 11 28 
26 18 41 33 23 23 16 25 18 23 32 3 19 11 24 25 17 18 21 39 15 5 14 18 20 23 21 19 25 27 39 21 31 18 37 39 32 30 24 18 16 24 17 15 18 17 11 22 31 17 39 29 17 21 17 16 22 21 20 33 
23 20 37 19 21 16 20 20 15 32 34 16 23 20 20 14 11 26 18 33 31 25 18 24 16 52 24 26 26 35 36 23 34 19 24 18 19 33 19 22 38 33 23 26 32 30 12 17 27 21 25 24 22 18 26 11 15 30 18 31 
10 19 25 37 13 11 23 13 14 17 30 14 13 29 26 26 28 17 13 23 19 20 6 16 23 22 18 20 17 20 41 17 22 21 38 38 20 27 15 10 57 25 21 23 31 31 19 18 16 17 35 26 13 21 39 12 17 32 17 11 
18 15 32 27 31 12 25 21 20 34 21 11 14 22 15 20 28 20 13 37 18 30 14 16 35 36 22 25 27 31 15 22 27 13 38 32 20 29 25 23 26 38 24 18 33 20 8 17 15 15 18 28 19 23 19 21 20 19 14 23 
18 18 28 26 18 21 21 17 15 23 22 16 18 29 18 32 32 17 13 25 24 17 17 12 35 12 20 24 24 35 18 22 19 18 26 29 38 19 28 19 32 21 24 17 38 29 17 19 21 23 25 25 2 23 30 19 15 23 10 27 
19 13 13 27 10 13 23 19 21 25 38 18 13 22 29 28 20 20 7 48 19 22 15 5 36 26 19 21 13 31 10 22 26 10 22 34 12 25 23 12 28 29 22 24 33 29 11 25 14 14 20 13 17 17 32 15 15 10 15 15 
24 19 37 29 15 20 26 15 26 32 19 13 24 40 23 26 30 13 19 37 11 15 15 17 43 29 13 16 14 29 35 25 37 16 35 29 27 30 27 17 30 28 22 31 28 24 20 19 24 16 24 17 20 28 24 13 18 13 17 46 
14 14 21 27 22 21 20 31 22 34 45 16 13 21 23 47 27 15 17 17 28 19 18 17 27 22 13 21 29 19 25 18 27 19 51 30 19 20 15 20 33 31 19 12 42 24 21 9 21 20 25 18 23 17 32 6 16 13 15 37 
16 13 25 25 29 23 15 18 11 25 19 27 12 20 18 37 32 10 12 28 20 18 15 21 24 22 15 13 21 27 32 15 20 22 36 24 16 30 23 21 29 15 17 19 14 11 15 16 12 24 23 18 21 19 40 9 13 7 6 24 
19 18 33 11 22 17 10 17 20 29 28 23 20 27 27 36 29 7 12 35 29 20 15 20 21 30 16 19 24 24 32 22 11 21 33 21 39 17 18 16 31 15 20 7 26 22 20 26 20 19 22 22 20 12 25 10 14 28 12 29 
18 23 52 29 16 18 20 14 19 22 27 32 19 39 22 36 19 23 15 31 19 18 10 19 34 22 25 25 43 28 34 22 23 23 24 29 25 18 34 19 17 15 8 18 30 17 24 22 9 25 29 28 23 17 33 17 13 21 16 29 
10 24 16 37 37 23 12 27 25 28 3 17 23 17 20 23 36 14 18 35 15 11 8 17 40 34 16 21 17 35 29 23 39 16 25 24 28 32 16 18 15 27 14 32 12 12 12 25 23 15 30 20 18 26 28 15 9 20 10 37 
24 9 19 18 23 18 18 25 22 36 28 12 25 18 25 28 40 18 12 19 24 24 13 12 12 39 15 17 26 21 37 23 28 24 36 40 11 25 22 23 34 15 22 33 18 15 11 13 21 23 21 29 19 19 23 11 19 15 20 26 
12 17 33 42 24 20 26 23 17 36 22 21 9 29 15 40 23 14 11 33 13 26 12 18 27 25 19 21 17 20 39 26 23 17 33 13 10 26 11 27 18 28 30 23 18 27 15 17 13 8 34 16 26 22 12 11 13 23 11 45 
27 10 30 30 29 17 13 8 8 48 29 22 10 30 23 27 37 17 21 28 15 21 13 17 25 24 10 16 24 27 29 16 20 20 26 43 18 27 29 22 43 31 32 24 16 23 17 10 18 22 19 27 18 17 22 13 17 24 18 29 
22 15 19 31 31 18 14 15 15 28 37 29 13 9 25 23 35 16 16 35 14 17 13 14 46 27 18 18 18 20 11 19 30 23 34 21 22 33 30 20 16 31 33 18 10 20 16 26 24 14 31 22 20 5 16 13 14 21 24 26 
20 11 46 34 23 15 25 20 24 32 12 12 11 26 13 25 26 12 15 37 12 30 13 22 17 15 22 24 24 40 41 21 23 13 27 25 31 20 23 21 37 17 30 27 36 29 14 12 20 24 45 34 15 28 17 14 17 12 16 42 
18 13 15 29 18 19 19 10 21 25 40 17 19 15 38 21 36 15 14 37 25 15 14 24 21 42 16 18 24 23 39 23 34 21 19 31 43 18 7 20 35 18 25 25 26 29 17 16 20 15 31 30 15 11 24 16 10 16 17 25 
26 17 27 44 33 18 10 18 26 20 22 19 16 24 10 25 25 20 10 42 27 21 14 8 35 24 19 14 19 27 16 16 23 9 30 21 26 19 31 20 26 29 24 16 22 23 11 18 23 19 29 17 20 16 19 9 14 18 17 28 
27 9 24 28 22 11 19 22 18 20 42 20 28 30 26 32 35 29 24 39 8 24 20 25 26 19 20 17 31 22 29 24 25 10 16 19 34 11 38 27 13 24 29 17 17 36 22 24 17 22 29 31 9 19 23 17 13 14 12 22 
20 17 36 19 16 18 11 16 20 29 25 21 16 27 27 35 36 21 15 33 29 17 16 12 35 41 22 8 19 26 25 23 21 18 30 30 17 23 35 19 32 26 31 23 13 13 16 19 16 19 33 25 10 23 28 12 16 31 21 29 
24 11 12 29 28 15 26 15 20 28 36 20 17 21 14 24 24 25 19 17 11 26 8 11 31 35 18 23 18 13 20 12 26 19 20 37 20 17 12 18 43 19 36 14 29 18 21 21 15 23 10 28 13 27 30 17 14 29 15 10 
21 15 36 18 26 20 16 22 20 17 10 18 15 34 23 33 26 17 13 13 17 13 11 19 18 19 13 15 18 32 30 19 21 8 11 28 23 24 26 20 19 9 15 22 23 27 14 11 22 24 22 22 14 20 24 15 11 31 16 25 

MachineCapacities:
MachineID Capacity
0 10
1 10
