NumTasks NumMachines NumScenarios
20 2 500
TaskDetails:
TaskID ReleaseTime ResourceConsumption SuccessorsCount Successors...
0 0 7 6 2 2 3 
1 0 9 4 2 2 3 
2 0 2 6 1 4 
3 0 6 7 1 4 
4 0 9 2 1 5 
5 0 3 4 0 
6 0 2 8 2 7 8 
7 0 8 7 2 11 13 
8 0 9 9 1 9 
9 0 4 4 1 10 
10 0 3 8 2 11 13 
11 0 9 6 1 12 
12 0 3 9 2 15 18 
13 0 2 2 1 14 
14 0 9 7 2 15 18 
15 0 9 5 1 16 
16 0 6 6 1 17 
17 0 6 9 1 19 
18 0 8 9 1 19 
19 0 3 7 0 

25 36 34 17 19 21 16 26 29 22 19 19 20 25 21 29 16 14 28 16 11 25 20 17 28 32 27 13 27 37 7 24 25 14 18 9 19 16 18 30 
23 24 25 8 10 26 19 15 13 23 26 21 29 34 11 20 18 34 28 17 30 13 10 21 28 27 21 22 12 29 16 13 26 19 13 17 19 20 14 25 
38 23 29 18 27 29 20 14 29 16 30 13 39 28 13 24 15 22 17 19 20 25 23 25 28 22 14 21 15 19 15 17 29 20 20 16 21 20 16 16 
36 24 18 12 25 5 23 16 22 19 37 14 21 37 26 30 30 21 15 7 19 19 25 25 38 28 13 13 35 39 11 24 26 16 15 14 27 13 19 15 
40 51 17 7 22 25 18 17 22 22 24 15 24 18 13 36 23 20 17 13 28 30 29 20 28 11 19 33 24 25 16 16 24 14 19 16 17 20 12 33 
33 19 24 17 15 29 20 14 31 18 27 28 36 37 24 31 23 21 19 12 36 18 18 17 17 40 16 19 12 41 12 13 27 18 19 18 30 15 15 33 
40 33 28 19 16 21 30 9 35 19 27 13 22 29 22 29 13 19 20 23 31 9 18 26 19 48 5 23 15 30 11 20 29 16 20 13 34 12 22 23 
37 25 10 20 9 22 22 15 16 27 34 16 17 32 11 29 18 31 23 12 16 31 19 26 26 13 10 16 20 50 11 13 27 12 21 15 44 26 13 28 
28 34 41 18 22 24 39 16 23 26 42 14 31 25 26 38 21 12 20 22 21 17 19 22 28 32 10 16 23 29 14 19 14 19 18 12 28 14 27 23 
10 30 23 13 22 36 5 14 16 13 26 22 23 30 15 20 30 17 21 26 34 17 30 20 27 26 17 15 17 35 11 18 21 15 18 9 27 26 22 25 
24 35 34 16 9 19 15 15 17 12 24 17 30 20 22 24 21 12 21 13 12 9 34 22 26 27 11 37 14 26 17 20 31 15 23 21 24 18 16 21 
18 19 22 16 17 28 11 15 18 19 30 32 23 22 11 31 24 21 18 21 19 10 41 17 13 19 20 28 21 41 11 26 26 26 21 12 39 20 20 19 
34 31 26 9 10 32 23 20 25 31 21 12 33 16 14 28 13 18 21 11 15 22 22 20 33 31 11 27 28 37 14 7 20 18 16 20 35 21 20 32 
38 27 12 21 18 37 20 13 24 20 18 21 17 17 11 31 23 21 12 25 25 22 30 25 31 25 18 20 22 23 12 30 18 15 18 21 24 10 22 27 
31 35 12 13 15 29 22 19 24 28 27 21 27 31 13 20 13 25 20 17 15 11 7 30 37 17 8 21 27 26 5 23 21 14 27 18 35 20 16 27 
24 35 16 21 16 15 20 20 30 23 25 16 26 26 30 17 22 30 30 29 33 30 35 20 48 32 16 20 30 20 14 12 35 18 15 17 9 15 20 28 
29 10 15 17 20 27 29 10 42 27 28 21 34 34 17 25 26 11 26 12 24 27 34 21 34 23 14 10 18 31 16 28 41 18 18 16 22 14 18 16 
36 32 23 24 18 30 10 14 26 10 14 23 31 21 17 15 10 19 15 14 23 13 15 23 28 32 9 28 27 17 23 17 21 22 19 20 10 22 24 32 
38 17 31 16 18 26 15 19 22 19 25 14 24 34 13 24 27 23 16 16 29 27 18 29 17 36 11 33 21 23 23 22 33 18 26 12 31 27 23 13 
27 42 24 12 10 19 27 11 28 19 31 19 28 19 16 10 14 17 18 24 27 22 27 21 17 20 10 16 13 28 18 22 27 20 21 12 30 27 21 33 
35 34 27 26 17 37 13 22 17 24 34 16 25 19 17 13 19 28 13 12 20 29 19 35 18 18 8 30 24 21 10 16 27 19 22 15 20 18 34 26 
40 33 27 17 15 28 26 15 35 21 36 31 30 15 20 29 30 16 9 17 34 24 26 17 20 24 9 35 21 28 21 21 31 20 21 12 22 23 12 12 
28 19 21 27 13 27 21 19 25 24 15 20 20 20 24 21 25 26 26 20 34 21 29 26 28 19 20 21 30 6 19 15 26 17 19 14 16 15 16 23 
33 21 28 20 20 13 26 15 13 22 31 16 8 17 22 28 25 13 16 14 34 17 19 27 26 32 8 32 12 34 19 26 37 15 10 18 29 12 22 39 
18 30 14 15 12 31 22 18 24 21 30 29 22 20 19 32 27 19 23 15 23 23 30 16 29 16 12 20 19 35 12 18 17 8 21 14 23 24 21 21 
33 31 19 16 13 38 16 15 27 16 27 14 35 22 16 20 21 17 18 10 36 24 22 4 40 32 13 28 24 12 20 22 31 11 21 12 26 17 14 20 
28 31 21 11 17 21 23 19 29 17 37 22 28 30 16 23 19 12 20 22 27 31 24 23 25 24 16 37 27 24 11 17 34 16 9 16 26 14 18 13 
34 45 25 17 21 23 19 10 24 35 30 19 23 33 25 29 10 18 26 14 12 26 32 27 37 33 15 20 16 22 14 11 47 16 22 22 11 12 17 31 
21 28 13 16 19 24 23 19 30 27 22 27 43 27 23 31 19 14 19 9 20 7 28 29 32 12 13 30 26 32 23 13 30 19 18 11 41 12 18 30 
31 47 20 16 13 44 25 7 17 26 19 19 31 13 30 19 16 11 27 20 31 11 30 25 18 13 11 28 19 29 19 21 32 16 23 18 30 14 4 17 
37 22 20 16 13 19 34 13 32 23 19 8 31 32 21 20 17 22 28 34 28 21 30 27 34 29 9 23 25 35 15 18 21 18 24 8 39 24 19 33 
27 44 21 8 14 26 23 14 25 23 26 23 41 23 16 35 21 18 24 14 40 20 29 21 17 32 10 24 9 24 20 17 39 20 15 13 28 22 17 26 
31 50 24 18 9 19 13 7 24 30 11 24 28 24 8 21 11 21 15 23 40 27 25 26 33 24 18 13 11 17 19 17 33 28 17 16 31 10 22 24 
26 22 23 12 17 25 30 11 39 18 21 27 19 27 21 35 15 20 19 24 19 17 25 36 31 23 11 16 17 33 15 19 40 14 18 13 28 25 18 18 
12 15 14 13 16 19 15 16 22 34 21 16 30 18 16 36 24 8 14 19 24 25 35 21 28 39 22 11 24 29 19 17 29 18 18 8 35 17 10 43 
26 37 26 19 17 18 19 14 32 30 31 15 15 29 26 31 24 28 24 17 40 20 16 24 32 29 18 16 24 27 28 25 39 14 15 11 30 9 14 11 
23 41 22 22 16 39 27 10 30 12 25 24 24 18 17 10 25 16 29 19 21 26 23 25 19 14 18 23 23 27 16 20 32 20 33 7 19 19 19 36 
29 37 24 15 10 43 21 17 29 19 23 19 29 24 11 27 9 26 27 18 24 26 35 8 32 22 16 24 17 41 17 19 34 18 8 17 37 15 21 31 
34 38 25 12 15 34 23 21 15 21 35 20 13 34 26 16 9 17 18 19 35 14 14 9 32 41 13 20 17 17 23 18 38 20 23 17 23 25 17 32 
23 35 24 8 19 23 22 13 22 25 32 18 25 19 22 24 5 18 28 24 22 10 35 16 27 18 14 23 30 17 18 25 22 25 14 14 17 6 18 21 
25 23 22 15 19 28 22 19 8 23 19 28 31 26 21 29 25 17 27 17 34 19 23 25 21 16 15 14 13 26 14 24 26 19 17 12 25 24 16 24 
21 35 28 15 15 14 22 16 16 14 21 21 28 27 12 24 26 25 22 13 52 17 11 23 34 6 13 17 19 29 18 19 20 16 18 15 39 18 20 39 
27 33 19 17 20 27 26 19 26 22 17 23 32 19 19 32 15 33 22 15 22 25 24 31 18 26 10 28 14 27 10 13 12 21 15 16 28 22 18 29 
28 22 32 5 24 30 22 16 28 21 21 21 30 25 17 15 23 26 24 16 35 13 22 24 34 37 17 23 15 18 17 18 33 10 18 12 35 20 15 39 
21 34 17 16 16 42 11 20 34 21 26 18 28 22 23 16 16 20 19 5 27 29 16 23 33 24 13 22 28 18 18 21 23 19 13 18 24 18 17 29 
19 22 22 11 18 24 21 23 31 20 29 17 13 36 14 19 31 16 24 23 32 24 38 23 40 53 14 30 24 30 18 27 18 19 23 16 41 14 18 25 
21 49 20 23 17 45 17 11 28 28 20 14 35 27 28 25 18 20 21 16 25 24 24 16 38 28 5 18 17 26 17 14 29 15 15 13 40 17 13 29 
34 29 18 14 16 38 17 14 20 20 23 12 24 27 21 32 20 24 22 17 35 34 23 14 28 37 13 9 29 42 13 22 26 20 20 15 32 21 18 24 
27 12 26 15 9 35 18 8 21 28 21 26 38 38 15 33 21 22 18 23 21 25 21 12 44 24 13 14 15 18 20 20 21 10 18 12 38 18 18 20 
29 19 21 19 12 29 13 10 15 26 19 18 28 40 14 33 22 26 25 18 28 11 14 18 14 27 15 18 21 17 12 16 28 24 21 11 16 17 21 29 
27 24 11 15 20 30 18 19 17 27 17 27 41 34 18 19 26 13 22 16 26 27 22 25 17 35 19 23 30 21 20 17 25 24 37 12 21 9 24 23 
35 32 22 5 16 21 24 12 30 25 16 23 23 30 16 21 26 31 23 26 32 26 35 5 26 40 23 25 29 27 14 15 23 30 13 17 25 17 22 14 
27 19 26 4 22 30 23 18 14 16 15 19 30 10 23 22 30 14 23 13 30 14 23 20 27 15 20 24 17 27 18 14 19 23 20 14 33 22 22 18 
21 24 23 14 15 24 26 12 32 29 30 21 21 32 17 28 13 26 22 19 27 24 31 26 20 34 17 23 32 17 26 17 38 25 19 18 28 12 18 20 
19 18 24 22 11 33 19 10 38 22 25 26 22 24 18 32 19 21 21 20 30 31 36 23 8 31 10 27 18 26 19 17 32 11 17 11 24 18 20 18 
19 37 22 21 15 46 25 26 23 21 25 17 22 23 20 25 18 24 21 14 22 31 33 30 26 19 20 23 16 31 14 17 38 12 14 11 31 15 11 28 
35 27 8 20 15 27 24 11 24 20 21 19 25 29 14 18 22 32 28 21 23 16 15 24 30 20 12 34 13 35 8 16 21 26 13 15 24 28 16 26 
23 31 22 18 16 30 29 17 25 14 22 21 14 25 17 15 11 25 30 16 21 29 25 22 26 38 18 13 27 20 7 17 35 11 19 19 37 24 21 27 
36 30 22 21 24 30 30 26 26 11 22 29 28 48 17 20 31 17 24 17 27 28 28 15 29 36 10 26 17 16 19 23 32 10 18 9 22 24 10 35 
34 39 32 15 16 21 17 16 30 24 28 28 13 24 18 28 29 27 25 20 29 28 21 24 16 16 15 13 17 24 17 21 38 12 19 13 29 17 20 23 
26 42 23 14 13 25 13 18 33 19 27 28 37 20 16 20 10 21 24 14 36 20 22 19 21 18 15 21 28 23 13 26 21 15 15 16 25 17 18 26 
40 45 17 15 16 25 26 10 23 31 27 21 9 27 12 24 17 28 22 26 29 15 23 18 14 8 15 19 18 18 12 17 24 24 20 14 25 14 15 21 
30 26 25 15 16 24 28 16 23 19 24 23 25 20 15 22 9 11 19 20 14 15 19 18 26 26 18 18 24 37 13 15 46 26 17 18 27 17 22 26 
40 24 29 17 17 14 23 16 19 17 23 23 35 20 22 31 18 13 23 18 17 21 26 29 37 17 17 19 25 35 17 22 25 23 21 14 16 12 13 42 
12 25 13 4 15 17 25 8 21 28 31 23 28 33 15 18 24 20 21 19 9 14 26 18 24 19 17 14 27 23 14 30 22 19 18 24 29 12 18 24 
33 22 19 8 15 30 32 21 17 14 27 12 21 12 20 25 7 19 17 23 25 20 20 16 38 31 10 15 25 30 14 19 20 12 23 20 24 17 22 34 
29 28 23 16 16 31 24 17 25 20 21 21 15 28 21 30 17 20 17 14 27 16 21 24 21 41 15 26 22 29 8 19 24 16 13 9 30 15 10 29 
27 21 20 15 22 36 21 21 15 20 9 20 36 21 15 30 21 25 29 19 30 8 31 32 33 21 16 19 23 32 15 13 35 26 22 12 18 27 23 15 
19 28 30 17 7 21 12 12 29 18 28 23 28 33 26 14 21 24 21 23 13 23 31 27 33 37 10 27 29 13 14 19 23 18 30 14 16 16 16 26 
9 16 28 19 18 13 17 24 25 20 32 22 28 34 20 24 16 23 12 15 31 20 18 28 22 25 15 16 16 23 17 27 27 10 16 15 17 14 23 40 
39 26 18 9 16 33 23 17 30 20 30 27 25 35 20 26 16 26 13 25 23 18 27 24 32 36 17 16 22 25 18 17 22 18 20 12 31 21 25 23 
20 27 36 18 15 30 19 12 25 30 41 21 32 32 13 27 29 14 24 19 7 19 23 24 25 18 12 24 18 27 22 27 27 16 17 12 34 17 15 40 
20 33 19 10 17 32 20 20 24 20 27 27 24 24 20 28 23 20 23 15 30 14 16 25 30 21 14 29 19 24 14 24 36 26 16 20 13 14 15 28 
39 26 26 17 16 21 9 12 14 37 25 19 20 25 18 21 19 26 23 22 36 24 18 14 26 23 19 18 29 24 19 22 26 15 11 6 45 13 25 36 
20 25 20 12 18 21 28 10 21 23 31 13 20 26 21 26 24 20 28 18 22 12 38 18 28 19 15 25 25 28 11 20 37 27 23 13 33 16 26 29 
26 25 23 15 21 15 26 18 24 22 16 26 38 20 23 34 26 5 26 15 20 16 23 10 28 33 22 18 29 23 15 20 17 21 20 23 23 14 22 15 
22 36 22 18 20 34 19 15 18 22 39 19 13 35 23 19 17 17 18 21 29 14 22 31 40 33 20 33 20 40 18 10 21 18 15 18 39 11 24 18 
15 31 22 19 21 35 25 17 32 18 31 24 31 27 25 29 25 14 21 22 24 21 29 12 27 31 12 13 24 30 10 24 30 17 17 11 33 19 23 21 
41 19 17 11 12 33 14 22 27 26 26 21 28 19 17 34 12 24 12 12 20 28 26 27 23 26 17 18 30 25 10 14 28 23 21 13 21 13 22 13 
22 20 22 8 22 34 17 20 25 25 22 17 35 20 19 30 24 35 13 15 23 18 31 19 32 25 18 28 11 18 9 24 28 23 21 13 11 20 25 13 
41 29 23 17 17 40 12 14 20 19 27 23 41 30 13 28 17 22 23 17 31 10 34 16 26 25 19 19 26 31 24 27 35 8 23 17 31 14 14 36 
22 30 22 18 15 30 29 17 26 26 12 27 22 24 22 33 17 20 24 20 42 22 34 27 28 23 16 37 13 19 5 11 18 23 15 14 16 13 30 21 
38 24 32 24 12 26 15 21 23 6 21 15 22 29 20 37 11 22 14 7 28 16 23 23 15 32 12 15 30 28 15 5 29 19 20 13 36 9 25 22 
24 40 16 15 18 29 21 24 20 15 23 16 31 17 17 22 25 13 18 21 21 24 26 26 40 23 19 6 30 23 11 19 35 16 9 13 34 21 17 28 
28 38 27 17 18 32 15 18 26 27 34 21 26 31 24 27 21 24 29 12 30 25 24 27 49 26 12 20 25 36 17 21 39 18 19 22 21 16 25 9 
31 43 15 18 17 26 25 17 27 21 23 17 51 21 22 25 20 30 22 9 35 24 18 16 47 32 9 19 29 33 19 18 24 21 13 12 32 8 14 26 
35 31 19 6 13 35 19 15 24 21 25 23 16 29 20 21 21 11 14 22 15 17 27 22 31 8 20 17 16 23 14 18 29 15 15 13 32 19 19 32 
26 35 27 23 17 34 21 14 13 21 26 18 30 18 5 33 16 21 29 13 39 25 25 12 24 35 18 8 26 36 17 14 29 17 29 17 14 24 24 26 
2 6 22 15 15 36 19 17 22 24 15 25 23 27 13 44 14 21 26 21 33 20 19 27 20 35 17 14 21 22 13 21 32 19 25 10 31 14 10 22 
24 33 26 14 20 29 16 20 22 26 33 17 26 25 18 25 24 20 17 15 30 38 20 21 35 40 16 10 20 32 16 19 34 20 23 14 32 11 25 18 
35 38 22 17 18 30 25 19 25 20 32 24 18 22 18 27 7 8 15 11 20 22 32 18 38 15 12 18 29 14 10 23 34 16 10 15 41 22 19 32 
29 15 15 13 12 39 20 16 20 32 26 26 29 26 19 26 15 13 29 18 31 19 20 24 25 29 20 14 26 23 15 22 31 18 21 13 22 15 16 32 
23 32 19 16 20 27 13 17 13 13 26 23 28 25 34 12 16 11 15 18 14 29 23 23 27 20 15 12 18 20 13 16 26 13 13 16 29 15 21 22 
31 38 17 18 12 36 23 20 19 28 39 21 24 11 16 23 14 23 16 21 21 15 21 14 36 46 13 24 26 31 21 15 29 13 20 14 39 12 17 47 
33 27 26 22 21 23 12 12 28 25 38 32 13 22 17 39 27 17 33 19 23 13 27 30 25 28 12 19 34 29 3 19 21 15 12 12 48 17 21 26 
48 9 22 21 20 26 11 25 22 22 18 24 28 44 10 22 23 23 30 17 32 12 24 14 30 31 17 21 20 11 17 17 21 21 13 18 43 13 21 15 
23 39 27 18 14 30 9 17 25 24 33 17 19 31 20 19 20 18 42 11 21 9 22 12 21 24 12 23 26 35 8 20 40 16 17 9 28 23 14 33 
19 28 23 12 13 23 23 10 25 21 25 14 26 31 17 37 17 22 31 15 40 22 22 11 17 17 18 15 30 16 23 16 23 16 13 20 40 16 24 28 
32 20 23 6 10 24 21 22 21 15 19 17 28 26 15 15 16 18 17 15 29 17 30 14 23 37 15 18 23 23 21 15 29 18 30 21 22 18 18 28 
45 18 17 13 17 19 26 17 23 36 42 22 35 37 15 21 27 20 29 19 21 25 17 24 22 36 15 20 18 33 15 25 10 16 20 13 25 31 11 25 
37 32 21 11 13 26 8 12 24 25 23 17 33 27 14 31 12 22 31 22 21 27 16 24 31 22 11 33 20 23 14 23 35 7 21 23 35 18 20 32 
23 36 31 14 18 38 16 25 26 26 22 16 24 13 19 13 22 20 16 19 18 26 21 8 22 29 21 20 22 27 17 25 39 18 23 14 29 10 16 24 
20 41 23 16 16 27 21 10 17 17 35 27 17 26 22 29 27 29 9 19 23 13 18 28 15 34 20 14 12 27 10 15 25 18 18 16 42 15 21 27 
19 36 29 14 12 38 16 16 16 18 28 27 7 22 22 27 18 16 21 11 20 18 22 18 13 13 15 27 24 11 9 19 41 22 21 16 23 17 12 43 
39 18 13 15 20 32 25 16 21 27 34 24 23 15 22 24 25 28 15 15 21 26 9 22 34 23 11 14 16 35 14 25 29 22 19 18 21 17 19 29 
23 39 18 16 13 25 8 12 20 25 27 15 28 24 16 20 21 17 25 18 17 23 27 15 37 32 14 24 18 26 21 8 21 18 7 15 33 23 19 38 
33 21 21 21 19 25 20 23 14 31 19 24 2 23 18 23 17 19 24 18 38 12 31 30 27 27 11 26 32 13 12 13 21 19 15 12 36 21 23 26 
26 2 15 16 18 23 19 18 10 22 22 15 46 31 17 24 22 21 29 11 7 8 33 15 36 23 15 24 19 19 15 19 29 28 17 16 21 26 17 28 
23 29 29 15 17 14 9 16 23 31 31 10 14 24 15 29 8 14 22 28 18 15 8 16 22 21 17 12 20 29 10 19 33 21 19 11 28 13 20 40 
19 45 18 19 23 37 23 17 18 22 18 19 28 34 19 36 25 11 15 21 37 21 21 16 20 36 14 20 23 31 12 23 21 20 20 18 41 20 23 29 
39 32 13 10 6 30 13 8 25 30 25 18 28 15 21 21 30 24 20 21 31 21 26 16 41 44 13 7 24 37 14 21 21 24 16 16 21 8 15 25 
28 36 18 26 15 42 16 16 12 22 31 21 36 14 21 18 20 22 30 15 25 11 37 14 32 37 11 20 26 22 10 13 30 19 29 9 33 12 11 22 
24 24 17 17 17 32 22 13 33 28 32 23 41 14 16 42 19 24 27 15 22 25 20 9 24 20 15 6 15 12 17 21 29 14 25 9 32 9 16 38 
26 20 24 17 12 31 28 25 19 18 33 26 17 23 15 15 26 15 15 25 26 32 31 9 21 43 14 16 28 33 15 24 51 20 26 14 24 17 21 18 
14 28 23 10 13 29 24 17 22 36 28 24 19 26 19 21 30 32 24 19 31 21 30 19 28 28 17 13 31 18 14 25 15 19 9 10 30 30 12 35 
25 26 26 14 14 27 28 10 30 28 5 18 48 15 15 22 24 21 30 18 24 5 14 20 25 23 17 28 17 14 10 18 42 20 14 20 34 13 20 44 
36 31 20 15 11 32 23 15 29 19 18 13 33 16 15 36 26 23 16 15 24 25 19 22 54 35 11 21 17 42 10 20 31 23 11 14 13 21 27 38 
27 39 17 17 20 31 19 23 26 12 31 20 26 34 23 19 16 22 13 15 23 18 29 27 34 25 17 23 26 33 16 24 38 17 16 14 14 10 23 31 
34 35 31 16 19 40 26 17 14 21 21 19 33 35 25 28 19 17 11 11 12 16 16 18 18 27 11 14 20 48 14 10 30 17 17 20 33 20 19 19 
23 27 21 18 22 30 16 17 26 21 25 14 24 29 21 35 19 30 18 25 26 18 24 21 21 32 15 17 20 24 12 16 23 24 25 15 38 14 21 35 
29 14 23 12 17 26 20 16 27 21 25 15 30 30 25 12 23 16 10 14 32 16 19 21 31 32 12 20 16 14 16 20 28 27 18 21 38 19 17 19 
56 33 20 19 19 36 25 14 25 21 22 22 23 22 16 2 17 15 9 18 21 16 23 18 35 30 23 15 13 25 18 12 38 16 22 19 19 13 18 32 
24 20 27 20 14 24 18 17 23 24 34 10 16 32 8 31 12 29 16 14 27 21 27 27 12 47 8 11 26 27 15 29 18 20 21 11 36 12 20 38 
26 29 25 10 20 16 21 8 8 26 25 14 25 18 18 31 24 15 23 14 26 20 32 15 42 15 20 25 8 24 17 12 34 10 10 19 24 17 21 24 
29 36 26 15 14 16 8 16 22 17 20 16 39 19 16 14 16 16 22 17 14 29 31 23 24 32 16 11 13 35 11 11 24 19 23 11 23 16 21 33 
17 39 26 18 15 29 20 11 27 26 17 12 19 20 30 37 20 22 26 19 28 14 7 17 32 28 17 23 37 39 11 13 29 21 19 16 30 26 12 14 
21 33 25 12 17 36 21 20 15 19 26 13 34 31 20 41 18 20 21 16 39 21 37 21 21 24 12 18 20 36 16 13 28 22 15 19 15 12 23 34 
11 29 20 13 16 31 17 17 22 26 26 18 23 16 13 24 21 25 13 11 38 16 28 20 35 25 17 25 30 32 16 16 31 18 17 15 44 19 22 26 
39 14 27 19 12 15 16 17 23 27 25 19 33 25 13 29 12 28 24 20 22 13 24 17 24 21 13 19 37 22 14 10 37 16 18 14 32 25 22 27 
34 37 21 17 10 14 25 16 19 26 22 15 31 21 16 21 21 21 13 27 33 19 28 24 33 41 16 22 24 13 12 13 18 18 22 20 21 21 25 11 
37 37 11 13 14 27 22 7 25 23 26 12 29 29 16 25 12 21 26 22 33 25 17 11 19 40 18 17 19 39 19 19 32 17 21 12 17 20 18 44 
31 24 27 14 14 24 17 13 17 21 25 17 40 34 22 28 30 19 26 10 22 25 27 26 8 33 22 9 26 26 14 31 26 14 26 11 25 8 18 38 
24 25 17 9 10 13 29 22 19 30 21 23 7 22 12 22 12 26 24 18 21 15 24 22 40 35 19 25 21 22 16 8 43 14 18 19 22 13 23 31 
30 20 11 21 21 24 31 19 21 25 21 18 34 31 23 22 25 20 11 22 28 17 31 23 14 34 11 20 22 30 7 20 44 23 13 24 11 9 22 25 
25 16 27 16 14 49 31 16 17 24 17 13 25 23 13 19 24 19 21 30 35 27 27 21 28 27 8 24 19 36 9 13 41 14 16 12 15 16 17 22 
31 28 20 13 21 39 17 11 27 15 25 13 31 35 17 29 9 29 18 16 27 22 17 23 30 30 17 16 30 32 16 10 26 9 10 17 25 14 15 29 
29 15 20 13 20 34 24 12 22 27 15 20 29 21 17 23 17 26 18 18 32 23 29 17 22 22 19 19 11 18 13 19 37 23 10 14 34 21 27 36 
33 34 16 23 13 22 23 19 23 9 38 16 16 26 27 22 20 16 29 17 32 22 25 17 34 20 18 24 34 41 14 23 32 18 25 19 25 8 16 23 
21 41 12 9 19 27 16 20 14 20 32 24 32 23 14 29 35 22 19 12 24 24 34 29 26 30 9 19 6 21 16 19 40 19 6 14 36 13 27 15 
19 45 25 8 13 27 15 17 23 11 28 19 38 25 22 16 20 23 29 21 18 18 25 23 29 24 15 18 27 36 13 18 21 22 12 17 30 10 22 30 
19 24 17 24 15 34 15 19 25 22 9 22 16 26 19 30 12 27 17 13 27 14 26 31 24 18 13 14 15 15 12 10 37 20 12 13 29 16 12 27 
26 22 26 20 17 19 20 16 18 31 27 12 38 18 21 8 12 15 22 14 36 26 23 25 21 42 16 13 19 33 14 18 23 20 18 17 24 19 22 42 
36 16 24 18 19 34 16 19 25 29 17 22 24 20 27 22 16 26 10 12 39 17 17 27 34 29 14 17 23 10 17 19 33 18 18 16 40 17 24 34 
29 37 24 14 21 27 32 20 30 23 39 5 31 23 17 17 12 21 25 19 26 10 20 22 35 38 13 13 12 28 15 23 21 15 21 10 50 21 17 26 
32 32 12 21 14 27 17 16 19 28 28 18 34 22 29 28 19 13 31 20 29 33 25 16 10 35 10 15 18 26 13 21 8 13 15 14 26 12 27 24 
24 25 32 11 12 22 20 15 29 21 34 14 24 36 12 30 18 19 13 23 25 29 27 36 29 32 21 19 22 34 10 21 27 16 20 9 26 24 22 30 
31 31 12 15 11 20 16 15 32 11 32 26 30 39 17 26 20 22 33 26 28 11 35 34 26 18 16 27 14 38 13 20 36 9 16 12 17 8 14 25 
25 37 15 11 23 34 27 17 25 27 20 19 17 31 25 27 26 20 30 10 32 12 30 25 32 38 22 11 17 30 21 24 20 9 12 13 42 24 19 22 
23 16 17 15 14 40 18 17 22 30 24 17 20 23 21 19 28 19 19 14 33 21 24 22 23 44 10 10 22 26 11 17 27 14 9 13 20 20 18 41 
29 48 15 11 15 22 26 18 20 29 34 12 21 30 20 28 18 21 25 23 13 12 26 10 34 24 12 21 23 29 16 17 32 17 21 16 16 10 19 20 
34 28 24 15 14 23 18 20 30 25 29 23 14 19 11 30 19 9 20 7 24 15 24 29 14 29 14 14 9 30 17 27 30 14 24 10 48 19 11 20 
20 52 20 20 13 29 34 12 29 27 35 22 19 26 24 22 7 30 28 14 23 27 20 25 45 30 18 18 21 39 17 20 36 27 20 16 30 22 20 30 
39 37 10 15 19 18 21 12 33 12 32 21 16 18 19 32 20 16 19 11 41 15 22 11 30 23 20 21 17 30 12 6 42 16 15 10 18 11 20 25 
27 38 20 18 11 32 23 9 21 19 18 16 11 24 26 22 19 25 17 22 13 34 45 26 39 26 13 15 12 38 11 19 30 9 17 17 19 19 24 33 
32 40 24 12 14 22 11 18 27 35 40 19 21 22 25 38 12 19 22 11 26 17 14 22 21 24 15 13 16 31 15 25 27 12 18 8 41 13 19 22 
39 27 20 20 18 38 25 20 15 20 36 28 35 13 21 26 10 20 27 21 27 20 25 14 23 31 12 15 9 31 13 21 23 20 20 11 38 18 19 22 
22 45 33 13 14 26 18 13 23 29 32 27 34 30 26 33 24 16 12 13 22 17 32 20 22 36 14 13 21 31 19 13 49 24 17 11 17 10 21 33 
26 40 26 15 14 20 31 16 24 28 11 13 23 27 15 35 22 22 20 16 18 30 22 16 25 31 10 28 18 21 7 19 24 19 11 18 23 13 21 20 
38 32 11 9 12 21 19 15 20 43 25 18 40 21 24 21 18 20 27 16 31 19 31 21 10 20 12 16 20 31 18 29 24 16 24 14 32 16 17 27 
24 16 29 14 25 34 25 15 26 22 25 22 5 13 11 28 17 10 24 7 39 23 24 36 16 24 14 38 34 49 10 18 33 18 14 12 23 25 12 31 
27 30 27 16 14 37 12 19 15 15 29 23 35 24 23 30 25 18 16 26 37 27 11 19 21 14 15 20 17 39 11 15 20 21 12 21 35 19 11 38 
28 33 29 12 19 18 31 17 13 15 25 16 5 21 24 15 34 23 25 12 18 26 33 27 37 27 17 20 27 22 11 24 44 29 21 14 17 17 16 36 
30 41 22 15 16 40 28 15 21 25 24 13 23 28 18 28 18 11 28 18 32 5 19 30 27 35 17 9 21 37 14 17 30 15 20 13 26 15 25 16 
17 50 29 19 19 27 14 16 23 35 20 21 20 32 19 30 20 22 27 21 19 13 26 16 29 20 15 17 15 30 14 19 33 17 17 13 35 17 16 29 
39 22 23 22 21 24 27 14 17 20 34 14 20 24 20 33 16 24 19 26 25 16 40 32 34 38 15 15 32 35 13 18 31 24 18 23 27 20 31 22 
29 32 29 12 19 29 24 13 28 30 33 18 33 16 9 21 15 25 12 18 27 14 27 26 22 46 11 27 25 16 12 16 24 20 16 19 27 16 16 21 
24 24 28 20 19 32 26 20 26 26 21 21 27 28 15 26 23 28 17 20 35 23 14 17 34 42 9 11 34 39 11 23 26 18 14 13 31 19 25 26 
17 35 17 14 16 31 11 18 19 32 11 16 17 25 13 33 12 28 38 21 25 29 24 20 24 34 14 16 14 38 17 20 24 25 26 13 37 14 10 9 
33 25 32 19 23 31 28 7 26 17 22 18 39 29 28 34 22 26 20 27 24 23 26 19 37 39 24 29 23 31 10 21 36 21 12 17 30 16 20 19 
34 27 19 11 25 42 25 12 19 24 8 22 33 12 10 27 27 36 22 18 18 20 20 39 30 30 5 18 15 23 17 19 24 17 17 16 11 14 17 35 
26 39 21 17 21 12 28 11 21 21 30 25 25 28 10 21 35 19 21 32 12 7 24 14 37 34 17 19 24 21 19 9 38 24 21 13 31 16 18 16 
46 30 26 14 16 38 18 19 26 20 11 13 21 9 23 26 16 19 16 12 27 24 30 33 25 28 16 15 17 17 8 16 27 27 15 10 7 14 11 19 
34 25 27 15 15 29 17 15 20 31 26 25 29 26 21 17 18 26 27 22 25 23 20 13 27 38 16 28 26 19 20 14 33 19 15 17 23 25 14 25 
32 30 22 15 14 27 27 12 30 26 25 21 17 20 20 26 10 14 31 14 29 21 18 28 37 19 12 22 33 38 14 17 38 15 10 19 37 23 18 41 
9 34 17 18 20 34 23 13 26 22 18 25 35 38 22 25 28 28 16 14 27 25 24 39 22 19 17 23 29 30 13 24 34 13 11 8 32 20 21 35 
25 15 22 15 16 30 17 12 23 14 34 17 40 15 13 16 13 19 18 17 24 23 23 26 22 35 20 23 27 17 13 20 34 20 8 15 21 14 14 27 
21 29 24 6 16 31 12 15 21 19 18 23 23 33 23 25 17 9 26 18 15 23 25 20 30 34 16 24 17 39 18 19 22 25 19 20 18 18 17 34 
17 30 29 16 12 33 23 19 19 19 32 14 18 15 29 26 21 30 28 25 26 22 29 26 19 32 13 10 13 34 9 24 46 14 19 19 22 3 24 6 
29 35 25 13 18 47 19 17 29 28 22 20 26 31 21 28 15 19 20 12 34 11 36 20 25 27 13 24 17 19 18 27 35 11 11 28 7 11 17 32 
41 37 23 16 17 32 17 12 18 24 29 27 28 19 29 20 19 17 20 17 31 26 28 22 24 33 15 25 16 30 11 9 43 18 25 10 26 16 17 49 
32 31 24 21 22 23 24 17 28 27 17 20 21 9 12 19 26 19 30 15 38 21 19 20 36 39 12 11 20 36 14 8 37 24 21 18 25 25 21 30 
26 33 18 11 22 28 16 14 27 14 25 17 23 24 14 29 24 16 16 30 23 10 33 16 44 18 15 15 27 16 22 24 47 12 16 18 46 27 17 44 
31 33 16 19 14 19 14 13 22 17 28 12 30 28 18 21 25 22 18 17 26 27 36 22 27 33 8 24 24 25 21 13 28 27 20 19 49 20 10 27 
34 36 27 13 18 23 26 16 28 19 20 12 30 28 25 23 15 11 12 13 23 11 13 15 41 26 13 26 18 26 17 12 19 7 20 10 20 15 11 20 
22 38 32 17 18 25 26 17 22 20 28 12 27 26 26 17 25 13 20 12 19 18 32 19 29 22 20 24 24 32 8 29 30 22 16 11 38 19 25 21 
21 32 28 15 21 11 19 3 19 25 27 22 38 33 11 25 16 21 21 20 24 21 23 11 23 22 9 9 29 26 16 11 29 11 13 12 22 17 13 38 
45 53 20 5 22 25 21 20 23 18 34 14 26 25 21 26 15 25 25 20 41 31 16 16 25 25 17 17 18 37 11 17 36 16 22 15 30 16 12 31 
27 41 19 17 20 27 24 15 26 17 34 13 24 15 15 23 24 30 16 19 15 19 21 22 22 31 14 19 22 32 14 27 23 17 21 15 29 13 19 27 
38 21 24 17 17 33 12 11 21 17 27 24 30 26 21 40 20 16 8 19 27 19 28 10 22 15 13 13 23 19 11 19 39 13 20 18 26 14 22 36 
34 33 27 12 15 36 28 13 27 22 38 10 28 28 18 38 26 23 22 13 20 22 22 22 27 31 19 27 24 20 14 27 28 17 23 13 27 5 27 34 
29 30 31 16 19 36 24 12 23 21 19 19 15 32 17 33 21 25 25 27 21 12 22 22 28 15 8 33 36 28 13 22 38 13 21 18 21 18 19 28 
27 35 18 12 12 30 23 15 20 20 16 14 26 25 18 29 15 22 20 17 18 20 12 25 28 29 20 21 20 36 12 25 39 16 20 22 32 14 21 31 
23 41 7 18 14 30 20 17 25 26 31 19 37 12 23 27 36 14 21 25 25 17 17 19 37 24 15 16 28 47 13 23 35 17 17 6 16 12 14 38 
27 22 11 18 14 41 22 15 33 26 27 25 29 31 14 28 19 19 20 11 24 10 38 20 24 37 14 21 24 29 15 15 22 23 17 11 22 12 19 25 
26 10 31 19 14 32 25 19 22 17 20 29 35 35 25 26 7 17 21 24 29 20 24 23 23 28 16 16 29 24 13 15 30 13 22 14 32 16 17 27 
36 12 33 6 13 34 27 10 27 9 21 20 23 20 25 21 26 27 28 22 30 16 31 24 37 33 22 31 31 35 23 16 37 14 21 14 27 9 30 36 
46 47 17 22 20 33 23 19 16 24 23 12 21 27 17 27 8 20 24 21 33 13 18 4 34 32 18 19 27 23 10 21 36 17 24 18 17 8 20 14 
25 24 12 13 15 30 17 18 19 21 16 25 18 25 19 27 18 25 13 23 30 5 17 18 45 27 8 15 20 13 26 20 34 23 25 17 33 13 16 37 
32 32 18 17 16 26 25 16 15 16 29 28 30 21 20 35 18 15 14 18 22 22 33 17 22 35 13 16 29 31 12 12 23 24 18 14 40 25 15 35 
15 57 33 16 19 33 13 16 12 23 23 22 23 27 20 33 21 25 17 15 24 20 27 29 14 31 12 22 16 20 9 13 33 20 19 14 20 18 20 28 
21 21 21 20 19 37 14 23 18 21 32 16 44 20 15 28 18 7 12 14 45 29 27 28 24 24 18 25 24 32 15 16 23 18 15 13 19 12 17 40 
22 20 16 10 21 25 15 20 13 23 21 23 26 20 25 27 20 19 24 19 26 13 24 15 18 26 15 17 22 34 18 19 34 17 14 16 17 14 17 42 
29 35 10 11 15 26 26 19 24 14 33 20 37 13 23 41 30 25 25 18 24 20 36 26 37 27 12 7 22 27 15 16 19 24 21 24 44 19 13 27 
26 27 25 16 15 28 20 20 28 13 36 21 22 38 18 28 30 18 19 26 24 20 20 26 29 37 10 13 20 13 19 11 29 24 27 12 30 16 17 33 
33 22 19 21 18 39 29 18 12 22 21 18 26 32 18 30 15 29 29 21 17 21 21 24 32 33 12 17 26 10 22 21 31 19 23 13 29 21 21 24 
28 29 21 15 20 31 26 13 31 19 26 20 32 31 21 22 8 20 22 16 29 15 23 33 23 33 12 25 34 27 21 23 28 18 15 14 34 7 23 38 
26 18 23 20 20 36 14 21 28 20 16 23 20 16 28 26 21 18 20 12 27 21 16 22 43 22 12 18 25 38 9 26 33 23 12 8 12 13 13 26 
39 28 19 10 10 28 19 12 15 28 23 14 34 14 18 38 18 23 23 20 36 15 22 24 30 36 17 23 18 25 16 16 24 23 19 8 32 22 12 37 
40 30 21 13 18 39 20 20 10 7 18 23 32 23 16 32 17 24 20 17 31 26 32 30 27 24 20 29 14 18 15 20 23 16 23 15 14 22 23 23 
18 29 27 18 14 11 28 13 20 20 24 20 13 26 18 30 15 21 17 18 25 24 23 26 27 28 18 23 20 30 14 23 39 23 22 13 28 13 11 36 
40 33 16 16 16 36 11 19 32 20 31 18 25 18 22 32 23 26 29 9 27 19 29 20 26 36 21 23 23 32 12 14 32 12 23 15 26 14 16 48 
22 29 20 14 15 18 13 11 15 22 26 13 32 22 15 28 26 17 17 14 34 18 16 25 21 42 18 23 21 20 14 25 18 25 13 13 31 27 15 32 
13 35 15 4 18 16 15 16 25 23 22 19 30 29 18 31 11 2 22 22 30 18 21 18 22 29 8 22 16 30 8 18 25 26 18 14 27 17 18 33 
38 50 25 21 15 29 17 17 28 12 21 17 32 24 21 22 18 31 16 18 30 31 20 31 19 17 21 12 24 32 15 19 35 20 20 18 30 14 21 28 
33 32 22 17 15 25 15 23 17 23 23 21 13 24 26 7 24 24 39 22 31 25 19 30 38 11 23 11 34 26 15 22 38 18 22 11 33 19 22 21 
11 25 14 12 13 32 15 12 24 20 42 17 25 23 23 36 14 22 14 14 23 24 31 15 27 25 18 21 27 30 13 23 44 21 20 17 35 19 27 46 
37 37 32 23 15 29 34 13 35 15 31 20 29 33 27 26 29 13 36 15 27 26 26 21 20 14 25 29 25 26 15 15 38 16 12 14 30 16 18 20 
29 31 18 19 11 18 25 18 19 16 24 21 42 11 16 20 24 32 16 15 34 20 31 23 41 23 14 11 16 27 12 21 23 17 21 13 31 23 18 27 
29 33 15 18 17 3 13 16 29 21 28 22 26 26 25 24 20 18 20 18 25 17 12 15 15 35 16 17 28 35 15 26 30 16 18 16 21 21 22 39 
23 24 23 3 22 32 10 8 21 19 25 15 26 26 11 14 22 14 21 22 18 6 29 30 28 21 12 26 29 23 19 15 32 26 15 17 32 16 25 31 
13 29 26 17 17 15 14 21 32 20 23 19 16 15 18 35 33 20 20 25 25 27 9 24 16 27 12 19 19 32 13 23 24 21 23 20 32 21 23 24 
16 21 24 14 13 32 27 16 30 23 28 16 23 16 19 27 18 20 13 26 32 21 19 30 22 24 17 15 27 27 15 23 22 15 22 18 28 16 15 28 
25 23 25 7 14 35 22 11 28 19 20 27 33 25 8 20 18 20 36 7 30 18 19 20 25 33 14 26 31 27 16 27 33 19 29 15 32 20 16 15 
26 41 28 12 15 30 27 18 17 8 25 28 19 29 11 21 26 14 22 22 37 22 24 26 31 15 13 17 15 19 16 14 32 23 20 16 35 15 21 35 
26 34 20 9 15 22 26 16 30 19 34 23 28 41 18 6 15 20 11 26 19 25 31 30 30 25 14 13 22 31 15 19 44 12 16 11 29 16 18 5 
12 41 18 9 14 17 28 18 6 16 21 17 23 22 22 27 18 18 27 7 25 11 20 28 23 17 16 25 21 19 12 24 24 15 9 17 19 9 25 39 
31 21 17 20 16 32 27 8 19 30 28 18 23 29 18 33 22 12 13 19 27 22 38 13 27 26 15 25 11 34 16 24 35 12 18 13 24 15 20 29 
24 33 23 9 16 23 27 13 18 18 24 16 16 20 17 24 23 13 29 20 19 25 23 16 20 37 19 20 25 46 15 15 31 25 18 17 34 13 23 21 
42 34 13 18 21 35 16 18 25 27 28 12 29 33 24 32 25 27 11 12 22 19 34 20 41 40 15 19 10 17 14 14 31 20 19 13 34 28 11 21 
36 50 18 17 15 28 19 15 22 32 19 23 17 16 17 24 11 19 31 17 37 21 24 20 30 17 10 20 25 8 14 23 38 15 18 14 34 24 16 37 
25 23 27 12 18 38 20 11 25 19 31 26 30 29 19 9 15 21 18 24 24 16 37 21 26 17 11 22 25 15 11 12 28 14 17 12 23 21 18 32 
28 40 9 12 14 28 25 21 29 27 36 25 24 22 24 31 21 29 26 21 20 22 20 25 35 27 22 19 26 25 16 20 35 22 16 12 33 21 21 35 
33 29 27 8 9 25 17 16 23 16 16 13 20 27 7 19 18 21 19 18 28 15 46 25 7 28 21 21 19 25 20 26 30 11 28 13 37 15 24 23 
22 26 20 17 19 21 19 9 19 29 32 18 48 13 19 17 12 24 20 19 21 12 22 16 25 22 8 18 26 20 11 15 37 18 12 17 33 20 22 33 
26 17 10 21 14 35 18 19 28 24 28 15 27 17 25 34 15 18 28 18 25 15 27 25 31 18 17 21 36 28 19 18 35 13 4 14 27 16 14 29 
38 31 16 7 13 34 18 11 27 15 27 18 12 25 14 24 19 20 25 18 22 15 24 24 21 20 11 19 19 19 9 14 39 17 24 20 24 19 16 26 
32 38 14 11 14 37 22 17 28 26 24 17 28 32 19 32 9 11 23 22 32 13 23 23 32 26 11 22 24 18 11 24 32 22 16 7 30 17 15 30 
12 15 17 21 17 40 20 14 18 18 22 18 37 19 20 19 10 16 24 19 32 23 33 18 28 31 11 11 15 20 14 13 16 10 15 12 31 23 15 23 
28 16 27 21 17 25 26 15 24 16 28 13 36 17 17 25 20 24 21 25 12 11 24 21 38 34 15 28 27 27 19 12 20 12 15 20 24 9 27 25 
28 34 14 15 17 22 19 15 29 23 25 12 21 27 19 23 18 29 19 15 24 22 25 22 31 35 13 27 24 15 16 17 39 17 16 16 34 9 20 19 
41 32 24 11 15 33 27 16 24 26 28 24 29 27 26 14 16 20 14 21 26 30 19 35 16 41 16 19 21 20 19 15 28 6 12 8 22 21 21 26 
22 32 23 21 18 25 24 16 24 13 17 15 30 24 15 39 18 28 23 12 29 14 17 21 30 31 5 16 24 32 14 15 27 13 14 13 23 21 19 19 
34 34 14 21 18 24 17 16 11 18 24 15 39 29 22 30 23 15 16 20 16 22 30 18 15 17 17 29 22 30 12 20 25 13 10 14 27 22 22 32 
26 24 21 16 14 19 14 16 21 24 32 22 32 32 17 34 22 15 15 20 27 26 18 26 18 30 21 14 29 28 16 20 29 19 20 16 20 15 15 25 
34 46 17 15 12 36 17 19 22 19 36 17 25 32 21 26 29 25 24 24 36 19 27 24 29 26 21 34 12 32 10 17 36 18 8 8 30 10 24 29 
26 27 11 13 20 26 24 21 8 21 25 21 33 28 13 36 16 15 25 20 22 23 19 19 20 17 17 18 23 16 19 11 28 18 14 7 29 19 19 41 
30 45 20 14 16 37 22 13 21 23 20 25 20 44 12 21 32 16 18 15 30 4 13 18 19 25 11 22 19 35 18 16 22 15 19 5 30 20 19 36 
41 36 10 16 14 18 17 10 26 28 8 25 33 30 24 23 21 11 17 10 22 25 27 14 17 43 17 9 31 45 11 17 32 21 21 9 53 28 21 12 
23 33 24 10 20 34 26 14 20 9 37 11 21 24 18 23 6 26 23 12 29 14 22 29 26 22 15 11 21 35 26 16 34 22 16 17 24 23 23 45 
20 42 27 13 16 29 21 16 15 19 33 24 24 37 14 28 6 25 21 22 43 22 21 26 29 18 14 19 14 46 18 26 44 21 22 19 33 14 24 18 
32 35 16 16 16 32 27 12 22 26 19 20 19 20 17 32 16 22 16 19 25 18 32 34 25 32 19 19 20 30 14 12 32 17 29 16 28 17 19 5 
30 16 16 23 14 32 22 19 28 32 25 20 26 17 16 14 27 16 23 16 24 18 9 22 19 26 16 20 26 35 7 21 27 11 17 9 24 24 25 26 
32 29 25 19 18 29 21 26 21 28 12 19 32 21 30 29 26 25 15 17 28 13 22 14 26 31 13 16 22 34 11 19 24 22 23 14 34 37 22 17 
26 26 20 16 22 15 15 21 29 19 21 14 15 25 15 25 20 19 23 21 23 5 27 10 23 31 13 14 23 32 17 21 33 20 14 10 14 15 15 32 
40 32 27 19 20 43 24 22 25 25 15 14 22 23 18 29 22 17 24 16 20 23 37 8 34 26 11 20 24 34 9 17 24 11 10 13 32 21 18 22 
11 39 17 13 15 31 24 10 22 22 22 19 19 13 16 22 15 24 15 13 38 22 20 24 22 21 14 19 20 25 19 24 16 17 16 6 34 9 20 21 
21 34 26 13 14 27 24 18 27 22 30 19 25 15 20 30 27 29 23 14 24 15 16 24 39 30 13 25 25 45 17 9 22 26 16 12 39 13 15 17 
30 22 13 13 14 39 19 11 27 25 26 16 32 25 23 36 8 23 31 20 27 15 24 17 29 26 16 18 21 26 18 22 24 15 19 8 25 20 20 31 
5 38 22 14 19 24 20 15 22 19 33 17 43 28 20 26 18 32 23 16 40 15 12 28 21 24 17 12 25 21 16 15 20 23 19 18 25 12 19 36 
42 25 32 15 16 20 17 25 22 34 19 16 29 27 21 27 14 18 22 12 9 21 19 26 19 27 13 15 32 32 18 16 24 17 17 12 38 19 23 26 
32 30 17 12 18 31 27 16 19 25 26 9 32 29 13 26 20 30 25 21 31 23 19 19 26 28 11 24 11 36 14 22 27 21 18 19 27 23 7 27 
24 41 30 17 11 38 18 13 21 27 24 21 23 34 21 23 22 14 20 19 16 18 16 21 23 16 20 21 19 11 23 26 25 19 19 16 13 13 22 26 
22 25 22 16 13 29 17 19 32 20 20 18 17 10 15 27 25 13 31 6 31 11 26 28 41 21 17 22 18 17 11 19 44 25 18 9 27 14 12 41 
11 54 16 18 17 15 18 18 22 13 33 22 34 28 16 28 24 24 19 4 30 13 16 16 48 16 12 18 17 32 18 15 35 16 18 20 38 14 20 10 
15 29 29 20 14 28 19 13 21 16 13 21 25 21 27 38 17 14 17 16 32 21 19 16 34 32 19 5 16 29 17 19 37 24 9 17 32 19 20 22 
47 25 13 17 13 14 20 11 6 31 30 21 14 24 12 31 24 27 22 12 32 14 20 28 23 26 16 17 21 30 10 11 18 7 19 13 19 19 22 32 
22 26 15 8 12 28 21 17 20 21 20 15 13 31 14 27 23 28 25 15 32 16 42 20 34 32 13 29 2 23 23 12 28 21 8 20 22 19 13 30 
36 26 20 6 12 16 26 18 21 28 23 16 13 21 24 24 20 13 29 24 36 16 29 24 33 28 11 13 18 27 14 30 28 29 25 20 43 9 28 27 
33 36 12 16 13 20 24 10 32 16 26 19 6 23 26 41 10 37 26 23 33 11 21 13 26 27 14 13 23 36 14 8 35 29 18 15 62 11 14 32 
17 14 28 14 13 34 17 21 29 11 31 13 22 31 26 31 30 32 24 19 19 24 28 24 16 18 15 21 19 29 21 13 30 17 8 5 19 16 16 13 
30 31 26 20 8 31 7 11 12 15 27 25 32 25 13 29 16 19 25 11 17 16 25 28 37 24 14 22 9 28 15 18 25 25 19 16 38 9 22 37 
28 29 15 15 9 17 25 12 27 18 22 21 16 19 17 26 21 18 10 10 29 24 28 21 16 24 14 12 34 23 15 23 32 20 21 21 25 22 19 35 
7 34 21 15 10 15 23 19 20 21 21 16 19 27 15 23 26 21 25 21 12 27 22 21 33 27 12 28 19 22 16 16 27 23 24 20 22 21 21 39 
31 46 26 17 10 28 16 14 25 18 27 22 37 20 13 28 18 15 17 6 18 28 33 14 31 22 15 20 40 16 16 33 31 18 15 17 28 10 18 23 
25 37 19 19 17 44 25 16 19 34 31 15 22 21 12 30 13 16 15 17 18 23 31 21 20 28 17 20 15 17 19 23 26 19 23 12 33 15 22 24 
13 26 12 12 22 35 13 13 28 37 39 19 25 28 24 24 26 20 21 9 26 15 25 19 35 27 14 22 25 31 13 20 26 22 28 12 25 13 16 32 
46 17 28 16 17 18 37 11 36 19 18 22 27 16 25 12 20 13 18 23 46 21 26 32 13 35 9 12 24 12 19 20 27 35 13 6 27 5 16 28 
24 26 32 16 7 25 25 17 29 18 27 20 22 28 21 37 31 17 18 17 6 21 17 19 33 19 7 15 27 33 10 19 29 14 23 16 17 7 23 34 
30 32 18 17 14 31 23 20 29 30 29 27 28 22 20 26 26 14 28 10 21 29 26 25 16 20 12 22 21 13 15 17 11 11 24 14 30 13 22 27 
21 29 17 17 9 26 21 20 19 27 36 24 28 25 17 22 8 8 18 22 15 17 25 22 33 32 14 23 28 29 13 19 25 18 18 12 30 13 12 24 
26 36 27 13 17 24 20 13 14 28 24 20 25 25 17 23 18 21 19 11 33 18 34 22 30 28 14 26 25 12 16 26 26 22 14 16 32 19 19 17 
32 21 21 20 18 15 36 13 26 24 30 11 19 17 18 29 28 28 30 9 15 17 33 29 36 26 21 10 19 9 16 15 35 25 19 15 23 20 21 30 
21 27 26 11 15 25 21 21 12 21 25 22 25 33 8 36 12 19 12 20 26 19 21 27 20 17 12 24 25 24 9 26 40 21 17 18 39 17 18 29 
17 41 25 16 17 33 21 16 29 16 30 24 26 23 17 26 30 26 10 19 19 17 19 26 33 37 15 29 25 28 15 17 44 15 16 16 21 17 19 15 
27 41 23 21 17 31 26 17 23 23 34 20 23 28 24 14 19 22 13 25 23 23 25 15 24 37 15 20 21 19 12 17 25 19 17 16 25 13 7 25 
13 35 18 12 17 9 30 15 31 24 16 25 27 31 7 30 26 24 23 23 30 22 29 23 31 28 17 24 28 23 15 24 32 17 10 12 22 23 23 27 
30 57 20 18 8 13 19 20 23 33 17 19 7 27 23 28 18 24 14 19 32 17 27 24 27 34 14 23 25 31 15 23 35 15 22 8 29 11 14 34 
26 46 4 13 7 34 20 13 16 26 24 17 23 16 25 25 24 35 13 28 17 22 26 21 30 34 23 23 25 40 16 18 25 7 19 10 45 22 27 19 
21 38 21 17 18 11 15 14 30 20 36 18 37 17 8 36 28 26 17 19 29 13 23 20 18 25 20 23 15 15 19 23 22 16 22 16 17 18 12 40 
7 32 20 15 16 33 24 13 16 24 28 19 28 32 17 29 14 16 21 18 37 19 24 17 25 32 13 21 25 27 13 20 26 12 16 9 11 15 15 32 
32 26 17 15 22 36 19 10 25 27 27 11 29 25 21 31 12 14 26 9 27 19 25 25 22 17 25 15 18 28 16 18 28 13 9 22 7 25 29 12 
33 13 23 15 24 22 23 15 21 22 27 17 20 16 12 32 27 19 17 22 27 22 31 21 23 23 7 21 28 36 19 27 36 19 26 15 35 25 22 10 
39 32 17 18 10 25 17 13 14 15 20 22 27 25 26 25 14 11 23 24 23 19 38 27 27 18 18 27 18 27 12 22 42 11 19 14 35 11 19 31 
15 28 30 16 15 40 21 11 15 27 39 18 36 36 11 25 19 29 30 12 31 26 15 28 21 12 18 16 21 25 20 28 21 16 7 11 25 19 15 26 
25 27 24 19 20 34 25 23 20 22 32 13 21 12 17 20 11 25 29 21 13 26 39 24 31 18 10 22 27 25 22 21 23 23 23 21 24 13 25 51 
25 45 7 18 12 18 21 12 23 33 22 18 31 18 23 37 22 16 24 17 22 25 21 14 32 15 11 22 16 33 18 16 25 15 19 11 23 15 25 20 
25 26 26 13 15 25 23 22 22 21 25 21 43 23 23 25 12 18 17 17 19 20 26 17 19 39 11 31 32 21 9 30 30 20 18 17 32 17 24 18 
38 37 26 16 21 26 18 17 25 25 23 33 8 14 24 23 18 19 24 23 28 20 27 21 16 31 16 22 24 42 8 10 37 22 21 14 20 29 20 30 
42 42 27 15 17 34 27 14 28 25 12 18 34 28 22 21 21 19 17 11 19 25 29 13 34 35 11 23 31 16 18 18 37 21 22 11 31 29 18 35 
17 27 28 15 17 22 20 18 29 28 35 21 28 32 16 25 20 15 24 34 22 12 16 25 34 22 15 21 28 19 14 23 37 19 18 18 35 18 21 28 
36 31 27 12 19 26 19 15 20 14 19 18 18 24 22 22 20 31 26 19 21 11 19 19 30 23 17 17 27 13 18 15 25 9 23 12 24 14 21 17 
40 19 23 13 19 29 19 21 19 24 31 13 29 19 13 14 22 13 26 11 26 23 25 21 21 32 16 23 26 19 19 24 35 19 16 16 34 16 18 20 
28 11 20 20 19 11 16 18 32 22 25 15 35 20 17 27 11 18 29 19 33 36 17 25 14 27 17 31 29 25 8 22 29 18 17 16 32 18 13 24 
30 32 23 15 8 24 37 21 16 24 32 20 27 31 18 36 13 23 21 21 34 18 39 30 35 29 17 30 23 23 19 14 32 19 24 24 33 14 17 46 
37 39 18 7 18 30 25 19 28 23 25 23 29 30 20 29 19 25 22 17 21 16 27 25 2 41 19 18 18 21 9 16 11 18 17 12 40 11 15 15 
29 27 19 16 17 31 22 15 16 33 33 21 35 15 27 43 7 27 14 20 41 17 29 24 24 16 10 17 24 37 15 22 27 23 17 18 27 18 22 8 
26 23 18 19 17 26 31 15 20 27 24 28 22 16 13 20 6 12 21 11 15 22 30 10 23 23 13 32 15 34 15 24 27 9 18 20 27 15 29 10 
25 27 19 11 16 50 9 23 27 12 29 10 21 25 24 24 16 12 26 12 43 15 10 19 25 30 14 16 25 34 23 20 29 22 15 8 21 12 22 24 
29 32 28 10 9 27 22 16 23 35 19 18 23 31 31 34 16 5 20 17 20 30 29 21 27 14 12 19 8 18 20 20 24 16 18 12 24 21 24 30 
41 36 24 19 14 29 29 19 23 24 19 22 28 26 23 36 10 31 19 17 26 31 26 17 30 25 18 28 27 27 11 27 28 23 19 16 20 12 20 23 
21 14 29 14 16 48 24 21 17 17 30 17 23 22 16 20 24 9 30 14 25 19 14 19 21 25 9 26 18 33 14 27 25 25 28 11 36 22 23 25 
17 28 20 17 14 37 17 14 19 25 37 17 26 22 18 15 27 28 23 15 25 15 22 18 19 19 18 29 26 12 20 14 26 29 22 10 31 19 19 44 
31 32 33 8 12 30 28 15 13 24 28 14 37 20 21 33 17 14 11 27 12 21 37 19 16 24 9 18 30 24 12 8 29 22 17 16 40 17 17 16 
8 28 25 10 6 33 19 20 36 21 32 21 33 16 15 36 19 17 24 18 18 31 27 12 20 21 15 26 24 34 16 18 25 18 18 16 32 19 15 23 
36 19 28 8 15 31 23 12 24 17 19 16 26 31 32 17 29 24 16 13 30 16 26 31 13 24 11 20 32 35 14 16 25 20 15 24 32 20 17 24 
42 38 18 21 10 15 23 23 22 19 32 18 27 40 12 25 9 27 21 20 26 17 21 22 27 26 17 37 28 27 18 30 38 21 20 12 29 21 24 18 
24 32 23 11 19 16 17 24 25 31 27 33 42 31 24 25 31 25 8 19 31 25 29 22 24 29 14 25 23 24 17 26 27 17 31 15 18 17 22 18 
36 29 21 5 11 40 23 19 25 33 23 30 30 27 17 23 12 2 27 20 18 7 14 17 15 24 11 16 15 30 7 17 26 17 26 18 44 22 21 28 
33 14 17 10 8 19 32 13 20 25 26 13 24 26 22 26 13 19 23 15 32 23 21 17 20 43 10 29 33 29 19 19 18 13 21 18 25 22 15 23 
20 26 17 13 15 19 18 16 17 26 33 15 23 25 22 20 22 42 27 19 33 21 31 17 27 35 20 19 22 25 16 14 23 26 20 26 19 19 15 22 
30 12 23 8 14 34 16 17 30 19 16 23 25 18 21 33 21 17 16 18 21 28 29 32 35 20 18 23 21 27 17 23 25 10 20 11 30 16 18 26 
23 28 31 17 16 37 21 19 31 27 19 27 24 30 20 22 25 13 14 24 19 12 35 17 18 31 7 30 22 37 14 17 12 16 24 17 28 23 13 25 
32 26 15 12 11 30 23 16 22 16 34 27 31 27 28 32 16 13 21 26 22 14 19 27 28 20 15 20 33 37 16 21 15 11 17 19 24 13 21 29 
29 36 32 21 17 23 16 17 27 20 33 13 17 20 13 27 34 30 16 20 26 25 33 30 21 26 15 30 18 24 17 21 19 19 24 18 31 19 18 34 
29 19 29 15 19 27 18 13 20 21 25 19 21 17 21 37 23 13 22 14 16 22 44 25 25 36 11 20 16 28 16 19 47 17 13 17 19 26 21 25 
22 26 28 13 13 41 16 21 22 28 17 18 22 36 15 23 25 18 18 16 16 20 19 17 16 35 19 19 32 16 17 20 28 14 10 19 20 12 13 22 
24 34 13 15 18 20 13 17 26 26 26 21 26 19 17 30 23 21 18 15 13 26 10 24 16 41 13 14 14 42 12 30 20 16 18 10 30 17 19 29 
35 26 11 21 15 39 15 10 22 20 30 24 31 34 20 31 10 15 15 14 29 14 26 27 17 22 13 14 27 21 15 20 36 22 21 16 24 13 21 20 
28 30 17 10 28 34 25 19 33 21 31 23 24 34 18 32 22 25 23 19 22 28 13 25 22 33 19 13 22 22 11 24 27 11 9 11 25 24 29 28 
39 36 27 14 12 32 10 16 18 22 20 15 27 24 19 51 14 19 31 21 30 22 38 9 35 9 15 19 22 19 10 18 24 25 22 10 34 16 14 23 
31 24 24 21 7 26 14 16 22 27 40 14 28 14 9 20 20 18 26 8 23 10 22 15 32 11 13 18 16 23 16 18 23 14 25 13 33 20 21 18 
30 47 20 21 7 26 20 19 24 14 23 18 21 34 13 28 25 25 20 4 31 18 23 13 17 26 21 15 32 27 12 15 22 9 21 17 25 17 26 40 
24 32 15 13 16 22 13 13 17 17 22 17 35 37 17 27 23 12 14 18 25 22 30 14 35 20 17 18 19 15 7 19 39 26 18 18 26 15 20 28 
24 32 20 12 17 26 15 23 16 20 12 21 25 31 22 23 19 19 31 17 16 25 33 20 13 10 16 23 22 20 10 35 41 21 20 10 13 19 23 4 
9 36 15 11 19 30 15 18 21 18 29 20 26 23 19 32 9 22 11 16 35 22 8 19 9 34 17 23 20 19 17 15 25 25 29 8 38 23 18 18 
32 41 22 10 13 35 15 24 20 22 31 23 13 26 24 24 19 25 23 9 34 16 33 22 44 15 13 27 22 27 13 19 12 20 14 18 22 28 27 28 
34 25 28 13 19 20 23 12 22 19 28 15 27 30 15 14 24 16 13 26 16 19 32 23 41 30 16 17 23 22 20 18 22 8 20 15 35 20 17 31 
42 36 27 18 16 31 23 17 23 27 41 18 28 32 21 39 15 17 17 24 35 20 25 21 5 24 18 24 13 30 13 19 27 15 20 9 21 24 12 22 
35 27 26 9 20 8 25 13 21 19 19 13 19 29 11 32 23 26 26 7 34 12 19 18 28 33 11 9 17 31 11 11 22 27 16 14 26 22 22 26 
24 29 22 13 18 30 22 13 21 23 26 15 32 25 28 21 29 23 18 26 26 22 26 16 26 30 12 10 18 30 20 22 34 23 19 11 23 14 18 29 
31 30 20 23 11 15 15 14 33 14 17 10 37 41 13 25 13 25 10 14 26 19 27 17 28 21 20 15 33 31 27 24 34 13 16 16 19 25 23 16 
38 15 21 12 13 35 27 13 30 31 20 20 33 23 17 19 28 22 10 11 18 21 23 22 24 14 18 25 23 24 11 17 18 15 25 15 43 18 20 17 
41 22 17 3 15 29 28 18 23 31 27 11 25 27 10 26 21 23 29 15 17 21 37 24 30 34 14 19 30 27 12 23 32 8 13 10 20 18 15 34 
26 46 21 19 23 22 21 13 19 26 29 21 35 23 23 26 12 17 29 31 27 16 41 21 28 24 13 23 14 18 11 12 40 11 10 11 20 17 22 23 
7 30 24 13 15 32 17 14 24 25 20 22 42 22 16 25 12 18 22 29 22 26 27 17 39 32 18 28 22 25 18 23 20 18 17 11 19 14 21 34 
20 39 35 11 14 27 18 18 38 21 26 22 11 32 3 20 20 25 12 16 29 20 25 19 33 21 14 21 15 28 15 14 29 21 23 20 35 15 17 38 
16 22 31 15 16 31 26 15 17 22 19 20 27 21 23 25 25 26 19 19 34 18 29 16 33 30 15 17 16 26 26 7 36 18 22 11 39 26 32 17 
13 32 32 16 22 19 18 17 27 18 11 21 25 30 14 24 26 18 31 16 19 16 37 23 37 37 19 17 14 20 16 19 34 23 23 20 24 22 8 41 
24 24 17 16 9 25 20 16 29 30 25 18 33 29 27 23 31 30 21 16 15 13 15 26 29 39 14 20 24 28 19 19 24 22 13 11 23 7 16 28 
12 30 21 22 16 17 28 16 28 20 21 19 36 19 21 20 23 33 23 12 26 21 17 30 19 41 16 20 28 22 12 23 37 12 22 14 18 14 27 19 
40 8 26 15 19 30 32 14 25 20 21 20 26 30 9 31 16 19 18 10 22 19 35 20 37 10 14 18 18 26 10 17 31 13 11 20 34 14 21 26 
36 30 31 19 18 20 19 11 35 25 35 14 18 16 17 29 25 24 13 14 32 21 28 20 24 16 15 12 9 20 17 22 20 16 6 19 16 22 23 18 
23 38 19 17 16 39 16 24 13 25 19 17 40 27 10 26 21 10 25 15 28 16 19 23 35 25 16 20 19 36 19 21 26 9 20 18 12 25 13 22 
24 32 25 10 19 21 20 14 27 34 31 12 18 30 21 19 21 18 17 17 12 22 21 25 23 15 11 22 36 21 23 11 18 18 21 11 9 17 29 30 
48 46 25 20 9 32 17 13 27 22 18 7 11 16 20 28 21 21 8 22 30 23 12 20 16 32 12 13 31 41 13 15 36 21 21 11 27 16 22 22 
25 39 10 16 12 25 21 18 21 30 34 18 30 22 14 29 19 7 25 15 20 25 29 14 11 28 21 15 20 35 20 17 13 18 27 18 38 17 23 36 
29 25 11 15 16 22 15 9 18 23 41 16 18 37 18 22 15 14 13 10 24 17 35 25 27 34 18 18 20 20 13 15 28 20 22 13 28 7 22 17 
16 42 19 17 11 27 24 11 18 22 29 20 33 40 20 13 23 22 21 22 25 16 32 27 8 8 11 30 25 43 12 18 15 24 23 11 27 9 25 40 
17 30 29 16 18 26 15 21 35 31 25 28 7 22 15 24 18 19 17 19 27 28 26 26 25 28 23 20 16 40 14 26 28 17 22 19 25 15 23 29 
15 32 17 14 17 35 26 14 27 34 34 19 24 51 20 36 24 22 16 16 26 21 22 16 21 23 13 24 5 22 6 24 42 13 15 11 25 22 23 30 
16 20 16 11 17 33 22 21 16 18 12 22 26 22 23 24 13 20 16 21 20 22 28 18 20 15 12 15 17 30 18 18 21 20 11 16 41 17 12 48 
30 27 11 15 16 15 26 20 33 29 23 19 23 12 6 25 14 21 17 25 27 25 25 18 24 29 7 19 19 19 18 18 30 20 18 22 44 12 19 23 
14 32 13 19 15 21 29 17 34 5 26 18 36 40 14 38 18 22 26 14 15 30 27 24 24 26 13 27 20 45 16 19 37 20 21 15 39 12 17 23 
31 20 31 11 18 26 21 12 20 20 22 14 28 32 22 17 11 29 28 20 32 19 16 23 31 30 15 25 20 30 16 23 48 19 23 17 19 13 25 39 
22 36 23 11 12 19 13 15 24 21 26 10 32 30 20 36 18 19 35 23 26 23 20 24 30 42 13 13 16 25 16 25 26 22 24 15 33 17 25 26 
25 31 18 14 20 22 18 13 27 20 26 16 21 26 11 19 23 14 12 16 19 18 25 9 43 19 19 14 23 26 13 20 16 22 12 25 29 31 20 25 
36 43 27 17 17 32 24 14 27 26 31 29 16 22 23 23 24 24 15 18 18 19 22 17 46 47 9 14 13 24 16 21 37 18 16 17 23 9 19 12 
37 22 21 15 19 34 10 11 24 17 42 12 30 36 22 18 19 21 19 15 25 18 21 17 26 41 20 23 12 34 19 20 25 12 7 21 34 18 19 20 
23 19 24 13 11 24 8 18 28 21 24 21 34 23 27 21 16 15 7 21 20 19 24 31 36 34 16 20 22 21 14 24 36 14 14 16 28 18 20 24 
21 28 19 14 6 39 17 20 29 23 36 28 16 31 25 29 23 18 24 18 11 23 29 20 26 24 14 21 15 27 18 14 26 11 27 17 12 20 19 12 
28 22 27 11 17 40 19 19 16 17 22 21 22 14 18 37 34 28 21 6 15 17 32 15 35 30 9 26 14 31 10 31 28 26 15 11 17 19 23 11 
11 19 28 10 22 41 23 16 26 23 25 20 29 21 20 25 21 16 26 20 28 24 24 23 32 22 13 21 18 28 20 24 3 23 23 13 28 12 26 25 
27 22 28 18 24 30 27 18 23 21 26 14 30 21 23 17 14 18 21 16 33 17 18 18 18 25 18 8 30 15 17 20 23 18 19 12 31 15 21 21 
35 28 28 20 18 35 14 18 22 18 23 15 35 16 18 25 6 23 22 20 34 22 21 25 26 25 18 19 19 23 28 26 37 29 14 14 38 13 20 31 
28 40 19 17 22 27 24 16 19 30 34 31 30 15 21 21 23 24 9 26 21 21 26 30 21 30 15 15 21 21 9 15 41 21 23 14 20 16 18 30 
30 25 24 15 19 32 22 26 26 23 35 14 35 33 13 34 23 16 21 22 21 26 25 17 35 26 14 22 21 25 19 15 31 17 16 16 17 19 17 29 
33 20 23 16 15 28 41 17 20 19 22 29 38 23 21 44 22 24 12 16 21 26 21 23 30 7 15 30 25 27 21 21 24 16 14 18 27 13 15 32 
23 18 24 16 14 24 25 14 26 22 25 24 28 9 23 20 17 26 19 19 26 20 13 9 24 29 17 20 33 13 13 26 17 23 22 13 28 16 22 38 
32 27 27 23 18 10 30 16 29 28 13 17 34 29 22 14 24 25 19 15 30 17 24 11 20 30 11 30 23 24 22 18 32 18 23 13 28 9 22 25 
24 39 28 20 16 34 21 16 30 26 23 24 21 14 33 18 17 24 13 19 22 9 28 13 37 25 13 13 12 29 11 21 33 17 17 17 40 21 20 20 
49 28 14 14 18 28 20 20 32 35 21 14 33 28 22 17 24 21 27 21 24 21 22 12 36 20 15 15 28 33 11 11 24 23 14 13 35 16 17 24 
19 27 18 12 12 33 33 10 29 29 30 20 30 13 20 34 23 28 33 24 30 18 28 18 23 22 17 19 17 24 21 13 27 12 17 16 40 14 25 34 
18 26 27 13 21 26 24 25 19 22 17 23 38 31 21 28 21 19 12 13 17 20 30 23 33 32 20 22 20 28 22 17 32 15 26 15 30 16 14 23 
22 26 17 19 17 27 23 19 31 19 30 17 21 20 14 35 16 23 24 19 20 19 18 15 36 32 18 16 21 22 25 11 28 14 19 14 29 19 15 29 
16 14 13 19 19 14 23 16 29 20 16 22 19 20 17 36 27 17 15 21 34 24 37 15 23 28 23 15 19 25 20 24 30 17 15 19 17 27 22 23 
26 35 29 11 17 28 14 18 36 25 20 24 13 28 23 21 25 17 32 16 26 17 22 18 21 11 14 27 31 44 14 14 23 23 17 14 25 23 30 20 
20 28 21 17 17 34 23 16 21 24 21 18 27 31 8 19 23 23 18 20 26 17 21 15 29 33 20 15 28 31 17 22 28 13 22 12 28 25 20 31 
14 39 26 9 21 22 20 24 25 20 22 18 28 11 21 37 10 23 16 20 32 19 35 26 16 19 15 8 20 37 15 15 29 17 20 17 38 29 22 35 
42 18 21 14 16 19 22 19 42 23 25 24 29 41 19 20 18 30 23 29 28 29 14 17 25 46 22 17 23 33 13 22 30 19 18 21 21 24 22 6 
30 29 18 11 19 20 29 21 10 25 20 13 21 32 21 28 28 28 20 20 30 20 19 24 27 17 7 19 30 30 16 19 16 21 24 17 11 15 23 39 
30 33 14 19 23 32 12 16 16 30 30 17 37 22 11 19 17 8 8 14 29 19 18 11 20 16 11 33 23 27 13 19 35 21 24 13 32 25 12 13 
21 32 13 20 18 39 31 14 24 22 42 19 19 27 20 23 18 28 22 20 27 13 26 18 17 32 19 20 30 30 9 22 28 14 25 12 32 19 21 23 
14 45 16 16 17 28 17 13 17 13 24 20 26 18 23 17 21 6 20 19 39 24 22 21 42 13 18 22 32 29 10 21 22 6 19 16 28 19 24 28 
24 27 23 14 17 38 13 28 18 28 26 18 38 26 21 30 4 20 25 27 24 24 18 19 10 26 9 20 26 25 13 24 40 21 10 20 32 22 27 29 
26 36 22 22 16 30 26 13 23 19 34 18 27 24 25 32 34 27 35 11 35 21 21 35 33 26 16 27 35 20 15 15 28 20 12 19 10 17 16 38 
39 29 10 16 17 27 26 13 24 26 8 13 18 27 14 33 8 20 20 23 35 17 23 26 21 17 19 25 21 15 18 11 32 14 28 20 30 20 20 35 
34 40 19 16 13 21 35 21 23 11 20 24 23 35 19 29 29 21 21 14 22 15 29 27 33 25 14 10 32 24 10 18 25 15 13 11 39 24 18 32 
15 26 28 18 14 18 22 16 21 20 26 17 9 24 26 25 23 21 30 17 13 27 24 25 26 39 18 29 26 26 21 22 26 20 16 13 28 19 26 31 
22 28 20 11 17 34 15 12 22 17 15 19 17 17 16 23 24 25 32 16 25 8 28 16 30 41 20 20 29 12 18 23 17 19 15 13 30 23 20 31 
26 25 22 21 26 33 18 10 14 18 33 21 35 15 20 17 24 17 17 17 35 12 15 25 37 25 18 26 22 34 17 22 38 25 19 17 22 22 22 37 
23 22 16 15 15 26 19 18 16 30 29 29 27 26 20 32 25 26 30 15 14 22 20 19 18 29 19 24 14 19 11 17 20 24 9 12 29 25 16 20 
18 31 22 15 15 20 18 19 27 25 23 25 36 23 16 26 12 14 29 7 36 29 26 11 37 34 17 16 19 35 14 26 19 20 12 14 35 22 18 32 
19 39 20 20 17 33 26 20 20 33 18 20 25 28 23 34 23 13 8 4 31 20 26 25 32 33 20 21 15 30 9 19 29 24 17 16 23 16 21 16 
28 31 26 14 13 30 19 13 20 16 24 13 38 10 28 25 16 20 14 16 21 21 24 19 19 35 14 19 20 10 12 20 30 19 18 12 31 13 13 24 
21 26 24 10 16 20 9 16 30 17 14 18 23 32 24 23 14 20 21 18 25 24 27 24 30 31 21 15 20 30 16 14 34 19 18 17 33 19 17 17 
43 31 12 16 14 35 19 10 26 29 24 15 27 25 19 35 21 28 22 9 24 10 27 20 30 23 19 16 17 24 15 23 22 23 15 17 24 23 18 37 
21 34 16 19 19 14 17 15 26 19 29 17 17 14 18 30 16 20 23 15 27 31 30 32 22 22 17 17 27 29 14 13 23 18 14 17 25 11 17 36 
33 29 23 18 20 28 16 18 13 29 21 19 34 29 16 31 27 30 25 15 29 26 17 27 20 26 9 26 20 23 17 15 31 15 19 9 25 13 19 24 
28 34 16 19 19 13 16 16 25 25 21 6 22 31 17 16 19 18 23 26 23 26 23 23 45 26 17 20 22 32 13 21 34 18 7 17 45 23 14 18 
24 25 21 16 17 38 27 8 22 22 28 6 34 27 20 20 27 26 7 16 42 25 20 23 20 18 14 22 14 21 11 14 29 13 7 16 27 11 15 24 
44 45 22 11 9 42 18 14 21 32 28 28 38 23 13 31 25 21 12 16 29 15 23 29 14 19 17 11 12 26 18 33 24 21 18 17 33 21 28 22 
35 39 14 19 17 31 18 13 18 24 13 21 24 13 15 23 22 17 20 7 10 12 26 17 28 37 18 11 20 33 12 17 34 12 19 13 40 22 19 7 
36 33 21 11 16 27 26 15 20 20 20 20 24 28 17 34 18 26 24 27 26 13 18 27 20 38 9 7 23 43 18 18 26 21 24 9 21 24 21 24 
42 49 20 16 22 34 16 22 35 22 24 23 36 18 16 41 22 19 34 19 31 27 21 7 36 41 25 26 21 36 12 18 38 28 15 18 31 16 17 38 
39 37 29 19 20 32 12 15 13 9 15 20 26 30 12 33 12 16 27 14 24 18 25 27 21 35 15 18 22 32 19 17 17 18 19 12 35 15 13 37 
36 27 33 12 17 35 28 24 17 29 20 19 37 23 11 20 6 15 19 8 17 10 25 11 30 28 15 22 20 26 13 26 15 14 22 14 16 25 14 19 
27 27 19 18 18 21 25 14 14 21 33 28 30 25 17 22 13 28 26 17 31 22 19 16 42 25 14 13 14 38 24 16 27 14 12 15 20 7 17 31 
36 28 8 11 9 35 18 13 37 26 15 17 27 33 25 21 25 19 24 12 37 25 9 16 18 20 21 16 17 28 15 19 33 20 28 12 19 13 28 24 
43 31 18 12 13 43 26 16 29 22 12 26 41 26 29 23 17 23 18 14 29 18 26 28 23 28 16 20 12 15 18 18 33 20 25 5 38 14 21 33 
38 55 11 20 16 30 29 17 17 25 30 11 48 33 17 17 24 25 32 20 24 22 29 21 20 33 16 17 24 38 18 16 24 23 17 16 30 18 15 36 
27 40 29 13 15 8 22 16 30 22 31 22 26 24 23 24 15 24 20 15 24 15 33 22 34 28 17 11 24 26 7 7 20 27 22 13 40 20 17 25 
25 30 24 20 17 23 23 9 7 26 26 26 23 30 26 18 29 7 20 11 31 19 39 13 28 29 15 26 17 20 12 22 28 22 23 21 18 20 24 22 
20 20 29 14 12 29 38 16 18 25 20 18 18 29 21 15 11 24 20 22 19 31 23 13 23 30 19 32 28 28 14 19 28 19 23 12 21 14 16 30 
24 27 29 18 12 24 16 17 26 24 17 23 17 23 25 29 25 16 25 18 25 13 16 24 21 34 17 22 28 37 21 27 27 20 18 9 31 13 14 26 
15 50 11 16 15 17 23 14 18 17 33 28 24 23 16 30 26 13 19 13 35 7 30 24 29 6 15 13 23 20 15 15 39 18 13 16 18 12 28 35 
14 22 22 22 9 35 21 16 18 17 24 24 33 27 28 35 14 13 29 17 34 27 21 19 31 35 13 24 27 27 18 26 21 19 15 14 24 11 20 37 
25 13 22 11 18 33 9 13 20 19 28 6 32 34 15 14 26 14 23 22 25 22 20 10 37 34 16 23 25 25 17 26 28 21 16 16 34 15 13 3 
28 29 10 16 15 39 14 22 21 12 25 22 21 16 18 23 22 19 18 28 25 15 27 25 24 24 11 20 13 9 10 21 38 20 13 22 25 19 19 12 
22 29 24 16 15 15 15 12 22 28 33 18 27 23 21 32 10 19 20 15 18 17 19 25 31 23 21 21 32 22 9 23 15 27 26 19 25 19 16 36 
16 4 24 12 19 34 21 14 21 28 26 13 37 21 32 26 23 19 23 20 33 24 22 17 39 41 17 19 34 37 13 23 28 20 17 14 4 16 20 19 
21 34 23 14 18 31 22 16 30 22 19 21 27 29 30 32 22 12 17 16 31 19 34 24 20 43 10 26 28 29 19 11 27 18 7 16 28 15 7 36 
31 32 21 14 16 15 28 18 18 22 15 27 30 31 20 17 31 10 23 12 33 21 34 35 38 24 12 21 18 36 15 22 33 30 24 14 35 15 22 27 
20 25 23 16 23 31 21 18 28 25 24 11 23 31 18 25 21 15 10 23 33 15 39 22 27 18 14 28 29 41 21 21 45 9 12 16 29 17 22 28 
27 19 27 17 14 11 29 21 24 16 19 26 37 38 26 20 21 16 23 19 18 25 27 26 35 18 16 24 13 22 15 24 32 15 22 16 16 20 29 18 
43 35 16 18 14 28 17 20 29 23 27 22 38 33 23 27 22 15 19 9 22 14 32 22 34 27 8 25 23 23 9 14 31 31 31 18 34 21 22 21 
33 39 19 7 15 26 27 23 26 14 16 13 27 37 17 27 22 26 18 20 24 19 29 27 20 30 18 13 25 19 11 16 30 26 14 12 44 14 19 26 
7 29 15 8 17 26 26 22 20 31 25 22 20 18 18 32 16 27 21 7 16 24 28 25 19 26 22 19 22 18 16 9 35 26 16 16 15 20 16 36 
29 23 20 20 18 19 21 15 23 16 30 28 23 31 20 31 25 24 14 19 37 21 29 19 29 25 3 19 20 13 21 16 29 22 21 14 35 14 18 32 
24 15 24 19 11 40 27 21 21 18 8 16 45 24 29 34 19 21 19 14 21 15 32 19 23 7 11 17 20 32 7 22 25 17 27 22 17 16 10 29 
32 28 13 9 13 32 23 21 19 25 32 35 34 16 17 38 26 11 25 17 35 21 23 23 21 34 12 18 10 28 17 19 31 19 12 15 20 17 23 41 
31 40 27 9 23 36 28 14 29 22 33 21 24 31 19 27 26 25 22 24 25 10 31 17 28 30 14 25 26 20 15 23 36 11 13 13 29 23 20 26 
21 30 10 14 20 19 20 12 23 23 35 21 37 7 13 26 14 28 19 15 22 15 32 23 20 16 10 30 27 36 17 17 25 15 16 9 25 24 20 35 
10 30 13 19 15 30 35 24 22 28 37 28 29 25 27 22 14 26 32 9 13 14 20 15 30 28 15 25 26 43 14 15 26 21 15 14 28 11 15 43 
25 33 25 11 14 36 22 20 26 18 27 15 20 26 13 19 16 18 24 17 24 22 14 25 22 16 17 18 21 26 16 14 31 9 21 10 29 25 14 35 
23 35 21 9 16 24 22 16 21 28 18 20 25 25 20 33 21 13 27 19 28 20 28 26 14 26 15 27 20 43 14 24 29 22 14 15 28 14 8 24 
26 43 22 15 14 45 28 18 32 17 17 21 30 29 20 34 21 20 36 21 18 13 27 16 24 32 15 19 23 27 11 25 21 17 26 16 24 24 16 27 
34 23 20 14 13 20 17 10 19 13 24 22 29 17 20 29 21 12 29 11 21 22 30 10 19 17 18 25 15 16 11 22 24 23 29 14 21 17 13 24 
37 16 22 17 10 31 25 19 37 21 16 18 29 20 23 22 30 14 23 14 26 16 23 23 20 23 11 16 19 34 17 20 31 20 25 15 29 7 16 27 
18 38 26 16 8 22 17 14 27 26 19 13 23 25 21 16 20 21 16 16 27 23 14 14 24 20 20 16 29 30 17 22 24 15 16 12 29 11 21 37 
37 24 28 16 14 30 19 22 15 22 19 25 27 17 25 26 19 12 23 24 25 27 17 15 21 30 5 15 16 13 7 29 43 11 14 14 41 21 21 30 
21 31 14 19 18 32 19 7 17 23 19 14 29 19 11 28 17 32 24 19 24 29 11 22 26 26 16 29 13 32 19 19 28 23 13 18 20 6 24 28 
38 15 20 12 17 33 11 7 25 20 20 10 31 31 16 27 11 21 21 19 33 16 27 19 22 28 14 12 35 37 15 25 35 25 13 20 20 19 15 31 
34 39 8 19 10 29 20 16 13 20 20 25 24 19 28 24 18 17 18 15 20 13 19 11 42 33 17 25 18 24 11 14 32 14 13 17 14 16 19 23 
37 21 24 13 14 36 32 16 21 13 30 17 29 16 35 21 26 14 25 21 15 28 24 27 32 20 17 32 22 34 13 17 23 27 14 10 28 17 13 28 
28 28 16 18 16 23 15 17 15 16 31 17 24 29 14 27 25 15 19 24 20 15 17 31 40 27 16 9 34 29 11 12 40 9 24 15 34 18 27 23 
27 21 29 22 18 31 18 14 22 26 24 17 36 41 15 22 22 17 15 19 13 12 26 24 3 25 16 22 17 36 18 20 36 16 22 12 27 21 17 16 
28 38 15 11 23 28 35 12 16 27 34 23 29 26 19 20 26 13 24 21 30 17 21 14 20 25 10 18 21 28 22 16 25 20 18 17 39 21 23 25 
27 29 17 15 16 33 13 14 31 33 39 15 36 24 23 12 14 27 19 29 22 23 35 25 33 23 16 24 17 21 15 15 16 18 18 13 24 21 14 28 
19 38 30 12 17 25 22 19 28 14 35 24 14 29 24 20 14 8 16 25 27 28 24 24 24 29 12 9 13 35 9 20 32 21 7 8 27 21 23 20 
31 28 31 20 11 30 30 12 17 21 27 16 35 19 14 33 15 23 11 14 34 25 27 16 22 21 18 11 22 17 11 25 24 19 10 12 37 22 16 28 
27 21 25 16 24 41 18 18 24 24 24 20 29 12 18 14 20 22 25 17 31 31 29 20 21 21 8 26 25 33 15 22 22 27 23 7 28 6 20 30 
29 21 24 13 11 23 22 21 22 39 35 23 39 20 25 40 21 15 32 15 17 13 25 22 30 28 19 21 23 11 22 17 33 20 9 12 17 23 25 41 
21 23 16 13 19 14 22 19 26 29 20 20 28 17 14 28 21 20 23 13 24 26 25 6 27 4 12 21 28 37 12 11 31 13 23 18 23 25 20 17 
19 32 24 15 8 20 33 14 25 26 33 13 27 15 10 19 20 26 34 24 17 18 24 25 32 22 17 24 29 32 19 24 13 30 26 12 21 13 23 36 
44 47 25 9 17 27 22 16 22 21 29 15 47 29 24 20 17 16 22 18 18 20 31 22 42 13 15 18 23 19 10 20 42 29 28 18 19 17 19 28 
32 43 21 18 12 29 17 20 22 16 29 17 24 14 20 16 15 16 27 21 28 27 19 32 36 12 14 13 30 20 17 14 23 26 15 16 29 25 19 23 
32 28 27 15 18 24 10 16 25 35 25 12 9 24 21 18 7 23 22 26 25 24 19 21 24 29 13 22 11 40 13 24 16 13 12 19 41 11 14 34 
36 42 29 10 13 23 26 24 21 18 19 18 23 17 15 34 31 24 24 12 23 20 21 22 30 35 17 14 37 24 16 24 43 13 13 11 24 20 21 37 
33 25 27 16 12 25 12 17 29 30 25 19 25 23 13 27 12 19 34 8 24 23 25 20 22 33 14 16 14 26 16 21 36 20 24 13 45 15 17 37 
47 18 19 22 18 19 24 17 32 24 22 31 24 13 8 16 20 25 24 20 28 30 21 5 16 34 16 16 27 27 15 13 43 13 13 9 19 18 20 30 
32 30 29 15 14 30 26 27 27 30 19 21 18 34 14 26 25 26 15 13 31 17 21 21 27 38 18 24 17 23 20 24 35 13 14 17 30 14 21 24 
36 26 19 9 12 33 27 22 19 23 27 16 20 17 18 17 22 32 23 23 27 19 13 32 20 36 12 25 22 35 22 10 22 20 15 15 25 20 25 22 
41 19 12 13 21 28 23 14 18 25 25 18 25 30 18 26 12 25 20 17 25 16 34 22 36 22 12 17 29 22 13 16 35 13 22 16 20 14 12 40 
20 48 24 22 17 31 14 17 22 22 31 20 31 14 18 22 18 18 18 24 28 21 32 17 26 32 18 27 13 20 12 24 28 25 14 13 28 30 21 23 
14 18 38 21 18 25 15 15 23 38 14 19 45 22 14 49 28 18 20 22 29 14 24 30 25 21 12 29 20 35 13 21 25 28 24 12 42 15 25 27 
10 26 16 16 15 37 19 16 25 27 20 29 36 18 12 28 25 26 20 22 25 21 18 23 4 18 18 17 33 34 16 23 18 12 14 12 30 23 18 32 
27 25 29 11 21 32 27 22 35 32 20 24 45 29 17 14 23 19 21 16 39 26 30 25 32 32 12 19 20 28 19 18 31 17 26 11 21 10 15 27 
22 31 22 13 14 12 21 18 21 20 31 15 21 31 22 27 13 22 19 17 21 27 45 18 34 32 21 28 19 36 13 9 36 8 15 10 23 30 28 25 
21 33 16 17 22 13 19 20 16 37 30 25 22 25 23 20 10 24 20 23 28 25 23 23 11 10 15 17 21 36 15 8 34 14 12 14 19 10 20 11 
44 22 18 14 12 31 23 9 17 13 32 10 35 27 16 24 15 20 25 18 18 19 15 17 17 6 18 6 32 21 14 23 16 15 8 19 22 17 25 33 
27 17 5 15 16 29 31 19 22 18 22 24 34 22 18 10 22 25 17 13 27 16 25 21 33 9 18 19 21 30 15 24 21 16 18 5 22 12 25 23 
25 29 19 18 19 39 22 13 23 18 31 15 28 26 15 26 25 20 20 14 41 3 18 23 11 28 15 40 19 29 19 23 18 8 22 16 25 21 12 21 
37 34 31 10 11 18 28 11 18 17 24 27 12 33 11 29 19 12 25 22 26 16 20 22 42 31 16 14 24 31 6 14 40 14 12 12 32 12 24 21 
31 27 25 19 18 27 17 13 22 23 32 14 24 17 20 25 24 24 15 20 33 26 34 22 32 22 15 23 16 21 18 17 40 19 21 11 26 23 17 37 
17 36 23 20 17 27 19 10 23 26 10 21 25 23 14 30 16 22 20 16 19 27 27 24 19 25 12 15 14 28 17 10 45 15 16 17 40 11 26 19 
29 42 14 14 13 27 25 15 24 23 16 24 22 16 22 35 4 28 14 15 17 19 26 25 17 20 16 32 19 26 10 11 22 23 20 13 34 8 22 23 
32 39 24 12 17 22 14 5 19 30 30 24 32 28 23 12 22 25 21 17 27 25 21 15 41 32 10 30 27 24 12 18 44 16 21 19 25 9 15 22 
47 38 25 24 15 29 10 16 20 6 23 19 31 22 15 28 22 19 21 21 33 21 17 6 35 20 17 16 19 30 12 19 30 15 10 11 24 15 27 15 
16 19 37 13 12 45 29 16 26 15 18 20 34 19 20 26 20 17 11 15 24 13 35 27 30 40 15 18 24 44 12 23 21 16 13 15 20 20 23 26 
36 30 32 15 9 27 16 9 24 14 16 6 25 22 22 24 26 15 22 18 19 18 26 24 25 19 12 22 24 33 16 18 32 23 19 14 37 14 23 20 
19 12 13 10 20 38 24 22 17 21 31 16 29 23 18 17 20 25 14 24 33 18 28 29 18 30 15 8 27 25 10 20 15 14 27 12 28 15 15 26 
24 7 13 15 25 22 17 16 18 21 16 18 29 8 22 32 11 18 21 14 25 16 7 13 22 10 13 28 28 21 14 15 38 21 19 12 25 23 10 39 
30 43 16 21 14 30 24 17 27 19 18 24 31 32 15 22 28 23 15 28 16 25 37 28 23 28 20 18 29 13 12 24 31 27 18 14 55 18 19 27 
23 47 21 12 11 21 26 9 22 29 13 27 26 35 22 31 11 36 25 24 22 28 20 29 18 33 18 17 17 42 14 17 31 14 19 9 25 4 22 33 
21 32 18 15 10 19 24 16 26 22 27 18 31 34 18 32 3 23 21 24 33 19 20 31 35 28 12 18 27 22 19 20 41 17 17 11 15 8 12 33 
44 37 19 10 10 25 15 12 21 22 25 16 21 29 20 27 18 27 18 15 41 18 29 22 32 42 13 24 25 28 13 11 36 14 19 9 11 9 11 21 
31 31 13 16 15 23 31 24 25 14 28 21 36 43 30 28 19 34 15 18 27 10 36 21 33 25 20 21 22 14 14 15 28 20 22 16 37 18 21 25 
26 18 15 10 26 39 23 12 18 15 15 25 26 23 14 25 11 31 16 18 37 14 16 23 34 17 17 16 23 14 14 23 31 12 11 10 28 14 17 30 
28 18 14 21 19 33 22 17 12 20 27 20 39 14 25 28 14 20 20 15 14 13 35 4 26 23 20 27 28 40 13 18 28 29 18 18 31 16 33 25 
22 33 18 10 22 28 26 21 30 29 25 18 19 35 25 17 20 18 15 15 18 27 38 25 16 28 14 12 4 26 11 13 18 14 16 16 19 18 23 21 

MachineCapacities:
MachineID Capacity
0 10
1 10
