NumTasks NumMachines NumScenarios
20 2 500
TaskDetails:
TaskID ReleaseTime ResourceConsumption SuccessorsCount Successors...
0 0 4 5 1 1 
1 0 7 6 2 3 4 
2 0 4 3 2 3 4 
3 0 7 2 2 5 6 
4 0 5 6 2 5 6 
5 0 5 5 1 7 
6 0 2 7 0 
7 0 7 3 0 
8 0 4 7 2 11 12 
9 0 7 2 1 10 
10 0 9 7 2 11 12 
11 0 1 5 2 13 14 
12 0 4 8 2 13 14 
13 0 7 4 2 15 16 
14 0 3 8 3 15 16 17 
15 0 4 8 1 19 
16 0 2 3 1 18 
17 0 2 4 1 19 
18 0 8 5 1 19 
19 0 4 1 0 

31 20 20 18 14 13 12 29 21 16 27 20 26 22 28 13 35 16 10 23 26 23 35 26 13 26 15 20 19 25 24 14 26 29 20 22 10 22 17 22 
16 14 16 28 24 21 25 46 29 14 23 12 31 17 27 21 26 14 18 28 25 20 23 32 18 39 17 26 16 36 13 24 28 26 20 23 16 34 12 24 
21 27 17 30 19 23 23 31 18 11 31 23 24 24 9 23 35 15 12 28 33 33 48 17 15 32 13 32 21 19 18 15 27 26 14 20 9 23 16 21 
17 21 16 32 13 15 28 26 25 17 16 7 21 14 18 16 14 17 17 24 26 28 36 34 14 20 17 15 22 29 17 19 30 29 24 21 16 14 18 23 
30 23 15 29 16 14 16 36 23 10 33 19 20 10 25 18 20 9 10 26 32 40 20 23 8 34 13 15 20 18 17 25 31 19 12 23 17 27 16 23 
15 23 17 32 29 21 15 27 23 14 18 21 15 19 27 16 19 11 16 35 29 25 36 21 17 30 19 28 18 24 12 14 22 21 12 23 16 16 18 11 
24 13 15 30 29 21 21 23 36 13 35 21 9 16 13 17 41 18 16 31 28 29 23 27 11 16 13 18 23 34 19 14 38 12 29 17 15 30 15 40 
14 19 23 13 21 16 29 38 16 19 29 14 19 24 23 16 25 11 10 37 26 24 43 33 15 38 21 21 29 37 14 14 22 14 25 18 11 34 13 20 
22 23 14 36 12 19 25 33 34 18 27 14 30 16 21 12 15 6 16 24 16 20 44 29 20 44 15 26 18 30 13 25 26 22 12 20 21 34 14 29 
35 25 17 30 14 19 19 30 32 13 20 11 25 14 28 11 34 10 12 35 9 17 38 30 18 31 15 25 9 27 19 23 21 26 14 21 15 19 15 27 
19 20 14 26 11 24 31 30 17 19 38 17 11 16 20 8 31 10 13 39 24 25 25 25 13 16 15 18 14 23 17 25 24 26 19 14 7 31 10 44 
19 39 17 24 30 18 12 30 30 15 33 17 24 8 21 21 28 7 19 36 27 30 26 24 7 18 21 16 22 23 18 24 37 30 15 29 23 18 14 18 
25 27 25 29 9 22 24 27 29 6 24 15 24 16 15 22 23 12 11 22 30 23 16 22 9 36 15 27 34 34 18 17 25 15 16 32 10 24 7 12 
13 31 20 37 28 15 16 24 20 18 39 17 17 19 12 17 23 12 17 35 26 30 30 22 8 16 20 25 22 23 7 15 28 31 14 19 21 25 14 36 
20 29 28 29 32 19 20 25 30 14 35 23 20 21 20 12 33 12 12 34 41 35 36 18 14 14 14 16 6 30 14 18 26 32 17 13 14 13 11 22 
17 32 21 17 15 15 31 35 23 20 31 17 19 15 13 9 28 15 10 30 24 33 33 24 17 24 10 24 16 18 16 24 27 26 7 20 26 27 10 31 
10 34 15 45 22 17 7 32 20 16 24 18 27 14 11 19 25 18 12 57 24 9 33 22 19 35 14 14 29 34 16 21 25 20 25 23 23 23 18 26 
24 13 17 41 27 18 26 38 20 16 35 11 13 20 25 20 42 9 13 42 15 35 24 16 24 26 13 25 23 37 12 16 9 34 20 20 18 18 17 19 
9 34 19 31 21 19 25 22 21 18 24 25 24 14 29 11 21 14 15 28 17 32 36 23 22 40 13 30 16 31 15 28 23 38 15 20 20 22 18 26 
14 25 12 27 28 29 24 29 25 22 26 12 23 20 21 12 33 11 17 38 25 32 28 24 15 34 9 17 19 22 15 30 30 25 21 32 15 30 13 20 
23 33 9 29 27 12 26 23 21 10 24 15 27 14 17 18 25 17 18 32 22 34 20 27 16 28 24 30 20 30 15 12 38 30 19 26 11 17 18 45 
26 38 25 34 31 17 21 36 28 16 21 11 21 14 20 10 31 13 12 39 29 36 21 19 23 35 16 19 22 9 18 24 30 31 15 25 23 29 13 20 
22 35 19 38 14 24 27 31 28 18 39 21 18 15 19 26 26 10 15 21 23 6 25 32 20 21 21 21 13 26 12 37 31 26 22 22 15 20 12 33 
16 18 15 23 16 17 24 35 15 11 23 21 17 13 20 14 26 15 14 36 21 33 30 26 19 24 10 23 20 30 12 30 30 25 20 15 15 17 12 31 
26 26 11 35 21 21 27 28 26 16 26 14 34 19 20 20 27 16 18 24 24 31 17 22 24 42 14 16 23 22 22 20 24 25 21 24 18 16 18 32 
27 26 14 41 22 20 31 20 25 13 21 19 25 16 24 12 9 17 21 18 23 28 35 21 19 15 25 23 34 21 21 21 33 26 14 21 23 22 17 31 
23 36 25 15 27 22 24 37 26 7 28 25 25 9 31 18 33 20 19 46 29 24 46 21 16 18 10 12 4 32 19 20 17 33 17 19 10 21 8 38 
17 27 16 33 13 27 20 30 29 19 24 18 15 20 13 16 26 13 17 22 33 23 37 23 20 25 15 4 18 40 16 20 10 31 13 21 24 10 17 22 
16 16 20 19 16 21 17 29 17 20 26 9 27 16 21 16 27 16 8 21 28 29 30 35 13 8 16 21 18 14 24 19 33 33 16 24 13 13 17 24 
17 40 18 23 25 24 27 27 32 16 25 18 31 14 23 17 39 19 9 38 15 27 25 27 15 25 23 12 10 29 21 15 22 28 17 14 9 26 19 35 
17 21 15 27 16 22 19 23 13 16 22 20 21 16 16 15 35 19 23 28 27 31 21 23 21 29 15 10 20 28 12 20 28 22 18 29 21 30 15 22 
23 8 16 40 21 20 32 42 29 19 26 29 23 23 23 16 36 30 18 16 24 19 32 32 17 28 16 26 21 35 10 32 17 34 18 29 14 26 19 42 
29 18 13 49 24 15 31 17 22 9 33 13 26 15 26 15 19 22 20 29 31 22 30 29 16 30 19 27 19 30 17 26 31 30 17 20 23 30 13 23 
17 21 15 39 10 21 21 15 20 20 21 24 20 18 17 6 23 19 9 43 18 19 27 32 16 34 21 26 16 37 4 20 30 22 12 27 21 8 17 44 
15 19 4 35 5 19 21 34 25 15 25 21 18 14 26 15 19 16 15 50 30 19 37 30 20 32 18 19 18 46 12 24 28 32 20 23 10 26 18 17 
20 22 14 34 21 23 21 18 11 14 25 18 25 10 13 20 25 19 25 8 16 26 27 39 19 18 23 14 18 22 13 15 30 26 7 25 18 16 20 5 
30 20 23 27 28 25 25 30 26 12 36 24 15 25 14 11 33 15 10 25 26 34 31 25 21 46 20 19 19 28 18 22 35 32 22 22 13 22 16 34 
5 19 13 44 16 16 24 33 29 10 33 19 21 15 22 20 47 15 16 37 27 23 42 14 8 38 9 14 15 39 10 14 25 38 17 31 17 23 19 22 
26 18 13 20 28 27 18 30 18 12 23 18 12 16 18 17 30 18 15 45 34 33 35 11 12 28 18 20 33 22 19 29 20 36 10 33 16 15 19 26 
31 33 16 26 19 17 24 26 26 15 24 12 29 12 16 21 34 15 10 30 22 38 32 28 16 20 13 12 16 13 11 20 22 39 11 27 10 25 13 34 
24 31 18 37 22 26 35 11 17 16 31 23 25 17 23 21 33 18 18 31 25 21 26 11 18 22 22 18 25 25 17 17 27 36 21 33 18 19 9 20 
33 21 19 8 25 21 19 17 15 19 26 20 19 16 16 18 10 17 21 27 35 31 21 19 14 42 20 23 16 17 21 25 29 31 16 29 11 21 13 38 
31 27 17 26 22 25 22 38 23 19 21 21 20 17 15 15 15 15 11 20 34 22 16 21 16 29 12 21 16 19 17 23 28 25 21 20 19 21 18 40 
28 31 23 31 31 16 25 23 19 6 18 23 25 10 32 24 20 16 20 27 17 28 23 18 16 34 16 11 25 23 25 11 29 33 18 23 21 20 16 31 
8 31 16 27 19 30 27 31 25 12 30 22 26 19 17 13 30 9 15 26 23 20 14 19 15 35 18 34 8 29 10 21 39 23 25 14 14 23 10 31 
29 29 16 33 13 15 21 21 20 17 36 13 23 13 28 19 36 24 15 30 30 28 37 32 21 18 8 16 25 33 11 22 21 17 21 23 16 21 22 34 
15 16 13 29 19 25 18 20 14 13 21 13 31 16 32 11 8 19 17 24 32 32 13 31 14 30 15 22 13 23 19 25 31 45 17 36 20 26 13 28 
9 31 8 36 21 25 23 21 24 15 34 29 20 19 24 19 29 11 18 32 27 28 26 29 16 27 14 20 22 28 18 32 18 18 14 23 16 17 11 35 
25 31 12 23 19 23 26 28 22 15 28 20 23 20 16 17 31 11 16 40 32 29 24 25 21 41 14 17 21 10 12 23 34 20 4 28 10 16 17 18 
20 31 22 24 17 10 30 27 25 16 23 19 24 17 27 11 38 10 15 29 31 38 43 36 17 32 19 31 20 26 25 20 30 34 22 26 16 21 8 31 
17 30 19 25 10 12 18 25 11 15 25 15 13 17 17 15 19 10 16 33 13 24 36 22 9 27 16 26 28 32 16 25 13 31 21 28 21 30 8 37 
16 23 14 35 21 22 23 32 27 13 25 17 21 16 19 22 19 16 21 23 28 33 18 18 20 37 17 19 19 21 26 23 16 16 22 18 21 21 18 33 
27 31 15 32 24 14 22 27 23 10 30 25 20 9 10 15 35 10 21 23 26 26 35 29 15 23 17 25 28 23 19 32 26 32 12 17 15 32 16 35 
27 23 21 22 4 17 10 25 30 13 32 20 32 13 6 12 31 14 20 35 30 32 36 18 17 32 20 20 25 22 17 18 31 26 23 20 20 19 12 21 
20 32 6 28 17 14 11 26 24 17 34 16 16 13 23 18 27 19 11 37 26 41 41 20 13 35 13 14 17 27 15 20 41 27 23 29 13 33 21 19 
12 34 19 33 26 6 24 31 30 14 33 14 33 21 15 22 35 15 21 15 27 18 27 17 21 39 19 16 9 38 17 16 22 22 17 24 20 14 19 33 
24 21 12 35 25 21 22 14 20 18 24 12 22 12 22 21 29 17 21 25 26 12 21 27 11 26 13 16 23 20 27 30 14 19 9 24 23 15 14 23 
31 24 15 21 20 16 38 32 20 13 18 21 26 10 23 19 27 6 18 37 25 20 21 19 18 14 14 22 28 21 18 31 31 31 10 17 19 18 13 38 
26 39 7 26 16 15 11 26 29 16 22 21 26 14 19 12 27 16 13 36 23 22 21 21 20 25 18 17 23 22 10 16 25 35 11 20 33 16 18 23 
23 30 12 28 30 10 8 20 26 15 37 30 11 12 27 17 31 14 15 32 38 24 35 24 13 22 19 18 20 35 21 16 30 22 17 16 11 29 8 27 
21 19 14 41 13 21 19 23 23 16 34 1 18 15 25 17 31 15 14 15 18 28 26 36 17 21 16 28 23 31 8 18 38 32 18 15 15 19 9 33 
24 25 12 35 16 28 19 30 33 19 25 18 23 11 30 15 15 10 18 16 18 20 23 21 17 14 15 29 28 14 18 13 23 18 22 28 11 5 14 25 
27 30 18 25 31 29 23 28 20 17 20 22 19 13 33 13 22 16 15 37 28 22 21 11 11 24 20 17 17 21 21 37 18 19 14 25 15 31 21 19 
27 34 10 34 27 25 21 30 17 12 31 21 22 16 22 19 21 11 13 24 20 24 37 29 22 26 17 22 30 37 14 14 26 43 22 13 17 24 22 31 
27 21 28 51 14 14 18 35 11 11 18 21 20 14 22 21 24 15 18 34 24 25 22 19 12 34 17 21 17 25 16 26 36 33 19 26 19 15 5 38 
9 26 22 16 12 18 26 37 22 10 16 25 15 9 28 17 32 15 23 17 17 31 20 21 10 20 14 15 22 32 17 24 37 20 32 28 17 20 13 40 
15 17 11 15 23 19 21 21 20 9 25 13 29 10 20 15 16 26 24 25 16 23 26 22 23 34 20 23 30 28 13 30 28 34 26 29 13 18 15 31 
29 27 20 22 14 19 23 39 19 12 22 28 17 13 26 18 4 21 18 30 35 27 43 21 18 25 21 22 15 27 19 14 14 9 16 15 12 26 13 18 
29 28 14 18 16 27 15 24 18 18 22 25 16 14 18 12 21 12 20 34 21 23 35 30 11 31 17 32 17 20 15 27 27 30 27 18 15 19 15 24 
23 18 16 35 17 28 27 13 22 6 21 22 9 17 10 17 22 15 18 38 21 35 47 16 19 29 14 10 27 24 12 13 28 27 21 25 10 14 18 25 
24 42 23 31 25 27 23 20 21 14 19 26 18 16 7 17 21 20 16 30 15 13 33 18 21 38 14 22 23 22 12 14 16 37 14 28 8 29 16 26 
25 33 15 19 19 15 23 16 27 12 26 19 27 20 16 21 29 9 11 27 27 28 31 22 18 31 6 23 24 31 16 14 31 33 14 19 23 19 14 25 
10 32 16 27 24 18 18 22 17 17 16 21 13 16 23 13 35 12 16 32 23 18 40 18 15 40 20 20 27 37 13 26 17 23 19 31 18 39 18 26 
17 18 12 14 20 23 20 34 19 17 22 19 23 15 18 8 34 13 13 30 19 32 36 33 16 23 15 22 16 30 12 18 18 14 20 19 10 25 19 13 
18 20 8 22 17 12 15 24 20 16 16 18 36 27 35 20 36 18 15 21 15 17 25 28 21 37 13 35 14 34 14 17 12 16 18 2 14 18 16 18 
16 15 19 32 23 30 39 16 20 19 24 18 11 12 24 15 40 19 19 34 33 25 24 29 19 17 15 26 19 34 10 17 23 46 19 26 17 21 11 15 
18 22 12 36 13 26 26 21 32 15 18 19 13 17 30 17 26 18 9 29 13 28 40 22 16 24 18 16 25 42 27 23 22 15 18 18 22 23 17 13 
15 29 12 45 22 28 19 21 23 2 31 14 20 16 23 14 11 10 14 29 25 28 15 21 23 30 7 26 24 25 18 27 21 37 23 22 15 22 20 37 
20 32 17 39 16 22 26 19 16 9 36 21 25 9 27 13 11 14 23 13 26 25 21 26 12 18 11 26 28 39 12 21 14 33 20 15 15 40 14 32 
17 27 19 18 18 11 22 32 26 12 43 18 22 10 18 21 26 9 14 27 23 28 26 19 18 39 18 19 30 28 12 31 29 27 15 16 23 23 12 29 
15 16 18 45 30 16 23 10 17 20 30 19 30 9 18 14 25 9 11 32 14 30 32 23 15 19 20 16 27 33 17 23 27 20 16 21 18 26 13 32 
22 21 16 22 21 9 43 34 22 21 18 25 13 19 23 12 28 14 18 38 27 24 27 26 16 23 12 14 23 28 16 26 21 28 14 26 23 26 12 10 
13 25 23 34 19 27 28 22 28 13 23 18 9 14 18 14 39 14 14 17 25 25 22 24 21 39 11 17 32 33 17 19 15 28 11 21 26 24 19 21 
24 19 9 25 20 28 24 29 26 21 27 8 33 20 26 13 35 17 11 21 23 28 26 23 14 39 13 12 19 40 18 20 13 24 20 22 8 28 8 43 
21 19 15 24 22 20 23 34 28 15 44 14 20 16 23 13 19 18 17 46 30 15 15 28 16 34 17 17 12 19 18 21 17 16 19 30 16 28 16 34 
37 36 15 27 20 30 28 26 19 17 21 27 22 15 12 14 39 19 15 35 39 31 24 15 13 25 15 29 19 21 14 13 22 47 18 23 13 20 12 18 
19 23 24 39 24 22 29 28 26 19 28 15 23 14 16 14 26 13 15 37 26 28 31 28 14 22 24 19 21 26 7 20 31 19 16 20 23 22 15 30 
27 24 14 41 25 21 19 13 24 17 31 16 37 14 24 17 31 9 19 20 38 26 24 19 9 18 14 21 27 17 18 6 20 29 10 22 15 29 19 25 
19 32 14 14 27 13 19 35 29 17 22 27 26 15 22 19 19 15 20 21 30 38 37 39 18 30 11 15 25 25 19 34 21 16 24 24 15 16 18 31 
19 24 17 34 28 14 23 45 24 8 27 18 23 10 23 18 30 15 2 25 31 28 25 28 17 34 18 14 19 31 19 18 19 30 17 27 12 22 13 23 
22 20 22 28 13 23 19 23 29 13 14 23 11 20 27 23 42 16 23 33 30 22 36 20 8 15 15 25 16 32 14 25 32 29 16 19 17 27 16 25 
32 19 11 25 28 8 20 30 23 13 33 14 23 15 27 9 14 11 14 14 29 27 25 9 8 20 13 20 25 40 22 21 27 33 26 29 24 21 10 30 
30 25 16 20 21 11 33 30 24 14 30 12 32 10 16 21 38 23 21 27 26 22 32 18 13 26 15 21 28 6 26 16 33 30 24 23 21 30 14 25 
14 29 13 34 24 19 18 25 24 13 25 17 28 14 24 17 18 10 12 24 19 32 41 21 11 35 16 22 25 20 13 16 35 34 13 22 22 27 16 27 
16 14 12 38 21 18 19 19 24 11 30 28 18 21 28 11 32 18 12 24 29 32 23 28 17 27 18 27 29 37 24 14 37 25 18 17 17 42 23 29 
27 24 9 36 23 18 9 17 25 13 30 10 17 15 12 19 35 20 12 25 12 34 30 29 9 29 21 14 28 26 21 19 34 38 15 8 14 31 9 21 
10 16 18 30 19 18 17 22 19 16 25 17 31 21 24 21 27 12 24 29 24 35 31 17 12 19 13 22 22 26 13 18 18 27 19 20 19 18 23 37 
19 25 13 30 21 25 23 13 28 11 20 9 29 6 26 20 31 21 16 31 26 19 25 19 18 31 15 25 15 18 23 3 26 33 19 18 19 16 14 26 
22 21 17 35 17 9 26 32 33 12 42 19 23 4 32 22 27 15 15 39 20 36 29 24 21 21 20 15 13 17 13 28 27 28 24 19 23 28 18 32 
18 33 14 23 17 25 20 26 27 13 20 18 19 19 20 19 27 13 19 18 18 25 28 25 19 50 13 23 21 28 21 22 35 29 20 21 20 22 21 26 
29 31 23 35 31 22 23 25 29 12 34 7 26 14 14 16 23 11 21 15 27 21 20 20 18 34 7 24 24 26 15 19 34 32 22 17 16 28 15 28 
21 21 7 26 25 30 26 26 17 10 25 20 25 17 20 8 35 15 19 38 36 30 34 21 15 25 17 25 18 26 14 26 30 35 26 32 3 25 17 17 
19 27 20 33 18 30 18 23 28 17 19 28 21 16 17 17 25 14 15 30 19 33 21 27 12 20 14 7 24 29 23 16 33 28 24 34 14 24 14 23 
28 34 15 28 18 21 21 26 20 16 26 14 20 16 24 12 22 18 14 35 10 17 34 12 22 25 13 16 17 36 20 18 24 33 20 31 16 22 15 23 
23 35 13 17 21 21 14 20 29 11 29 16 16 14 11 16 28 18 24 29 22 24 44 20 23 23 20 26 33 28 16 16 24 27 24 23 23 16 10 31 
23 20 18 32 9 8 27 25 32 22 25 14 20 15 20 19 12 17 15 29 26 20 27 24 17 18 19 20 31 26 8 30 34 29 17 18 20 19 16 27 
23 33 21 17 19 23 31 25 18 14 21 12 20 9 14 12 34 16 20 18 31 33 26 14 18 33 21 22 15 40 15 11 21 16 4 20 18 28 14 36 
21 28 17 16 24 26 20 29 24 12 25 13 30 18 21 15 41 14 14 27 30 29 42 18 20 29 22 19 26 31 8 15 15 15 19 20 11 23 13 20 
17 19 18 29 17 8 18 28 18 20 31 25 27 16 7 13 11 17 12 34 41 32 24 16 12 38 18 24 27 31 13 28 24 26 22 29 24 15 10 25 
19 25 18 21 15 24 14 23 21 12 23 17 13 21 20 16 37 15 17 32 19 21 29 16 23 25 17 32 20 40 13 20 29 20 20 18 5 24 14 12 
23 36 18 40 14 20 23 23 31 9 23 26 22 20 15 17 16 9 15 28 5 41 9 28 14 30 12 20 12 31 17 15 36 33 21 20 16 26 16 25 
30 29 13 36 25 33 14 31 26 11 16 13 32 9 21 16 31 12 17 35 36 31 30 30 19 19 17 21 18 12 15 16 29 26 19 23 19 22 8 23 
13 24 16 22 24 31 16 27 24 6 38 21 27 18 19 14 17 18 17 29 26 32 20 22 12 32 20 23 24 38 15 18 30 25 18 38 19 19 17 28 
14 27 18 39 24 20 20 7 13 18 24 15 23 20 16 13 40 16 20 30 22 27 34 22 17 34 19 10 13 24 19 16 21 24 22 19 17 33 15 33 
18 21 15 33 28 25 17 26 19 14 25 8 22 15 16 12 34 17 17 28 26 33 42 26 20 23 10 8 11 35 21 28 27 33 18 17 15 28 22 26 
17 32 24 28 20 21 22 21 27 7 30 25 18 12 20 17 35 15 19 30 24 17 35 23 15 28 13 19 17 20 20 27 38 21 22 14 14 17 15 36 
11 31 18 27 20 24 22 26 21 22 30 11 23 11 19 18 31 15 17 30 29 27 33 21 14 20 16 18 27 35 19 21 12 21 12 18 13 30 11 11 
20 21 25 37 12 15 24 37 18 25 23 17 19 13 23 17 4 14 9 28 42 32 42 13 19 18 20 29 15 23 17 15 26 14 25 10 16 23 21 31 
13 21 17 21 29 21 21 21 16 19 26 10 35 20 23 8 38 12 22 44 20 30 34 19 22 37 15 23 26 40 25 20 37 36 20 21 18 31 7 13 
21 36 20 28 25 16 11 37 29 16 21 15 21 13 22 17 20 21 26 34 16 20 43 18 12 34 17 22 19 35 19 23 15 25 15 24 13 22 15 38 
36 19 15 36 25 16 25 25 21 12 25 19 26 16 14 19 18 13 13 41 37 35 18 21 12 17 13 8 28 28 22 17 20 28 8 27 21 28 14 23 
24 33 22 28 18 32 15 20 22 15 15 16 24 13 29 18 35 8 12 34 27 33 37 25 17 44 17 19 17 23 17 23 32 31 22 12 16 12 18 37 
25 19 25 26 23 33 30 32 30 18 15 10 26 16 15 15 21 20 9 30 24 5 22 22 25 31 17 19 23 20 22 26 26 22 20 27 18 21 11 27 
21 27 11 26 23 18 31 27 17 16 28 20 26 11 25 26 23 15 17 38 24 24 24 39 12 18 18 22 18 23 17 22 33 36 10 9 17 16 12 37 
15 29 11 21 18 25 25 23 30 14 10 17 24 17 12 18 27 13 11 34 35 22 26 26 13 32 17 17 25 31 9 20 16 21 18 28 24 22 10 24 
19 15 25 39 21 23 23 39 18 13 21 16 24 15 22 12 14 22 29 26 37 19 20 36 16 35 12 27 22 24 23 26 31 32 14 10 14 24 11 30 
17 34 9 26 18 13 22 25 28 12 22 19 15 10 19 18 11 16 26 34 16 43 29 26 12 26 19 25 29 16 21 14 26 34 18 19 25 30 15 24 
24 19 23 32 23 14 14 20 22 15 31 19 17 12 14 24 22 12 9 40 31 14 24 17 18 30 20 10 27 38 19 14 22 31 17 22 10 18 18 20 
29 29 16 28 21 8 17 11 17 13 24 25 29 16 18 16 24 13 17 38 27 29 24 32 15 17 16 18 20 29 12 23 34 19 11 17 11 29 16 16 
9 30 17 23 21 15 26 17 30 13 21 21 19 20 23 12 48 14 15 32 30 19 27 18 16 26 17 16 17 25 24 8 21 20 25 20 18 23 17 30 
15 26 15 39 30 28 30 39 25 20 11 20 14 17 19 18 19 10 11 27 25 22 21 25 16 27 13 13 17 24 6 21 18 24 15 32 19 27 15 36 
23 25 19 23 23 27 23 14 21 24 34 15 22 13 18 12 17 13 13 25 35 39 25 26 16 23 14 18 21 29 19 14 14 39 13 18 17 18 8 25 
21 29 18 24 19 22 16 31 18 10 28 16 17 15 15 14 24 13 20 28 22 32 35 23 22 33 12 19 30 27 19 22 31 18 26 24 12 23 17 25 
23 31 16 49 18 18 27 34 20 18 29 18 27 15 32 17 29 22 19 40 22 27 40 31 17 8 7 24 22 26 18 27 25 14 16 26 13 27 13 39 
22 34 21 26 18 30 37 13 18 14 20 23 20 13 15 16 37 19 17 27 18 24 40 18 21 36 11 18 25 25 14 23 21 16 19 20 17 30 10 27 
18 23 21 25 20 17 9 21 21 14 24 13 17 10 32 19 11 16 16 10 15 27 49 20 11 22 16 23 12 39 29 21 22 32 17 15 17 24 7 26 
28 19 19 39 16 21 19 25 24 21 41 20 30 17 20 21 30 14 15 27 34 28 32 30 9 25 10 21 30 33 24 19 27 35 8 33 10 27 13 41 
20 32 19 27 26 15 17 19 34 13 21 27 30 9 26 16 32 16 12 35 27 24 35 24 11 18 20 19 13 26 14 28 29 33 18 17 22 29 20 41 
16 34 9 37 24 25 17 18 21 13 29 20 17 17 36 20 32 16 20 39 16 17 26 25 16 24 10 19 16 25 10 27 22 19 17 22 17 32 11 15 
11 29 13 25 16 23 18 24 28 11 30 20 27 12 32 9 28 13 17 27 29 19 23 26 15 20 16 21 10 22 12 28 27 26 17 13 22 26 14 41 
27 35 12 21 13 27 26 27 23 16 20 14 21 15 8 20 16 22 18 21 23 25 42 31 16 36 18 26 21 18 19 28 35 32 19 24 22 19 17 29 
15 28 23 38 32 16 24 29 27 13 30 11 24 13 21 15 21 18 13 33 28 35 12 24 15 22 20 17 17 22 4 16 32 29 16 32 14 34 15 17 
21 21 24 45 25 26 21 29 29 15 30 26 31 15 9 12 32 14 15 30 18 22 38 25 12 19 23 32 16 25 14 22 29 25 24 21 16 30 16 32 
21 27 14 28 15 16 25 25 22 17 24 11 26 17 20 15 28 11 19 24 29 16 48 26 16 28 13 17 22 25 16 16 17 31 15 22 17 25 16 29 
19 27 18 32 16 20 17 27 33 15 37 16 19 25 10 18 21 14 10 24 21 25 35 22 12 36 15 26 17 11 18 13 40 39 22 26 17 31 16 23 
14 29 21 26 16 31 20 22 31 15 14 17 18 10 27 22 25 15 13 36 23 23 18 25 19 23 12 22 13 22 14 27 38 23 26 20 21 21 12 21 
17 25 19 22 12 11 19 23 20 19 24 21 29 13 20 17 43 10 10 28 30 24 29 29 14 21 19 23 15 37 14 21 38 20 12 26 18 19 18 22 
22 20 20 30 25 20 22 29 19 18 34 18 22 18 20 14 35 13 10 30 8 8 27 8 9 38 12 28 38 40 14 28 25 22 24 6 18 27 19 32 
24 32 15 38 24 24 19 26 18 16 26 19 16 9 23 16 24 4 21 47 23 22 14 26 11 30 16 10 25 29 17 23 16 27 14 33 15 23 10 23 
20 23 18 24 21 24 24 25 32 14 29 20 20 15 24 24 22 8 14 17 27 11 34 41 19 34 14 13 25 36 18 23 17 30 22 34 20 26 18 46 
30 21 15 38 21 17 23 34 23 17 21 21 17 22 14 8 26 15 21 46 16 25 29 35 22 39 24 17 27 27 17 21 32 25 14 15 24 27 13 24 
30 27 23 43 19 18 16 28 28 16 26 21 15 20 23 13 24 20 16 24 13 35 30 22 20 31 12 30 21 37 21 28 29 27 12 14 10 11 20 16 
17 21 16 36 15 30 24 34 18 25 31 21 22 24 31 16 32 6 17 26 24 19 14 31 19 28 17 10 15 22 8 18 5 26 19 30 27 10 24 13 
19 21 23 26 21 21 19 22 25 16 26 8 29 15 23 20 30 17 15 14 29 30 32 16 15 27 7 18 19 19 16 19 21 31 11 24 19 17 8 37 
17 34 17 29 18 16 24 38 19 14 19 16 19 17 8 13 25 15 17 22 16 37 26 6 15 25 10 21 16 25 16 17 13 26 20 20 17 16 6 23 
17 25 25 24 24 24 18 18 24 17 35 14 25 19 14 16 30 16 9 32 25 26 16 29 17 21 10 12 16 41 19 20 17 28 13 27 19 19 13 11 
17 25 17 33 18 18 20 27 20 11 26 11 26 15 20 16 28 19 17 36 21 23 44 11 14 35 11 14 18 37 2 19 32 36 13 8 18 30 11 38 
17 26 12 26 20 24 20 34 22 9 39 17 22 14 15 10 41 15 12 45 22 15 29 20 17 44 10 12 17 17 16 20 11 28 17 25 15 25 12 33 
20 15 19 37 16 23 27 20 25 14 32 15 34 18 26 17 28 16 17 15 23 27 28 31 17 40 16 26 8 24 18 19 18 21 19 19 16 24 11 29 
22 28 18 26 17 20 25 16 14 15 30 18 15 14 7 13 28 11 17 18 22 22 10 30 8 25 23 12 17 33 22 11 25 30 25 34 13 30 12 19 
12 35 25 29 12 28 25 27 25 16 27 14 24 12 15 14 27 19 23 28 22 24 26 23 17 39 15 6 19 33 18 13 39 39 10 27 23 23 11 17 
22 34 12 37 46 23 14 22 28 22 28 17 15 21 20 15 34 16 11 28 12 22 38 11 21 29 18 24 17 28 22 17 16 27 17 31 24 30 19 19 
31 23 21 20 25 16 29 24 29 12 10 21 12 11 26 17 31 18 20 43 28 21 27 33 14 35 18 16 11 21 19 24 25 17 9 26 15 23 20 24 
18 38 10 36 15 28 28 33 17 15 20 9 17 13 11 11 21 8 8 32 12 26 20 18 24 20 16 27 28 32 12 27 32 27 30 26 21 20 20 29 
16 23 16 18 17 10 23 37 21 10 40 18 14 13 17 3 16 15 20 38 32 24 15 24 23 33 20 23 24 30 17 25 22 20 17 29 20 20 18 24 
15 23 13 28 23 18 15 22 32 14 26 17 23 13 19 20 15 21 9 29 28 33 41 36 10 35 14 19 17 24 10 23 21 32 21 21 27 27 14 15 
21 28 22 24 23 18 18 18 18 9 19 22 17 17 27 17 28 16 19 32 17 30 30 20 19 27 5 17 17 34 21 19 29 38 18 23 17 21 18 31 
15 31 19 30 31 23 20 23 22 6 29 14 22 10 18 13 33 9 18 22 30 21 28 26 12 37 19 29 33 44 12 33 13 30 20 23 20 17 17 29 
16 20 20 34 22 26 17 31 29 16 30 26 20 21 18 20 24 21 23 21 22 26 40 21 15 10 12 16 14 21 29 23 39 25 19 23 20 31 17 28 
18 25 25 30 21 39 26 30 23 14 36 20 17 14 2 14 33 13 9 31 24 17 30 11 14 33 14 18 15 21 24 22 38 32 12 23 22 24 14 35 
25 37 21 21 25 11 17 12 19 17 34 10 23 16 16 25 26 14 17 14 28 41 25 18 19 22 18 22 20 25 10 23 21 28 17 27 11 23 18 25 
23 33 14 19 19 12 23 13 32 21 13 18 27 11 18 15 26 8 13 46 32 28 16 21 19 23 20 29 16 32 24 20 19 32 25 23 31 22 17 32 
12 22 18 19 13 31 22 29 19 23 26 27 19 11 15 19 29 17 20 26 7 42 22 26 15 35 17 22 5 18 13 27 26 30 24 16 19 21 15 34 
21 24 14 31 17 20 23 36 20 14 28 18 22 18 14 21 29 19 19 30 32 14 33 29 14 26 14 18 31 37 12 27 17 31 21 29 26 20 17 18 
26 22 23 19 24 22 23 24 20 24 11 28 26 13 20 17 34 15 25 28 31 34 28 22 18 26 16 24 33 20 14 28 38 29 15 29 17 30 18 25 
30 26 21 36 24 26 22 21 26 17 21 28 22 7 21 7 37 15 23 21 18 27 25 24 17 40 15 35 22 31 18 12 32 17 12 22 11 17 14 20 
20 31 6 30 21 15 23 33 27 19 26 20 15 21 26 20 33 12 18 20 21 26 25 15 15 29 12 21 16 15 16 18 17 27 20 27 22 25 17 33 
8 26 25 28 21 19 27 34 25 21 14 23 27 23 20 15 16 12 11 45 26 32 29 31 16 35 21 27 24 31 21 19 25 14 13 30 11 26 17 24 
17 27 14 24 28 16 26 11 21 23 28 24 27 18 16 12 36 17 16 40 32 30 21 26 9 30 15 25 26 28 22 25 37 18 22 24 21 26 19 27 
30 32 18 32 21 25 18 27 30 15 31 20 35 15 22 17 28 13 14 21 10 23 35 28 14 33 12 26 24 15 17 25 36 26 11 28 10 29 17 32 
14 34 10 24 25 17 24 39 25 16 42 16 21 17 12 11 26 14 13 25 26 20 35 22 22 30 20 27 23 35 13 17 30 36 14 16 10 24 15 29 
17 33 19 28 17 20 27 31 26 17 32 21 22 12 19 14 31 13 15 27 21 12 25 25 16 45 8 18 12 32 25 19 15 35 23 35 18 10 17 24 
24 23 14 46 27 23 25 28 19 14 24 18 28 11 17 10 24 16 15 33 13 18 27 22 16 26 14 10 20 28 10 20 40 36 23 19 16 12 14 14 
19 30 17 32 23 19 13 22 22 19 15 13 14 16 21 23 25 14 21 32 34 32 23 26 14 19 16 25 24 39 15 12 32 25 11 21 24 28 25 33 
18 20 10 34 27 20 23 26 26 9 31 7 18 13 20 21 14 13 8 25 33 30 30 15 12 20 17 6 21 36 9 22 33 23 26 30 21 31 17 32 
31 32 14 35 22 17 23 20 25 20 26 23 18 15 17 12 14 22 15 28 25 32 36 36 18 26 13 15 8 27 13 22 23 23 12 13 19 27 19 20 
22 23 17 31 19 26 29 23 30 8 25 27 18 15 33 20 13 14 14 13 24 22 10 7 20 19 12 20 19 30 18 22 31 30 13 19 19 8 21 29 
20 19 18 29 23 31 37 35 24 7 29 21 20 16 30 16 32 17 19 31 25 10 36 32 18 25 22 16 14 35 18 15 27 49 22 20 23 38 24 26 
11 25 13 17 15 27 21 31 25 11 15 22 21 13 19 13 28 11 19 12 4 32 26 28 20 39 11 24 28 31 18 14 38 16 22 24 12 21 20 20 
19 22 19 32 19 28 25 36 18 17 16 25 31 10 18 16 30 15 18 29 25 34 28 23 18 40 14 32 31 18 22 20 32 34 13 23 13 29 10 31 
23 26 21 37 21 24 25 25 26 17 36 28 28 12 26 12 33 15 19 30 24 14 28 14 11 24 22 25 27 33 14 20 20 28 7 26 17 35 12 24 
24 30 10 24 25 17 23 18 26 14 37 23 24 11 15 19 23 16 8 42 24 31 33 20 15 39 12 24 16 31 14 26 30 27 20 15 17 12 17 39 
23 34 14 30 11 10 20 19 22 12 34 12 18 15 19 19 36 14 14 37 14 42 42 19 11 29 24 20 17 35 12 13 29 23 28 23 12 20 19 38 
23 16 14 17 30 11 24 16 24 12 17 19 23 19 17 15 34 17 10 29 25 28 31 18 20 26 24 25 23 25 10 23 37 19 27 29 16 26 13 20 
18 21 17 27 27 16 20 35 25 10 13 19 25 16 25 25 21 17 21 26 33 24 34 30 10 43 15 15 15 27 12 14 27 23 25 17 15 18 10 32 
32 31 14 44 13 22 29 20 30 21 32 17 26 14 22 11 22 17 22 16 34 29 45 14 13 23 14 15 21 28 14 19 30 36 18 25 14 24 10 20 
23 38 16 44 33 11 24 19 29 16 18 20 12 22 18 20 20 15 7 29 18 30 25 29 20 29 18 12 12 35 13 26 31 28 20 20 17 23 15 24 
30 45 10 20 29 29 32 16 30 22 32 24 20 12 9 14 12 18 15 40 34 35 40 17 15 17 16 10 23 34 19 23 21 24 16 22 26 24 24 38 
18 11 20 38 26 16 12 29 25 10 27 19 19 21 24 19 24 12 18 20 16 25 35 37 16 29 17 22 21 25 19 22 24 23 12 26 12 33 18 27 
13 42 14 5 16 16 27 21 19 13 18 21 23 18 7 23 30 20 11 41 18 31 44 13 25 24 15 32 21 21 21 28 33 16 23 17 19 15 13 19 
10 32 4 37 10 26 25 34 33 11 25 17 26 19 24 14 33 18 18 19 20 34 33 24 22 25 12 16 22 16 24 14 22 33 8 28 14 25 15 23 
12 32 16 30 16 36 31 25 24 10 30 23 28 21 22 18 27 17 15 36 35 24 31 24 22 16 14 23 18 39 17 28 37 27 17 33 20 28 12 21 
13 31 14 23 15 21 19 21 16 20 20 15 12 16 26 20 34 13 13 26 28 26 37 25 16 13 19 28 30 29 17 19 20 35 9 27 17 30 14 35 
10 27 19 23 26 22 12 26 28 18 19 17 28 22 27 17 26 14 8 36 26 35 38 30 17 27 7 19 28 16 11 24 19 28 14 17 13 28 12 30 
21 32 23 23 17 15 25 12 23 16 32 23 27 8 18 15 29 14 13 31 19 19 16 19 17 25 13 9 8 17 23 19 22 36 14 26 14 22 18 41 
22 24 14 46 12 20 25 30 14 8 34 20 21 20 17 17 13 14 14 28 31 30 23 22 22 36 13 26 28 16 21 20 16 20 16 31 24 13 19 21 
12 24 6 35 30 22 17 30 20 15 29 26 26 19 18 9 16 16 15 21 27 13 17 26 14 26 10 12 18 37 5 32 33 28 16 24 10 15 19 32 
27 28 9 27 14 21 26 35 21 17 24 20 21 16 22 17 33 22 13 17 28 15 30 36 20 17 14 18 12 46 3 9 22 25 16 23 16 22 13 29 
16 37 12 23 27 14 24 13 27 12 36 15 22 15 13 18 16 22 14 28 29 26 21 25 23 37 14 19 17 33 23 17 23 26 18 16 33 30 18 36 
30 15 27 22 20 18 24 35 30 13 21 21 24 11 19 20 16 13 16 17 28 33 23 27 18 19 13 8 19 14 19 20 40 32 19 27 14 33 14 28 
26 35 22 27 18 24 21 33 29 10 22 19 15 11 19 16 16 17 15 38 27 23 23 26 16 36 17 24 26 26 17 27 15 36 28 20 27 26 19 16 
16 30 14 15 19 23 33 36 19 19 37 24 21 15 29 9 31 18 18 22 17 25 34 21 11 44 8 18 24 31 20 21 37 24 9 26 9 24 13 14 
25 18 14 38 21 22 21 26 26 18 30 14 29 13 7 18 23 16 12 25 32 25 51 34 19 30 11 24 19 26 14 19 41 27 21 26 28 10 21 33 
25 40 17 15 20 19 31 30 22 16 30 11 25 14 18 20 25 17 13 25 33 32 26 25 11 24 20 11 25 34 16 5 30 26 14 24 24 20 19 42 
21 16 11 26 13 14 15 13 33 19 31 20 17 13 20 21 28 21 14 42 17 32 21 18 20 31 11 13 34 32 28 25 28 21 10 25 11 29 16 21 
19 32 19 23 20 28 8 10 25 15 30 14 22 12 18 20 30 13 12 25 28 24 18 18 21 22 16 16 9 39 11 15 34 38 7 33 14 18 17 21 
24 27 17 30 13 22 31 21 21 13 27 15 2 11 28 14 28 16 13 11 33 15 34 25 16 31 17 15 29 26 10 7 41 26 13 23 28 29 20 33 
22 29 26 34 25 14 24 32 20 11 31 16 20 20 22 14 39 16 21 27 16 23 45 18 10 28 16 9 20 31 16 22 27 22 12 33 12 25 15 33 
27 30 20 20 22 14 23 47 14 12 37 20 31 9 31 19 40 15 7 31 19 25 19 9 15 34 16 16 32 39 19 19 33 35 22 28 21 33 19 27 
18 26 25 29 24 12 23 31 23 23 24 5 21 13 13 20 20 15 17 26 35 23 37 25 19 16 13 7 27 37 12 2 34 34 11 28 19 16 11 25 
19 28 23 28 26 22 16 22 34 20 31 11 20 17 20 15 26 23 22 13 25 37 53 29 18 27 16 12 27 20 20 27 8 23 16 20 16 28 12 30 
17 24 10 30 16 21 23 30 22 20 29 26 23 15 25 20 34 14 11 21 24 22 18 32 15 40 20 12 26 13 18 12 12 10 12 28 8 39 18 29 
16 33 20 30 26 26 28 28 21 13 19 14 27 13 21 20 7 13 19 13 16 32 19 11 14 31 20 20 19 32 13 18 16 10 15 32 18 22 14 24 
24 29 19 13 11 13 35 39 21 8 8 15 16 15 23 16 18 14 30 23 33 16 34 28 13 37 10 27 13 40 12 19 33 15 6 21 6 26 14 19 
19 22 17 26 26 24 17 22 17 12 30 19 21 16 17 20 23 11 21 13 25 35 27 26 16 34 25 19 11 31 15 29 42 32 10 22 23 21 14 27 
12 23 16 14 25 25 29 21 19 7 29 18 27 16 28 16 30 19 18 26 32 31 40 24 19 36 10 18 33 28 14 23 10 26 13 19 16 20 18 19 
21 25 19 26 16 26 14 26 26 15 41 16 27 16 14 16 24 14 19 30 23 21 40 33 15 34 10 9 19 27 20 27 30 27 11 21 15 28 8 25 
19 24 12 25 19 14 24 26 15 18 40 12 19 14 28 14 28 10 18 41 18 23 32 19 11 28 26 17 18 39 19 18 9 43 23 18 10 18 12 18 
18 26 17 33 12 18 23 21 23 16 32 25 26 12 18 22 23 5 14 33 33 32 18 25 18 41 19 15 21 36 19 25 36 19 9 20 17 28 15 27 
22 33 20 26 4 26 21 31 10 14 20 19 26 24 30 20 35 19 9 23 18 14 25 25 14 22 10 9 22 33 17 20 19 20 15 22 25 27 15 30 
11 30 20 28 14 11 13 35 24 13 34 20 20 8 21 10 11 18 16 29 33 37 33 21 22 31 6 19 13 25 17 21 30 24 23 27 16 30 16 35 
12 34 17 38 26 19 20 17 32 13 30 22 19 14 13 21 23 13 17 36 23 29 47 24 16 18 23 11 16 30 16 21 38 19 11 28 16 17 11 18 
31 19 10 19 13 19 23 28 34 24 24 23 21 15 15 11 36 15 16 28 30 20 25 28 12 22 18 24 22 14 6 24 31 25 24 25 13 33 14 22 
21 12 25 29 16 23 28 31 25 19 15 11 21 21 18 10 34 15 15 29 21 26 20 17 21 41 12 22 24 30 15 18 29 25 15 29 17 19 17 16 
30 15 9 26 15 22 24 27 25 20 31 18 21 16 23 15 23 16 18 35 37 37 29 15 12 18 14 14 19 28 25 25 46 30 18 29 10 30 16 34 
14 26 16 31 16 21 19 34 5 12 28 22 20 12 18 16 27 11 13 51 26 25 30 29 21 36 14 24 26 27 29 14 33 19 24 26 18 24 13 32 
10 26 23 30 21 19 18 19 27 18 24 16 20 11 21 20 26 16 11 28 25 24 38 26 24 31 21 8 19 29 13 15 21 33 19 25 13 19 18 26 
12 37 26 29 16 19 22 20 13 13 29 13 38 12 27 16 37 17 9 39 22 35 29 20 17 16 14 19 23 24 14 22 31 20 12 25 7 13 15 38 
24 31 17 37 17 21 25 19 32 14 22 12 23 17 19 13 12 17 19 20 26 26 17 30 16 33 12 16 22 37 5 20 37 33 13 22 8 25 16 28 
19 32 29 24 10 36 30 29 16 12 39 22 21 18 21 24 30 10 20 27 39 30 22 26 10 29 7 22 17 14 22 28 30 28 19 28 13 14 19 29 
19 23 18 30 24 23 21 8 21 16 24 21 31 19 30 22 7 13 22 21 26 34 32 23 16 14 19 26 22 45 17 24 17 32 11 26 27 22 14 28 
22 32 15 21 19 17 24 24 27 11 24 21 27 21 21 12 8 19 25 29 29 23 33 22 13 36 19 25 15 24 24 20 17 23 24 31 21 23 9 31 
25 11 13 29 17 29 23 24 22 19 29 20 22 23 14 17 32 16 17 31 18 31 39 16 18 23 19 31 19 15 18 20 22 29 21 21 19 26 17 22 
18 18 9 32 12 22 22 24 26 14 28 20 25 11 16 21 23 14 12 31 28 24 18 12 14 33 20 21 16 30 7 12 15 19 27 17 16 39 17 24 
16 43 14 30 24 11 12 31 17 11 34 16 30 13 17 10 21 17 18 32 26 30 29 30 14 26 16 13 28 36 22 13 32 26 19 15 8 19 5 20 
16 24 11 40 30 24 27 26 23 14 24 16 21 19 16 12 35 11 16 28 24 23 27 17 16 19 20 18 24 35 21 19 24 32 18 22 10 21 18 38 
26 32 19 24 22 22 27 28 17 18 30 12 19 17 23 12 29 15 16 39 23 17 26 37 15 19 16 22 26 28 19 18 35 20 16 15 8 19 13 20 
21 25 18 31 12 25 23 27 33 15 28 22 24 16 16 17 31 17 11 41 32 36 27 38 20 24 18 20 21 17 14 32 32 22 16 34 21 20 18 23 
21 31 9 27 15 22 25 35 24 16 24 27 17 12 19 14 32 13 9 42 28 15 30 14 19 37 10 31 25 21 20 12 40 21 22 27 16 18 14 27 
14 32 19 36 24 17 18 25 21 16 35 4 24 13 26 27 28 12 19 21 26 20 17 25 18 31 16 18 11 25 14 19 29 24 21 18 28 34 13 31 
18 18 19 25 25 31 23 11 26 7 18 9 25 14 20 16 18 15 18 45 29 16 31 37 16 25 15 13 11 3 17 26 38 26 18 19 15 11 16 41 
15 27 26 37 25 8 29 33 23 14 29 14 16 20 30 16 38 20 17 42 28 29 29 11 15 41 15 13 20 20 21 27 34 31 23 27 16 21 8 15 
28 23 19 28 20 33 12 26 23 18 24 24 17 12 13 18 20 13 21 33 30 29 23 34 15 20 15 18 14 29 32 17 32 16 19 31 14 17 17 11 
23 21 19 38 40 22 19 22 30 12 36 20 24 11 25 8 24 5 17 33 34 47 20 27 19 31 18 26 8 22 16 29 12 23 13 15 15 24 15 25 
13 28 21 25 19 20 16 24 12 21 19 22 38 17 12 21 42 18 19 40 26 23 25 7 19 26 11 31 31 30 25 12 27 31 14 27 13 23 12 38 
22 17 10 30 24 18 28 25 27 15 31 20 27 21 19 19 32 8 10 22 20 28 38 25 15 39 15 16 21 24 15 17 32 33 16 25 13 26 13 22 
27 21 14 24 22 31 24 27 22 12 26 18 19 15 11 16 38 12 24 22 15 13 25 25 16 36 16 16 28 20 13 19 17 19 20 25 16 12 15 26 
26 24 20 26 35 10 8 27 23 13 29 33 21 19 12 14 35 16 12 27 13 23 27 22 16 30 11 23 20 27 29 22 24 20 6 15 20 29 19 32 
19 20 20 31 31 14 17 18 15 14 20 20 9 19 22 24 24 20 15 17 31 26 17 27 20 32 17 28 6 25 21 23 33 38 14 22 19 18 13 51 
16 22 4 28 29 25 26 27 31 18 21 13 18 25 25 18 18 17 19 42 30 40 26 17 24 22 15 25 14 44 19 23 20 18 13 29 14 30 17 20 
12 20 10 41 19 29 18 17 16 15 19 27 28 17 20 13 32 17 22 19 34 27 21 25 8 27 14 22 16 32 17 26 20 31 19 35 16 22 26 29 
23 22 19 35 20 15 24 24 26 15 19 14 29 23 15 13 24 16 19 38 23 24 38 29 16 31 14 24 23 16 17 19 38 41 10 25 20 18 12 37 
27 23 10 33 22 13 18 25 22 10 27 20 21 13 27 18 22 12 16 31 23 28 43 34 14 8 24 18 14 20 22 27 39 25 24 14 23 23 18 21 
15 27 25 23 20 12 31 24 23 23 23 7 26 15 34 15 23 15 20 22 9 33 39 17 19 27 18 37 25 18 22 28 20 12 18 21 11 19 10 31 
18 23 15 46 31 22 24 18 20 17 26 18 23 19 24 19 43 14 22 20 19 27 29 12 9 42 15 23 15 26 24 21 14 18 16 23 9 15 17 35 
30 26 18 29 17 22 14 33 21 11 22 15 21 18 16 13 32 16 13 28 20 15 25 27 23 26 23 23 24 35 11 18 32 16 11 17 13 25 12 18 
27 26 19 25 21 21 23 32 25 16 28 30 28 10 20 20 26 14 20 31 17 33 22 27 18 31 11 21 9 43 5 13 34 32 21 18 17 17 20 16 
16 27 17 30 25 20 22 28 32 20 33 9 26 16 23 10 27 18 14 26 25 29 29 24 22 38 12 27 21 25 15 22 40 39 13 34 13 28 10 28 
18 23 15 21 25 34 15 26 13 14 24 18 19 15 22 18 24 15 14 38 38 35 24 12 18 37 14 17 34 30 23 15 27 29 19 26 20 21 18 16 
17 30 10 21 22 22 33 23 22 19 28 13 16 13 26 12 28 14 11 13 27 21 36 32 17 25 10 23 19 31 12 18 29 34 12 22 13 25 15 39 
25 30 14 27 30 20 26 20 29 10 27 5 23 14 13 12 32 11 21 34 32 25 26 28 16 29 22 28 21 30 18 19 18 39 22 20 24 17 16 19 
30 28 18 31 17 17 30 40 16 13 38 22 8 18 20 18 30 11 13 18 17 34 33 23 11 34 19 20 16 21 20 27 26 30 11 20 13 28 15 27 
29 35 15 36 20 24 19 34 20 16 30 10 25 9 25 19 27 18 14 22 30 32 36 34 15 26 16 11 16 34 16 31 23 19 18 18 12 13 15 24 
19 13 22 42 13 16 23 23 27 19 21 14 21 15 28 23 31 9 15 23 15 15 29 15 18 23 13 26 10 23 22 30 27 32 14 29 20 17 11 36 
22 16 24 16 24 35 20 22 17 22 15 11 17 19 13 15 10 18 16 42 20 19 28 19 18 23 16 27 25 23 17 14 27 35 14 33 22 14 18 34 
20 25 26 32 22 7 20 21 12 14 16 21 21 19 35 19 20 14 14 29 20 11 32 11 13 33 15 22 19 30 17 21 39 40 24 25 18 31 18 20 
22 27 19 35 28 17 20 26 32 18 36 12 16 20 13 6 21 9 13 37 29 37 35 30 22 34 10 17 30 26 23 22 19 35 21 34 18 30 15 17 
28 35 16 20 28 23 13 33 26 12 19 15 20 15 27 20 36 9 17 26 38 18 22 31 10 31 14 21 18 37 14 21 24 35 11 24 20 26 18 21 
11 22 13 29 17 24 23 21 18 15 26 21 16 14 19 15 24 17 16 40 16 35 17 27 26 21 15 14 9 28 9 22 27 22 14 21 15 26 24 45 
22 20 17 40 18 19 22 25 20 13 22 17 16 12 15 14 20 21 20 18 29 32 39 25 13 40 11 10 25 23 23 28 22 28 12 21 23 19 16 43 
34 24 15 19 24 19 22 29 23 17 24 23 22 13 25 13 35 14 11 33 23 14 32 24 16 28 7 13 12 40 20 19 39 33 15 20 15 16 18 19 
22 24 8 35 20 17 23 26 19 14 41 17 20 18 20 15 25 17 11 41 27 22 26 36 24 18 19 19 23 27 16 21 24 23 23 23 25 38 17 36 
15 18 24 25 20 16 19 20 18 19 31 14 19 18 26 13 16 13 14 33 30 16 33 25 14 34 15 14 12 33 18 32 17 41 16 24 19 22 18 26 
16 18 16 15 19 26 17 25 33 11 41 14 20 17 15 22 35 15 12 34 42 27 27 27 20 39 20 19 19 13 15 26 22 21 16 21 12 26 10 27 
28 30 17 44 22 5 30 30 11 9 21 31 16 14 26 18 34 8 19 17 26 28 42 16 25 37 17 20 21 41 12 18 19 10 16 23 22 26 20 27 
16 27 19 26 20 22 2 12 35 17 28 8 19 9 25 12 10 16 16 44 30 23 24 33 17 32 15 17 19 13 18 16 26 30 7 15 18 22 14 32 
13 31 20 20 31 19 28 34 20 15 30 13 26 16 11 15 37 7 11 30 25 12 22 28 19 21 24 24 30 36 17 22 23 41 26 22 25 23 19 21 
20 31 16 20 22 26 16 18 29 19 19 18 12 20 17 19 31 14 11 14 20 31 30 18 19 37 18 24 21 23 20 11 41 17 18 20 19 18 17 25 
19 33 17 29 13 30 29 33 21 22 31 19 22 12 19 13 22 5 15 18 27 31 40 31 6 40 19 10 24 21 20 24 21 22 16 26 23 13 9 37 
18 30 13 38 23 20 19 24 22 18 17 19 25 16 23 15 29 15 12 21 29 30 29 29 15 33 19 33 22 25 15 15 33 22 13 17 21 19 20 38 
22 26 21 28 18 21 18 20 24 13 24 21 33 21 26 9 29 5 24 20 28 35 42 29 11 21 17 24 25 43 14 24 29 36 22 17 12 20 12 31 
19 28 20 24 21 31 15 44 21 9 27 19 16 14 23 13 35 16 10 50 27 33 24 25 19 25 20 21 21 42 16 21 31 44 11 25 15 12 13 26 
18 31 21 30 12 24 19 29 17 17 28 23 13 22 13 16 18 12 20 35 20 22 26 34 24 35 17 10 19 31 17 23 21 25 20 27 10 31 17 31 
17 22 23 25 21 9 30 21 26 12 27 25 22 19 21 9 27 19 14 25 22 18 18 25 20 16 13 18 33 29 17 17 28 32 14 26 15 17 17 36 
19 22 15 28 34 8 23 22 26 14 34 24 25 11 16 19 39 9 12 28 31 28 16 16 19 24 22 19 32 37 10 19 15 35 26 17 21 26 19 37 
19 26 20 14 22 17 34 34 28 11 11 18 20 19 14 9 34 20 17 27 23 24 24 14 16 27 19 21 21 30 14 24 27 35 17 31 18 15 16 37 
21 35 13 19 25 9 18 35 25 18 9 26 17 20 25 17 15 10 10 35 28 25 35 19 15 30 17 16 16 26 5 21 25 23 20 20 16 30 20 25 
32 25 16 11 21 15 24 14 8 14 34 7 31 16 27 20 28 22 8 39 22 26 28 34 14 32 13 15 13 29 13 18 24 22 18 26 21 23 17 25 
19 25 6 28 13 27 41 46 35 16 31 14 21 13 13 11 34 13 14 18 16 26 27 14 17 24 20 25 14 30 16 23 21 35 17 28 25 23 17 30 
32 18 4 39 15 16 31 35 21 14 21 17 24 10 29 12 40 22 16 36 13 30 19 26 15 29 21 23 25 20 20 19 32 26 13 29 14 16 14 24 
24 30 15 1 27 9 27 15 18 13 26 18 29 14 36 13 46 12 18 35 18 23 28 28 14 14 17 17 22 27 17 9 22 27 14 17 22 23 13 30 
12 33 11 28 16 13 25 31 28 16 28 12 19 11 8 17 27 18 18 25 29 20 31 30 17 24 10 18 22 19 21 17 25 11 10 24 17 27 6 38 
22 25 19 25 10 26 12 22 29 16 28 14 25 25 17 20 15 9 13 14 28 17 20 15 10 26 14 17 14 32 26 21 31 26 12 22 20 23 14 35 
15 29 14 27 26 21 18 14 26 19 17 24 21 20 31 15 31 16 16 38 19 24 36 30 21 40 14 23 19 14 12 16 28 22 18 21 17 19 15 23 
19 40 23 35 2 17 17 26 24 15 22 15 16 16 20 18 29 16 11 25 26 28 30 21 19 32 13 20 22 25 22 16 38 30 20 31 13 26 14 25 
21 30 12 24 27 21 20 32 22 19 27 19 13 14 10 16 29 7 23 47 12 32 34 29 20 23 14 17 19 38 17 25 22 27 16 34 26 34 16 33 
33 40 20 31 8 10 20 21 27 15 29 14 5 17 19 20 32 17 17 36 21 38 43 20 15 41 17 24 21 20 16 11 34 20 21 19 18 29 10 15 
29 19 12 27 19 21 19 23 28 17 25 20 25 17 14 23 15 12 14 46 29 31 28 41 12 29 19 23 30 21 11 21 28 42 19 22 12 30 12 33 
22 24 23 35 22 32 20 26 32 16 9 9 16 21 16 9 30 7 15 48 34 24 30 28 6 26 10 26 10 20 20 27 24 27 24 37 13 19 18 30 
18 29 19 43 30 26 25 28 15 10 20 22 27 16 26 16 28 8 15 31 32 19 28 15 18 22 16 20 14 38 11 20 38 19 15 27 7 29 17 32 
28 30 16 42 10 24 25 36 13 10 25 16 27 11 8 21 20 18 13 33 28 22 30 28 12 20 13 19 24 19 14 23 38 22 14 24 11 28 20 39 
17 23 26 34 26 15 24 28 21 19 30 23 26 13 14 20 43 15 13 31 23 23 34 37 18 38 20 17 36 34 16 29 33 39 20 18 19 14 16 33 
23 13 15 26 11 21 29 21 14 11 31 18 27 15 28 7 27 20 21 36 36 29 22 22 7 27 8 18 21 26 19 18 21 16 23 19 29 23 15 35 
26 26 21 37 25 16 17 31 17 19 34 23 31 18 25 21 20 19 16 38 26 18 24 43 9 32 17 15 16 27 14 26 30 18 15 20 19 21 15 26 
26 30 17 14 17 20 28 26 33 14 16 15 25 16 27 9 26 15 19 23 26 39 24 24 26 37 16 16 23 20 22 20 34 25 21 27 14 24 16 23 
9 21 19 29 17 31 11 31 12 17 41 18 24 11 18 18 20 16 17 21 20 38 32 23 21 22 11 13 25 43 13 16 34 27 12 10 22 13 17 16 
29 35 17 32 16 28 24 7 30 11 10 13 13 13 20 20 24 15 17 26 15 26 17 27 12 32 14 20 21 27 16 14 29 22 28 22 17 21 16 30 
22 31 15 29 28 20 22 19 28 19 26 27 23 17 21 15 31 17 17 34 27 18 28 23 20 19 16 11 27 26 19 18 21 24 24 13 25 23 21 27 
25 27 17 37 25 24 8 26 16 12 30 11 21 18 7 17 27 19 10 29 30 33 31 24 14 28 17 10 24 11 17 31 23 32 19 26 12 18 15 37 
8 27 9 22 23 20 20 25 11 18 28 25 16 9 18 18 21 11 13 20 27 28 38 17 18 31 18 21 24 21 12 29 36 21 17 25 13 15 13 40 
14 29 20 15 19 16 32 28 21 15 32 15 20 11 27 15 16 12 13 22 32 23 21 19 12 19 11 29 18 38 17 21 45 28 20 32 25 27 7 26 
19 17 14 18 21 22 26 30 20 21 16 22 23 14 24 16 23 11 12 30 27 32 34 23 15 60 22 22 21 35 15 20 31 25 17 16 22 20 15 35 
21 22 10 8 21 4 22 25 20 20 31 14 17 17 26 20 20 17 18 38 29 7 38 25 15 25 17 25 6 29 14 21 18 35 12 22 17 29 22 37 
36 45 15 31 19 25 29 31 23 18 23 24 32 14 20 10 24 10 16 22 28 31 33 26 20 28 21 23 26 25 8 33 40 27 24 28 25 21 12 19 
13 24 26 35 24 13 16 32 21 15 23 16 31 13 26 13 31 12 15 28 38 26 40 30 12 37 14 18 27 51 18 20 37 24 6 27 5 18 13 24 
22 26 11 17 23 28 18 22 27 21 36 20 26 14 23 16 43 16 15 27 16 22 24 25 19 20 14 30 27 21 13 18 29 35 16 18 12 30 8 20 
14 29 7 22 22 10 5 21 29 17 36 18 14 15 7 22 32 12 12 16 16 23 32 25 16 34 16 10 19 33 13 14 30 21 25 35 17 29 20 23 
22 27 12 26 15 30 20 17 21 20 34 23 19 15 23 12 21 13 16 24 20 37 24 30 11 9 16 21 17 36 14 15 28 42 17 25 18 25 9 38 
13 33 11 36 25 28 21 24 12 24 28 13 11 19 24 18 29 14 17 37 13 18 45 21 10 33 18 19 30 32 16 22 19 26 20 19 17 22 9 34 
16 14 10 20 22 24 20 36 13 12 22 22 19 16 14 11 29 23 16 31 35 31 42 23 19 37 22 17 16 29 13 13 23 30 16 29 15 17 19 32 
18 30 19 22 6 27 17 31 24 20 26 24 19 15 14 16 27 12 17 33 27 25 24 35 14 31 16 15 7 28 24 9 34 25 19 27 6 19 15 12 
30 29 13 40 22 14 13 31 23 10 25 19 22 14 32 17 30 14 23 35 33 31 40 25 17 25 20 20 18 42 25 22 37 33 18 31 18 27 10 38 
20 18 13 27 26 20 23 29 11 14 29 21 16 13 28 18 33 11 16 42 19 14 31 26 21 33 15 15 18 29 28 18 12 45 17 23 24 33 12 20 
22 24 6 38 28 25 22 26 18 21 24 14 27 7 22 16 24 19 12 29 27 21 31 27 20 33 25 24 9 38 7 18 36 31 13 21 13 27 14 31 
25 32 13 20 27 18 27 16 34 24 31 15 23 9 23 22 23 16 16 26 28 17 21 18 16 19 18 16 27 17 9 21 23 24 23 26 13 29 15 27 
12 20 9 23 24 23 16 19 22 13 29 28 28 10 24 15 20 11 17 29 23 27 25 24 20 22 14 26 25 21 19 17 36 20 15 23 19 18 13 25 
18 35 21 36 24 14 28 27 14 13 31 18 25 22 13 13 26 12 12 33 17 17 20 32 10 16 16 18 21 37 20 28 47 21 23 30 18 22 14 25 
16 32 10 16 19 15 13 33 23 19 20 18 31 17 28 17 27 7 21 33 24 37 26 12 15 36 6 19 11 31 17 27 29 20 15 31 13 29 13 30 
16 28 24 36 23 28 16 19 12 11 22 30 21 19 33 17 14 22 14 36 40 32 43 20 7 42 14 18 8 22 22 15 23 26 22 16 17 18 13 26 
26 31 24 25 12 21 21 39 22 18 33 16 12 9 25 18 34 12 16 27 22 39 13 16 17 29 13 17 13 32 19 11 30 36 22 22 16 18 14 38 
23 25 10 11 9 25 19 31 28 18 18 19 16 14 4 25 24 22 12 31 36 36 30 27 15 25 11 16 16 26 17 27 30 28 18 29 14 18 13 24 
29 19 16 42 11 10 18 21 28 15 21 14 23 14 15 16 22 19 16 25 34 20 15 19 18 11 21 17 20 28 19 27 25 28 21 20 15 23 17 30 
20 22 21 33 27 16 11 40 22 14 21 19 32 13 20 15 27 14 11 30 26 37 38 21 19 42 13 25 28 31 18 15 23 30 18 34 17 3 17 23 
30 23 17 20 15 26 20 33 29 14 18 20 26 18 16 22 38 12 14 29 27 26 20 17 12 22 22 23 27 35 15 11 24 31 27 23 18 27 14 21 
27 27 17 29 25 20 24 34 30 12 36 14 19 19 22 10 11 3 19 28 39 28 34 29 20 21 24 30 26 22 13 25 21 21 24 29 27 17 17 33 
27 34 15 19 26 25 26 18 27 14 39 17 26 13 24 17 28 16 15 32 26 26 21 23 15 31 17 23 18 29 19 19 26 22 16 15 18 42 17 35 
19 10 13 23 22 21 13 37 24 13 20 19 23 19 20 5 22 10 10 42 33 23 42 25 14 32 10 26 9 31 14 25 37 9 18 28 20 17 15 32 
27 27 23 44 22 28 20 23 21 13 21 13 22 22 19 14 27 11 11 46 30 30 30 23 12 28 14 19 15 38 14 18 30 18 5 23 16 26 13 27 
19 39 20 34 25 15 17 22 30 19 26 19 5 24 14 16 32 25 19 24 38 20 29 26 14 21 18 19 20 28 20 22 27 14 21 25 19 23 12 27 
22 14 24 26 31 16 22 26 21 17 19 11 16 12 12 17 38 15 16 35 25 22 19 31 12 31 12 18 32 26 24 28 28 9 22 20 21 25 9 39 
23 30 26 26 19 28 26 12 22 12 34 14 40 7 27 14 17 17 9 30 21 32 23 32 19 37 16 22 15 27 17 14 22 26 19 22 15 27 11 33 
17 36 10 33 17 26 21 17 26 12 33 12 25 9 24 17 31 17 9 32 23 29 30 30 14 24 17 18 10 36 18 27 33 12 29 31 14 24 12 31 
12 41 17 38 29 11 23 25 27 23 38 25 25 8 25 18 30 11 16 34 26 29 19 27 15 32 13 18 25 20 26 29 26 35 10 37 13 33 12 33 
22 29 15 21 20 25 18 30 24 15 32 21 33 18 19 13 22 13 13 26 37 27 20 33 19 31 17 24 15 19 21 33 25 26 18 14 21 26 13 32 
16 23 10 31 23 24 29 24 21 23 26 18 26 10 27 15 28 17 10 26 25 40 21 22 13 36 21 32 23 21 23 26 34 22 15 32 25 21 22 43 
19 24 21 18 21 28 27 27 25 14 34 28 34 17 25 15 35 25 18 10 34 33 28 22 10 34 20 25 14 27 16 25 37 15 22 23 15 21 12 30 
20 30 25 20 24 6 21 29 27 8 22 24 26 15 26 15 27 17 18 19 11 26 14 32 22 13 22 18 23 23 27 21 23 25 15 11 23 19 17 35 
27 26 21 20 16 14 12 10 20 13 22 23 24 11 20 14 30 14 18 27 19 26 28 37 18 27 16 13 16 36 23 27 26 29 27 21 15 24 18 30 
24 29 18 17 20 20 27 35 32 12 33 15 20 17 25 18 15 13 21 24 27 34 23 23 9 27 13 22 14 23 17 18 22 13 17 20 15 22 14 26 
24 29 18 26 14 18 22 24 25 2 18 12 15 16 28 20 21 12 26 33 38 29 28 32 18 25 12 12 32 28 26 13 26 32 17 22 14 30 13 33 
11 40 16 33 16 24 25 27 21 18 23 15 24 19 15 25 18 15 18 29 16 24 24 28 17 38 14 19 18 30 18 17 20 39 14 26 22 29 16 29 
25 8 8 12 20 21 32 32 35 15 29 27 28 20 25 11 22 13 19 27 21 20 28 29 19 17 18 20 8 31 24 13 30 34 13 17 20 16 11 21 
21 36 14 26 19 18 24 21 22 18 26 20 26 14 31 13 33 14 15 48 35 14 17 23 14 34 11 15 20 34 15 26 36 33 15 23 17 24 18 24 
16 27 23 28 23 23 31 30 28 16 27 19 23 24 30 15 22 8 18 22 30 21 29 23 17 36 13 28 16 54 7 27 14 23 18 23 22 32 19 31 
12 28 21 32 22 13 21 27 28 17 27 17 35 15 20 8 15 14 15 36 17 25 13 27 22 33 18 23 19 25 22 23 28 36 13 29 21 26 13 37 
30 29 15 25 36 23 27 23 23 13 18 16 20 19 28 15 29 19 15 24 22 12 21 30 14 41 20 21 14 27 29 32 22 27 17 30 22 27 11 42 
29 33 11 24 17 19 29 22 30 16 34 16 31 18 20 14 13 17 15 36 12 24 30 24 10 28 21 28 12 8 19 17 14 19 11 31 16 21 16 26 
19 35 16 18 22 10 17 35 20 14 23 16 18 8 28 15 29 18 10 46 26 32 28 21 15 34 19 28 14 16 19 25 18 34 16 23 11 16 12 33 
28 31 16 26 14 25 23 20 9 15 31 16 19 17 34 21 34 11 11 24 26 21 41 14 18 26 17 27 19 17 13 21 30 40 8 34 23 23 18 28 
25 36 17 18 13 21 24 16 23 15 22 17 22 14 15 15 12 14 15 20 27 29 23 28 15 13 18 12 21 35 26 22 7 23 16 28 20 28 9 17 
21 28 11 32 3 17 21 17 15 19 28 21 33 25 17 8 23 17 19 40 19 28 33 6 19 19 15 34 24 30 12 19 32 30 18 16 16 22 15 33 
26 27 10 26 23 20 14 25 22 15 29 20 26 17 16 19 34 15 18 38 28 27 32 30 12 12 21 27 19 36 18 36 11 34 10 20 26 16 19 30 
16 37 19 27 27 24 19 24 28 15 25 14 27 15 16 19 28 16 13 21 17 33 35 31 12 31 10 32 18 37 16 27 24 31 20 24 21 23 12 36 
11 28 14 24 19 15 20 29 31 18 26 21 20 13 28 15 24 13 24 22 31 28 32 26 10 28 18 12 16 23 21 18 12 31 13 25 14 28 15 32 
14 37 18 25 20 25 33 21 24 18 20 17 29 9 22 13 41 20 12 31 18 29 38 22 17 21 18 21 18 30 14 22 30 30 20 16 20 17 16 29 
20 21 12 30 22 10 26 31 16 13 20 21 25 13 18 12 29 15 13 31 37 19 27 13 14 30 14 19 27 33 17 23 30 21 17 37 17 24 12 37 
31 30 22 16 25 15 25 28 30 17 33 21 23 8 27 17 22 6 10 35 21 36 19 30 12 25 18 18 17 40 21 21 36 26 22 25 17 24 17 22 
19 25 15 28 21 28 26 34 18 20 33 15 25 17 18 16 25 12 16 33 24 26 19 18 16 30 18 18 22 34 11 13 40 22 21 19 20 28 18 15 
13 28 16 14 29 14 28 28 17 21 30 16 18 10 18 15 24 12 23 25 22 30 24 19 20 45 14 17 26 21 20 25 26 47 9 28 21 25 5 28 
26 31 5 25 27 31 18 34 20 13 24 22 27 16 22 12 45 19 10 29 24 14 22 25 17 22 14 17 23 32 14 19 36 29 29 35 20 21 15 18 
29 32 14 26 29 18 23 29 22 12 26 10 20 13 27 18 20 13 11 35 30 24 38 29 18 26 24 22 38 7 22 16 10 23 13 28 19 16 11 31 
33 23 17 21 18 18 23 32 25 8 20 17 24 18 22 18 15 12 14 26 35 25 25 20 13 37 14 15 23 31 11 14 21 40 11 31 13 31 11 21 
25 30 12 24 24 24 15 19 17 17 28 14 18 11 19 10 31 12 15 18 36 32 32 18 23 22 15 21 19 32 13 21 22 39 10 17 24 22 13 22 
22 23 11 27 30 18 13 39 17 12 17 15 23 18 22 11 7 14 13 33 12 22 38 24 17 27 12 19 23 35 17 12 28 32 18 16 13 16 19 27 
25 22 18 26 24 23 22 31 21 25 21 14 11 12 28 13 20 13 15 33 9 30 20 19 17 31 10 14 13 36 14 29 26 39 21 25 23 27 17 32 
22 25 15 34 22 27 26 19 23 16 20 17 21 12 19 14 23 16 13 35 16 10 32 23 16 34 14 17 11 40 15 26 37 23 29 26 25 27 13 27 
19 26 16 21 23 18 20 36 27 12 29 18 21 12 17 16 26 12 15 38 25 19 32 3 11 25 13 22 19 27 13 19 22 36 13 13 25 22 16 29 
26 28 11 33 18 22 16 33 31 9 30 19 18 16 21 12 39 9 20 48 34 22 32 25 14 21 8 22 25 29 21 30 18 29 16 13 19 27 19 16 
17 30 21 25 12 25 11 28 28 20 35 5 19 19 22 16 25 17 15 33 29 26 24 27 16 23 20 17 31 26 21 18 24 20 17 27 18 33 14 23 
17 26 20 17 26 14 23 29 22 18 41 6 24 21 17 14 28 19 19 21 17 27 29 9 26 25 11 14 19 25 25 23 25 17 14 29 27 17 14 33 
28 28 23 22 32 16 16 12 34 17 36 21 20 10 29 12 18 17 14 21 27 24 21 38 18 33 15 26 16 32 13 22 25 39 21 33 21 24 15 30 
19 27 20 35 20 27 21 11 18 16 23 15 26 10 25 13 27 12 24 34 21 34 23 25 16 34 18 29 20 26 14 27 32 12 24 31 23 28 10 19 
22 23 13 16 12 21 23 28 19 8 26 11 29 13 20 18 16 18 15 39 20 25 26 31 14 25 10 28 14 25 17 23 23 34 14 23 14 23 15 18 
8 29 12 24 24 14 27 35 24 14 29 24 23 21 29 13 33 7 21 21 20 28 13 30 20 40 13 36 19 31 20 7 26 24 28 14 26 19 15 36 
18 25 10 15 29 21 27 13 24 15 26 16 20 10 22 15 19 13 12 45 35 43 25 25 20 29 14 22 14 26 23 22 22 25 17 23 21 21 18 28 
26 15 18 26 14 26 14 22 21 18 24 21 11 8 17 15 25 21 18 40 38 23 22 19 24 30 20 22 20 33 14 23 37 27 20 29 22 13 17 39 
24 27 20 29 21 23 16 18 13 12 24 10 22 9 18 12 35 9 19 12 26 25 42 25 16 35 22 18 22 24 20 15 20 17 16 29 23 23 12 27 
18 30 19 21 19 24 15 20 19 22 35 16 16 19 17 21 23 7 16 33 31 32 22 20 10 26 8 20 15 31 20 22 24 15 17 27 18 17 17 29 
19 37 18 29 8 23 24 35 29 6 22 13 27 19 28 17 32 16 15 29 13 20 51 19 15 20 15 23 28 27 10 11 21 36 10 22 21 19 11 31 
22 29 12 27 28 26 23 34 28 10 28 12 25 13 18 9 33 11 15 31 18 29 29 19 19 35 16 17 23 30 14 19 21 23 15 25 22 15 16 36 
26 19 17 37 12 15 16 22 24 24 29 19 12 17 16 11 21 21 15 22 27 33 28 15 20 35 8 18 17 18 9 14 25 30 20 30 11 27 13 16 
16 30 18 25 20 17 23 17 20 22 29 20 11 4 20 7 23 19 15 28 14 13 24 32 18 35 19 28 15 33 19 29 28 26 24 24 23 17 14 33 
28 24 18 26 22 16 19 42 26 15 30 20 20 21 29 19 16 14 17 22 17 24 22 20 16 25 22 22 23 23 20 30 6 25 19 15 18 32 17 23 
25 23 23 22 24 16 27 21 31 15 25 21 23 15 23 16 24 16 15 23 14 21 33 22 7 17 16 11 13 39 20 25 22 36 16 26 20 26 20 33 
27 22 17 24 21 31 27 25 35 12 24 23 16 17 25 11 20 12 14 54 26 19 34 23 15 22 13 19 18 23 15 12 24 24 24 22 22 21 13 21 
22 19 16 28 22 31 21 21 17 18 40 26 25 19 19 11 17 17 16 43 13 19 36 28 16 20 17 18 20 40 20 29 28 31 17 25 20 20 9 14 
18 15 16 40 20 21 17 21 29 12 27 13 27 16 21 21 26 20 12 27 40 20 26 24 20 26 18 28 23 33 25 18 18 18 11 19 22 16 14 30 
17 24 21 17 11 13 21 22 33 16 35 14 11 17 10 12 35 25 18 32 28 37 18 33 18 18 19 18 17 38 19 21 36 18 23 17 19 21 20 31 
19 19 23 34 20 26 22 30 18 11 14 18 21 21 19 17 22 16 19 44 28 31 25 28 19 27 15 14 22 23 23 15 38 26 5 19 18 24 20 12 
23 34 20 31 25 22 21 23 18 20 29 9 22 13 16 13 35 16 16 31 14 44 26 21 21 23 16 13 12 23 23 26 40 24 17 15 10 11 18 21 
23 24 9 33 21 19 30 27 20 13 16 18 20 10 19 15 37 19 20 18 24 38 28 25 12 23 15 17 22 21 22 12 39 29 17 25 19 26 26 20 
15 26 21 31 15 18 15 25 23 13 18 20 8 21 25 19 17 15 17 19 34 25 21 21 12 25 21 18 23 29 21 12 38 44 16 29 19 30 20 12 
18 30 23 38 10 17 25 27 21 21 20 12 25 12 31 10 31 11 17 24 22 14 31 22 18 41 17 29 28 26 12 16 21 25 18 28 18 19 10 16 
15 21 19 22 20 21 19 23 27 14 25 31 28 15 19 19 24 16 13 14 23 24 34 25 11 29 21 17 25 19 12 37 43 26 19 18 19 16 17 34 
17 37 8 26 18 19 19 27 21 16 11 11 12 14 27 10 22 20 16 28 29 33 39 37 18 24 15 24 31 29 21 24 24 17 20 20 20 28 13 18 
20 23 18 24 29 28 24 26 20 13 24 10 27 18 20 17 19 12 19 26 22 29 28 23 21 23 16 18 19 37 32 18 17 24 19 27 20 23 16 24 
18 27 6 49 17 28 24 23 16 13 37 15 14 15 16 19 18 12 12 26 34 37 33 33 22 20 17 19 16 26 23 23 11 25 32 25 13 25 17 37 
22 28 17 31 12 17 20 19 13 16 26 16 9 15 18 17 31 19 18 11 22 19 35 32 18 34 12 12 21 25 11 17 19 25 20 18 16 16 14 18 
22 22 16 25 17 22 19 38 30 18 33 16 12 16 15 16 24 10 18 40 22 29 40 15 11 34 27 20 17 35 19 21 20 36 23 13 17 26 12 36 
15 18 14 36 20 25 20 22 21 12 30 21 21 10 19 12 16 17 19 33 21 19 26 20 16 33 20 28 6 24 18 11 24 20 12 23 18 18 10 25 
31 19 17 33 25 25 28 28 19 18 28 15 25 11 23 17 36 19 17 23 24 28 34 27 20 25 25 18 18 19 15 25 27 23 19 23 24 13 14 32 
22 26 15 26 14 21 26 25 22 18 28 14 15 13 15 9 28 15 20 37 23 25 37 36 15 27 16 21 11 37 17 27 14 22 14 20 15 26 12 23 
15 33 14 36 18 20 25 28 22 15 33 17 15 15 14 18 25 14 13 25 26 24 13 22 13 25 19 18 21 25 11 14 36 19 22 22 3 23 14 20 
35 30 16 36 24 17 20 21 32 18 25 21 16 13 15 7 22 16 11 34 35 32 26 20 19 19 21 28 23 24 12 14 37 12 26 21 20 32 19 29 
18 27 3 21 12 23 15 29 6 20 31 25 28 14 30 22 31 16 13 28 29 24 34 28 13 37 13 16 19 32 14 23 40 18 14 21 12 25 19 19 
27 20 24 28 24 19 26 29 21 18 20 22 24 14 14 14 38 15 19 35 34 34 33 35 17 27 15 23 18 34 26 18 28 21 24 24 18 30 9 18 
22 29 20 32 33 13 12 31 27 20 28 24 18 20 25 14 23 13 23 31 36 35 34 37 15 22 10 21 23 25 22 19 28 27 16 23 27 24 18 14 
15 23 17 32 19 13 20 37 30 23 23 21 21 18 27 20 24 11 13 32 31 23 18 30 10 33 12 23 28 10 23 26 24 19 12 27 13 29 21 18 
21 34 16 28 16 22 26 21 20 14 36 17 18 13 18 17 22 17 15 43 29 22 30 35 16 32 19 11 24 23 23 16 36 15 15 29 18 15 18 18 
27 28 14 25 27 24 21 32 21 18 27 22 29 19 28 18 17 12 8 19 29 24 21 19 12 32 17 20 22 36 21 26 11 25 24 19 21 21 12 31 
18 29 18 18 34 31 28 32 38 5 26 16 32 7 26 16 30 17 11 31 21 30 21 30 19 34 15 23 15 25 23 25 15 38 8 23 19 17 17 25 
21 34 14 21 22 17 31 38 27 18 21 25 18 18 32 16 18 21 17 24 29 39 24 25 9 20 6 15 18 36 12 21 24 34 12 17 21 24 19 33 
25 23 9 26 18 21 14 28 25 20 14 16 24 20 24 15 18 14 12 30 22 22 34 31 19 26 16 20 17 24 16 23 31 36 24 28 26 33 9 27 
18 12 19 21 21 20 20 34 23 13 33 24 16 23 12 21 22 11 15 21 25 20 35 13 13 24 18 35 30 27 16 18 18 29 17 26 17 28 20 25 
19 30 19 18 17 11 21 30 17 18 33 21 29 19 24 9 22 12 24 28 31 29 25 33 15 23 16 23 24 30 17 20 32 20 20 26 22 20 19 33 
26 20 22 27 30 15 23 20 23 22 25 18 24 12 18 15 33 11 15 32 17 29 22 24 15 22 14 15 17 25 13 13 27 32 12 19 16 17 17 30 
29 27 20 26 23 22 23 32 24 10 38 13 13 8 23 20 30 16 18 10 27 21 30 20 12 43 15 21 24 28 14 28 17 24 21 24 18 22 13 29 
18 22 27 29 19 11 16 27 16 18 35 17 19 10 20 15 21 21 15 28 21 26 42 26 13 43 16 14 19 39 21 22 20 29 13 21 15 20 10 24 
25 18 13 36 21 24 19 21 20 14 32 8 18 19 25 20 26 19 15 29 20 26 36 13 21 31 18 22 11 24 13 13 23 32 15 12 21 17 12 26 
19 20 19 40 21 16 21 19 26 15 24 21 31 16 18 16 25 18 18 25 20 25 21 19 18 34 13 18 25 32 17 17 23 27 20 20 17 12 24 28 
23 27 19 38 21 10 24 28 16 22 25 21 22 8 23 16 47 16 19 36 17 17 29 14 13 35 14 19 22 27 4 13 24 25 19 32 30 21 15 28 
24 35 17 36 18 32 24 22 24 10 32 18 29 20 25 14 26 18 20 36 23 20 30 29 20 34 7 11 22 35 11 23 16 11 15 29 14 15 13 27 
19 33 5 29 16 16 19 33 23 22 36 20 14 13 12 13 18 15 20 24 29 24 52 18 18 17 11 23 11 30 24 16 25 29 23 10 13 12 17 35 
22 27 12 26 21 23 16 20 11 18 36 22 14 11 27 17 19 11 21 23 28 32 23 21 14 29 11 19 23 22 19 21 34 30 22 20 15 21 7 20 
25 24 17 34 16 14 18 41 32 16 33 23 18 13 16 13 41 22 17 24 25 28 37 23 18 33 14 25 14 23 16 20 10 15 17 11 16 27 9 20 
17 36 17 25 21 16 24 30 37 14 40 15 18 15 26 19 25 20 16 27 15 28 31 30 20 35 14 30 23 35 4 22 19 30 20 16 16 29 7 45 
29 25 16 26 23 14 23 23 29 16 35 10 26 15 29 17 36 11 16 31 39 12 33 28 23 23 10 17 16 17 16 16 27 20 19 17 22 22 23 31 
21 26 17 18 19 23 23 23 25 18 27 19 22 6 26 16 23 20 18 29 20 22 22 21 20 26 21 29 12 43 12 22 20 26 21 23 15 25 9 15 
23 22 13 21 27 21 24 25 25 15 31 21 11 14 28 13 36 17 20 28 28 14 37 28 23 33 5 20 16 37 19 17 24 19 29 20 19 25 12 37 
18 31 13 18 25 15 24 27 16 17 30 20 22 6 25 7 32 10 10 33 33 24 40 25 13 36 14 23 29 27 23 23 36 18 17 22 29 27 20 20 
35 34 16 37 23 22 28 41 27 10 26 15 27 16 30 15 41 14 15 38 24 17 35 23 14 27 22 21 24 21 11 26 21 24 22 25 15 23 11 32 
18 25 19 33 28 21 25 22 21 17 31 17 31 13 8 16 40 7 16 41 32 18 22 27 13 39 20 19 22 31 27 16 25 21 23 27 21 24 13 21 
21 19 13 31 12 19 26 30 18 19 23 15 17 13 22 21 20 12 13 24 34 26 30 11 20 38 6 23 10 28 14 29 22 43 7 30 17 7 17 31 
28 24 15 42 20 18 26 27 28 7 22 17 19 14 21 17 27 17 17 53 22 36 24 26 14 32 18 19 23 25 8 25 28 19 13 16 14 22 12 26 
16 8 20 35 10 5 18 29 22 16 17 18 24 10 25 16 10 19 8 32 19 30 32 18 14 43 8 23 10 15 13 20 34 23 13 24 16 18 12 32 
21 14 18 45 19 23 20 19 30 16 29 14 24 21 18 14 9 19 15 32 15 23 29 19 11 30 11 25 15 25 18 16 34 30 22 27 17 28 3 27 
20 32 17 35 19 28 35 37 15 14 26 16 33 23 26 11 26 13 14 28 23 34 27 20 7 18 13 18 14 32 17 18 37 26 29 20 22 24 9 37 
20 36 19 29 26 12 23 30 32 12 30 19 22 19 9 18 17 11 11 37 21 14 31 19 21 13 21 15 12 37 11 14 37 27 11 19 14 29 20 21 
19 36 23 19 11 20 24 20 32 15 32 19 25 11 26 16 37 12 10 36 23 16 15 28 22 29 9 14 24 30 14 21 17 2 18 23 18 18 6 32 
26 25 26 19 22 24 28 32 24 13 32 20 22 19 9 18 29 11 16 30 28 25 31 17 20 31 15 21 23 36 14 29 27 29 16 23 9 27 14 35 
13 29 17 19 26 23 8 35 28 10 21 21 29 11 24 14 24 13 17 39 24 28 22 25 12 28 15 15 21 36 22 17 33 29 23 26 29 21 12 30 
35 41 19 15 12 17 22 18 23 11 41 26 21 10 20 14 44 12 18 36 20 22 32 21 22 33 19 17 26 24 22 15 20 34 11 15 14 23 18 43 
26 31 17 21 24 11 19 36 20 12 35 25 24 19 19 17 43 22 13 32 47 29 19 25 19 36 25 23 13 25 14 20 19 25 17 20 17 17 15 37 
27 12 15 26 27 20 19 30 27 10 26 16 21 16 21 8 14 10 10 35 6 17 34 21 17 18 18 22 23 41 22 25 18 32 12 30 25 31 12 24 
15 32 14 20 22 19 24 32 28 21 28 14 15 14 13 8 23 11 20 43 22 27 27 21 13 33 16 16 33 34 21 26 28 38 27 8 23 16 20 37 
13 17 28 18 23 27 27 38 18 15 33 23 12 12 18 19 18 16 19 38 16 25 28 23 18 41 18 23 23 30 17 15 23 36 15 31 9 28 14 28 
17 18 21 38 15 16 20 25 13 13 26 23 28 22 21 15 22 4 22 19 29 24 33 24 23 24 13 27 21 41 18 26 22 35 13 18 12 22 13 22 
28 26 21 23 24 19 21 23 21 13 30 15 27 16 9 13 22 17 16 18 33 17 36 20 17 25 12 18 26 24 18 28 21 25 13 22 17 25 14 41 
24 8 19 28 17 17 32 36 26 15 33 9 26 19 25 13 35 13 16 28 27 31 22 27 19 29 15 17 25 29 18 24 17 34 18 31 1 18 11 42 
28 33 11 29 23 17 25 23 27 13 19 10 24 9 24 10 21 14 12 34 16 20 29 29 13 51 24 17 20 30 12 5 32 35 15 17 23 13 14 21 
16 35 11 33 23 23 21 31 28 7 26 19 21 14 24 21 41 24 19 24 22 19 34 29 19 30 14 27 7 23 12 26 23 26 11 17 9 27 6 30 
20 33 10 20 23 34 27 29 31 13 27 10 29 14 27 23 29 10 11 16 34 25 32 33 15 32 11 27 23 17 9 27 29 36 15 28 10 32 12 26 
25 24 9 28 10 28 16 19 25 18 28 8 27 15 28 17 7 12 21 35 24 23 19 34 24 13 15 22 20 21 9 21 36 28 26 29 22 30 19 34 
17 28 13 15 23 21 28 25 22 18 17 20 20 18 19 22 31 8 18 22 19 12 29 25 13 22 12 31 21 24 17 23 25 21 25 12 18 13 21 29 
22 17 11 30 21 16 17 13 25 12 23 22 13 15 13 13 27 13 13 36 35 28 28 30 19 40 16 10 25 17 17 15 27 24 21 21 26 12 19 21 
19 26 23 26 23 14 14 26 25 11 25 16 11 14 15 12 29 9 17 26 40 29 40 14 17 9 19 30 20 27 25 20 25 35 18 22 15 23 18 26 
17 12 19 27 17 37 19 38 22 9 27 16 32 20 22 23 18 7 11 18 24 28 28 27 17 23 18 23 28 15 16 16 29 24 15 22 15 28 15 31 
3 10 17 32 10 18 21 27 12 13 21 17 23 12 20 22 31 18 19 30 33 27 31 30 16 24 17 9 20 29 15 37 22 26 21 15 20 34 12 27 
10 19 12 28 20 18 20 26 18 13 36 19 25 22 18 20 29 10 13 29 33 14 42 21 16 23 16 28 17 33 20 26 28 17 23 22 18 21 12 27 
21 22 26 38 19 19 25 9 23 20 33 19 25 16 21 23 25 14 16 30 27 20 29 23 20 44 12 12 20 36 17 30 20 18 23 22 15 28 18 21 
16 34 11 23 19 27 22 25 16 9 40 16 24 16 17 9 14 13 10 25 27 27 29 24 16 15 12 17 25 31 22 28 26 30 17 17 18 21 8 28 
24 24 7 28 14 23 20 23 21 8 36 17 17 12 25 23 21 14 21 29 22 9 27 19 19 20 19 26 27 36 27 19 21 32 17 23 17 27 23 26 
29 37 15 35 22 24 17 36 8 18 23 9 11 19 11 21 29 15 20 20 19 5 35 36 11 32 14 19 17 26 15 18 25 42 18 23 14 14 20 15 
20 28 18 25 19 17 12 33 27 14 24 23 24 18 29 15 23 12 17 23 26 39 34 17 21 27 16 23 11 27 17 6 30 28 15 23 10 26 8 13 
26 25 12 28 29 21 10 25 21 13 27 16 15 21 23 8 18 15 21 31 28 21 26 19 15 31 13 17 19 27 14 19 12 36 10 28 4 24 16 28 
31 23 21 10 19 23 12 24 22 18 23 17 31 21 24 19 29 10 9 49 18 27 27 5 14 26 23 21 27 31 22 22 30 34 24 26 15 16 4 14 
28 28 18 16 18 20 24 31 19 13 34 27 27 14 6 19 15 22 19 28 28 23 24 17 16 26 20 12 28 34 18 24 19 36 20 18 14 32 14 11 
11 16 10 27 24 29 25 26 14 16 11 12 22 12 18 16 40 14 13 46 15 28 40 22 16 34 16 17 18 29 24 23 33 29 15 23 19 23 17 23 
20 24 11 21 28 17 19 35 31 13 24 19 16 14 15 16 27 11 16 21 23 30 37 23 23 16 15 9 22 30 21 29 28 25 24 32 18 38 14 22 
23 32 21 18 20 18 16 16 31 11 19 23 27 10 21 22 35 18 9 33 35 20 29 26 14 24 19 20 17 30 21 22 27 29 14 30 21 31 22 29 
21 29 13 22 19 29 19 27 39 18 34 21 22 11 27 15 28 14 17 39 15 27 25 26 20 31 17 21 24 31 25 11 34 15 24 19 10 22 20 36 
24 19 19 27 17 26 32 31 28 14 44 15 17 18 2 15 5 17 19 25 31 38 29 13 23 33 9 13 24 28 15 17 24 20 25 20 12 24 23 28 
23 26 12 24 18 25 22 16 14 20 17 17 25 19 17 14 23 7 14 43 21 21 27 39 15 34 13 33 18 22 19 18 21 36 18 25 14 13 10 30 
19 34 20 20 19 18 19 23 14 16 38 11 17 16 12 14 33 18 15 21 37 17 27 38 21 21 15 22 15 23 14 29 25 17 19 18 9 23 14 25 
18 23 20 30 19 23 24 10 28 26 24 27 22 17 16 13 25 8 12 26 32 24 23 22 16 43 14 19 13 26 17 26 28 23 20 23 17 33 17 38 
24 25 21 26 10 24 18 25 25 12 19 12 11 8 18 16 26 13 13 24 18 31 27 27 16 23 16 25 22 45 4 21 18 34 21 24 17 17 11 36 
25 14 16 28 11 25 10 23 21 19 5 17 26 12 5 14 44 14 15 17 35 29 30 25 22 24 13 3 24 29 13 22 24 30 20 30 22 29 15 22 
15 32 17 9 36 27 26 31 17 21 38 19 22 22 29 13 23 22 21 29 18 19 42 29 12 28 25 21 15 30 19 25 37 15 18 32 7 27 12 13 
21 28 24 16 24 19 20 29 4 14 26 22 17 15 16 17 19 15 17 22 10 20 21 20 10 35 21 26 27 35 16 14 15 24 22 25 18 26 12 23 
21 17 16 29 16 17 20 21 25 21 20 18 22 11 19 21 27 16 11 16 16 25 13 35 14 31 22 16 25 46 13 13 22 19 16 27 18 12 18 39 

MachineCapacities:
MachineID Capacity
0 10
1 10
