NumTasks NumMachines NumScenarios
30 4 100
TaskDetails:
TaskID ReleaseTime ResourceConsumption SuccessorsCount Successors...
0 0 8 10 5 6 3 1 2 4 
1 0 7 9 3 2 2 5 7 
2 0 7 5 2 4 1 3 
3 0 6 2 9 7 2 5 7 
4 0 1 5 5 4 2 6 9 
5 0 8 1 2 6 2 6 9 
6 0 2 2 9 3 1 8 
7 0 3 2 1 8 1 9 
8 0 4 4 9 3 1 10 
9 0 5 8 8 10 1 10 
10 0 2 7 1 8 2 11 12 
11 0 8 8 5 7 1 13 
12 0 9 3 6 5 2 14 15 
13 0 9 4 5 6 2 14 15 
14 0 4 2 6 2 1 16 
15 0 9 3 5 3 1 16 
16 0 4 9 6 5 0 
17 0 3 3 5 7 2 20 21 
18 0 4 3 5 1 1 19 
19 0 6 1 1 9 1 20 
20 0 2 2 4 3 2 22 23 
21 0 7 3 9 9 1 22 
22 0 7 5 10 2 2 24 27 
23 0 1 2 3 3 2 24 27 
24 0 8 2 6 1 2 25 26 
25 0 1 10 9 1 1 28 
26 0 7 7 1 3 1 28 
27 0 5 3 9 8 1 29 
28 0 7 4 8 7 1 29 
29 0 9 8 2 5 0 

31 21 26 16 17 32 23 26 14 29 19 15 16 14 25 23 27 30 30 33 17 37 13 19 13 14 24 30 35 30 28 17 23 22 29 23 12 13 23 18 19 11 27 35 24 21 36 16 28 25 33 15 34 15 30 27 30 27 28 17 31 25 32 23 25 16 30 13 19 10 41 27 12 20 20 22 38 21 5 32 38 30 20 42 40 21 18 35 20 15 26 25 15 33 23 24 27 32 9 45 27 32 29 16 22 15 17 25 9 20 18 35 32 30 18 34 16 27 30 20 
17 23 21 15 7 33 36 28 16 11 12 15 21 17 15 19 21 27 21 20 24 22 17 29 11 14 28 39 32 36 19 25 23 28 35 25 18 27 24 10 15 29 37 29 27 20 20 26 29 17 21 41 14 15 8 18 9 11 26 25 12 20 48 15 24 20 26 19 13 17 21 27 18 12 19 31 44 30 28 35 21 27 18 25 30 21 30 25 8 24 23 26 21 33 17 18 24 25 14 31 34 18 27 15 36 16 29 20 28 27 23 35 24 25 15 21 24 15 25 13 
29 22 36 13 15 24 21 33 24 32 23 30 24 22 21 24 21 26 23 35 18 22 20 22 25 22 17 13 27 38 22 24 10 28 30 14 24 18 27 13 20 7 28 17 32 24 24 17 18 22 20 30 27 5 22 19 24 26 37 27 34 35 23 15 21 18 30 24 19 10 33 14 20 23 12 15 46 19 10 52 25 31 22 39 23 25 33 25 24 9 34 33 25 33 17 16 24 38 18 32 35 29 28 18 34 14 29 17 12 28 23 31 20 42 26 29 18 27 31 25 
22 23 25 19 25 32 28 38 21 32 17 20 27 17 18 23 21 26 19 19 12 21 10 14 23 34 17 29 32 18 25 23 14 35 23 28 17 23 21 14 19 21 19 24 43 23 18 15 10 28 36 30 19 20 14 20 22 15 10 16 23 34 24 15 15 12 28 14 29 23 32 28 21 23 18 40 11 4 27 18 26 42 27 49 19 19 16 24 18 24 26 25 25 27 25 16 25 42 20 23 41 28 19 19 22 15 25 21 28 28 22 24 22 36 7 33 17 18 23 28 
24 13 21 14 19 30 19 34 19 37 18 17 33 33 21 11 20 18 31 23 18 33 16 8 25 29 19 34 34 17 17 20 19 41 41 22 20 32 23 13 15 13 28 28 23 18 29 18 32 21 30 26 28 10 31 19 21 17 7 16 31 28 30 10 15 13 17 38 34 13 31 33 18 35 25 31 23 17 21 23 19 13 18 36 27 30 27 19 17 21 21 34 21 23 31 24 25 35 15 26 40 25 19 14 34 15 24 21 28 35 17 17 20 24 16 20 17 27 29 27 
11 19 50 16 16 30 34 41 28 37 11 15 15 18 29 18 33 21 18 20 10 36 14 27 23 26 26 32 30 28 21 24 26 35 25 38 16 18 17 13 18 17 35 41 25 20 15 18 19 26 25 30 26 20 21 8 10 14 37 20 19 18 31 17 16 19 27 23 28 23 23 24 18 12 14 27 42 19 18 22 24 28 14 33 45 29 23 40 12 23 20 34 22 37 24 26 15 44 19 24 42 23 23 13 21 18 22 19 24 16 10 25 21 34 17 22 16 24 31 14 
18 14 16 18 16 35 22 27 11 18 14 24 23 24 31 16 28 33 32 30 22 27 16 43 19 12 18 35 41 27 22 25 14 29 22 19 20 29 26 19 22 15 38 30 35 23 17 25 27 33 29 31 31 18 18 25 13 25 20 23 29 29 8 19 6 12 18 29 18 15 36 26 30 26 12 36 13 29 20 22 31 6 22 21 48 24 18 15 24 18 30 27 21 33 23 21 22 16 18 41 23 30 17 12 30 16 20 23 27 29 22 17 19 30 21 21 13 30 28 33 
25 18 28 16 13 35 23 33 12 25 12 25 25 22 26 28 23 26 29 21 27 34 15 35 28 20 27 28 27 24 20 18 25 22 20 25 22 6 32 18 21 22 26 11 39 17 17 20 23 19 28 12 33 17 20 35 14 27 34 15 13 41 29 18 19 18 28 33 30 13 24 39 35 31 10 26 17 23 15 32 36 18 14 27 11 19 25 19 21 18 21 37 37 44 19 25 22 12 15 28 33 26 9 20 21 16 32 22 30 21 13 36 16 27 22 13 13 23 25 15 
31 24 30 18 10 24 10 31 23 28 18 19 26 22 20 20 23 17 33 32 12 19 10 23 13 27 28 23 14 15 19 34 17 25 27 24 23 19 27 21 24 9 25 18 27 16 25 23 25 34 30 44 33 23 22 27 19 20 35 21 47 26 25 15 22 14 5 36 12 26 35 26 23 31 30 32 22 23 19 27 39 21 21 36 35 26 32 20 15 16 16 35 22 28 30 15 27 25 12 21 33 26 28 19 23 17 31 24 20 20 7 14 27 25 8 30 9 15 26 13 
25 19 27 15 11 26 23 38 15 30 23 21 24 24 17 25 26 27 33 27 16 28 11 45 26 16 28 29 28 24 16 28 19 27 27 15 22 23 22 18 14 19 25 14 16 26 28 19 23 26 35 19 16 16 35 11 30 35 37 26 25 24 24 20 14 9 24 35 19 13 31 29 35 32 22 20 30 27 25 19 18 34 26 33 29 17 32 14 26 22 27 23 21 38 31 21 30 21 15 30 16 29 21 17 31 9 34 10 29 13 23 23 25 35 14 32 13 16 38 21 
19 8 33 12 18 25 39 35 14 22 11 21 29 24 24 18 17 28 10 26 15 24 14 10 17 33 20 35 35 27 18 19 24 14 30 27 21 30 15 20 15 21 24 22 10 19 17 18 19 27 31 33 29 13 15 24 19 16 23 23 41 18 12 14 29 28 33 17 31 19 37 30 36 18 21 27 16 17 20 22 26 10 20 35 41 28 31 18 26 28 24 27 26 9 22 22 22 35 13 32 27 37 42 20 26 13 12 20 30 31 22 26 26 16 24 17 14 32 14 20 
23 17 20 19 20 28 24 39 19 19 32 29 32 20 26 28 22 23 37 34 24 21 13 25 15 24 20 25 26 25 16 22 34 28 39 35 13 32 39 15 19 15 37 29 34 24 11 20 27 29 26 28 21 27 24 19 29 19 23 23 43 35 27 17 22 25 35 20 17 7 32 43 19 16 11 21 25 26 24 38 25 32 10 37 21 19 17 16 20 19 23 22 34 27 28 21 29 18 15 39 25 20 30 21 19 12 27 29 28 37 30 35 13 33 17 30 16 17 44 23 
23 18 21 16 16 34 18 28 18 36 16 21 14 16 24 25 18 25 28 23 20 24 14 39 21 29 28 34 19 22 17 24 25 29 28 35 18 21 31 13 20 18 35 32 22 27 30 26 5 29 43 13 29 22 21 20 23 18 38 29 39 19 19 16 11 20 40 31 21 15 19 28 23 21 21 15 41 24 19 31 13 35 23 46 39 17 23 17 24 25 23 35 2 24 32 24 32 23 21 25 45 32 21 5 17 20 24 18 17 22 25 21 24 35 13 28 13 25 39 20 
19 25 40 14 14 24 32 22 24 17 10 19 27 26 21 35 20 30 18 31 22 20 14 39 33 26 21 20 34 33 18 35 15 24 32 28 11 19 32 13 20 11 24 25 17 21 22 12 27 30 31 14 38 27 14 22 10 26 34 21 43 33 25 12 19 23 29 42 28 9 34 22 32 15 28 33 32 21 27 11 26 23 16 38 21 25 14 20 19 24 26 34 28 30 28 22 24 31 12 30 22 26 14 19 30 14 31 21 29 21 15 30 27 37 23 26 17 15 42 13 
19 19 48 14 9 32 25 20 24 38 22 25 31 8 22 18 21 30 26 17 20 32 17 39 22 33 17 36 22 18 24 33 23 29 10 21 9 24 26 14 18 11 29 12 25 18 30 21 14 25 25 18 26 11 22 19 34 25 26 20 34 20 20 14 15 16 28 24 34 15 35 14 15 13 9 30 37 22 22 32 18 28 14 15 24 23 25 26 15 28 23 34 16 31 17 24 33 61 24 31 34 25 41 5 29 17 33 14 18 24 25 34 17 35 16 26 12 13 22 12 
24 19 28 18 23 28 36 20 23 37 23 20 16 21 8 21 25 12 27 22 15 25 15 50 16 22 26 32 15 15 19 25 28 28 41 31 13 11 19 23 15 11 25 25 25 23 23 20 20 30 33 35 30 17 13 24 21 23 15 25 40 26 24 14 23 20 23 25 15 16 31 18 18 17 20 25 33 22 14 24 28 13 20 23 33 26 21 20 25 28 21 36 19 4 25 19 40 38 18 16 30 10 27 11 21 10 26 18 18 23 35 33 31 33 17 20 13 17 36 23 
28 20 39 15 14 32 7 33 21 40 18 28 15 33 22 25 33 35 29 19 15 16 16 37 22 20 16 16 42 27 19 26 23 28 26 29 23 17 14 18 17 17 39 23 27 28 24 27 16 22 29 35 20 20 18 20 21 13 23 29 31 32 42 14 15 21 28 37 31 19 18 18 29 24 17 30 33 26 16 27 44 32 25 34 37 27 24 28 17 13 27 18 28 10 27 21 28 29 11 19 32 20 46 18 21 21 32 18 21 25 15 23 19 34 12 31 21 22 17 25 
30 11 38 26 18 32 38 30 26 43 13 18 19 31 11 18 24 16 21 32 16 26 11 25 15 29 27 28 23 26 19 16 20 24 36 29 12 25 35 18 15 20 49 22 35 18 28 18 26 30 30 38 21 17 32 35 24 16 23 23 35 35 23 11 24 14 30 26 23 18 19 39 20 16 11 34 45 16 20 24 20 35 20 36 26 12 19 19 20 21 29 23 34 32 44 29 35 35 14 31 25 12 11 14 23 13 22 19 32 33 13 34 22 26 20 23 14 18 36 31 
27 15 27 14 13 34 30 21 20 33 8 21 19 10 26 12 25 22 18 25 16 23 15 29 22 24 28 27 32 30 19 27 8 28 37 22 16 10 33 17 7 16 14 29 33 14 27 19 22 27 25 20 38 26 27 36 20 19 32 18 42 34 20 16 21 22 25 17 34 17 38 40 31 24 18 20 22 27 16 27 31 54 25 48 19 22 16 32 19 33 24 22 24 29 25 29 24 25 19 40 29 23 34 16 31 15 39 28 2 27 16 30 32 27 24 26 23 23 31 18 
17 13 21 18 17 26 38 31 20 18 17 17 24 23 20 19 21 28 19 20 21 30 16 36 19 29 24 28 37 26 16 21 19 37 33 24 2 29 24 13 19 15 28 24 15 13 16 18 27 24 32 48 34 11 16 25 21 20 18 19 32 8 19 22 26 12 32 35 37 13 30 37 37 30 25 27 33 21 15 39 22 44 19 24 38 16 25 28 31 24 32 20 26 19 20 13 35 53 15 31 23 16 21 15 22 24 32 25 33 21 20 17 19 32 19 38 13 30 28 17 
24 15 21 24 14 37 26 29 20 22 19 36 28 13 20 19 29 22 45 18 20 31 17 34 30 21 30 24 20 24 14 18 24 26 39 27 15 25 36 19 17 12 34 36 30 26 29 13 18 27 43 29 25 20 24 29 32 10 32 5 22 25 51 20 26 26 33 17 28 18 9 32 14 25 12 20 38 16 17 28 30 18 14 29 50 16 21 17 16 27 37 18 20 47 22 20 39 31 12 37 27 19 18 10 37 13 32 21 22 36 27 32 10 30 15 21 8 22 20 22 
18 19 23 19 6 11 38 40 21 29 13 30 31 19 15 16 14 16 22 44 13 23 16 31 16 24 28 34 40 24 21 20 23 29 32 27 19 23 20 14 16 20 27 28 36 19 23 7 28 17 17 33 24 16 16 28 19 12 25 14 28 4 43 19 25 20 30 24 20 8 31 31 34 14 19 28 27 26 27 43 32 31 29 32 11 15 7 20 18 21 25 27 26 35 30 18 28 44 12 21 37 25 37 21 8 17 21 23 26 29 28 20 21 35 17 21 11 12 20 12 
22 22 30 21 18 26 34 22 15 42 16 13 29 20 27 12 16 22 25 32 20 24 17 32 33 36 17 36 23 17 18 23 22 16 26 27 25 27 28 19 4 16 37 37 19 32 31 17 20 21 29 28 28 20 16 29 24 21 28 13 40 35 22 19 17 20 11 31 19 22 30 16 25 16 22 26 24 25 20 30 22 44 22 39 34 23 16 26 23 24 24 34 18 35 19 18 22 13 16 11 30 31 22 21 23 12 27 22 20 13 26 24 25 14 24 24 16 25 30 19 
26 26 26 28 11 19 27 33 26 22 22 25 29 19 29 22 22 12 26 26 18 28 18 30 13 23 26 22 33 23 19 18 19 25 22 17 21 33 23 17 18 17 23 26 57 20 21 6 22 21 30 48 21 15 18 21 20 24 30 29 18 23 22 17 21 12 47 28 30 13 23 24 25 22 20 35 23 18 21 26 30 23 15 36 39 15 24 20 14 31 35 27 26 31 32 12 38 33 16 15 32 19 31 17 27 15 31 17 26 27 21 17 9 34 16 21 9 23 39 35 
27 20 37 16 18 15 24 13 23 34 25 22 26 26 14 28 27 29 26 23 10 17 13 22 8 29 25 29 40 22 21 11 23 25 35 33 23 26 24 12 7 19 20 29 22 18 21 20 23 18 36 39 10 17 19 28 17 27 34 12 35 23 27 16 12 23 35 37 24 26 29 19 36 28 25 26 41 26 23 36 21 29 19 30 37 16 16 21 25 19 23 26 16 13 29 25 37 42 16 13 21 27 28 17 26 8 36 24 21 28 15 32 22 37 21 19 16 17 28 15 
27 19 17 22 20 38 42 27 23 24 20 15 17 19 17 17 20 17 32 42 19 19 17 28 21 25 17 25 26 33 5 25 30 19 22 28 21 14 30 20 18 20 32 37 21 20 18 26 21 19 37 28 45 18 24 27 16 21 21 14 30 31 28 17 20 16 18 34 32 19 21 19 31 25 15 17 34 26 20 32 21 43 16 42 37 23 11 18 14 26 27 34 25 37 30 19 25 25 20 9 28 18 39 13 24 7 28 15 38 32 24 24 24 24 25 29 14 25 41 22 
24 16 5 24 25 34 28 39 15 31 18 20 21 22 25 19 21 31 22 28 12 34 22 37 24 33 17 30 33 28 11 15 26 38 25 27 20 28 20 14 21 14 15 33 22 26 21 29 28 38 27 21 24 13 18 36 25 12 41 35 23 22 28 12 26 14 35 32 41 19 16 34 38 21 20 29 34 28 24 28 32 28 17 24 27 22 14 17 14 30 20 40 24 30 27 14 32 31 16 25 24 32 25 19 41 14 25 22 34 34 28 26 22 32 17 23 16 25 29 18 
26 24 23 12 16 36 32 36 20 39 21 15 30 24 20 18 24 18 28 19 22 25 27 25 9 22 23 19 57 26 10 27 11 34 15 33 16 27 29 17 21 15 29 26 29 16 19 19 28 23 28 23 18 15 14 20 11 18 17 22 40 14 33 11 10 23 43 16 21 17 23 13 20 17 22 30 32 21 16 26 25 29 27 20 41 17 17 23 15 12 21 36 26 31 28 27 30 25 24 43 28 35 35 16 18 17 33 19 30 41 26 27 25 31 14 38 25 20 22 25 
28 19 28 14 20 33 45 41 20 30 13 25 44 25 15 11 22 31 41 23 13 30 16 29 32 10 23 27 33 26 21 16 20 21 27 30 18 27 18 12 26 18 31 31 15 25 16 24 26 28 26 30 31 24 13 21 20 27 23 18 13 29 24 24 19 16 29 10 20 15 31 24 17 14 31 30 6 25 22 22 31 22 26 10 44 24 16 23 16 23 24 18 22 26 20 23 29 13 15 25 21 36 30 9 27 20 28 14 38 34 17 16 18 27 24 25 12 17 14 15 
25 25 47 14 10 32 28 27 17 42 20 28 26 25 21 16 24 31 23 26 25 18 18 21 15 28 22 32 34 17 19 19 17 34 30 33 15 25 26 19 13 13 37 45 28 32 26 19 15 28 32 32 24 14 17 29 19 18 37 23 24 22 21 15 11 17 12 23 30 14 40 35 28 34 27 29 28 17 18 17 27 41 15 33 17 26 17 31 21 24 18 39 32 15 34 18 45 10 11 20 28 16 28 11 25 20 25 18 27 23 31 37 22 27 15 25 20 22 30 21 
19 19 43 22 14 34 35 30 25 24 27 27 20 15 33 16 26 32 31 36 18 20 15 35 8 29 30 30 30 40 23 13 21 16 14 35 13 41 31 26 24 9 30 18 26 25 19 18 5 18 25 40 23 13 24 33 19 22 32 24 13 21 28 12 19 18 41 24 35 15 25 20 22 14 25 25 36 29 39 54 24 30 20 26 34 10 17 12 13 20 38 40 28 31 30 24 30 28 17 13 43 29 35 18 17 17 25 21 22 23 21 21 15 29 17 30 18 30 27 19 
27 24 36 25 16 41 31 30 10 24 19 24 15 23 38 30 20 31 34 25 16 26 14 20 13 15 21 40 28 18 21 21 30 35 23 38 26 26 32 13 20 18 23 18 31 21 22 17 31 24 42 23 33 19 33 18 23 18 20 26 27 13 38 11 23 10 17 26 42 10 36 35 31 21 28 26 31 28 16 32 29 35 21 23 16 13 24 17 21 20 19 35 25 23 39 22 32 31 16 28 44 33 27 21 18 16 33 16 25 33 10 27 18 26 26 17 11 32 28 21 
8 17 29 22 21 19 25 29 27 37 17 15 16 31 16 23 24 25 30 26 20 19 12 33 18 37 15 25 46 25 20 19 22 19 18 25 17 20 26 15 20 17 40 27 14 22 26 16 20 25 19 29 23 20 13 27 14 16 15 7 37 17 23 15 26 15 24 35 10 18 33 39 17 22 18 21 23 22 27 46 27 28 24 18 42 36 20 18 17 20 29 24 18 39 29 25 25 27 13 26 42 39 35 12 18 12 23 14 31 23 19 23 14 27 20 16 15 21 22 25 
22 22 29 20 9 38 17 43 23 35 24 20 26 13 26 13 21 16 34 30 12 25 13 35 21 30 22 41 15 30 24 18 27 27 35 31 18 29 27 22 21 19 32 30 24 18 21 24 12 31 24 28 33 19 20 13 19 16 15 24 25 18 25 21 22 21 29 25 28 15 25 28 25 27 28 35 19 29 12 27 20 41 20 21 42 25 12 25 13 24 16 33 15 24 21 25 31 32 15 28 35 39 17 19 35 17 36 24 42 17 14 32 23 38 16 17 16 23 46 32 
22 15 26 25 20 37 31 28 20 35 20 21 29 22 28 28 27 28 24 36 24 20 20 33 26 17 20 30 51 30 20 24 10 31 33 34 16 23 34 12 22 8 21 23 21 25 22 10 22 34 23 30 25 17 17 17 10 30 23 26 15 37 42 17 22 14 31 36 21 13 41 22 27 23 18 40 24 33 6 25 36 36 28 29 43 18 13 23 11 14 23 33 13 37 23 21 16 25 17 19 41 22 29 14 32 16 21 20 26 29 18 28 14 34 18 23 18 16 17 28 
19 20 27 6 14 14 26 30 19 39 22 24 28 15 30 21 13 26 23 33 22 27 17 23 16 30 32 22 21 22 19 14 19 30 13 25 19 33 41 12 15 16 25 27 30 8 34 27 19 20 35 25 25 30 25 35 23 22 12 20 41 33 28 18 28 11 24 26 33 17 41 20 23 23 8 25 39 25 14 44 29 29 9 30 48 23 25 21 17 32 30 37 28 37 26 17 33 31 12 17 30 27 16 16 24 11 21 20 27 26 15 30 21 38 17 34 14 24 29 26 
32 12 22 21 18 27 22 28 16 33 21 17 15 31 20 18 20 26 29 18 9 27 10 13 12 23 29 22 26 30 10 29 20 40 19 18 15 23 30 19 17 18 31 30 37 16 28 10 17 24 34 30 27 16 19 36 30 30 17 26 46 29 19 4 14 17 27 35 22 15 22 25 28 20 27 27 25 17 16 42 13 29 10 34 42 26 28 30 14 13 27 40 30 41 25 31 29 18 14 36 43 26 32 23 29 13 25 17 20 16 10 34 10 46 21 22 13 7 38 5 
24 15 18 18 14 36 26 24 20 31 12 24 25 17 11 23 18 19 23 29 18 29 15 24 33 33 24 29 37 26 24 31 21 27 21 26 24 25 37 11 18 22 28 39 34 13 34 15 19 35 28 23 25 21 16 24 22 15 30 25 38 26 21 23 13 18 19 29 30 27 35 25 25 22 22 31 27 30 18 48 39 32 29 25 26 28 24 20 26 25 34 34 13 20 25 22 28 22 15 31 28 32 25 13 35 17 33 14 24 13 29 43 20 39 21 20 14 18 30 30 
15 23 36 17 22 47 17 16 15 35 16 20 30 12 20 21 22 13 19 30 17 28 12 35 25 18 38 32 49 33 32 20 15 33 47 30 12 29 38 13 26 20 24 23 23 16 18 15 15 23 19 46 18 27 17 36 26 21 21 32 19 34 15 17 12 22 16 32 37 21 27 34 28 19 16 38 26 14 15 23 33 16 11 23 35 22 11 20 26 22 25 24 31 25 28 35 16 35 19 20 35 37 29 20 22 19 13 21 15 19 8 28 22 28 18 22 20 18 37 22 
13 13 35 14 10 30 33 29 21 16 16 24 20 19 34 29 15 29 19 21 17 25 9 39 23 22 21 17 39 19 18 15 26 33 23 30 26 29 31 14 14 22 22 29 26 16 23 16 23 7 29 43 13 6 26 20 18 15 25 29 32 42 28 22 30 22 20 28 22 18 15 19 21 16 18 15 40 18 16 12 29 31 7 20 28 18 19 24 15 37 25 43 19 40 27 11 19 27 15 42 26 9 42 13 38 17 30 17 30 25 10 20 15 28 19 33 18 21 38 14 
20 11 27 4 18 36 15 35 19 30 26 39 29 27 18 27 29 24 22 32 27 16 24 34 32 18 20 18 36 16 22 24 23 41 36 19 14 23 39 13 19 23 28 35 48 17 18 21 13 30 33 48 32 18 16 25 23 15 31 11 46 37 14 15 18 21 40 20 30 17 22 30 26 27 32 24 20 24 17 28 33 26 9 40 47 8 9 26 19 20 25 45 12 32 24 29 21 28 18 35 25 27 9 18 23 14 32 20 19 36 21 25 17 32 24 24 20 31 26 15 
16 18 22 15 20 37 43 35 27 35 10 15 32 28 35 23 36 23 33 22 19 23 17 28 16 29 18 13 17 36 24 23 23 19 28 29 19 13 37 7 22 13 29 29 28 19 24 14 13 20 47 31 25 31 18 27 25 19 20 17 21 30 25 19 17 12 13 28 28 9 23 33 29 18 20 20 47 20 13 28 20 16 27 30 38 21 15 8 14 32 26 20 25 29 15 22 26 17 18 26 23 32 30 12 22 19 19 14 21 27 24 38 23 32 18 27 21 24 26 21 
24 15 42 15 22 25 28 32 12 28 20 32 33 27 22 26 23 20 29 25 12 30 20 25 18 17 20 32 31 14 17 11 27 27 31 24 18 35 37 22 17 21 5 26 39 21 17 9 19 21 24 22 23 24 19 31 18 22 30 32 27 29 28 23 25 18 17 22 30 13 35 35 13 25 24 30 40 18 25 29 27 31 14 13 37 23 7 23 15 23 27 37 18 30 33 40 23 35 22 24 31 28 33 19 28 11 22 13 21 24 21 17 32 42 13 31 14 26 22 23 
28 26 39 20 16 37 29 40 26 22 19 18 35 22 12 20 17 17 15 22 21 17 14 20 30 39 16 26 26 27 13 27 23 30 35 26 13 23 34 17 14 9 37 17 27 17 19 10 23 31 23 39 28 22 24 27 23 21 25 23 36 29 33 15 22 26 25 15 33 14 18 43 26 23 22 19 33 26 13 16 43 28 23 18 24 27 22 25 16 26 24 26 19 38 31 17 28 38 16 24 31 24 21 16 24 23 28 18 33 10 20 31 24 28 18 28 16 24 29 10 
26 16 29 24 15 37 16 8 17 29 22 21 35 15 26 16 19 25 21 24 14 22 13 29 18 26 35 37 45 41 13 16 14 37 38 24 26 23 27 7 15 16 25 35 21 23 21 18 20 15 15 22 45 25 9 31 14 17 24 18 34 29 30 16 18 13 21 34 30 20 20 38 23 30 31 32 20 21 21 31 29 24 13 29 30 23 21 25 18 34 15 29 35 32 25 8 37 7 19 30 32 19 26 16 14 18 27 25 19 17 22 24 11 22 17 29 14 28 35 22 
21 21 26 17 17 51 28 36 15 33 20 27 26 18 20 22 24 30 21 32 22 19 16 15 21 31 18 5 26 27 11 22 20 30 33 31 21 21 34 16 13 11 35 28 20 30 25 24 22 16 37 20 17 18 16 16 19 18 25 22 34 37 28 20 19 23 30 23 30 17 25 27 13 22 10 30 14 15 17 28 23 26 17 25 29 31 17 21 28 20 18 29 27 22 23 30 23 31 23 39 27 34 38 14 20 12 25 15 20 26 16 37 14 15 20 41 16 14 19 19 
15 20 29 16 12 35 22 34 23 33 16 15 29 15 19 30 19 28 25 40 18 39 17 30 10 18 18 33 29 27 13 30 19 21 24 28 14 38 17 21 14 19 26 11 27 22 22 10 25 25 22 33 15 25 21 29 24 15 26 18 40 40 14 15 20 15 29 11 18 14 19 18 26 16 11 12 32 11 24 44 41 16 22 26 26 21 12 15 23 28 13 32 13 15 28 20 45 15 23 27 35 21 39 16 17 19 30 12 21 19 21 39 11 31 8 13 13 28 35 22 
22 25 25 16 12 29 31 31 26 25 19 33 30 14 36 16 23 18 26 38 25 31 13 30 30 29 28 14 21 29 29 25 28 27 31 33 12 32 39 23 17 17 36 30 5 21 18 18 22 21 32 16 19 22 26 27 30 33 29 10 29 45 21 18 16 16 32 29 38 18 45 41 22 24 15 12 22 23 16 43 36 30 21 30 26 24 30 22 20 23 20 18 19 20 24 18 13 34 10 38 19 19 23 17 15 16 29 16 30 10 26 25 24 33 11 17 18 18 41 16 
24 30 17 27 24 19 38 29 15 36 13 15 33 31 28 18 27 13 25 14 15 16 12 28 30 13 15 18 16 27 12 29 22 24 28 31 14 36 18 11 15 23 41 20 40 26 22 15 21 31 28 14 26 21 30 21 16 23 33 22 27 27 26 19 21 21 24 30 31 20 29 20 31 18 11 20 11 32 24 19 37 30 22 30 46 23 18 11 23 23 21 33 22 24 24 20 23 45 20 34 22 20 38 13 23 17 37 23 22 18 19 21 17 38 19 10 10 20 20 16 
24 18 13 18 14 34 21 34 22 38 16 21 25 21 23 20 21 26 30 13 18 33 19 26 16 26 33 23 30 29 22 32 7 29 22 21 9 20 22 13 19 17 24 29 33 29 29 29 24 22 29 31 46 16 21 30 12 17 16 28 34 11 20 15 22 11 24 22 35 17 41 23 19 20 29 31 30 29 25 41 23 20 22 29 30 28 28 14 25 28 25 22 30 27 3 21 28 43 19 16 41 35 26 12 24 17 33 23 32 22 29 24 20 32 10 26 19 23 21 9 
19 24 25 13 17 23 36 32 13 29 12 31 16 26 19 27 11 16 22 22 14 27 16 9 19 31 22 25 25 28 20 22 30 34 27 32 15 33 42 12 25 26 26 24 28 28 24 17 25 24 30 34 28 19 22 18 23 23 34 27 36 22 28 6 30 15 23 25 22 14 27 30 35 26 25 31 28 22 17 21 40 27 15 23 33 12 19 17 22 16 26 28 31 32 18 22 20 27 13 29 34 22 17 12 18 19 26 21 21 34 26 20 23 19 19 18 18 22 45 24 
30 21 35 18 20 33 26 35 13 23 21 25 36 24 25 20 20 14 19 18 19 28 21 27 16 15 22 43 22 28 14 9 24 22 38 27 13 21 26 13 16 9 29 20 24 25 21 20 22 19 34 27 26 22 25 24 35 26 31 26 34 33 22 14 34 17 19 19 32 19 17 34 34 37 13 36 25 21 22 40 28 21 25 22 32 23 19 36 16 29 21 19 27 21 41 16 29 29 23 28 27 34 26 14 17 16 30 22 34 29 23 28 22 32 22 30 11 20 29 34 
24 19 25 10 14 37 28 29 21 31 20 22 10 27 29 24 19 35 26 20 24 18 16 16 20 22 25 37 26 21 13 31 24 44 26 11 16 22 35 10 22 14 22 7 38 19 26 15 27 30 31 23 33 17 31 17 19 15 28 35 15 10 21 21 21 22 40 26 13 15 34 20 28 17 18 24 31 21 9 40 29 29 16 37 28 22 25 30 16 38 30 13 13 24 26 11 18 18 19 36 40 23 29 14 36 9 24 16 29 28 23 21 16 13 19 20 18 40 21 15 
32 18 25 9 14 33 40 37 16 23 23 24 16 21 33 16 12 24 34 30 16 35 19 25 24 38 27 34 15 19 14 27 22 22 20 11 16 31 42 16 13 14 43 33 37 33 34 14 24 38 34 47 36 29 19 9 17 11 31 11 47 26 23 19 15 20 36 27 22 14 19 19 24 20 8 18 42 16 30 20 34 35 20 37 32 13 21 31 13 23 22 28 22 41 36 29 29 45 18 29 17 28 32 22 23 17 18 21 23 21 13 26 28 36 26 26 19 21 23 17 
21 15 17 20 5 30 25 41 16 17 17 20 26 23 23 15 20 28 23 26 17 25 14 29 20 14 26 37 30 25 19 19 28 20 32 35 23 18 34 17 20 26 32 39 30 29 29 22 26 28 40 40 17 14 16 22 23 25 26 25 33 21 14 19 7 21 14 34 24 13 37 27 22 14 22 35 37 21 19 28 23 25 16 36 34 22 26 12 12 24 19 34 24 21 33 27 37 30 17 23 27 13 31 12 27 23 19 14 27 16 25 29 23 9 13 25 17 15 21 28 
30 24 37 18 7 29 17 32 27 42 13 30 15 11 15 20 21 26 33 32 19 24 18 12 19 22 30 31 23 24 24 25 22 24 20 38 16 20 38 18 14 12 30 18 20 31 23 15 19 11 35 23 39 12 31 20 17 20 7 30 22 28 25 12 18 24 39 28 32 9 35 34 27 26 7 24 23 26 32 36 32 33 13 36 8 28 30 13 18 26 21 29 19 22 14 26 38 41 17 32 27 25 29 15 24 16 32 25 23 22 16 20 19 47 18 26 21 19 29 26 
33 20 32 21 20 38 20 43 23 32 28 33 21 22 30 20 25 34 27 33 24 27 13 21 15 24 28 24 24 23 32 23 26 40 19 2 24 25 32 13 18 10 32 34 26 13 22 20 15 28 37 44 15 20 24 31 12 16 31 19 37 31 26 24 27 23 29 14 18 23 19 35 18 22 23 33 25 20 17 39 34 29 13 33 31 23 19 18 20 25 15 19 27 21 26 24 32 22 17 15 31 22 25 13 36 21 21 19 38 30 20 45 18 29 14 10 16 24 22 22 
21 14 33 12 13 41 33 32 14 30 22 15 29 18 12 27 27 23 20 17 31 19 8 18 29 14 19 45 32 10 24 19 20 27 23 29 37 28 35 19 19 12 26 30 34 24 30 15 20 23 19 36 37 21 7 35 24 19 35 29 37 35 29 14 17 18 30 30 28 20 32 26 32 20 22 26 45 5 19 30 35 30 18 26 26 17 26 17 19 17 16 26 30 26 36 26 17 30 20 35 25 25 37 18 19 19 33 16 28 23 24 30 26 14 28 25 12 11 34 14 
17 16 34 10 13 33 31 21 24 32 18 16 18 20 14 31 30 29 22 13 10 18 14 15 29 11 20 30 42 22 13 34 16 43 34 30 9 18 33 16 23 25 40 34 32 24 27 25 15 15 33 17 14 16 23 28 16 21 21 19 27 17 33 20 16 11 22 27 24 17 30 35 44 30 24 40 28 28 10 9 9 33 15 32 4 26 25 18 16 10 32 21 29 27 20 20 36 42 17 23 22 16 22 9 31 4 21 22 25 35 15 19 19 26 17 27 13 23 24 25 
27 8 37 19 24 38 21 18 21 30 19 15 29 29 20 12 11 15 11 33 22 24 13 33 24 14 17 16 22 23 24 20 19 39 37 10 22 32 33 15 21 27 35 29 17 9 21 28 18 9 28 33 32 15 24 16 23 28 43 21 27 11 11 20 20 8 25 43 23 15 30 36 19 17 8 31 31 25 6 9 43 28 19 37 41 22 30 28 23 25 17 32 25 20 24 23 28 25 17 34 38 31 26 24 17 18 24 18 24 26 28 28 18 19 29 33 15 19 18 20 
26 17 28 19 19 24 37 33 20 24 23 28 29 22 16 16 20 21 35 18 22 18 21 31 21 19 36 4 47 21 19 34 30 35 18 22 29 33 31 13 22 17 22 28 23 23 29 25 21 31 34 23 20 13 26 23 25 23 33 33 18 38 18 13 21 20 29 26 20 24 38 23 17 16 25 31 41 32 32 16 25 23 21 17 25 31 19 32 22 37 15 19 18 18 31 27 28 34 13 24 29 32 33 19 30 9 23 18 18 17 16 43 29 23 7 25 21 17 14 27 
21 15 41 17 16 52 27 34 16 36 24 38 19 32 34 20 32 12 15 34 14 36 16 45 18 26 13 37 24 8 18 23 18 29 36 28 21 20 25 15 24 13 33 27 37 33 23 19 7 35 30 41 21 17 24 32 20 9 24 17 34 31 19 12 26 16 31 40 20 17 32 18 28 34 22 11 13 27 13 26 20 36 17 44 16 16 31 18 19 21 38 24 31 30 30 21 22 36 16 32 35 21 34 20 27 13 28 14 34 36 19 39 19 29 16 25 16 26 22 30 
11 11 24 19 18 46 27 23 17 32 23 12 23 19 19 25 29 21 31 28 22 20 22 42 26 23 23 20 22 29 20 33 23 25 20 28 19 25 24 12 12 17 33 35 40 31 34 14 18 41 14 16 18 26 22 26 18 24 24 16 21 21 30 22 24 17 23 29 29 24 9 24 26 19 23 4 37 21 5 33 17 32 17 35 18 22 20 14 21 26 25 13 23 38 19 23 30 37 13 25 33 25 38 19 20 17 17 17 22 37 31 34 19 13 6 19 15 20 23 27 
33 21 30 25 18 47 24 42 27 24 19 29 20 25 17 33 21 25 32 24 10 14 15 24 27 33 18 35 35 22 17 24 9 41 26 26 12 19 23 19 23 22 29 20 25 27 19 23 19 24 33 37 20 23 16 40 24 24 38 16 21 35 23 14 20 20 20 22 18 18 31 15 30 20 27 27 33 22 22 29 20 42 22 29 17 20 17 25 25 20 21 34 17 25 11 30 26 25 16 23 21 22 28 16 28 11 19 19 21 26 29 24 9 16 15 30 15 17 22 11 
10 14 35 11 16 36 26 21 18 27 31 17 28 16 27 19 25 31 23 23 21 28 18 15 30 39 17 30 23 29 18 26 22 10 29 21 25 29 31 15 17 22 41 18 17 20 27 10 15 30 26 48 20 16 13 21 25 12 26 30 31 32 30 7 18 15 20 13 26 10 36 46 31 14 26 36 35 18 16 15 21 38 17 18 36 18 28 17 16 17 23 30 28 44 32 30 26 21 23 37 18 17 37 12 34 14 33 23 18 38 20 36 13 28 23 30 15 19 45 24 
15 5 14 15 17 16 26 43 15 34 11 17 19 12 23 25 25 27 11 18 24 27 14 38 19 27 21 15 19 22 14 20 28 36 40 19 12 31 28 14 20 15 33 21 16 29 26 27 30 31 28 26 35 21 21 26 27 17 21 21 29 26 22 16 23 19 35 29 32 12 30 20 22 17 23 25 32 22 17 36 30 40 26 20 29 19 17 21 14 27 23 33 27 38 23 15 27 26 15 44 29 31 23 21 25 26 32 18 18 32 30 26 23 30 18 30 3 20 35 8 
21 17 28 20 16 31 24 39 12 42 20 10 26 15 24 29 14 27 29 32 6 23 20 32 10 22 20 17 37 27 17 24 19 33 23 39 22 17 45 15 23 27 27 33 22 21 22 13 13 26 18 29 37 15 13 13 16 20 27 21 40 47 21 20 13 23 30 28 33 11 13 25 17 23 30 27 41 20 16 38 31 14 10 21 22 25 23 19 10 37 34 28 14 30 27 34 45 13 17 32 31 17 25 20 27 13 29 15 25 28 28 19 23 22 22 19 15 24 36 20 
22 19 32 11 7 41 21 21 23 42 22 16 17 24 22 10 21 20 26 27 18 21 21 32 20 19 27 32 32 27 13 26 19 15 36 23 21 18 29 13 11 6 28 21 35 22 29 5 14 27 20 17 23 14 32 32 14 28 25 22 30 33 32 20 24 18 20 30 28 8 34 16 38 22 27 23 40 24 31 41 39 28 12 29 38 35 16 23 20 20 31 9 14 36 26 34 36 36 16 32 29 34 31 21 19 13 33 23 28 17 20 33 13 45 17 23 18 23 28 8 
19 15 38 11 15 15 22 17 22 33 28 28 24 21 21 17 29 28 23 37 30 26 15 22 19 14 24 13 16 31 16 21 25 44 24 31 28 14 32 18 17 25 27 33 26 15 21 15 11 27 26 23 12 5 19 26 17 17 39 25 47 19 16 19 13 22 26 25 39 12 30 34 6 19 30 27 33 23 18 40 29 31 14 35 24 32 16 23 27 11 29 15 22 31 27 18 37 25 12 26 38 34 25 8 17 10 30 21 19 31 36 28 31 26 20 21 19 27 25 18 
26 19 54 25 21 28 32 28 19 20 16 19 25 22 17 31 20 23 31 33 22 13 9 26 24 27 31 30 10 23 21 18 22 26 30 36 16 27 10 12 11 15 45 33 33 33 32 18 25 27 31 31 47 26 19 15 26 9 38 30 27 27 39 17 17 19 29 26 14 15 30 24 32 19 20 37 36 21 25 29 12 22 20 33 51 16 18 10 27 31 28 20 17 38 24 21 30 31 18 31 33 13 27 14 19 9 19 17 34 40 20 27 20 22 25 23 16 21 25 30 
28 19 37 12 16 34 22 21 14 12 26 25 25 9 30 17 23 21 33 18 26 27 18 12 17 21 22 26 30 22 24 21 12 26 21 28 24 31 31 13 23 13 32 29 36 34 20 30 18 22 27 36 35 16 18 12 11 12 36 31 31 41 38 23 22 16 23 27 38 12 32 28 25 19 14 38 34 34 32 45 37 24 14 40 39 21 17 22 21 17 28 27 14 30 26 24 22 28 19 31 35 36 19 18 14 16 29 13 31 28 22 21 37 45 8 28 24 15 16 31 
18 24 11 23 13 28 22 38 15 22 19 18 25 28 22 15 30 20 19 19 17 34 19 29 21 21 29 37 26 18 30 23 23 37 25 25 14 30 9 19 17 17 31 30 36 22 37 30 9 20 30 32 30 21 18 26 19 13 23 30 36 27 36 16 20 14 27 24 30 15 27 27 31 22 18 12 31 30 13 23 32 14 17 17 37 15 21 13 16 26 17 35 9 31 23 24 25 30 19 24 28 26 19 20 24 13 27 19 33 15 18 15 26 29 21 26 14 21 28 22 
25 18 27 23 11 32 45 30 25 27 23 24 16 21 28 21 30 31 13 34 19 35 16 19 9 26 36 21 39 33 28 27 25 21 21 25 20 20 40 12 15 8 32 47 22 20 25 19 20 28 31 35 41 21 12 16 30 27 44 31 34 27 19 11 15 18 37 27 14 22 34 25 17 25 28 21 28 20 11 35 26 19 20 29 39 22 22 19 18 22 10 32 28 27 27 20 30 37 10 28 34 35 19 17 20 15 19 11 8 18 19 30 28 26 16 10 13 21 31 18 
32 21 35 9 16 28 30 29 10 30 22 26 29 13 25 30 29 22 38 30 21 42 15 24 32 23 22 31 27 18 21 19 30 20 25 34 9 24 27 23 21 18 34 38 35 17 29 14 15 26 21 22 14 16 25 20 25 18 31 21 26 24 43 18 18 23 38 17 23 10 27 24 21 9 21 19 20 12 17 27 35 36 22 28 40 11 28 20 21 13 30 29 31 28 26 24 18 24 9 50 23 21 33 20 30 17 27 12 31 30 24 26 21 21 15 17 21 23 19 25 
27 8 39 21 15 30 15 35 19 25 13 34 23 25 20 19 24 23 30 29 22 20 17 18 15 18 18 38 24 19 8 34 12 32 17 26 27 25 39 18 14 14 30 2 24 24 19 21 31 31 30 41 22 22 10 33 21 20 34 19 33 31 33 13 23 23 19 26 32 20 18 36 20 19 23 24 19 25 30 34 36 16 16 25 43 26 24 20 16 26 15 32 16 31 28 25 24 19 13 30 35 25 17 13 28 17 20 32 26 39 33 34 27 30 14 13 14 18 29 17 
33 24 25 19 9 33 24 34 23 30 13 14 36 17 16 14 22 23 34 37 17 33 21 27 22 14 27 9 35 27 20 26 23 20 15 22 14 31 44 19 24 22 20 35 16 20 23 12 12 28 27 25 35 16 27 27 19 20 22 26 35 35 21 17 23 24 13 16 20 16 34 22 16 10 13 24 18 26 14 28 24 27 13 31 33 17 16 17 19 35 23 21 23 31 15 15 21 40 17 27 14 19 33 12 30 16 22 18 19 11 28 35 21 22 20 31 12 36 32 26 
16 17 32 20 11 28 25 42 5 43 15 5 27 21 24 9 24 25 23 26 19 31 8 31 20 28 31 31 30 24 19 23 21 35 34 19 19 26 25 24 21 21 17 16 33 18 21 11 19 26 42 33 24 18 9 25 25 23 19 28 22 25 20 19 17 20 31 20 24 12 43 39 26 30 12 35 41 14 24 41 32 45 7 18 24 28 24 21 23 38 28 32 21 29 29 24 25 24 21 27 30 39 13 15 15 19 46 16 26 13 34 23 25 27 28 16 11 32 25 21 
25 17 35 10 23 30 27 40 27 31 21 17 30 26 35 12 20 30 25 31 25 25 13 28 17 22 18 40 35 38 24 13 21 36 25 25 15 27 32 16 17 22 23 34 40 20 23 14 25 27 27 42 27 21 23 29 24 19 36 24 46 22 25 18 23 22 21 23 5 16 9 27 17 26 14 35 24 30 24 19 34 32 19 26 40 21 31 27 17 19 34 26 17 29 33 21 36 27 15 29 19 20 27 21 13 15 24 32 18 20 20 26 17 24 22 24 17 25 42 18 
20 16 29 6 18 28 46 13 17 30 28 24 24 29 22 32 19 20 23 19 18 24 11 27 31 11 20 30 26 31 15 29 28 31 22 14 23 21 37 14 20 23 26 15 39 29 23 19 25 31 19 33 37 22 29 29 26 23 17 17 49 31 31 9 14 10 9 40 20 14 29 33 27 19 11 29 37 23 23 19 27 14 18 12 46 47 31 26 29 36 21 45 24 33 29 21 29 11 19 21 27 26 21 13 11 19 24 13 24 18 27 21 14 31 22 26 16 19 23 21 
31 16 27 14 19 30 35 26 13 33 22 26 15 18 26 13 18 9 16 34 23 37 7 28 22 18 30 28 24 27 18 30 13 39 35 19 22 11 25 17 20 23 24 32 25 18 18 21 27 26 32 29 33 14 17 24 24 28 19 26 36 19 13 17 9 20 26 25 19 16 28 27 28 24 19 15 25 21 19 33 23 26 18 46 43 25 11 20 19 21 29 26 20 31 19 25 19 26 17 28 33 23 20 13 22 21 23 11 32 26 24 37 14 38 21 30 19 18 39 25 
25 18 30 21 12 36 30 23 20 25 25 14 36 16 28 23 10 19 39 6 13 22 12 27 24 30 26 27 23 16 20 26 24 26 35 16 24 25 52 18 10 33 18 27 21 12 31 17 14 23 34 36 32 19 24 20 19 13 21 14 36 39 26 16 22 14 38 35 22 11 30 25 26 16 7 32 35 34 25 30 38 4 20 19 30 22 14 28 15 30 27 17 23 26 32 17 45 29 13 42 35 29 29 25 26 17 21 16 19 43 17 17 17 36 21 34 18 27 27 16 
24 14 33 15 15 30 28 27 12 36 20 24 14 23 17 16 32 39 22 26 19 18 10 30 19 29 24 23 18 37 21 31 26 36 14 26 17 20 27 12 13 18 34 32 24 14 17 15 14 32 33 41 26 21 19 8 24 21 39 21 34 22 18 19 16 18 35 27 26 11 33 29 29 12 3 41 27 18 20 19 16 37 16 26 27 17 25 18 16 20 32 37 30 24 19 12 28 23 12 41 41 29 36 25 27 17 36 21 29 27 19 40 18 15 19 31 18 12 27 12 
26 16 36 13 14 46 9 27 16 32 21 26 23 16 30 13 26 35 21 19 18 26 14 31 27 26 18 17 33 22 20 22 24 18 28 23 15 32 29 24 9 8 24 31 28 24 21 19 26 18 16 42 17 19 12 28 16 11 30 20 30 33 48 14 5 17 28 33 18 19 25 16 20 25 24 34 38 19 16 31 23 23 22 42 26 23 29 19 21 22 24 25 23 29 28 23 19 31 22 30 24 28 33 14 25 20 19 19 19 5 16 23 15 34 14 15 14 8 29 12 
23 16 31 19 24 26 25 30 18 22 19 26 20 11 24 7 22 26 27 24 15 24 16 30 16 16 18 28 31 26 22 17 17 13 31 24 13 21 31 17 15 18 39 13 39 19 21 13 19 22 27 40 15 18 33 17 26 19 24 19 26 38 25 17 11 18 29 25 31 15 19 35 28 34 19 32 32 30 17 21 20 33 28 35 27 27 17 37 20 12 17 24 14 35 34 26 33 36 23 39 24 26 38 12 33 13 31 15 28 21 26 28 22 26 16 23 7 30 32 24 
23 22 41 12 23 49 33 29 22 22 17 23 14 27 31 35 17 9 27 20 15 23 17 18 19 23 33 25 30 25 16 8 34 32 32 27 17 21 24 16 31 16 30 27 38 22 18 19 15 25 39 17 28 15 15 21 30 18 31 16 30 21 36 18 34 18 34 32 24 18 26 29 34 31 30 38 23 27 18 26 30 20 16 26 48 16 17 32 19 12 37 40 15 31 27 13 17 42 15 25 34 35 22 11 24 13 25 25 25 14 25 36 20 11 9 36 12 18 24 26 
18 13 38 16 11 34 36 31 26 24 15 20 27 19 18 10 22 29 27 19 21 29 20 36 12 29 18 25 30 33 17 20 26 35 23 28 20 20 33 22 22 15 37 31 33 23 26 27 17 28 2 27 37 27 24 19 18 17 24 17 32 21 25 19 20 29 27 20 16 24 34 32 22 18 25 29 22 21 6 41 41 20 16 51 30 31 21 29 17 32 5 21 23 25 33 24 26 35 14 28 30 24 20 16 20 14 25 14 22 17 29 29 16 29 27 30 20 6 37 18 
30 20 35 18 22 28 37 37 17 22 13 24 29 24 31 30 27 35 36 28 11 19 10 28 19 16 13 22 34 20 20 15 8 36 23 20 19 35 36 21 14 15 42 22 35 23 26 20 32 35 32 46 23 11 13 20 26 19 26 17 32 15 27 19 23 14 29 9 4 17 39 42 22 15 15 34 30 31 22 25 36 25 11 28 57 16 17 21 11 21 9 31 18 25 15 25 48 26 25 27 14 29 27 10 23 17 24 19 41 24 26 42 7 25 18 27 19 27 21 13 
27 17 24 14 17 34 24 37 23 27 21 15 22 25 25 14 22 29 31 13 14 12 17 26 26 28 32 16 33 30 23 33 21 31 16 13 19 31 30 23 9 19 22 37 30 30 19 16 29 22 9 25 21 17 17 21 26 19 42 16 23 33 20 22 22 20 26 36 17 12 21 38 12 22 20 23 32 25 10 23 27 27 21 38 25 23 20 24 29 18 20 36 28 34 26 25 34 33 10 23 26 22 23 15 15 21 27 11 19 14 17 20 15 14 25 36 19 27 36 27 
25 22 35 24 17 34 25 30 11 10 21 23 15 24 32 24 8 21 34 21 9 26 11 25 29 36 20 28 20 23 10 14 17 27 15 18 10 37 29 16 20 23 40 29 24 30 16 11 14 7 36 23 37 19 14 20 21 30 33 20 35 35 30 13 18 18 43 29 10 18 44 31 28 28 12 20 31 20 19 30 15 21 22 26 56 27 13 26 18 29 37 30 19 24 23 14 22 32 11 20 22 25 35 18 24 13 18 19 31 22 26 23 29 35 15 30 15 14 28 26 
13 10 29 11 21 20 33 37 20 18 22 17 33 29 25 16 25 27 37 48 13 27 16 16 28 24 32 27 41 27 22 23 22 21 23 27 22 23 23 18 17 20 26 32 23 28 22 19 16 22 42 27 32 14 17 22 27 17 23 9 41 34 41 13 12 14 32 37 35 7 23 27 24 27 39 11 41 21 13 18 27 36 28 27 30 37 21 30 16 21 26 32 14 35 31 15 21 37 26 23 7 31 23 21 20 12 17 17 20 23 18 31 14 11 21 36 14 24 42 20 
18 22 28 14 18 28 19 20 26 34 23 33 22 15 26 23 21 14 26 15 21 10 18 26 25 26 29 34 27 28 18 22 20 33 14 26 19 18 33 16 22 22 23 30 33 22 18 22 18 37 28 25 26 28 23 22 21 14 26 15 38 32 31 10 23 18 39 30 19 18 30 23 29 24 15 25 38 18 27 17 28 25 8 13 35 34 30 27 22 40 23 35 25 28 20 31 29 44 12 19 36 20 31 12 26 18 38 24 18 37 25 46 25 26 22 28 19 23 24 33 
24 13 32 11 11 33 30 23 19 50 22 15 21 16 24 22 21 32 21 27 18 29 20 25 21 19 27 29 39 24 13 29 29 31 31 37 16 27 25 14 11 6 24 16 35 19 24 15 21 31 23 33 17 16 13 33 26 34 38 26 54 30 32 16 20 11 22 30 18 11 27 31 29 19 13 28 37 16 15 39 20 21 17 43 38 14 21 30 17 17 22 40 14 25 25 25 40 52 19 34 10 17 31 11 26 15 15 19 36 24 19 23 24 32 12 23 12 21 36 17 
13 17 42 27 15 25 28 25 14 25 17 24 33 18 21 11 24 28 34 31 21 17 8 23 16 6 29 28 29 32 28 27 22 28 13 38 14 16 21 21 18 21 26 29 18 19 15 11 22 29 28 29 26 25 27 8 22 29 34 30 40 32 33 13 22 22 26 32 13 21 34 33 33 21 19 22 26 34 6 28 36 34 17 41 28 13 22 23 15 23 25 17 19 26 15 21 22 29 16 41 14 19 18 12 20 17 33 13 30 17 8 17 26 11 14 27 17 26 36 20 
31 15 38 16 12 44 31 21 17 31 19 25 38 21 24 21 21 38 25 26 5 26 18 36 24 19 18 14 22 28 18 21 18 18 26 21 15 27 38 14 18 25 39 24 23 17 21 19 20 36 27 32 37 23 17 30 29 13 32 15 20 40 28 13 9 5 33 28 42 13 18 21 19 19 23 33 20 26 22 27 34 28 22 38 46 22 20 30 17 24 15 21 31 35 28 20 26 27 10 26 25 27 19 7 33 13 24 19 25 19 19 24 15 46 14 23 14 15 33 9 
25 7 33 18 24 24 23 30 17 42 11 26 32 23 8 25 19 13 28 15 22 27 13 28 30 21 28 21 17 14 18 24 14 33 32 21 14 23 26 18 20 23 30 31 19 17 29 22 22 24 27 27 22 18 7 17 14 24 18 4 17 22 31 14 19 19 28 38 12 12 12 20 31 21 16 33 29 24 21 17 36 37 16 31 50 35 21 30 23 12 25 28 19 33 25 25 20 33 8 46 23 14 32 16 25 15 28 17 29 27 43 25 8 30 12 31 18 26 30 19 
25 10 35 9 17 37 23 33 25 33 18 19 21 12 12 32 30 21 24 35 13 28 9 23 15 11 35 30 40 20 16 15 15 23 37 32 22 18 22 16 22 12 33 22 15 35 28 15 21 21 30 37 14 22 14 14 14 18 26 20 32 30 26 7 21 12 15 40 35 14 39 49 32 15 21 37 18 22 16 40 25 24 25 25 36 21 14 23 14 11 32 28 11 11 22 22 26 26 17 27 35 21 34 19 15 21 32 16 26 26 26 20 14 29 23 14 11 19 40 25 
22 15 30 9 24 21 35 28 8 26 23 40 35 17 24 26 24 30 39 14 18 32 12 45 29 33 30 26 9 31 22 24 27 28 26 32 20 26 16 14 17 11 27 24 43 19 30 13 26 30 35 27 27 27 29 20 28 24 21 23 16 22 24 17 27 25 35 23 39 11 27 33 18 21 22 9 35 21 12 44 45 45 23 32 41 25 21 26 17 15 20 13 22 29 20 24 34 47 19 25 32 25 13 19 18 16 16 15 25 35 21 38 15 18 9 34 12 16 33 24 
32 17 26 19 24 35 21 24 21 22 14 24 30 9 17 23 22 21 20 29 13 30 12 45 22 17 30 26 23 19 28 16 31 31 28 22 20 21 28 16 21 13 41 20 20 22 16 8 28 19 16 33 35 19 9 32 18 18 19 27 21 37 31 19 29 19 32 14 40 15 38 30 26 20 11 22 40 16 13 36 44 20 12 24 22 26 14 18 21 23 37 40 21 37 40 14 27 20 14 37 43 24 32 15 17 19 34 22 18 26 25 19 25 28 13 19 16 26 25 20 
26 9 14 11 19 33 19 36 18 27 18 21 21 15 20 26 32 27 24 11 15 27 13 35 19 27 20 25 13 22 17 22 19 37 26 26 18 32 29 14 22 11 28 40 24 17 25 10 20 25 35 35 30 12 16 30 21 19 11 12 38 14 41 15 14 21 40 30 25 14 22 26 28 25 19 27 29 27 21 32 49 29 13 21 34 23 16 25 22 30 16 37 18 28 21 17 38 22 15 39 27 27 37 12 14 14 30 19 39 18 22 27 22 17 9 12 12 22 37 16 
18 15 29 13 16 24 42 29 17 40 12 23 38 33 21 20 21 25 34 26 11 20 15 37 25 28 6 19 20 24 21 27 20 27 27 12 25 21 32 16 27 17 30 34 29 43 25 25 8 35 22 33 21 9 14 23 11 29 19 24 21 20 37 8 20 23 34 26 22 23 23 29 18 30 19 22 26 18 34 36 33 20 15 27 36 21 15 16 14 26 26 37 13 31 38 14 28 24 14 33 22 31 26 10 15 17 29 16 15 22 15 49 14 30 21 29 6 22 10 29 

MachineCapacities:
MachineID Capacity
0 10
1 10
2 10
3 10
