NumTasks NumMachines NumScenarios
15 2 500
TaskDetails:
TaskID ReleaseTime ResourceConsumption SuccessorsCount Successors...
0 0 9 3 1 5 
1 0 4 2 1 3 
2 0 6 2 0 
3 0 6 2 0 
4 0 6 6 0 
5 0 5 4 1 6 
6 0 10 3 0 
7 0 5 1 2 13 14 
8 0 4 7 1 14 
9 0 5 6 1 14 
10 0 3 9 1 13 
11 0 3 7 1 14 
12 0 5 3 0 
13 0 8 8 0 
14 0 3 9 0 

45 17 22 20 17 28 15 16 13 29 28 31 21 27 20 20 37 22 25 30 14 24 33 28 23 20 22 24 31 35 
14 21 30 22 17 31 24 30 17 16 21 31 25 29 10 24 28 26 40 16 28 29 13 9 18 16 38 14 24 19 
26 30 22 26 9 41 21 30 9 23 34 32 17 26 25 18 11 25 33 45 23 16 29 22 13 7 23 23 21 23 
31 25 13 20 15 26 22 21 21 18 18 49 12 28 27 20 12 25 15 26 25 32 40 14 6 12 27 34 32 25 
29 8 22 31 14 23 22 36 14 24 26 40 19 23 15 32 25 36 39 46 23 24 21 31 12 19 27 28 15 29 
28 16 18 27 17 23 22 36 19 30 10 32 5 23 24 19 26 42 27 25 18 20 28 26 22 14 33 21 18 21 
35 21 28 20 17 38 19 37 18 21 22 21 14 23 23 16 28 22 24 39 10 21 35 29 22 22 32 15 14 37 
23 15 17 8 16 24 17 22 10 20 18 27 10 15 9 20 22 25 27 30 13 34 20 20 25 25 23 11 21 29 
40 25 23 20 13 29 28 24 18 26 29 23 28 22 26 21 17 16 36 23 20 28 17 19 10 19 28 29 16 28 
39 21 21 22 15 42 14 22 17 18 21 34 11 23 17 16 20 41 27 33 20 22 28 18 11 16 32 19 11 37 
37 37 23 24 14 11 16 28 14 23 16 24 20 29 16 20 20 41 39 30 17 31 38 27 8 8 20 18 18 17 
43 30 25 28 14 17 22 24 15 29 31 32 19 11 33 21 27 36 28 25 20 22 28 23 27 21 26 13 19 32 
19 14 21 26 9 31 23 17 19 19 25 15 16 9 13 28 31 26 22 36 19 32 42 27 17 15 26 17 23 42 
21 25 13 11 14 21 11 29 17 34 27 30 18 22 22 17 25 30 27 40 18 18 36 31 12 16 30 24 23 8 
16 16 27 15 14 37 20 34 21 27 18 36 16 22 20 12 32 33 33 33 17 23 33 24 14 16 27 22 29 37 
19 27 20 28 11 25 11 21 15 19 18 24 20 10 25 17 19 25 41 45 17 23 24 17 21 18 19 27 25 28 
23 32 23 17 13 32 12 20 13 34 24 35 14 26 27 26 23 31 12 17 14 21 39 11 16 17 17 26 19 37 
29 28 24 25 18 30 21 22 15 31 16 21 17 19 23 17 30 41 16 47 18 19 40 19 13 20 24 23 28 34 
23 27 22 11 12 31 19 34 14 19 28 38 20 19 19 22 16 20 34 17 20 19 28 24 26 23 24 18 27 19 
40 23 17 13 13 32 20 39 10 16 27 34 17 33 31 29 27 34 23 22 25 31 31 3 7 23 28 15 33 26 
26 27 23 28 19 30 25 35 6 24 18 17 13 36 24 25 20 38 22 38 10 26 17 22 10 26 22 17 21 24 
34 31 25 27 4 31 11 26 4 20 15 30 23 17 27 19 28 25 27 33 15 23 30 23 26 20 18 31 22 15 
33 18 18 12 19 26 22 26 17 27 21 34 11 31 24 17 21 18 21 42 10 22 32 22 14 15 15 28 22 40 
31 29 18 29 20 25 23 25 19 24 16 29 13 40 25 32 16 31 33 31 12 20 28 21 11 24 26 22 27 25 
32 27 25 31 11 20 24 23 12 22 16 24 15 18 25 28 27 15 15 24 16 23 37 14 12 20 25 13 25 23 
24 12 22 18 20 18 23 15 12 7 19 31 15 23 31 23 25 32 35 19 17 29 13 20 20 20 39 22 23 22 
29 29 30 24 18 30 22 31 22 27 27 27 19 20 23 21 13 32 28 32 26 26 19 21 16 17 20 21 24 26 
31 15 30 13 19 12 33 35 11 26 25 35 13 19 21 30 22 25 22 16 19 25 10 24 18 17 21 25 26 35 
37 23 15 23 20 26 15 36 17 26 18 29 27 17 24 18 22 32 45 29 14 29 29 11 13 14 24 17 25 14 
30 19 11 23 23 9 9 32 18 18 30 15 21 20 33 22 17 38 15 32 18 27 43 15 20 18 26 17 19 31 
25 24 28 28 17 33 20 17 22 26 26 30 21 24 33 22 20 23 24 19 7 30 22 23 10 20 35 25 10 29 
18 17 21 17 17 23 28 19 11 14 28 27 8 17 19 16 30 29 23 31 8 26 28 22 13 19 25 17 14 30 
27 26 14 12 16 9 19 31 16 18 19 26 20 24 19 9 27 33 45 28 27 24 24 16 19 14 32 22 25 18 
24 31 27 23 14 11 12 44 16 25 26 47 24 12 16 23 29 19 26 35 7 20 32 25 18 15 22 20 18 18 
32 21 15 23 15 24 28 37 16 33 21 36 12 13 21 21 25 28 37 29 16 42 29 24 21 24 28 34 24 21 
20 30 16 38 11 31 13 35 19 18 24 29 19 18 30 14 28 30 46 10 19 25 26 19 17 22 24 27 25 42 
38 15 27 40 13 30 10 25 13 17 17 29 7 26 17 21 26 24 35 13 23 22 32 15 16 24 20 26 18 40 
39 27 24 23 20 31 20 23 16 27 25 40 11 15 28 27 20 17 28 22 16 25 29 7 19 16 43 10 23 22 
32 21 27 20 17 25 12 15 20 17 21 26 18 17 21 35 27 31 20 42 20 27 37 19 21 26 14 22 18 26 
35 28 24 16 18 26 25 35 19 30 19 28 23 17 9 26 32 31 38 28 20 22 28 17 12 16 22 24 29 25 
57 13 18 13 21 31 22 30 17 21 6 27 26 21 28 24 25 29 33 19 21 27 37 10 17 20 28 15 31 27 
29 19 19 24 17 25 39 31 21 17 22 36 21 36 20 24 24 23 23 13 13 11 29 25 21 25 32 19 21 29 
28 22 24 28 11 28 26 32 12 23 22 31 20 29 22 27 41 21 17 34 10 19 7 28 15 8 24 12 21 19 
35 18 20 12 21 34 15 29 17 21 20 25 22 17 28 15 20 30 24 23 28 25 24 21 22 19 36 25 16 17 
29 27 24 16 18 33 16 30 13 21 19 42 16 25 16 30 15 29 50 33 20 20 28 16 26 23 24 23 17 24 
23 17 33 12 7 32 21 32 14 25 30 35 25 22 30 26 28 21 30 38 10 20 23 24 10 19 31 25 19 18 
35 18 23 18 14 20 11 23 13 15 22 27 22 27 19 36 22 40 34 21 24 23 36 13 18 14 36 20 25 28 
26 32 31 17 9 31 10 46 15 26 28 25 9 28 16 18 28 41 26 31 18 26 29 17 24 15 22 33 21 24 
21 22 37 26 15 8 24 29 15 23 16 22 18 25 26 24 27 39 21 33 15 31 18 23 19 14 24 23 32 29 
32 26 13 18 18 21 18 25 17 34 27 19 16 30 27 33 32 20 13 24 19 19 28 20 16 10 14 20 16 31 
30 14 20 17 15 12 12 27 19 15 10 24 22 29 26 28 25 29 35 23 21 27 30 20 16 13 27 18 19 40 
25 22 34 18 21 24 7 35 20 31 20 24 12 23 28 28 26 20 32 37 13 14 23 18 22 10 16 26 18 31 
39 16 16 20 10 24 24 26 19 28 25 33 15 29 20 38 29 34 31 30 24 13 31 15 15 13 22 26 19 47 
24 22 27 23 20 20 27 39 15 28 14 30 24 29 26 39 33 35 23 38 16 25 22 13 17 22 22 26 18 22 
31 19 21 24 18 5 13 19 15 20 23 26 14 24 17 32 35 29 34 4 19 16 16 15 7 19 25 23 21 35 
25 19 31 31 13 36 21 29 15 29 30 44 12 36 30 21 21 24 31 28 21 29 38 22 13 12 19 32 19 21 
17 35 24 25 10 23 22 30 19 24 19 30 12 28 26 22 17 29 23 29 13 27 35 26 15 20 34 25 22 19 
25 24 13 29 18 38 23 33 11 27 27 27 20 30 24 30 13 20 15 35 21 16 17 20 12 9 32 25 11 23 
30 21 25 27 17 23 9 27 16 12 20 37 16 36 26 14 15 27 30 29 12 22 23 20 26 12 31 29 18 20 
30 20 30 20 9 15 30 22 18 30 20 34 11 8 22 15 17 33 42 29 17 23 31 25 11 12 27 26 12 29 
25 17 38 19 16 27 26 28 17 30 18 40 26 25 19 23 24 29 25 36 21 26 19 20 17 22 29 19 6 31 
27 28 22 20 17 27 21 23 20 24 22 36 17 28 22 16 16 44 31 25 23 26 26 23 17 12 15 29 26 32 
29 20 20 30 11 16 32 27 17 24 16 21 19 28 16 26 22 39 29 25 22 27 26 27 14 13 33 28 19 23 
24 19 23 16 20 16 15 21 13 14 23 36 16 22 23 26 19 39 37 33 31 18 26 27 14 19 21 22 19 20 
37 28 17 10 16 25 18 18 18 21 17 26 22 23 26 28 7 19 23 34 25 21 21 26 22 24 31 32 27 33 
50 11 14 25 9 37 28 24 23 24 27 34 19 16 30 26 9 21 23 27 18 12 34 22 7 18 38 18 28 33 
28 29 21 9 14 28 20 21 18 12 26 26 25 16 19 21 25 19 25 38 15 23 25 30 14 16 31 24 31 28 
40 31 20 11 10 32 15 32 19 26 22 21 16 34 23 14 23 28 16 34 20 22 37 21 10 13 13 26 18 14 
26 18 29 16 19 23 10 29 20 28 25 36 26 40 20 19 40 29 32 22 22 20 48 26 8 19 22 16 25 19 
32 16 20 14 14 40 16 33 15 28 23 15 7 23 28 22 19 37 37 27 18 29 38 12 14 16 30 16 15 26 
26 25 14 27 16 27 10 18 19 33 26 34 22 16 33 32 12 27 39 30 19 23 41 10 20 19 31 24 24 36 
38 28 27 12 9 29 18 28 13 12 15 17 25 25 18 28 24 18 37 31 22 16 11 29 19 14 31 16 33 26 
37 30 26 5 7 25 22 32 14 16 24 31 16 21 25 19 12 33 29 33 17 17 21 18 22 19 14 30 18 25 
31 20 26 31 16 28 23 23 17 23 23 26 17 29 23 15 26 39 34 46 24 21 27 29 6 27 27 15 18 30 
26 6 23 31 16 34 10 41 14 16 20 37 19 27 19 16 17 27 40 38 25 22 25 13 9 19 23 36 28 30 
24 22 33 15 16 13 20 37 17 23 19 25 12 28 35 23 19 24 23 38 17 28 24 22 16 19 35 25 27 30 
25 33 32 22 12 33 26 27 20 22 28 28 7 24 26 26 19 12 31 39 12 17 24 14 19 23 25 17 28 22 
30 24 19 21 11 21 19 40 17 25 24 27 23 18 34 20 28 30 27 22 17 3 21 24 25 16 21 30 16 33 
30 11 13 30 10 21 15 34 19 14 27 27 11 31 22 30 21 25 13 17 15 23 21 15 16 19 32 32 24 31 
18 25 19 21 17 20 13 22 17 15 19 36 19 28 12 19 33 33 23 37 20 9 44 14 19 24 15 24 26 31 
29 17 18 25 16 32 16 22 17 19 17 35 9 25 16 19 33 28 23 26 20 21 37 20 22 15 19 11 24 30 
38 3 19 26 20 16 27 28 16 22 22 22 19 26 23 25 35 37 27 16 16 20 30 13 27 12 27 19 17 35 
26 20 23 24 23 18 21 42 14 18 28 26 15 37 18 24 27 19 25 32 15 29 27 21 13 13 34 22 37 33 
25 25 30 28 13 30 18 28 18 15 28 30 16 24 28 24 24 32 22 45 22 20 22 20 16 20 31 27 28 27 
28 24 17 21 17 15 14 34 15 13 31 45 18 34 20 27 17 30 23 23 24 35 24 16 11 22 23 23 21 32 
25 23 26 20 16 28 1 25 15 17 19 24 11 29 24 25 25 23 26 30 23 28 35 12 18 19 19 25 23 39 
32 23 6 18 18 26 23 34 10 27 19 21 15 10 19 21 19 45 31 42 10 19 27 20 19 12 18 22 17 31 
30 28 26 22 20 37 16 24 23 22 26 20 18 11 20 21 26 28 32 17 26 16 35 15 21 12 28 25 18 34 
15 19 21 26 24 21 18 30 20 9 37 30 24 32 24 13 35 18 25 14 12 23 35 32 5 19 33 25 16 32 
35 16 34 26 23 30 27 30 19 21 20 34 10 28 20 24 16 25 33 30 14 28 32 21 20 11 39 17 27 29 
23 24 29 10 17 45 19 40 20 19 24 43 22 28 18 16 33 37 24 19 20 22 25 11 12 11 18 23 25 41 
24 15 23 26 16 15 21 37 17 25 20 28 27 28 24 29 19 18 34 23 24 15 21 28 21 22 29 18 17 23 
33 22 14 33 13 34 24 18 10 20 20 23 17 31 27 13 23 16 24 35 24 28 33 12 22 18 30 24 23 34 
33 12 24 25 18 22 17 29 20 24 30 28 20 27 18 15 31 17 26 32 12 26 26 14 13 21 24 20 20 31 
33 19 16 26 11 29 25 41 6 22 30 23 20 18 25 23 16 35 23 26 14 18 31 19 16 16 21 24 14 18 
25 21 27 20 11 15 23 32 13 19 22 28 22 24 21 21 20 29 26 30 14 34 27 12 12 19 39 16 15 34 
15 21 18 15 16 23 16 16 15 23 25 20 20 20 30 31 16 25 24 22 24 23 28 20 17 20 22 15 21 36 
35 24 20 20 13 22 15 33 19 18 28 16 16 25 31 28 35 24 34 23 22 24 26 12 19 18 14 16 16 35 
33 20 24 21 15 19 10 38 15 18 24 24 16 27 20 29 27 16 25 19 22 14 21 35 9 17 25 23 26 36 
38 22 25 15 6 20 13 30 13 23 26 34 11 29 29 27 26 34 34 45 19 31 25 18 18 14 19 19 22 29 
30 21 22 25 13 20 15 26 12 25 13 31 8 19 21 16 21 11 34 42 27 23 28 12 20 23 32 28 17 25 
28 23 21 23 13 7 22 42 7 22 12 29 20 27 19 18 33 19 24 31 19 24 34 27 16 10 27 27 25 21 
19 29 19 23 14 38 18 29 11 24 16 37 14 14 19 23 18 31 21 25 30 24 15 17 10 19 12 36 22 39 
18 11 23 15 13 21 15 15 13 29 22 38 8 25 18 17 29 20 29 38 22 25 21 16 12 18 20 20 15 38 
29 21 32 26 18 32 32 22 13 22 27 30 21 28 30 18 16 20 32 37 21 14 28 22 16 17 26 29 23 28 
2 33 25 26 15 41 24 25 14 19 21 34 29 24 19 16 23 13 25 24 20 19 17 21 17 19 27 25 22 22 
24 18 18 27 18 11 22 45 18 25 19 36 16 30 24 13 27 41 36 37 22 14 37 26 9 21 25 30 15 34 
39 28 29 18 12 22 21 37 13 29 19 36 14 20 30 24 20 27 40 39 18 17 29 24 18 33 19 14 24 18 
19 18 26 22 17 28 32 30 17 20 28 30 18 22 23 28 30 28 29 37 12 27 26 15 12 20 21 29 18 21 
26 20 20 28 12 25 23 42 24 26 24 20 20 10 25 21 26 31 51 29 17 26 45 27 15 11 14 19 41 27 
24 34 16 19 20 31 17 19 18 29 23 15 23 36 15 19 21 32 30 25 22 20 14 19 16 25 15 21 18 21 
10 15 26 17 9 20 16 39 9 29 26 22 15 20 19 28 30 21 30 43 16 24 35 22 26 22 40 29 24 20 
18 19 32 23 17 15 29 24 20 29 31 34 22 31 21 33 20 39 32 38 24 25 28 19 20 23 26 16 23 36 
29 24 13 22 8 19 37 9 16 34 19 26 21 29 27 19 28 32 33 38 21 24 44 28 15 15 26 20 17 51 
31 17 27 31 11 30 18 38 19 25 32 39 21 21 33 14 11 21 33 26 11 27 39 26 13 15 27 26 11 35 
36 21 16 13 13 27 27 32 19 27 28 36 15 27 29 27 26 21 31 27 18 22 27 15 11 10 22 16 16 31 
27 24 23 17 18 32 18 39 19 20 18 23 19 19 25 21 29 37 35 59 26 28 52 9 8 20 33 17 20 42 
14 24 29 26 12 27 21 21 15 26 18 31 20 23 28 18 22 25 22 35 19 28 30 13 14 20 25 28 14 44 
31 32 21 9 14 29 16 26 20 17 27 45 14 30 23 20 31 34 28 45 17 20 33 19 6 17 23 23 29 20 
29 29 23 24 13 36 31 27 12 28 15 33 22 27 27 27 26 36 34 27 13 22 22 17 17 24 27 18 22 31 
27 23 36 12 10 37 18 36 13 25 21 38 11 27 28 22 24 42 39 45 22 13 16 22 24 23 19 16 17 33 
34 13 26 30 13 34 9 23 16 19 13 28 24 24 30 18 25 30 35 26 24 21 33 14 17 18 25 25 22 33 
17 25 42 13 20 37 22 29 21 17 23 14 30 21 25 36 19 28 27 15 11 25 26 19 18 17 32 13 15 21 
21 26 21 14 13 36 21 26 8 27 19 29 25 27 27 19 25 17 18 35 11 20 33 13 17 27 32 19 18 35 
20 21 19 17 21 10 28 23 13 28 31 39 27 23 18 26 25 26 32 31 19 21 29 16 18 18 32 21 12 20 
34 25 26 14 24 29 11 29 20 25 17 15 21 31 26 24 29 28 24 34 22 25 36 27 21 13 19 26 23 35 
21 28 28 9 11 36 23 32 14 20 21 47 21 22 19 22 25 32 25 46 18 19 22 25 13 22 36 28 16 25 
28 21 11 20 19 26 32 27 19 25 19 32 22 29 25 24 14 35 25 34 16 21 35 22 17 10 22 27 13 14 
22 17 21 16 13 26 20 25 13 33 28 30 11 22 22 27 13 21 34 30 18 31 30 17 20 21 33 25 12 36 
27 21 21 24 10 35 15 30 21 19 24 37 16 30 36 22 22 22 44 33 18 23 25 25 19 12 14 15 19 29 
15 16 33 30 12 19 21 31 11 17 30 41 12 19 23 22 25 32 35 20 18 26 20 29 17 17 18 15 26 24 
27 20 24 22 11 20 23 40 18 25 35 33 18 33 29 26 18 27 32 29 17 22 40 12 11 17 18 26 26 32 
34 24 27 13 20 22 29 26 25 17 22 28 11 26 25 22 24 22 30 32 13 20 32 20 21 10 27 17 32 37 
20 27 28 2 19 25 27 34 10 23 21 39 15 23 26 15 21 20 31 28 25 37 36 22 19 12 24 32 15 30 
23 18 24 20 17 38 16 16 19 17 34 44 19 24 28 23 18 25 37 24 16 25 36 16 14 21 18 17 19 31 
39 25 24 33 12 27 8 27 12 15 24 26 17 30 18 21 11 22 33 34 14 10 18 28 16 21 24 23 23 24 
35 12 22 29 25 20 15 28 9 19 23 17 10 22 23 14 28 21 16 26 17 18 20 21 18 12 32 26 34 35 
19 29 23 21 14 29 37 31 17 31 23 22 24 22 29 15 19 33 18 3 20 24 25 21 16 18 27 21 21 14 
37 31 21 20 10 24 23 27 14 31 18 23 26 23 26 31 32 23 26 26 14 21 18 19 18 18 22 19 14 30 
44 19 16 16 19 18 16 26 25 15 14 21 24 33 17 10 19 25 38 28 20 25 25 25 16 26 37 28 27 30 
30 24 9 19 13 42 25 13 14 18 42 44 16 22 38 31 25 28 27 32 19 20 25 23 17 20 32 26 21 19 
15 27 19 18 16 40 18 30 18 26 24 22 22 33 23 18 15 27 14 32 15 31 42 20 20 18 24 19 19 34 
16 14 27 17 14 18 14 39 20 24 20 43 16 24 17 20 27 32 20 39 24 29 23 24 22 14 19 31 33 32 
23 31 26 27 18 34 26 21 17 20 15 32 12 34 31 23 21 27 21 27 17 23 33 21 19 16 25 25 24 38 
27 20 9 12 12 22 22 35 23 25 23 36 15 32 25 23 27 27 27 32 28 33 14 28 19 15 18 27 18 28 
17 23 19 29 16 27 12 39 14 14 14 29 7 31 17 18 35 33 18 29 21 21 23 18 18 9 15 21 22 17 
27 17 27 5 18 19 10 27 16 9 29 32 16 36 25 18 30 33 32 28 27 16 34 25 22 9 32 13 19 27 
29 20 9 17 8 15 13 13 12 18 21 16 17 35 27 20 21 47 29 15 19 30 30 14 23 6 20 24 28 37 
18 15 25 23 13 28 9 15 12 14 12 22 36 17 26 21 20 34 25 32 8 19 22 19 25 20 32 18 27 35 
27 10 31 12 16 32 18 39 12 31 29 40 16 19 18 9 21 39 19 25 18 17 16 15 21 8 31 29 24 26 
34 17 13 25 11 32 24 33 8 28 21 39 29 40 15 13 20 30 25 22 13 12 25 22 23 22 21 18 16 15 
31 21 19 31 9 33 27 26 18 15 29 26 15 27 20 23 22 31 39 35 27 8 26 25 20 16 21 22 18 33 
36 23 20 16 14 34 9 35 16 26 24 15 10 24 41 28 31 30 19 24 20 30 27 6 22 19 13 15 24 22 
27 14 23 23 15 16 17 17 15 19 12 39 14 32 19 16 26 38 32 18 10 16 24 16 15 18 25 11 22 40 
15 22 18 27 18 40 24 23 10 21 29 23 12 14 35 20 17 24 38 24 14 24 37 18 15 15 34 23 28 42 
30 30 16 24 14 25 17 21 15 30 12 20 6 6 28 24 23 15 20 23 25 20 20 21 5 21 18 19 24 25 
24 27 21 16 10 35 23 28 19 27 22 22 8 21 23 23 21 26 29 26 24 18 15 21 13 6 15 22 25 25 
29 21 17 24 20 13 16 21 21 11 23 32 21 20 30 31 24 24 18 33 12 25 16 20 3 19 27 32 16 17 
35 21 17 17 15 42 23 24 15 14 19 32 19 23 21 24 27 29 31 32 11 15 33 21 16 18 26 30 20 27 
40 23 23 19 17 16 21 28 12 22 30 23 20 23 13 19 19 32 27 45 10 15 35 20 17 25 19 36 17 37 
23 33 26 20 12 23 19 34 17 20 16 27 20 31 34 10 20 31 41 29 28 21 32 21 16 17 24 24 23 46 
27 19 21 15 6 20 28 36 16 21 19 27 15 17 32 25 31 31 21 14 19 25 26 23 21 14 14 37 20 37 
25 10 20 21 14 22 26 38 13 23 31 31 19 31 27 24 23 33 32 28 20 10 26 18 4 11 22 9 30 30 
31 25 33 27 20 24 18 30 20 33 22 32 21 17 28 16 19 29 38 34 14 30 14 10 24 13 25 11 25 29 
23 29 28 22 11 18 20 15 13 22 19 27 21 4 21 12 26 36 32 30 15 23 21 15 18 15 29 12 20 42 
31 18 26 19 13 35 23 30 16 10 11 28 14 27 22 14 22 23 28 46 19 24 29 26 15 26 23 22 18 25 
43 20 19 26 12 26 19 32 14 27 25 45 10 14 12 24 25 21 29 25 11 25 37 19 24 8 13 27 17 35 
40 15 16 37 10 19 22 24 14 22 19 17 15 22 25 20 8 27 18 30 15 16 11 26 18 20 18 28 13 34 
17 15 29 20 15 24 9 23 12 25 17 33 16 25 30 22 28 18 36 14 15 6 17 19 27 4 33 24 28 19 
33 27 18 25 11 24 14 25 13 17 16 28 9 38 31 26 26 39 30 31 12 17 26 11 19 20 17 13 28 29 
20 5 21 16 14 24 13 36 16 20 25 31 17 34 18 24 27 22 42 14 11 25 18 19 13 15 22 25 29 28 
31 22 34 20 5 7 12 32 13 24 14 47 9 12 24 14 28 39 36 24 20 20 33 23 9 15 33 25 21 20 
29 21 20 14 18 38 35 33 16 31 17 20 20 19 13 23 21 25 21 14 24 29 35 25 13 18 21 13 25 24 
20 21 20 10 19 21 29 39 16 24 28 36 20 28 24 12 18 33 34 31 24 30 16 20 14 24 32 19 13 11 
29 10 28 19 12 37 20 22 13 14 17 42 18 32 26 35 31 32 30 30 20 24 44 24 17 16 28 14 21 14 
27 18 11 20 13 11 20 38 17 10 28 31 13 25 25 17 26 36 27 26 20 19 30 24 17 15 30 22 25 33 
18 15 32 28 17 12 23 31 8 23 12 20 14 37 21 23 19 37 31 40 13 27 37 24 24 14 23 29 17 36 
25 23 25 23 14 32 30 26 16 26 17 64 16 20 26 23 18 28 30 10 23 24 22 12 20 13 12 22 27 34 
32 29 14 16 14 38 23 23 9 21 16 24 18 24 40 25 28 35 34 18 23 27 43 21 18 13 23 21 14 27 
19 20 27 19 19 25 22 35 20 21 10 43 18 15 23 24 25 24 25 24 22 25 13 25 14 16 17 12 22 25 
24 20 16 18 16 20 20 23 16 26 23 28 23 30 21 34 27 15 31 30 21 21 37 15 18 17 34 24 27 42 
36 25 13 16 12 30 16 17 16 18 13 15 5 22 26 22 29 29 15 28 27 32 26 27 14 20 11 28 14 30 
20 25 26 14 12 18 15 32 17 23 16 32 10 31 21 26 28 15 35 24 15 31 37 26 12 17 32 24 20 23 
16 17 25 22 13 28 18 46 13 27 27 34 22 30 29 28 13 32 39 40 26 31 30 29 12 21 36 37 29 29 
21 20 18 28 12 17 24 33 19 16 16 25 16 27 12 26 25 43 37 21 11 26 19 18 27 15 34 19 20 18 
38 29 23 19 19 32 21 36 17 18 23 25 22 30 6 36 24 28 29 24 19 28 38 4 24 19 20 12 23 18 
17 20 22 21 12 28 21 21 16 20 23 25 10 25 38 16 25 23 25 30 23 24 22 21 17 24 37 19 25 26 
56 21 22 22 14 27 10 29 18 14 27 26 23 23 23 20 16 32 23 35 17 31 34 17 23 18 26 26 23 30 
20 17 23 17 18 25 10 31 14 18 19 42 18 33 14 31 24 34 23 38 26 26 32 21 24 18 27 7 22 34 
36 20 22 26 15 37 24 43 12 15 27 33 13 24 22 20 20 20 28 14 18 29 27 10 18 18 18 19 16 22 
19 28 16 23 5 22 22 22 20 27 33 34 27 26 29 24 21 22 27 25 18 19 22 23 12 17 26 21 29 28 
26 22 21 26 12 29 22 16 24 23 22 35 15 25 26 17 38 22 31 30 13 20 19 22 12 20 20 25 19 42 
30 28 15 25 16 30 18 18 17 30 17 24 24 25 24 26 33 19 36 27 19 16 24 23 23 16 34 27 29 30 
30 15 18 25 13 36 14 31 18 18 21 15 21 30 29 22 23 36 32 25 16 28 28 15 19 12 31 19 22 29 
31 23 26 22 18 27 20 25 18 5 12 11 14 21 20 26 28 40 28 20 23 20 13 21 8 9 24 18 20 26 
23 23 26 19 17 31 27 21 16 14 30 31 18 32 34 21 35 30 40 28 14 21 25 10 27 13 23 31 24 27 
29 26 22 22 9 22 28 21 14 17 25 31 21 24 13 18 17 38 31 39 21 21 29 18 16 18 27 15 15 29 
41 27 27 20 18 31 28 35 19 29 27 24 26 20 25 18 29 32 38 27 15 27 21 35 22 19 21 26 25 34 
27 24 27 23 15 35 19 32 14 31 30 20 20 25 19 20 29 28 36 33 22 14 29 28 20 11 29 24 26 38 
23 24 28 18 13 32 15 29 14 30 21 20 18 28 17 15 36 34 30 38 14 17 38 18 17 14 37 23 11 41 
34 26 21 17 10 17 19 45 21 20 28 30 24 29 23 28 26 31 26 19 19 34 29 18 11 20 33 26 19 25 
20 18 22 21 11 24 31 14 17 27 30 21 25 27 25 25 21 21 37 51 11 21 36 20 12 15 27 21 9 36 
28 13 15 20 9 45 33 41 17 14 20 34 10 28 15 38 20 20 25 37 16 20 34 34 21 24 27 15 26 29 
31 24 29 21 14 29 19 29 20 17 19 48 25 24 18 28 21 20 23 26 24 26 33 17 24 12 18 27 15 22 
37 16 20 19 14 21 26 30 12 22 31 33 18 29 24 26 32 26 27 38 15 23 27 22 15 13 25 26 30 33 
25 28 18 22 9 25 12 32 16 30 15 30 18 28 19 17 19 30 38 35 18 26 36 23 13 16 26 34 16 34 
29 25 24 25 12 30 18 32 14 16 25 31 14 27 18 26 28 38 26 28 25 28 11 17 17 17 37 17 22 34 
33 6 25 15 12 19 22 26 12 17 1 29 16 36 26 26 21 13 29 34 23 23 24 11 12 22 29 29 24 31 
22 33 24 23 17 20 28 49 11 15 26 35 19 17 26 27 25 11 26 39 16 17 30 18 21 16 28 38 21 31 
37 19 29 22 15 32 22 15 15 23 24 31 13 18 26 22 17 43 39 13 16 20 29 19 18 12 26 20 28 33 
17 35 24 12 18 37 29 21 18 16 11 34 19 20 28 19 20 50 36 17 21 16 39 25 24 13 29 28 15 35 
42 14 23 20 22 26 21 30 14 25 26 22 23 27 34 16 25 26 29 28 27 21 30 14 18 15 26 20 25 17 
31 26 32 27 21 31 6 36 17 20 22 22 21 26 23 18 22 32 22 12 11 18 28 20 15 19 30 27 26 32 
20 20 24 21 19 26 18 34 15 24 24 18 16 20 22 22 24 19 24 38 20 26 32 23 18 7 32 28 27 32 
36 22 24 20 23 29 15 41 16 17 19 38 31 25 18 16 17 30 36 29 23 32 23 19 22 20 19 27 30 43 
28 19 16 27 20 34 30 27 25 31 25 21 17 16 21 34 17 34 28 34 23 24 29 17 17 19 37 19 21 43 
25 25 21 22 14 36 11 29 9 24 22 43 26 22 17 29 25 16 42 40 13 26 25 13 23 16 24 36 22 31 
28 13 20 19 7 30 20 23 13 16 22 25 26 23 20 14 39 40 20 40 18 29 18 22 22 22 18 11 25 39 
34 20 21 30 13 31 15 10 12 18 19 17 23 21 22 22 17 45 36 24 17 26 38 15 12 22 14 21 23 36 
24 23 18 17 15 21 20 19 17 24 16 16 14 25 8 22 33 29 15 23 22 29 23 20 16 12 30 18 22 26 
25 22 23 17 12 32 27 37 13 20 24 25 9 25 19 32 14 3 31 28 13 22 31 16 22 17 18 27 25 19 
24 25 32 20 12 17 18 28 12 24 30 21 19 22 18 20 19 29 35 24 18 26 35 17 26 11 18 23 31 26 
26 23 22 17 20 35 26 21 17 22 21 37 22 20 31 15 42 34 24 35 11 21 34 16 12 14 24 18 25 37 
26 22 20 20 9 12 21 25 16 18 30 13 18 19 21 18 36 24 36 30 26 24 27 22 11 19 29 23 33 37 
33 23 17 29 15 26 15 27 16 24 19 56 24 21 24 24 27 18 38 19 23 10 12 15 21 19 32 25 21 28 
30 17 25 33 12 16 27 30 16 24 23 28 20 25 23 28 20 30 43 39 24 19 21 28 16 26 22 20 18 32 
28 33 20 25 20 29 20 22 15 28 20 27 21 21 31 23 28 24 37 29 9 30 39 28 18 19 23 12 25 31 
30 20 14 20 8 31 20 21 15 24 23 32 22 16 23 22 19 37 21 29 26 25 28 16 17 19 34 27 30 24 
43 26 22 23 15 28 19 30 23 33 15 35 13 24 19 20 19 36 14 32 10 21 27 21 13 9 24 17 21 25 
31 13 25 19 18 20 20 31 13 25 19 23 14 28 20 32 30 15 21 44 24 32 43 26 23 15 27 24 18 24 
30 27 21 29 18 24 13 33 19 20 19 24 18 28 22 17 24 32 24 18 13 21 33 14 19 14 25 24 23 37 
35 21 26 20 12 38 20 21 15 22 11 31 17 23 27 25 35 29 30 27 23 33 32 17 21 8 20 32 18 32 
31 26 10 27 8 31 16 36 16 33 23 31 9 23 25 17 23 19 25 34 14 24 26 4 16 14 33 25 23 33 
35 26 35 18 19 33 16 27 19 18 17 25 11 35 22 33 17 36 24 35 16 20 13 23 20 19 21 28 28 21 
35 16 23 23 8 27 16 28 20 25 14 38 10 32 15 19 20 13 27 20 16 28 22 23 22 25 9 27 15 43 
25 40 24 27 12 23 15 25 18 15 21 39 27 21 26 12 24 34 45 21 17 25 28 23 15 12 22 34 20 21 
36 16 16 27 17 29 10 32 14 28 19 21 16 19 18 24 35 27 39 31 18 19 27 21 18 9 18 23 18 30 
43 28 22 27 8 16 28 29 18 14 33 29 8 28 34 26 17 24 26 34 21 22 28 17 18 27 37 22 26 28 
28 32 16 31 12 31 14 41 20 17 31 27 15 29 22 18 23 33 26 35 16 22 29 17 14 13 14 18 23 32 
26 25 23 20 10 46 15 13 20 32 26 35 16 21 21 24 29 26 38 22 17 20 22 26 17 17 17 23 18 13 
32 21 26 20 7 14 26 25 18 19 19 31 12 23 20 31 14 9 35 38 17 28 30 26 14 23 29 14 33 18 
25 31 25 23 13 24 36 27 7 29 20 41 10 42 23 16 23 21 27 26 17 20 34 13 21 13 15 28 22 19 
25 26 32 22 18 28 37 43 12 23 7 32 18 15 24 21 15 35 39 36 16 21 27 14 16 11 28 23 27 34 
10 26 18 24 15 19 17 31 14 37 27 21 14 23 28 29 23 13 27 37 18 13 41 18 19 22 17 18 23 33 
25 25 19 19 8 20 18 25 14 28 18 19 19 23 18 20 22 30 25 27 20 30 35 20 21 19 25 30 29 40 
29 30 26 19 17 29 26 35 21 16 23 23 19 38 28 20 34 27 29 34 15 23 16 12 24 12 33 21 16 29 
35 18 16 27 19 8 22 38 18 33 20 30 6 28 30 24 18 27 34 34 20 24 21 14 19 18 28 27 23 28 
17 28 25 7 19 34 20 15 20 9 13 31 23 24 21 22 21 36 23 44 17 21 20 14 18 13 44 20 24 32 
21 25 24 33 16 31 24 36 13 24 23 31 18 26 29 24 29 23 33 34 20 30 17 41 11 17 30 27 18 37 
20 27 29 17 17 12 23 31 19 18 21 38 26 14 29 21 28 32 32 43 24 27 42 29 18 15 28 21 22 27 
31 27 10 24 15 31 22 33 20 23 24 36 14 24 11 19 7 33 37 45 19 20 39 17 19 16 32 27 26 30 
39 24 35 24 18 24 15 26 14 24 30 18 13 30 29 28 32 14 28 16 19 27 35 20 22 25 25 22 22 38 
48 21 22 23 19 39 15 36 21 18 23 33 9 13 26 15 27 32 26 23 17 25 14 18 23 18 12 14 25 30 
27 32 25 27 17 31 22 10 12 20 24 24 16 32 27 30 26 16 20 38 23 26 25 30 21 24 26 30 28 27 
41 27 23 14 24 24 26 37 14 22 17 25 22 15 33 22 16 24 29 27 18 30 25 29 10 18 38 23 18 34 
25 20 21 22 20 18 20 33 22 27 18 27 9 17 24 23 23 24 44 21 15 21 31 23 9 17 17 18 37 7 
33 12 19 26 14 21 15 28 19 20 24 27 21 26 22 28 20 23 27 27 27 15 22 18 19 24 21 24 27 10 
23 26 23 20 16 36 21 19 21 21 18 23 13 23 32 27 34 42 34 49 23 33 33 28 24 17 28 19 28 33 
40 34 26 21 9 34 24 30 22 12 17 38 18 23 19 23 35 25 28 29 25 21 27 20 11 15 21 17 18 31 
23 38 19 23 25 37 12 46 20 20 21 24 20 15 29 25 28 30 23 30 19 23 15 15 19 18 25 29 18 15 
19 16 29 15 16 29 23 12 19 17 21 21 12 23 14 28 20 25 32 16 18 10 33 20 16 28 32 30 33 22 
36 14 27 20 13 13 8 26 19 19 22 30 10 33 31 11 35 25 32 10 18 26 21 18 14 17 23 16 29 18 
31 16 14 11 19 32 24 41 21 19 30 26 21 21 25 19 32 41 12 35 15 23 27 15 23 15 30 17 27 39 
23 23 16 17 23 29 21 24 17 19 29 33 15 36 28 25 31 27 41 26 23 17 32 24 10 15 18 21 24 40 
33 17 23 20 19 16 19 36 19 29 26 9 14 18 18 28 29 28 37 34 19 24 34 27 16 19 28 30 21 29 
30 16 21 21 10 40 23 33 18 20 22 33 16 30 17 40 20 17 19 13 14 23 44 18 16 17 39 16 22 27 
23 28 21 20 6 25 12 20 21 25 22 27 21 28 19 24 24 31 38 31 8 24 26 13 15 15 23 21 18 28 
30 21 16 15 9 19 11 39 22 21 14 28 18 33 17 24 23 40 28 18 24 26 32 15 15 12 26 25 26 21 
28 18 17 23 17 36 29 23 16 28 22 43 21 28 18 39 18 35 39 33 26 29 17 24 16 19 27 23 23 37 
40 26 34 17 14 29 15 29 9 26 18 23 24 34 28 26 34 30 17 38 15 23 27 28 23 11 25 20 13 39 
20 23 17 12 21 26 18 38 19 33 25 37 14 26 20 32 30 17 24 27 19 14 28 19 22 11 39 17 15 34 
30 21 30 26 21 19 19 24 16 15 25 30 15 30 18 18 30 35 33 20 21 26 17 18 19 23 31 20 34 21 
47 27 24 17 18 24 30 22 20 13 24 26 13 21 21 33 13 37 27 33 16 16 37 20 18 5 28 31 26 24 
25 14 24 30 15 40 33 23 13 21 24 24 19 26 10 12 20 27 52 21 12 28 24 15 9 18 31 26 11 28 
40 19 29 18 13 32 17 16 14 14 20 38 26 25 24 18 35 25 22 24 13 19 51 15 17 16 12 18 22 31 
24 18 21 36 15 29 24 30 11 14 22 36 22 29 26 35 21 29 24 26 22 20 18 12 16 18 36 27 14 29 
27 18 28 19 19 25 25 31 10 19 20 22 18 26 24 30 23 27 46 34 22 22 22 22 14 18 21 31 28 18 
33 17 21 16 13 39 8 29 17 23 25 25 30 23 30 20 10 22 16 25 28 41 42 15 14 14 24 30 14 5 
31 29 13 14 18 22 25 22 20 26 23 44 18 24 16 32 35 28 30 37 22 14 33 21 13 5 20 11 17 24 
12 22 25 30 18 21 24 39 12 24 20 18 22 26 14 20 25 25 31 35 20 12 29 16 21 20 22 32 25 29 
16 17 16 21 18 31 16 45 21 17 18 37 20 19 14 33 32 25 14 34 14 24 29 17 21 14 23 30 15 15 
31 22 25 10 12 28 17 33 17 27 16 32 21 23 14 38 27 45 34 36 23 18 28 11 14 20 25 29 16 34 
33 24 22 15 16 30 23 33 12 26 19 30 23 22 20 27 17 22 22 32 11 28 27 11 15 21 22 20 20 18 
37 21 17 17 13 23 25 28 12 20 13 18 10 19 23 21 18 26 33 42 12 25 22 20 19 16 22 19 11 27 
18 23 28 24 15 29 31 30 20 26 31 16 13 18 28 20 29 9 22 39 16 20 28 22 22 12 10 24 26 31 
38 22 12 12 17 28 29 22 18 41 23 23 11 28 25 21 25 35 32 24 23 15 23 24 33 19 28 31 18 43 
23 19 21 31 10 21 22 30 17 27 27 25 16 22 28 39 22 30 37 29 17 19 39 22 8 14 14 20 16 20 
18 18 17 32 22 33 21 33 18 21 26 41 15 21 17 23 24 24 32 23 19 24 19 26 24 12 22 26 26 33 
24 16 17 22 15 19 20 33 13 19 21 33 20 13 26 26 29 38 35 36 19 17 26 25 26 17 15 23 21 25 
16 24 28 16 12 29 29 15 15 22 27 26 11 24 16 15 25 20 36 17 4 24 28 14 15 24 40 17 11 19 
19 16 22 31 22 33 37 19 20 23 25 26 23 25 22 24 37 31 28 23 14 12 26 22 20 20 18 25 26 35 
32 19 28 28 17 33 20 21 22 22 13 36 11 28 24 20 25 39 30 30 13 13 26 23 11 25 22 21 27 23 
22 32 20 12 8 21 9 32 22 23 33 22 25 32 31 30 24 10 34 26 23 22 44 7 7 10 19 29 27 37 
42 21 24 15 17 49 24 14 18 23 25 38 23 24 18 13 19 32 28 31 14 26 21 13 8 21 26 22 20 37 
35 23 15 16 20 15 16 21 10 17 14 20 17 22 21 28 20 30 32 16 16 24 23 10 23 24 24 27 27 33 
27 25 29 18 17 32 26 15 17 18 28 31 14 20 23 18 24 41 34 29 14 18 19 17 10 16 27 22 29 39 
33 23 24 16 17 30 12 32 11 30 16 35 23 27 19 26 41 16 26 19 26 31 27 14 13 17 16 37 23 30 
34 13 37 17 16 10 8 36 14 22 30 19 13 21 25 17 26 13 27 48 10 13 29 22 17 17 17 28 16 29 
43 29 24 13 13 24 25 17 13 21 18 25 4 27 31 17 19 25 31 43 12 30 32 30 10 13 19 22 36 29 
36 10 23 23 13 27 11 24 22 24 17 34 34 21 15 29 14 25 27 24 11 29 38 17 18 18 17 36 21 29 
44 20 28 16 18 34 14 30 12 14 18 14 16 27 33 24 23 31 40 27 8 20 23 21 21 13 34 25 26 16 
38 26 27 15 10 18 24 33 17 25 24 23 21 25 33 27 23 31 25 31 28 29 34 13 26 22 32 32 15 21 
20 21 19 26 14 27 23 27 15 28 16 24 19 30 18 21 22 28 34 26 23 19 14 23 24 14 26 18 23 35 
25 28 30 20 11 28 23 28 21 17 29 15 18 16 23 19 16 23 28 26 26 25 33 20 9 15 18 17 33 13 
18 19 26 18 15 37 6 25 14 15 25 40 12 31 25 21 23 35 30 23 20 18 24 17 13 23 21 26 33 24 
42 19 18 28 10 19 23 16 11 18 28 27 15 39 17 5 24 33 34 28 10 30 38 24 13 24 13 17 12 28 
43 20 16 26 17 34 16 24 14 25 22 41 16 26 31 16 35 53 15 33 14 24 28 20 15 18 25 17 9 2 
21 22 10 23 24 11 23 29 16 18 18 26 9 19 28 25 24 26 37 24 13 25 33 15 18 18 24 14 25 29 
28 21 17 27 17 28 20 28 13 19 20 27 6 19 18 22 17 29 31 37 18 24 39 14 18 13 15 37 20 11 
33 21 26 17 13 27 30 26 20 25 27 32 13 20 26 26 24 26 30 26 26 25 26 15 10 19 33 25 27 27 
19 26 19 8 16 24 18 22 14 18 12 34 9 26 28 28 14 29 23 23 22 28 35 16 12 16 28 26 17 28 
30 23 26 19 16 27 24 33 11 21 15 28 8 25 23 16 11 37 31 32 16 22 30 22 19 8 21 9 23 32 
29 27 21 21 13 32 27 30 18 20 25 26 15 33 34 23 31 33 34 26 21 18 27 32 20 7 19 24 32 31 
22 22 5 17 13 30 20 41 14 27 27 21 14 22 26 29 31 19 22 32 18 29 33 9 11 18 24 17 29 30 
22 28 25 31 19 36 27 24 17 20 13 33 13 29 21 8 25 15 17 24 20 21 16 22 15 11 25 35 22 23 
24 16 18 27 13 18 20 35 18 16 23 20 11 13 30 25 9 45 36 14 17 29 14 14 15 11 24 20 26 35 
36 22 18 23 17 19 28 31 20 22 30 27 20 22 11 24 27 26 34 29 16 26 28 9 12 20 19 27 27 26 
34 25 27 16 16 19 12 41 10 19 32 31 23 29 27 27 23 37 28 32 21 34 31 20 24 22 22 20 27 14 
35 12 10 22 13 36 25 28 11 19 26 24 25 24 19 27 19 29 17 22 20 36 23 13 5 24 25 10 14 20 
51 31 20 16 13 36 21 26 10 21 29 33 15 27 29 22 10 24 41 26 12 15 30 16 18 12 24 24 33 17 
21 14 21 24 18 25 23 37 18 29 27 31 11 27 23 28 29 33 36 34 7 22 17 26 27 20 21 20 12 38 
26 13 29 28 14 34 33 31 13 30 23 33 15 30 25 16 26 22 28 16 18 18 38 25 21 24 30 26 21 21 
10 22 16 7 19 27 15 38 17 21 17 21 11 19 32 21 27 31 36 43 19 30 15 14 10 11 20 22 25 20 
37 28 20 26 11 26 18 28 13 20 25 21 20 25 26 14 26 27 23 29 6 26 16 16 18 22 23 25 25 30 
43 18 23 23 16 15 19 9 20 29 22 27 19 31 22 20 23 35 20 19 22 23 28 23 19 23 29 24 22 26 
30 29 23 16 10 28 13 20 15 20 18 25 11 41 28 25 4 14 23 25 24 28 37 24 19 10 26 13 20 15 
21 23 23 21 13 28 21 15 11 26 22 36 20 33 18 24 18 34 21 29 21 20 31 33 9 19 32 20 19 25 
16 20 29 16 8 24 23 32 11 19 34 22 18 17 33 18 17 38 23 31 11 22 26 21 19 18 15 21 18 17 
20 16 4 26 16 24 25 18 11 24 12 30 23 23 30 22 33 21 35 23 21 17 27 17 24 22 22 26 25 28 
34 32 25 17 19 22 29 28 20 22 24 31 19 16 18 20 38 29 23 31 17 11 28 18 20 8 11 27 23 38 
12 22 24 25 11 23 7 24 14 16 16 24 12 25 34 24 21 24 41 22 16 17 20 21 14 14 19 25 34 19 
27 23 16 13 8 20 15 25 16 28 25 34 18 30 31 22 28 6 28 15 16 23 36 14 25 14 13 23 19 25 
49 26 15 16 12 33 17 39 11 30 22 30 17 27 13 20 21 28 22 35 16 27 34 18 12 17 28 27 23 38 
27 28 13 10 17 29 17 22 13 21 20 28 23 25 25 18 28 36 22 41 20 9 45 17 18 20 40 35 23 45 
16 25 30 18 12 25 18 28 15 15 27 30 20 17 26 23 29 29 24 13 19 26 23 33 24 13 30 32 20 28 
38 18 23 13 16 20 22 31 13 30 20 29 20 27 31 23 15 32 21 32 14 31 24 26 20 19 21 12 28 21 
36 21 18 23 13 26 20 20 11 17 23 12 14 34 17 9 22 39 30 34 21 20 29 19 19 23 28 24 30 38 
29 23 11 13 22 42 16 21 21 27 22 26 19 23 25 33 25 31 20 31 26 23 37 18 15 17 29 15 20 51 
35 24 25 21 9 22 18 29 13 18 16 28 16 26 15 23 23 45 37 17 22 27 20 24 9 13 21 33 27 31 
33 24 21 25 9 36 26 34 12 30 26 27 12 28 23 35 22 50 8 30 21 27 46 15 21 16 12 27 24 20 
32 22 28 23 12 22 24 35 18 28 25 28 18 16 23 34 16 24 24 31 28 30 32 21 13 18 10 30 31 28 
24 13 19 19 8 27 28 22 14 19 30 39 14 21 28 30 25 38 36 43 17 27 27 25 22 26 25 26 15 26 
27 22 20 26 16 14 19 22 16 19 18 15 28 23 21 25 24 26 30 38 20 21 22 19 19 17 18 27 16 33 
30 21 20 16 22 30 24 51 15 22 20 23 17 13 31 27 24 28 38 16 24 26 18 17 14 20 33 25 15 31 
31 32 24 16 12 32 19 24 18 26 21 32 13 20 32 31 20 36 28 43 15 14 9 16 22 18 21 27 6 26 
21 23 28 26 19 28 24 24 17 28 11 18 20 29 33 28 29 25 39 30 23 18 34 18 15 20 27 17 25 43 
37 31 28 23 18 32 23 20 12 34 19 27 15 21 22 26 17 14 31 30 19 24 24 17 18 14 9 27 16 18 
29 16 11 18 15 28 21 30 9 25 25 40 11 31 16 19 24 32 33 34 26 13 28 14 13 19 27 31 13 38 
36 18 20 20 19 27 15 24 18 16 14 34 24 28 29 16 26 45 30 16 19 33 27 15 14 20 36 22 21 43 
35 25 25 15 14 27 20 34 14 27 21 30 14 24 20 17 28 33 23 35 15 27 25 18 27 26 17 5 28 37 
39 21 26 23 15 37 25 22 16 23 22 24 12 23 23 23 23 40 23 16 13 22 42 19 15 9 24 32 28 30 
13 28 25 20 11 23 21 39 15 16 34 17 23 22 16 24 8 48 34 43 24 29 29 21 13 15 27 22 23 29 
17 29 29 28 13 26 18 39 15 32 34 29 19 36 24 17 35 48 33 31 20 27 21 23 13 13 29 20 26 35 
30 17 27 12 17 39 25 23 20 37 14 39 27 20 32 18 32 25 25 39 19 17 30 26 14 14 24 24 26 18 
22 27 23 15 12 39 22 32 14 18 27 23 21 30 23 22 27 28 48 30 21 26 20 21 13 8 18 30 20 32 
32 19 23 26 19 40 18 22 18 17 31 16 23 22 20 24 28 9 39 40 22 16 43 12 14 21 29 25 14 21 
32 19 26 27 17 26 23 23 20 18 24 43 7 23 23 25 20 34 26 22 14 31 22 29 20 13 19 22 17 33 
30 18 20 21 7 16 28 27 8 15 22 25 19 22 23 29 24 23 41 42 12 36 22 28 20 14 19 18 23 32 
30 28 22 20 15 34 15 21 14 25 25 22 14 26 24 23 20 24 39 37 12 31 26 15 16 21 25 20 17 36 
23 29 28 33 21 41 12 25 12 11 25 42 20 30 25 26 20 23 22 35 12 32 44 18 16 11 27 38 19 27 
20 28 35 15 15 15 12 33 9 25 22 25 21 24 18 26 28 39 46 34 12 32 28 15 16 15 30 22 21 27 
20 16 21 6 14 40 24 28 16 29 23 23 19 37 21 25 23 38 26 28 17 15 23 34 27 14 36 25 23 29 
31 17 31 24 13 29 19 29 17 16 21 35 12 11 31 25 20 24 27 5 12 25 26 22 14 19 16 28 17 12 
39 28 21 28 12 20 17 24 20 26 23 35 17 20 18 19 20 36 45 42 17 26 28 20 14 17 28 28 23 27 
28 25 22 19 16 28 21 25 9 25 13 15 10 27 20 16 28 18 41 20 22 23 26 18 9 9 22 29 25 24 
36 21 20 26 17 30 21 27 15 17 21 27 22 21 20 26 21 23 35 29 21 23 24 12 20 10 28 23 31 22 
15 16 22 21 13 32 19 31 12 21 24 26 16 27 19 25 16 36 33 26 23 16 31 25 21 22 17 20 33 29 
33 24 34 32 14 14 9 26 17 15 22 29 24 33 18 15 20 14 41 35 13 26 19 23 16 10 33 18 19 24 
35 24 29 16 11 30 25 16 9 18 20 31 12 22 30 18 26 36 25 24 16 26 11 20 13 14 22 12 19 28 
39 20 25 18 20 21 26 32 18 30 22 20 6 29 30 18 10 42 38 35 20 26 40 19 13 21 21 32 19 20 
26 26 27 22 9 18 14 35 11 23 26 23 19 23 23 22 8 23 29 21 21 17 15 18 20 26 22 26 23 22 
29 21 15 32 18 12 22 42 23 28 28 40 21 31 24 17 27 15 33 26 7 32 27 21 14 11 22 31 30 34 
18 16 16 29 13 37 28 25 20 19 22 23 14 32 27 14 23 26 47 44 14 20 18 27 15 17 30 18 28 39 
28 26 22 17 16 25 15 31 17 35 28 27 15 24 15 31 41 34 39 35 20 15 36 30 16 19 21 17 30 27 
33 24 16 15 19 26 26 19 11 18 28 39 18 27 23 27 33 30 23 34 7 32 30 33 23 20 29 23 14 19 
34 21 19 30 18 35 16 41 11 27 8 33 9 35 25 25 22 28 39 48 21 29 37 19 26 18 22 6 21 24 
34 22 17 33 13 18 18 46 14 16 27 37 23 30 14 23 27 24 22 41 18 17 30 20 20 20 28 29 23 25 
35 25 25 20 7 30 12 42 13 11 27 32 12 23 25 24 20 33 24 32 12 16 26 19 20 17 27 31 10 30 
24 20 26 28 13 19 23 48 15 29 23 31 18 26 35 25 27 25 32 38 1 30 27 30 18 14 18 33 17 32 
28 15 25 22 18 34 12 19 12 22 19 26 16 29 26 30 26 28 25 19 8 25 30 20 17 3 27 21 24 49 
35 10 27 18 16 38 16 29 15 21 23 29 24 32 29 23 32 25 25 11 15 22 38 30 16 16 27 26 25 32 
36 30 28 29 19 25 31 28 18 30 18 34 16 19 28 26 33 30 26 22 5 30 34 23 10 10 24 25 31 25 
36 33 36 24 17 30 31 24 21 26 19 31 25 32 18 19 22 23 30 29 18 27 25 31 21 12 33 19 25 38 
28 24 19 23 15 30 12 29 14 31 35 29 23 28 28 14 24 14 34 30 20 27 31 26 24 16 17 23 26 24 
39 26 22 20 16 16 27 37 21 27 11 30 15 16 24 30 32 14 43 30 19 29 44 17 15 7 14 10 22 31 
27 24 25 16 13 40 16 10 12 34 23 40 15 21 21 21 19 37 32 36 17 17 21 14 22 20 20 28 24 37 
28 21 19 24 11 34 25 33 13 27 23 30 14 18 29 31 32 24 41 27 23 24 21 16 17 21 42 19 25 27 
24 33 27 37 18 24 18 37 16 21 24 32 9 26 24 30 29 48 30 31 31 33 20 22 22 17 23 31 28 24 
31 18 24 22 16 31 8 25 17 30 14 23 18 20 36 15 23 37 20 24 6 19 40 22 18 16 14 14 15 34 
33 16 18 25 18 15 22 20 12 24 12 35 19 15 24 20 24 33 18 36 23 9 28 23 23 15 38 28 25 32 
27 17 29 21 9 37 23 31 9 13 22 32 23 20 34 35 34 38 28 25 20 15 32 20 13 20 22 18 16 25 
15 12 22 23 11 39 17 44 13 24 13 27 10 24 15 29 24 43 43 29 14 28 27 20 18 13 26 19 24 31 
32 23 22 20 9 8 22 12 15 18 29 25 19 26 34 16 18 25 31 34 19 13 35 24 9 20 18 23 11 32 
32 21 21 29 13 35 18 27 14 36 23 24 21 6 18 29 20 24 42 32 15 13 12 19 22 22 30 27 15 18 
22 29 28 23 15 27 13 44 21 32 24 26 13 23 21 19 27 22 23 28 19 24 24 29 14 27 14 13 28 36 
35 25 23 12 22 28 18 25 20 25 18 47 17 28 38 30 25 35 37 44 23 18 26 9 12 14 29 20 31 35 
22 21 18 35 17 32 15 50 15 12 27 21 14 15 21 13 19 27 34 25 16 18 25 17 20 26 33 19 27 25 
27 10 29 22 12 41 15 41 17 16 25 24 18 38 18 22 19 29 38 31 20 19 24 14 19 10 40 28 15 30 
31 28 13 3 14 30 19 32 21 23 19 28 19 18 23 21 34 24 38 40 24 15 27 24 12 22 26 21 16 22 
28 26 28 16 13 32 23 14 14 19 23 38 19 28 20 25 34 28 54 38 28 25 20 19 19 21 27 28 20 29 
29 27 22 10 15 29 19 22 14 25 10 26 13 24 23 18 25 58 30 25 14 28 32 18 16 18 23 19 8 26 
21 16 30 28 14 27 14 30 14 21 15 23 25 33 19 13 14 28 26 14 14 21 15 20 25 29 23 17 10 28 
34 26 18 21 17 19 23 23 14 9 25 45 16 26 21 21 20 35 24 26 22 17 43 16 21 14 15 18 19 23 
34 13 19 23 15 34 15 24 14 10 14 29 20 16 31 28 30 22 31 46 21 27 37 19 15 11 23 25 32 36 
28 22 24 20 9 22 20 24 14 19 16 33 18 18 19 15 31 27 36 21 22 27 29 32 14 7 23 26 29 23 
46 21 24 23 17 23 16 33 13 15 27 40 11 22 20 21 33 16 29 26 23 9 22 18 20 18 19 12 26 28 
11 31 24 24 21 36 7 19 15 23 19 46 22 24 18 27 23 23 36 38 21 23 30 24 10 15 32 25 34 28 
32 26 26 19 12 18 18 23 15 25 26 22 13 24 22 27 26 37 38 20 19 19 22 13 23 15 24 13 18 30 
37 15 29 10 17 27 19 5 15 18 23 13 23 30 24 22 26 26 9 21 16 17 13 13 11 12 11 18 20 46 
23 22 22 30 20 30 14 26 12 21 23 22 24 32 16 23 18 26 30 16 18 18 33 27 16 21 16 19 24 36 
37 26 18 20 22 19 25 49 21 21 30 38 17 13 35 37 25 26 41 35 10 17 20 23 13 15 19 17 19 36 
29 16 17 28 15 24 24 20 20 13 26 43 24 18 17 20 23 23 26 40 18 20 23 22 15 15 12 9 16 27 
22 22 18 16 16 15 19 27 22 29 25 33 17 26 14 18 34 36 35 22 22 19 26 26 3 23 25 17 19 23 
35 20 26 33 17 29 16 37 16 6 30 29 17 34 33 13 22 14 22 27 23 10 25 19 13 22 32 19 27 29 
21 7 26 20 11 20 23 27 9 14 16 27 19 33 23 17 37 30 18 31 16 27 38 23 24 17 19 26 26 26 
28 19 26 30 14 28 25 15 13 17 17 29 9 29 36 23 17 25 34 22 25 24 18 26 17 22 16 23 22 24 
42 25 30 6 6 27 16 17 16 18 20 31 11 27 12 30 30 33 16 27 17 22 31 15 19 23 43 28 9 32 
23 30 20 30 15 25 26 36 22 27 23 26 21 26 20 16 22 15 29 30 15 22 24 28 17 25 25 24 12 26 
42 24 30 26 17 23 23 25 17 29 25 28 20 26 14 28 23 23 14 32 23 20 36 18 21 17 28 28 21 34 
33 21 26 25 14 40 10 31 19 24 32 35 26 16 20 21 21 25 26 23 19 15 46 15 25 15 16 17 19 18 
37 17 27 16 21 20 20 28 17 17 18 38 10 25 31 20 28 26 29 35 20 13 28 29 9 24 22 21 15 34 
40 16 29 15 15 26 13 41 10 3 27 39 21 26 26 19 24 47 23 28 21 15 18 14 27 15 23 25 26 34 
30 30 25 23 19 30 31 33 17 21 18 22 17 24 20 21 27 30 30 32 13 22 25 31 23 18 28 19 31 19 
20 26 32 26 16 35 21 25 14 22 11 28 15 26 25 16 14 18 24 9 32 20 31 20 19 17 21 32 22 38 
16 23 24 14 18 24 21 27 19 12 19 35 19 12 19 7 26 28 23 35 21 22 37 31 14 15 21 22 22 30 
24 31 11 17 17 26 22 20 11 19 37 34 18 26 29 20 16 30 45 29 4 22 44 24 28 11 28 30 21 31 
29 22 26 15 20 19 30 33 12 21 18 38 23 30 18 29 29 35 26 37 11 25 30 25 16 12 14 27 13 9 
33 16 31 15 15 18 24 31 12 21 29 38 20 14 19 22 23 33 45 31 15 25 16 27 22 15 41 18 21 37 
40 29 13 23 15 38 25 14 18 19 20 28 25 19 23 24 26 30 23 40 20 24 18 23 13 18 29 26 30 35 
33 25 15 25 18 34 19 32 9 25 22 31 13 16 19 33 24 15 28 21 19 32 18 23 10 18 16 23 16 38 
34 15 20 25 11 21 24 28 21 26 24 25 16 24 14 15 21 31 29 40 16 16 26 19 19 13 24 16 20 28 
30 12 30 29 27 23 32 20 17 23 24 24 18 12 19 11 15 28 33 36 19 28 31 23 23 6 20 21 16 36 
14 22 27 21 13 45 15 8 20 22 27 33 10 22 18 29 26 39 23 29 22 35 39 22 13 14 26 11 18 32 
38 24 31 12 10 43 22 29 18 30 22 20 12 23 24 22 30 29 31 23 13 30 23 9 5 19 25 26 15 32 
26 15 24 21 16 26 25 30 14 20 25 31 13 28 23 13 19 40 38 31 8 25 28 19 18 14 11 23 25 22 
28 26 25 32 15 19 24 26 24 30 28 26 20 17 22 17 25 16 34 31 20 37 36 14 6 14 26 24 25 27 
39 23 13 26 22 24 16 22 15 18 10 22 14 28 12 11 25 31 25 32 17 21 24 12 15 6 20 21 25 20 
39 23 20 30 15 29 27 30 19 19 12 21 29 17 34 26 23 29 46 9 18 30 36 32 18 10 18 28 10 12 
11 26 27 24 17 23 29 17 20 19 19 16 10 28 26 9 30 29 22 38 18 17 32 12 17 13 22 33 13 28 
25 20 18 13 17 27 28 28 17 34 19 23 15 22 22 22 25 21 36 43 19 13 21 30 16 16 24 21 32 35 
31 32 21 19 24 25 24 22 3 21 35 34 23 35 26 31 5 36 37 30 16 31 22 23 19 16 22 23 13 31 
43 25 20 12 15 21 18 29 19 14 20 23 8 22 26 23 15 29 33 23 19 15 15 30 15 28 24 26 26 38 
27 25 27 15 17 35 17 18 23 9 23 25 8 26 30 26 23 11 38 34 20 21 15 10 20 15 37 25 8 18 
26 24 25 37 16 20 25 33 12 16 28 28 10 20 22 18 27 33 22 30 23 16 34 21 15 12 33 19 24 36 
34 26 26 8 15 31 24 18 19 15 15 27 26 26 20 19 17 24 23 25 20 17 24 33 11 22 19 15 21 28 
24 18 28 23 13 27 27 19 14 21 21 31 21 36 16 19 26 15 29 36 19 24 22 29 13 6 28 28 18 38 
20 20 20 11 16 19 30 31 21 27 19 14 21 26 14 17 23 42 25 13 13 25 26 21 14 19 23 18 26 35 
28 17 33 26 16 41 18 38 15 16 27 34 22 20 29 27 35 40 16 34 13 16 26 26 7 17 21 33 26 23 
29 28 32 15 15 27 25 31 15 22 12 40 15 24 8 29 16 23 32 38 18 16 31 16 16 14 29 20 18 42 
12 19 21 25 17 21 16 14 17 20 29 21 15 5 12 33 29 22 17 14 19 33 19 25 22 21 33 26 17 24 
37 22 26 24 10 22 14 21 20 26 20 35 25 28 24 29 29 24 32 21 22 18 33 8 18 14 35 36 22 44 
22 19 16 24 13 32 21 29 19 6 23 38 9 25 26 27 22 10 18 24 29 15 33 14 10 18 11 17 24 33 
37 26 24 16 20 31 18 34 10 24 24 39 26 9 17 24 37 23 26 43 14 29 36 10 10 15 19 27 20 18 
38 23 7 17 11 18 22 35 22 26 23 26 16 24 20 28 25 33 35 28 18 23 35 3 14 16 27 32 20 28 
40 30 16 21 18 40 15 27 21 14 30 40 26 25 16 26 31 34 29 38 7 26 38 7 17 12 21 25 26 19 
38 20 18 24 16 23 11 32 17 13 37 17 8 27 21 22 21 29 31 35 18 20 22 18 23 16 24 25 15 22 
18 26 36 26 10 40 21 19 15 12 25 27 23 36 26 20 23 27 34 36 13 17 33 13 11 19 6 22 14 35 
44 18 21 20 17 19 34 42 17 20 16 47 22 21 18 24 27 33 27 44 21 30 31 23 24 16 26 20 20 19 
27 23 13 16 19 27 21 23 14 23 16 34 20 27 23 31 28 35 29 29 20 24 30 10 5 17 30 20 14 24 
31 26 20 22 6 37 20 23 20 22 27 26 19 20 14 26 17 24 29 29 15 19 24 17 21 19 25 16 21 18 
33 31 26 18 11 20 33 29 5 21 29 37 22 28 32 20 40 24 34 34 18 18 15 20 19 18 29 22 17 40 
25 24 27 22 11 34 16 41 19 13 11 35 21 24 22 17 19 26 24 39 27 28 24 22 24 19 30 15 22 23 
20 28 29 24 22 35 21 27 19 23 22 38 11 20 29 32 31 28 33 38 8 24 18 22 15 10 23 20 19 28 
26 16 25 21 12 20 20 35 21 31 22 24 20 31 27 17 27 34 23 36 22 31 33 10 11 19 24 24 21 19 
31 11 17 19 11 34 12 22 17 11 20 39 27 17 18 30 31 19 29 37 22 19 27 23 15 26 28 30 26 39 
22 23 23 24 11 41 20 36 14 22 26 17 22 28 22 9 23 24 27 29 26 18 14 19 19 22 30 27 22 18 
26 14 18 25 24 32 21 29 29 22 17 16 15 11 20 13 36 28 29 11 14 21 37 17 26 19 15 16 14 24 
38 36 34 4 11 38 15 27 11 17 19 25 20 17 28 20 24 33 35 23 15 22 28 22 17 15 27 32 19 25 
35 16 20 26 10 32 12 39 19 14 21 32 20 30 31 31 31 24 36 30 19 17 27 18 23 16 16 26 29 42 
31 19 19 7 14 22 23 37 13 23 27 19 16 31 23 25 22 33 24 18 15 31 37 25 23 8 42 24 34 24 
42 10 23 28 17 34 23 20 15 19 22 26 15 27 17 21 23 24 35 38 24 13 26 30 18 24 15 30 19 45 
41 28 21 23 15 23 10 22 14 14 28 27 13 31 23 12 22 20 19 25 17 25 17 16 9 19 25 29 18 33 
42 27 26 16 15 30 11 31 16 29 35 21 11 29 28 15 25 22 38 31 20 26 32 19 16 23 25 20 25 23 
33 25 28 21 20 34 11 37 13 28 27 31 21 16 10 26 24 30 28 21 17 17 37 22 23 16 27 31 18 19 
31 18 23 12 19 19 19 29 18 16 18 33 15 17 19 15 17 13 13 5 21 22 19 13 23 20 13 26 14 40 
24 28 14 12 17 36 23 28 16 13 20 38 22 27 33 20 27 23 27 24 13 21 21 22 17 17 22 18 22 15 
34 20 27 22 14 29 15 25 19 23 25 27 22 22 18 22 25 28 15 36 10 33 31 23 16 12 23 20 19 39 
32 21 26 28 17 23 18 27 16 18 4 15 16 24 22 21 29 31 35 19 19 20 39 11 25 18 13 19 28 17 
23 14 19 14 21 28 18 31 16 27 23 28 16 24 20 17 22 30 41 27 10 32 18 10 17 16 34 27 19 35 
24 16 21 34 14 23 19 32 14 19 19 12 16 42 17 18 39 9 28 42 15 26 29 22 16 9 36 31 19 35 
31 25 20 17 14 33 28 29 18 21 20 40 15 25 29 16 19 24 34 32 19 28 27 18 15 15 26 21 22 30 
24 15 24 25 13 18 32 28 12 22 18 24 19 22 24 30 27 34 19 35 19 23 33 20 13 15 39 36 23 30 
25 20 33 20 17 23 27 32 20 23 17 39 22 27 25 24 20 11 33 20 12 12 37 14 15 15 30 17 27 30 
33 24 33 19 24 21 29 30 21 30 12 32 21 37 24 36 28 31 21 29 22 29 22 11 9 21 19 18 8 23 
27 9 28 12 15 23 23 26 19 17 21 40 15 26 26 25 28 35 39 19 14 24 33 19 9 20 38 22 19 35 
36 12 29 26 9 29 17 28 16 17 16 25 4 28 18 27 25 38 19 33 11 38 39 20 20 16 31 21 19 21 
22 13 17 19 22 26 18 27 20 27 22 15 26 25 24 14 25 28 10 43 20 34 38 11 16 13 27 23 19 19 
26 23 28 31 16 20 21 21 15 22 29 38 16 23 23 16 15 33 23 36 14 22 22 17 15 29 25 36 19 10 
33 20 20 25 13 27 17 23 15 22 25 33 26 23 22 24 16 27 13 16 10 23 23 12 14 16 29 20 20 27 
25 23 31 12 17 38 22 26 17 26 19 34 15 22 26 22 31 37 33 25 21 31 18 22 10 21 19 22 13 19 
22 30 28 18 12 23 16 27 19 5 24 29 16 22 16 18 14 20 30 29 33 24 36 27 8 11 19 24 17 42 
25 31 24 26 18 19 27 32 12 19 22 46 18 24 17 14 26 33 33 34 7 12 47 27 9 16 28 26 28 24 
26 25 22 25 12 2 15 23 24 21 29 29 19 18 18 23 25 25 18 3 18 34 47 30 18 25 29 19 24 20 
32 20 22 20 23 19 21 18 16 27 12 31 12 35 23 16 23 22 26 24 26 25 20 26 12 20 30 27 18 37 
47 24 25 17 17 18 19 26 16 20 15 21 23 42 18 26 17 46 27 42 20 34 40 25 8 16 21 17 13 26 
30 9 25 22 11 47 4 31 18 24 26 20 12 21 21 24 24 44 39 21 21 24 32 19 15 20 25 27 30 23 
36 24 29 27 13 35 13 27 25 16 24 18 14 11 29 29 26 32 32 36 14 20 20 11 22 18 18 29 31 20 
30 23 22 23 6 37 24 24 19 8 19 31 11 34 29 18 22 30 23 30 16 19 30 29 11 15 29 19 19 25 
13 18 29 9 20 28 23 28 16 22 27 22 13 25 6 29 32 41 26 34 15 24 23 21 18 25 29 16 24 23 
29 27 23 16 11 22 20 17 22 22 22 38 23 22 22 27 23 23 41 35 21 28 25 23 21 7 5 30 24 32 

MachineCapacities:
MachineID Capacity
0 10
1 10
