NumTasks NumMachines NumScenarios
15 2 500
TaskDetails:
TaskID ReleaseTime ResourceConsumption SuccessorsCount Successors...
0 0 6 3 2 5 6 
1 0 3 9 1 5 
2 0 4 7 1 7 
3 0 3 2 1 7 
4 0 7 1 0 
5 0 6 2 0 
6 0 7 7 1 7 
7 0 8 9 0 
8 0 3 5 2 11 13 
9 0 2 3 1 14 
10 0 2 4 0 
11 0 4 7 0 
12 0 4 4 0 
13 0 9 1 0 
14 0 6 3 0 

32 30 19 19 14 15 33 16 25 17 18 10 33 17 30 29 34 15 30 23 18 21 23 31 13 19 12 20 17 16 
30 24 15 27 28 31 22 8 31 10 13 21 51 25 24 20 13 26 28 16 11 20 12 34 18 29 20 30 21 15 
30 21 20 25 17 40 24 17 21 22 14 27 35 18 27 29 24 27 24 15 18 38 10 27 12 28 17 24 18 21 
14 27 18 24 24 44 37 23 31 19 14 21 38 16 31 27 16 24 26 15 15 28 24 33 13 25 19 22 20 19 
26 15 25 18 17 28 26 21 17 17 13 8 29 15 18 27 22 15 34 27 15 18 33 29 16 26 16 31 15 15 
33 21 16 29 30 31 41 4 21 16 10 25 29 23 4 30 38 21 9 6 15 26 20 31 14 24 11 27 22 22 
32 18 16 40 25 21 33 17 26 21 22 27 11 22 26 24 29 23 32 14 15 27 19 22 18 28 19 36 9 5 
27 22 21 19 18 25 20 19 24 17 22 19 41 17 26 27 29 12 19 18 11 35 20 43 14 21 16 32 15 15 
28 12 21 14 4 24 48 18 26 11 16 17 26 23 20 15 18 29 17 12 18 21 14 14 14 21 11 31 23 17 
31 20 9 17 31 21 24 17 24 16 15 18 29 13 31 30 15 16 26 13 17 18 17 29 21 37 13 23 23 13 
31 22 18 8 33 25 31 15 32 16 16 16 31 20 22 32 15 23 22 23 14 19 19 28 17 27 20 28 15 17 
32 19 23 13 24 37 24 16 15 13 5 16 29 19 27 18 34 15 24 10 22 22 19 37 20 19 23 23 17 12 
24 17 28 25 23 36 23 19 22 20 13 17 39 18 32 25 32 20 29 19 12 20 22 29 17 11 10 40 21 16 
20 26 19 19 25 30 29 7 23 15 20 19 29 11 21 27 30 12 31 18 9 16 14 22 13 24 14 37 22 15 
33 25 18 16 17 30 38 15 30 14 21 18 37 16 20 31 13 25 20 18 19 27 19 26 10 32 22 24 21 9 
29 20 17 20 24 39 33 19 15 16 21 19 30 20 34 24 41 19 27 14 18 12 16 21 21 26 12 32 9 17 
18 19 24 23 22 33 27 22 18 6 20 22 32 16 24 24 26 19 20 20 15 12 25 25 10 29 12 28 20 20 
26 18 20 21 19 37 33 17 41 18 12 19 22 25 16 22 10 19 25 18 6 27 16 25 8 29 15 38 17 16 
35 25 8 17 24 40 20 12 16 15 15 16 22 18 22 17 31 19 16 5 12 17 17 26 22 20 14 31 17 23 
34 23 19 22 21 29 33 21 19 12 17 15 39 10 31 36 28 9 26 17 24 32 16 31 11 25 13 21 14 19 
40 13 21 17 21 35 16 12 21 7 13 5 39 22 23 35 39 13 31 10 10 16 12 20 23 27 16 19 12 12 
23 10 14 19 30 25 19 16 29 15 11 10 34 19 24 19 26 12 28 24 17 30 19 27 19 20 21 43 16 8 
26 26 12 35 24 37 14 28 22 15 12 12 34 11 27 18 36 26 28 28 12 43 8 26 16 18 15 23 20 15 
33 15 21 30 24 36 31 16 24 19 12 19 2 22 19 17 22 19 23 40 4 25 14 29 12 18 7 25 17 16 
38 19 11 21 15 28 23 13 20 7 18 24 20 5 21 34 40 21 26 19 11 21 13 28 22 21 11 16 21 16 
25 26 15 27 29 21 29 22 21 20 9 10 41 18 32 30 52 24 26 32 13 27 20 33 20 34 13 34 15 18 
29 19 19 27 27 34 36 17 22 22 16 13 31 18 16 14 24 23 19 16 17 20 17 27 14 40 16 16 9 17 
31 23 29 29 22 29 20 25 18 12 12 15 29 25 21 25 37 24 24 16 17 22 17 25 20 32 15 29 15 15 
24 24 9 29 17 33 21 13 28 20 17 12 31 19 15 22 31 24 35 20 18 23 14 34 16 20 13 30 13 15 
25 30 17 11 25 35 34 2 23 22 15 17 12 21 29 29 18 16 23 12 17 29 20 30 11 28 21 28 14 15 
35 21 18 20 21 21 29 8 24 15 18 16 23 22 13 15 23 15 18 32 26 23 20 29 22 14 9 17 24 17 
17 18 23 25 20 35 23 18 22 13 14 16 44 23 24 39 18 24 18 17 20 20 24 28 13 25 15 37 22 13 
23 20 15 17 20 26 33 9 32 17 13 21 38 16 18 38 25 16 23 14 13 24 18 23 14 27 15 17 16 18 
24 34 18 14 24 25 24 19 23 18 15 12 39 16 24 32 15 21 45 20 20 22 14 35 15 26 15 37 21 21 
21 16 17 20 17 21 17 29 12 9 17 17 29 15 32 26 20 18 20 20 18 33 15 22 14 28 12 32 14 22 
19 20 13 20 25 16 32 17 31 19 15 20 31 23 11 23 32 26 13 8 15 19 13 27 17 19 13 38 8 14 
35 20 16 15 24 33 26 4 23 24 10 17 31 12 24 33 21 26 25 18 16 20 20 15 16 23 20 34 18 12 
34 21 21 24 37 35 28 22 18 23 17 16 34 10 33 38 24 17 33 25 17 19 14 23 7 34 20 44 22 17 
28 23 26 30 19 45 36 22 20 18 13 25 29 18 21 30 24 8 24 25 24 26 20 38 21 30 15 21 7 16 
32 20 21 19 22 26 30 14 22 9 9 17 36 20 27 42 26 25 29 27 12 22 23 24 12 23 16 36 22 18 
15 13 21 23 22 29 30 13 20 10 11 23 18 18 25 15 28 4 25 26 13 32 17 28 24 27 11 43 25 15 
17 18 13 23 29 40 31 15 29 20 12 10 49 16 19 20 19 25 22 18 15 20 25 22 17 19 5 26 22 16 
24 15 20 19 32 25 25 6 27 19 16 17 31 19 21 30 26 26 39 10 11 17 22 20 17 20 19 29 13 19 
30 17 22 29 30 34 33 14 24 19 16 17 36 11 25 35 32 24 19 17 16 15 21 26 14 28 17 39 19 11 
20 26 28 27 16 25 26 12 32 13 15 24 43 20 26 32 42 23 33 18 20 13 26 18 12 20 10 25 26 19 
13 16 25 29 18 32 35 15 21 14 15 20 52 27 20 36 35 14 26 25 20 40 20 13 19 23 11 17 20 20 
22 15 13 19 10 18 40 9 20 13 19 17 31 21 13 39 18 21 13 13 16 28 10 12 12 18 13 30 11 14 
35 21 17 28 17 28 33 19 23 22 20 17 35 14 26 34 36 14 14 22 15 35 23 23 14 19 17 31 23 25 
20 16 21 26 32 30 16 11 17 21 22 19 43 29 12 13 22 17 28 22 12 37 14 31 14 23 13 29 19 14 
28 12 23 25 13 29 29 9 15 19 16 16 29 19 22 27 33 22 27 13 16 27 5 24 10 18 6 32 15 21 
20 23 29 20 29 35 36 17 24 28 21 11 39 22 26 23 37 17 21 13 19 23 16 29 10 19 10 23 5 19 
29 15 25 9 19 29 22 18 33 11 11 23 28 23 27 19 26 18 17 8 10 30 19 24 17 27 16 33 14 10 
24 30 16 14 20 23 37 14 25 17 13 12 29 20 22 37 42 16 35 15 10 12 20 27 14 34 21 29 14 23 
20 15 22 9 19 12 25 20 17 11 16 21 26 26 37 19 32 17 22 15 17 25 22 35 17 27 13 28 20 10 
20 27 10 28 27 37 26 8 23 21 14 27 22 24 23 25 34 29 20 27 15 22 15 14 20 28 15 33 15 19 
31 23 21 11 29 36 24 17 30 18 8 19 18 24 37 17 39 29 22 22 18 23 14 12 16 24 15 39 20 19 
10 13 10 14 20 37 36 17 22 22 12 15 23 21 18 27 35 19 22 20 19 15 14 40 19 37 12 32 19 23 
25 22 19 21 25 30 19 20 27 19 17 20 25 15 25 29 25 8 27 18 17 18 22 28 17 21 11 27 22 27 
26 26 22 17 20 39 34 18 21 14 21 17 29 21 17 20 17 23 20 13 19 23 27 18 17 19 16 39 14 15 
27 21 21 32 12 35 26 17 20 16 13 20 35 23 27 22 28 14 28 7 14 40 25 22 14 24 12 34 26 17 
34 22 9 29 18 27 20 6 20 23 15 7 34 10 28 24 39 23 23 21 15 20 19 24 19 31 11 17 16 15 
29 16 19 30 16 33 27 22 27 16 12 17 39 14 12 32 24 14 30 17 12 22 21 39 15 28 27 45 24 12 
27 23 9 15 19 31 31 16 21 11 12 11 26 20 11 38 24 24 18 19 16 33 16 19 20 27 9 26 19 15 
22 27 13 16 31 31 25 14 27 16 18 24 43 22 24 23 25 11 28 30 17 17 9 23 13 24 20 18 8 13 
26 26 20 15 14 17 21 9 27 13 15 24 35 11 17 32 23 13 25 33 16 22 12 30 13 23 9 22 30 12 
24 23 21 22 19 37 24 14 28 20 13 19 9 23 23 27 27 16 23 21 13 28 19 20 10 36 16 35 8 15 
28 17 29 30 32 20 20 14 22 15 9 32 34 16 20 28 26 15 21 12 7 23 16 17 12 24 10 31 22 15 
13 21 20 22 31 16 22 16 9 14 16 17 43 10 26 33 28 26 22 20 16 25 20 18 27 16 13 35 18 22 
33 24 23 25 18 23 19 13 15 25 15 15 49 10 22 26 35 29 29 20 13 37 22 11 18 23 18 41 16 10 
37 21 21 23 26 44 36 21 17 20 12 17 16 16 35 18 38 19 28 26 10 24 24 22 17 27 15 28 13 15 
32 24 21 6 15 31 24 19 19 21 9 30 30 21 22 22 21 34 31 18 9 41 16 19 18 26 16 17 16 19 
38 24 19 20 23 19 25 12 12 11 16 23 35 22 24 27 20 22 19 17 8 20 21 34 24 26 16 27 15 22 
32 14 12 34 28 42 22 14 25 25 12 23 13 18 24 25 32 24 18 23 21 25 26 24 10 29 10 25 14 18 
20 27 23 21 27 17 36 10 19 22 14 18 19 13 28 28 26 17 26 21 22 26 21 35 12 43 20 16 18 17 
33 21 16 26 16 47 14 16 27 18 15 17 27 23 34 14 41 2 32 22 11 22 21 28 10 32 11 37 25 18 
34 26 14 22 28 25 24 10 24 18 8 21 25 16 19 31 20 26 19 28 10 23 24 16 26 35 14 26 20 10 
27 13 17 6 25 18 25 22 20 19 20 20 33 25 18 30 6 28 21 19 16 25 26 25 15 35 17 34 17 12 
26 30 19 20 24 31 23 10 21 15 18 15 55 13 10 16 24 21 14 24 14 27 17 17 20 37 15 28 14 18 
22 24 21 41 18 41 18 16 25 14 15 3 20 19 28 33 18 17 39 30 16 30 22 17 18 26 20 24 17 19 
34 16 23 17 31 25 32 18 31 20 15 11 33 24 13 27 42 16 22 23 21 22 23 16 16 27 5 30 14 19 
23 23 19 21 19 39 26 15 23 11 14 19 25 16 25 27 29 23 13 25 9 14 21 23 16 27 16 21 16 12 
19 16 17 17 21 29 26 7 25 17 15 16 41 18 18 33 25 25 40 20 18 34 18 33 24 17 21 19 19 14 
39 29 15 18 19 25 32 12 26 9 17 20 29 17 33 12 36 14 33 20 15 30 19 18 13 15 13 28 12 18 
29 20 17 21 30 35 25 15 25 15 14 15 20 17 28 25 38 15 27 6 10 26 15 22 16 26 17 26 25 18 
30 31 16 20 29 21 20 22 24 11 20 25 17 15 14 19 20 18 20 19 14 9 29 25 15 26 12 41 20 14 
29 18 23 28 17 9 23 25 26 9 17 22 36 19 31 9 11 18 27 29 10 20 16 29 13 25 6 40 18 12 
29 28 16 24 17 37 28 17 23 7 17 15 25 14 30 21 20 11 30 14 20 19 18 27 12 38 11 20 15 15 
21 18 17 29 24 19 18 25 16 18 17 23 30 11 24 28 24 24 34 19 16 26 25 13 22 30 15 39 13 24 
21 23 9 32 28 20 25 21 24 13 16 17 36 27 41 24 40 23 31 19 15 19 17 30 17 28 20 33 21 20 
22 23 22 14 27 30 22 18 32 13 19 22 30 13 30 21 35 29 24 15 11 30 21 24 10 32 13 28 15 17 
17 19 21 19 23 36 28 15 32 17 14 16 19 16 29 20 22 22 22 18 10 35 20 21 19 30 17 32 22 17 
10 15 20 27 20 27 28 18 26 13 21 16 18 16 24 27 26 20 31 30 15 21 22 23 20 22 12 36 18 15 
23 28 18 26 23 22 19 11 17 15 13 13 49 8 28 19 31 37 24 26 15 22 29 34 16 32 18 16 16 14 
24 18 23 17 22 24 27 17 24 10 16 18 38 13 23 27 35 18 25 31 15 29 13 37 18 40 16 27 13 14 
30 20 17 28 23 26 33 24 18 14 15 22 22 20 41 18 42 27 25 14 15 22 20 21 17 28 18 31 13 17 
26 26 14 24 11 25 29 16 24 18 16 24 39 10 28 31 26 24 36 29 20 23 22 28 15 25 18 29 17 14 
27 22 23 28 27 37 32 11 24 12 16 21 15 23 16 25 20 19 22 17 13 30 11 31 13 33 19 49 19 21 
13 13 18 34 27 55 24 14 13 12 20 17 49 17 25 36 34 21 34 18 4 20 24 29 10 23 16 25 24 12 
18 24 20 22 21 20 31 23 31 22 16 26 21 5 28 29 25 23 30 29 21 24 15 28 14 20 13 37 10 22 
36 20 21 7 19 25 28 17 25 13 18 22 43 21 15 26 36 21 23 26 12 21 13 33 9 32 19 28 18 12 
46 18 22 11 20 41 28 22 14 13 12 19 39 15 34 38 21 28 32 12 17 25 13 29 13 35 17 24 13 20 
26 7 11 29 27 31 29 24 15 19 23 20 25 20 20 26 25 13 22 23 12 28 22 17 17 25 15 42 15 16 
29 14 21 23 22 48 18 11 13 15 22 23 27 28 27 18 28 19 21 18 11 27 18 23 17 32 17 23 14 24 
20 16 18 15 23 34 23 8 18 9 21 15 45 20 26 29 35 16 24 23 11 11 27 33 14 36 17 14 12 18 
28 22 24 17 30 26 25 30 19 20 19 14 26 15 17 24 31 8 27 21 19 26 22 20 15 36 17 30 24 17 
18 17 18 34 27 30 34 13 25 16 10 17 25 20 32 27 15 18 18 24 13 27 19 33 14 17 10 26 15 9 
21 13 20 19 27 43 27 21 18 19 16 27 30 14 41 25 37 17 22 12 17 21 15 28 17 30 22 22 23 15 
36 29 7 22 20 34 39 23 22 18 21 13 26 16 26 18 15 23 19 19 14 24 14 15 7 18 9 26 13 15 
40 23 20 23 18 41 25 15 30 14 12 21 17 22 22 29 16 15 38 11 22 35 21 22 12 25 14 32 18 15 
35 16 4 27 24 32 25 26 30 18 16 22 50 22 19 32 34 16 22 6 16 17 13 36 15 25 15 32 17 13 
13 33 17 21 15 13 21 17 30 19 7 18 33 20 29 21 23 13 32 23 17 28 13 28 20 24 16 27 27 17 
38 21 15 26 13 23 19 21 22 19 16 15 50 23 22 29 35 29 20 28 10 23 19 22 20 10 19 32 7 19 
16 26 15 13 15 35 31 10 11 6 11 17 18 19 22 13 35 14 15 12 10 25 8 32 10 31 11 39 21 23 
33 23 21 16 24 42 31 15 28 9 15 18 33 22 20 24 30 23 19 14 17 27 17 16 17 25 13 15 16 9 
35 11 19 23 23 24 30 14 19 17 13 12 23 25 15 26 26 28 34 18 13 31 19 25 20 27 18 30 10 16 
35 27 29 21 18 43 21 15 25 18 13 26 37 14 26 20 25 24 27 16 22 36 21 24 10 32 13 40 12 20 
34 15 27 27 25 23 24 25 22 11 19 19 31 17 25 25 40 31 23 18 10 35 24 25 17 28 12 23 21 16 
45 16 23 20 24 42 32 19 32 13 15 20 28 24 21 22 27 25 29 28 18 19 16 26 11 24 13 33 25 14 
25 20 14 29 23 41 19 29 28 16 12 17 24 20 20 32 31 19 21 26 19 22 15 30 13 31 10 29 15 22 
19 15 12 13 27 20 37 16 32 23 15 16 35 18 37 35 26 21 28 25 13 21 19 28 18 20 9 40 21 12 
20 9 13 13 20 37 29 29 17 13 23 22 35 24 19 18 39 21 5 27 22 20 13 36 16 23 10 14 10 21 
24 14 14 18 15 42 29 20 32 16 16 28 40 14 19 20 33 26 35 25 9 22 20 23 20 31 14 43 17 11 
39 26 17 15 23 40 16 16 15 12 18 14 25 18 17 27 16 17 36 24 15 21 16 25 20 28 13 36 17 19 
15 19 14 27 30 23 22 22 24 15 18 11 33 17 24 31 28 22 15 20 7 14 22 38 10 29 10 26 21 19 
29 14 19 35 22 24 36 20 19 14 15 18 39 23 22 18 26 12 19 30 15 39 17 25 17 39 14 33 10 15 
38 15 18 26 19 37 26 10 22 16 15 17 26 21 23 29 10 18 24 6 13 22 21 21 19 20 11 37 24 11 
29 26 9 19 20 38 24 21 22 24 19 21 27 15 18 12 19 27 22 27 14 26 26 35 16 18 12 33 20 20 
18 20 15 25 11 27 37 12 17 21 19 10 39 16 17 26 28 18 24 23 19 26 19 38 17 20 16 31 20 20 
14 25 17 21 22 29 14 18 13 18 16 5 42 20 13 26 24 28 33 35 16 25 19 20 16 34 18 38 12 21 
21 13 22 28 26 37 32 15 27 16 7 13 38 21 19 27 41 27 36 25 17 26 14 22 9 28 12 25 15 16 
26 21 12 27 23 18 32 10 19 22 18 16 43 15 22 29 16 23 22 12 17 21 19 32 16 32 22 26 23 13 
25 22 13 23 33 16 18 13 22 19 17 19 31 27 30 16 37 27 21 25 6 27 12 17 13 34 19 40 22 15 
32 18 14 30 23 32 23 12 15 10 13 24 37 25 30 13 21 20 32 28 10 10 15 26 18 30 14 21 11 15 
28 27 18 18 24 40 25 22 15 13 14 23 40 21 21 19 34 19 14 13 15 26 16 31 17 24 13 39 11 9 
24 22 13 18 15 40 30 11 18 15 14 23 39 15 35 19 9 18 24 21 16 22 21 36 13 36 19 42 21 14 
28 33 19 29 22 33 19 18 17 12 17 17 31 17 30 24 43 27 21 20 12 18 19 26 16 21 16 29 19 13 
29 26 25 15 15 32 21 15 37 17 4 24 19 13 13 16 30 20 27 31 7 31 27 17 16 21 25 17 11 16 
21 32 10 20 35 26 29 19 35 20 17 13 28 21 25 39 26 12 22 19 12 25 16 34 17 24 11 20 24 15 
36 30 15 27 14 14 25 16 37 13 20 23 31 16 21 22 16 9 29 14 11 34 17 27 18 28 13 29 18 13 
22 23 14 22 27 27 15 16 19 21 15 23 30 8 19 13 30 17 27 12 19 38 13 29 10 27 15 38 21 18 
22 28 17 24 12 25 25 20 23 17 19 23 23 21 18 20 32 19 22 12 14 35 7 22 21 27 16 25 9 18 
32 34 28 23 25 36 25 23 17 13 9 17 26 24 21 37 26 36 26 16 7 37 20 34 12 23 12 23 18 10 
35 24 26 15 25 34 25 20 23 19 19 13 36 25 16 31 24 18 27 22 11 10 21 26 17 25 13 31 12 18 
35 15 20 18 22 20 30 18 22 13 11 24 41 21 20 33 31 16 25 32 12 29 13 29 11 32 17 18 12 19 
25 28 12 30 22 19 23 16 23 14 13 9 27 18 20 29 22 16 36 24 12 22 14 32 16 20 17 34 13 18 
44 22 14 19 19 36 29 31 28 19 14 19 28 25 17 31 39 20 30 13 17 25 22 27 5 34 19 27 9 15 
26 19 27 30 27 28 25 18 28 14 18 19 39 10 16 20 15 16 18 22 14 19 22 36 10 35 9 15 13 18 
30 18 13 15 29 31 33 23 27 12 18 17 22 12 17 15 21 24 26 26 10 31 13 39 21 21 24 23 13 17 
34 19 21 24 20 15 15 24 15 19 12 20 21 15 34 24 31 29 15 8 18 27 15 23 11 35 18 28 17 13 
30 11 25 26 18 23 23 8 19 24 18 11 24 18 44 21 28 22 34 12 16 35 24 11 21 34 10 31 20 18 
19 27 12 24 23 44 31 8 25 13 18 17 27 22 29 13 24 10 14 28 17 17 18 26 15 18 20 24 17 14 
18 30 13 19 31 29 31 8 34 15 13 22 25 7 21 19 23 26 24 30 14 18 4 22 11 23 21 26 17 20 
31 28 27 29 30 29 30 25 15 21 16 27 18 25 18 19 10 26 30 25 15 16 16 38 15 18 9 29 24 21 
34 19 21 29 27 31 44 18 29 14 18 20 54 17 31 28 32 10 14 14 13 22 15 26 11 39 8 38 21 18 
10 18 17 28 28 36 32 23 13 16 19 19 39 11 26 20 26 13 17 25 12 16 19 36 16 30 17 18 17 8 
20 36 20 21 19 30 14 16 25 4 12 26 43 17 20 21 28 15 31 19 4 24 12 35 18 27 18 35 20 17 
31 24 18 28 18 42 31 24 22 14 12 17 36 15 18 31 25 17 32 24 12 11 14 34 20 27 12 45 28 17 
38 23 15 25 23 18 32 18 29 14 13 11 32 9 14 23 32 23 26 19 9 23 18 24 7 25 14 25 25 18 
17 18 22 19 17 31 29 12 18 22 13 20 29 11 24 28 22 18 16 15 16 24 24 35 16 27 20 40 26 16 
29 6 16 23 20 14 19 22 18 17 13 22 28 13 19 33 29 14 17 22 19 11 16 30 18 19 19 42 18 15 
48 12 25 25 22 35 21 17 26 15 20 20 41 18 17 32 27 22 26 11 14 33 23 26 13 35 13 39 20 17 
18 21 13 22 22 34 24 11 15 19 26 11 39 14 24 18 29 20 31 22 16 23 17 30 13 37 13 24 22 17 
26 17 23 23 23 20 28 14 33 11 12 18 34 24 20 25 30 17 21 21 13 29 18 12 19 25 17 27 18 21 
26 18 24 25 24 12 28 31 17 14 23 18 34 21 25 25 23 21 16 20 15 16 20 43 7 20 15 24 10 13 
23 23 16 30 25 44 18 15 21 19 17 27 29 17 32 20 26 24 17 19 18 20 19 21 12 22 18 29 20 13 
36 22 25 21 17 30 23 19 27 17 13 14 29 20 20 24 34 22 19 29 15 18 32 30 4 24 21 23 21 19 
28 21 28 25 36 41 26 22 29 13 15 20 35 13 24 22 16 21 38 29 16 18 14 31 12 47 10 43 3 17 
18 28 21 39 4 38 18 18 28 12 15 22 31 22 26 23 18 21 33 25 15 20 23 31 24 22 18 32 17 19 
33 23 13 22 17 30 26 17 22 15 11 13 36 21 23 27 22 19 23 12 10 20 16 20 12 21 7 16 16 13 
17 25 31 14 20 16 23 12 28 13 17 28 32 16 23 24 22 12 20 23 16 28 19 29 22 24 11 29 16 16 
32 25 21 27 23 43 26 19 22 18 12 23 38 8 27 29 26 17 18 27 17 15 20 15 4 17 14 30 17 19 
37 22 19 25 24 20 21 13 17 17 19 17 35 24 31 20 25 19 20 22 10 28 20 28 18 30 18 23 17 16 
30 19 7 11 24 33 44 21 18 17 14 16 25 15 21 26 26 14 34 23 16 29 19 11 12 20 3 29 17 17 
19 23 13 24 19 29 20 14 19 13 22 24 40 20 32 24 47 18 16 16 17 22 17 24 17 18 11 31 18 23 
32 12 15 21 32 30 34 4 24 13 10 27 46 23 26 35 21 21 26 24 20 16 16 26 15 9 13 26 15 11 
22 25 19 24 3 29 29 15 21 12 17 19 34 17 23 23 20 13 31 32 14 32 16 37 15 27 20 35 21 16 
24 25 19 16 27 29 16 27 20 8 12 7 36 27 16 16 34 24 34 22 15 31 9 39 21 23 20 30 15 17 
30 30 21 19 10 40 21 17 22 16 24 11 24 23 21 19 30 23 31 26 15 18 27 32 13 20 18 26 23 17 
35 23 20 22 25 33 29 17 17 15 16 23 40 17 17 26 24 17 17 23 23 20 23 31 16 28 12 31 13 11 
19 25 20 29 29 33 24 25 23 20 20 14 38 22 31 26 25 18 21 29 11 9 11 21 17 28 17 31 23 16 
22 16 18 25 28 49 22 17 14 23 12 11 44 21 16 25 25 19 23 26 21 26 13 28 10 30 23 28 22 22 
9 31 15 23 18 27 25 21 22 8 13 14 43 17 23 38 28 12 16 12 20 26 21 33 17 28 23 24 23 17 
36 24 21 32 20 15 33 16 21 21 9 19 24 27 19 19 26 20 14 20 11 20 11 29 16 33 16 36 17 16 
29 15 26 21 27 47 29 6 27 16 13 22 37 11 36 26 18 19 24 28 21 29 16 25 9 35 18 28 19 18 
35 23 19 22 25 26 34 17 13 7 13 28 50 19 28 23 28 19 36 20 15 18 19 17 10 33 14 29 26 13 
19 24 19 23 26 38 18 15 26 15 9 14 45 17 13 37 39 13 17 22 10 32 15 30 10 31 12 23 14 19 
25 21 19 27 20 27 35 14 17 13 18 14 23 12 26 30 34 24 33 14 9 23 20 23 18 20 14 26 20 19 
17 19 11 19 30 34 16 14 14 11 16 11 34 24 24 34 27 10 30 15 14 18 19 25 23 21 18 44 21 15 
22 26 7 20 17 24 29 21 22 17 20 11 25 11 31 33 28 3 22 11 15 39 17 21 8 22 14 26 16 9 
28 17 9 32 28 53 33 20 27 14 20 12 34 20 16 29 33 27 22 16 16 19 13 33 18 25 16 25 20 11 
25 26 18 30 27 44 28 20 13 21 12 12 31 11 17 26 36 21 22 21 16 25 15 27 18 32 17 40 15 12 
27 22 15 17 18 16 25 20 34 19 23 22 30 17 27 27 36 19 32 32 13 11 19 28 25 20 17 23 8 14 
28 25 14 27 22 21 31 22 22 15 14 22 27 12 27 33 30 27 24 26 19 32 17 39 20 29 10 35 14 16 
28 17 21 36 31 32 21 14 22 17 15 13 34 21 27 23 28 22 20 7 12 33 27 25 12 26 20 38 19 8 
30 26 24 17 24 23 19 18 10 18 15 19 46 24 25 30 31 4 28 25 20 9 28 29 13 29 22 33 16 7 
32 28 27 20 16 21 22 9 14 10 17 26 35 22 25 37 27 26 32 21 20 35 13 25 9 31 8 33 24 15 
25 21 20 20 13 32 17 12 17 19 20 11 23 23 29 30 21 15 19 18 16 26 12 27 21 21 5 31 18 13 
23 14 18 27 25 5 42 19 38 20 20 24 31 25 20 25 29 21 26 15 13 23 13 28 19 27 12 34 17 15 
39 13 14 16 24 31 31 16 16 13 13 15 44 25 31 23 38 18 23 15 9 24 15 39 15 31 12 30 20 12 
32 18 21 25 25 38 33 11 20 14 17 13 28 14 24 20 35 7 32 34 19 9 19 27 20 32 19 40 17 11 
39 16 18 30 22 22 22 17 34 12 20 17 39 18 27 31 31 9 16 8 13 15 24 27 19 20 13 22 12 20 
28 23 19 32 21 32 24 13 19 16 12 20 36 16 20 33 34 24 19 19 9 17 23 25 15 30 16 34 18 16 
38 18 25 23 38 28 21 25 27 15 13 11 30 14 22 31 36 16 24 16 17 24 18 17 13 33 16 37 17 8 
27 16 14 20 24 20 37 20 31 15 12 7 18 14 22 28 33 26 33 22 21 22 10 20 19 15 21 23 19 18 
44 30 20 17 26 23 19 15 40 11 17 12 45 20 29 23 42 24 24 27 21 29 17 35 15 12 15 24 22 27 
17 22 27 22 29 50 40 15 21 19 14 19 39 20 19 21 25 16 20 27 20 26 19 25 15 14 16 15 18 10 
23 27 21 34 20 20 45 14 25 13 10 22 22 18 30 24 41 22 25 22 21 18 18 20 14 30 8 30 21 12 
20 19 20 20 24 22 36 11 19 19 14 17 34 14 17 34 21 19 18 23 14 24 21 33 12 15 14 20 23 14 
37 18 20 27 18 25 12 6 20 11 15 17 6 23 28 15 25 18 37 18 22 33 25 46 14 28 18 36 14 19 
27 14 23 23 25 18 25 23 33 13 12 20 36 30 17 30 21 14 15 20 15 35 17 31 14 23 16 21 23 14 
12 18 12 30 22 32 18 22 23 16 17 18 35 17 33 19 39 15 28 22 10 38 16 16 13 22 21 12 19 15 
24 23 24 26 21 44 23 19 23 12 13 21 19 18 24 32 34 17 42 22 18 13 15 29 18 28 14 22 17 17 
37 4 23 9 33 23 37 14 22 18 17 15 30 26 18 22 17 21 18 20 10 28 24 22 16 17 12 34 20 18 
31 16 18 31 22 30 13 16 28 16 21 29 23 22 18 38 20 18 34 18 17 19 16 19 10 25 7 39 17 16 
28 13 17 25 24 16 6 21 18 10 16 33 25 19 29 25 23 21 12 31 16 21 9 21 16 27 11 34 20 21 
31 18 18 19 15 56 13 13 29 15 22 20 26 15 34 22 26 23 13 13 18 23 26 25 16 12 19 28 10 13 
19 18 24 32 29 34 14 20 28 12 20 19 42 20 20 33 28 18 31 20 14 30 21 29 18 28 16 20 17 19 
33 26 17 23 26 29 28 26 19 18 12 16 35 22 19 19 41 8 20 34 14 22 15 21 18 39 14 17 14 14 
20 26 13 21 26 40 31 11 13 19 17 23 38 16 24 15 14 19 36 29 16 23 22 21 11 20 12 27 18 21 
21 18 26 22 21 40 25 14 22 15 13 22 45 15 28 40 33 14 22 19 15 36 19 29 10 31 12 24 17 16 
24 27 17 20 21 32 24 16 29 12 16 15 20 18 25 18 37 21 26 17 14 26 17 31 17 36 12 26 14 23 
23 17 17 16 23 46 14 18 21 18 10 18 23 23 12 36 35 19 18 18 19 23 8 20 17 26 13 44 13 19 
24 25 17 18 24 23 21 12 27 6 19 16 49 16 25 36 13 12 22 13 9 32 5 19 7 41 16 44 25 19 
36 23 15 26 28 16 27 21 27 18 12 17 31 15 27 31 19 20 30 19 16 34 18 28 15 12 15 34 13 16 
29 23 15 14 20 32 27 15 25 13 20 25 16 19 26 29 33 27 25 19 13 29 14 32 17 23 7 40 21 13 
22 15 16 17 23 26 30 9 25 15 18 32 31 15 23 16 39 19 30 18 17 29 20 14 17 34 13 18 27 11 
17 18 11 21 21 12 23 25 30 8 19 14 39 22 22 28 20 21 21 17 15 27 20 38 19 36 7 33 15 15 
21 27 15 25 31 45 23 12 15 22 11 13 21 18 24 38 34 24 27 26 13 22 22 24 18 41 14 4 16 16 
27 24 17 18 23 28 14 12 13 12 22 31 16 17 25 21 27 8 22 19 12 24 24 25 20 22 19 28 17 6 
29 17 21 27 24 31 30 16 21 16 22 11 25 21 10 25 25 30 15 19 11 35 15 36 16 36 14 24 13 15 
36 23 24 14 18 24 28 16 29 13 8 14 29 18 26 20 8 20 23 21 18 8 21 25 16 29 14 34 25 15 
42 19 16 21 27 36 35 20 22 17 16 16 24 12 30 37 12 16 25 18 14 35 17 23 22 38 21 28 13 18 
18 15 18 22 21 40 32 18 22 21 17 17 26 24 25 30 33 24 23 20 20 32 12 38 16 22 17 39 13 12 
17 18 16 33 23 32 29 10 23 15 14 18 27 20 17 28 32 29 17 22 10 22 18 27 16 7 13 21 18 18 
25 26 30 28 36 33 28 15 30 20 23 14 34 31 23 20 31 11 15 8 17 37 21 11 16 32 16 14 12 14 
22 19 14 13 32 45 34 18 18 20 14 20 28 21 32 25 35 22 23 20 14 28 28 18 16 14 19 32 11 11 
21 17 18 20 21 26 38 8 26 19 16 12 19 21 15 35 37 20 26 18 12 43 23 34 17 32 14 30 13 13 
36 31 24 24 25 20 32 16 22 17 15 20 27 20 19 31 22 24 31 23 18 19 14 28 17 25 8 25 16 17 
27 22 26 17 15 39 23 17 18 15 11 22 45 19 33 29 23 11 16 17 16 36 24 11 15 15 18 35 25 21 
42 11 21 27 27 32 17 20 22 16 19 24 31 11 19 23 40 25 42 19 18 19 20 26 11 23 9 32 19 15 
27 23 20 25 32 39 6 22 21 15 13 15 38 22 22 38 34 10 31 26 12 35 15 18 15 25 15 26 8 16 
25 27 18 22 27 21 34 21 18 13 8 17 29 24 22 26 5 16 32 20 20 28 21 29 10 14 12 22 16 18 
39 16 27 25 24 25 30 28 15 14 21 16 39 16 25 18 27 25 21 13 13 29 20 18 13 37 19 23 12 21 
34 30 21 23 23 19 26 16 22 16 18 24 36 20 25 8 20 25 33 15 11 11 11 37 15 27 16 23 19 12 
22 21 26 16 25 32 5 17 23 16 15 27 35 13 32 23 28 17 20 27 18 23 20 18 9 25 19 24 24 18 
23 18 26 20 31 37 30 11 18 16 15 9 31 27 32 49 38 20 20 19 19 27 12 20 16 28 17 19 17 19 
17 18 7 15 24 25 26 14 28 21 7 23 53 15 43 24 31 23 20 24 17 29 16 24 16 14 13 24 24 10 
32 21 23 17 19 41 16 17 24 16 22 21 27 13 25 26 22 21 19 16 16 29 17 29 9 26 25 30 7 17 
24 25 14 15 14 15 33 21 27 17 16 20 11 22 31 26 18 17 21 20 12 15 21 26 15 24 6 30 15 18 
36 17 11 17 13 31 26 15 14 16 14 15 14 24 23 38 40 28 19 22 14 20 15 13 8 11 18 31 25 9 
30 17 12 30 20 31 21 13 23 12 9 14 40 17 25 17 31 27 21 24 10 21 17 25 18 27 20 27 12 16 
21 31 13 12 37 24 31 26 20 18 14 18 43 17 30 32 21 16 13 15 8 5 18 22 6 27 23 19 22 13 
37 33 14 27 24 27 27 12 23 20 10 12 35 18 13 24 37 13 22 18 14 26 14 36 14 27 18 37 14 17 
21 29 16 28 17 24 35 23 19 9 15 21 27 19 17 24 29 24 18 25 14 29 23 27 12 29 18 14 11 18 
35 13 21 20 10 43 23 11 19 8 22 13 20 25 29 18 23 20 33 26 18 29 22 23 20 35 26 43 19 15 
20 24 24 23 18 32 20 13 25 11 18 21 22 15 31 21 37 2 22 19 17 22 19 33 16 25 12 25 19 23 
36 16 16 18 17 29 20 20 30 14 6 15 38 15 34 24 35 23 18 21 13 19 21 24 13 21 18 40 12 26 
22 19 20 22 23 28 26 14 28 21 14 18 27 16 18 33 13 26 25 34 12 30 26 30 10 30 15 18 11 11 
42 18 18 25 18 32 20 18 24 25 13 13 40 18 28 28 37 27 19 22 20 13 19 13 10 31 18 35 19 18 
25 25 16 18 24 36 27 17 20 15 18 21 21 19 23 30 39 30 29 13 20 26 21 30 10 16 20 31 15 15 
22 18 18 22 26 37 33 22 23 16 19 14 32 12 12 26 29 15 32 13 17 12 25 22 20 10 25 43 5 12 
27 25 23 13 14 42 29 15 19 15 21 20 24 17 18 32 23 24 21 30 17 27 24 19 9 15 17 17 11 12 
17 18 10 6 23 39 24 18 32 20 18 15 26 20 28 12 17 22 12 21 10 18 16 31 27 23 11 36 22 21 
30 31 22 23 31 31 19 23 25 21 7 17 33 24 22 24 28 17 24 12 17 35 29 31 21 20 12 40 20 19 
34 24 19 15 34 32 24 13 23 16 14 23 42 10 15 35 25 15 32 13 19 14 25 41 20 22 12 19 16 16 
21 24 9 25 13 38 17 18 28 17 11 21 23 17 24 24 39 9 25 23 19 19 13 28 18 27 16 29 17 17 
27 22 24 16 15 19 8 11 22 23 13 7 30 19 38 34 31 4 16 2 22 22 20 45 16 28 15 30 19 18 
34 15 18 13 26 28 26 15 21 17 18 24 26 15 19 28 32 33 38 18 13 21 14 29 17 23 18 29 21 22 
46 19 22 30 21 33 27 22 38 17 12 22 38 21 24 33 22 18 23 27 17 15 20 10 18 28 15 26 17 13 
28 12 24 19 16 22 21 19 29 13 15 15 38 14 23 33 22 27 24 21 15 18 25 17 12 34 23 33 15 14 
24 20 20 20 10 38 46 22 16 17 17 26 37 18 21 20 32 26 23 31 17 22 20 20 17 36 16 33 21 14 
24 21 8 29 16 30 21 20 17 14 12 15 38 20 30 22 26 28 21 17 14 27 15 19 17 34 11 46 16 15 
12 19 13 21 11 22 32 23 25 16 14 18 24 24 24 27 26 19 20 24 19 30 13 27 7 26 10 28 14 21 
26 23 18 23 15 38 23 15 23 19 17 16 29 23 20 47 19 15 17 26 19 21 21 23 13 18 14 23 13 18 
38 29 17 18 25 46 28 19 38 18 18 12 22 18 28 22 16 18 18 26 24 18 16 18 9 21 19 27 31 12 
27 18 17 29 12 30 32 20 23 12 23 18 36 24 20 16 23 22 19 32 19 18 18 35 9 18 16 24 19 14 
43 16 20 19 29 28 44 22 23 18 12 24 38 18 10 23 37 28 23 15 18 25 21 31 13 16 18 32 15 19 
28 21 16 26 17 25 16 25 15 14 12 14 27 19 23 32 37 35 31 8 17 26 21 28 23 18 16 18 19 15 
25 16 22 21 18 41 27 14 15 24 11 23 23 18 14 34 31 21 37 17 15 31 21 28 17 22 21 12 14 15 
31 14 8 29 30 28 31 10 24 18 14 12 34 16 10 27 20 13 22 12 14 22 19 21 17 29 16 13 14 11 
30 30 21 28 30 32 20 20 17 21 16 21 36 18 18 26 27 23 33 15 8 13 27 29 11 37 19 31 24 19 
18 20 14 16 20 33 28 2 24 21 15 16 33 17 30 25 19 20 16 16 24 32 18 31 15 25 17 22 20 14 
31 27 12 16 22 34 31 24 19 21 20 15 20 16 26 30 8 28 20 17 14 13 17 38 13 35 22 19 16 16 
17 21 21 29 23 25 35 9 24 7 14 20 18 20 20 32 39 10 28 17 9 31 21 28 14 30 10 7 18 14 
15 20 25 23 27 15 19 10 24 14 15 20 25 18 25 15 24 25 31 15 13 19 18 30 18 20 12 31 11 11 
36 17 25 24 22 32 25 6 22 12 12 23 29 16 14 22 23 23 24 10 12 9 19 31 18 16 16 26 15 10 
23 23 18 23 23 17 19 19 16 12 12 20 29 21 21 26 35 19 23 11 20 23 16 26 9 27 21 24 13 17 
26 21 21 38 14 20 26 11 25 19 13 15 25 19 10 13 33 14 20 32 17 31 15 30 6 18 18 29 28 9 
20 18 14 25 26 29 29 16 27 25 12 21 29 20 22 26 15 30 25 12 18 21 22 21 25 23 14 34 23 19 
22 26 15 19 23 29 22 16 27 15 12 24 26 23 29 35 25 18 21 19 18 10 22 30 14 21 20 7 15 28 
28 9 19 16 17 45 21 12 26 15 22 10 33 16 14 23 28 21 10 21 7 22 20 42 9 24 21 33 16 15 
15 14 22 34 26 38 30 16 29 15 14 20 30 25 27 41 37 14 20 23 14 26 20 30 20 15 13 20 21 22 
23 13 18 23 20 22 34 17 21 7 16 23 17 19 22 28 25 8 18 19 12 28 15 21 16 6 13 27 19 22 
18 21 16 9 24 35 23 22 21 16 14 16 26 30 25 28 15 22 24 31 19 13 21 33 16 25 11 33 19 12 
5 20 25 27 20 27 37 14 25 17 4 9 29 9 21 20 32 18 34 33 22 22 15 20 15 20 9 34 9 18 
20 31 18 22 21 28 21 6 27 19 22 15 35 18 15 16 39 25 25 16 19 15 22 29 14 34 12 15 19 13 
26 21 17 25 18 3 26 16 30 19 17 23 21 19 13 23 19 2 24 20 11 15 19 28 17 13 11 11 7 18 
42 20 27 29 24 21 23 18 10 19 28 15 25 21 18 20 22 19 26 25 15 18 21 35 12 23 6 36 11 18 
24 16 16 17 18 50 29 30 33 20 15 23 47 13 28 34 27 28 26 25 13 20 11 24 16 47 16 26 3 15 
25 20 15 19 27 34 26 20 26 15 11 14 31 17 21 20 13 19 26 18 16 33 20 33 11 27 2 36 23 23 
31 21 18 21 20 40 34 15 22 14 19 22 45 20 19 20 18 20 12 14 12 27 21 32 8 31 17 26 13 13 
22 16 23 17 19 15 26 26 12 16 12 14 28 20 24 20 21 8 16 25 12 22 11 20 24 27 11 35 15 20 
13 6 24 16 18 38 24 23 26 14 16 18 23 19 15 27 34 17 26 23 16 22 23 14 16 36 13 44 22 14 
32 15 16 36 14 24 37 17 27 12 19 20 27 13 24 39 19 18 28 26 18 35 24 21 18 25 7 26 17 17 
26 19 19 18 28 32 34 15 16 23 12 19 45 16 15 31 25 16 33 27 16 28 9 41 8 28 18 10 8 19 
30 25 12 27 19 12 25 25 31 21 10 27 33 19 33 33 21 17 13 17 9 21 16 26 9 34 16 24 10 17 
25 25 19 29 27 23 28 29 24 14 15 15 46 14 25 34 38 17 27 22 12 31 16 33 18 20 14 22 20 21 
12 21 21 19 19 22 34 20 32 16 11 16 27 18 30 28 13 32 24 13 9 18 26 20 16 19 12 17 22 11 
24 27 10 26 24 34 43 12 10 20 18 16 13 18 19 26 34 25 23 15 8 17 21 25 14 18 10 43 28 21 
17 23 23 24 19 18 25 13 29 15 17 19 50 17 25 11 20 17 26 21 17 33 14 28 10 29 15 37 12 18 
28 22 15 26 16 34 26 22 28 12 8 20 23 20 12 39 34 31 20 16 16 23 20 13 16 31 12 25 23 10 
24 15 21 29 24 46 27 22 16 18 19 12 32 20 34 16 29 21 17 23 16 28 18 17 20 25 10 32 22 19 
24 25 14 16 32 9 32 16 16 14 18 22 37 19 16 25 27 22 31 9 10 25 12 22 12 30 11 26 10 21 
25 26 23 28 26 24 22 22 20 14 20 9 28 13 24 36 29 23 22 19 15 33 20 30 12 34 16 23 24 15 
34 18 18 16 16 31 16 21 22 16 13 20 33 19 21 26 36 18 19 19 13 11 17 27 11 28 23 23 15 11 
31 23 13 17 23 26 14 25 32 17 21 19 30 18 17 34 25 19 24 25 7 25 28 33 19 24 20 23 14 18 
17 23 15 21 24 21 32 14 17 7 16 23 31 13 20 36 23 21 13 22 21 12 15 30 17 20 10 29 11 21 
38 16 15 22 33 9 33 17 25 18 14 18 39 20 15 17 31 37 33 11 27 21 20 33 18 19 11 19 21 21 
32 24 24 25 25 42 37 20 21 19 11 24 44 7 22 25 34 18 19 17 16 17 17 20 15 23 19 26 17 14 
26 27 8 11 18 40 18 23 28 12 20 15 24 21 7 30 29 21 26 19 21 20 22 24 9 30 11 33 22 18 
21 28 19 21 28 22 15 24 16 10 15 7 33 20 19 30 22 22 25 17 9 22 29 20 8 30 17 33 22 21 
23 28 13 14 29 15 21 14 27 13 10 21 19 16 20 19 27 20 32 20 14 28 30 24 21 25 11 11 11 16 
30 26 20 25 20 22 14 10 30 16 23 21 31 23 23 31 32 20 23 15 15 31 17 33 21 33 4 30 13 17 
37 28 17 21 22 24 25 13 21 10 17 22 40 16 28 26 21 33 24 19 4 21 23 19 15 32 21 26 17 19 
36 20 25 18 27 19 41 23 20 19 16 19 29 21 27 34 31 29 20 13 8 25 20 34 12 23 20 22 15 15 
37 16 17 14 24 36 37 17 13 9 13 23 33 10 18 31 5 22 36 24 19 23 16 19 14 25 19 32 17 12 
28 15 19 12 28 30 34 25 15 22 14 14 39 26 28 25 50 8 37 14 13 18 25 32 14 24 20 17 14 15 
32 24 21 19 23 35 22 10 23 14 12 20 22 23 18 15 22 28 30 10 15 33 19 31 16 21 14 21 22 22 
22 13 27 24 21 46 26 21 25 12 21 23 7 15 18 22 20 14 30 10 16 26 14 6 20 31 13 32 16 25 
36 24 15 27 20 41 26 18 29 11 12 23 29 13 17 24 36 8 17 15 13 23 15 22 11 31 14 22 18 17 
22 23 20 21 21 29 19 19 21 13 15 16 55 19 22 33 33 15 18 17 6 27 17 27 19 27 18 25 13 18 
28 25 21 26 18 33 35 8 25 17 16 31 30 19 16 37 38 8 32 25 16 21 19 32 21 18 16 30 21 14 
38 17 12 12 17 24 24 6 29 19 13 23 33 24 26 33 31 16 21 24 17 27 19 26 17 14 22 24 23 17 
33 18 12 33 21 20 29 15 23 11 11 20 34 11 27 37 31 12 37 9 27 21 19 26 14 31 19 27 23 18 
19 19 23 23 25 26 40 16 25 13 12 25 26 18 17 22 25 17 20 30 15 32 13 27 16 29 20 27 21 14 
25 29 15 17 24 43 19 20 21 14 15 22 34 20 22 29 31 15 13 21 19 23 20 28 10 22 15 7 14 20 
27 20 20 11 19 20 22 13 30 17 13 16 26 18 25 30 26 20 15 26 15 31 19 20 6 16 11 43 31 19 
26 26 26 20 32 24 19 33 21 14 7 21 37 14 28 17 21 21 21 21 15 19 21 27 18 16 18 30 10 17 
26 19 17 18 28 24 26 21 22 10 14 20 23 17 24 24 19 29 25 22 12 23 16 23 13 36 15 20 23 10 
20 13 16 22 37 31 32 8 20 22 11 2 47 19 33 26 25 18 33 14 18 19 19 33 12 22 8 26 23 12 
20 16 26 16 17 28 13 19 19 18 14 18 28 15 27 30 32 20 22 18 7 28 19 35 6 36 22 20 9 7 
11 21 17 31 22 36 29 15 21 18 21 22 32 17 22 33 7 27 25 26 13 23 21 31 11 20 11 34 8 22 
18 23 17 13 13 32 19 17 24 9 18 18 20 22 36 21 26 20 13 23 24 20 20 14 15 32 16 23 20 17 
17 24 22 12 26 28 35 7 17 22 10 14 36 21 26 27 12 13 21 27 17 42 20 29 21 25 14 29 19 14 
8 29 22 28 19 41 18 11 16 16 17 14 40 21 24 30 14 25 14 21 16 30 15 29 13 25 15 31 16 19 
27 27 36 22 30 43 22 14 31 14 16 19 49 17 15 33 24 22 24 28 14 25 19 22 22 30 11 28 14 21 
22 17 15 21 33 23 24 21 26 11 19 21 27 23 15 27 28 16 33 20 21 26 13 20 13 29 18 37 14 19 
21 17 18 27 21 29 33 19 18 14 15 20 27 12 18 26 40 30 21 3 12 24 18 18 21 29 21 34 24 15 
21 31 14 23 30 25 36 14 22 16 9 29 34 17 21 31 31 19 10 15 17 28 17 21 10 30 16 13 12 20 
33 25 24 25 16 21 32 23 25 17 8 21 43 15 19 20 29 11 28 15 22 25 11 18 11 26 11 24 16 19 
17 9 19 25 24 33 26 10 18 14 14 21 33 15 28 33 16 15 21 17 15 18 16 23 8 24 18 20 15 19 
38 17 17 21 25 48 31 13 31 11 22 12 35 20 30 25 32 17 17 22 17 21 22 20 11 30 13 34 22 18 
28 23 18 24 26 42 23 21 22 23 11 16 30 13 18 26 20 22 9 23 20 19 12 36 13 32 15 32 24 8 
19 24 22 26 19 43 39 21 28 14 20 13 36 26 26 20 24 24 23 20 16 28 12 46 20 29 24 21 18 15 
29 28 18 32 22 35 27 7 17 25 16 12 33 16 30 31 26 17 34 22 17 24 22 28 14 24 11 21 17 19 
30 22 12 18 26 25 35 26 29 19 22 8 38 12 16 32 44 22 21 21 15 32 28 45 16 31 15 14 12 12 
19 28 11 25 20 16 27 17 18 22 20 22 35 23 21 43 34 15 28 21 20 16 14 26 14 29 13 32 19 14 
11 14 24 24 25 34 22 12 23 12 14 12 31 11 24 16 17 24 24 25 14 26 15 31 11 36 9 28 22 19 
23 27 14 18 34 29 16 27 27 15 13 15 17 19 14 23 9 26 16 24 9 26 17 26 12 17 14 36 20 6 
18 34 18 23 16 38 29 15 33 14 18 17 27 21 19 29 32 22 29 25 17 23 19 29 22 21 13 33 19 18 
14 20 20 21 18 31 42 17 39 12 14 10 39 22 22 23 37 18 29 27 11 25 12 18 10 9 16 18 21 21 
27 20 24 17 29 21 22 31 25 16 13 18 42 23 20 17 24 30 33 21 14 31 16 25 16 28 13 39 4 22 
34 18 17 25 15 33 30 23 18 11 9 14 32 17 30 25 29 19 31 33 19 21 16 24 12 33 13 18 9 19 
23 16 18 31 23 18 20 16 25 16 9 15 39 21 23 11 39 21 30 19 11 21 14 11 19 23 10 40 22 18 
32 15 18 23 26 12 25 15 24 15 21 10 35 19 22 22 15 23 15 12 18 24 21 34 20 28 7 22 25 18 
19 29 23 23 34 32 24 8 11 10 17 13 18 27 13 23 17 14 20 22 16 24 18 28 19 26 19 21 11 14 
17 15 12 18 23 34 35 20 19 10 17 8 25 17 26 18 42 28 23 23 18 28 20 15 12 28 16 18 8 6 
17 21 11 34 24 33 27 22 22 16 4 11 11 23 21 26 18 22 15 18 17 21 17 22 23 33 15 27 11 16 
43 30 18 28 17 42 23 22 11 11 17 9 15 12 21 30 28 18 24 17 15 33 14 25 10 18 17 32 14 15 
27 14 14 24 25 21 23 12 18 15 13 13 26 28 22 24 28 19 31 23 16 31 27 23 13 39 10 36 25 16 
29 9 16 20 25 30 17 20 30 16 18 12 39 26 17 16 15 20 37 21 15 22 24 32 18 28 10 33 22 14 
23 11 22 22 23 30 28 14 22 17 13 17 33 11 27 32 21 30 16 23 14 24 15 25 13 24 17 22 12 18 
15 24 24 27 23 28 34 19 39 11 18 17 37 22 21 24 28 22 29 18 19 35 19 25 16 25 19 38 16 14 
34 33 23 22 27 30 32 22 27 18 13 19 30 16 14 33 38 23 17 33 8 13 14 24 15 35 10 14 21 15 
28 21 19 25 14 46 23 11 27 24 21 17 20 23 29 41 17 25 12 20 15 25 13 34 8 22 19 32 21 25 
25 20 19 17 14 18 29 12 14 12 11 22 20 20 29 16 32 30 19 14 21 7 21 25 16 20 26 5 24 17 
25 18 12 21 26 13 30 17 14 17 17 23 25 11 28 26 29 20 30 17 22 29 21 23 19 29 15 21 12 19 
27 21 25 22 13 27 29 4 27 17 13 24 24 19 29 26 34 21 13 16 18 29 12 27 10 20 13 30 17 13 
21 27 9 25 19 21 9 15 15 17 10 13 25 21 35 15 38 26 33 29 17 28 16 34 15 24 13 34 20 14 
35 22 14 15 23 28 30 9 23 12 19 18 13 21 26 22 25 27 26 17 21 22 22 31 19 26 11 20 11 10 
31 21 21 19 19 43 27 19 33 16 14 20 31 19 16 36 35 15 30 23 18 16 11 33 9 18 16 23 17 19 
27 27 21 26 25 40 23 14 9 27 18 22 28 18 31 31 18 29 25 22 16 17 15 26 11 36 16 27 16 11 
27 18 24 37 15 45 25 18 19 14 15 12 34 25 20 29 39 30 32 14 23 28 15 21 13 20 25 32 18 23 
42 14 15 22 25 34 6 14 25 11 6 20 32 24 21 20 23 23 22 14 18 25 19 29 14 28 17 39 20 17 
28 22 25 17 13 17 21 18 30 15 18 11 31 13 34 15 20 22 18 15 16 24 24 22 14 14 13 44 19 20 
28 23 23 23 30 36 34 11 24 17 12 19 22 30 17 23 44 34 29 19 12 21 17 37 13 23 15 38 12 15 
25 15 21 26 23 27 16 21 28 17 16 16 41 16 23 27 39 24 14 14 15 19 7 17 14 16 18 30 24 16 
31 24 16 24 25 24 37 13 27 19 11 18 29 16 25 29 20 15 24 22 21 13 15 33 15 20 18 26 20 16 
32 30 18 27 20 21 36 16 33 14 14 18 31 8 26 31 32 22 29 23 23 24 18 32 13 27 12 20 17 20 
16 20 12 23 24 24 28 22 29 18 18 17 34 15 22 32 17 23 21 14 15 25 17 30 11 13 16 24 23 21 
4 14 17 21 26 15 20 7 22 15 18 24 17 20 23 25 28 26 14 16 9 19 15 26 9 12 20 27 11 27 
25 20 8 11 18 21 20 12 22 17 11 22 36 21 19 38 22 26 18 21 13 24 28 36 9 22 11 32 19 15 
38 16 14 24 22 23 28 18 19 14 22 24 23 18 32 34 38 30 28 25 14 28 22 22 17 17 20 37 22 15 
20 25 31 26 20 27 34 22 27 15 17 18 39 15 25 27 18 24 31 10 8 25 16 18 21 34 17 30 22 20 
32 25 24 23 18 19 26 19 31 17 8 28 15 20 21 33 22 8 15 29 19 23 17 18 12 25 18 38 8 18 
27 31 23 18 16 31 18 13 26 18 12 21 39 13 26 25 29 28 22 31 14 16 14 19 7 23 20 27 20 8 
30 19 17 24 23 36 26 22 18 9 9 20 40 22 22 22 41 22 16 13 16 28 21 33 24 19 14 23 16 18 
28 22 23 9 26 21 32 18 18 16 17 16 31 18 24 26 13 24 26 10 18 20 26 22 14 32 19 15 10 15 
25 18 8 12 29 51 31 27 20 14 12 23 21 24 30 24 24 20 23 21 10 19 21 21 22 34 12 36 16 16 
14 31 14 9 22 58 34 13 29 12 11 13 26 15 20 14 24 23 20 19 3 14 10 30 9 31 11 34 19 23 
24 25 14 11 29 36 22 8 20 18 17 18 21 19 15 18 30 16 23 15 12 20 22 30 17 31 22 25 19 20 
32 13 20 14 15 37 31 14 24 13 13 16 25 25 9 32 25 13 26 25 13 39 19 31 17 11 13 33 23 11 
34 14 15 18 22 17 33 16 17 11 17 15 24 17 21 31 23 19 20 18 16 29 22 37 20 34 16 26 19 21 
33 32 18 17 22 40 19 23 17 20 15 35 34 17 29 23 12 20 42 22 22 26 19 28 16 20 23 32 17 13 
44 23 20 19 21 34 35 16 28 13 15 15 39 12 24 28 6 27 15 20 14 17 19 24 11 24 14 40 13 9 
24 27 18 25 25 30 31 20 30 6 17 20 43 11 29 27 35 24 26 21 16 30 21 29 15 24 14 20 24 14 
21 27 26 21 19 53 37 16 16 12 17 15 18 22 27 20 26 22 30 20 12 24 23 19 10 28 20 17 16 21 
27 14 5 27 20 44 23 21 30 16 19 19 25 12 20 20 13 25 18 13 23 19 24 33 16 26 15 24 9 10 
20 18 16 20 24 29 14 20 18 12 22 29 52 25 22 29 33 21 23 16 14 31 21 34 18 42 14 33 20 12 
25 24 17 18 26 36 16 14 20 17 18 20 25 13 20 26 32 16 20 20 19 15 21 24 20 26 14 28 7 15 
31 15 18 26 19 33 14 20 31 19 19 15 26 13 31 34 23 23 28 23 17 16 20 33 12 25 14 29 20 17 
17 19 22 22 20 26 31 17 29 22 14 15 31 14 27 30 35 21 19 13 15 22 18 28 15 29 16 21 12 16 
39 21 16 27 21 25 34 22 23 11 18 9 36 14 30 13 33 15 21 24 20 23 19 26 15 31 24 34 20 13 
32 14 11 28 24 29 21 23 29 14 15 14 45 15 14 30 23 17 24 23 8 32 22 20 13 31 15 41 15 18 
32 18 25 20 24 34 27 11 17 12 20 16 36 21 27 25 22 24 21 21 16 27 20 19 13 27 7 23 16 15 
13 16 17 19 24 37 23 19 27 17 22 18 21 15 23 26 13 10 18 11 17 14 7 32 14 31 13 33 21 10 
29 24 18 15 27 26 23 16 17 15 13 13 32 8 23 24 34 17 37 11 17 15 15 24 12 27 14 22 20 18 
30 28 20 19 21 48 28 15 25 9 16 21 34 22 22 25 22 22 35 15 13 20 25 28 16 22 15 28 16 21 
26 23 19 25 16 35 22 23 10 21 18 26 15 16 18 34 19 19 20 26 14 30 26 28 13 23 19 11 18 9 
21 21 16 27 18 21 11 16 21 19 11 17 48 19 26 25 23 24 15 23 11 18 17 27 16 32 12 20 19 12 
30 17 22 22 29 39 27 9 18 16 13 22 17 25 32 29 39 21 35 31 18 12 19 28 12 20 12 24 24 12 
17 26 15 26 22 33 34 15 24 17 18 16 24 17 33 31 20 23 24 13 20 17 20 22 13 22 12 20 19 18 
27 10 20 19 22 17 36 22 26 21 13 22 29 15 25 33 24 19 17 24 11 17 26 30 19 22 13 26 12 14 
19 32 22 22 20 40 21 20 17 19 14 17 29 21 23 29 33 20 30 24 11 30 25 24 17 28 19 33 10 7 
44 19 18 11 29 28 12 24 34 17 14 17 22 19 25 37 24 20 35 30 13 15 14 37 20 26 22 20 13 9 
3 30 13 19 33 39 28 21 11 7 15 23 25 18 23 32 24 30 31 18 12 33 21 32 14 33 14 32 19 12 
30 26 22 13 29 45 37 24 22 14 13 24 28 24 25 19 23 28 14 26 17 29 22 18 14 24 19 26 5 15 
38 32 10 19 21 22 20 29 21 17 16 6 12 15 16 25 25 23 26 29 18 19 26 23 20 12 22 27 23 11 
24 19 24 9 22 23 29 30 14 18 12 11 23 16 23 24 13 23 33 14 12 20 14 13 9 32 17 35 15 16 
16 16 16 21 18 39 23 10 26 13 13 20 39 10 24 32 25 17 29 14 9 20 20 43 10 20 25 38 14 14 
16 19 20 28 26 32 26 14 19 15 18 14 3 7 25 37 33 22 20 22 18 12 11 47 20 40 11 24 14 19 
27 20 13 25 21 31 36 15 33 15 20 13 24 23 29 23 34 27 27 19 12 36 15 17 16 26 16 20 17 11 
26 18 19 28 25 30 24 19 17 24 20 19 26 19 17 29 29 24 25 16 14 28 10 32 13 25 17 17 20 16 
20 21 27 25 21 27 20 18 27 15 14 14 33 20 15 18 17 26 19 11 15 30 17 34 17 29 18 19 16 9 
47 24 15 18 22 17 26 19 30 9 12 11 15 13 18 17 26 17 8 17 12 22 15 30 14 17 17 30 15 12 
22 19 21 28 15 44 43 24 31 11 17 14 43 30 25 23 36 19 14 17 15 22 13 24 18 13 12 32 14 18 
39 21 21 33 19 40 33 10 16 19 16 18 20 18 22 34 25 28 26 23 18 28 18 24 13 33 21 28 14 14 
25 24 15 24 26 25 32 22 28 20 15 21 28 23 17 26 37 22 28 30 11 34 18 34 12 15 19 43 10 13 
27 23 20 19 22 50 52 14 28 15 14 12 40 13 16 28 22 28 23 21 8 38 26 25 11 22 16 20 19 19 
29 20 26 26 17 37 25 24 24 13 10 20 36 13 22 22 25 18 18 29 17 21 25 27 20 30 13 36 21 21 
32 17 20 17 23 26 29 21 17 17 10 11 29 7 18 29 18 18 26 31 15 23 21 38 9 26 17 22 18 21 
21 25 13 27 24 35 20 29 20 17 17 24 21 20 18 21 41 30 20 13 15 11 7 30 12 32 14 32 30 16 
27 21 17 10 34 41 20 18 16 16 14 21 49 17 15 36 38 8 29 18 16 31 23 13 9 25 19 36 7 19 
27 24 10 21 24 29 15 18 26 20 11 9 26 19 23 30 24 15 29 13 16 27 14 27 14 23 12 21 12 23 
25 26 19 30 28 50 17 26 24 20 9 21 22 22 19 18 36 20 27 19 22 26 24 26 19 29 12 7 15 12 
33 32 17 15 22 24 33 14 29 13 20 23 33 9 16 16 29 15 28 23 19 20 21 20 20 20 19 36 21 19 
39 17 19 26 28 17 16 22 23 20 15 18 14 17 24 29 28 20 15 20 9 23 15 22 21 28 21 36 18 20 
32 27 14 22 23 20 25 9 22 12 14 12 23 21 28 23 32 21 22 16 17 28 17 21 16 24 16 29 29 20 
17 17 17 22 11 19 28 19 27 17 20 17 37 14 24 26 27 21 25 26 17 24 16 30 18 40 10 30 13 20 
37 23 16 22 26 29 30 17 23 19 17 16 19 10 19 26 21 23 38 20 19 24 24 34 11 23 13 27 11 17 
30 26 16 13 23 35 30 16 21 16 16 20 38 18 12 21 27 27 28 30 14 21 12 22 15 16 22 19 23 16 
19 15 19 19 30 40 28 11 16 13 20 16 32 20 29 25 9 20 11 15 13 22 17 31 18 21 20 23 31 18 
28 21 13 14 34 33 28 28 6 26 16 25 25 16 24 23 34 21 30 21 20 31 12 20 12 27 9 40 14 6 
32 26 23 24 32 40 17 26 21 20 13 21 27 12 25 31 22 23 23 24 13 13 11 22 12 18 10 19 13 18 
26 29 12 15 27 11 25 17 12 16 19 19 16 25 25 29 19 24 23 25 18 26 18 37 11 22 14 23 23 15 
36 30 18 26 33 15 24 23 23 18 14 17 35 16 18 32 20 23 34 20 12 29 14 33 18 27 12 22 14 16 
37 25 16 23 16 18 22 23 22 14 17 15 16 20 20 38 28 25 25 18 15 17 19 19 16 20 14 26 20 16 
31 24 19 30 21 8 10 11 29 16 20 18 50 17 31 27 27 11 28 13 12 30 19 28 21 30 17 21 15 18 
34 20 9 30 16 29 29 13 5 16 11 19 37 20 32 34 15 23 29 20 17 33 19 28 20 8 18 31 23 22 
27 17 21 34 23 35 26 10 24 16 9 4 28 24 18 23 21 28 24 24 16 30 25 30 20 16 12 27 19 14 
32 35 16 22 24 33 17 16 22 19 13 9 45 14 28 16 36 21 26 28 6 23 18 25 20 26 17 25 14 12 
29 24 15 28 22 22 21 17 20 17 20 24 22 17 32 36 21 17 10 27 10 23 18 26 13 24 14 22 10 17 
28 25 26 23 27 39 39 10 12 14 15 23 24 22 29 19 24 17 8 16 15 28 16 29 16 34 15 36 29 15 
33 18 16 27 18 29 29 18 23 12 17 13 40 20 21 23 24 22 23 20 14 14 15 17 13 20 17 26 19 21 
37 19 21 33 24 29 18 21 16 18 26 22 24 17 19 32 14 28 28 24 19 22 11 31 21 25 16 27 5 9 
40 16 16 32 27 27 35 9 21 16 20 14 34 25 17 27 31 22 32 19 19 15 19 30 16 22 18 25 19 13 
16 37 16 22 18 36 24 19 27 19 14 18 24 14 21 27 15 27 15 17 18 28 14 32 14 26 11 36 14 22 
29 17 25 18 22 22 34 17 25 13 7 10 17 22 16 39 32 20 20 22 18 13 18 12 13 28 11 28 15 12 
18 17 14 12 21 39 20 14 22 13 10 8 27 18 16 23 19 11 36 12 10 18 27 32 16 21 12 31 21 11 
22 6 20 17 30 20 33 15 21 22 18 16 37 18 15 30 31 23 13 20 15 39 20 41 12 22 16 33 14 20 
8 14 16 17 26 39 31 14 34 18 17 17 32 17 17 28 25 28 22 32 8 18 8 22 18 23 13 26 27 14 
16 23 12 24 19 32 21 24 29 20 15 19 52 13 16 31 18 21 33 23 18 14 28 33 17 21 10 30 12 9 
34 14 20 18 19 27 23 20 15 12 15 18 40 25 17 7 16 23 34 29 19 26 29 9 17 29 12 37 13 20 
21 19 20 30 27 4 19 23 16 22 13 20 24 23 22 18 46 23 26 23 10 25 9 28 13 25 11 19 21 19 
31 27 16 33 17 30 21 16 21 18 15 16 21 19 22 25 17 7 13 8 11 36 17 28 17 34 14 31 12 19 
21 12 23 29 31 15 35 23 29 14 18 19 38 31 15 28 24 25 19 23 18 22 21 38 18 28 13 29 20 13 
39 13 15 26 10 28 26 11 27 14 15 22 37 15 26 18 33 22 30 10 12 22 20 23 21 36 14 38 29 23 
20 21 13 29 24 20 22 16 15 18 20 16 36 26 26 34 30 16 22 17 18 29 19 33 14 36 19 21 15 12 
33 25 24 20 26 52 23 12 29 13 19 12 45 12 32 30 19 25 26 16 11 21 27 29 22 31 14 20 13 13 
21 11 23 16 11 17 20 21 22 21 17 19 31 16 17 34 22 19 26 33 17 27 18 27 15 38 14 26 16 13 
33 7 14 24 26 49 22 22 23 20 11 17 22 12 23 23 34 23 33 12 15 30 21 33 16 33 14 34 16 13 
20 13 12 31 19 33 24 9 33 9 13 30 43 23 26 25 24 26 25 24 17 24 28 20 13 20 12 40 19 11 
28 20 5 33 22 27 23 13 27 24 15 13 25 14 35 17 24 14 26 19 10 31 14 29 12 16 11 28 16 17 
32 24 16 26 12 30 27 12 26 19 16 8 36 25 31 31 36 21 24 30 10 19 21 23 20 33 16 24 15 22 
7 20 24 28 21 31 24 12 13 13 19 11 20 15 23 28 19 19 21 19 16 36 19 15 19 24 10 41 18 15 
26 26 20 27 22 31 22 13 8 14 13 20 22 21 37 37 29 13 28 9 10 13 28 24 15 36 24 17 22 17 
27 19 21 28 15 20 28 22 30 13 14 21 22 24 38 26 29 12 25 5 15 22 14 30 13 27 15 32 12 20 
22 25 11 26 20 35 33 13 28 19 9 16 37 18 29 33 15 25 18 27 17 25 23 28 25 22 14 21 17 22 
35 19 17 28 20 33 24 24 18 18 15 23 15 19 23 24 11 18 28 17 19 32 11 34 16 33 8 33 22 15 
10 17 21 21 19 26 23 14 34 18 11 26 23 20 21 26 27 15 24 18 11 26 10 32 13 36 12 40 18 20 
26 24 18 16 12 39 27 20 24 17 17 23 36 16 21 27 37 19 10 31 9 20 14 18 18 25 9 26 15 11 
26 26 19 22 21 17 27 15 17 15 15 21 33 13 22 24 22 21 33 19 18 31 21 24 16 15 14 24 18 16 
25 18 14 17 23 24 29 10 24 16 15 9 31 20 27 26 21 23 27 28 14 26 22 18 14 25 13 21 16 19 
32 12 8 22 12 24 27 23 16 10 14 16 28 14 26 23 31 25 21 18 26 16 13 28 5 30 13 36 16 20 
23 18 19 22 12 39 31 10 33 11 18 17 22 24 18 26 26 41 37 12 10 33 17 27 20 15 16 24 19 15 
32 18 18 27 27 19 29 22 26 16 19 11 47 14 25 19 19 15 25 29 18 36 9 17 18 25 16 22 23 16 
31 28 25 23 31 15 21 14 25 14 14 22 22 20 22 40 32 14 18 20 17 14 13 22 14 26 24 20 16 25 
34 26 17 22 32 27 23 16 17 16 13 16 37 19 25 38 30 25 23 15 17 27 14 38 15 28 16 35 18 12 
22 27 18 15 26 45 25 20 20 22 14 20 31 22 26 33 24 7 19 14 10 38 15 27 19 20 18 23 16 11 
39 24 20 25 16 33 27 16 21 15 16 24 32 22 11 31 34 29 18 17 15 20 16 34 21 42 15 14 26 16 

MachineCapacities:
MachineID Capacity
0 10
1 10
