NumTasks NumMachines NumScenarios
20 3 10
TaskDetails:
TaskID ReleaseTime ResourceConsumption SuccessorsCount Successors...
0 0 7 1 4 2 3 4 
1 0 9 2 8 2 3 4 
2 0 7 2 9 2 3 4 
3 0 4 3 10 2 7 8 
4 0 9 8 6 2 5 6 
5 0 3 4 4 3 10 11 14 
6 0 8 2 7 1 8 
7 0 3 9 1 1 9 
8 0 3 7 1 1 9 
9 0 6 5 6 3 10 11 14 
10 0 4 9 6 1 12 
11 0 8 5 4 1 12 
12 0 6 2 10 1 13 
13 0 8 10 2 0 
14 0 6 9 7 0 
15 0 5 8 3 1 17 
16 0 8 4 2 2 17 18 
17 0 3 3 4 1 19 
18 0 6 2 7 1 19 
19 0 6 3 4 0 

16 27 7 29 11 15 30 45 14 20 12 13 14 9 9 17 8 26 22 13 26 17 24 30 26 19 29 30 28 30 22 37 17 12 10 23 9 8 32 13 19 26 16 20 24 6 10 13 23 26 11 31 30 24 14 21 10 9 17 34 
17 28 19 19 13 17 33 20 23 15 11 19 10 24 10 24 9 18 33 16 30 25 42 35 41 22 22 31 38 24 11 35 21 19 6 33 7 12 29 8 30 19 13 15 25 40 15 10 14 21 19 21 33 30 16 26 22 13 16 26 
20 15 29 16 13 19 20 18 27 16 18 23 9 16 9 35 13 14 33 16 37 12 12 25 23 30 17 16 49 26 18 38 33 17 7 17 5 6 9 14 11 19 5 11 34 24 13 12 14 25 17 21 26 36 17 12 28 8 15 25 
29 22 17 18 16 20 24 26 21 32 9 16 7 11 15 23 10 22 41 15 34 20 37 29 29 45 21 23 31 29 19 34 29 30 8 27 11 8 34 10 20 14 5 26 12 25 17 9 19 29 10 20 32 26 18 26 24 12 18 33 
30 27 25 15 16 25 17 25 14 23 11 15 6 20 10 27 13 19 13 9 35 24 26 21 38 25 29 22 14 17 14 25 33 16 16 34 11 11 21 8 16 17 11 25 34 27 8 13 19 17 11 13 12 33 17 21 30 16 16 23 
24 22 18 21 11 17 27 39 12 16 10 10 10 11 12 30 10 8 33 12 36 19 38 22 27 30 24 15 12 16 18 23 17 27 9 33 7 10 31 17 15 10 8 22 18 26 9 8 27 27 17 8 27 30 19 17 22 5 17 37 
37 19 12 26 10 20 26 21 16 17 12 18 10 13 7 26 12 17 44 18 31 21 32 25 27 37 22 26 24 20 15 31 42 26 12 27 13 4 29 11 21 23 10 19 21 25 18 12 22 25 22 21 23 30 13 17 21 11 19 12 
30 21 15 29 12 19 22 36 20 15 10 24 8 22 15 20 11 13 38 16 43 15 37 15 36 32 22 24 22 30 20 28 31 16 11 35 13 12 30 11 16 24 12 20 21 25 15 12 16 30 16 11 36 29 20 22 35 8 10 27 
33 26 11 19 10 9 10 33 13 16 10 16 11 14 12 35 10 22 24 20 41 24 31 37 34 30 26 27 38 26 19 35 33 41 11 46 10 12 24 12 18 20 18 26 14 30 13 12 18 20 21 15 31 36 14 28 35 12 12 38 
42 19 18 16 14 19 23 23 18 20 6 13 14 13 15 23 10 12 2 21 41 24 34 31 34 20 15 17 26 13 9 38 20 18 14 28 13 12 23 11 17 13 10 21 25 11 15 9 24 23 20 22 15 12 15 20 17 8 14 23 

MachineCapacities:
MachineID Capacity
0 10
1 10
2 10
