NumTasks NumMachines NumScenarios
20 3 10
TaskDetails:
TaskID ReleaseTime ResourceConsumption SuccessorsCount Successors...
0 0 4 9 9 3 2 3 4 
1 0 9 5 2 3 2 3 4 
2 0 4 9 2 1 5 
3 0 5 4 6 1 7 
4 0 5 7 2 1 8 
5 0 6 2 3 2 6 7 
6 0 8 2 4 1 8 
7 0 8 2 4 1 8 
8 0 5 3 8 0 
9 0 9 10 10 2 15 17 
10 0 9 5 4 2 11 12 
11 0 7 6 9 2 14 15 
12 0 10 2 4 1 14 
13 0 4 2 2 1 14 
14 0 9 10 5 3 16 17 18 
15 0 3 5 4 2 16 18 
16 0 3 9 3 1 19 
17 0 3 2 2 1 19 
18 0 4 4 3 0 
19 0 3 10 1 0 

30 30 24 9 31 14 13 20 25 28 34 32 16 11 7 28 13 22 30 17 29 17 27 24 29 14 26 28 22 21 15 22 32 9 13 9 34 16 4 20 19 12 22 13 12 30 16 11 35 17 12 25 22 32 28 24 8 16 15 11 
31 30 17 16 25 12 18 25 14 35 21 27 23 12 13 22 15 26 27 13 23 24 25 16 25 9 25 31 16 13 15 21 17 30 17 14 45 7 12 22 9 15 24 8 18 41 21 14 26 30 12 19 27 19 11 7 16 24 23 15 
21 27 19 16 33 13 16 36 21 26 20 38 35 3 16 26 27 27 21 14 13 25 22 11 26 8 21 38 22 13 15 21 28 17 16 10 17 11 8 24 8 9 32 15 18 17 19 15 25 27 16 13 26 28 26 19 14 26 12 25 
34 39 25 16 35 22 25 19 12 31 29 21 22 3 13 32 17 28 33 23 25 25 25 15 25 11 30 24 31 21 15 19 26 25 14 20 24 23 11 15 16 8 22 13 18 39 14 15 15 26 8 22 47 23 22 23 19 14 18 28 
30 34 16 11 24 19 20 28 23 9 25 34 18 13 13 27 17 39 28 23 27 14 13 16 27 10 26 22 19 17 16 21 11 19 13 13 23 16 8 8 15 9 18 9 19 19 13 13 27 33 10 24 31 14 16 23 15 22 18 15 
24 33 19 11 17 13 19 30 28 46 19 34 3 8 7 27 14 30 21 11 14 19 16 28 17 15 29 25 24 21 20 21 29 22 17 12 11 22 17 24 6 12 31 8 12 27 11 12 12 35 17 19 21 45 26 22 5 11 9 21 
23 34 18 21 18 8 21 28 30 41 27 40 21 11 7 30 23 10 32 12 17 27 18 19 27 12 23 50 21 19 11 14 19 28 17 16 53 18 11 27 10 8 24 13 18 38 17 7 31 25 14 31 28 40 23 5 15 41 14 11 
29 21 15 10 26 12 7 22 25 22 25 11 33 14 12 28 20 27 22 14 16 28 13 26 24 10 25 28 10 14 14 22 27 31 15 11 36 24 12 18 17 14 18 8 11 23 9 15 16 31 18 15 37 19 24 25 20 34 14 19 
25 36 23 16 33 17 10 14 24 27 11 31 18 14 11 25 27 17 27 9 29 23 25 15 21 6 29 25 20 17 11 17 25 18 17 18 36 11 14 8 10 7 18 6 21 34 18 20 19 23 12 24 21 36 8 24 12 29 19 32 
30 24 16 20 35 13 11 22 23 35 26 22 31 15 12 22 30 13 22 12 27 22 21 17 16 9 33 28 24 27 11 16 27 25 6 9 48 17 12 27 13 11 25 7 13 29 14 14 20 29 18 31 31 36 19 21 19 21 15 17 

MachineCapacities:
MachineID Capacity
0 10
1 10
2 10
