NumTasks NumMachines NumScenarios
15 2 30
TaskDetails:
TaskID ReleaseTime ResourceConsumption SuccessorsCount Successors...
0 0 5 9 2 1 3 
1 0 8 6 2 2 4 
2 0 2 6 2 6 7 
3 0 10 4 1 5 
4 0 9 4 1 5 
5 0 1 2 2 6 7 
6 0 4 2 0 
7 0 5 6 0 
8 0 9 3 2 11 12 
9 0 7 7 2 11 12 
10 0 9 6 1 11 
11 0 4 7 2 13 14 
12 0 3 3 2 13 14 
13 0 1 6 0 
14 0 4 8 0 

8 14 9 21 15 12 32 12 15 23 15 31 8 24 14 34 20 22 28 12 21 19 33 36 32 6 20 47 21 20 
9 20 18 21 17 15 24 12 25 43 13 28 10 17 19 25 18 28 23 10 31 17 26 31 33 12 18 31 12 19 
12 21 16 17 26 11 33 9 10 33 14 29 11 17 19 37 22 41 37 14 35 16 27 28 25 14 15 27 16 21 
9 18 25 7 14 17 30 11 18 30 10 29 10 18 12 18 11 17 29 14 41 18 30 35 17 16 17 40 19 21 
12 21 29 10 16 21 23 6 19 34 13 32 5 19 22 28 15 26 8 14 24 14 24 15 33 13 22 33 14 16 
10 17 22 18 9 14 28 8 9 26 10 21 13 20 21 30 19 21 26 15 23 17 12 34 34 17 34 32 17 17 
13 9 18 11 19 12 23 17 16 32 10 33 13 14 21 26 13 51 37 13 24 5 22 15 25 17 23 46 19 16 
9 13 13 10 27 17 26 8 13 30 16 19 9 20 35 24 17 23 26 13 32 23 26 17 12 10 27 33 21 19 
13 13 22 21 28 19 31 8 24 25 12 28 8 21 21 30 15 30 38 16 27 17 30 27 24 11 18 23 14 28 
6 6 16 16 18 15 27 11 17 45 5 17 7 24 14 25 13 26 27 18 33 17 30 29 23 11 27 21 10 20 
8 23 22 12 22 15 34 13 17 21 10 17 7 8 25 47 23 19 41 18 33 12 28 27 31 10 25 32 13 26 
10 15 16 15 25 9 28 10 13 29 12 35 10 12 16 25 18 41 49 15 29 14 19 36 13 9 36 19 19 20 
10 21 23 14 8 19 19 17 15 15 14 29 18 26 33 24 19 43 17 11 18 20 19 27 23 16 21 21 17 7 
14 14 26 19 9 18 20 11 19 29 14 19 8 28 24 28 26 36 41 12 14 12 14 24 21 15 35 32 13 8 
8 12 11 15 24 13 18 12 15 29 15 38 7 27 29 29 13 27 38 18 17 21 33 11 19 13 25 46 16 29 
9 15 19 22 28 13 34 12 11 32 7 28 9 6 15 34 11 35 28 16 17 13 36 26 32 12 22 32 19 10 
8 20 6 10 20 11 23 15 13 28 11 30 9 15 25 29 12 40 39 19 34 12 26 22 14 15 17 26 15 20 
9 11 20 10 25 17 27 11 16 28 8 27 10 19 21 33 23 26 26 11 34 11 32 25 34 13 15 18 13 22 
9 14 9 20 16 16 32 7 16 32 15 33 8 22 25 32 19 30 31 11 29 17 30 19 21 10 21 26 14 26 
4 18 11 18 28 6 25 14 19 28 11 31 15 13 25 27 22 44 28 5 10 18 26 27 25 16 22 30 14 34 
5 8 30 11 16 15 33 12 18 36 14 30 6 20 13 26 11 43 20 13 29 18 25 13 32 16 13 50 21 32 
8 8 22 8 25 15 29 9 18 35 18 20 9 19 23 37 17 37 31 15 33 10 15 19 31 10 34 30 15 20 
12 15 21 14 8 16 25 9 13 34 17 28 13 17 25 38 21 32 26 21 36 15 33 20 21 15 22 29 18 18 
13 17 13 18 27 11 25 2 14 27 7 36 11 15 7 22 23 35 32 10 27 10 23 15 18 12 23 32 17 21 
14 12 19 15 16 16 34 10 22 28 11 37 14 18 20 34 18 48 27 14 16 10 40 18 33 7 31 33 12 23 
10 14 25 17 23 24 29 16 12 25 10 32 10 21 15 23 19 9 13 12 20 18 20 13 14 14 25 30 17 30 
14 14 14 15 24 17 27 16 22 39 12 22 10 13 23 31 22 31 33 16 42 26 16 27 27 15 16 15 18 23 
10 17 23 12 23 10 27 10 18 32 7 25 8 24 18 22 22 41 38 12 38 12 33 22 31 9 27 28 14 23 
7 19 24 20 22 16 25 14 7 37 11 34 12 15 18 38 10 31 33 17 32 16 33 31 39 16 21 25 14 22 
9 19 23 22 21 16 26 9 18 37 12 39 9 15 23 14 14 30 7 14 34 22 15 40 28 4 24 28 10 15 

MachineCapacities:
MachineID Capacity
0 10
1 10
