NumTasks NumMachines NumScenarios
15 2 30
TaskDetails:
TaskID ReleaseTime ResourceConsumption SuccessorsCount Successors...
0 0 2 6 2 1 2 
1 0 6 2 2 3 4 
2 0 9 9 3 3 5 6 
3 0 5 4 1 8 
4 0 8 2 1 6 
5 0 2 6 1 8 
6 0 7 7 1 7 
7 0 5 9 1 8 
8 0 7 1 1 9 
9 0 7 9 0 
10 0 3 2 1 13 
11 0 7 8 1 13 
12 0 7 7 1 13 
13 0 9 10 1 14 
14 0 10 10 0 

23 9 29 27 10 25 28 22 8 13 32 11 18 10 33 12 15 21 12 18 21 36 28 27 23 29 22 16 20 22 
28 4 38 23 12 44 17 18 20 15 35 5 17 22 22 11 20 22 8 12 25 21 27 32 47 24 24 15 26 23 
21 15 27 9 13 30 25 14 18 20 22 22 17 18 28 9 22 22 21 13 17 21 21 28 23 28 25 24 6 22 
29 6 31 22 16 36 13 18 15 17 28 15 17 14 33 17 22 17 21 10 42 23 31 19 38 24 23 24 16 19 
14 9 44 29 13 28 26 21 14 26 25 14 16 9 27 14 22 27 11 14 22 34 30 18 18 29 30 7 17 18 
28 9 26 21 10 23 32 24 15 12 26 10 12 5 13 15 26 27 10 12 27 29 28 21 24 22 33 16 35 12 
26 11 30 20 16 24 24 23 18 24 19 14 13 18 29 10 20 18 23 14 39 23 27 20 31 32 30 26 13 26 
30 8 36 16 18 29 22 16 16 23 32 15 16 13 25 19 15 9 14 16 41 20 35 30 32 33 18 17 13 19 
9 12 26 29 19 33 32 23 10 24 34 15 21 12 31 14 20 26 23 12 37 23 23 20 18 23 15 16 26 31 
25 6 39 25 14 29 9 24 13 14 41 13 15 16 24 19 31 25 17 13 35 20 14 37 39 35 20 21 22 24 
24 9 31 31 14 20 24 18 16 15 35 11 14 14 27 8 26 18 16 12 20 11 26 13 32 29 20 10 25 13 
20 10 43 26 10 30 30 13 18 26 39 9 24 14 23 13 22 26 19 13 30 24 17 8 31 18 46 24 28 25 
19 6 16 23 12 27 29 11 11 19 33 16 19 12 8 8 15 26 11 15 17 17 34 30 32 29 15 21 23 21 
23 6 28 25 10 33 19 15 18 16 26 13 27 14 39 10 25 18 19 12 52 34 18 21 28 17 30 22 26 17 
19 5 50 18 13 17 11 19 12 16 30 14 26 9 19 9 17 18 16 11 29 29 20 9 24 38 28 24 29 38 
31 13 24 7 15 26 20 29 18 14 24 21 23 17 30 9 18 17 15 7 45 19 22 26 37 35 23 23 18 24 
15 15 26 18 15 22 24 17 16 17 35 19 19 14 33 10 23 25 18 14 36 29 31 24 30 16 21 14 24 23 
14 11 27 26 10 18 28 27 17 21 15 11 19 13 41 10 13 29 18 16 29 17 27 26 35 26 35 28 19 25 
32 12 19 22 9 22 29 22 22 11 25 15 27 13 35 12 26 30 17 10 38 22 31 18 18 26 20 26 26 23 
24 16 36 11 14 34 29 13 10 13 30 15 23 15 28 19 21 26 20 17 13 20 26 17 45 22 12 23 16 28 
18 11 25 14 11 19 21 26 13 13 27 9 21 19 31 11 21 18 9 15 31 16 15 22 48 26 13 19 23 29 
24 12 44 20 13 31 12 11 11 18 16 23 12 12 28 9 33 17 11 20 33 30 31 10 34 18 23 24 1 17 
19 9 36 22 15 38 26 26 16 15 19 17 18 6 20 9 14 22 19 13 42 20 21 24 24 29 24 25 29 22 
22 4 34 19 15 27 17 21 17 12 11 16 17 11 33 11 14 17 10 13 27 21 30 11 32 29 28 19 21 25 
12 9 45 20 13 24 31 18 20 13 31 16 9 11 26 7 19 20 14 9 44 30 17 22 28 22 22 11 23 15 
14 15 46 21 17 31 25 14 13 3 21 6 20 13 29 9 21 22 14 12 40 26 27 16 21 19 14 15 32 37 
23 9 43 18 12 37 27 21 11 16 14 15 16 6 18 10 21 30 22 10 28 23 27 15 28 32 31 27 23 26 
25 8 30 28 16 20 17 7 10 18 34 13 10 13 30 7 23 23 11 12 26 20 20 19 23 18 20 29 26 23 
26 10 23 17 14 22 21 12 11 14 26 18 22 11 23 9 20 22 17 19 33 23 26 29 37 38 18 21 29 25 
28 11 20 31 15 26 23 23 15 21 25 19 25 10 16 11 23 16 14 17 34 30 31 20 16 32 22 24 19 28 

MachineCapacities:
MachineID Capacity
0 10
1 10
