NumTasks NumMachines NumScenarios
25 4 50
TaskDetails:
TaskID ReleaseTime ResourceConsumption SuccessorsCount Successors...
0 0 1 6 4 7 1 3 
1 0 2 10 3 2 1 3 
2 0 1 6 9 3 1 3 
3 0 4 4 2 2 2 4 6 
4 0 5 9 4 5 1 5 
5 0 1 2 8 8 1 7 
6 0 5 3 4 1 1 7 
7 0 2 8 6 6 1 8 
8 0 7 3 5 5 0 
9 0 5 5 5 2 3 12 13 14 
10 0 2 9 1 9 1 11 
11 0 3 3 10 10 3 12 13 14 
12 0 4 3 7 2 1 15 
13 0 5 6 2 3 1 15 
14 0 3 5 2 2 1 15 
15 0 6 4 9 8 1 16 
16 0 3 4 2 10 2 17 18 
17 0 8 7 10 8 3 19 20 23 
18 0 1 2 3 4 2 19 21 
19 0 9 7 4 2 2 22 24 
20 0 1 10 2 4 1 21 
21 0 2 5 5 3 2 22 24 
22 0 8 7 9 7 0 
23 0 5 6 3 8 0 
24 0 10 2 4 7 0 

36 23 13 8 27 20 40 6 14 31 9 21 24 22 14 22 17 21 18 14 22 24 22 27 20 35 22 28 20 27 25 19 21 14 24 12 16 22 8 12 14 15 32 25 27 10 19 18 23 14 23 17 13 13 12 11 14 31 16 20 22 16 40 9 35 10 14 28 23 22 30 21 14 37 51 16 39 38 14 12 20 34 22 9 27 30 37 18 22 9 17 39 19 19 20 18 34 18 16 8 
35 26 9 11 31 21 28 17 20 33 15 22 18 19 16 22 8 21 15 22 22 18 37 34 12 24 25 20 28 18 30 31 24 22 25 12 29 21 10 11 15 14 21 20 18 9 19 24 32 13 17 15 18 16 12 18 14 25 34 23 33 11 20 10 25 16 14 14 27 26 23 30 15 32 30 24 29 8 8 11 21 26 20 12 18 12 18 33 31 34 17 31 22 28 8 18 14 29 17 10 
48 20 15 15 21 23 29 6 30 17 15 28 22 12 10 18 21 18 14 22 36 23 37 19 19 26 28 24 31 15 20 29 19 16 28 11 19 21 9 14 25 21 24 10 30 6 11 21 27 8 18 19 7 15 13 16 9 26 22 22 34 11 28 11 28 13 16 17 30 36 20 25 18 15 41 20 31 45 21 15 15 21 21 8 17 18 40 28 11 24 28 22 45 7 15 17 28 26 31 7 
17 41 15 12 41 22 25 10 32 28 14 38 22 25 12 18 25 17 7 14 22 26 36 30 24 28 19 27 25 23 16 27 19 8 39 17 16 35 11 13 12 11 15 26 30 13 13 22 24 9 21 20 15 12 16 11 11 20 16 22 23 19 27 13 42 10 8 23 20 25 19 19 11 29 23 22 9 12 10 15 25 42 21 10 14 19 25 26 20 16 30 28 23 14 22 19 14 22 14 12 
17 37 11 11 24 12 38 13 24 34 8 24 20 24 13 18 15 21 13 13 36 24 28 40 17 21 20 31 20 22 29 21 19 17 37 13 24 23 6 17 22 15 28 33 28 21 15 22 28 15 16 19 14 8 11 21 16 46 9 20 36 12 35 6 24 9 15 17 23 30 26 35 12 29 41 25 19 31 11 17 13 36 35 14 16 31 24 30 25 51 20 30 36 19 20 14 27 22 23 10 
37 19 14 9 38 14 34 14 24 21 16 25 37 16 11 26 15 18 14 25 20 28 32 14 24 30 28 32 16 13 19 30 17 18 36 14 28 28 14 13 16 17 17 25 27 15 15 18 25 13 4 13 13 7 9 15 9 28 29 29 47 13 5 7 37 6 13 18 26 20 19 25 12 46 32 16 19 35 21 18 23 45 30 7 23 26 24 27 26 32 28 34 5 21 23 22 30 24 25 12 
34 31 15 10 19 16 23 9 38 26 9 27 15 23 19 15 20 14 12 24 21 15 35 21 26 31 14 35 20 19 21 20 14 8 26 12 25 30 14 14 23 15 20 18 36 14 15 21 20 10 14 15 15 13 7 10 17 25 14 33 14 7 32 10 35 14 13 21 16 43 22 19 13 32 25 21 19 26 13 14 15 30 33 11 20 26 28 17 38 5 33 22 45 25 26 18 13 22 25 9 
33 31 11 14 31 9 30 7 24 24 11 23 16 22 5 25 17 30 11 21 23 21 40 34 21 15 30 36 31 23 23 27 19 18 26 16 12 44 13 19 22 13 16 27 24 20 16 24 27 8 20 10 15 14 11 18 14 20 42 23 32 18 25 8 32 15 20 30 25 20 26 27 17 47 30 19 37 36 12 14 30 31 18 11 16 24 42 28 30 26 42 12 36 18 17 22 29 24 24 12 
17 27 18 12 27 16 30 9 25 32 15 34 13 9 12 19 11 21 13 19 14 14 38 21 24 37 30 25 18 28 15 22 12 11 33 13 28 32 7 16 19 17 24 11 31 10 20 28 12 12 16 17 11 12 4 15 14 30 26 22 26 13 37 7 22 15 15 17 20 19 25 24 14 34 26 15 23 20 13 16 22 8 26 7 15 15 17 36 33 34 30 34 40 29 19 13 23 21 10 11 
22 15 13 14 50 25 25 8 33 31 17 31 20 18 17 18 15 17 14 20 23 31 43 47 21 33 29 37 27 17 30 24 25 19 24 13 16 30 8 26 19 16 28 36 31 11 18 23 16 16 21 12 15 9 16 22 17 33 20 13 48 16 26 8 28 9 18 15 34 32 27 27 14 33 28 31 33 22 14 9 18 22 27 15 25 19 37 21 32 22 25 28 33 23 25 19 7 37 28 9 
24 21 13 6 16 11 32 7 27 21 23 28 8 11 20 26 11 4 8 22 18 26 26 22 19 24 27 35 12 7 14 20 18 10 44 16 25 25 10 12 18 10 16 19 30 15 21 16 21 7 6 17 12 11 10 22 11 25 26 9 19 17 23 5 24 7 17 26 7 19 36 29 14 27 33 28 25 36 13 12 14 28 19 18 21 22 19 23 19 28 17 26 44 24 23 17 33 12 19 6 
29 28 11 10 43 14 24 9 31 34 18 25 14 26 13 18 9 16 15 15 16 15 25 22 21 23 31 19 10 28 22 26 7 24 33 16 24 21 9 14 18 17 27 22 29 13 10 14 19 16 16 10 8 6 8 12 11 33 23 30 22 12 17 9 21 12 10 39 17 28 31 34 9 35 22 20 30 40 12 8 20 17 30 11 16 12 54 33 19 34 17 28 36 25 20 13 27 22 25 13 
27 35 17 18 43 13 25 14 14 36 15 21 26 16 17 17 14 17 11 20 15 27 17 37 11 24 19 21 21 21 23 26 14 17 28 19 30 28 7 9 14 11 20 28 22 15 7 33 15 12 19 12 17 10 11 24 17 38 19 20 47 15 31 11 16 12 19 22 39 25 27 30 13 30 29 18 21 28 14 15 16 19 12 5 23 20 38 21 26 27 28 36 24 21 22 6 22 22 15 8 
26 38 11 11 44 18 16 11 33 24 13 32 14 21 14 23 18 14 20 20 17 29 41 30 25 28 25 24 13 22 26 39 19 21 15 14 7 26 14 14 7 10 26 11 22 12 13 21 8 15 9 14 15 15 11 15 16 41 16 10 35 15 21 9 19 5 11 28 20 22 27 21 14 29 38 14 26 33 14 18 14 14 14 13 21 24 33 35 29 21 19 24 33 9 18 16 19 20 20 10 
30 18 14 9 15 22 37 9 36 24 19 24 8 19 18 20 13 18 11 15 23 36 45 25 10 30 20 28 23 19 29 33 18 19 29 20 12 30 11 17 17 17 28 15 29 22 15 15 13 16 23 12 19 9 9 16 6 28 34 19 24 14 12 13 26 15 9 24 24 37 21 20 15 38 39 17 30 27 13 8 18 38 16 10 23 17 39 25 16 4 24 22 31 14 22 11 33 34 23 8 
29 12 12 15 22 15 39 14 37 21 19 30 16 25 12 17 17 15 15 17 25 34 18 26 12 20 31 26 20 22 18 34 14 10 32 14 17 16 15 13 23 10 28 17 16 16 16 24 25 16 15 14 16 15 9 11 9 23 23 26 33 14 39 2 39 15 14 24 20 33 33 20 16 36 15 16 26 33 9 14 22 8 10 18 27 19 39 26 7 16 27 33 34 21 19 18 46 23 28 7 
37 28 14 13 20 16 28 12 42 22 12 29 24 14 9 24 14 23 14 20 31 30 40 28 20 28 24 32 18 17 27 24 20 15 20 11 8 51 14 9 13 16 26 26 28 8 17 11 18 12 25 17 15 12 12 12 9 20 33 28 17 18 22 7 23 12 20 16 22 16 18 25 15 14 22 27 33 29 16 14 18 36 13 7 13 22 23 36 20 18 23 15 49 24 20 18 44 14 22 9 
35 26 12 7 20 22 30 13 22 28 20 24 23 23 14 12 7 18 12 24 28 17 41 33 17 22 19 19 23 8 14 19 9 24 30 11 27 31 4 18 11 20 4 22 30 14 11 23 19 18 17 17 20 14 1 13 11 34 19 10 26 16 35 11 18 16 9 17 16 29 16 32 13 31 23 20 34 25 13 12 17 12 25 8 18 25 45 15 31 32 29 28 28 28 23 19 12 19 28 11 
36 37 14 15 29 22 22 7 25 34 19 20 19 10 20 18 12 22 18 18 17 18 27 18 24 15 27 36 25 14 20 27 8 8 18 13 19 26 13 12 16 14 21 19 17 18 19 26 30 10 22 13 17 12 9 14 11 11 14 14 32 13 32 14 29 9 15 20 24 10 20 24 8 29 22 16 27 32 16 20 22 32 22 10 30 27 45 28 16 35 30 25 12 16 17 17 30 27 24 12 
25 23 16 9 23 28 23 7 43 37 13 31 16 18 5 24 14 22 8 19 26 11 23 23 11 22 30 26 20 25 9 27 16 18 28 13 20 28 8 17 9 19 29 28 25 19 12 19 29 10 14 14 6 14 10 17 14 32 18 24 30 19 40 12 40 6 12 26 33 34 34 14 11 44 34 25 31 35 6 13 18 32 18 10 15 29 30 8 14 27 28 34 39 22 15 14 35 22 18 8 
13 20 15 10 35 26 26 5 39 23 12 27 17 14 13 22 19 20 16 16 23 32 33 25 18 21 26 25 18 20 36 27 22 12 20 10 24 32 11 17 18 15 28 29 30 12 13 27 19 10 18 14 16 13 10 22 10 25 27 30 15 18 31 10 22 7 15 29 30 20 36 29 16 31 19 27 29 28 10 17 25 13 19 8 19 12 35 34 25 14 20 37 25 24 24 12 41 14 24 13 
33 42 14 12 28 31 32 6 20 22 14 25 21 16 12 18 11 28 10 18 21 33 25 30 18 34 26 29 16 6 22 10 16 18 19 13 20 26 14 9 13 13 18 36 30 13 13 16 29 17 15 21 13 9 5 2 18 25 37 26 20 15 14 10 5 9 16 28 21 21 35 26 11 32 40 26 19 35 10 17 24 39 21 9 18 21 13 25 21 13 36 26 29 17 20 15 30 25 25 13 
42 30 13 15 39 23 34 9 19 26 12 18 13 18 16 21 18 25 9 20 22 24 31 39 14 18 29 19 14 5 17 35 11 12 35 16 15 29 11 13 16 13 25 30 32 13 17 28 22 10 16 15 18 12 5 24 14 9 23 5 35 16 26 8 26 9 16 21 28 28 28 29 12 15 16 13 31 40 14 10 20 22 19 12 27 24 20 22 21 28 26 33 35 31 22 18 30 24 26 9 
39 29 13 12 18 20 17 11 39 36 13 27 22 26 16 23 16 14 13 22 23 20 39 17 21 21 14 38 23 21 26 32 19 15 15 6 18 27 10 13 24 20 33 31 29 22 19 32 19 13 20 17 18 11 8 15 25 38 17 29 13 15 31 9 33 5 8 5 25 24 18 17 15 38 31 25 33 31 11 8 21 33 17 11 17 15 32 19 26 29 20 38 32 16 12 17 35 29 26 8 
16 14 12 11 32 22 29 14 27 41 10 21 18 22 11 14 16 17 13 24 28 44 33 32 14 29 18 41 23 12 18 23 19 13 17 12 40 34 13 13 16 15 32 34 22 17 15 30 16 14 10 13 20 8 13 21 13 27 15 26 23 19 38 11 45 12 11 26 25 25 20 34 14 27 32 24 27 36 11 10 8 29 10 13 20 24 30 29 33 25 32 22 25 26 12 18 47 16 22 7 
21 16 17 6 33 23 30 7 37 37 15 25 28 17 22 18 15 20 9 15 24 30 12 26 13 28 20 26 23 24 22 42 11 17 31 11 18 29 16 12 9 11 6 16 35 17 19 23 13 19 15 12 20 10 9 16 16 26 25 26 32 6 38 12 35 8 21 21 30 29 26 28 11 22 24 18 31 31 12 9 15 25 25 11 8 18 32 29 44 25 11 26 21 23 12 16 12 24 24 7 
31 36 12 8 37 25 27 9 29 38 17 27 24 18 12 18 18 9 13 25 26 20 46 30 20 25 26 23 17 20 34 7 13 12 33 9 21 18 14 10 12 16 16 37 32 14 18 18 21 13 18 7 16 13 13 16 14 25 33 29 26 22 28 10 15 17 17 28 14 20 32 34 8 28 27 25 18 34 12 15 19 32 8 13 14 23 34 22 21 29 23 38 34 10 15 14 40 29 21 9 
34 26 9 16 8 28 21 9 39 19 5 27 17 18 14 26 12 18 16 21 7 26 37 18 6 36 25 18 29 10 18 24 16 18 22 17 21 36 14 13 15 12 21 25 28 14 5 31 20 11 14 16 22 10 8 20 11 28 36 17 39 16 24 7 26 11 14 20 35 28 27 25 18 30 50 29 27 32 14 13 15 35 28 8 19 17 30 21 27 26 13 27 37 13 19 15 43 21 14 13 
31 24 13 10 25 22 23 5 23 22 7 30 18 14 12 21 15 20 12 17 34 33 35 31 17 23 24 25 26 15 28 25 14 16 44 16 19 26 9 12 7 11 34 26 24 15 12 34 27 20 20 14 16 10 7 21 13 22 33 32 33 13 23 5 23 9 13 17 24 27 28 23 19 30 36 19 44 36 9 11 15 35 20 13 21 15 33 24 27 17 26 15 21 18 19 20 24 25 20 10 
23 26 9 13 27 18 28 11 16 24 17 24 23 17 20 20 11 14 12 16 27 29 30 25 18 16 31 23 24 15 8 26 19 8 46 12 19 27 9 17 11 15 24 18 23 19 19 13 21 15 25 15 21 15 12 18 14 22 20 20 15 17 38 9 46 13 14 25 13 23 30 16 16 42 30 20 36 25 8 9 17 31 21 12 24 25 29 31 29 20 35 31 21 29 16 12 41 37 17 10 
7 30 10 7 20 18 18 11 31 23 16 22 22 14 15 33 5 15 13 27 25 26 20 22 16 30 22 27 16 20 10 25 11 4 40 11 19 34 11 14 15 13 19 11 18 7 7 23 20 16 14 12 20 10 13 18 17 16 28 23 35 18 23 8 27 7 20 22 21 28 24 32 14 31 23 31 35 30 19 13 18 32 17 5 24 26 19 27 15 27 33 30 51 30 16 16 11 35 24 11 
34 36 9 6 33 20 37 16 37 25 11 24 25 18 9 17 19 22 10 18 26 23 27 26 14 27 29 18 23 12 30 37 16 5 30 16 38 22 16 10 15 10 27 27 19 18 14 17 20 12 17 13 10 12 11 18 16 38 28 29 26 16 25 11 36 9 8 26 26 26 30 29 15 18 36 25 38 29 14 25 27 27 12 8 19 24 26 32 29 23 27 26 29 14 22 19 20 24 24 13 
30 34 13 14 32 27 21 11 27 19 8 25 22 9 16 18 23 17 9 13 15 36 33 27 17 24 25 19 6 20 28 27 22 19 30 11 28 21 14 17 15 15 30 30 23 13 12 7 17 13 16 20 4 11 6 9 11 18 19 9 29 5 35 9 29 15 13 21 27 26 19 31 10 27 36 24 31 28 12 18 22 25 20 10 16 16 39 32 27 23 30 26 20 18 18 11 35 41 26 6 
21 33 16 12 45 16 35 6 24 30 11 20 18 18 8 20 11 18 13 18 26 14 33 38 17 10 27 36 15 18 24 18 15 18 32 7 19 38 11 14 9 15 13 25 33 21 9 28 31 19 23 17 16 13 15 17 19 25 21 17 42 15 18 9 25 12 22 21 23 30 32 26 16 22 25 24 38 18 15 20 21 37 18 12 21 26 26 22 9 36 39 29 29 16 21 14 36 32 17 11 
40 27 13 9 15 19 37 11 21 36 12 31 20 19 19 17 19 13 15 7 26 39 24 9 23 30 28 23 26 18 26 36 10 13 25 10 22 20 11 16 19 13 19 34 26 6 13 23 17 13 21 13 12 9 7 18 20 26 8 31 31 10 26 8 18 9 8 23 7 32 21 12 12 28 20 17 33 30 12 11 24 30 28 14 23 18 29 20 22 30 28 22 36 13 22 24 32 28 18 14 
20 24 16 3 19 31 35 9 45 39 18 22 20 7 20 21 12 24 13 27 20 31 8 30 14 21 21 33 27 18 17 28 19 18 30 7 16 28 8 16 24 12 30 10 21 21 19 19 34 12 15 18 14 6 10 14 22 28 24 28 37 12 32 4 14 13 18 22 14 29 17 27 16 35 16 6 26 26 18 15 20 24 17 7 27 21 35 19 10 21 22 27 51 20 21 5 23 12 28 10 
22 18 15 16 25 15 21 9 29 40 18 37 19 16 13 16 19 20 13 17 15 23 31 45 19 20 24 22 14 13 21 39 14 9 18 16 23 32 15 9 9 17 21 24 25 20 17 17 11 17 17 11 23 9 13 21 14 17 19 21 26 14 32 12 23 8 9 29 14 33 27 24 11 24 29 25 27 20 11 9 23 38 27 13 23 24 42 29 24 13 20 28 18 27 21 14 28 22 25 10 
40 33 12 9 32 14 28 7 30 17 13 18 23 20 13 23 18 15 10 20 35 9 35 19 15 22 28 36 26 14 20 29 21 15 20 7 22 26 12 11 22 14 20 20 28 21 15 28 35 11 18 12 20 11 12 24 11 19 31 26 15 13 33 7 23 10 24 17 20 25 36 31 10 25 38 16 17 30 12 11 15 17 17 6 15 14 37 35 26 35 31 30 19 24 23 11 33 15 27 9 
29 17 11 15 19 19 29 15 28 33 16 25 34 10 10 15 15 24 13 20 24 40 55 7 13 23 30 19 26 29 22 20 13 11 25 15 28 35 11 14 16 9 18 18 24 17 11 25 22 15 13 9 11 15 14 20 17 46 22 28 32 5 16 14 30 11 5 19 29 29 21 23 14 32 26 19 34 33 13 19 20 31 21 4 18 23 32 16 24 29 28 28 18 26 24 14 21 25 31 17 
19 23 18 12 48 24 29 9 26 34 7 26 17 15 19 15 11 22 16 13 23 23 35 35 15 23 20 30 25 13 16 31 11 9 13 15 20 20 12 13 15 19 20 18 25 16 23 30 16 12 18 19 14 13 13 12 12 31 18 28 40 15 21 13 29 13 13 19 12 29 31 35 14 33 17 24 32 25 14 13 25 23 22 14 18 16 38 31 34 37 27 30 38 21 23 18 39 27 22 8 
32 35 16 10 28 21 24 12 21 29 15 39 14 11 17 21 17 28 13 23 18 10 29 15 20 31 19 40 18 22 27 17 27 11 32 8 5 24 9 10 14 16 22 20 20 17 15 26 23 13 17 12 12 8 10 17 17 24 23 31 32 12 13 14 23 11 12 31 16 27 39 24 13 22 27 16 34 34 9 18 4 19 19 10 13 20 36 33 18 38 20 24 13 22 18 16 24 37 25 10 
37 12 12 14 29 22 26 12 32 36 9 32 34 18 18 21 17 15 12 18 14 29 24 26 21 28 23 18 17 18 22 16 22 17 8 11 23 35 10 14 23 18 26 23 31 17 15 18 23 9 10 19 17 18 7 19 12 21 14 22 23 16 25 12 20 10 9 26 22 16 22 30 9 24 30 19 26 25 7 10 26 27 18 11 21 28 29 28 28 29 17 28 14 38 12 15 20 13 23 10 
31 47 20 16 33 21 23 3 33 17 14 24 21 12 11 26 14 13 13 20 22 25 26 20 14 30 20 14 25 12 29 34 18 24 24 14 16 13 10 13 14 14 26 24 20 9 10 19 10 14 18 17 16 12 12 21 14 26 17 18 36 11 16 6 29 11 13 17 25 31 26 23 12 29 21 21 31 26 15 15 22 27 27 10 21 28 9 26 18 37 16 30 43 22 26 13 25 18 21 13 
36 38 10 14 34 23 29 11 29 35 20 36 22 10 20 28 13 17 13 21 17 27 24 19 11 32 23 36 22 27 22 20 18 16 22 12 23 51 12 11 20 15 23 24 25 19 8 16 32 9 16 10 17 11 12 23 20 14 28 20 35 17 22 9 25 15 17 11 10 29 16 41 16 30 27 13 28 25 11 16 19 29 32 13 20 24 34 28 34 30 35 25 45 14 20 14 33 33 13 12 
26 24 13 14 20 26 36 10 22 25 23 17 8 15 14 21 14 15 13 18 20 30 23 18 13 30 24 9 32 14 26 25 24 13 11 11 17 26 10 12 16 12 17 26 26 11 18 10 32 17 15 15 22 11 12 18 13 21 25 29 32 11 35 6 40 9 12 16 30 29 30 33 13 28 21 10 26 26 14 17 20 28 27 8 26 21 26 23 24 30 28 41 36 25 21 19 12 20 20 6 
33 37 11 15 28 18 28 15 23 40 14 28 17 16 22 15 17 21 13 24 14 25 35 33 14 19 17 25 24 29 25 18 17 12 27 15 27 28 15 21 19 12 20 25 26 11 15 22 18 15 16 14 17 11 11 22 14 21 28 24 33 8 22 14 34 11 11 18 16 22 34 7 12 27 27 21 16 30 6 12 25 38 20 12 20 21 39 38 25 36 26 36 21 31 21 19 21 18 29 11 
26 16 13 9 36 23 35 9 29 41 15 34 16 25 9 23 23 18 13 12 26 33 36 21 7 31 24 23 22 11 27 23 22 26 32 2 27 26 15 19 22 12 26 14 40 17 15 32 16 15 2 13 9 11 8 22 16 22 28 22 40 10 22 8 31 13 12 26 28 35 20 33 13 30 30 29 26 32 11 16 12 38 22 13 35 19 33 11 12 35 23 29 11 23 23 20 27 15 21 8 
16 29 9 8 17 9 13 9 44 19 12 29 25 13 10 30 13 20 7 22 19 19 15 17 20 30 29 22 30 21 21 13 13 20 27 11 14 36 16 16 26 13 19 18 21 13 9 18 26 11 15 11 17 10 7 27 17 23 26 21 33 13 32 3 22 9 18 24 21 32 11 36 11 20 19 24 30 20 8 12 17 34 23 8 18 27 23 26 14 31 35 34 48 23 25 17 31 22 26 11 
19 28 13 12 29 18 20 14 23 18 12 25 4 22 15 17 6 15 9 12 27 19 26 26 24 25 19 25 27 27 17 18 14 13 36 7 28 32 12 9 12 17 28 16 27 20 15 25 20 8 12 12 12 12 8 19 13 19 24 10 32 11 38 12 34 10 12 24 24 33 18 28 11 32 33 7 8 17 12 18 17 22 22 10 13 17 26 12 24 29 24 27 25 16 27 15 29 22 23 12 
26 32 11 10 32 27 28 11 24 35 10 23 27 15 16 16 22 22 17 20 23 32 32 13 27 31 20 20 20 8 2 41 17 15 30 13 27 34 9 11 13 9 26 21 18 15 17 19 21 10 17 9 18 10 10 22 16 25 6 13 43 9 27 13 14 13 16 21 26 21 8 14 17 23 40 15 41 22 11 13 25 42 27 6 16 13 35 19 31 38 21 24 32 24 24 17 35 34 23 17 

MachineCapacities:
MachineID Capacity
0 10
1 10
2 10
3 10
