NumTasks NumMachines NumScenarios
25 4 50
TaskDetails:
TaskID ReleaseTime ResourceConsumption SuccessorsCount Successors...
0 0 5 7 1 2 2 2 5 
1 0 3 4 2 9 2 6 7 
2 0 7 10 10 2 2 6 7 
3 0 7 5 1 5 2 6 7 
4 0 6 4 5 9 1 6 
5 0 10 3 6 3 2 7 9 
6 0 3 2 9 6 2 8 9 
7 0 9 2 6 9 1 8 
8 0 8 7 8 2 1 10 
9 0 8 3 2 8 1 11 
10 0 2 3 4 10 1 11 
11 0 1 10 5 5 0 
12 0 8 4 8 8 2 14 17 
13 0 5 7 7 9 3 16 17 18 
14 0 6 8 6 5 1 15 
15 0 8 5 1 8 2 16 18 
16 0 9 4 5 6 2 19 20 
17 0 4 7 2 2 3 20 21 22 
18 0 2 9 8 1 2 19 20 
19 0 2 7 4 8 2 21 22 
20 0 2 3 4 5 1 23 
21 0 5 8 2 8 1 23 
22 0 6 4 8 2 1 24 
23 0 5 10 4 4 1 24 
24 0 1 2 6 6 0 

27 16 14 24 26 17 29 32 22 26 24 41 27 18 13 12 28 22 14 14 17 35 11 17 3 18 24 39 15 31 12 30 7 9 10 9 26 17 9 27 27 26 15 16 19 25 17 26 28 22 28 15 21 11 25 22 17 23 25 39 19 28 22 14 18 28 24 30 39 14 20 33 19 17 30 26 26 31 22 13 30 17 24 22 32 34 34 16 12 8 13 31 19 13 17 23 26 33 6 17 
36 23 28 33 29 25 28 29 12 30 33 6 35 9 14 11 31 24 8 17 25 13 8 15 12 15 23 27 8 21 13 23 17 7 13 9 22 22 13 36 23 23 18 13 17 24 26 38 34 13 28 20 21 27 19 22 30 27 32 34 13 18 10 8 14 37 24 26 31 9 14 19 22 13 31 17 23 42 14 12 26 36 23 17 28 16 18 13 10 13 28 18 26 15 9 23 22 27 18 12 
25 31 27 24 22 17 35 27 20 23 28 30 36 24 13 15 31 21 13 12 24 22 18 18 13 13 22 39 14 36 11 18 14 9 3 10 25 14 13 17 26 31 9 10 15 24 18 23 17 13 25 27 8 19 14 37 19 22 22 31 22 23 13 14 12 14 43 38 46 14 20 30 21 14 13 31 26 31 23 10 20 26 24 19 10 23 31 12 7 12 30 12 36 20 15 49 28 26 16 20 
29 21 24 26 28 20 6 26 12 19 44 40 18 29 14 9 24 29 12 18 23 33 15 13 10 13 18 29 13 30 11 4 26 10 15 9 27 28 13 45 30 16 14 17 15 19 21 30 30 16 26 24 20 20 10 27 28 18 38 30 12 34 16 6 16 25 33 27 20 10 28 33 34 6 40 13 22 23 27 6 27 27 22 15 31 25 31 11 16 15 25 20 25 16 14 19 28 34 14 30 
22 22 19 29 28 16 22 29 21 17 30 31 49 15 13 10 25 33 15 16 22 25 24 11 7 28 22 21 12 29 12 22 9 11 10 14 23 18 17 34 40 39 13 15 19 27 20 20 18 19 24 20 17 19 9 24 24 21 24 40 21 31 35 9 14 20 47 44 37 9 23 34 31 15 25 20 43 32 28 10 31 23 20 25 31 14 37 11 11 8 21 27 32 20 13 19 36 21 18 17 
43 13 21 18 26 23 43 16 16 30 20 16 37 15 17 16 38 18 7 22 27 17 10 8 9 6 21 31 14 34 17 18 19 9 10 10 24 17 15 29 21 30 15 9 17 24 16 24 25 21 20 28 14 9 19 24 19 43 21 23 20 23 17 10 11 11 17 15 27 15 25 18 28 10 33 17 33 36 14 7 23 22 29 8 22 19 26 14 14 11 15 29 43 16 15 36 35 18 9 17 
28 16 16 20 18 24 41 28 21 43 28 27 38 15 9 9 29 22 10 16 24 35 23 15 8 23 15 30 11 37 15 19 11 12 10 9 30 14 11 26 25 31 18 11 18 14 19 25 11 17 31 23 14 25 9 8 24 39 29 31 14 26 26 5 14 21 22 12 26 14 26 36 24 4 26 29 24 21 21 9 31 23 23 21 41 16 41 6 12 17 16 26 31 17 13 34 20 17 17 20 
37 26 22 25 21 28 17 42 9 25 31 33 47 32 17 11 47 25 14 22 31 25 13 14 11 30 22 27 10 33 16 31 15 9 7 11 24 14 12 20 23 28 20 17 13 26 20 22 15 22 35 22 20 23 19 24 26 34 24 31 21 28 12 11 14 26 33 27 40 12 25 19 33 10 30 15 35 32 20 14 31 31 34 20 30 31 21 12 16 15 20 22 26 16 13 34 29 18 11 19 
27 15 15 29 12 21 30 24 18 33 54 37 53 23 13 11 40 34 8 15 33 19 21 17 8 19 24 19 9 20 11 20 15 11 14 9 25 18 15 31 27 33 14 12 9 19 9 30 24 20 12 13 17 17 12 18 10 14 29 32 11 27 21 8 13 33 35 18 40 3 24 13 26 7 30 10 14 35 18 13 17 19 19 16 31 14 40 17 13 13 5 13 23 17 7 30 42 23 15 36 
26 21 35 28 25 22 16 42 29 22 23 37 34 23 12 11 37 33 12 22 26 32 20 7 7 22 17 33 17 26 4 20 19 10 15 9 23 25 17 35 29 11 13 13 25 18 18 21 26 15 27 23 17 22 17 31 28 22 23 39 19 31 17 8 13 38 39 24 27 6 18 37 7 9 28 17 35 26 18 14 22 14 14 16 13 29 27 11 12 18 20 11 35 11 14 17 31 13 14 15 
19 15 31 40 22 16 30 19 17 29 36 27 23 7 14 13 35 30 15 14 18 32 15 17 10 21 27 32 6 13 7 15 23 12 9 9 13 14 20 23 18 37 10 18 15 18 19 30 42 13 35 21 16 23 14 27 20 15 24 24 17 28 21 8 17 30 36 28 53 11 28 11 31 14 23 28 13 19 24 8 20 21 41 14 38 11 35 14 11 11 21 18 35 13 16 24 28 24 16 26 
35 28 30 30 20 26 38 35 16 37 16 30 24 9 13 12 11 20 12 14 11 16 21 12 9 11 20 26 9 37 13 31 18 5 7 10 25 14 14 26 13 12 16 16 26 25 26 17 22 18 21 17 17 35 11 32 23 35 24 29 14 28 15 9 17 27 26 32 35 7 21 14 23 8 32 25 36 32 11 10 35 17 27 13 23 23 36 16 14 11 17 17 30 16 13 32 19 23 10 30 
24 21 26 18 25 28 27 32 16 27 19 41 47 19 9 13 28 17 11 23 14 27 13 16 10 19 13 26 10 23 6 10 11 10 7 8 32 22 15 31 27 20 12 16 25 17 20 20 30 11 17 16 19 32 17 30 30 40 24 21 12 31 18 9 12 29 33 34 28 19 34 25 25 7 18 19 30 22 19 8 23 18 22 18 20 21 28 15 17 12 26 23 20 15 14 24 38 31 16 21 
28 29 29 29 17 9 22 48 20 26 39 35 22 8 15 12 34 16 11 18 17 19 16 14 9 27 24 35 15 21 18 26 21 15 8 14 18 23 14 27 21 20 5 13 21 38 9 41 34 24 27 21 10 20 17 23 19 29 22 33 16 20 23 4 15 38 29 31 7 12 30 20 27 7 34 23 22 35 16 10 24 21 17 14 21 25 12 9 12 10 17 21 39 18 10 21 25 30 16 17 
24 25 44 20 23 21 21 35 21 17 27 15 45 16 12 9 38 25 8 20 17 27 11 9 10 22 28 32 8 27 13 15 9 11 13 7 23 19 10 36 29 28 18 13 12 26 13 21 24 20 28 14 17 26 19 31 16 28 27 25 18 31 26 9 10 27 38 28 34 12 9 17 15 14 21 24 19 22 13 9 21 31 18 23 29 26 27 12 17 14 29 24 31 14 18 29 24 26 12 18 
20 29 23 36 22 21 31 18 23 30 24 36 30 31 12 12 30 25 6 25 17 31 20 17 11 16 16 24 12 22 8 27 26 9 18 2 28 9 19 22 28 29 7 11 9 32 26 11 24 24 25 24 14 28 16 22 32 36 32 44 15 18 22 9 20 21 30 24 31 13 11 36 29 9 24 22 24 10 25 11 34 23 21 12 33 19 15 12 21 13 14 15 21 15 19 22 27 25 21 20 
29 18 17 32 20 26 28 23 28 15 29 35 27 25 12 14 22 29 7 19 26 8 6 12 5 20 18 14 12 36 10 24 5 9 15 14 30 15 11 25 21 29 12 14 21 20 21 27 22 25 32 18 14 20 12 13 28 26 15 34 23 17 19 10 13 34 13 47 21 12 5 21 15 8 20 21 18 36 23 13 26 11 22 29 28 24 20 11 15 13 23 14 33 15 9 24 18 19 19 22 
29 14 32 26 29 26 27 29 20 23 23 31 18 21 17 13 30 19 13 15 3 27 11 14 7 15 25 17 10 20 6 16 17 15 15 7 25 19 13 18 33 9 18 14 15 19 25 23 31 17 10 19 28 19 11 20 34 32 25 35 11 35 32 7 13 28 34 33 36 12 21 27 25 9 33 18 26 48 14 8 33 27 31 24 25 31 37 13 16 6 23 19 37 19 6 21 20 25 18 28 
18 27 24 23 23 16 31 35 37 35 29 39 44 15 14 13 21 15 14 17 15 24 11 14 12 28 27 30 14 18 16 24 7 7 12 14 25 24 20 29 20 25 13 12 24 10 21 36 24 19 23 24 9 15 13 23 26 36 19 36 20 28 23 12 14 32 36 36 29 10 24 15 23 7 30 22 17 38 26 8 21 24 26 11 29 43 31 14 14 10 24 25 35 23 15 30 37 25 12 21 
30 19 25 34 23 21 38 34 21 23 44 32 29 28 10 10 36 26 14 22 22 31 19 15 5 14 26 33 10 12 15 26 11 14 12 16 25 13 22 21 25 18 13 15 19 22 22 36 21 2 31 21 12 23 13 28 33 42 16 34 10 14 30 6 18 35 31 17 22 6 23 19 24 9 23 29 24 30 24 8 27 20 18 26 40 9 32 5 15 19 20 16 33 17 11 12 40 27 4 15 
18 20 26 20 19 31 40 36 17 11 33 30 33 28 7 12 20 18 8 22 21 36 14 18 8 23 29 23 16 32 10 28 15 8 15 13 16 27 20 33 27 32 15 10 17 21 24 32 24 14 31 26 7 22 22 22 9 28 39 41 22 30 19 13 17 16 27 21 25 14 15 28 19 1 35 25 23 13 25 6 45 31 22 26 20 27 44 12 12 13 16 17 33 15 16 34 18 23 11 6 
20 28 23 27 14 22 18 25 15 9 25 21 28 14 12 18 32 18 12 21 22 30 13 11 9 10 17 23 5 32 6 11 19 6 15 12 32 23 11 23 31 33 16 10 25 15 13 31 23 20 22 22 23 15 24 34 26 33 13 27 15 56 8 7 8 31 24 32 27 14 16 23 25 10 28 23 22 27 18 9 25 15 29 14 33 18 16 18 11 7 25 22 26 18 17 31 20 26 17 13 
31 20 29 25 26 30 49 23 20 30 37 42 33 10 7 14 28 31 7 20 27 28 18 11 15 15 24 19 7 24 3 17 17 7 13 4 18 11 12 27 34 31 13 11 15 26 15 37 21 12 13 23 19 25 15 23 27 18 19 17 18 20 19 10 9 38 9 20 19 11 23 28 21 7 49 29 23 22 24 4 29 20 25 14 17 21 19 13 13 14 30 27 30 18 12 32 16 19 13 13 
22 8 23 28 22 23 35 36 25 16 42 26 31 21 10 13 42 13 12 20 20 30 10 8 11 18 19 11 12 21 17 13 26 9 9 14 26 21 18 25 11 29 15 12 16 25 12 28 21 17 24 20 20 17 8 17 30 19 29 33 12 23 25 8 14 23 48 40 25 10 31 23 21 12 31 25 32 24 14 14 23 20 33 26 29 14 21 10 18 13 21 12 20 13 11 27 24 26 16 20 
28 11 25 12 24 13 15 29 18 20 21 24 46 10 14 13 13 25 12 24 21 22 11 12 9 28 15 19 15 28 11 18 11 5 16 10 25 13 13 39 30 36 19 15 32 24 12 32 21 10 26 21 20 14 13 28 17 37 30 12 22 26 22 12 13 12 28 42 24 9 28 26 32 13 34 18 26 26 24 8 11 20 13 12 42 17 21 8 20 13 11 28 20 21 15 34 26 14 21 26 
17 19 20 15 25 17 23 27 12 23 21 13 38 9 13 15 35 34 9 29 18 20 18 11 16 21 20 18 12 21 19 13 12 8 12 6 29 18 24 35 25 26 8 18 10 16 15 33 26 23 33 22 13 22 7 29 28 16 26 34 25 35 21 6 10 38 16 54 23 15 23 27 20 5 34 23 23 33 16 10 33 15 18 17 25 25 39 8 23 12 17 23 28 17 19 31 29 23 17 11 
42 21 40 38 33 23 40 26 12 34 28 10 40 18 10 7 38 19 11 18 18 21 17 18 10 30 24 26 11 22 8 28 26 8 14 14 28 30 10 32 28 26 7 12 16 30 6 24 20 25 33 25 13 15 17 23 16 25 23 33 21 38 19 11 7 31 33 15 26 6 36 35 24 12 31 14 33 37 19 12 28 27 19 16 21 25 24 14 12 9 18 21 31 19 14 36 26 35 16 15 
30 14 16 27 28 21 31 35 14 26 38 36 35 14 12 4 41 26 11 22 35 24 15 12 10 6 16 24 15 13 8 23 7 15 7 8 21 13 13 13 19 10 12 12 21 22 15 13 23 21 19 20 23 12 10 20 33 14 26 35 7 8 21 8 13 30 28 29 45 17 24 16 33 9 24 26 17 30 21 8 40 14 26 3 50 16 28 12 12 17 24 32 34 22 11 17 39 35 18 11 
26 29 33 12 25 14 29 25 12 29 27 27 25 8 8 12 39 24 15 19 26 27 15 10 11 16 32 22 11 33 8 20 15 12 9 8 19 11 16 35 36 23 12 16 28 19 16 29 27 15 28 27 20 25 11 30 20 24 27 34 12 26 13 7 12 25 32 40 26 8 24 34 14 13 33 24 29 37 16 8 20 21 38 22 46 25 28 13 18 10 19 25 34 15 15 26 23 19 17 24 
25 21 34 21 22 15 35 33 20 25 31 24 27 19 5 13 21 29 8 23 14 25 18 14 14 20 12 26 13 24 5 19 27 15 10 6 17 17 18 16 33 27 10 14 18 24 24 29 27 21 24 15 12 28 16 21 25 25 39 24 12 22 21 5 10 14 38 36 10 6 27 28 25 8 33 24 44 7 22 11 32 20 28 24 31 19 16 13 15 10 7 23 36 24 13 11 34 23 11 25 
39 12 22 21 25 14 22 21 28 26 38 37 29 28 11 12 38 25 16 17 18 18 19 16 13 27 26 44 16 27 6 31 16 16 11 13 23 24 18 34 25 25 11 18 27 28 14 28 20 21 22 3 20 22 11 40 18 28 22 15 20 27 15 13 15 29 36 16 41 12 20 17 26 4 34 33 41 38 22 15 31 16 18 15 27 26 41 10 15 12 18 27 28 18 16 40 24 34 17 28 
40 19 24 25 29 21 39 18 26 16 35 27 44 16 10 6 47 28 10 16 27 27 16 12 11 17 28 41 15 28 14 15 23 15 13 8 25 11 20 23 27 13 11 11 22 18 18 28 11 22 26 31 19 14 10 26 17 16 25 34 25 31 24 9 12 29 29 22 26 11 25 30 29 9 35 15 22 28 20 15 28 28 19 23 27 18 24 9 8 5 10 26 31 12 18 43 24 16 19 19 
25 13 21 12 15 24 24 29 23 25 28 43 17 24 13 8 20 21 11 19 19 21 17 13 12 8 22 29 11 30 9 25 12 10 9 15 20 19 17 32 32 11 27 8 19 9 24 25 35 11 19 14 16 34 14 34 26 35 22 32 19 14 21 15 13 28 20 29 13 10 18 27 30 11 29 23 20 30 25 7 25 19 23 11 42 18 36 9 19 13 27 14 42 15 17 24 27 25 15 25 
42 14 22 34 27 11 48 17 22 31 30 32 27 20 12 15 32 19 10 21 27 26 24 5 2 24 17 21 7 19 9 16 19 8 10 12 35 20 18 21 23 25 21 10 11 15 14 24 18 25 18 28 17 23 15 34 6 38 28 28 14 24 27 9 19 32 22 39 23 7 21 25 30 7 26 34 30 33 13 11 26 23 25 24 17 19 23 11 16 8 20 22 32 23 15 46 23 26 16 29 
21 19 25 18 32 33 51 29 18 16 39 40 45 22 9 19 29 32 14 19 21 23 23 22 13 38 23 26 11 24 13 24 14 13 11 10 25 9 11 34 8 23 10 15 21 42 13 40 12 12 20 12 17 28 10 11 24 26 19 9 22 42 20 14 16 31 35 30 39 15 33 22 33 6 23 26 42 9 20 9 38 26 21 10 30 14 24 11 16 14 18 23 31 13 14 49 23 28 5 14 
13 16 19 30 21 22 19 45 22 30 22 38 48 22 14 20 22 27 13 18 20 18 17 16 9 13 16 41 12 30 7 25 18 14 13 8 26 7 8 34 31 30 17 15 21 17 22 31 19 9 24 25 8 13 16 19 30 34 24 21 9 17 10 13 8 42 21 40 34 15 27 17 34 20 38 29 31 26 17 10 25 21 22 20 36 23 20 7 19 6 25 18 22 15 16 27 27 20 15 10 
24 12 21 27 17 22 30 30 13 18 20 26 33 20 16 11 30 30 14 18 10 25 7 16 8 20 16 39 18 32 10 22 19 5 12 10 23 18 15 22 31 23 6 10 21 27 8 23 30 29 34 21 12 19 11 18 22 32 32 28 11 31 6 13 18 25 32 21 33 13 20 37 22 7 14 25 23 30 23 5 32 31 16 17 32 27 31 7 17 11 24 19 30 18 13 35 26 16 8 21 
29 25 35 33 25 20 30 22 20 16 16 34 32 16 12 6 34 28 13 17 27 23 13 9 16 23 22 26 13 24 9 14 23 9 10 11 25 29 18 16 31 31 10 12 19 16 16 14 35 16 19 20 16 9 6 28 22 28 33 16 21 25 23 10 13 26 32 15 33 8 34 35 36 10 21 34 20 29 19 9 26 22 33 13 28 25 19 15 14 9 19 33 40 9 16 33 23 32 5 25 
32 18 29 37 23 8 38 38 16 22 39 53 28 23 7 11 37 21 15 26 17 27 18 12 10 12 25 32 10 20 12 29 13 9 12 6 24 15 26 31 35 33 9 14 17 15 15 24 30 13 20 23 10 12 13 23 21 32 43 9 25 27 21 7 15 26 27 33 12 6 24 17 27 12 20 26 39 13 27 10 37 25 27 23 50 21 21 10 10 8 31 26 24 24 17 25 25 31 14 25 
35 13 25 13 29 20 36 16 24 3 13 31 36 28 10 11 35 19 17 12 17 21 17 12 15 30 28 48 12 26 5 31 7 15 13 13 22 20 12 34 20 31 15 12 18 6 24 24 22 21 36 11 13 12 16 29 27 22 25 16 17 25 12 8 15 37 31 35 37 5 30 31 28 5 33 23 26 18 18 11 34 16 32 18 14 19 23 10 15 12 17 12 30 16 13 30 27 31 18 21 
32 21 21 27 29 22 33 37 22 29 38 49 27 17 16 20 46 30 16 16 21 17 18 12 10 22 16 25 8 30 12 13 17 6 12 13 14 22 14 24 40 22 10 9 14 22 12 30 33 22 32 24 18 29 12 29 24 26 20 27 13 11 29 14 12 26 30 30 30 10 29 43 28 13 41 26 33 25 22 16 23 19 34 10 45 28 32 11 20 10 31 20 18 16 11 34 36 25 15 21 
36 20 29 10 27 19 19 11 18 34 33 33 27 18 13 14 38 36 11 14 30 27 14 12 15 24 21 32 7 30 8 17 4 13 15 11 34 24 18 32 20 28 13 9 15 2 24 15 32 27 37 33 14 28 17 40 41 38 23 39 12 33 13 8 15 31 21 14 32 13 22 30 23 7 23 17 22 24 24 10 54 20 17 24 36 19 38 12 12 15 25 25 29 26 16 31 15 28 21 27 
25 20 27 26 19 17 40 30 21 24 25 14 40 8 10 12 17 32 12 17 22 27 20 7 15 27 27 31 13 29 10 22 22 12 11 10 23 13 13 33 23 31 20 15 22 14 19 31 25 14 26 10 26 25 12 30 30 22 23 25 12 25 24 6 13 35 40 36 22 7 15 22 28 10 24 32 22 31 18 11 31 27 17 17 28 20 30 14 12 10 10 12 18 11 13 40 24 24 17 30 
18 24 24 27 23 26 19 22 16 14 33 28 41 10 7 16 34 32 16 25 15 24 9 9 13 24 25 24 12 22 6 23 22 10 10 14 20 12 14 10 28 24 15 13 19 15 22 16 20 24 36 31 15 20 22 22 15 23 37 27 13 17 22 6 14 32 29 30 26 10 29 25 34 17 25 17 33 39 19 16 28 20 20 11 33 22 25 16 21 10 23 19 37 25 16 25 29 33 19 19 
27 12 31 21 23 17 28 32 19 22 39 25 33 12 6 10 32 32 12 23 13 16 18 11 13 26 16 45 10 32 3 25 15 14 13 7 13 20 12 34 20 25 12 12 4 14 15 8 22 19 25 27 17 18 10 30 25 29 9 42 21 30 13 9 11 16 33 27 26 10 39 20 33 10 28 19 12 38 26 12 17 31 30 19 29 29 39 11 17 13 21 34 26 13 11 23 20 28 13 22 
35 21 22 42 27 21 38 36 12 28 22 40 35 32 14 7 32 22 10 17 11 30 7 20 9 26 14 30 9 22 15 22 20 12 14 9 16 20 17 37 13 26 11 14 20 12 19 18 26 19 26 16 22 27 16 26 22 34 25 26 20 29 18 8 14 25 38 35 33 9 28 24 13 10 34 29 23 25 10 9 39 23 29 11 26 25 31 18 9 10 26 19 34 25 16 45 19 31 9 16 
22 16 25 25 28 23 28 26 28 16 31 18 29 32 11 16 36 24 14 26 26 20 14 12 11 15 18 31 11 20 9 20 18 14 14 5 27 12 17 32 38 18 16 13 22 17 18 27 40 24 27 20 15 18 16 19 23 15 21 29 16 26 20 8 13 27 29 27 16 18 22 22 16 10 36 24 39 26 22 11 28 21 21 16 32 16 28 8 17 8 25 31 28 25 9 29 24 33 12 17 
47 16 25 18 17 21 37 39 19 25 28 20 27 12 9 11 39 20 11 13 24 21 20 18 12 17 24 14 18 22 11 28 17 17 9 9 29 24 14 31 33 25 14 14 14 23 15 27 23 18 38 28 24 14 15 32 23 19 34 35 14 29 19 9 12 20 31 39 33 4 20 23 21 8 36 28 19 35 23 10 26 25 30 19 16 9 30 14 27 9 18 26 29 23 18 28 15 22 15 18 
23 18 14 26 35 27 14 41 15 27 27 38 26 31 10 12 36 23 13 22 25 18 14 5 5 24 20 28 12 25 12 12 24 10 16 9 23 10 16 26 29 24 14 13 28 24 21 30 19 21 17 23 14 20 7 33 39 21 22 39 8 28 16 16 13 20 16 14 34 9 18 16 28 7 30 8 17 27 24 13 25 23 27 17 35 32 20 6 16 13 18 19 34 15 11 32 33 27 9 15 
31 28 17 20 35 29 49 18 30 21 17 33 32 22 5 12 35 30 10 23 25 25 21 12 11 15 28 31 11 25 15 22 18 10 12 12 12 20 17 29 28 24 11 13 17 12 16 37 40 22 24 23 12 21 15 20 29 36 10 33 14 17 13 6 13 21 34 22 39 8 30 30 30 11 41 22 32 43 26 10 25 35 11 19 22 19 21 15 12 17 26 15 23 15 18 30 33 26 11 14 

MachineCapacities:
MachineID Capacity
0 10
1 10
2 10
3 10
