NumTasks NumMachines NumScenarios
25 4 50
TaskDetails:
TaskID ReleaseTime ResourceConsumption SuccessorsCount Successors...
0 0 3 8 3 3 1 2 
1 0 1 7 3 3 1 2 
2 0 3 7 7 10 2 3 4 
3 0 10 2 8 9 3 5 7 8 
4 0 9 7 5 2 1 8 
5 0 5 4 6 4 2 6 9 
6 0 7 7 8 4 1 10 
7 0 5 2 7 1 2 9 10 
8 0 3 8 7 6 2 9 10 
9 0 4 2 4 3 0 
10 0 4 9 7 3 0 
11 0 7 5 9 10 2 19 20 
12 0 7 10 2 2 2 14 16 
13 0 6 9 3 4 2 17 18 
14 0 7 8 10 4 2 18 20 
15 0 7 2 6 4 2 19 20 
16 0 10 5 2 3 2 17 20 
17 0 8 3 6 2 1 19 
18 0 6 10 6 3 1 19 
19 0 5 8 6 8 2 21 22 
20 0 7 2 7 4 2 21 22 
21 0 10 3 5 8 2 23 24 
22 0 6 1 4 8 1 24 
23 0 9 4 9 2 0 
24 0 7 9 7 3 0 

34 13 24 15 9 15 16 13 15 10 10 17 17 19 14 17 26 29 26 17 40 30 22 12 30 20 17 22 20 23 20 22 16 24 21 25 21 21 18 23 8 33 21 29 25 16 26 15 19 26 26 21 17 23 14 14 11 11 22 23 39 17 22 20 16 39 34 24 29 24 20 34 31 14 24 16 15 8 22 23 22 23 26 39 12 21 13 38 19 9 13 19 30 15 16 15 34 24 36 20 
14 11 10 21 13 10 26 11 18 8 18 10 18 22 10 7 26 25 26 16 36 34 22 20 28 18 6 6 20 33 21 23 17 23 14 20 8 20 12 24 15 27 13 29 21 10 18 7 26 23 17 11 19 15 8 14 23 12 39 28 35 14 23 20 16 40 31 21 23 18 27 26 7 15 16 20 17 20 21 32 23 36 27 28 3 36 9 36 9 15 7 2 36 7 10 13 25 8 25 20 
26 6 26 13 16 13 35 11 13 19 25 11 36 18 9 12 13 29 35 11 32 40 19 22 16 13 8 28 16 38 23 24 23 27 29 48 20 19 12 19 12 42 26 19 27 13 20 12 25 37 20 19 19 28 22 13 13 8 22 39 25 8 30 12 9 27 24 35 25 16 20 35 27 16 10 12 20 21 24 21 21 27 25 26 11 23 10 24 7 13 8 16 13 14 12 20 22 23 39 20 
26 10 6 14 13 10 29 9 25 7 26 19 18 24 11 12 16 28 42 9 36 24 18 17 24 15 15 14 19 21 15 18 21 23 16 32 15 30 10 23 14 36 14 20 19 14 12 9 15 28 18 14 12 26 13 21 18 7 20 20 25 10 26 9 18 29 36 31 32 17 27 20 24 19 18 35 14 21 18 21 11 24 17 26 11 37 13 29 13 15 8 17 32 18 13 20 31 33 28 18 
20 12 12 16 13 7 34 12 13 14 34 17 28 22 9 12 21 27 40 14 25 21 23 6 20 17 12 24 17 20 15 22 20 15 26 19 15 11 18 27 13 41 15 30 12 12 15 14 18 25 21 15 19 10 27 14 19 14 9 29 44 22 30 24 13 18 19 30 16 12 39 23 18 18 18 26 21 16 27 28 20 14 28 27 15 34 11 29 8 16 11 41 31 11 18 18 32 25 2 16 
23 10 29 19 20 13 27 14 16 15 26 11 23 25 7 17 28 22 21 5 37 24 17 16 24 23 20 23 19 33 22 22 22 16 13 24 29 20 16 29 7 48 18 16 17 10 17 12 20 31 18 13 23 26 9 17 13 9 30 21 24 18 32 23 11 29 33 45 22 13 34 16 24 11 26 20 27 17 22 26 21 24 13 48 8 32 11 31 7 10 9 28 30 13 15 16 12 22 26 15 
31 11 14 18 21 9 36 5 24 17 7 21 17 29 9 8 23 23 36 13 23 45 27 22 18 16 14 27 14 26 21 30 17 29 14 16 16 14 20 22 9 14 14 24 21 9 11 13 20 24 17 8 16 22 21 5 14 13 29 34 26 19 16 20 14 31 22 24 15 26 40 26 25 13 12 25 22 17 22 30 33 16 25 41 2 27 11 47 6 9 5 35 20 9 11 19 29 15 18 12 
22 12 23 15 15 7 30 9 24 10 25 20 23 18 5 16 21 23 44 14 34 45 21 19 18 21 22 22 19 20 22 19 17 25 21 39 25 7 15 27 12 23 22 25 13 11 17 8 10 14 12 24 17 12 23 14 18 7 24 25 36 13 27 10 9 20 23 30 28 26 30 31 25 15 10 22 3 20 13 25 31 19 12 35 9 20 8 44 13 12 7 39 40 11 11 14 19 6 24 13 
36 8 25 25 18 11 28 8 36 6 30 17 26 27 14 13 27 24 36 14 28 12 12 17 19 18 17 18 13 33 23 28 8 28 22 32 11 13 10 27 9 45 12 25 13 16 13 9 25 25 24 26 17 6 14 8 13 10 24 30 26 14 21 20 16 14 24 34 21 20 18 43 18 16 16 30 18 17 26 32 26 24 13 35 5 21 11 31 12 11 11 31 44 13 17 17 26 14 30 12 
17 11 21 19 13 10 21 14 25 14 30 9 34 29 10 10 31 22 28 12 21 28 20 22 27 14 16 14 10 41 17 30 16 33 11 30 27 27 11 13 13 25 17 19 13 18 17 8 12 26 18 13 24 19 18 7 16 9 40 23 40 12 26 16 20 36 17 24 21 20 46 24 31 9 15 30 13 16 22 31 26 31 25 23 15 30 13 32 15 20 15 37 33 8 12 23 29 13 27 15 
20 12 25 22 20 10 24 14 29 12 15 17 16 32 8 12 30 33 45 17 31 30 21 22 11 18 16 23 9 36 7 29 11 19 10 28 34 10 15 23 17 35 12 18 17 16 26 9 25 20 16 13 16 15 14 9 12 5 39 22 43 15 26 22 14 34 20 29 12 16 43 25 30 10 12 11 26 21 24 28 22 32 31 26 9 27 10 22 12 18 9 27 11 13 13 14 34 13 25 17 
20 7 12 22 20 12 33 13 23 13 26 21 13 19 17 13 24 41 28 9 42 33 11 18 22 26 7 27 9 19 19 20 25 20 14 28 22 19 10 24 7 37 17 17 16 12 12 9 17 24 26 23 21 13 18 17 13 6 17 29 38 21 27 13 19 30 28 31 27 16 25 34 35 19 11 19 16 19 36 28 13 23 21 11 10 5 12 16 11 17 8 38 26 8 6 17 27 21 28 16 
18 9 32 24 14 8 32 16 21 11 15 17 19 24 13 10 9 20 44 9 18 37 20 12 23 22 13 19 12 37 20 22 22 29 10 28 10 20 10 17 11 36 18 28 17 12 17 8 15 26 12 20 18 12 25 13 14 10 20 33 21 18 28 18 11 39 22 29 15 22 36 28 34 21 9 33 29 17 32 18 14 26 21 22 4 15 10 23 12 11 16 25 30 16 17 18 24 23 21 15 
25 5 18 21 6 10 25 15 21 17 12 22 24 25 11 10 20 40 25 14 19 29 27 5 22 17 16 23 16 20 19 10 13 23 23 23 18 12 13 18 12 20 16 25 17 14 21 10 25 25 22 17 13 15 18 11 10 11 11 15 32 22 25 15 11 18 20 19 23 20 13 26 37 17 14 27 18 25 23 20 25 33 23 36 13 38 7 31 11 7 8 39 34 12 9 17 8 23 23 14 
29 7 20 20 21 10 28 13 19 16 20 7 30 17 16 12 25 44 32 11 34 34 26 10 18 17 17 12 18 25 7 24 9 16 15 21 19 15 13 20 6 30 26 29 18 14 11 14 17 6 22 29 28 7 20 4 13 17 22 25 25 16 19 15 14 29 23 32 10 18 31 32 42 14 20 21 30 21 25 29 22 26 23 18 6 38 8 30 9 10 9 35 16 14 10 9 19 18 23 8 
25 8 21 19 15 11 22 12 29 17 25 15 21 9 13 16 17 39 18 12 24 19 19 16 13 16 23 11 13 41 24 20 14 25 19 36 29 13 15 14 12 32 25 23 11 10 19 5 13 18 14 17 20 23 14 20 20 9 33 27 27 21 36 15 20 38 27 16 19 24 27 18 30 13 14 29 25 12 10 17 18 13 27 26 9 19 5 31 11 14 10 39 23 10 11 17 25 15 34 11 
21 14 26 19 13 14 27 10 18 11 25 21 20 28 11 5 18 26 25 14 35 28 17 19 26 20 16 22 23 20 19 27 20 24 21 28 23 24 7 20 16 8 13 14 11 8 23 8 13 19 22 19 20 24 15 12 16 11 26 24 14 13 27 16 15 27 33 24 23 20 24 30 40 17 8 21 24 22 23 23 21 27 26 34 6 35 8 38 11 15 5 29 35 12 17 12 9 17 13 14 
34 3 11 16 20 12 23 14 23 12 22 16 22 29 10 11 19 30 54 10 16 22 32 12 20 16 19 18 11 35 13 27 12 21 16 48 12 17 17 21 9 29 9 16 20 16 11 10 21 24 25 18 18 26 16 14 14 11 17 17 31 22 35 12 16 38 22 42 22 21 30 33 24 12 19 28 31 28 18 36 22 34 19 49 10 16 11 36 10 12 11 20 15 8 12 15 30 23 26 14 
34 10 19 25 14 9 29 14 16 15 17 10 21 28 11 12 11 23 39 13 19 30 20 21 14 14 19 21 17 19 15 21 17 19 14 27 19 20 13 28 10 39 20 23 15 14 8 12 20 27 14 18 13 17 17 19 18 6 29 21 29 16 18 14 13 28 28 17 25 18 30 18 27 19 14 18 24 13 10 31 10 30 26 26 12 25 9 28 16 15 6 33 25 14 16 19 29 24 29 16 
27 11 29 12 9 10 25 13 19 7 21 22 8 23 9 8 17 31 39 6 29 16 18 19 17 22 15 17 10 14 18 21 23 17 17 27 32 24 21 29 14 20 16 25 17 14 19 10 9 27 18 20 25 23 13 18 14 14 27 13 18 27 20 17 13 25 10 33 28 16 32 17 25 17 10 30 28 22 29 29 28 16 4 25 10 21 7 34 13 10 9 31 28 13 14 17 16 14 27 18 
31 7 20 23 15 12 36 11 21 22 20 12 8 10 13 12 15 29 22 10 17 20 16 11 24 12 18 26 15 23 10 17 14 16 15 38 22 31 17 17 13 13 14 26 22 17 17 8 13 29 20 24 17 16 15 11 9 8 34 25 29 22 21 15 16 34 26 22 13 12 28 34 27 13 18 23 20 20 27 41 18 23 19 22 7 43 8 9 11 17 5 26 24 12 14 20 22 18 19 17 
29 11 20 21 7 12 19 12 27 10 22 21 24 38 11 11 15 17 30 14 26 25 29 25 25 34 12 21 15 27 26 31 21 20 18 26 18 16 14 21 9 13 23 23 17 16 13 13 21 30 19 22 24 8 15 13 10 13 37 29 26 20 31 18 16 29 32 23 27 7 26 37 22 13 19 33 12 24 26 19 17 17 22 24 10 20 11 34 12 8 12 39 40 10 14 16 38 12 30 15 
23 14 27 27 17 11 23 9 27 9 24 17 19 25 10 11 13 33 17 12 19 30 29 13 27 14 15 26 17 28 11 26 15 17 14 20 21 20 15 24 19 30 24 15 20 8 21 12 20 25 8 20 11 11 21 11 17 14 31 26 30 23 28 8 16 33 28 18 23 4 34 15 34 20 19 29 24 27 22 36 19 20 19 25 6 19 15 34 12 14 8 31 32 12 10 13 30 24 16 14 
27 11 26 12 13 14 31 13 18 14 28 23 19 25 10 9 6 15 20 11 21 36 29 23 26 17 22 23 20 39 18 26 24 18 14 36 21 18 18 26 15 15 9 29 27 12 16 8 19 26 22 17 15 23 22 22 13 9 32 17 38 16 15 10 11 25 20 38 25 19 31 32 31 14 9 21 34 10 30 31 31 27 18 36 11 19 15 30 16 19 12 56 38 15 14 21 28 16 29 11 
20 9 34 24 14 11 23 17 30 15 23 19 25 27 12 16 7 26 22 11 13 45 21 20 24 15 5 16 13 26 19 21 18 15 22 22 23 13 9 22 9 33 13 19 16 11 20 13 18 15 15 22 16 26 21 9 17 12 18 36 34 15 41 14 13 35 20 30 26 13 36 33 32 10 20 32 20 16 29 29 24 21 26 40 8 35 9 25 8 16 7 20 32 9 16 23 25 23 20 12 
26 12 18 13 11 11 23 15 27 10 18 13 19 17 10 7 10 38 42 10 30 22 13 16 20 16 15 16 10 33 21 27 18 14 19 33 25 20 11 20 13 32 19 26 12 18 15 18 21 35 25 19 21 20 7 16 16 7 42 26 22 26 32 13 17 32 25 36 30 18 25 44 42 17 17 22 25 17 25 15 22 18 18 41 11 32 9 19 10 17 14 24 32 17 7 24 31 21 23 11 
24 15 15 23 22 8 29 9 16 7 19 14 22 15 9 10 21 24 22 10 31 37 16 18 26 9 5 19 20 30 20 19 11 28 22 33 20 32 15 26 15 40 18 26 21 10 21 8 31 14 15 10 23 12 27 18 16 16 21 31 17 14 23 12 17 18 31 19 26 28 14 32 29 11 15 30 17 17 26 37 12 35 25 39 9 26 6 36 10 18 12 21 38 8 15 14 22 12 28 16 
28 12 25 24 15 6 38 10 13 14 30 9 24 17 16 16 33 35 20 14 38 19 13 17 31 18 16 22 15 24 14 18 20 20 16 36 14 11 11 17 11 24 16 20 18 17 9 8 21 32 12 18 33 27 13 13 17 6 29 36 40 23 18 14 23 32 30 22 23 16 27 32 33 19 6 30 26 23 30 21 24 38 25 27 10 24 3 32 9 14 11 34 26 10 11 20 32 19 29 11 
22 13 29 29 13 6 31 5 27 15 27 24 29 32 6 13 20 21 22 13 26 25 22 10 26 3 25 13 20 34 19 18 13 19 22 3 16 18 19 24 10 38 16 31 18 16 19 7 25 9 21 16 21 23 19 21 19 10 26 33 53 14 23 14 19 31 32 23 20 28 27 36 17 18 4 30 24 9 11 27 17 27 21 20 14 31 10 25 10 11 12 34 36 11 10 21 26 16 26 14 
30 9 25 14 14 8 33 11 27 10 34 21 27 25 13 14 24 22 41 10 34 27 12 15 23 26 19 20 12 33 14 12 20 17 10 7 32 19 15 21 12 19 14 18 18 17 17 11 18 28 19 6 20 20 14 19 17 13 29 21 43 19 30 11 14 35 18 33 21 18 32 29 30 16 9 18 26 17 18 16 10 12 35 32 11 17 8 20 10 13 10 37 29 13 12 20 33 16 21 21 
18 7 26 16 20 9 31 14 32 9 19 10 20 7 9 18 5 24 31 12 25 28 20 12 11 19 17 12 16 29 19 22 20 14 6 25 24 22 12 25 9 31 26 29 10 13 11 7 16 30 18 8 19 15 17 17 9 11 28 31 39 16 28 18 11 20 26 15 30 15 35 36 23 15 14 16 22 25 26 38 26 31 24 36 11 23 9 38 13 13 3 22 28 14 12 15 27 21 34 18 
25 12 30 17 11 16 12 16 28 12 5 18 9 18 13 13 21 33 34 12 27 37 20 25 25 19 22 11 24 33 16 31 19 16 27 35 22 20 10 28 7 26 10 15 25 12 27 11 21 18 25 22 23 5 18 11 16 10 26 32 13 21 21 21 26 36 28 24 22 15 36 33 23 14 10 16 26 17 22 10 23 26 24 12 14 41 8 42 11 10 13 41 28 18 7 13 29 16 37 16 
16 15 24 32 16 9 31 14 23 12 14 8 24 25 4 8 19 30 8 13 50 30 29 15 15 16 22 18 10 32 13 18 21 26 23 27 15 20 18 26 11 31 17 19 17 13 24 9 16 29 22 19 28 21 23 16 12 13 29 21 36 20 22 14 11 34 25 13 19 19 8 50 36 10 11 22 25 28 29 15 10 27 20 38 5 22 11 28 13 14 16 39 22 13 18 15 16 17 23 14 
31 6 24 13 15 14 22 13 24 14 16 22 14 21 9 8 18 23 42 11 28 37 16 14 15 22 13 13 18 29 27 21 17 26 20 26 23 13 21 16 12 29 13 14 23 12 13 14 21 21 20 26 12 16 23 11 15 11 22 22 19 35 12 15 10 19 14 39 24 16 7 19 31 16 9 26 21 28 22 33 29 20 10 39 10 22 6 22 15 18 14 39 34 12 10 19 4 19 17 10 
17 10 11 20 16 4 28 9 19 7 32 18 23 26 9 13 17 20 33 9 34 32 28 16 16 19 16 25 15 29 22 17 25 21 27 23 29 10 9 18 12 38 15 20 19 13 20 6 23 21 18 17 19 21 16 18 9 9 19 14 31 19 19 12 15 29 34 33 12 26 27 21 24 18 19 19 11 13 33 32 16 20 13 25 8 17 12 14 14 7 9 18 35 10 14 17 37 17 29 12 
24 7 6 19 17 10 21 12 18 11 16 23 24 29 13 20 18 32 24 14 31 23 13 11 21 19 16 31 17 23 21 27 20 26 18 37 14 17 11 17 16 30 26 26 14 18 22 12 19 25 14 19 16 25 21 12 16 20 35 19 19 18 30 8 13 28 12 25 17 13 19 21 18 8 11 21 13 25 26 38 25 33 21 38 8 33 8 33 14 13 11 14 44 14 14 18 33 14 13 19 
26 7 16 19 18 6 34 12 24 17 18 13 17 29 16 10 15 37 18 9 29 33 28 17 32 19 12 20 15 29 21 30 13 22 26 34 22 18 14 34 12 28 23 12 25 19 23 15 22 29 18 22 23 11 14 16 6 12 19 45 32 17 26 21 14 49 17 9 22 19 25 43 22 9 15 28 21 24 27 31 27 31 30 30 12 21 11 21 11 11 7 37 38 7 14 13 28 20 17 15 
26 11 18 10 5 16 28 11 12 6 14 23 17 19 14 12 25 32 24 3 37 26 26 14 11 18 18 25 23 18 10 10 12 17 18 32 29 21 16 16 7 19 18 21 17 13 10 7 19 15 11 22 13 12 18 19 18 16 46 35 33 24 19 26 5 31 17 20 24 23 28 28 14 11 15 33 19 13 26 13 33 35 26 25 12 14 7 27 8 12 9 33 26 14 18 16 34 15 36 23 
24 9 27 19 16 11 23 9 26 13 23 16 35 27 16 6 24 28 29 16 22 34 18 22 19 18 14 24 16 23 23 23 17 8 14 35 30 22 11 30 10 40 17 22 22 11 18 11 18 22 17 21 22 14 15 16 9 11 27 30 33 18 28 16 11 28 24 22 30 16 23 23 30 13 13 18 26 11 21 36 20 29 14 36 10 27 13 31 11 9 11 21 30 14 13 16 33 24 20 21 
25 11 24 16 16 13 23 7 26 12 21 11 10 18 9 17 21 22 38 12 26 31 21 16 18 6 18 23 17 31 19 21 23 16 24 22 23 20 17 32 20 23 13 27 16 15 19 9 23 26 19 14 22 31 20 16 16 11 36 25 40 11 34 15 15 23 14 28 24 17 34 49 28 12 9 22 25 17 14 25 29 25 33 31 9 19 12 27 11 12 4 28 23 13 13 14 31 28 33 17 
24 8 23 8 9 16 39 11 25 17 23 17 14 16 9 8 29 25 26 11 36 14 15 16 26 11 15 16 16 31 9 22 23 12 20 27 21 14 14 29 10 17 9 18 19 13 11 13 15 21 21 16 23 15 22 15 17 12 31 15 16 18 38 12 12 36 20 39 22 19 28 38 34 17 10 23 21 17 28 27 34 19 20 17 8 25 9 36 12 10 14 35 38 12 10 16 26 19 25 17 
27 7 30 11 17 12 38 8 10 15 8 23 11 20 13 11 24 27 36 12 38 28 15 17 14 11 10 15 18 31 17 18 12 22 23 14 36 13 14 10 18 49 8 18 15 15 13 9 13 23 21 18 16 17 17 13 17 8 36 20 41 13 27 17 11 44 20 40 22 14 25 29 30 12 16 27 14 24 17 23 27 22 25 40 10 15 12 34 10 12 8 39 34 15 13 16 33 31 18 13 
18 11 13 23 15 12 25 8 18 7 21 15 29 23 13 15 24 33 29 16 37 40 32 14 18 19 16 16 20 31 16 24 18 21 22 20 23 21 14 21 10 33 6 24 15 15 16 7 7 20 16 22 21 16 23 16 7 13 22 23 32 31 32 20 11 38 19 23 32 13 41 29 22 17 14 26 16 28 23 19 15 32 33 13 12 18 9 10 4 14 9 23 21 9 18 24 20 9 36 18 
8 9 27 18 12 6 28 12 16 11 16 12 23 20 11 14 21 28 26 14 31 18 28 9 26 14 17 17 17 35 14 25 14 16 24 31 13 12 18 17 10 27 14 23 24 10 14 9 14 26 18 27 16 20 18 12 8 12 7 35 39 19 16 16 18 22 43 22 16 23 16 25 28 15 6 29 16 13 30 29 27 20 23 32 15 25 9 27 8 10 12 31 22 14 15 14 22 23 36 14 
23 12 33 19 3 12 36 11 20 14 16 8 22 19 9 10 25 35 30 13 31 25 30 25 21 18 21 16 17 31 20 17 17 19 16 34 23 14 15 17 13 23 17 22 15 9 27 7 9 30 18 20 14 22 15 12 13 13 24 36 40 24 34 18 19 27 18 32 11 21 30 33 24 15 20 29 14 20 27 26 33 28 37 20 9 29 11 31 6 12 11 22 26 15 13 17 42 24 25 14 
31 11 6 28 8 9 21 12 35 13 29 18 16 18 14 16 18 39 35 9 24 22 27 15 26 12 17 26 21 25 13 13 21 8 14 34 24 19 11 28 12 14 26 24 22 11 6 6 21 24 18 17 25 28 12 17 16 13 40 25 14 26 14 13 9 12 23 23 30 12 41 11 13 14 16 15 21 18 22 16 32 31 19 35 6 21 5 39 11 14 10 41 30 15 7 7 26 8 21 23 
26 11 20 15 13 10 36 10 20 13 22 9 31 31 11 18 20 26 35 9 22 27 31 16 18 24 13 21 19 26 14 15 18 24 24 44 23 21 8 7 9 30 17 16 16 12 20 1 16 32 18 15 11 22 17 18 19 15 36 31 37 14 28 7 12 27 32 34 12 21 27 33 36 18 23 27 26 20 27 26 28 28 19 26 14 29 9 26 9 14 6 16 26 15 13 9 25 15 17 17 
17 15 24 18 15 7 37 12 28 15 14 15 19 25 8 11 25 11 47 15 45 32 25 15 30 10 22 27 17 34 15 31 17 24 20 32 19 10 11 22 13 20 17 31 18 15 23 13 15 23 21 24 22 13 14 13 10 8 27 7 22 24 30 20 13 34 32 18 20 15 19 34 26 21 14 23 29 21 19 30 21 33 32 27 7 32 5 27 8 11 11 28 37 13 10 16 39 17 28 8 
35 14 28 23 13 10 38 7 23 12 14 16 26 25 10 10 17 29 38 11 22 24 20 23 25 27 14 15 18 26 13 18 22 26 20 37 23 16 13 10 14 23 23 33 17 15 22 9 16 28 20 11 14 9 15 10 11 12 29 26 15 22 30 15 13 22 16 39 24 24 29 20 33 18 18 21 15 29 23 30 20 18 30 23 12 24 18 20 7 5 9 31 29 10 17 17 11 24 25 18 
28 13 19 20 23 14 36 11 19 15 19 16 21 23 10 7 21 33 29 9 38 29 23 23 28 11 15 24 13 32 14 25 10 25 10 30 18 16 16 25 16 14 6 19 22 13 16 6 18 12 23 17 15 23 7 19 15 13 28 24 28 20 24 17 17 40 23 17 20 13 25 29 29 14 15 13 28 11 25 20 28 13 13 14 14 31 10 42 12 18 8 20 19 10 14 20 30 24 27 9 

MachineCapacities:
MachineID Capacity
0 10
1 10
2 10
3 10
