NumTasks NumMachines NumScenarios
25 4 50
TaskDetails:
TaskID ReleaseTime ResourceConsumption SuccessorsCount Successors...
0 0 3 4 7 3 1 1 
1 0 8 2 3 4 1 2 
2 0 3 7 3 4 2 3 4 
3 0 6 5 7 4 2 5 6 
4 0 6 1 6 8 2 5 6 
5 0 9 7 3 7 2 7 8 
6 0 6 6 3 6 1 8 
7 0 9 1 4 6 1 9 
8 0 6 5 7 10 2 9 10 
9 0 3 9 4 3 0 
10 0 5 2 5 6 0 
11 0 7 5 10 2 2 15 16 
12 0 3 3 6 9 1 14 
13 0 2 2 9 6 1 14 
14 0 8 9 1 9 2 15 16 
15 0 8 10 9 3 2 18 19 
16 0 7 5 3 8 2 17 18 
17 0 3 5 8 6 1 19 
18 0 10 8 3 2 2 20 21 
19 0 3 6 10 1 1 20 
20 0 3 5 3 5 2 22 24 
21 0 5 6 3 6 2 22 24 
22 0 6 8 7 10 1 23 
23 0 8 5 5 9 0 
24 0 3 3 1 6 0 

20 24 10 18 5 39 34 18 11 25 40 19 19 23 15 17 15 11 10 23 21 15 19 25 10 11 16 21 18 20 26 23 16 29 8 3 41 28 23 10 3 17 12 28 9 26 24 34 17 9 26 26 9 39 24 39 15 16 16 41 8 28 12 17 13 35 20 33 14 42 6 12 16 12 8 30 35 19 22 28 14 13 28 25 28 25 31 8 17 17 13 22 23 24 17 16 18 16 24 29 
22 43 19 14 14 30 32 15 9 29 31 15 25 32 28 13 8 9 10 23 18 10 28 32 8 5 19 6 13 14 28 26 14 35 10 14 26 14 8 11 26 15 10 18 18 33 22 8 27 32 11 18 10 31 25 25 15 17 26 18 23 17 31 24 12 31 13 10 10 32 12 21 20 22 4 28 24 21 25 11 20 7 35 16 26 13 29 28 21 8 7 18 15 25 7 14 23 20 19 31 
10 20 14 15 11 16 22 22 18 15 38 21 14 13 35 18 11 10 14 23 20 16 30 14 15 11 11 11 13 21 25 22 16 34 18 7 22 8 10 13 21 20 12 12 13 16 9 37 16 34 16 20 9 33 29 35 17 28 20 24 17 20 22 12 12 20 9 21 14 30 12 30 23 36 11 17 20 21 28 19 14 17 15 20 26 19 26 17 15 8 11 15 27 15 20 8 33 24 19 21 
30 21 13 12 12 31 26 18 18 35 26 17 12 19 17 15 5 9 12 13 20 15 15 26 13 9 13 17 26 10 18 30 13 31 17 9 24 15 17 14 19 19 7 17 17 15 23 29 20 24 22 20 10 18 29 10 13 18 21 42 20 11 33 17 11 27 12 28 14 18 19 12 16 37 12 29 37 14 25 19 9 14 17 23 21 12 24 23 16 21 10 15 19 26 22 9 28 16 24 23 
17 26 13 13 9 22 16 24 19 23 31 16 32 30 22 17 13 6 9 22 24 9 21 28 10 9 18 14 11 16 24 32 15 18 14 12 24 25 14 15 11 30 6 23 18 30 31 32 21 3 30 28 10 28 18 21 13 37 14 28 26 21 15 22 14 16 16 34 14 31 8 19 20 8 5 28 46 18 26 25 14 21 34 13 26 17 11 30 14 14 19 7 25 23 10 15 25 27 34 33 
19 24 13 14 11 30 26 20 22 27 29 10 15 26 17 18 10 11 15 39 19 15 39 27 13 13 15 9 14 21 21 24 9 34 11 14 24 15 14 14 18 17 17 19 15 29 21 21 21 29 14 20 12 32 39 29 19 24 13 27 12 32 34 14 15 33 13 30 14 31 22 22 13 19 11 20 28 17 26 18 14 26 9 22 20 25 39 19 17 18 18 15 18 20 13 12 26 15 24 21 
18 20 13 17 9 22 30 29 12 19 32 15 16 24 21 12 15 5 10 15 25 15 24 29 13 9 16 17 16 18 28 26 18 26 20 10 26 14 13 11 16 17 15 25 9 22 35 16 10 38 21 21 15 26 30 30 9 32 11 32 11 21 15 18 9 24 14 34 9 19 18 19 26 31 8 27 26 19 11 22 13 17 35 17 15 16 34 19 14 15 8 14 25 18 21 14 22 16 24 30 
16 23 20 11 10 22 26 21 20 25 30 14 22 35 21 13 6 11 5 26 20 14 25 18 8 4 21 13 8 14 17 20 17 23 15 8 33 14 17 10 27 14 17 21 15 31 27 31 19 21 23 24 11 29 45 49 13 24 18 17 10 29 23 23 14 11 11 45 18 34 18 15 14 38 9 19 27 12 16 20 14 16 19 12 20 23 15 12 15 12 18 30 10 16 19 14 26 9 24 24 
22 16 15 19 9 22 37 17 20 27 39 17 28 26 30 12 14 10 13 25 33 13 14 24 9 17 15 16 15 9 26 19 16 30 12 15 26 16 15 13 21 20 13 17 14 18 23 28 12 20 42 30 7 29 22 35 20 42 9 24 16 28 23 12 11 26 20 31 9 23 23 25 28 30 8 26 32 18 34 14 17 5 38 23 19 20 5 19 16 16 15 27 20 11 11 14 33 21 22 21 
17 16 10 16 6 29 44 10 13 22 26 21 17 27 19 14 7 14 10 28 27 15 21 31 10 16 15 20 20 15 25 20 13 22 24 7 27 26 13 11 19 22 8 21 11 24 30 22 13 23 24 19 8 26 15 38 14 22 10 42 13 20 26 11 14 21 12 24 10 35 11 25 29 27 12 32 36 31 21 25 14 13 23 16 27 14 32 15 13 12 13 17 11 23 18 10 20 20 18 27 
13 32 12 9 9 32 18 21 13 26 21 25 20 23 13 18 11 13 15 29 34 15 22 14 10 6 9 13 14 22 22 12 9 28 10 13 26 21 18 13 14 20 17 23 12 21 23 19 14 25 40 33 12 21 38 18 2 25 20 33 16 14 26 25 10 20 10 33 13 24 11 19 14 23 13 23 20 16 19 28 22 23 24 15 30 19 33 23 14 18 17 21 27 15 14 10 20 16 8 26 
16 25 16 11 10 19 28 26 19 28 26 14 19 21 9 10 8 14 7 21 19 14 30 32 16 7 13 14 15 14 30 30 6 31 8 13 14 22 21 12 19 20 10 26 17 30 35 24 22 23 33 19 12 17 26 36 22 17 15 24 18 20 21 22 10 28 12 33 14 21 14 19 18 32 4 21 17 23 32 23 11 12 23 26 30 20 32 12 10 15 16 16 21 15 10 17 24 16 22 31 
22 33 11 13 10 25 33 27 14 34 29 20 26 30 24 13 14 9 7 22 17 10 27 23 11 8 10 13 20 11 22 19 13 34 16 10 34 6 11 13 17 20 11 26 15 37 34 17 12 17 12 21 12 31 24 21 19 22 23 42 14 24 28 23 6 26 15 28 11 13 13 31 27 41 10 30 8 16 25 15 14 19 27 13 35 26 16 21 14 21 15 19 36 19 25 8 22 15 20 25 
19 20 18 7 7 23 32 23 17 19 33 11 30 28 15 10 9 12 10 34 15 12 11 27 11 6 17 16 11 17 32 29 8 32 15 10 30 21 18 12 23 28 14 17 16 33 19 28 28 27 29 31 8 23 14 35 19 27 17 33 24 17 15 12 8 22 15 27 14 18 16 26 16 23 10 25 35 16 3 22 22 14 29 25 23 21 27 17 25 18 16 13 14 20 11 15 36 19 23 28 
21 25 10 22 7 23 17 14 8 26 26 14 15 28 22 14 12 13 10 32 15 12 21 22 7 15 21 18 14 24 22 16 13 17 18 11 30 24 18 15 23 22 10 29 9 22 20 24 26 27 34 16 10 26 23 29 21 31 14 27 18 28 14 25 11 25 17 26 11 22 17 16 18 42 8 28 37 16 15 12 16 18 23 17 21 24 28 23 17 15 18 18 20 21 8 10 27 20 26 26 
19 32 9 18 7 24 42 10 23 24 33 18 18 36 23 6 8 9 11 30 23 13 39 19 13 14 11 12 14 26 25 25 12 39 17 7 29 16 7 16 19 23 7 19 9 24 23 20 18 36 18 21 11 51 21 19 21 19 20 16 22 19 16 18 9 19 20 28 10 21 21 18 14 38 5 13 22 27 24 10 16 13 22 22 22 25 27 23 15 14 15 27 17 16 17 16 33 9 13 30 
11 25 16 15 10 34 29 19 14 24 28 24 18 24 24 14 13 15 13 18 17 10 30 19 12 10 18 15 15 20 34 21 17 21 16 16 26 25 11 11 16 30 14 20 19 37 25 20 21 13 31 20 8 18 9 23 21 20 15 30 16 16 23 21 11 34 15 35 18 18 13 27 25 21 9 24 20 20 32 19 15 12 23 14 16 18 37 23 5 13 18 15 19 28 18 15 25 18 25 26 
19 34 12 13 3 31 24 11 16 20 22 18 18 26 19 17 9 7 9 15 11 13 36 27 14 15 5 10 8 19 32 24 14 31 19 18 27 11 22 13 23 13 10 16 18 37 19 26 19 21 21 24 13 26 32 22 16 14 23 23 7 27 16 19 11 15 9 25 11 25 8 26 16 32 7 17 29 24 31 31 10 17 29 20 14 18 31 16 20 7 13 21 31 22 30 12 25 16 24 24 
17 11 14 13 9 18 13 20 11 24 23 19 18 23 19 9 4 13 4 20 29 16 31 31 11 14 12 20 22 11 35 23 8 24 16 10 29 15 9 15 18 21 7 21 15 21 12 25 19 24 15 30 14 27 35 35 12 22 22 40 15 15 8 24 13 28 16 28 17 25 14 23 18 30 12 32 19 19 23 22 16 17 37 22 24 20 35 19 12 21 12 21 30 20 22 13 21 15 19 21 
22 3 10 8 14 25 32 17 14 19 23 16 22 22 21 19 13 10 12 11 27 14 12 38 10 9 6 19 17 14 25 26 12 28 13 8 24 11 15 8 10 20 14 24 13 26 23 21 21 23 20 24 13 12 32 43 10 41 21 35 16 18 16 21 11 34 18 25 13 13 16 20 14 18 12 26 23 19 22 18 18 18 36 21 25 18 21 23 14 19 14 23 32 17 9 12 25 11 15 18 
19 28 14 20 3 28 24 32 17 21 16 17 18 27 19 17 13 10 9 15 26 16 31 19 12 10 11 14 14 23 34 14 12 32 17 15 19 12 20 13 12 20 14 19 11 36 35 17 10 35 27 18 16 21 29 19 17 15 16 17 16 25 17 20 16 19 15 34 18 29 16 13 25 25 5 17 21 15 25 16 19 12 18 24 21 17 8 21 7 9 16 28 27 26 18 11 22 10 30 32 
16 21 13 20 11 30 35 15 11 20 36 21 22 35 21 12 8 2 13 25 26 15 35 24 10 11 7 17 20 18 15 22 14 27 9 9 34 23 19 13 17 18 12 11 15 16 28 33 19 19 28 24 10 24 16 35 13 22 15 22 17 25 29 22 10 32 13 20 11 27 9 19 14 35 8 37 30 13 27 39 17 28 26 20 23 21 28 22 15 14 15 14 30 26 11 8 25 15 25 19 
26 13 11 17 17 24 27 22 12 37 42 17 23 26 12 17 6 8 6 26 20 15 19 27 12 9 6 11 15 16 26 29 20 40 12 13 16 18 14 13 22 23 17 21 11 26 36 11 19 26 26 29 15 22 22 18 16 29 17 31 17 28 11 13 9 20 20 27 14 36 11 24 12 32 14 22 14 12 14 18 19 14 20 15 26 12 34 16 23 15 15 26 29 36 12 17 30 20 18 25 
14 21 13 14 9 33 34 26 20 22 40 16 23 32 21 15 10 10 10 26 15 12 26 22 14 9 11 16 11 21 11 28 16 30 18 7 12 27 13 18 18 23 14 16 16 16 16 20 14 22 24 5 14 32 18 28 11 29 11 36 14 27 6 20 13 32 17 30 11 34 21 17 22 36 9 27 27 19 25 22 13 29 23 15 18 19 24 21 9 12 11 25 30 21 17 11 25 14 23 26 
19 27 13 15 1 30 27 22 7 24 27 19 23 19 11 12 13 9 7 33 20 14 26 20 15 14 15 10 15 25 25 23 19 32 21 10 8 24 15 12 25 28 8 23 14 25 25 21 15 31 18 20 11 24 24 16 16 23 10 36 23 20 27 17 6 22 12 22 15 27 13 18 7 32 7 24 31 8 20 24 13 18 25 17 24 20 24 12 17 13 13 22 25 18 18 10 17 22 22 36 
16 25 8 10 15 25 26 21 14 23 13 21 19 29 23 10 15 8 12 16 26 16 18 29 7 9 11 21 16 15 37 21 11 31 16 11 27 19 18 16 18 16 12 15 16 24 17 22 14 29 27 37 8 33 21 13 12 19 20 41 19 22 18 20 11 23 24 27 11 24 14 17 24 29 8 26 19 16 9 22 11 18 35 20 18 17 25 12 12 14 11 35 30 27 9 17 25 13 25 24 
13 27 13 16 9 29 27 15 15 29 23 15 23 23 15 14 10 11 6 32 19 14 19 18 13 5 15 11 15 10 31 13 23 38 12 11 26 21 13 13 21 9 10 28 15 27 23 22 19 30 28 31 8 34 27 25 11 15 19 39 21 26 26 18 8 25 15 29 17 40 16 19 14 25 11 22 31 18 25 31 15 18 10 21 29 19 25 17 20 17 10 18 27 20 19 15 29 30 12 19 
25 30 11 16 11 25 36 10 17 33 27 12 25 34 23 14 10 6 5 21 17 18 22 27 10 12 15 14 16 16 23 18 19 32 15 15 26 35 16 17 23 9 7 26 17 26 17 25 12 19 36 38 12 32 38 30 15 20 18 32 17 28 16 22 12 29 15 27 10 27 7 23 19 35 10 29 16 18 25 17 18 9 27 17 22 16 13 20 15 13 13 24 20 26 9 10 25 20 12 17 
20 28 14 10 7 15 35 14 21 27 27 17 19 21 26 10 12 11 9 25 13 13 19 22 13 9 21 14 15 20 23 11 12 33 17 14 15 22 13 14 20 21 6 27 13 18 25 23 14 22 35 16 11 20 29 16 9 28 21 32 24 17 22 17 9 25 15 30 16 31 4 15 10 41 9 21 29 20 29 31 18 20 27 16 27 16 34 8 12 15 18 16 13 13 18 15 40 19 25 18 
23 24 13 10 10 23 25 23 19 22 7 24 15 41 18 14 16 7 7 18 36 14 27 40 12 3 15 15 14 25 27 21 18 28 15 14 25 17 20 9 18 15 8 28 17 33 29 19 14 15 18 24 8 17 24 19 16 24 8 36 15 16 26 12 12 34 11 33 14 27 21 19 9 32 8 17 31 13 42 16 17 14 27 17 27 17 33 17 17 15 15 22 25 29 17 10 23 24 23 24 
35 24 12 14 16 28 28 25 10 28 29 16 24 6 18 14 14 12 17 24 22 10 16 33 6 12 10 12 21 13 33 39 10 20 10 13 33 20 8 15 27 17 9 19 16 27 31 24 19 29 11 25 11 39 10 31 14 31 12 33 16 21 25 26 19 29 17 28 15 12 19 13 18 40 8 21 31 12 14 20 15 26 21 21 26 5 16 23 13 9 10 26 23 27 23 9 36 18 27 24 
15 18 13 15 11 38 34 23 15 35 21 12 18 40 19 9 9 9 12 30 30 4 21 30 12 11 14 20 13 13 22 28 18 14 17 11 15 8 12 13 22 17 12 26 14 27 29 24 17 27 30 32 10 25 21 37 14 37 25 17 13 16 20 19 8 34 11 13 15 24 14 18 9 38 18 20 18 24 38 19 21 11 27 17 26 19 25 17 11 10 17 18 16 21 18 18 38 11 14 28 
11 15 12 18 6 25 13 26 20 24 46 20 16 22 30 20 9 11 15 29 22 12 25 21 7 11 18 4 17 14 28 16 15 26 9 8 25 22 16 6 14 20 12 20 17 30 30 15 5 20 22 27 10 22 28 24 16 22 14 25 16 24 18 17 14 18 20 37 10 30 14 16 19 31 8 18 37 19 25 22 17 20 21 14 16 20 20 18 16 13 11 11 39 25 17 6 23 20 20 24 
20 23 12 14 6 27 22 21 17 30 36 23 20 27 16 21 14 8 12 15 12 10 33 13 16 10 15 12 17 22 26 21 16 29 13 12 21 21 10 16 23 24 13 17 12 21 30 34 19 30 34 26 7 36 27 17 16 26 15 14 18 21 19 31 14 36 14 18 10 19 12 20 20 32 11 26 23 12 29 18 25 10 37 22 29 8 23 18 15 17 15 20 21 24 8 12 18 17 20 31 
11 24 13 17 9 30 26 18 14 22 17 16 13 22 26 22 11 17 11 39 23 8 30 20 8 13 19 15 10 18 28 22 17 38 7 7 17 8 15 11 21 29 16 18 12 15 26 30 21 34 31 25 8 29 26 34 14 26 15 26 22 27 23 26 12 27 13 26 21 24 14 24 15 16 10 18 31 16 25 22 18 19 32 14 26 24 34 27 8 11 16 21 22 19 10 12 28 13 13 25 
18 22 12 15 11 16 16 11 19 22 30 16 28 29 18 12 5 16 9 17 16 12 21 22 11 10 19 13 21 7 16 18 17 23 16 14 35 20 19 15 27 23 14 16 20 23 25 14 9 26 26 16 11 31 27 27 18 32 10 35 23 27 26 20 14 39 19 31 14 24 14 15 12 24 10 19 24 28 28 18 21 21 25 10 30 9 34 27 14 15 10 26 17 19 17 11 17 11 23 21 
18 28 18 16 5 20 31 24 20 26 16 9 21 30 30 11 8 11 9 26 24 15 31 21 7 10 14 11 8 17 21 26 13 39 19 15 33 20 18 13 32 15 13 20 16 21 24 23 21 14 20 21 7 25 23 30 19 33 13 22 16 27 18 9 9 24 17 18 14 29 19 30 23 41 8 21 31 21 16 22 21 16 25 14 26 20 26 19 12 7 17 17 12 24 22 14 27 17 20 28 
24 28 12 15 12 30 20 11 25 22 42 21 22 26 18 13 6 10 5 25 27 11 23 25 5 12 15 21 16 19 25 33 11 17 13 13 16 14 13 17 9 13 12 10 9 16 25 35 16 24 25 24 11 33 25 25 6 19 14 20 12 25 31 22 15 30 18 21 13 28 17 22 25 6 10 18 13 20 23 21 25 20 26 12 23 21 8 31 14 7 14 24 26 12 20 15 30 12 32 27 
20 25 18 13 13 17 17 17 18 16 27 11 21 20 31 14 5 7 12 20 29 16 28 16 9 14 17 17 18 11 31 30 11 28 13 14 21 15 15 13 19 18 11 20 12 33 9 27 16 23 23 21 12 25 19 16 18 17 27 32 15 18 21 22 8 26 10 19 15 27 18 18 11 22 16 22 30 17 18 13 16 19 29 20 19 18 30 31 9 14 14 11 20 15 21 13 31 18 27 18 
21 26 14 17 11 30 20 21 16 18 32 16 11 15 22 14 12 13 8 41 21 13 20 25 15 11 11 12 18 17 28 22 18 24 16 9 22 27 15 13 15 21 10 24 16 18 36 17 21 25 33 25 8 16 23 34 18 31 16 30 16 20 14 20 13 22 13 24 10 40 16 15 17 34 9 17 29 21 29 25 20 18 33 20 21 24 34 27 14 18 22 15 36 17 18 12 28 23 24 20 
24 16 9 16 12 25 21 12 19 22 41 18 24 24 31 15 13 7 12 31 26 14 26 26 14 11 16 4 16 18 26 25 11 24 11 7 28 25 11 7 21 20 10 26 13 31 23 22 19 31 31 31 18 29 27 21 19 35 17 27 14 20 22 18 7 14 12 41 8 28 14 29 20 48 5 18 36 21 33 21 19 22 25 15 21 26 27 25 17 8 8 22 18 31 21 10 26 16 17 25 
26 25 12 20 9 33 35 23 8 16 31 17 22 19 26 15 9 14 10 27 23 11 29 24 10 14 14 7 21 15 15 39 12 12 10 6 19 24 17 8 10 23 13 17 14 12 27 24 11 15 18 27 13 24 27 23 12 25 22 17 5 25 21 16 11 23 12 35 13 22 20 21 12 39 8 16 29 23 20 16 10 22 27 23 30 26 38 17 9 13 12 20 32 19 19 9 21 19 26 25 
23 28 13 18 6 22 16 22 10 20 21 17 25 20 30 14 9 10 14 30 18 13 41 27 10 13 12 17 20 16 23 20 28 10 11 17 30 28 15 14 11 9 8 23 16 28 30 23 16 10 34 13 14 21 24 39 12 26 23 34 15 23 18 17 7 32 15 37 7 20 26 19 18 49 6 16 22 12 17 17 17 21 25 12 19 20 22 17 21 17 11 23 15 24 9 9 32 7 14 25 
20 30 15 20 12 29 22 17 15 27 45 15 12 18 22 13 13 8 10 33 22 12 30 29 13 12 11 20 13 12 21 30 17 30 10 11 27 12 19 15 20 24 11 25 21 34 23 14 10 25 32 25 9 23 19 28 9 15 19 25 17 22 27 16 15 13 8 27 14 23 12 19 20 35 11 23 27 22 36 20 17 14 31 12 32 13 30 24 20 20 17 18 23 13 12 13 29 19 19 28 
26 28 12 12 12 15 21 18 15 24 37 13 20 36 25 7 12 17 14 29 23 16 21 26 10 12 9 13 18 12 20 21 16 25 18 6 22 18 19 11 21 17 8 28 18 23 29 11 18 36 29 21 5 24 27 33 14 29 15 19 18 17 17 15 8 23 17 12 12 9 19 21 19 30 9 24 31 10 25 21 21 21 27 23 24 13 39 25 17 18 16 24 28 28 20 12 37 18 13 17 
20 21 17 17 9 23 14 16 8 21 39 19 20 28 20 15 8 9 17 26 23 11 24 14 11 6 11 15 15 13 11 14 17 32 13 13 23 16 12 16 17 21 11 24 9 31 25 26 19 19 21 13 8 42 29 35 14 38 19 42 8 21 17 14 15 39 21 29 15 30 16 17 20 23 13 21 25 21 37 22 19 15 18 17 29 9 27 25 16 18 15 24 25 24 20 18 18 13 22 25 
18 37 13 18 5 21 41 21 12 25 20 14 25 36 20 18 8 13 9 40 22 11 22 22 13 9 10 15 12 14 20 26 16 13 16 12 28 18 20 14 20 19 11 21 5 20 24 38 26 18 20 26 7 17 30 39 18 25 10 35 23 18 20 22 17 33 9 30 12 31 9 25 17 31 15 23 22 17 12 17 18 22 27 13 19 12 30 18 21 13 15 22 34 27 20 10 26 14 26 24 
19 29 12 20 13 26 17 8 20 24 26 12 13 22 13 17 19 12 9 15 14 11 25 29 12 13 12 13 17 18 21 21 17 38 14 13 30 20 14 15 18 10 11 4 16 27 41 27 23 19 21 21 7 27 18 20 13 36 9 34 21 15 27 14 8 27 12 33 15 28 18 20 19 34 14 18 14 24 37 21 12 17 21 17 23 22 37 19 17 13 13 15 33 16 18 15 27 16 16 31 
25 25 15 15 8 26 23 20 11 29 20 18 25 30 15 15 13 8 10 28 19 10 34 30 10 11 19 15 19 13 35 17 11 25 21 14 25 17 9 8 12 34 18 28 19 22 21 32 14 18 25 13 11 28 16 18 23 19 17 35 25 26 25 22 12 22 21 33 14 14 13 19 15 30 8 17 16 17 27 24 17 23 38 13 15 22 33 22 23 18 11 18 25 24 19 14 18 14 25 22 
10 19 12 18 8 19 30 17 22 18 45 14 19 27 18 21 7 9 11 33 24 17 29 27 9 13 12 12 13 18 28 24 19 34 16 11 34 17 19 17 12 17 12 17 22 38 22 27 8 35 26 18 10 20 4 20 21 19 15 35 21 20 21 12 14 34 14 42 12 17 11 19 17 25 7 17 15 15 23 14 9 14 26 17 15 23 38 13 25 11 10 19 25 17 16 8 29 20 23 23 

MachineCapacities:
MachineID Capacity
0 10
1 10
2 10
3 10
