NumTasks NumMachines NumScenarios
30 4 50
TaskDetails:
TaskID ReleaseTime ResourceConsumption SuccessorsCount Successors...
0 0 7 2 4 9 2 2 3 
1 0 9 3 3 3 2 2 3 
2 0 8 6 1 6 2 4 6 
3 0 2 8 4 2 2 5 6 
4 0 5 5 4 2 1 5 
5 0 10 1 8 9 1 7 
6 0 10 8 5 3 1 8 
7 0 7 3 3 7 1 8 
8 0 4 6 9 5 1 9 
9 0 2 2 3 4 1 10 
10 0 10 6 4 7 0 
11 0 7 7 5 1 2 13 14 
12 0 8 3 2 7 1 16 
13 0 8 9 10 6 1 16 
14 0 7 4 5 9 1 16 
15 0 5 3 10 4 1 17 
16 0 4 6 8 7 1 17 
17 0 2 1 9 10 3 18 19 20 
18 0 6 2 5 3 2 21 22 
19 0 8 7 6 9 1 22 
20 0 6 9 5 9 1 23 
21 0 3 2 10 9 2 24 26 
22 0 10 7 4 3 2 23 26 
23 0 3 5 4 6 1 24 
24 0 4 5 8 9 2 25 27 
25 0 4 5 9 2 1 28 
26 0 5 1 3 4 2 27 29 
27 0 6 2 2 4 0 
28 0 2 10 5 6 1 29 
29 0 4 4 6 5 0 

18 28 4 14 24 18 29 16 33 30 41 21 14 13 12 36 22 28 36 8 50 27 16 14 18 17 26 39 21 20 20 26 11 30 43 15 31 15 28 17 20 38 21 33 17 18 17 17 43 23 33 14 21 24 8 21 31 22 27 20 13 35 19 13 34 33 27 16 26 52 27 22 21 8 26 18 39 21 12 10 23 17 17 20 44 21 17 42 10 20 10 15 10 21 27 28 16 34 15 33 13 21 15 23 8 17 23 22 21 12 20 27 22 26 24 9 20 23 24 17 
27 19 18 7 28 26 24 18 30 14 28 13 26 19 16 30 20 23 46 30 31 15 14 21 25 16 21 34 23 43 17 21 20 19 28 16 21 14 31 16 23 18 18 37 19 20 7 28 31 21 40 26 23 14 16 32 28 17 19 18 15 26 24 18 18 20 21 32 19 40 22 28 34 5 25 13 40 32 23 25 25 23 11 28 16 10 43 46 19 26 15 26 29 18 24 9 30 20 22 17 18 30 20 27 20 19 22 33 15 12 23 40 18 29 36 10 20 18 36 28 
26 9 22 18 13 20 26 14 27 30 31 24 16 15 14 35 10 21 3 25 39 19 23 18 19 17 27 24 15 44 16 24 17 29 28 13 31 19 23 13 22 23 19 37 13 23 16 40 13 22 34 34 19 27 29 21 18 17 13 18 16 19 16 28 11 34 13 30 33 32 35 11 22 23 27 25 26 17 16 22 25 14 37 21 26 19 28 31 20 36 21 27 26 19 26 30 23 21 24 23 22 8 15 30 25 21 25 26 19 23 18 35 16 27 38 19 12 11 30 23 
16 29 29 8 15 17 25 24 22 41 30 17 17 9 19 29 21 23 27 31 12 26 14 20 27 19 17 33 36 27 16 12 14 17 30 11 22 17 20 22 12 26 24 15 19 16 16 48 20 31 24 39 21 29 19 23 41 17 18 24 6 20 26 32 21 33 29 17 30 34 31 30 21 12 38 26 22 26 13 16 32 8 20 18 42 29 32 22 22 40 14 21 15 16 23 12 21 15 22 23 17 27 15 40 27 22 34 34 25 19 10 31 12 23 35 8 19 21 28 21 
27 23 15 21 23 16 18 15 25 18 30 21 23 22 10 17 12 30 41 8 35 39 16 15 34 31 29 38 23 34 11 20 11 25 32 10 29 20 32 8 28 21 20 20 14 24 18 28 35 18 22 18 23 31 12 29 31 15 18 21 14 21 18 20 17 26 16 22 24 23 19 26 30 31 31 34 19 26 19 12 23 18 22 17 29 18 18 26 20 15 12 31 27 15 34 23 20 33 20 12 19 27 16 28 21 17 18 19 25 21 31 32 16 44 44 9 19 20 21 16 
24 23 23 11 18 20 27 25 27 23 27 8 20 17 24 41 27 29 28 22 15 19 17 12 27 25 17 26 37 12 20 33 11 16 24 19 20 19 21 15 20 22 26 21 16 13 18 23 36 15 20 24 23 15 12 24 30 9 22 28 22 14 21 20 19 33 17 28 23 20 25 28 34 15 30 30 32 24 24 12 23 23 17 22 38 15 32 29 16 18 14 24 21 15 30 25 34 30 28 22 21 18 17 32 12 14 18 20 36 27 17 30 21 21 14 12 9 21 33 19 
15 29 17 21 21 14 21 17 19 22 22 18 5 17 9 24 19 24 32 23 17 30 17 27 32 23 31 32 22 26 12 31 17 19 28 14 29 22 26 21 16 43 19 27 11 22 13 29 31 24 39 27 29 15 13 35 21 11 18 23 20 22 10 18 21 48 23 26 40 45 32 17 21 19 34 24 24 36 19 8 32 16 8 21 27 28 34 21 24 39 23 19 31 15 8 26 20 30 21 31 18 20 26 31 31 27 32 28 17 17 27 33 15 48 20 20 18 22 32 31 
29 32 34 12 12 27 20 16 35 26 24 17 28 12 21 43 18 36 31 36 42 21 17 21 28 18 27 26 26 41 11 28 11 23 12 19 26 18 19 16 28 19 22 26 15 8 16 33 39 33 11 28 17 12 22 22 21 11 21 21 14 22 13 22 19 24 22 17 25 45 25 29 27 16 15 26 26 35 21 17 15 20 20 22 43 25 31 30 17 40 17 7 36 19 20 32 28 27 12 18 23 37 14 31 14 18 15 10 26 26 9 15 8 33 34 19 21 34 27 23 
22 11 31 12 25 14 39 22 25 26 40 19 12 22 18 34 22 9 30 26 45 35 16 31 25 20 28 34 22 19 18 21 19 21 17 10 4 19 29 7 30 34 21 28 18 22 20 35 25 39 34 24 24 27 21 24 25 17 15 29 18 29 14 29 26 25 16 23 30 22 33 26 21 16 36 22 19 20 18 30 25 18 18 29 20 28 30 27 16 28 12 19 27 17 23 24 19 10 22 12 25 36 16 24 20 13 19 18 16 18 31 29 11 30 28 13 14 19 24 23 
21 20 33 11 23 12 12 20 44 18 24 18 30 17 15 39 26 37 48 27 27 27 17 21 33 17 17 32 26 38 16 11 11 28 24 8 20 18 31 12 15 21 23 21 10 14 16 29 33 22 23 19 17 24 17 37 16 19 12 19 11 28 17 15 17 24 11 24 30 11 23 17 9 19 45 33 24 32 23 14 26 19 19 26 30 19 37 29 12 19 16 31 15 17 25 22 21 21 8 10 26 21 21 13 23 16 20 23 20 26 27 25 18 37 34 11 17 24 33 22 
24 19 44 14 24 15 19 15 24 19 32 17 26 13 14 35 12 29 24 16 41 37 16 20 23 19 35 31 32 46 9 10 14 22 43 22 23 19 30 21 16 31 21 36 15 13 11 29 39 24 29 26 20 30 15 24 35 11 21 21 26 17 17 35 27 17 17 26 28 37 16 26 19 19 22 20 35 38 20 16 35 27 18 24 25 23 31 26 21 21 17 22 25 17 31 15 30 25 21 13 15 31 10 38 24 8 8 30 30 39 22 49 18 27 17 8 11 14 25 15 
29 24 20 20 27 12 15 12 39 25 21 20 16 13 18 25 19 28 39 29 51 38 16 27 14 22 12 29 20 13 20 26 13 23 29 19 21 15 30 18 19 36 24 24 23 12 14 27 26 28 31 36 22 24 11 22 29 21 23 23 16 19 13 26 19 43 22 23 42 37 37 14 19 21 27 24 19 34 22 23 30 20 16 19 17 16 31 24 11 45 12 15 18 17 23 23 23 19 21 16 26 45 13 28 12 18 26 28 34 7 28 38 15 39 26 18 13 37 34 16 
20 18 39 17 23 15 31 7 26 22 28 16 18 23 22 38 25 25 44 10 12 29 11 20 20 12 20 30 33 23 11 25 11 29 40 10 21 15 18 17 21 34 25 30 16 16 23 43 35 30 27 10 25 20 24 10 13 18 19 18 19 21 16 19 23 25 17 19 14 33 31 28 22 17 29 34 27 28 15 16 25 8 12 22 22 15 29 21 31 36 15 15 28 16 24 30 31 19 12 25 35 35 13 22 20 12 24 26 25 20 18 28 20 30 53 11 5 19 24 16 
21 8 21 17 25 24 31 26 16 46 28 19 21 13 15 45 26 33 30 33 23 23 16 21 27 23 12 24 38 25 21 29 11 19 28 21 21 19 32 7 22 33 6 26 20 16 8 21 28 34 28 24 31 16 18 21 26 12 20 14 16 25 18 31 16 23 21 12 25 30 32 24 28 23 47 20 36 37 13 26 38 17 18 17 32 30 24 38 22 29 21 26 40 20 38 26 24 19 14 25 21 26 16 32 30 13 18 15 17 39 21 38 15 19 27 7 13 20 34 34 
23 29 22 11 38 21 39 23 35 40 35 22 17 15 25 33 23 27 43 31 25 24 13 26 23 21 22 21 25 31 15 26 15 24 48 16 27 23 11 21 24 30 24 31 23 23 16 16 22 15 28 37 23 25 11 24 32 14 15 14 19 25 23 15 20 32 19 22 20 25 26 20 18 26 28 36 17 19 25 17 24 28 16 17 41 28 30 45 9 31 15 29 17 21 33 29 16 24 26 26 23 38 8 18 18 17 26 17 10 29 15 35 12 13 36 12 19 19 18 35 
25 14 33 14 18 18 29 12 57 16 33 20 32 15 14 24 18 24 17 27 19 33 23 16 27 17 19 38 45 42 7 15 18 24 47 12 24 17 25 19 25 25 20 17 17 9 11 26 29 36 22 29 23 33 23 32 33 19 16 29 21 34 24 21 29 41 21 37 26 52 23 17 28 21 37 25 23 29 20 12 16 24 17 20 37 18 13 39 17 37 15 10 27 17 17 18 24 30 12 22 32 21 25 27 18 28 26 16 17 24 14 42 14 32 23 21 12 23 32 27 
26 15 25 14 22 14 20 22 36 15 46 13 20 12 16 30 11 29 26 19 12 32 13 15 16 19 22 21 38 37 20 16 12 20 28 14 38 17 25 24 22 24 20 21 19 21 16 35 29 30 29 31 17 28 16 34 32 16 15 23 23 28 19 19 23 39 27 20 32 25 31 21 35 10 21 20 22 30 22 17 11 19 14 31 29 19 35 39 20 23 12 26 22 10 24 29 25 27 20 30 27 37 16 39 26 19 42 28 34 21 25 32 17 29 24 14 18 36 29 28 
19 11 29 12 15 18 31 25 17 33 39 13 22 10 27 20 18 29 40 20 35 18 23 31 14 19 35 34 14 20 15 25 15 19 23 19 19 21 20 13 36 19 26 22 15 25 9 17 22 14 18 27 15 17 25 20 36 21 20 17 9 20 16 10 25 31 29 30 37 19 31 27 17 16 32 20 36 23 21 23 35 26 25 15 21 23 30 15 14 38 15 28 20 18 25 25 20 27 21 30 27 25 17 32 23 13 18 30 23 29 13 35 9 35 22 8 11 20 18 18 
12 24 22 23 25 11 13 7 7 31 39 17 31 10 24 6 27 23 35 36 31 34 15 29 21 17 25 34 29 33 17 9 8 21 29 17 26 12 26 20 26 17 21 24 15 22 19 24 13 22 31 23 28 16 20 26 19 21 23 19 21 22 13 20 23 15 23 15 42 26 30 21 18 25 22 23 23 22 15 25 33 23 18 22 31 31 27 23 23 32 17 14 31 23 36 29 18 28 17 27 19 25 16 23 19 17 34 21 9 28 10 33 22 28 32 21 17 29 23 22 
27 18 16 19 20 17 36 13 32 39 22 19 25 19 11 26 18 27 23 23 30 30 14 17 27 25 22 20 14 16 20 16 14 22 29 11 23 18 31 15 36 27 17 37 16 26 13 36 17 17 18 11 22 20 17 36 32 17 22 21 20 24 11 16 18 40 27 26 15 39 17 19 24 22 31 19 23 15 16 15 18 21 26 30 23 27 19 41 9 34 12 32 27 19 36 23 22 30 16 32 20 44 16 38 10 15 24 26 22 26 25 34 16 29 27 12 10 12 18 19 
28 24 24 14 21 19 28 23 22 22 24 23 19 10 13 29 17 26 20 21 24 34 20 16 29 17 14 32 46 44 19 25 15 21 35 23 32 21 24 5 31 30 31 22 22 17 8 24 35 43 32 33 29 18 15 17 24 12 20 19 13 27 17 11 19 16 11 22 25 36 23 32 25 25 12 26 24 31 24 21 13 17 18 22 22 16 31 28 24 22 11 19 34 16 36 14 18 27 14 15 17 21 27 24 20 22 8 20 22 17 19 13 18 29 39 20 15 17 16 24 
17 16 16 20 19 19 25 14 32 36 24 17 18 14 12 23 14 25 22 31 21 35 20 21 33 17 13 26 17 34 12 25 21 18 19 23 26 16 25 17 18 28 19 20 16 18 13 28 21 12 32 19 21 16 29 12 33 15 16 15 18 24 18 21 19 38 21 21 36 35 44 24 19 16 22 23 35 20 12 28 26 27 18 22 14 6 35 45 20 31 16 26 20 15 27 20 20 17 27 24 11 36 17 14 16 20 22 20 15 31 24 49 17 18 21 18 14 23 33 22 
24 14 21 14 26 26 35 12 16 34 31 15 30 19 20 31 22 16 29 19 36 6 18 24 28 21 20 26 21 20 14 22 18 26 34 14 26 6 28 23 33 23 26 23 14 17 21 43 33 19 34 27 24 25 23 40 30 9 18 14 14 24 7 22 22 34 16 30 31 24 23 29 28 28 24 23 14 28 13 24 29 5 19 15 22 17 22 28 18 39 9 35 31 8 13 10 18 19 5 8 17 16 23 30 26 20 22 12 25 16 19 21 12 35 33 10 13 22 26 20 
22 18 25 13 17 12 26 28 34 26 25 22 25 8 20 32 18 28 37 23 22 17 23 17 33 21 19 28 39 27 13 27 13 23 38 11 19 22 27 19 25 40 25 20 18 7 14 25 23 36 40 21 19 21 23 34 28 24 16 27 18 26 22 13 23 26 27 29 18 29 27 20 19 18 12 24 17 25 17 24 22 17 16 22 21 26 31 23 21 24 18 11 28 17 21 25 15 21 21 23 15 16 17 22 24 14 22 24 21 21 20 11 10 34 28 17 16 18 26 18 
30 16 24 11 16 21 21 19 29 41 28 19 17 15 22 31 15 23 23 28 42 19 9 19 37 14 20 27 23 35 18 10 17 20 16 19 24 17 24 26 14 24 18 22 17 12 16 24 44 21 32 16 22 12 21 25 22 16 12 25 12 31 22 15 28 35 19 34 27 34 28 20 33 25 29 21 25 16 18 18 18 11 12 16 18 19 20 38 11 34 13 27 14 20 33 18 31 28 27 18 22 37 23 23 23 15 25 26 29 22 22 23 16 36 30 17 9 16 24 25 
9 37 17 11 26 14 26 24 37 32 23 16 19 17 16 19 20 17 34 34 35 36 19 22 23 13 22 18 25 32 17 28 12 15 26 19 18 20 17 22 37 18 15 27 13 25 15 28 10 31 30 33 6 21 19 28 30 17 17 15 17 23 23 25 39 29 13 50 29 36 24 24 38 4 30 31 25 24 17 12 27 20 18 20 5 23 27 31 16 31 19 23 19 15 43 20 45 15 16 14 16 34 21 38 14 20 18 26 23 21 19 29 22 23 40 17 9 27 19 33 
19 14 33 20 22 14 16 10 33 37 24 15 20 16 26 37 16 28 7 38 24 34 19 21 25 20 20 33 18 38 18 34 17 29 37 14 17 18 17 21 19 20 27 30 20 21 13 26 16 16 26 28 18 20 16 18 9 14 30 15 11 16 19 21 27 28 22 20 21 17 44 18 34 13 30 23 25 19 14 28 29 18 16 23 40 16 21 11 22 35 21 22 24 20 41 19 28 24 11 13 24 26 16 28 20 10 18 21 27 27 20 38 16 40 32 22 19 38 17 31 
22 14 25 14 17 19 19 13 16 18 19 21 33 19 12 36 12 30 34 19 37 32 23 13 13 16 18 44 22 20 13 15 20 21 30 19 17 18 23 15 23 24 16 26 14 15 15 23 29 41 20 32 32 21 19 30 20 14 17 26 15 26 13 26 29 26 26 24 20 29 33 25 20 15 25 31 31 17 21 20 20 21 16 23 24 22 39 21 20 29 12 12 26 16 28 17 25 10 11 11 25 26 16 27 13 20 19 26 20 16 9 33 19 30 43 14 10 28 25 22 
30 9 12 17 16 16 23 14 31 34 26 17 24 21 25 40 21 40 30 37 18 20 8 12 16 26 15 13 22 19 16 30 16 17 32 21 20 23 34 15 24 15 24 23 17 12 12 33 17 27 36 30 18 14 25 24 11 13 16 7 25 25 20 28 27 24 18 27 32 15 29 27 11 16 37 28 21 26 14 21 27 26 17 25 18 20 22 19 14 13 14 11 26 20 22 12 24 23 18 19 18 34 21 14 25 24 22 25 25 23 19 18 14 24 33 23 13 27 23 28 
17 8 25 12 18 28 21 21 35 37 27 20 31 14 8 37 21 23 28 13 26 23 19 7 29 20 23 35 25 26 16 25 19 17 40 15 18 17 17 20 12 30 25 31 8 25 11 40 32 31 34 30 22 7 27 23 28 14 18 20 14 29 21 10 22 25 21 20 19 30 20 13 15 22 36 17 27 22 17 11 12 15 16 13 29 18 34 41 15 24 18 23 21 14 36 24 27 27 23 25 24 22 13 38 13 17 11 22 14 21 16 30 15 26 34 17 14 17 16 30 
31 28 33 21 27 23 23 16 23 42 17 18 22 7 18 22 25 17 33 28 33 19 18 23 28 19 22 32 33 36 8 27 17 33 18 16 23 24 24 20 24 28 7 38 16 14 19 31 29 21 47 25 13 22 4 12 16 28 16 19 19 31 20 17 32 41 21 21 30 33 17 22 25 16 32 24 27 33 20 23 18 21 20 21 27 19 35 35 12 19 9 16 27 11 38 18 25 21 11 25 9 36 22 15 25 20 17 33 18 20 16 32 9 24 31 13 17 23 25 23 
21 27 32 9 28 19 22 11 30 20 27 14 20 18 24 18 15 23 39 35 14 35 13 19 24 22 18 19 24 28 7 23 12 24 51 10 21 17 20 19 25 13 22 24 19 12 19 19 28 18 20 28 25 25 21 17 31 14 16 15 21 23 22 23 16 10 19 21 32 31 24 13 27 25 36 29 33 15 19 27 15 25 14 16 26 26 36 29 7 37 15 27 9 14 15 17 28 22 21 32 22 41 15 32 23 21 17 34 24 21 32 29 17 18 38 12 11 26 36 17 
17 10 34 24 21 24 34 19 29 19 30 29 29 20 15 21 25 29 33 27 34 28 12 18 27 30 26 28 30 32 16 21 11 19 33 16 20 18 21 21 29 28 14 28 10 23 17 29 26 28 31 31 41 24 22 25 21 17 27 17 19 24 21 13 19 22 21 24 35 41 31 28 32 12 46 20 33 24 16 17 20 22 28 20 28 23 33 38 14 28 8 13 25 20 24 26 23 23 14 23 18 24 22 35 29 17 27 29 28 20 24 36 23 38 25 12 15 25 30 16 
21 18 24 12 26 22 28 19 20 32 25 14 29 18 17 35 19 37 48 22 41 32 18 22 13 31 24 27 30 28 19 21 18 25 23 15 17 20 31 17 30 24 13 13 11 16 12 30 22 30 30 12 26 19 19 17 33 13 17 25 18 21 17 18 19 29 18 19 24 33 20 12 35 27 27 15 25 20 16 9 33 19 22 20 41 22 37 37 29 31 17 28 34 11 22 28 26 27 28 27 22 25 19 35 27 20 35 16 25 31 18 31 13 30 36 20 16 21 34 28 
27 20 21 12 26 10 21 16 26 18 18 21 25 18 28 28 20 35 24 26 39 43 19 19 23 25 27 28 44 28 15 21 21 26 37 15 11 25 19 29 13 24 32 25 17 23 18 33 30 39 26 27 34 16 23 33 25 15 12 26 14 32 14 25 27 32 22 25 29 26 22 20 25 16 39 22 29 11 18 31 28 24 18 28 25 34 35 29 19 38 9 22 31 16 34 23 21 30 8 20 32 36 16 20 26 23 21 15 22 24 18 38 16 36 32 13 14 16 17 19 
14 29 15 11 9 11 30 19 33 8 44 21 19 15 23 29 12 12 29 29 35 29 18 23 27 27 24 20 27 27 19 22 12 31 27 17 16 20 29 16 25 19 22 22 15 15 19 18 40 29 12 13 29 15 14 11 23 23 26 22 9 23 25 7 30 11 33 20 16 24 37 22 18 23 34 26 12 28 14 28 24 22 13 36 28 19 39 38 17 29 18 14 29 22 23 21 24 26 15 29 16 40 16 25 26 19 27 34 29 29 23 47 15 39 35 14 18 21 17 21 
12 23 25 21 24 29 26 22 15 30 39 19 11 25 12 18 26 27 27 20 25 27 16 17 22 21 27 24 27 36 17 10 17 10 30 19 19 22 34 19 27 21 19 26 18 23 18 20 36 28 24 22 24 7 7 20 24 17 20 30 15 33 19 31 34 27 24 13 19 32 33 22 18 13 40 20 32 28 11 19 21 18 21 23 36 14 28 17 23 22 17 27 29 11 37 15 29 16 14 19 12 27 13 16 15 13 28 21 28 20 31 36 17 33 26 20 11 26 23 20 
22 25 19 15 22 13 33 20 30 35 18 21 21 17 9 36 21 30 40 41 31 30 12 21 27 26 31 28 24 32 13 37 22 19 23 19 23 24 23 16 31 24 9 24 18 13 3 32 30 28 35 27 17 18 21 26 28 14 19 14 6 19 16 14 25 29 9 35 26 24 18 22 11 16 33 26 10 27 23 12 35 12 10 30 29 28 40 48 19 20 12 27 26 11 15 16 18 26 19 18 27 32 18 28 23 19 25 24 26 15 12 37 23 39 24 15 18 27 13 32 
32 14 31 8 26 20 25 14 37 43 16 17 15 22 15 37 17 20 36 21 26 16 22 19 26 27 31 31 30 39 16 22 12 11 22 18 21 19 24 17 29 24 21 28 18 27 17 36 41 38 13 26 30 24 23 19 28 18 20 27 21 20 25 28 13 15 12 25 31 36 35 20 29 10 22 20 35 40 13 20 25 21 21 20 40 12 25 41 12 22 19 22 17 16 41 17 33 27 19 33 20 25 10 46 25 19 28 21 26 16 20 42 16 40 45 11 13 33 10 28 
10 26 29 7 20 13 24 25 29 36 12 23 27 11 27 27 21 27 35 31 48 32 17 14 26 21 28 24 40 20 12 16 13 28 17 16 19 18 28 20 28 13 21 28 9 20 6 36 37 22 36 24 31 12 11 29 26 13 19 14 6 33 16 25 27 29 28 35 21 37 25 10 15 21 35 25 21 26 8 12 27 28 18 16 36 21 40 31 12 30 14 27 12 12 32 25 13 30 15 17 14 19 10 37 19 17 26 18 18 26 30 41 18 25 16 14 13 23 34 22 
13 18 25 22 20 15 17 11 32 30 29 24 26 22 18 20 16 29 23 17 37 35 12 24 23 17 31 23 31 29 18 25 16 22 21 17 18 15 41 15 24 20 29 32 12 13 10 49 21 21 26 32 24 34 8 17 14 17 17 22 19 15 22 17 28 29 21 34 30 26 29 15 15 16 20 35 12 18 14 19 22 18 21 27 31 16 17 37 15 40 21 21 20 18 32 15 39 27 15 26 25 38 22 24 12 20 26 27 23 29 21 28 18 47 24 14 15 24 16 26 
23 24 23 15 21 14 29 13 24 20 40 23 25 20 25 34 21 26 39 15 30 38 11 30 28 16 27 33 27 35 15 36 13 19 31 16 23 10 17 23 22 32 14 40 10 12 11 30 26 18 24 30 28 22 25 28 28 17 4 19 23 27 20 26 25 27 23 27 33 32 27 16 17 14 23 28 26 28 19 26 26 24 16 18 32 29 35 24 19 21 12 33 29 13 18 16 24 25 17 30 26 32 20 33 13 9 33 21 21 12 13 44 21 21 34 17 14 29 21 31 
23 19 15 19 26 8 28 16 28 27 33 11 26 15 16 33 17 35 31 8 23 29 14 14 23 16 28 31 22 26 18 16 18 17 27 13 25 18 26 14 24 28 22 32 16 22 17 40 33 28 27 28 27 15 6 26 35 14 14 17 22 23 19 14 18 35 11 29 13 53 15 20 27 13 25 33 21 23 18 21 24 11 18 15 32 30 46 26 12 27 10 17 29 17 24 17 24 30 16 16 19 35 22 18 28 15 27 26 18 23 22 32 20 38 23 14 13 21 24 16 
20 17 22 12 22 14 19 18 28 36 28 24 18 11 23 26 28 32 29 8 20 31 14 23 29 20 17 37 40 34 18 32 21 21 13 12 21 18 26 7 20 38 24 27 20 25 13 33 33 38 35 26 17 18 23 22 29 9 16 16 24 28 22 25 22 36 26 34 32 29 36 20 25 13 55 18 18 24 20 11 25 21 17 25 22 25 17 26 24 28 12 11 21 27 14 19 18 28 19 27 11 25 16 21 17 13 27 24 17 11 25 40 16 31 23 13 13 19 22 18 
16 18 22 11 23 12 31 25 45 41 29 21 28 13 17 35 19 29 47 33 37 22 17 11 24 32 29 19 30 11 10 20 15 18 32 15 26 29 29 14 21 36 25 18 22 21 17 41 26 38 28 24 16 24 9 18 28 14 25 17 14 13 14 17 15 29 29 21 23 25 23 26 17 18 27 25 25 16 21 18 28 23 18 28 31 38 38 46 26 29 18 26 22 10 28 37 28 13 16 24 20 27 23 27 21 14 20 15 19 30 21 45 15 51 24 21 12 38 17 14 
30 7 25 16 20 25 25 15 7 27 34 18 28 13 17 24 22 33 31 13 22 38 15 21 36 30 13 32 17 47 15 19 20 19 26 17 19 21 32 13 42 23 18 15 23 22 24 39 18 21 22 21 28 22 14 22 24 22 26 15 14 31 26 23 23 18 13 30 11 42 30 19 23 17 32 29 35 23 23 26 37 17 27 16 27 31 30 36 20 26 21 19 18 12 25 26 23 16 12 21 28 14 19 28 20 22 23 19 30 23 27 50 20 35 31 12 10 7 27 27 
27 6 29 16 23 13 27 11 47 37 38 23 19 17 7 27 22 27 30 21 36 20 17 19 34 15 14 35 35 23 12 16 16 29 27 20 21 21 27 20 20 30 19 22 17 19 25 10 30 26 19 30 24 20 11 13 26 10 13 27 15 28 17 42 23 18 29 21 30 24 31 15 32 24 30 24 22 24 22 9 22 19 18 16 30 20 27 43 21 47 21 14 21 26 31 30 28 37 2 29 14 28 21 6 31 19 9 30 17 15 22 42 9 28 28 18 12 14 16 24 
18 11 24 23 29 24 34 11 20 15 37 20 9 21 18 20 15 21 22 28 48 27 17 13 28 33 29 31 20 16 18 25 13 22 41 25 20 27 32 8 35 20 17 19 14 23 12 16 31 25 17 21 28 18 23 39 23 9 8 7 20 18 18 14 19 34 22 23 36 38 26 36 24 17 12 28 28 26 15 29 20 16 23 23 37 21 32 29 31 26 10 34 23 17 24 25 41 37 13 29 20 28 15 35 19 10 21 18 15 33 22 43 11 20 28 11 16 30 25 17 
10 20 40 14 21 16 32 14 38 36 22 21 18 18 16 33 17 26 42 41 9 31 13 17 14 14 16 22 14 18 14 21 16 17 37 11 22 9 23 13 24 21 20 46 14 20 19 19 58 24 33 35 18 22 19 23 25 14 19 23 24 17 25 18 10 27 25 36 37 17 28 25 30 18 29 24 41 32 10 25 10 22 13 23 32 12 26 35 24 36 15 20 9 13 30 27 42 26 13 23 2 14 22 33 19 29 24 12 28 7 27 36 17 41 24 8 18 21 21 27 
19 33 34 3 15 14 12 14 20 25 23 12 9 12 17 31 19 21 44 30 45 18 12 19 29 16 10 32 35 26 14 25 13 18 34 11 25 9 17 20 21 20 22 22 18 20 10 44 17 34 24 29 15 22 28 29 20 25 29 21 21 28 21 18 24 17 14 26 15 27 42 23 26 20 30 31 48 33 7 9 4 26 18 13 21 19 33 37 9 20 15 21 18 12 24 25 10 29 21 22 26 25 23 44 13 19 15 15 21 20 16 11 14 13 12 16 13 11 34 22 

MachineCapacities:
MachineID Capacity
0 10
1 10
2 10
3 10
