NumTasks NumMachines NumScenarios
25 4 30
TaskDetails:
TaskID ReleaseTime ResourceConsumption SuccessorsCount Successors...
0 0 6 10 8 9 1 9 
1 0 6 7 10 4 1 10 
2 0 9 7 8 5 2 7 9 
3 0 1 1 1 4 2 7 9 
4 0 2 7 4 1 0 
5 0 3 1 8 6 1 7 
6 0 1 2 6 4 1 10 
7 0 2 4 9 5 2 8 10 
8 0 3 9 9 8 0 
9 0 4 7 9 5 0 
10 0 5 2 6 8 0 
11 0 1 9 2 5 2 19 23 
12 0 8 2 6 5 5 15 19 21 23 24 
13 0 9 2 7 9 4 16 19 20 23 
14 0 8 5 9 9 2 18 21 
15 0 6 4 1 4 1 20 
16 0 8 1 8 7 3 21 22 24 
17 0 8 5 6 10 4 20 21 23 24 
18 0 5 4 2 10 3 19 22 24 
19 0 7 5 7 1 0 
20 0 5 4 9 2 1 22 
21 0 9 2 3 4 0 
22 0 4 8 3 2 0 
23 0 2 10 2 4 0 
24 0 8 2 6 1 0 

23 10 13 25 7 30 22 17 13 15 11 12 11 20 20 11 16 13 19 36 23 24 19 28 20 28 17 28 42 43 21 20 22 14 26 13 32 14 30 27 22 11 12 11 14 14 29 10 26 16 39 22 19 29 19 9 27 18 22 16 11 20 29 15 20 29 21 35 30 19 19 12 7 13 29 17 13 29 29 23 16 19 13 33 46 31 16 15 36 20 15 13 41 17 29 14 38 20 17 27 
24 12 14 33 13 15 18 22 11 22 15 18 18 23 12 12 35 14 30 25 20 30 20 15 20 14 23 28 16 33 21 21 19 16 28 12 15 12 25 22 21 8 13 14 9 26 29 16 32 28 41 22 26 24 33 13 33 35 24 11 27 33 21 22 16 22 19 43 18 33 20 14 14 8 23 30 13 22 37 18 11 20 30 29 38 19 32 11 25 22 14 12 23 15 38 18 43 38 16 26 
21 8 19 37 14 18 19 26 11 14 16 19 8 22 16 16 20 16 29 17 16 32 12 10 17 4 24 41 25 31 19 15 28 15 10 14 45 22 16 28 18 7 9 4 16 29 15 16 32 26 29 18 19 19 15 13 20 29 38 20 22 20 25 12 18 31 18 31 28 20 6 14 15 9 24 17 11 13 21 15 19 22 11 24 33 27 31 11 42 14 14 18 20 15 27 18 35 34 20 22 
20 6 18 31 14 25 13 29 3 19 8 18 11 21 18 12 28 12 21 29 19 29 15 16 20 10 34 36 30 33 8 27 19 12 25 16 32 21 18 22 20 10 15 12 13 16 25 16 32 17 28 20 16 34 32 10 38 23 17 18 10 30 22 5 8 16 16 33 26 31 19 20 15 14 20 20 13 27 16 24 18 9 27 24 31 23 24 16 29 11 15 12 32 12 26 22 24 23 10 15 
17 13 20 17 12 10 18 33 15 16 11 22 13 14 11 11 30 4 22 22 4 21 31 20 15 21 41 20 27 30 16 19 14 14 25 12 16 21 26 26 15 12 11 7 14 24 21 18 35 24 20 29 14 31 18 14 32 34 22 11 21 15 17 12 14 18 19 15 9 29 35 19 14 14 24 16 11 30 29 21 16 15 19 34 28 17 27 20 23 22 10 15 27 24 28 14 30 16 14 25 
19 14 11 20 10 17 24 23 15 7 18 14 9 24 21 12 20 16 2 18 20 20 28 23 20 12 29 33 37 20 25 40 19 15 25 16 21 22 19 33 17 12 13 11 13 17 17 18 34 17 14 25 17 38 20 2 39 21 19 22 17 26 28 17 7 16 10 25 14 17 29 16 8 15 21 18 10 27 33 10 11 18 36 10 24 19 31 8 34 18 19 12 25 14 33 12 41 29 17 15 
15 11 7 33 13 22 16 35 16 13 11 18 14 15 13 9 46 9 34 24 13 9 27 25 16 26 24 37 25 23 20 15 19 17 12 16 34 24 24 28 20 14 10 7 12 11 10 15 25 24 32 18 13 24 28 14 29 15 30 17 32 38 21 13 17 24 20 23 13 37 27 12 12 6 32 24 14 15 33 30 11 20 34 22 26 18 45 10 27 31 18 11 30 17 20 10 36 28 12 18 
16 15 12 26 9 23 11 38 15 11 16 28 12 22 20 16 28 16 18 21 17 32 17 20 19 22 38 33 34 19 22 14 20 14 39 16 40 9 35 22 15 11 13 9 14 26 22 19 29 22 35 36 18 27 32 6 24 24 25 9 29 17 25 20 10 27 11 27 22 25 25 17 13 10 25 32 13 32 18 12 15 13 20 15 39 19 34 11 30 30 10 11 23 16 26 23 33 30 16 21 
25 11 26 28 9 17 24 25 6 21 16 19 14 22 16 5 37 12 31 19 16 28 30 24 13 16 25 39 30 22 8 20 16 10 26 14 40 19 19 26 10 13 9 7 9 22 19 9 37 17 47 26 11 18 27 14 23 14 32 14 12 31 23 13 13 26 16 22 16 39 25 20 13 16 27 18 9 26 27 24 12 14 50 22 25 21 23 14 25 16 21 14 31 15 15 20 31 9 13 19 
21 9 12 22 12 21 25 19 10 20 14 26 13 24 13 13 31 17 25 27 23 26 17 15 20 23 20 34 18 25 18 18 22 11 17 12 34 21 17 23 19 13 13 9 10 30 22 16 24 20 19 26 20 35 29 20 37 29 16 15 13 31 31 16 12 2 21 38 18 18 24 17 10 11 24 22 13 34 36 18 13 10 35 17 26 20 24 7 26 10 10 11 19 10 22 21 29 25 15 35 
29 14 17 38 16 19 14 23 10 15 15 31 10 31 7 14 22 16 21 20 15 36 37 24 17 14 26 26 30 35 17 26 17 15 18 14 22 18 20 20 17 7 13 9 17 25 23 18 20 15 43 11 11 36 24 14 20 31 37 17 23 48 19 12 19 29 20 19 26 15 39 19 13 12 23 15 15 36 32 15 19 12 22 18 31 16 29 17 43 27 15 10 37 21 29 16 27 29 11 22 
15 11 10 21 9 15 15 23 10 11 13 23 16 26 16 10 45 15 42 33 13 22 22 15 15 15 25 23 21 24 6 24 20 17 13 11 35 27 18 25 13 9 14 9 13 26 25 20 34 20 38 17 11 20 34 12 38 27 33 20 31 39 26 22 14 29 10 38 15 26 30 16 12 13 22 26 11 18 36 17 10 24 41 25 29 14 27 14 22 10 16 12 24 10 25 19 32 16 17 30 
11 14 17 24 10 26 11 26 12 21 12 20 7 16 17 12 28 23 29 15 22 16 33 27 18 19 14 41 35 27 16 22 21 14 16 16 32 16 26 33 12 12 19 9 13 29 24 10 30 24 23 20 9 9 28 14 22 32 30 11 19 21 21 11 18 43 16 35 22 29 26 20 13 14 24 22 16 12 20 15 13 15 35 15 25 18 26 8 50 24 17 9 16 17 27 25 23 32 19 21 
21 11 23 23 15 18 14 34 12 15 9 29 18 31 17 8 23 14 15 22 19 31 19 16 19 21 42 26 38 25 19 25 20 13 23 17 29 23 16 27 24 12 17 9 10 23 21 14 29 23 27 20 22 28 33 14 19 25 26 3 25 28 25 14 18 24 20 34 20 36 22 16 17 15 19 27 11 33 29 23 11 18 16 20 30 25 27 14 22 15 19 11 12 19 26 18 36 21 18 19 
26 9 18 28 11 21 18 31 10 10 9 29 15 21 16 19 11 17 42 26 19 45 20 19 11 18 22 36 34 36 22 19 16 18 19 16 32 26 23 24 20 13 14 14 20 24 9 20 30 17 25 31 26 17 24 11 23 28 20 14 26 19 31 17 19 11 21 36 22 35 33 13 16 9 16 20 11 30 42 10 16 19 18 28 24 31 29 15 16 15 14 16 27 12 31 16 30 35 9 22 
20 14 14 16 12 28 19 22 14 24 14 25 8 25 13 9 34 24 31 33 21 13 23 12 17 7 29 31 34 36 21 31 15 11 20 15 39 20 14 14 13 11 15 9 13 26 24 16 27 23 30 19 9 31 17 17 34 8 12 13 16 20 16 11 17 38 14 5 24 21 38 17 16 18 17 19 14 28 30 19 18 21 29 17 23 22 29 16 38 29 9 18 24 16 36 14 22 21 11 25 
19 12 21 23 8 19 18 15 14 22 14 26 13 28 14 21 14 12 15 22 18 10 17 15 33 11 21 35 20 29 16 17 17 11 29 11 21 10 22 14 21 15 13 9 17 30 27 11 47 14 28 31 18 35 31 10 30 24 18 15 28 19 26 17 23 26 12 26 21 21 36 17 11 17 33 28 11 20 23 20 11 9 32 21 28 30 38 11 32 26 10 5 31 13 31 18 30 22 10 25 
14 13 9 34 9 15 17 25 11 18 12 23 10 24 14 16 31 18 20 25 25 23 33 28 10 24 26 21 26 45 15 21 22 11 26 12 35 15 26 27 21 11 14 2 7 30 17 14 37 14 40 30 19 17 17 17 37 28 17 18 28 45 25 16 13 30 18 29 23 26 27 20 10 9 10 14 12 26 31 22 11 12 29 9 17 19 39 13 40 22 16 11 28 19 31 14 27 16 9 37 
22 10 9 26 13 25 5 28 5 22 10 19 10 25 13 12 25 19 33 12 18 27 12 21 17 14 33 32 18 32 15 16 14 16 22 11 22 15 24 30 13 9 15 11 11 23 19 17 40 17 19 26 14 29 29 16 37 35 30 8 27 33 14 18 10 29 14 27 14 34 30 17 18 13 30 22 11 19 31 24 17 22 26 21 33 24 13 13 30 31 24 11 37 16 26 18 22 18 18 29 
20 11 14 22 9 19 7 18 11 16 15 30 8 21 13 12 45 13 19 16 19 25 38 26 22 34 20 20 23 19 23 12 20 11 21 16 25 19 26 29 11 14 15 4 16 21 13 19 18 11 42 28 27 33 19 17 31 41 18 18 23 45 20 9 20 24 15 31 34 33 31 19 19 15 16 32 12 30 30 26 14 14 22 11 19 30 26 14 36 18 20 8 28 14 30 12 33 13 17 17 
23 11 16 16 14 15 16 12 14 16 15 28 11 18 13 8 41 10 20 25 21 29 27 20 29 16 24 27 29 41 10 23 20 14 22 12 32 25 21 19 17 10 14 10 14 19 9 25 34 18 26 16 22 18 26 11 28 13 29 19 16 35 26 13 9 28 15 17 22 15 32 11 16 10 4 31 7 21 22 16 14 14 35 7 28 24 37 16 30 29 16 9 33 9 24 17 19 36 11 21 
18 13 12 23 14 16 20 11 18 17 12 15 9 15 11 13 20 12 25 23 10 24 40 24 7 22 23 17 24 26 14 21 19 14 12 15 13 19 27 38 22 12 7 11 9 24 32 20 30 18 31 25 20 32 30 11 37 11 28 17 27 20 24 13 14 22 15 24 17 28 16 14 20 12 13 29 13 32 30 23 20 19 37 18 36 21 20 12 41 21 17 14 30 7 18 17 29 25 10 10 
15 14 14 33 9 23 19 21 14 13 17 18 11 25 20 12 30 12 27 18 19 27 39 23 23 23 24 26 38 34 12 24 21 17 34 13 21 20 31 28 18 9 20 10 14 18 23 16 30 24 37 24 19 24 29 10 28 23 25 17 21 20 16 12 20 26 25 28 26 28 26 22 15 18 21 24 14 20 24 16 21 15 11 22 32 22 30 10 18 13 15 12 31 10 45 18 32 32 8 22 
17 11 9 34 11 20 16 26 9 23 12 17 14 24 17 14 29 17 33 21 15 35 29 27 11 23 33 27 37 29 20 17 23 9 22 13 28 18 20 12 11 16 13 11 14 27 30 16 24 13 24 28 8 22 25 12 22 26 22 14 23 26 32 20 23 28 11 33 17 22 32 20 17 13 18 32 15 40 30 31 15 18 46 14 40 21 32 13 33 22 10 11 20 11 26 24 30 22 17 15 
14 6 21 18 10 10 22 31 14 14 16 24 15 22 8 14 25 16 25 16 19 29 23 21 19 29 18 28 26 20 22 19 16 11 17 17 38 6 8 24 21 11 17 10 14 23 25 15 22 15 22 21 13 26 32 14 34 27 28 13 22 24 30 27 17 35 15 29 20 29 28 11 9 17 29 18 13 23 26 22 14 17 27 21 46 21 31 17 45 18 4 18 18 15 37 16 31 26 12 27 
6 15 11 32 17 22 14 25 7 10 12 22 17 21 17 14 24 6 35 15 9 20 35 18 7 23 25 31 16 30 31 15 18 13 29 9 34 17 21 31 21 13 13 9 11 11 27 16 25 17 28 12 16 28 20 13 25 23 29 18 24 40 18 25 20 28 15 29 29 22 31 19 13 11 17 11 8 23 36 17 13 20 33 22 18 23 37 16 41 18 17 7 24 15 15 20 24 36 14 24 
21 12 11 32 8 19 16 26 6 15 16 23 12 16 13 10 46 8 26 25 10 31 33 13 20 25 21 35 22 36 17 22 15 14 25 10 17 12 34 18 14 14 10 7 12 26 10 19 31 21 17 17 15 27 31 14 22 31 26 14 18 40 31 14 17 21 23 30 26 13 27 22 7 13 15 21 13 28 29 24 20 16 21 8 30 14 27 11 8 28 22 13 33 20 20 16 35 20 18 21 
14 14 15 28 7 22 15 29 6 13 11 32 10 22 11 12 35 10 36 25 18 27 31 27 13 22 22 21 24 21 10 16 18 17 23 13 41 17 33 15 22 11 13 5 15 21 26 25 23 15 32 22 15 8 35 12 24 24 31 19 22 21 33 11 15 20 12 40 22 27 16 16 13 10 25 24 8 30 25 24 19 16 45 17 20 8 26 14 18 18 12 12 17 10 18 25 21 32 15 25 
16 10 5 23 11 15 15 29 12 16 18 27 12 21 15 15 25 17 41 19 16 24 34 17 20 13 16 43 27 31 20 6 23 15 20 10 34 11 11 24 25 10 13 12 11 35 29 13 25 25 22 29 23 24 20 15 40 19 30 12 29 16 17 13 12 16 17 16 20 26 29 13 20 11 24 11 13 30 44 27 20 21 24 31 26 19 29 14 30 28 22 14 21 22 36 18 22 35 16 30 
9 17 18 14 4 18 18 26 11 18 11 28 15 17 20 12 9 13 31 11 18 15 23 23 24 24 15 22 6 30 11 10 35 14 26 12 35 27 25 10 25 6 13 11 10 14 19 15 28 19 38 16 21 27 20 15 28 36 23 17 13 28 30 21 12 30 15 28 34 32 40 12 14 10 26 14 13 27 24 19 19 15 35 15 22 23 10 10 32 18 18 15 34 17 33 21 27 16 13 26 

MachineCapacities:
MachineID Capacity
0 10
1 10
2 10
3 10
