NumTasks NumMachines NumScenarios
10 3 50
TaskDetails:
TaskID ReleaseTime ResourceConsumption SuccessorsCount Successors...
0 0 6 3 6 0 
1 0 2 8 3 1 4 
2 0 5 6 1 1 4 
3 0 4 5 7 1 4 
4 0 3 3 2 0 
5 0 8 6 7 1 9 
6 0 7 3 6 2 8 9 
7 0 10 8 8 0 
8 0 5 4 6 0 
9 0 8 8 10 0 

17 21 16 26 29 18 21 16 19 20 13 28 19 12 23 29 17 11 26 15 9 30 28 12 21 31 22 22 29 19 
29 32 10 22 27 19 20 18 33 17 14 23 18 24 20 28 21 18 19 10 12 17 15 15 20 50 21 29 21 8 
27 15 13 19 3 14 25 15 37 21 16 23 16 29 17 36 13 16 14 11 6 17 21 11 23 36 11 32 33 21 
33 34 7 23 35 14 10 16 36 10 17 22 17 34 37 32 15 14 11 10 13 16 25 12 26 26 27 27 28 27 
33 14 10 8 51 22 33 12 34 22 18 22 15 28 26 23 16 19 9 13 11 20 29 12 17 27 19 21 24 19 
35 36 16 22 32 19 20 19 21 13 14 26 13 22 20 25 15 15 17 17 18 13 24 9 18 24 15 32 17 16 
24 29 6 17 30 21 10 21 30 31 23 31 13 21 23 34 10 22 15 11 15 21 34 12 27 46 21 16 19 15 
28 31 2 9 29 25 33 17 20 21 15 23 19 30 30 22 17 17 12 12 17 14 44 13 20 29 15 21 31 14 
17 14 13 13 30 11 17 21 29 20 14 25 7 23 22 14 13 13 17 13 14 4 28 11 28 27 13 28 24 16 
22 41 5 22 46 19 25 16 37 26 17 13 15 21 26 23 20 16 17 12 9 18 23 8 27 18 14 36 26 19 
40 18 14 11 35 7 25 16 43 24 21 23 16 20 35 9 22 14 13 13 6 15 28 16 30 26 12 30 30 19 
35 22 12 9 29 19 30 18 29 9 23 25 17 12 39 27 25 8 16 15 13 15 20 13 38 26 21 17 27 24 
28 26 13 17 63 14 17 12 27 17 15 27 18 28 32 23 16 17 18 10 20 14 39 14 13 27 16 18 27 14 
20 31 12 9 31 21 31 17 21 18 14 29 13 29 36 26 20 14 18 12 13 27 27 12 24 32 22 30 20 16 
36 28 7 16 27 12 29 19 41 19 15 17 17 23 20 21 21 15 14 12 16 15 25 17 28 36 16 19 27 16 
27 5 15 11 32 17 30 8 34 30 12 26 7 27 28 38 18 19 13 17 11 14 25 14 20 47 25 32 41 15 
20 32 9 28 22 16 32 18 37 13 9 32 12 14 16 31 12 15 11 12 12 23 30 13 7 39 23 18 21 18 
26 27 12 19 34 14 25 18 14 13 15 17 13 22 37 21 14 19 12 18 13 18 22 18 31 23 11 36 17 17 
26 16 9 17 22 22 22 19 33 25 15 18 11 13 21 34 12 23 15 17 8 20 24 13 34 35 19 22 26 19 
25 26 13 11 36 13 28 18 47 28 21 21 17 22 27 12 20 10 24 11 14 13 37 14 32 31 19 22 11 18 
22 22 9 19 35 14 18 14 20 11 14 20 20 21 43 37 20 19 12 13 14 30 33 9 25 29 21 21 35 23 
18 33 12 25 20 19 22 18 33 23 15 22 20 36 30 28 13 20 6 18 16 20 29 13 10 23 25 30 28 27 
18 25 15 20 26 10 14 20 29 18 17 26 17 25 39 19 17 20 16 14 14 22 21 12 28 37 27 27 25 19 
30 35 13 25 22 11 23 15 33 24 18 19 19 8 38 36 12 12 9 5 11 31 26 13 27 28 20 31 32 22 
23 35 8 21 33 17 28 16 16 20 20 34 19 35 35 21 13 8 19 16 15 21 35 10 37 34 18 29 36 19 
26 34 10 16 50 18 21 14 40 15 13 31 13 15 24 23 18 20 15 14 13 15 38 11 29 37 23 31 23 15 
22 33 11 14 38 22 29 14 33 14 17 15 16 17 38 23 15 17 13 11 12 16 25 8 39 28 19 45 23 17 
12 23 10 19 43 10 18 17 46 24 11 28 17 14 35 42 14 23 8 13 7 16 24 14 19 24 17 29 19 24 
13 40 9 19 26 17 21 19 28 18 18 28 17 13 10 21 16 16 16 12 12 18 38 13 24 16 16 16 34 20 
33 29 8 24 19 16 21 15 27 18 11 30 16 22 20 26 22 20 20 12 15 15 37 15 18 39 24 28 11 21 
24 30 7 24 26 13 11 17 32 24 15 18 8 13 24 11 15 15 6 15 15 10 20 16 19 27 15 29 48 16 
18 37 10 23 26 11 29 16 36 24 20 29 20 31 27 22 16 18 17 7 10 19 15 12 25 16 24 32 27 10 
26 20 9 13 27 21 18 11 30 10 11 37 8 23 12 18 13 13 20 16 13 13 36 13 21 31 18 34 21 25 
23 28 10 18 44 16 30 6 27 15 19 28 16 12 14 23 12 21 10 17 14 11 10 12 34 34 12 22 29 22 
24 40 8 8 39 19 23 15 34 9 19 26 13 33 24 23 15 11 14 12 12 25 23 14 17 24 21 16 19 7 
30 31 12 17 28 9 29 13 35 28 17 21 12 21 31 28 21 21 16 18 7 20 45 12 27 25 15 21 18 25 
27 32 13 16 22 11 16 16 37 26 19 15 11 22 28 21 15 5 9 15 13 30 23 18 19 14 14 34 27 23 
24 31 11 12 20 12 19 15 31 33 17 16 16 25 27 19 20 12 19 13 13 10 30 7 17 25 13 14 21 22 
32 21 5 17 31 17 18 16 33 16 15 21 11 28 14 27 7 3 17 13 11 22 16 13 23 22 15 20 21 20 
31 44 13 16 22 22 35 24 38 24 16 28 14 20 29 25 16 16 14 12 6 11 29 10 22 26 17 19 17 32 
33 33 11 17 28 18 15 21 47 14 17 25 17 25 33 25 22 12 13 19 17 17 28 10 18 30 18 32 34 21 
27 35 7 7 29 13 20 19 18 22 15 22 16 22 17 24 10 15 14 11 7 27 34 7 20 28 18 19 21 20 
26 13 8 21 28 24 30 18 24 30 14 14 12 27 32 23 11 19 18 10 16 19 31 12 24 38 23 23 31 22 
18 19 15 17 23 17 32 25 41 11 15 23 11 21 18 24 15 13 21 13 8 13 29 17 28 36 12 34 15 20 
10 42 6 15 44 21 29 14 23 30 11 26 13 16 38 23 16 17 14 11 14 15 32 16 15 20 11 23 34 13 
24 26 10 28 27 16 28 13 30 15 14 21 8 14 26 29 19 19 12 13 17 18 31 12 32 33 21 15 28 16 
30 24 14 12 35 15 17 23 38 25 16 19 16 24 38 19 17 17 27 10 10 15 30 13 18 36 17 30 12 26 
24 31 15 11 35 18 13 15 16 20 9 33 13 15 26 33 19 16 20 12 7 19 13 11 32 31 13 25 19 18 
23 32 14 20 24 19 12 22 30 23 16 27 17 30 18 28 21 12 12 11 13 26 26 14 30 38 16 28 42 22 
33 15 8 17 21 12 22 22 28 20 20 15 15 32 37 26 12 8 3 11 9 20 33 14 27 29 9 19 18 23 

MachineCapacities:
MachineID Capacity
0 10
1 10
2 10
