NumTasks NumMachines NumScenarios
10 3 50
TaskDetails:
TaskID ReleaseTime ResourceConsumption SuccessorsCount Successors...
0 0 9 6 4 2 1 4 
1 0 8 4 10 0 
2 0 3 8 2 1 3 
3 0 7 10 8 0 
4 0 4 2 1 0 
5 0 3 9 4 2 6 7 
6 0 2 7 10 0 
7 0 4 2 1 0 
8 0 2 5 5 0 
9 0 3 9 8 0 

11 30 22 14 30 18 8 28 11 29 40 21 19 29 34 12 14 21 36 18 18 28 5 10 30 19 20 7 15 14 
12 24 8 21 39 25 12 15 15 22 23 8 35 28 14 23 19 20 19 19 9 31 8 16 21 8 22 10 14 11 
14 19 45 15 20 50 12 9 26 26 28 20 39 31 18 36 22 33 17 19 18 19 36 9 29 11 11 7 20 12 
13 28 26 15 17 29 11 22 14 13 29 26 16 22 15 26 16 22 31 14 24 22 20 17 14 19 23 12 14 9 
9 26 45 15 35 27 14 17 22 24 21 22 21 33 25 9 23 38 13 22 18 21 29 8 23 14 20 10 13 15 
12 29 42 10 28 24 5 25 24 14 40 17 25 16 36 24 25 32 32 13 22 18 29 8 19 21 11 10 21 5 
17 13 30 17 14 43 9 19 25 24 31 22 27 32 28 26 18 41 16 17 18 16 31 7 26 8 29 9 14 11 
7 18 35 18 32 31 9 8 17 18 44 31 33 17 18 21 22 41 35 17 13 23 28 12 25 12 20 11 12 8 
4 28 25 15 31 30 14 24 24 15 29 23 22 32 28 22 25 31 34 14 21 10 27 10 30 14 18 10 16 14 
9 38 41 17 23 33 6 23 26 10 30 16 38 39 32 27 18 25 15 13 16 23 31 8 20 14 21 14 9 11 
16 35 27 8 13 39 16 27 19 10 16 16 24 22 20 23 23 17 24 10 18 23 26 11 30 11 17 15 23 11 
14 18 35 12 36 42 6 20 20 22 13 24 25 29 30 10 22 29 44 17 26 25 30 8 28 12 20 12 9 5 
11 40 19 11 28 21 8 15 9 27 29 30 15 13 28 27 25 36 40 15 25 24 35 8 24 13 18 14 9 4 
13 26 46 15 37 20 12 16 33 15 26 24 25 15 22 41 22 23 30 7 14 24 23 12 10 11 12 11 14 13 
12 35 25 11 16 28 10 26 25 29 20 19 26 24 26 37 15 28 38 10 27 25 27 12 30 13 15 14 18 11 
17 37 38 8 41 20 11 31 26 16 39 18 21 31 28 21 19 9 21 21 13 14 22 13 20 10 26 15 8 12 
10 33 31 16 28 25 8 22 19 27 11 25 22 36 38 22 24 30 32 17 25 29 32 5 28 10 18 8 16 9 
6 27 28 14 21 31 10 20 12 9 18 12 25 28 30 26 19 15 33 11 35 21 17 6 22 17 16 8 10 13 
12 37 31 13 34 18 6 14 15 32 31 22 16 28 22 23 13 25 34 19 21 21 24 12 30 17 15 17 15 10 
15 27 27 18 38 18 2 18 25 6 35 25 33 23 23 32 13 27 9 14 26 19 23 6 25 12 15 7 12 13 
11 33 20 14 33 31 8 25 11 33 24 19 25 27 27 32 27 18 39 14 20 30 29 14 18 16 23 10 13 9 
9 31 20 10 33 17 9 24 23 10 33 21 25 25 37 29 24 31 46 18 17 28 43 13 19 12 21 14 11 12 
16 36 45 14 29 47 12 20 19 24 28 23 9 31 15 32 18 16 20 13 21 25 18 13 52 17 22 10 19 10 
13 36 42 16 27 38 11 14 29 23 19 24 33 21 43 31 23 19 27 18 21 19 19 11 20 11 27 10 18 12 
15 39 40 13 30 33 6 22 21 18 26 18 24 26 30 27 22 33 38 18 20 19 31 13 26 13 26 8 15 8 
19 24 37 13 45 25 10 24 19 5 43 22 30 31 15 25 24 23 32 21 20 18 23 5 23 16 8 14 12 12 
7 34 17 12 23 30 13 20 21 14 15 21 27 24 22 25 22 33 31 18 15 23 33 4 18 14 16 8 10 13 
11 27 18 7 23 20 10 12 14 18 38 19 20 24 39 19 23 39 32 16 21 7 22 5 32 11 12 15 25 15 
9 33 46 14 16 15 10 21 18 32 45 17 17 22 29 19 5 31 29 17 23 29 28 7 30 14 24 16 15 11 
16 27 29 12 34 28 8 7 20 20 33 19 19 22 24 39 15 26 35 17 17 29 37 13 34 12 21 8 14 11 
11 22 42 14 42 18 10 23 15 23 45 21 30 22 29 8 15 24 42 14 16 23 23 9 26 13 11 3 21 12 
14 28 34 15 38 25 10 18 16 21 40 26 26 25 23 39 17 39 30 17 23 18 12 5 27 9 10 11 15 12 
12 30 22 17 37 39 14 17 22 13 33 14 22 20 29 31 11 12 30 15 10 24 29 5 28 17 21 11 13 12 
10 32 35 21 27 39 11 19 23 9 14 26 11 30 27 27 30 33 33 15 24 30 30 11 34 16 27 10 17 17 
12 30 25 11 27 40 11 19 18 33 27 22 21 40 23 32 15 47 31 20 28 34 35 7 25 11 16 13 19 15 
15 35 17 13 34 21 10 25 24 12 28 23 27 36 32 23 17 38 32 19 15 21 32 14 19 17 17 11 18 16 
14 25 25 15 29 28 12 29 24 24 27 18 28 34 34 21 26 28 23 9 24 19 30 8 25 14 15 13 18 9 
11 30 43 11 40 31 8 12 18 13 35 16 22 25 41 32 19 17 36 23 20 18 30 9 16 14 12 14 11 13 
12 29 32 17 30 31 10 31 31 21 19 9 34 10 13 32 15 29 33 20 17 28 19 11 24 17 24 16 12 9 
9 30 21 16 31 2 8 13 13 24 17 15 28 7 19 21 13 38 36 18 24 16 18 9 26 11 18 12 18 15 
12 27 52 14 25 32 10 15 29 25 27 21 28 37 31 36 25 25 26 16 21 16 23 12 25 15 17 9 20 9 
9 26 19 11 23 44 11 12 29 18 33 18 32 19 29 31 23 28 41 19 11 20 35 11 26 10 32 16 16 13 
17 29 14 7 32 24 12 11 20 21 21 18 18 24 27 26 23 26 33 12 27 19 33 12 23 13 21 13 18 9 
8 19 45 18 28 33 7 17 13 20 26 23 26 24 21 17 17 24 25 9 20 26 28 6 16 15 21 10 14 13 
11 27 25 14 26 26 11 22 24 25 28 20 28 15 27 37 17 24 49 18 12 19 32 7 40 12 14 14 15 13 
14 36 26 18 30 18 8 26 17 17 39 12 24 25 23 13 12 25 6 16 29 10 23 8 28 17 23 11 10 10 
10 32 34 13 31 25 12 18 31 24 50 13 35 26 25 19 12 45 45 16 19 21 20 8 41 10 19 16 16 5 
16 29 24 18 32 15 6 23 16 26 27 24 23 30 7 23 11 26 21 22 25 10 32 8 26 14 14 13 14 4 
18 26 28 14 32 25 10 25 27 11 16 13 16 16 24 18 15 29 18 13 21 28 31 7 20 19 21 7 17 8 
9 48 9 14 36 20 10 23 23 25 31 19 33 24 28 35 13 35 40 14 32 26 37 10 21 14 21 14 29 10 

MachineCapacities:
MachineID Capacity
0 10
1 10
2 10
