NumTasks NumMachines NumScenarios
10 3 50
TaskDetails:
TaskID ReleaseTime ResourceConsumption SuccessorsCount Successors...
0 0 3 4 5 0 
1 0 6 8 4 2 2 3 
2 0 5 8 3 0 
3 0 5 7 3 0 
4 0 8 6 2 0 
5 0 1 8 6 1 9 
6 0 1 1 10 0 
7 0 5 3 9 1 9 
8 0 6 6 6 0 
9 0 8 2 4 0 

23 14 17 16 40 48 17 14 42 16 18 41 29 28 12 20 23 20 17 17 17 26 25 16 7 27 14 24 14 15 
20 18 18 23 40 41 17 19 25 13 20 23 30 27 13 12 24 20 24 16 13 24 18 17 14 37 13 28 11 18 
20 18 22 19 21 20 24 23 25 18 16 38 33 27 18 27 12 15 25 12 19 28 25 14 11 31 10 29 26 17 
30 18 18 20 44 34 18 27 48 13 9 22 39 39 20 13 26 15 23 15 20 28 35 14 15 19 18 26 24 24 
8 14 15 19 16 45 22 18 15 22 16 26 27 21 13 19 17 15 29 10 37 17 25 12 8 31 2 19 24 15 
27 15 11 16 44 23 23 35 27 21 26 30 45 20 15 16 23 17 12 12 29 23 41 21 9 29 8 19 34 16 
17 17 21 20 41 26 23 35 32 25 30 31 28 30 20 21 25 15 22 12 17 34 14 13 3 26 14 20 32 26 
31 11 9 5 36 39 21 26 29 23 19 39 30 31 11 30 25 17 26 8 19 36 12 12 15 30 19 20 25 19 
31 13 15 17 32 38 18 32 26 28 26 28 36 24 14 18 30 9 20 10 17 33 31 16 8 8 17 17 23 26 
26 10 13 17 38 17 27 24 10 18 14 37 23 33 21 22 19 19 31 16 30 27 20 12 11 22 11 35 21 12 
19 9 16 26 22 36 24 27 35 19 9 26 22 23 11 21 34 17 29 11 16 31 31 15 15 29 10 35 23 23 
16 15 9 12 26 37 34 41 23 23 31 24 35 28 13 8 13 26 30 10 34 30 30 25 12 39 12 31 21 17 
23 13 24 13 41 27 21 9 41 14 13 31 15 23 16 17 34 19 28 12 28 21 30 16 13 27 11 58 23 18 
15 19 10 16 37 26 24 18 30 20 16 34 48 26 16 23 19 16 14 11 28 27 42 15 13 21 11 19 23 19 
11 16 17 20 19 21 13 22 33 15 15 23 33 36 17 30 30 11 18 17 21 19 34 16 8 25 12 35 30 14 
26 10 13 17 20 25 24 25 28 23 22 25 29 32 15 31 36 16 23 8 25 19 25 10 9 18 19 31 17 14 
11 12 12 12 32 16 28 25 31 29 11 36 29 32 17 20 22 16 19 14 11 30 32 16 14 21 22 36 27 10 
16 21 15 15 24 29 26 15 25 20 25 35 18 27 10 13 19 12 18 9 17 22 18 21 10 34 17 33 14 20 
24 8 21 20 24 24 33 19 27 14 21 20 17 17 13 12 28 15 33 15 28 20 23 20 16 29 14 10 22 8 
22 16 18 23 20 25 16 23 22 32 18 47 23 24 18 23 25 22 30 9 23 18 18 1 15 37 16 25 24 16 
20 6 14 12 39 21 28 40 33 16 29 32 38 36 7 26 28 20 17 16 26 23 34 10 11 25 16 33 19 22 
13 16 17 14 35 32 19 28 17 37 26 27 15 22 15 10 30 18 18 12 20 27 31 9 15 29 12 30 24 22 
25 16 14 12 29 44 20 36 27 26 22 21 20 30 21 26 23 13 15 16 30 23 21 12 14 28 15 42 21 16 
23 16 17 15 30 25 21 39 25 13 21 21 31 37 9 22 10 13 23 9 32 30 18 14 13 15 13 22 25 10 
19 12 16 11 35 18 18 36 38 23 17 22 23 18 14 22 7 29 28 16 29 33 40 11 15 29 15 39 19 20 
15 19 20 13 29 40 15 27 23 20 22 36 11 51 13 20 14 12 17 15 24 36 17 18 6 26 12 45 20 17 
20 9 18 16 32 22 27 18 9 21 16 33 30 37 17 35 16 18 30 10 15 22 26 14 10 18 16 32 28 18 
22 13 17 18 46 29 11 4 25 18 19 28 21 41 16 21 14 14 20 11 24 24 22 15 12 7 13 17 28 14 
29 13 23 17 50 20 16 33 17 31 27 35 26 28 16 18 27 11 21 13 31 24 19 14 9 31 16 26 22 16 
21 10 17 19 13 15 24 34 14 27 16 36 27 36 16 14 34 19 31 12 19 31 30 19 20 14 20 19 29 11 
31 14 11 21 22 45 31 28 13 22 27 7 22 41 9 20 25 18 14 10 25 19 35 21 7 32 12 32 28 15 
25 19 18 13 28 41 24 30 27 22 23 38 34 29 11 30 19 22 25 14 26 29 38 15 11 27 12 22 22 16 
24 16 14 20 25 26 31 36 34 24 20 34 35 28 21 26 20 18 14 13 22 24 22 17 11 32 17 33 28 9 
31 19 16 17 35 23 23 24 26 30 11 23 20 33 18 17 26 14 27 13 18 17 28 9 14 20 15 40 27 17 
10 20 17 11 23 32 22 34 21 30 26 27 21 40 23 11 15 13 22 15 23 25 16 12 11 27 19 21 21 10 
23 7 18 17 51 22 15 29 23 24 24 25 22 24 15 21 32 17 28 16 23 14 37 11 11 16 15 33 27 13 
27 19 15 24 22 40 23 23 18 26 18 28 34 22 10 19 37 14 26 10 22 36 38 5 16 22 14 31 27 18 
25 8 13 14 25 28 24 34 23 11 30 40 27 17 7 13 21 25 25 10 23 31 25 9 8 32 15 23 30 22 
16 14 16 20 30 30 22 11 36 10 19 16 22 22 12 16 29 11 28 12 24 31 24 11 16 27 16 30 19 7 
25 18 14 20 31 26 31 12 26 24 31 26 23 33 14 34 30 24 39 14 28 34 32 14 7 35 11 27 21 13 
30 20 15 18 29 22 26 40 27 19 27 28 25 45 16 26 28 16 23 10 36 27 27 13 17 11 18 20 22 18 
21 23 6 16 17 31 24 33 7 25 33 42 24 30 10 29 31 19 30 15 19 22 31 17 9 28 14 34 28 22 
17 20 18 13 45 33 25 20 41 19 24 21 22 27 13 37 18 16 26 18 34 26 17 10 10 17 10 25 18 14 
31 11 14 10 30 21 25 36 26 25 26 26 25 34 12 13 27 20 20 14 22 22 17 10 12 15 22 21 26 11 
25 17 11 15 21 29 17 38 27 13 15 44 35 37 16 28 27 12 26 16 25 18 27 15 12 39 7 14 25 20 
21 9 16 23 36 10 20 47 24 30 17 26 38 18 25 29 23 16 20 17 25 31 28 20 16 8 14 29 25 19 
21 9 14 19 30 36 26 19 15 22 26 22 23 20 17 24 22 13 22 14 26 27 33 25 8 27 16 26 19 16 
29 16 20 14 30 17 21 25 20 16 23 32 33 30 15 31 22 13 25 9 23 30 17 15 14 9 12 32 23 12 
19 13 11 20 37 26 26 30 28 21 24 32 33 32 18 26 30 15 21 16 24 18 23 5 14 26 11 11 19 16 
21 15 20 6 35 27 21 32 30 18 22 19 30 12 15 14 25 17 23 10 24 22 29 18 9 10 19 30 18 17 

MachineCapacities:
MachineID Capacity
0 10
1 10
2 10
