NumTasks NumMachines NumScenarios
15 3 10
TaskDetails:
TaskID ReleaseTime ResourceConsumption SuccessorsCount Successors...
0 0 2 4 5 2 1 4 
1 0 2 9 5 2 2 6 
2 0 2 2 6 1 3 
3 0 1 5 1 2 5 7 
4 0 4 3 6 3 5 6 7 
5 0 7 2 9 0 
6 0 3 4 2 0 
7 0 1 5 10 0 
8 0 4 2 6 2 9 10 
9 0 3 6 5 1 11 
10 0 3 7 8 2 12 13 
11 0 7 4 5 2 12 13 
12 0 2 4 6 1 14 
13 0 1 4 5 1 14 
14 0 9 9 9 0 

24 24 16 17 22 26 10 10 18 28 13 14 17 23 33 13 9 47 33 34 26 33 26 13 10 8 22 22 28 11 16 22 16 19 17 15 4 17 27 16 14 23 37 24 22 
27 31 21 17 18 25 15 5 9 27 15 21 13 20 5 17 26 38 23 33 32 42 41 19 13 13 21 23 29 25 12 21 7 19 11 11 9 14 31 35 3 26 43 18 47 
22 39 15 27 17 28 21 14 21 23 15 20 11 25 6 12 22 26 21 40 28 33 30 13 6 12 22 11 28 17 21 23 13 18 10 10 8 11 35 28 13 24 24 23 14 
24 35 18 28 20 27 12 15 20 21 10 20 19 24 28 18 24 33 30 32 40 45 37 14 7 9 19 18 36 28 15 12 12 25 14 10 8 14 50 27 18 20 30 30 23 
28 29 20 42 14 16 11 14 19 24 13 17 18 16 16 23 17 27 31 31 30 43 24 18 8 13 19 16 18 34 15 27 12 23 13 7 7 17 40 29 19 13 31 19 37 
24 16 15 33 16 19 16 13 10 19 11 26 11 26 23 20 17 21 40 29 23 24 46 22 10 12 10 19 26 24 19 22 18 12 15 12 17 6 17 28 12 38 19 21 23 
21 13 18 29 20 12 15 12 18 22 11 18 13 22 28 14 17 21 35 31 31 31 36 15 8 13 20 15 26 23 7 26 18 18 14 6 13 22 24 23 15 23 14 26 18 
41 43 15 36 21 27 18 9 11 3 15 12 12 20 21 18 17 41 23 30 24 26 37 17 9 10 22 20 19 17 8 15 26 19 11 9 7 17 13 16 17 24 24 26 24 
23 19 11 27 14 31 19 13 27 31 14 24 15 16 29 17 17 20 31 29 21 32 19 16 8 8 11 18 22 17 12 30 13 10 7 10 8 14 38 37 13 21 32 12 29 
22 36 15 24 17 5 16 11 14 29 19 14 15 14 21 12 19 24 28 36 40 14 39 9 11 12 20 18 36 16 10 20 11 23 5 14 15 21 40 23 10 31 30 16 30 

MachineCapacities:
MachineID Capacity
0 10
1 10
2 10
