NumTasks NumMachines NumScenarios
15 3 10
TaskDetails:
TaskID ReleaseTime ResourceConsumption SuccessorsCount Successors...
0 0 4 2 1 2 1 2 
1 0 5 6 9 2 3 4 
2 0 7 7 3 1 4 
3 0 1 5 4 1 5 
4 0 3 10 5 1 5 
5 0 10 2 4 0 
6 0 2 5 3 1 9 
7 0 7 4 7 1 9 
8 0 9 2 4 1 9 
9 0 8 8 9 2 10 12 
10 0 8 2 2 2 11 13 
11 0 4 2 2 0 
12 0 4 8 3 1 14 
13 0 9 2 6 0 
14 0 9 2 9 0 

10 17 21 8 36 29 31 21 30 8 20 25 35 18 9 16 10 27 30 25 23 25 15 7 24 25 27 13 23 32 16 24 29 27 13 31 21 27 42 18 15 11 21 11 41 
16 18 20 19 41 25 29 27 18 12 28 18 18 33 8 11 14 17 39 42 14 19 18 8 16 30 38 7 21 47 17 21 20 35 29 31 27 26 25 23 8 17 40 16 21 
15 11 16 25 28 24 23 11 21 13 32 35 18 28 8 16 18 33 10 30 23 30 18 12 12 21 15 12 33 17 14 25 43 34 21 31 25 20 31 21 8 8 25 14 20 
23 13 25 22 22 33 13 22 29 9 16 29 31 35 10 21 7 37 24 37 28 25 26 12 21 47 34 19 25 22 16 34 29 30 36 24 24 35 33 25 12 14 15 11 34 
23 15 19 9 21 26 10 24 16 10 26 32 33 17 15 15 18 21 21 17 15 14 18 16 20 28 24 11 23 44 18 37 22 29 30 33 10 16 14 20 15 12 28 12 33 
13 14 16 8 25 22 26 17 18 13 28 47 42 24 12 12 10 19 22 33 21 21 14 11 25 33 22 10 17 28 15 33 15 24 21 34 23 20 25 20 13 16 41 16 34 
21 4 18 19 29 32 28 30 18 7 27 32 28 25 11 12 14 16 27 27 17 20 21 12 19 16 33 6 16 35 10 29 27 37 12 36 22 33 37 17 10 14 32 14 29 
19 11 19 24 23 37 23 25 22 7 32 41 45 26 18 14 17 13 24 24 26 20 16 11 24 23 33 12 25 34 18 36 48 23 38 59 14 21 30 24 8 15 25 25 27 
15 13 20 27 42 20 14 16 12 10 18 34 31 25 10 12 15 13 28 34 19 24 19 12 9 39 20 11 22 8 16 19 24 25 27 24 25 20 28 29 10 13 26 17 18 
22 12 13 33 17 14 29 26 24 15 36 31 23 18 17 14 15 22 34 28 32 14 21 7 30 20 19 13 36 28 22 23 36 16 26 39 19 36 31 24 12 10 22 11 25 

MachineCapacities:
MachineID Capacity
0 10
1 10
2 10
