NumTasks NumMachines NumScenarios
15 3 10
TaskDetails:
TaskID ReleaseTime ResourceConsumption SuccessorsCount Successors...
0 0 2 4 2 2 2 3 
1 0 6 4 9 2 2 3 
2 0 2 9 9 1 4 
3 0 9 5 4 1 4 
4 0 7 5 5 1 5 
5 0 3 2 7 0 
6 0 4 6 3 1 9 
7 0 2 9 9 2 8 10 
8 0 8 8 7 3 12 13 14 
9 0 2 4 8 1 10 
10 0 9 9 10 2 11 13 
11 0 4 5 1 2 12 14 
12 0 10 2 2 0 
13 0 7 3 8 0 
14 0 9 8 6 0 

23 17 30 12 13 25 29 14 23 11 27 35 11 12 13 30 33 38 31 10 21 20 23 25 15 20 25 26 27 39 7 9 27 11 22 25 12 26 21 19 27 7 15 27 23 
16 8 15 27 25 27 23 15 26 10 38 42 26 14 12 32 24 27 32 19 20 29 23 33 7 19 21 18 20 25 12 11 26 16 17 33 9 27 39 21 16 12 18 20 14 
9 13 30 24 32 23 16 10 38 13 29 40 27 10 11 18 22 16 37 20 19 28 24 29 10 16 40 22 20 8 18 14 30 7 28 21 11 23 37 21 26 10 16 14 10 
25 15 9 23 27 33 11 22 22 8 30 23 37 7 9 28 22 30 31 6 25 27 28 26 10 29 21 26 24 25 10 14 15 17 20 14 10 21 17 26 21 8 18 24 8 
10 17 18 26 19 18 20 17 16 12 31 28 41 14 14 31 19 23 32 12 14 15 17 35 13 14 22 19 23 24 8 20 24 7 20 43 11 5 32 21 24 10 14 17 16 
25 14 27 16 22 25 30 12 35 12 24 17 29 13 19 19 13 30 27 9 21 17 27 31 7 13 24 25 20 31 10 17 21 14 18 26 11 15 24 24 17 11 19 38 17 
11 15 21 18 18 22 28 12 41 7 26 26 48 10 21 30 20 26 22 13 16 17 25 32 5 13 22 20 12 29 12 12 17 7 19 43 9 30 31 29 20 8 18 23 13 
33 7 25 15 26 19 34 11 30 12 28 30 39 7 20 33 22 45 26 16 15 18 26 30 13 21 17 19 22 21 10 11 24 12 26 10 10 35 48 21 26 12 14 21 10 
41 9 30 11 14 12 27 18 27 13 34 17 34 16 20 40 27 28 28 18 25 16 20 24 11 17 22 25 26 34 12 17 21 16 17 31 15 22 31 32 22 10 9 22 19 
23 11 36 24 25 25 19 13 31 11 31 36 36 15 11 29 33 23 15 18 12 23 23 26 13 23 17 16 24 26 9 12 8 9 20 25 16 28 22 20 24 13 23 21 10 

MachineCapacities:
MachineID Capacity
0 10
1 10
2 10
