NumTasks NumMachines NumScenarios
15 3 100
TaskDetails:
TaskID ReleaseTime ResourceConsumption SuccessorsCount Successors...
0 0 6 8 9 1 4 
1 0 10 7 5 1 2 
2 0 8 3 7 0 
3 0 4 8 10 0 
4 0 2 4 2 0 
5 0 3 3 5 2 12 14 
6 0 10 7 10 1 11 
7 0 6 1 1 1 14 
8 0 5 9 4 1 11 
9 0 4 7 6 0 
10 0 2 2 7 0 
11 0 4 4 6 0 
12 0 7 1 4 0 
13 0 8 8 3 0 
14 0 1 9 3 0 

16 13 30 22 25 34 30 31 17 33 16 22 23 20 19 26 25 19 24 36 26 8 26 20 17 32 22 33 19 21 27 35 36 21 23 20 22 21 18 15 20 21 12 26 14 
9 17 23 31 27 15 24 23 24 32 22 24 17 37 25 18 36 10 19 39 36 30 18 21 10 24 24 40 31 26 39 31 31 26 7 18 28 14 15 25 16 25 14 17 17 
14 15 22 18 23 21 21 28 13 38 19 37 20 21 23 20 29 17 30 27 44 16 18 24 10 39 19 19 24 28 23 31 24 14 14 17 25 9 14 36 32 30 16 22 17 
26 17 26 28 26 36 20 18 12 24 24 23 25 17 23 26 34 21 21 27 37 30 11 16 16 34 20 20 25 5 41 41 25 18 17 25 23 14 13 18 30 16 22 26 18 
15 22 34 31 24 8 26 20 19 26 32 20 26 45 16 19 23 12 42 23 30 19 22 23 14 34 25 31 34 23 38 30 20 31 16 22 34 18 17 19 19 25 17 22 15 
10 19 20 18 13 25 46 32 23 23 23 37 24 22 19 23 42 17 35 28 32 21 21 17 14 26 24 20 23 21 21 50 11 24 23 32 20 12 23 31 14 18 8 24 17 
17 15 17 3 27 37 21 21 23 29 26 19 19 24 13 26 30 27 26 31 27 17 14 21 19 27 24 30 12 26 25 15 29 19 18 22 23 15 13 26 25 32 18 21 14 
19 26 22 32 32 38 37 12 27 15 17 21 19 19 16 16 31 20 18 21 20 19 18 20 16 17 24 19 24 20 27 42 27 35 14 26 22 14 16 25 31 20 12 31 13 
13 9 23 37 17 33 24 20 21 38 23 23 19 33 18 18 30 16 20 23 25 18 17 20 12 37 24 20 33 22 50 31 28 21 17 17 31 9 17 24 26 22 17 26 14 
13 14 21 16 15 33 44 17 14 12 13 24 18 13 18 25 32 13 28 21 16 17 23 10 14 26 17 15 24 17 12 34 25 28 16 11 18 14 10 17 20 26 10 29 15 
15 14 31 25 17 15 34 19 31 33 24 15 24 24 26 27 29 22 47 21 28 26 18 23 21 43 28 30 19 19 21 14 17 26 23 17 27 22 9 26 22 17 18 30 15 
14 27 20 17 12 20 31 28 19 39 9 17 18 31 25 28 25 23 21 21 20 14 32 27 11 29 23 38 19 21 29 26 16 25 19 30 43 27 19 21 24 31 16 22 10 
24 18 21 20 33 32 14 15 24 28 19 24 25 30 14 28 19 11 32 16 30 27 19 16 12 27 26 25 11 32 34 28 15 18 22 21 16 23 14 25 22 18 13 14 11 
21 14 26 20 34 38 39 32 17 23 25 34 18 13 23 25 13 14 25 26 27 5 20 16 15 30 19 30 22 21 23 49 27 32 13 15 11 15 15 33 22 19 16 15 10 
14 13 22 26 18 24 24 24 18 36 17 31 24 47 20 27 14 23 26 35 32 20 34 17 11 32 21 27 16 12 22 24 18 28 12 22 10 22 19 14 33 19 15 29 15 
22 18 32 31 23 41 24 25 32 27 17 10 10 19 19 24 21 18 21 18 36 28 20 19 27 29 22 24 26 22 16 35 24 20 16 19 25 24 15 31 15 14 16 37 20 
9 20 31 17 23 32 35 17 18 37 21 27 22 22 20 20 39 29 27 30 30 21 11 21 17 43 25 26 25 17 28 38 19 23 19 12 20 20 15 26 24 23 17 21 19 
16 14 22 24 23 32 29 25 18 41 18 31 14 23 21 20 31 14 29 28 33 7 18 24 11 37 15 25 9 27 28 17 27 20 21 18 4 16 18 29 32 18 11 21 19 
18 19 38 31 14 14 33 25 35 38 20 27 23 27 16 19 39 21 25 33 28 16 16 13 15 17 29 30 19 17 27 25 30 11 19 16 23 15 14 27 25 30 18 36 18 
19 12 19 24 18 23 32 24 19 19 24 30 12 34 17 19 32 10 30 29 29 21 32 20 9 22 22 28 21 25 26 29 30 27 21 18 11 15 11 25 20 18 13 29 15 
15 22 19 34 26 17 43 24 26 27 22 28 30 23 28 17 23 14 24 27 21 14 19 14 18 33 17 30 13 24 38 15 28 19 14 31 20 15 20 21 25 32 20 26 10 
20 16 21 21 23 30 18 20 25 32 18 41 14 32 28 16 28 17 30 35 33 20 12 19 17 33 23 32 15 15 53 22 34 24 19 11 15 11 20 32 13 27 11 27 19 
13 19 37 26 10 33 20 18 33 35 33 23 15 32 18 17 36 18 20 33 21 19 14 15 14 32 22 23 17 16 26 42 27 5 21 20 27 19 18 24 23 31 14 23 20 
14 16 10 38 28 41 37 21 23 28 25 10 24 31 20 26 21 13 27 23 31 34 21 22 17 16 29 27 26 19 16 28 18 35 29 22 27 15 16 18 29 16 18 18 14 
13 16 31 12 32 40 29 17 18 37 22 34 14 21 19 22 29 26 33 12 22 24 15 26 14 22 18 17 19 22 30 25 13 25 19 24 19 15 12 23 25 18 12 19 14 
12 15 22 26 25 28 22 13 18 38 14 24 16 35 14 17 31 20 35 26 31 24 22 23 8 35 19 31 25 17 25 45 16 26 21 17 15 15 14 16 31 14 24 21 12 
11 14 31 22 16 34 21 28 27 30 29 16 21 36 23 30 27 13 33 23 26 28 21 15 19 36 28 28 18 18 23 24 22 21 30 20 16 14 18 23 31 25 17 21 15 
13 18 26 27 25 29 33 15 22 30 18 24 17 39 18 21 35 19 25 27 29 18 20 20 11 16 27 21 5 24 26 25 21 34 16 14 16 8 17 34 23 19 9 27 18 
13 8 29 32 15 21 22 23 13 22 27 34 20 32 27 23 17 17 31 26 20 20 8 12 15 11 32 30 19 23 30 31 28 21 22 18 10 22 15 20 17 9 12 18 12 
26 18 23 17 17 14 39 31 25 19 28 32 21 35 18 22 33 15 18 26 34 25 18 21 21 34 28 15 21 27 17 22 22 25 14 25 32 20 12 14 20 30 17 20 19 
12 15 21 7 26 33 11 15 22 30 20 21 16 20 24 19 33 27 25 32 36 14 18 4 24 28 17 19 30 16 14 34 36 27 21 18 23 25 9 27 24 19 11 26 12 
16 18 17 26 18 26 36 35 18 7 31 29 18 31 27 20 23 14 14 26 23 14 25 23 11 37 18 27 19 17 25 33 29 16 26 26 34 18 7 28 20 25 14 25 13 
15 19 22 29 24 36 30 15 22 22 16 34 16 15 16 18 30 15 42 21 16 26 20 16 11 48 21 31 24 14 18 25 28 30 21 12 31 20 12 22 21 16 13 24 18 
18 15 21 15 26 19 39 31 19 27 30 24 20 34 16 14 35 16 29 11 19 7 26 8 18 29 19 15 21 27 23 42 22 17 24 9 23 27 12 20 20 22 12 28 18 
26 18 29 23 27 28 37 25 20 30 32 28 14 29 28 22 25 23 50 35 34 14 9 17 14 47 22 23 22 28 23 26 26 32 17 32 19 17 12 21 21 17 16 18 16 
17 19 27 25 16 27 30 26 18 17 18 21 23 24 16 1 16 14 35 25 25 19 17 20 17 27 15 21 23 29 32 31 20 20 16 6 23 14 19 12 28 23 12 23 11 
16 19 31 28 23 15 34 26 17 32 28 21 17 23 18 16 31 22 19 18 31 16 20 23 15 25 17 18 19 15 19 36 37 15 23 24 23 11 17 30 22 19 8 35 15 
14 18 28 22 18 25 15 28 22 43 27 27 18 32 22 14 52 18 29 27 41 21 18 20 10 44 26 29 27 16 30 29 33 28 21 19 23 19 18 20 21 25 9 14 6 
23 17 29 20 10 39 19 21 24 23 21 40 17 18 13 20 40 18 24 31 29 10 26 23 19 26 28 40 21 22 33 31 28 23 29 21 22 26 13 17 16 16 9 27 13 
14 13 19 26 13 30 28 16 24 15 39 18 23 18 18 12 43 16 43 31 26 17 18 15 10 22 23 27 28 27 32 46 26 42 18 18 32 16 10 12 17 31 13 20 16 
22 14 26 29 21 35 19 26 32 34 18 14 15 26 14 20 13 7 41 23 20 16 11 20 16 35 14 30 20 18 25 26 21 15 21 18 23 17 15 26 23 19 11 12 9 
20 18 21 31 28 38 33 24 19 32 16 22 23 36 20 27 14 25 29 32 28 14 15 24 11 12 16 24 20 20 34 45 14 20 16 23 21 18 16 15 29 24 17 19 14 
13 16 26 42 30 29 24 28 17 30 21 26 17 22 31 22 36 24 25 23 41 28 21 23 11 27 22 31 22 26 24 15 21 25 10 23 33 19 16 15 25 17 13 14 19 
17 14 39 23 28 38 26 21 24 35 22 24 22 37 28 21 32 16 11 33 51 12 9 15 18 19 31 43 9 17 34 29 27 41 23 16 21 17 16 31 27 26 20 12 15 
15 16 33 21 12 29 26 21 24 23 15 20 10 38 20 18 35 23 40 32 28 20 28 19 19 33 29 23 13 14 30 28 34 36 8 27 22 14 13 21 28 21 13 29 7 
19 16 25 26 15 21 24 22 32 33 17 33 22 29 8 22 36 13 35 27 20 35 24 16 18 16 17 25 36 9 25 25 20 29 20 20 39 10 10 11 20 24 14 25 15 
21 14 21 29 19 34 31 9 24 15 19 39 19 41 22 19 34 11 22 23 19 15 13 17 17 40 26 22 22 13 36 39 18 21 22 20 25 19 24 19 22 24 16 22 13 
18 11 29 21 25 24 29 22 25 35 20 23 22 37 14 29 28 10 21 26 22 14 26 6 14 42 12 32 20 24 34 27 26 19 18 22 29 20 10 29 18 19 18 24 17 
7 13 23 20 24 36 27 15 18 34 36 9 21 26 24 26 14 22 38 22 22 18 25 24 22 28 27 28 22 7 17 37 28 21 21 25 26 16 22 26 23 30 11 29 13 
11 14 14 23 21 14 37 27 27 36 19 24 15 22 11 31 28 13 27 34 19 20 12 18 11 36 36 18 18 22 37 16 23 30 10 23 22 13 11 23 15 27 14 12 14 
25 17 44 16 18 16 24 19 32 29 28 31 14 26 26 26 25 12 33 39 31 10 20 16 23 16 25 20 22 33 32 29 11 22 18 18 17 22 14 29 20 22 20 21 10 
13 15 21 32 25 30 11 18 17 34 17 33 22 38 18 26 31 17 35 26 30 24 14 18 10 38 27 25 22 23 22 23 23 43 14 19 19 9 13 17 23 27 11 20 18 
17 9 24 37 22 36 33 17 23 34 22 33 21 20 26 25 28 15 19 32 44 14 23 19 15 9 25 22 24 25 25 23 34 16 20 18 21 20 14 28 2 24 15 23 20 
14 17 22 19 25 27 20 23 20 27 21 24 13 21 24 24 39 15 29 29 35 29 20 17 9 27 15 15 27 22 32 31 23 29 15 17 25 18 14 16 33 27 16 19 21 
14 14 25 8 31 35 22 17 25 39 13 22 19 39 13 29 34 11 33 27 24 24 21 19 17 24 23 26 15 22 32 37 34 34 24 21 33 11 10 24 18 23 17 28 9 
16 14 25 22 27 32 43 23 19 31 12 38 14 24 11 9 29 20 12 38 27 12 19 27 10 27 23 41 19 24 22 48 27 23 7 17 19 6 11 25 16 21 16 24 23 
17 11 23 17 21 12 22 32 26 32 12 20 19 23 20 30 35 23 19 33 23 12 10 17 19 35 19 30 18 20 21 22 17 20 20 19 22 22 12 29 21 29 12 22 16 
19 15 31 20 31 36 27 12 24 44 17 31 26 16 14 20 35 12 32 14 63 9 13 17 15 28 29 21 22 26 37 44 22 19 17 25 21 13 18 23 16 24 9 23 25 
21 14 24 26 24 35 45 31 17 33 17 29 24 19 23 13 30 12 31 17 29 20 17 30 11 29 19 27 9 12 40 44 32 14 18 23 36 21 17 11 25 23 18 26 8 
27 15 21 23 18 34 31 18 26 21 28 28 23 42 12 10 33 8 21 30 35 18 19 16 16 42 15 26 31 13 18 28 24 19 18 21 27 13 18 24 19 21 13 27 21 
17 12 32 21 29 40 28 17 31 36 30 43 20 28 26 22 26 15 28 20 35 25 15 9 9 13 14 18 13 17 29 32 20 30 28 8 32 14 12 31 17 18 16 16 17 
21 15 32 30 28 18 36 30 24 30 16 27 23 24 24 22 18 20 32 27 34 18 23 5 11 28 26 35 18 26 24 44 14 27 18 26 29 18 8 30 28 34 16 25 16 
15 21 33 28 13 19 25 24 9 20 18 26 17 34 30 19 33 15 34 25 41 25 29 13 16 30 21 16 19 25 45 39 26 25 19 19 11 12 14 15 18 18 16 16 10 
20 18 28 20 30 30 41 31 34 42 19 23 17 39 16 22 24 18 29 39 34 15 20 18 13 23 25 26 26 16 40 37 28 18 22 10 33 10 17 23 17 9 23 29 20 
14 17 30 32 18 37 28 20 23 25 18 31 20 38 7 21 50 20 25 22 36 16 20 21 12 27 28 23 9 11 25 14 28 22 15 26 27 12 18 20 21 23 13 43 7 
15 16 33 23 22 35 29 21 34 39 8 21 16 25 21 18 29 13 33 31 34 24 18 28 16 27 27 27 20 28 48 34 35 23 9 21 22 17 17 28 16 24 13 18 17 
13 10 33 19 22 18 18 23 17 38 25 30 17 32 32 31 26 27 19 25 17 17 13 21 7 23 24 21 20 31 23 19 22 27 16 18 24 25 11 36 23 28 12 21 23 
17 14 24 19 21 29 32 11 17 23 19 28 20 32 16 21 31 23 19 25 28 19 23 20 10 39 32 34 26 26 29 44 15 24 17 16 13 17 14 19 24 30 10 21 11 
19 11 24 21 16 9 30 18 17 27 3 30 22 37 20 28 21 18 21 15 23 29 32 20 9 33 38 28 22 23 24 42 28 15 21 21 32 19 6 23 28 23 18 28 18 
14 15 24 15 24 42 23 17 13 26 19 33 19 31 22 14 35 12 33 32 32 25 23 21 16 38 21 20 17 27 21 38 16 25 21 12 30 6 15 15 27 23 14 15 18 
17 20 24 30 30 37 34 24 11 24 25 31 6 12 19 18 21 28 32 27 33 13 16 28 15 27 21 40 30 21 29 20 20 22 22 24 15 15 15 23 21 20 6 16 13 
11 21 22 20 27 30 39 14 17 28 10 19 12 28 18 28 34 13 14 17 23 17 22 22 15 38 17 28 10 7 21 30 15 11 18 26 13 11 14 30 21 19 15 28 9 
18 13 36 24 18 33 19 22 28 28 24 28 13 37 30 27 30 12 29 16 45 26 14 18 12 34 16 53 4 21 15 32 26 29 26 5 18 32 10 26 23 18 14 27 17 
12 16 38 24 33 13 22 22 29 17 19 27 17 30 21 8 20 5 40 18 26 25 24 14 14 16 16 7 20 23 26 44 39 32 15 11 26 26 11 28 38 21 12 17 11 
16 18 25 27 19 44 32 24 19 27 11 29 15 28 12 22 39 21 24 31 22 19 12 25 19 25 13 14 29 7 32 36 25 25 20 19 12 21 21 25 23 19 16 18 17 
12 18 29 9 12 29 27 27 20 29 31 16 21 19 22 14 26 19 36 45 17 25 19 23 14 20 32 19 21 25 29 23 27 15 29 32 22 28 18 19 4 25 22 23 14 
24 16 21 18 27 17 33 27 20 34 28 28 20 28 10 27 35 10 31 19 31 8 23 21 12 34 27 23 31 25 31 19 23 22 25 17 28 21 25 18 22 28 10 17 24 
21 22 26 29 18 43 21 25 28 21 30 30 22 27 13 13 24 21 26 25 12 19 24 18 15 40 26 16 19 27 29 31 16 30 26 17 35 23 17 9 19 18 13 22 9 
10 12 20 26 24 32 28 14 18 7 27 25 27 26 11 25 15 23 21 17 34 19 9 21 21 29 18 31 22 25 45 35 27 21 22 15 27 10 15 24 30 12 20 21 17 
11 15 31 28 22 27 22 17 21 29 19 18 19 29 13 17 26 17 21 39 27 24 25 12 14 47 22 31 24 22 36 30 17 28 22 22 20 19 20 31 18 21 14 22 15 
16 17 22 22 24 49 18 18 29 24 20 23 16 19 27 35 19 21 42 22 24 15 29 16 14 19 19 28 19 21 37 38 34 19 15 19 28 23 15 15 25 13 21 21 11 
17 18 31 20 19 36 39 22 19 26 12 25 13 22 18 31 33 23 38 37 33 22 29 24 13 25 19 30 22 7 33 36 28 35 21 22 15 28 17 28 15 13 13 28 18 
10 18 33 23 23 39 46 24 18 31 35 37 26 28 21 24 34 13 29 42 33 25 15 19 9 42 32 31 16 19 22 30 23 37 20 7 27 11 14 8 27 15 18 12 10 
16 23 7 8 21 57 30 13 12 14 22 23 12 13 17 12 37 21 20 32 36 13 17 20 14 39 17 8 28 14 29 27 35 23 18 11 29 20 9 17 13 18 17 20 15 
18 7 31 28 29 27 32 32 24 34 24 26 16 28 20 28 17 11 29 16 31 23 10 28 14 24 22 30 17 15 22 39 23 22 15 18 19 19 16 20 25 19 11 32 15 
16 21 24 18 18 49 38 19 26 47 21 25 25 25 15 17 15 17 32 35 39 18 21 20 17 28 31 24 7 21 29 26 31 16 13 22 23 28 14 31 22 28 16 26 16 
17 13 32 15 13 20 30 22 31 24 17 18 19 32 22 21 31 29 42 30 33 23 23 6 12 23 26 16 25 17 35 16 28 19 19 10 32 15 19 23 24 26 19 28 15 
9 20 23 39 18 37 10 22 23 16 30 28 22 23 22 27 31 25 22 25 17 10 10 20 14 45 12 17 23 24 30 18 25 28 17 16 21 15 16 26 27 13 17 11 21 
19 15 19 25 24 11 30 20 25 33 25 32 24 42 21 20 30 17 24 24 19 14 19 14 5 34 12 29 23 27 29 21 22 22 11 20 38 19 14 24 15 15 16 26 11 
21 9 32 28 24 41 22 26 24 26 24 11 23 21 19 13 18 8 33 26 49 24 28 17 10 20 17 26 30 20 30 23 24 14 16 21 18 13 10 24 38 28 20 19 20 
7 16 25 30 31 31 36 23 29 40 21 37 26 37 18 22 11 9 30 17 33 22 17 19 16 19 12 24 21 19 24 42 40 25 24 15 27 12 10 30 18 28 16 34 21 
13 19 22 21 27 36 21 17 28 28 27 39 17 32 16 25 38 21 32 22 31 20 29 13 18 50 27 36 19 22 39 25 24 10 15 20 22 12 14 29 33 24 12 22 18 
22 15 12 23 28 24 44 18 35 19 23 26 18 38 8 35 37 20 22 39 40 22 17 5 12 32 24 27 26 15 43 19 21 18 9 16 25 16 16 24 15 30 9 19 13 
12 20 29 25 18 25 28 20 14 5 18 29 12 31 21 23 24 16 40 22 26 29 30 16 16 36 19 20 35 14 32 32 33 26 12 21 33 24 19 25 22 17 20 22 17 
15 17 27 28 28 19 20 22 30 19 22 25 14 24 17 13 38 18 21 22 24 19 15 20 25 26 20 38 16 30 36 16 15 33 22 24 15 16 18 15 24 29 16 14 17 
18 16 12 25 26 21 22 31 24 29 22 28 21 35 12 21 21 14 43 37 25 23 18 25 18 34 21 20 30 20 37 34 20 24 26 12 28 19 13 21 33 25 8 35 21 
26 19 33 26 11 23 28 27 26 30 17 20 28 21 23 28 26 22 36 12 16 23 23 10 21 22 7 17 24 19 35 32 26 27 8 16 24 6 17 22 22 31 16 31 18 
14 17 12 20 22 26 24 22 20 41 24 27 23 19 23 29 38 14 23 42 41 21 19 29 15 18 26 13 19 22 36 28 25 12 13 15 24 21 8 28 25 21 22 27 22 
20 11 23 24 30 28 28 29 13 23 11 32 18 24 20 15 31 22 36 32 12 15 26 18 4 26 31 39 24 25 24 32 36 9 15 23 25 12 13 34 21 28 19 26 13 
18 14 30 28 16 42 20 17 28 15 25 33 17 16 15 13 30 16 23 34 28 24 20 26 21 32 15 29 29 18 32 23 34 35 11 23 23 18 14 23 24 28 7 33 15 

MachineCapacities:
MachineID Capacity
0 10
1 10
2 10
