NumTasks NumMachines NumScenarios
15 3 100
TaskDetails:
TaskID ReleaseTime ResourceConsumption SuccessorsCount Successors...
0 0 8 9 7 3 5 8 9 
1 0 4 10 9 2 5 9 
2 0 7 7 6 2 7 8 
3 0 2 2 3 2 7 8 
4 0 1 8 2 0 
5 0 7 5 9 0 
6 0 3 9 8 0 
7 0 6 6 7 0 
8 0 10 7 5 0 
9 0 10 5 6 0 
10 0 4 6 6 1 12 
11 0 4 5 6 1 13 
12 0 9 10 4 0 
13 0 9 1 9 0 
14 0 4 5 4 0 

26 24 27 19 32 28 45 29 37 36 26 24 23 24 35 36 12 15 31 27 28 33 15 25 10 21 17 32 26 25 10 28 19 19 20 23 15 31 19 25 17 31 20 34 14 
29 29 16 22 29 34 28 20 46 31 25 22 13 22 23 21 20 14 36 22 38 12 16 16 28 19 26 31 18 20 35 21 18 25 30 9 18 36 19 20 4 28 23 17 21 
14 22 23 15 21 31 37 38 39 26 27 22 17 23 22 31 17 18 23 18 31 11 16 13 12 28 18 26 39 26 26 35 21 33 31 33 15 20 21 29 24 26 23 30 17 
12 24 16 30 21 27 17 3 43 37 35 24 20 25 28 25 11 20 13 31 15 18 14 14 23 24 36 33 38 23 15 34 15 37 32 21 10 24 23 17 23 13 20 30 22 
20 22 21 16 30 29 30 21 13 35 35 31 17 30 25 36 22 18 12 23 24 43 9 14 19 32 44 34 28 32 12 25 14 31 23 19 20 14 29 18 13 24 19 23 24 
22 18 21 25 24 22 25 28 24 31 21 30 21 21 25 32 14 15 31 28 26 29 11 25 22 23 30 29 24 20 27 32 19 19 29 20 18 27 22 17 21 32 20 26 22 
23 24 20 24 25 23 22 24 34 27 29 22 26 30 28 38 9 23 13 33 27 20 18 13 20 39 33 25 21 32 19 19 14 21 19 14 18 23 28 28 12 21 18 40 17 
26 31 28 31 13 22 39 21 39 41 30 29 12 19 19 27 17 18 24 32 17 24 14 16 18 27 39 33 26 24 18 29 12 25 23 20 14 27 33 30 17 36 21 38 26 
24 21 19 21 19 26 34 23 21 24 23 24 28 13 19 25 20 17 30 35 20 23 15 21 28 31 19 22 28 25 21 41 14 28 36 28 10 20 19 19 8 23 22 21 7 
22 19 18 22 27 22 42 19 29 24 25 37 8 12 27 17 16 22 33 13 11 30 10 11 24 36 34 26 32 12 21 30 19 21 31 19 12 19 33 28 25 31 13 27 25 
27 17 29 16 22 26 34 28 31 34 22 21 28 18 26 41 15 15 28 39 22 24 18 15 31 32 39 37 23 22 28 34 8 17 43 21 29 27 21 28 13 20 25 21 17 
27 31 22 27 25 29 32 8 45 35 26 8 22 31 21 35 27 13 22 22 28 19 11 18 24 24 35 18 20 24 21 44 21 18 26 17 15 24 20 27 22 31 20 26 27 
19 13 17 15 23 28 26 25 25 24 23 23 20 24 27 26 13 15 16 16 25 23 11 17 21 36 26 38 17 12 21 25 17 24 26 30 15 27 26 18 22 21 15 26 23 
28 15 19 12 26 32 35 24 31 34 35 16 11 34 22 21 16 25 24 27 20 30 17 9 22 39 24 38 30 18 16 34 14 24 19 22 17 18 24 28 18 28 16 26 31 
27 25 9 20 27 17 22 24 32 29 19 15 18 23 17 27 19 23 32 24 19 23 15 17 23 18 37 28 16 6 18 11 13 29 27 10 18 19 15 19 24 25 17 20 18 
18 24 13 23 20 30 31 14 31 26 35 31 22 22 36 39 14 15 24 31 25 26 18 19 22 22 28 24 27 28 29 27 12 26 30 20 14 19 28 32 10 28 16 24 30 
27 38 32 29 25 18 21 10 44 35 29 17 15 21 14 33 21 21 22 18 28 18 14 20 21 25 28 34 27 29 27 30 19 36 17 20 20 18 26 11 24 27 21 20 20 
19 29 14 14 35 31 17 23 19 33 12 34 19 30 9 41 13 24 20 24 24 35 15 25 26 30 33 29 27 21 26 29 10 20 28 26 15 26 30 18 21 32 18 28 22 
26 20 24 19 26 25 28 16 31 19 34 22 12 23 21 47 11 19 22 31 31 28 16 13 17 30 24 26 26 24 22 24 15 26 36 29 5 30 16 23 7 27 17 28 23 
23 19 16 24 21 21 42 14 34 16 35 21 22 31 31 33 10 25 30 35 24 33 11 19 20 32 21 31 33 18 21 48 16 31 38 15 22 21 30 25 6 20 10 9 6 
18 30 10 20 20 27 24 27 32 27 29 33 14 18 26 35 20 18 21 39 22 33 18 18 33 20 25 16 32 25 26 31 15 34 28 16 17 22 25 37 22 28 26 23 22 
21 27 34 22 15 39 22 24 36 15 34 25 16 17 30 44 19 15 26 40 31 24 20 13 24 32 32 16 29 28 21 29 20 27 34 22 14 23 18 30 25 21 20 30 12 
25 29 26 21 21 22 36 27 32 22 22 38 17 19 11 28 22 22 26 25 17 15 16 13 25 26 25 28 23 25 22 36 23 14 21 15 14 23 21 24 16 26 20 28 21 
11 17 29 29 29 37 36 27 30 28 33 27 20 20 17 24 12 17 17 10 37 32 16 16 15 32 16 33 27 18 25 49 12 23 24 23 22 18 21 34 19 23 22 38 30 
15 27 12 24 11 29 36 20 17 47 43 9 21 18 24 35 32 18 22 24 25 24 24 18 26 30 40 21 27 22 28 26 16 34 21 12 13 25 22 23 26 27 11 28 25 
28 32 9 11 23 29 22 22 45 21 26 35 26 19 24 17 13 19 23 30 23 34 22 13 21 34 32 42 35 21 20 22 20 23 33 21 12 23 11 22 24 32 19 25 22 
20 22 12 22 24 25 31 20 46 20 18 26 18 16 18 35 23 16 25 30 19 27 28 11 29 22 26 36 12 19 20 23 19 28 34 17 19 34 34 21 9 31 23 44 20 
32 23 20 32 37 19 7 31 25 21 39 20 20 32 22 37 25 18 20 17 27 16 16 18 19 34 25 35 31 21 27 23 19 31 27 19 15 16 22 18 22 22 30 21 18 
15 13 19 31 25 43 34 26 35 31 12 25 16 8 21 43 21 22 14 26 8 36 18 16 22 32 28 27 35 26 14 34 11 39 17 13 16 24 31 21 19 26 20 37 13 
19 19 28 17 26 17 19 24 6 21 16 18 13 18 21 32 22 21 17 30 29 40 12 15 20 31 39 26 20 21 26 19 12 22 27 21 12 16 22 28 16 20 23 17 19 
15 25 25 23 23 22 30 16 55 32 27 38 16 23 21 29 20 20 15 17 28 32 18 17 13 22 12 15 22 23 19 24 16 39 17 15 16 23 26 22 9 12 21 21 27 
13 30 23 24 13 37 12 23 39 22 38 31 15 18 32 36 20 10 31 23 22 29 17 18 14 27 33 19 9 18 23 46 17 27 25 20 11 19 15 28 24 35 20 23 19 
28 17 15 22 19 29 22 22 34 34 37 24 18 30 25 37 17 21 32 22 29 35 20 15 21 43 41 34 21 34 23 28 11 28 32 9 10 19 30 24 18 31 16 35 22 
24 23 24 22 22 37 22 32 42 23 31 20 24 20 15 26 21 24 19 17 17 35 16 16 18 22 21 37 19 27 18 33 14 20 23 12 12 22 31 14 17 25 24 25 18 
19 24 16 22 27 17 30 21 39 27 19 14 15 21 26 15 20 20 13 28 29 34 21 15 17 20 26 27 35 12 27 38 14 12 22 20 16 27 24 18 11 24 20 37 29 
35 29 16 31 27 30 34 21 31 28 46 40 17 35 25 37 21 16 28 9 38 33 15 9 14 27 30 35 18 18 26 27 14 17 30 35 11 11 15 21 21 23 19 21 14 
10 15 20 24 28 24 38 14 29 11 35 17 14 22 11 36 12 18 19 23 28 43 21 12 22 34 24 31 20 18 30 23 14 30 31 22 15 26 30 13 23 30 19 28 15 
15 24 32 17 14 37 25 19 22 25 34 32 16 28 15 37 15 26 19 28 19 22 19 9 24 15 23 25 29 19 32 38 16 23 28 25 17 24 33 29 16 24 28 23 24 
21 20 17 28 33 34 16 20 33 27 35 34 10 20 20 23 17 15 17 26 24 28 10 12 28 20 32 31 29 25 19 30 13 19 21 15 11 30 30 28 23 9 22 31 18 
40 26 28 30 38 28 13 25 24 21 32 20 21 19 13 22 24 23 30 27 23 13 19 18 21 28 18 32 30 22 23 27 20 25 30 13 19 20 26 28 11 28 10 27 15 
14 28 25 21 20 27 27 18 34 39 27 26 25 20 15 31 21 14 25 25 36 34 18 17 19 28 24 45 19 26 16 29 15 25 28 18 17 17 31 22 15 22 28 29 17 
14 26 31 18 24 24 20 28 22 36 32 14 21 27 19 15 15 18 25 25 27 18 16 21 19 33 36 41 30 28 31 24 10 31 28 29 15 25 33 24 21 32 14 33 11 
32 30 32 29 26 31 36 20 24 15 27 26 24 26 8 38 22 26 23 35 18 32 24 13 25 27 35 29 31 13 10 19 13 25 36 25 19 23 32 28 23 30 16 19 26 
21 17 24 13 23 32 20 19 33 26 29 24 9 26 23 29 25 15 13 28 20 21 19 10 17 27 26 25 31 19 14 33 19 19 22 18 19 23 25 20 23 20 18 30 14 
18 31 27 17 33 24 33 17 25 7 27 25 22 23 31 34 15 15 10 34 23 32 22 13 24 16 19 22 27 16 22 29 19 23 26 15 15 24 32 22 24 26 15 39 22 
21 21 27 29 12 25 35 14 47 28 26 21 26 19 16 33 22 25 28 38 26 16 16 9 8 36 31 28 20 23 27 34 14 17 15 13 19 28 37 32 20 24 12 34 34 
20 24 21 17 28 20 35 17 21 23 27 24 19 25 20 25 13 14 18 19 26 33 9 10 30 27 41 29 27 19 37 29 20 24 37 12 17 22 30 22 20 27 18 35 20 
17 22 24 28 21 33 16 20 30 39 24 13 26 16 30 27 5 19 20 18 26 20 17 15 18 25 30 19 28 20 24 42 17 20 30 16 18 13 37 20 18 40 21 33 17 
13 32 21 17 34 31 19 27 28 19 40 35 17 16 21 29 19 27 24 21 26 31 11 13 26 41 28 27 21 17 12 29 16 27 16 23 14 18 25 26 12 20 21 22 32 
12 16 25 22 12 23 15 26 15 27 25 22 17 23 22 25 20 19 18 16 25 22 13 17 19 31 27 28 26 4 29 23 17 27 40 23 10 22 14 17 8 35 15 33 15 
18 20 26 21 20 30 21 23 16 35 33 29 17 17 23 34 18 16 20 14 31 31 16 18 30 22 36 36 26 19 30 25 20 32 23 19 17 15 19 22 28 24 20 22 28 
18 20 16 19 20 27 19 32 32 21 26 27 24 32 25 26 14 30 28 33 23 29 17 17 27 32 20 38 33 19 31 31 8 27 33 29 15 20 42 26 22 29 21 38 15 
23 21 23 23 19 24 25 21 24 13 27 16 21 28 14 40 11 13 22 37 17 29 12 15 21 30 44 17 26 15 18 19 12 18 30 6 19 19 30 17 13 28 23 32 20 
17 20 17 28 27 16 34 21 33 34 21 33 19 18 17 17 15 19 13 28 11 16 16 21 24 33 32 30 34 15 17 34 9 28 28 30 16 15 27 26 23 30 17 26 20 
29 16 24 32 19 24 26 22 20 35 35 24 17 24 32 40 18 29 22 36 25 36 17 14 17 35 25 25 15 18 29 33 16 29 16 20 13 21 29 21 32 19 17 25 14 
24 20 26 30 18 30 22 27 22 25 30 12 17 26 18 27 18 21 20 33 22 19 14 21 16 32 24 49 17 26 18 29 18 27 30 20 16 13 29 20 22 36 25 30 10 
37 31 29 12 20 34 29 33 33 27 31 37 13 19 18 18 22 9 16 23 12 27 22 18 20 27 36 31 21 23 20 29 22 9 28 10 15 24 40 30 17 26 12 24 21 
14 12 25 21 27 18 37 18 48 33 20 23 21 19 17 17 21 18 18 20 8 31 12 18 16 37 16 22 35 19 22 42 16 30 18 17 11 9 25 17 26 24 19 20 18 
18 20 15 17 20 23 31 19 42 17 40 34 11 24 24 35 11 16 19 12 23 23 15 19 18 31 12 30 24 39 24 46 15 14 40 20 16 23 23 28 14 24 12 36 19 
36 27 29 17 26 24 30 30 27 34 36 23 21 30 17 37 26 27 19 27 26 28 16 10 18 23 18 20 21 26 23 11 13 25 40 12 15 28 27 19 18 24 16 38 22 
14 25 28 20 26 30 30 27 40 27 35 18 12 26 24 16 21 13 13 33 20 15 9 10 28 31 29 34 27 26 24 22 15 29 41 26 11 17 23 33 18 32 12 17 23 
22 20 23 17 22 22 40 27 30 19 32 25 14 23 17 17 12 13 24 31 35 22 13 18 23 26 27 24 17 29 24 45 14 23 38 22 13 28 30 15 29 24 21 27 26 
25 22 14 24 24 24 24 23 42 18 25 32 18 22 19 34 16 23 16 29 17 23 9 5 9 29 16 24 26 16 27 41 19 23 33 15 17 32 34 20 21 24 26 36 16 
13 18 14 27 23 26 24 20 27 18 26 17 24 19 30 34 11 16 16 16 14 41 9 28 31 22 29 24 26 19 21 38 18 32 16 20 21 34 26 12 15 28 21 30 22 
32 27 19 25 17 25 23 22 35 21 24 14 27 34 16 21 22 25 29 30 31 22 18 10 20 26 29 30 19 25 30 20 20 12 16 15 13 15 28 18 15 23 16 28 28 
34 17 18 17 22 22 28 26 20 15 29 30 20 22 27 38 5 7 21 28 26 24 18 13 12 36 26 30 28 20 27 23 18 24 26 20 9 26 34 24 13 28 28 25 33 
20 21 34 37 30 35 15 35 24 33 33 23 16 31 25 27 16 19 15 33 27 25 16 17 20 27 46 20 33 21 24 31 19 27 34 23 14 26 19 24 17 17 14 21 15 
30 25 22 17 15 24 21 36 26 28 19 21 11 16 14 21 15 20 34 27 11 25 13 22 8 31 23 32 36 26 23 45 20 24 24 26 19 22 23 17 13 24 18 34 15 
20 19 20 29 37 24 29 13 22 27 30 15 10 17 12 25 17 19 8 27 20 25 22 12 25 31 27 30 14 25 22 13 12 22 24 7 18 22 30 21 27 23 21 27 15 
21 20 22 21 34 31 26 23 25 22 34 19 18 27 25 32 22 14 13 23 20 14 15 19 28 35 34 31 25 25 17 43 15 33 28 21 11 32 22 21 24 35 16 21 12 
30 27 19 27 11 19 24 20 43 26 32 29 19 17 10 40 13 16 22 32 25 25 16 13 22 24 19 38 32 20 30 26 21 32 31 8 11 24 32 29 25 34 19 20 22 
25 23 24 28 27 22 34 29 28 22 23 31 20 20 23 50 19 14 20 27 16 26 18 12 19 21 27 24 24 17 14 32 13 23 30 25 9 26 27 30 31 32 16 28 23 
8 24 18 20 26 26 33 18 17 34 39 29 21 9 22 18 17 22 21 25 28 37 12 15 23 32 41 31 35 25 20 20 21 20 24 28 20 19 25 31 15 33 15 32 33 
18 22 21 35 28 36 33 17 30 20 31 35 14 12 22 37 19 13 23 27 25 29 15 17 27 29 21 26 25 32 14 22 15 27 22 23 15 20 27 23 21 22 19 33 17 
15 37 8 29 17 27 19 19 36 28 26 31 19 23 18 35 16 16 28 25 28 17 24 12 24 25 27 36 22 28 19 27 28 31 19 21 17 15 38 16 15 28 20 13 31 
16 31 25 20 26 35 32 26 37 31 30 30 17 30 29 14 26 16 28 32 15 39 14 15 13 26 25 29 31 32 19 29 17 12 32 15 11 30 24 22 27 18 20 31 20 
24 18 18 26 21 24 30 11 43 26 26 30 20 19 17 47 19 25 33 27 6 26 18 21 10 40 34 31 34 31 27 33 15 27 23 26 7 15 30 26 14 15 20 22 20 
25 21 34 26 28 21 18 26 14 22 37 36 6 31 22 32 8 19 27 17 32 13 19 14 27 17 29 38 38 20 27 29 21 29 25 27 18 20 33 29 24 30 15 32 17 
24 17 17 18 15 32 25 25 12 36 27 37 25 15 15 26 16 22 16 19 18 12 18 23 16 28 24 30 30 15 7 42 20 25 34 24 21 23 9 29 21 26 14 24 14 
21 22 20 19 20 29 22 28 35 27 22 24 8 21 18 50 17 20 14 13 24 36 15 18 25 24 20 8 24 21 23 25 20 33 30 19 11 6 26 24 29 26 21 25 35 
17 20 11 19 18 21 31 28 20 8 17 17 8 23 24 44 23 25 18 15 17 24 14 28 20 33 5 24 21 16 23 38 16 27 28 28 18 24 33 17 32 27 14 23 21 
20 23 25 28 19 21 28 21 36 31 23 36 17 29 25 12 23 9 29 36 15 20 16 16 19 25 25 31 19 22 20 24 20 25 21 32 15 21 22 25 16 21 14 25 29 
13 21 18 16 28 38 32 18 22 43 38 21 16 35 21 16 18 16 24 38 23 13 19 13 29 14 27 28 33 18 24 25 13 19 18 13 17 29 24 16 23 26 11 15 22 
19 18 23 22 25 25 46 14 41 20 28 31 18 15 21 33 21 17 26 37 31 25 15 22 18 36 17 18 30 22 10 27 17 27 22 22 17 25 28 25 30 25 21 24 32 
24 34 26 17 21 24 25 26 26 19 28 17 20 23 13 27 19 29 23 20 34 24 18 20 18 18 23 25 25 15 31 38 23 14 32 25 14 18 29 24 38 24 18 41 14 
29 18 24 27 27 20 18 19 50 28 33 23 21 23 20 42 12 14 18 23 25 14 19 20 12 28 41 23 44 16 22 28 15 34 23 18 12 18 35 20 19 35 21 29 29 
27 33 11 34 20 17 25 24 19 29 45 36 26 23 21 29 17 22 23 27 29 32 16 21 27 27 20 30 31 30 21 49 19 19 30 15 19 21 30 25 18 13 13 45 21 
19 24 24 26 24 31 33 25 35 23 32 32 15 18 17 32 17 19 26 36 18 39 15 11 17 35 17 26 26 25 28 24 13 27 27 19 13 21 21 23 30 28 21 25 21 
29 25 19 20 16 21 23 24 35 18 22 20 17 22 19 21 15 21 20 21 23 26 13 17 22 27 27 43 31 26 29 24 19 31 42 24 13 18 22 23 25 19 26 33 23 
18 17 32 14 21 29 9 22 30 27 38 31 13 19 18 24 18 27 27 22 35 41 19 19 21 33 22 27 37 29 20 26 15 23 27 22 12 10 33 21 21 36 11 13 26 
26 17 9 29 22 32 34 20 37 18 19 23 14 19 32 19 18 18 27 19 27 24 17 16 20 29 30 25 19 22 28 40 17 30 30 27 18 28 20 7 19 30 24 36 19 
15 29 13 24 17 33 36 23 17 26 29 11 21 7 36 26 15 14 25 25 32 35 16 15 22 40 24 11 29 27 21 25 14 29 24 19 13 22 32 38 12 20 20 44 22 
23 20 21 22 17 26 23 21 39 25 39 27 22 18 20 25 20 25 20 32 34 25 18 22 18 19 42 14 30 17 13 29 14 29 20 31 20 25 19 30 19 28 15 24 19 
16 14 22 21 26 30 41 28 21 16 36 11 21 30 30 35 18 25 25 14 21 22 8 18 21 26 39 30 35 17 34 36 20 28 20 28 19 16 12 30 12 19 11 26 29 
24 29 19 20 33 23 24 19 36 22 13 35 22 12 20 39 29 21 20 26 37 23 16 16 21 35 25 32 30 21 23 31 21 31 29 33 17 21 21 24 30 29 12 21 11 
15 16 19 18 27 24 13 23 32 26 32 24 17 17 18 26 9 15 25 29 19 21 17 14 21 31 32 19 20 23 25 42 18 33 40 6 21 23 27 12 15 38 17 37 19 
26 14 21 20 18 22 25 23 33 15 17 32 13 29 10 26 7 10 30 22 22 32 12 22 25 18 24 29 27 7 21 33 19 25 37 22 18 19 21 24 16 27 10 32 23 
26 28 21 26 24 19 27 12 24 16 17 15 12 39 20 25 16 23 30 38 15 31 19 18 12 37 18 28 35 18 28 22 16 22 28 19 19 23 29 28 34 32 22 40 4 
12 3 26 14 30 27 28 24 20 34 27 42 29 24 19 28 20 10 10 31 16 16 23 15 18 33 41 41 16 25 22 24 12 21 30 12 17 28 28 26 27 24 17 11 16 
15 25 25 27 25 34 15 33 28 43 13 20 18 27 22 34 18 13 25 25 33 22 13 20 25 31 27 33 30 20 28 35 14 31 29 22 11 21 27 12 30 37 17 29 20 

MachineCapacities:
MachineID Capacity
0 10
1 10
2 10
