NumTasks NumMachines NumScenarios
20 4 30
TaskDetails:
TaskID ReleaseTime ResourceConsumption SuccessorsCount Successors...
0 0 3 1 2 5 5 7 8 9 12 13 
1 0 9 1 5 10 4 6 9 10 14 
2 0 3 3 3 8 6 8 10 11 12 13 14 
3 0 3 4 1 9 1 12 
4 0 3 10 7 3 2 9 13 
5 0 5 2 10 9 1 11 
6 0 5 2 7 2 0 
7 0 3 6 8 7 1 14 
8 0 10 5 5 2 0 
9 0 4 9 7 10 0 
10 0 7 2 8 2 0 
11 0 8 3 3 8 0 
12 0 7 3 2 6 0 
13 0 4 8 7 7 0 
14 0 5 2 2 1 0 
15 0 7 7 7 8 2 16 19 
16 0 5 5 7 2 0 
17 0 8 5 7 5 0 
18 0 8 5 6 3 1 19 
19 0 1 9 2 9 0 

36 43 31 33 42 40 7 35 8 25 11 12 21 19 24 13 13 13 20 15 13 13 14 27 20 13 5 24 15 16 35 20 11 37 18 16 21 11 33 24 28 30 16 25 13 55 18 23 24 29 19 10 10 37 13 9 17 12 22 15 17 26 18 12 16 20 17 17 12 14 13 27 23 13 18 16 19 30 14 10 
26 36 17 24 27 33 9 17 13 30 20 12 35 15 20 13 11 14 18 6 19 12 21 24 17 12 14 16 18 10 13 18 21 17 31 14 16 12 40 26 28 25 36 19 30 39 14 25 33 24 16 5 12 33 24 14 8 18 28 30 12 14 18 9 29 15 22 15 19 16 19 12 9 10 29 15 18 44 12 17 
28 28 23 16 34 30 9 15 15 35 17 10 17 27 12 13 10 10 18 8 19 22 30 19 23 25 12 17 22 9 28 21 13 22 32 9 6 6 41 30 44 17 33 20 21 38 21 34 33 15 10 10 12 23 27 8 11 20 21 25 11 13 20 10 7 31 23 18 20 30 28 20 27 10 23 16 11 42 15 11 
28 25 26 25 39 23 10 19 10 28 15 9 27 23 22 14 19 15 13 8 21 18 23 29 27 18 12 15 15 6 27 24 17 20 23 11 13 8 21 18 14 17 30 15 25 39 23 23 24 24 21 9 13 22 10 15 16 14 20 26 5 21 21 9 33 19 20 16 24 25 29 26 17 13 34 10 20 35 10 18 
19 25 20 38 27 32 9 21 11 33 18 16 36 17 32 17 8 16 16 6 25 19 14 32 27 33 11 19 20 14 21 12 12 17 21 12 9 8 41 16 42 16 22 10 21 33 22 23 18 23 18 8 11 27 34 12 16 22 24 26 15 19 34 9 25 29 15 15 15 40 17 10 29 9 31 16 11 40 11 14 
28 23 20 29 22 43 15 14 11 19 15 12 26 15 18 11 12 10 17 10 27 11 21 25 31 20 12 12 25 14 29 28 12 10 13 12 14 8 24 21 31 21 37 10 11 23 17 29 30 25 13 14 10 11 33 15 10 19 15 18 16 22 21 11 10 22 25 35 16 22 22 14 18 7 26 14 15 25 15 14 
27 25 21 27 31 29 10 32 9 29 16 13 27 17 36 13 12 11 19 9 21 23 18 27 27 15 4 13 10 16 27 23 23 10 9 18 13 16 26 25 18 20 33 17 12 21 19 20 27 19 27 8 9 27 13 13 11 18 15 20 11 18 18 11 11 37 28 15 19 22 17 17 19 15 23 12 22 30 11 28 
26 17 35 28 34 20 9 23 15 25 23 11 32 26 20 14 17 8 16 12 22 18 26 17 19 22 16 16 10 10 22 14 13 15 19 10 15 12 34 26 41 16 23 17 21 33 10 28 22 25 15 13 14 29 28 13 12 18 32 16 12 9 28 8 24 27 27 15 20 26 30 12 24 9 23 15 11 32 13 21 
24 33 20 24 8 34 9 24 14 34 19 18 20 8 19 13 14 14 16 7 19 16 34 36 22 18 10 25 21 10 18 18 20 21 25 11 11 9 29 31 26 26 35 17 17 40 22 35 28 30 21 13 11 30 24 13 16 13 27 23 16 9 24 14 20 33 17 13 20 28 16 15 19 9 15 14 11 26 14 26 
35 37 16 24 13 19 11 37 17 25 23 9 37 7 10 16 18 14 6 11 19 12 27 38 41 22 13 17 25 9 24 40 15 18 14 16 15 5 26 31 21 20 35 28 20 41 20 21 31 15 24 9 13 30 35 13 16 20 17 22 15 8 19 11 18 25 29 34 19 27 20 21 25 7 28 12 13 34 10 20 
26 32 22 30 43 36 12 31 9 24 13 11 38 26 22 16 10 17 24 9 20 13 27 22 16 16 10 14 26 16 22 20 17 24 27 11 14 6 35 17 38 11 32 22 21 35 19 16 18 25 17 11 9 24 20 16 16 20 20 21 10 15 17 9 27 13 24 23 16 23 22 23 19 12 23 12 7 17 14 24 
23 27 25 18 20 24 11 16 12 18 15 19 34 11 22 19 7 15 31 13 20 13 16 34 15 12 10 13 17 6 38 19 17 14 29 12 10 14 37 32 33 23 33 11 24 41 14 19 18 21 18 8 7 27 29 13 12 11 25 33 14 13 15 15 25 17 15 27 10 25 31 27 28 9 12 14 17 43 6 26 
15 22 27 19 24 18 9 20 12 27 20 17 25 15 23 18 11 9 27 11 19 21 25 26 29 30 16 24 18 10 24 31 13 18 20 14 11 12 19 27 36 12 25 18 17 21 37 17 7 27 15 10 8 35 18 12 18 21 9 25 12 16 35 13 15 23 25 21 10 21 16 22 28 9 28 14 14 14 15 20 
26 26 26 23 30 34 14 25 11 32 15 12 26 14 25 19 12 13 16 17 14 12 16 30 25 38 14 24 16 14 25 20 15 23 26 14 16 7 17 28 25 24 35 16 14 33 29 26 32 21 18 16 13 31 21 9 11 12 18 27 9 15 22 12 17 22 29 28 9 17 19 17 27 12 16 22 18 28 15 25 
16 23 26 24 14 21 13 24 17 32 12 9 29 15 15 16 12 11 18 12 16 26 24 31 29 22 7 14 17 14 32 22 11 12 22 15 15 8 33 19 38 13 29 16 17 39 24 21 29 29 9 9 10 20 24 10 12 15 23 20 5 24 21 15 20 18 32 18 11 34 12 15 14 14 30 12 9 24 11 20 
32 40 22 32 26 33 11 31 17 23 16 15 40 14 29 16 16 15 19 6 19 13 25 26 20 27 14 12 17 13 23 20 14 26 21 9 6 12 36 32 27 21 41 23 30 44 22 25 37 18 23 10 15 36 26 12 4 18 19 30 13 12 22 13 17 15 29 17 22 33 23 16 28 11 18 19 19 33 15 21 
27 23 29 15 28 27 7 21 11 29 15 5 34 12 12 16 15 9 18 8 19 21 27 34 35 27 9 12 20 11 14 20 9 20 28 16 14 9 23 16 31 16 36 19 19 25 28 29 42 29 11 16 8 22 25 15 13 9 24 31 12 21 24 10 26 24 26 11 20 29 25 12 9 13 25 11 14 27 11 27 
32 45 26 40 18 19 13 36 10 30 19 11 36 17 16 13 10 6 12 4 20 24 30 13 32 20 13 14 25 11 25 26 9 25 19 12 21 13 35 27 45 1 35 21 22 19 22 35 15 15 20 15 9 18 36 16 12 17 23 18 14 23 25 12 26 24 11 16 17 18 29 9 12 13 24 15 19 31 17 14 
26 33 30 23 17 16 11 23 15 20 20 8 19 19 13 15 14 13 26 10 17 24 20 28 41 18 9 11 26 9 12 13 28 10 21 12 17 11 28 29 32 28 33 22 27 33 28 6 26 19 15 11 6 25 32 8 7 12 22 14 17 22 25 8 24 18 25 15 19 26 21 17 20 11 22 15 18 32 15 19 
20 47 22 34 18 27 11 32 11 20 13 15 25 17 20 9 12 13 13 15 22 12 26 22 41 30 13 13 11 12 30 28 16 15 22 8 7 11 19 36 27 24 28 30 22 26 23 20 29 28 12 12 9 28 46 14 11 9 22 36 11 14 15 16 18 26 15 22 14 18 32 17 16 16 17 5 18 36 10 25 
20 34 22 42 29 32 10 25 11 21 13 15 13 21 25 12 14 12 25 15 32 3 6 25 33 25 13 17 28 17 34 18 16 22 29 11 10 10 37 22 44 38 39 15 24 52 15 23 34 26 8 9 6 31 18 14 9 19 27 27 11 21 16 9 27 28 31 11 21 30 21 8 18 11 17 14 17 18 14 28 
27 35 33 22 26 23 4 19 13 36 15 8 17 15 36 12 12 13 9 12 16 14 31 27 32 13 13 13 19 13 34 21 11 25 27 12 14 12 44 17 23 22 25 18 32 36 9 21 21 33 19 14 15 29 30 10 15 6 13 38 13 26 19 11 25 10 19 24 6 26 30 19 27 9 22 12 18 40 17 14 
19 44 23 21 23 23 8 19 12 31 15 14 30 24 26 14 10 11 13 10 14 17 16 23 33 24 12 16 26 9 24 25 4 26 10 11 15 7 15 21 26 27 31 18 16 26 23 21 33 30 12 7 10 23 29 11 16 14 18 26 10 17 13 16 18 18 17 20 21 24 21 8 26 12 21 11 13 34 11 24 
28 32 10 23 18 41 2 19 12 24 12 15 20 13 14 12 12 17 19 11 16 19 9 24 32 19 12 14 8 19 22 24 17 22 21 13 15 9 30 29 21 17 35 13 18 38 11 27 36 12 17 14 8 32 28 12 13 20 15 29 16 19 22 12 17 32 24 23 25 17 19 24 24 11 14 9 14 45 14 17 
28 41 29 30 14 45 7 28 14 33 16 11 33 20 17 16 17 12 21 14 26 18 21 36 24 15 11 20 15 15 30 12 22 16 22 10 13 10 27 26 39 17 29 18 25 27 12 32 26 32 26 10 12 18 29 8 12 15 19 36 9 18 26 14 19 20 28 15 18 29 16 25 34 11 22 11 16 38 17 13 
24 31 33 27 39 20 8 27 11 16 18 15 28 21 21 12 14 11 17 10 15 15 12 29 28 20 9 18 35 15 25 16 10 18 21 15 7 6 46 30 13 26 29 21 14 40 21 25 30 25 20 10 10 22 21 17 14 16 22 28 13 16 22 16 17 17 23 28 14 29 18 15 9 10 22 12 17 42 21 18 
22 15 27 33 18 17 11 22 7 10 21 13 28 12 27 10 9 15 20 7 17 11 13 38 28 24 11 16 17 10 25 16 15 11 9 15 19 15 15 19 23 27 37 21 15 18 18 20 30 26 22 18 10 22 15 7 13 21 12 41 8 11 28 10 22 16 23 15 21 32 13 16 31 15 19 17 18 33 13 17 
15 39 27 28 39 38 11 21 12 22 20 18 21 12 13 16 13 7 14 12 25 20 16 15 28 27 11 14 11 9 24 26 14 19 20 11 12 11 18 23 22 19 30 21 13 33 30 15 28 17 22 11 7 38 25 11 12 14 20 25 11 18 22 13 16 17 21 19 20 24 25 20 21 10 21 9 17 39 16 21 
14 22 26 28 32 27 11 24 12 7 6 9 21 26 19 12 12 10 22 7 22 15 21 19 30 24 13 15 18 12 26 22 9 26 25 10 14 13 13 21 29 29 26 26 25 17 27 21 32 17 12 13 13 31 13 13 16 11 24 17 12 21 23 15 24 11 24 24 19 34 18 12 20 19 27 7 18 42 5 19 
21 26 32 13 34 25 6 27 7 31 8 12 40 17 35 13 16 15 9 12 15 15 25 19 22 14 19 21 13 12 28 16 22 17 23 17 14 10 32 20 59 24 27 14 23 47 17 21 25 16 26 10 4 31 30 15 12 13 20 30 17 14 27 11 9 22 25 22 18 19 29 20 22 17 18 14 15 29 12 21 

MachineCapacities:
MachineID Capacity
0 10
1 10
2 10
3 10
