NumTasks NumMachines NumScenarios
20 4 30
TaskDetails:
TaskID ReleaseTime ResourceConsumption SuccessorsCount Successors...
0 0 6 4 3 8 3 11 12 14 
1 0 2 7 7 8 3 6 8 11 
2 0 8 9 9 8 5 7 11 12 13 14 
3 0 3 2 9 4 4 5 6 7 13 
4 0 6 6 9 8 0 
5 0 7 1 7 3 1 11 
6 0 9 3 7 5 1 14 
7 0 6 8 4 5 0 
8 0 3 5 4 9 1 12 
9 0 5 5 3 2 2 11 14 
10 0 6 9 10 4 0 
11 0 8 5 10 3 0 
12 0 9 5 1 3 0 
13 0 8 2 8 3 0 
14 0 2 4 2 7 0 
15 0 3 9 4 1 0 
16 0 6 1 6 6 1 18 
17 0 8 7 1 3 1 18 
18 0 1 8 5 6 0 
19 0 8 7 10 3 0 

27 24 25 16 27 14 15 34 25 17 17 11 19 25 20 7 22 7 35 19 9 22 18 13 26 8 10 11 23 10 13 16 12 28 22 15 19 9 19 10 12 16 21 32 17 14 14 17 19 8 20 28 25 14 21 27 15 27 21 20 25 21 20 14 17 38 17 19 19 32 32 32 13 32 19 13 13 13 16 15 
20 28 29 18 30 15 15 21 17 29 33 7 23 19 13 9 27 12 26 22 20 10 18 14 25 10 10 11 14 20 19 5 25 31 13 9 35 14 16 11 8 29 18 27 17 8 11 22 20 15 23 35 23 13 20 29 9 29 16 19 28 13 33 22 22 31 21 22 25 25 26 32 15 21 10 19 17 18 12 31 
18 24 26 16 26 15 25 23 20 21 21 15 6 26 14 15 17 9 43 10 35 24 17 30 22 5 10 14 19 25 19 7 16 20 27 18 24 20 14 13 12 20 21 26 13 10 16 40 21 10 26 34 39 16 33 24 9 19 26 16 30 19 25 18 16 15 26 25 28 19 20 31 19 19 17 18 19 26 13 24 
23 12 5 13 8 22 20 10 18 22 31 12 30 9 21 17 34 14 20 23 21 7 22 18 14 16 13 13 29 18 17 11 14 16 24 16 18 18 11 12 9 30 32 34 20 14 12 22 19 15 22 43 30 13 30 21 13 21 19 17 13 15 26 17 16 27 12 18 33 14 15 16 19 16 16 13 20 22 14 22 
24 26 26 10 24 10 19 17 27 32 17 15 24 24 18 17 24 19 26 9 38 15 28 13 11 13 5 17 21 23 23 6 15 21 28 15 26 21 18 10 7 18 21 27 13 11 11 27 19 20 26 31 27 20 14 24 13 15 14 18 9 11 18 14 5 29 14 23 17 33 33 36 8 25 14 17 12 24 13 36 
13 14 18 19 30 16 24 31 24 36 23 11 24 26 24 15 24 13 31 11 32 11 18 20 12 8 9 12 31 24 15 10 9 20 18 13 31 20 17 17 11 20 29 32 17 15 14 16 18 11 30 30 31 18 21 27 14 29 24 21 13 16 22 19 17 40 20 17 20 13 29 34 17 23 19 16 18 16 21 33 
21 25 31 13 24 18 16 32 17 24 33 10 27 2 13 16 27 13 36 17 27 20 20 24 19 8 12 12 18 18 23 14 11 16 16 13 40 23 20 14 11 25 35 30 17 5 9 20 16 15 15 13 24 18 22 28 20 33 11 34 25 21 23 25 21 31 11 23 28 43 23 22 16 35 16 20 17 15 13 31 
7 40 12 17 22 14 21 29 31 31 41 11 20 18 18 17 18 16 25 18 28 16 17 23 14 11 10 14 18 19 16 10 13 22 11 14 32 16 21 10 14 6 28 21 19 17 11 27 24 18 19 45 36 12 18 25 15 20 15 29 24 6 20 26 8 21 11 18 29 20 26 31 19 28 14 14 16 18 14 10 
22 23 32 11 29 25 16 19 17 42 19 9 25 25 16 9 15 17 31 16 20 16 17 13 18 12 14 14 25 11 18 6 18 15 13 12 18 21 15 12 9 24 33 24 12 12 12 12 18 9 26 20 40 17 28 25 17 10 21 22 22 17 32 19 9 39 12 15 21 34 29 32 22 24 19 12 18 18 11 46 
14 21 19 20 9 19 17 31 32 16 15 10 14 32 14 15 21 10 26 12 35 11 22 24 21 8 5 15 24 16 17 10 17 19 26 17 24 16 13 13 13 24 29 22 17 12 17 24 24 12 19 29 36 12 19 19 18 24 26 13 14 15 26 23 13 15 17 13 19 19 21 28 13 15 17 18 16 19 17 19 
22 26 16 19 26 16 21 21 25 29 18 14 18 29 11 13 16 13 29 9 18 21 16 11 20 12 6 9 22 24 17 13 13 16 27 14 28 10 11 15 11 17 15 24 11 9 11 22 20 16 17 24 39 16 30 24 16 22 13 18 17 14 11 16 14 53 13 23 21 28 32 29 15 17 16 13 19 15 20 20 
23 31 35 16 21 25 18 23 20 27 19 10 35 12 15 19 22 11 19 18 23 10 15 19 22 8 10 11 18 28 17 14 13 27 25 8 23 11 24 19 7 24 29 33 14 17 8 28 22 12 16 34 25 15 28 30 20 15 24 11 13 21 33 20 20 33 14 13 13 36 34 17 21 31 18 19 9 18 7 29 
18 29 15 10 22 11 15 30 28 18 27 16 18 22 18 13 31 17 26 10 26 18 19 17 14 12 13 15 21 27 13 12 12 5 21 13 22 20 13 12 15 18 25 16 17 14 18 9 10 14 32 18 16 11 21 32 12 27 21 18 10 12 22 14 25 36 11 17 28 31 18 18 15 24 12 16 16 14 13 36 
26 30 22 18 22 19 11 26 23 25 20 9 22 18 15 19 23 15 28 14 40 15 23 19 22 8 8 13 22 28 19 15 18 23 20 16 20 12 18 14 8 10 13 16 13 11 17 19 17 14 20 35 20 6 27 31 16 23 22 20 18 18 16 18 15 37 18 21 20 18 33 36 11 21 17 17 10 10 18 34 
20 22 10 11 29 16 10 25 35 23 27 12 18 18 20 13 12 13 31 13 19 13 27 20 18 4 12 10 14 19 15 7 15 14 22 12 13 15 15 7 5 16 22 33 17 13 9 25 14 10 18 34 30 10 26 26 16 24 31 19 12 16 26 11 16 43 17 18 24 42 43 42 18 26 17 10 17 23 16 14 
15 22 25 16 30 19 17 15 24 19 20 7 19 22 15 14 37 16 30 11 35 13 22 5 18 13 13 11 14 31 18 6 20 24 31 20 28 20 24 8 10 20 21 41 16 7 14 30 15 14 18 22 14 18 28 28 16 20 12 19 15 28 33 25 12 27 16 21 26 26 15 21 20 34 23 16 25 17 17 23 
21 26 22 8 20 13 19 32 20 31 22 12 31 10 17 16 27 10 28 12 23 10 21 27 18 13 10 14 20 32 15 4 18 22 20 15 44 20 12 15 12 15 23 27 19 7 5 22 27 9 22 24 18 18 28 24 13 28 24 30 19 5 14 12 17 47 20 23 28 32 29 28 19 30 12 14 18 22 15 23 
16 17 20 19 22 17 18 26 29 26 24 9 20 23 22 16 23 3 25 15 10 14 19 21 19 11 9 15 19 22 13 10 10 17 30 12 16 10 20 15 14 24 27 41 21 16 6 29 23 10 26 38 18 16 25 24 11 19 19 25 29 19 20 17 21 21 21 14 24 44 22 37 17 18 18 15 24 18 15 31 
32 23 22 13 12 7 15 26 12 36 17 10 20 33 24 20 28 25 21 17 27 9 8 17 16 8 7 10 27 29 10 13 8 21 25 19 37 18 18 9 12 16 20 30 10 16 21 27 18 9 28 22 41 14 29 29 15 20 32 19 29 13 34 20 11 37 17 13 22 23 25 41 19 26 13 16 16 19 11 39 
18 30 17 6 28 18 23 32 22 38 24 15 21 29 4 21 27 19 17 12 41 14 11 16 22 9 10 14 23 36 17 6 16 18 21 13 27 14 12 11 8 22 20 39 22 13 15 32 16 8 21 15 39 17 23 23 20 23 18 18 29 16 26 24 14 14 15 15 21 45 14 30 12 23 16 15 21 20 13 18 
25 27 24 9 19 11 18 36 26 24 25 8 22 35 15 10 30 14 25 18 41 18 24 25 22 13 12 12 24 38 14 11 14 26 16 10 22 13 12 13 11 21 18 48 20 14 10 14 24 9 23 32 17 25 26 25 15 24 16 15 24 17 21 14 17 38 17 9 18 25 30 50 18 16 18 19 18 16 10 41 
17 29 20 23 21 9 20 29 16 44 27 9 8 23 23 11 24 18 21 15 37 14 18 21 13 8 14 15 32 22 20 9 10 20 23 16 26 17 14 14 9 17 27 22 20 12 11 24 24 13 14 36 42 22 32 29 15 22 16 27 32 13 24 18 22 11 24 24 16 31 15 36 21 19 15 12 10 23 9 36 
19 17 16 19 32 15 11 38 25 16 27 11 32 15 16 17 22 10 23 18 21 13 22 24 19 14 13 15 18 24 11 11 15 21 16 15 20 14 21 14 14 25 19 20 18 10 13 41 4 13 14 39 38 9 30 24 14 22 6 23 19 15 33 16 19 9 10 9 24 34 27 29 21 25 14 18 15 28 18 33 
22 29 20 13 16 17 17 21 21 23 23 9 19 22 16 12 17 19 23 20 31 16 31 17 24 13 8 10 29 34 14 12 10 16 29 16 30 17 16 11 14 22 17 17 16 17 9 26 20 16 20 19 38 15 24 29 16 20 20 21 22 14 18 29 21 37 14 20 18 25 19 31 23 21 21 10 15 18 15 46 
30 31 17 16 29 16 15 38 20 23 16 14 18 26 18 13 32 17 24 16 33 16 19 28 15 12 13 17 29 22 19 8 14 14 23 16 20 24 15 15 7 30 15 13 13 10 11 25 12 11 12 33 27 16 26 25 18 31 22 20 17 14 31 22 7 32 12 14 14 15 19 44 13 26 15 21 14 19 11 31 
12 22 13 10 30 13 20 23 25 36 40 11 27 34 11 12 28 10 34 16 37 16 23 12 17 11 10 14 42 20 18 7 17 28 26 11 22 15 27 10 17 17 33 32 17 14 12 26 18 10 12 19 34 13 22 27 15 28 22 22 25 4 24 13 22 31 16 23 26 28 23 35 15 14 14 13 18 9 17 28 
27 29 23 16 35 17 12 29 31 21 24 13 20 28 12 23 28 12 23 15 28 18 21 25 20 11 11 13 19 11 20 13 14 29 25 17 12 8 10 11 9 38 34 29 24 11 7 18 27 14 19 21 28 16 28 18 12 27 23 14 23 8 31 22 13 34 15 17 31 34 25 25 8 24 20 21 18 12 6 30 
25 15 25 18 26 22 24 34 29 28 13 11 21 34 13 18 27 17 22 13 27 20 22 21 16 8 6 9 16 31 27 10 7 18 27 19 21 23 16 12 16 18 28 25 11 16 11 31 14 11 18 30 36 13 23 29 19 31 30 17 13 14 20 14 10 27 17 15 15 27 33 42 17 12 20 22 17 21 17 25 
22 16 24 13 25 17 16 24 34 32 27 9 20 26 17 13 40 6 21 13 27 10 14 21 18 10 7 12 22 21 13 12 9 33 24 12 17 15 17 8 11 31 32 33 15 11 11 28 17 11 20 35 29 18 27 28 15 13 15 19 19 9 25 24 23 44 11 19 27 35 15 26 18 32 18 17 18 19 3 27 
27 18 21 14 28 15 17 17 21 25 17 13 24 30 20 11 22 14 41 14 35 9 22 11 16 12 10 14 29 32 18 11 11 14 25 14 19 28 18 13 14 20 37 27 12 10 10 27 22 16 21 27 49 9 29 29 19 22 17 31 28 15 25 19 21 35 14 19 30 28 35 40 14 25 17 19 12 23 16 30 

MachineCapacities:
MachineID Capacity
0 10
1 10
2 10
3 10
