NumTasks NumMachines NumScenarios
20 4 30
TaskDetails:
TaskID ReleaseTime ResourceConsumption SuccessorsCount Successors...
0 0 6 6 6 9 5 3 4 5 6 7 
1 0 8 4 2 9 0 
2 0 10 7 8 7 2 4 7 
3 0 3 7 9 9 0 
4 0 10 3 5 3 0 
5 0 5 9 3 1 0 
6 0 1 3 1 8 0 
7 0 3 5 2 2 0 
8 0 6 7 8 10 3 12 15 16 
9 0 6 8 9 10 1 17 
10 0 5 9 6 5 1 17 
11 0 2 8 2 2 2 16 19 
12 0 9 9 4 5 1 19 
13 0 8 2 7 7 1 19 
14 0 2 5 5 6 1 19 
15 0 9 4 8 6 1 19 
16 0 4 5 4 1 0 
17 0 9 2 5 2 1 19 
18 0 5 2 6 7 0 
19 0 6 5 6 6 0 

31 12 26 16 24 29 18 9 15 28 12 9 26 34 17 21 15 15 27 29 24 24 26 13 20 38 11 27 8 12 24 25 26 24 28 22 12 15 12 7 31 14 36 6 22 13 36 19 14 17 10 33 17 22 16 26 20 20 21 20 24 13 16 34 13 14 14 32 32 22 18 8 18 17 24 38 16 29 25 20 
20 16 41 15 26 17 8 15 11 27 14 9 33 15 14 22 7 9 37 12 24 8 23 7 20 20 8 29 15 15 24 23 15 20 27 31 5 6 32 10 15 20 31 12 25 20 18 25 25 21 26 14 24 17 17 10 25 31 22 24 5 19 20 23 13 13 14 26 22 30 18 14 29 37 13 21 27 29 34 17 
17 13 39 21 21 28 12 11 7 24 12 8 23 32 10 24 8 21 14 21 36 35 16 13 24 20 11 21 18 18 30 26 17 18 31 26 12 23 20 12 36 18 31 5 19 20 32 16 12 13 19 30 10 25 9 16 15 24 32 20 17 19 16 34 21 11 8 11 17 16 16 10 18 37 11 35 19 30 18 18 
32 11 18 17 31 32 12 8 10 23 15 10 40 47 19 15 18 17 30 16 30 34 9 9 18 18 15 38 12 19 4 17 21 20 31 36 12 17 24 17 43 5 20 17 21 17 40 14 24 10 29 15 30 21 8 21 13 34 17 12 16 16 14 24 20 13 15 38 20 25 6 12 18 40 27 33 23 28 3 15 
22 7 25 17 20 19 13 16 11 32 9 15 31 49 14 20 22 16 32 28 21 25 12 12 15 32 15 30 13 23 21 31 26 18 36 30 16 16 22 20 29 20 15 4 31 19 45 16 25 11 27 39 18 19 21 24 9 27 31 29 14 14 20 29 20 13 10 11 38 26 23 12 22 29 14 33 16 27 25 19 
18 22 43 13 29 19 15 17 13 23 16 18 38 21 9 22 12 16 29 17 26 20 12 9 24 17 7 41 9 19 19 31 13 23 25 19 3 13 26 17 36 8 28 7 23 21 35 7 13 22 22 16 22 12 9 26 17 25 31 20 21 15 11 43 3 13 18 30 29 17 5 6 26 31 20 26 22 40 39 21 
30 15 28 17 13 20 7 10 7 33 14 15 24 40 19 31 19 25 40 25 32 38 19 18 24 30 15 26 19 20 30 26 22 28 15 42 11 12 29 13 36 19 30 13 22 19 26 19 24 18 31 34 22 12 17 23 19 24 19 34 21 19 17 30 21 16 20 32 34 27 9 12 19 23 18 36 28 28 17 25 
35 16 25 16 24 29 16 14 7 36 10 15 32 29 9 24 17 10 27 19 23 29 14 13 23 24 19 27 14 20 19 12 23 19 18 28 15 15 28 5 29 27 20 10 22 14 9 13 9 19 21 26 16 16 11 19 18 28 21 12 26 18 12 23 16 10 18 34 38 28 22 7 21 28 27 43 25 15 39 28 
26 14 27 18 27 31 16 12 15 29 10 13 27 41 18 14 27 22 21 25 25 36 23 13 2 45 9 18 14 22 23 27 22 18 28 43 7 26 23 21 35 19 28 7 18 14 23 10 19 14 25 30 9 20 11 19 19 23 26 15 28 10 8 25 18 12 17 21 35 21 22 14 21 26 12 23 22 29 22 17 
29 19 26 21 22 27 18 10 11 32 12 15 28 40 11 10 19 27 24 34 21 21 14 17 16 28 16 20 10 23 22 13 16 15 32 33 12 24 17 14 21 14 14 6 22 11 31 11 13 24 22 21 16 13 15 25 13 9 23 19 18 17 10 28 27 14 17 36 25 25 23 11 19 17 16 28 24 23 22 25 
37 19 31 13 28 20 11 9 6 33 15 12 25 34 12 21 23 22 32 35 29 16 30 9 15 20 12 24 10 9 27 20 13 24 26 36 10 12 22 17 28 25 35 11 26 20 18 16 6 15 29 30 21 17 20 17 11 17 42 15 17 14 10 39 25 10 16 42 27 33 22 12 19 29 19 42 20 29 37 24 
14 9 19 17 34 36 10 11 11 12 11 7 32 43 7 18 16 16 28 23 30 23 16 9 24 32 10 20 14 22 26 31 20 21 26 24 9 12 24 8 40 27 14 13 24 24 26 13 14 13 21 44 18 20 22 22 22 21 20 26 11 15 9 36 17 8 10 25 39 26 26 14 28 35 23 21 23 28 26 21 
24 11 15 17 10 21 10 12 15 26 12 15 26 38 12 21 15 9 38 23 31 23 21 6 9 23 11 33 13 11 33 12 19 18 28 39 12 19 27 21 31 16 27 11 30 16 22 19 30 13 11 16 13 13 11 19 19 31 29 28 17 16 13 41 11 14 20 15 20 27 17 12 27 41 8 23 21 48 25 18 
23 7 48 18 34 22 15 11 10 20 8 17 29 30 16 33 13 19 37 22 36 35 17 9 17 30 8 39 12 18 24 23 25 14 24 14 18 21 22 11 14 11 28 11 23 21 24 6 22 17 21 38 19 17 16 17 11 36 25 25 26 14 12 18 22 12 17 28 32 22 20 11 16 21 24 39 27 28 24 23 
29 10 32 17 23 29 13 16 7 33 11 14 32 20 11 19 21 13 31 27 12 23 15 11 12 22 10 23 11 20 27 19 16 14 25 30 15 16 37 13 41 12 20 11 13 22 29 7 22 11 26 22 23 21 12 15 8 33 24 23 20 18 16 32 20 10 24 21 15 11 19 9 27 26 16 37 17 23 37 15 
24 13 35 14 17 14 17 10 9 19 10 16 19 31 14 27 13 16 34 26 36 24 19 11 21 27 10 38 11 16 20 25 19 18 29 30 11 19 28 27 24 24 13 16 13 17 32 20 18 24 25 34 17 25 19 27 15 24 32 31 26 22 17 36 13 12 14 39 26 21 26 13 17 32 21 36 29 34 45 21 
36 12 30 22 27 20 14 13 8 26 11 7 31 25 10 21 17 13 33 17 36 30 21 8 18 23 12 17 11 12 26 23 13 25 41 20 16 23 23 23 34 20 35 11 21 5 32 19 12 4 25 28 17 19 16 24 10 20 20 19 19 21 16 32 16 7 20 37 26 30 20 14 22 22 25 24 2 16 25 26 
22 20 28 17 16 30 11 10 12 23 9 9 21 26 10 19 23 22 20 22 26 29 20 9 25 23 8 26 9 19 22 23 22 7 20 40 10 18 22 13 39 20 10 9 17 18 32 21 23 13 21 38 18 21 12 20 16 30 31 24 21 25 12 25 22 13 6 38 38 18 24 7 23 9 22 13 32 24 22 18 
30 12 25 15 21 33 6 12 6 30 9 15 33 26 15 13 12 12 24 20 13 34 11 5 20 31 15 28 14 22 38 15 15 29 27 28 12 17 24 15 37 20 19 16 23 14 24 13 27 22 18 27 16 19 11 16 14 16 35 16 19 6 15 32 19 9 14 21 14 19 15 10 33 28 17 30 19 26 17 20 
36 19 15 15 23 16 13 10 14 27 13 15 20 14 15 12 12 15 27 24 18 14 26 10 14 34 11 24 14 25 28 16 12 22 17 24 12 18 20 15 41 21 18 8 17 24 36 17 15 21 28 20 13 9 16 25 12 19 25 28 23 10 14 23 16 8 15 19 24 22 20 14 20 26 32 42 35 38 27 28 
42 8 24 13 22 24 11 13 8 21 9 11 18 32 17 19 11 20 23 14 20 41 28 14 11 27 15 28 16 21 22 18 18 8 25 28 14 16 18 18 30 17 35 11 18 20 23 11 18 24 23 34 25 17 13 24 8 28 24 21 16 21 15 32 11 10 16 35 31 18 11 15 29 23 20 40 19 20 23 14 
15 10 25 14 19 33 10 8 13 32 14 16 31 25 13 16 20 20 30 26 12 31 21 7 21 25 15 31 13 13 23 12 26 19 21 39 11 21 28 24 36 17 23 8 21 22 25 13 12 22 32 22 29 16 12 18 15 36 38 22 19 15 14 27 16 13 17 23 38 32 18 24 26 32 17 37 24 24 15 33 
20 10 21 14 27 30 11 11 11 25 14 16 41 24 16 16 23 16 24 26 19 27 25 17 18 17 16 22 16 16 23 24 17 23 27 34 14 15 37 8 40 12 26 7 20 22 31 14 10 30 28 16 11 21 21 17 19 32 26 10 21 24 15 30 20 9 19 22 36 20 13 15 21 15 27 31 29 8 30 29 
13 10 33 10 25 30 12 13 10 26 17 15 15 29 14 22 14 17 24 25 33 34 29 16 19 34 15 29 14 15 23 34 18 7 24 23 13 14 37 20 25 10 16 10 8 12 42 16 19 19 25 27 18 22 15 12 18 31 20 19 22 19 15 41 23 10 15 43 27 19 22 11 23 35 24 40 15 20 35 29 
35 18 18 20 17 17 14 13 9 22 10 15 33 30 15 14 20 24 16 19 17 14 18 14 23 29 14 18 9 16 15 21 23 22 36 26 13 25 32 20 40 17 22 9 30 22 26 15 18 17 15 19 26 20 13 12 14 40 25 26 22 10 12 18 15 13 13 36 25 29 21 9 24 18 27 25 31 20 23 15 
10 23 20 17 17 20 15 12 11 28 14 18 27 33 14 21 21 20 29 31 34 27 16 13 8 19 10 24 5 28 30 25 19 17 18 21 9 15 26 19 28 13 21 12 16 18 29 24 32 17 24 24 14 24 14 15 15 25 25 23 12 13 15 29 15 11 13 19 35 24 13 21 26 29 25 20 14 17 22 28 
41 13 35 23 25 21 10 12 15 26 10 17 31 16 12 22 18 22 26 22 42 29 28 10 15 19 10 22 18 12 21 37 17 21 26 33 11 16 31 18 43 19 32 13 32 14 46 15 22 22 7 36 16 22 14 21 13 19 17 17 17 21 16 28 10 12 19 28 38 22 20 13 18 23 19 22 28 22 23 23 
42 15 38 14 19 31 9 12 5 30 15 19 27 19 12 24 17 24 23 27 28 32 16 13 22 26 6 35 17 13 23 20 24 14 32 28 15 27 21 15 43 21 22 11 19 13 15 11 31 19 17 16 16 14 17 25 18 16 27 29 23 28 17 24 20 13 14 19 23 25 15 9 13 32 31 33 34 33 32 22 
32 14 25 18 16 30 9 13 5 35 19 15 18 12 9 19 23 24 19 24 43 22 12 8 18 33 12 32 11 7 26 27 17 16 23 32 12 22 21 17 21 17 30 11 19 9 31 12 15 25 23 26 15 15 17 16 19 45 21 33 18 9 15 22 17 16 10 22 15 25 25 10 28 21 10 30 21 37 26 22 
29 14 10 14 16 31 15 10 16 25 11 14 29 26 12 25 18 13 12 31 8 33 18 12 22 17 7 11 11 21 18 34 11 13 19 45 6 9 23 11 30 24 15 10 31 18 32 20 16 17 6 36 20 20 19 29 23 21 24 18 21 19 15 24 21 8 16 38 26 32 15 12 21 38 24 33 27 38 14 30 

MachineCapacities:
MachineID Capacity
0 10
1 10
2 10
3 10
