NumTasks NumMachines NumScenarios
20 4 30
TaskDetails:
TaskID ReleaseTime ResourceConsumption SuccessorsCount Successors...
0 0 3 2 1 6 2 4 5 
1 0 4 2 10 2 2 3 6 
2 0 8 6 4 3 1 6 
3 0 7 7 7 2 1 4 
4 0 4 9 9 5 0 
5 0 5 7 1 1 0 
6 0 7 10 2 8 0 
7 0 6 6 7 2 3 11 14 18 
8 0 9 5 8 3 4 12 13 16 17 
9 0 3 5 4 10 2 16 19 
10 0 4 3 10 4 2 16 18 
11 0 6 2 4 6 1 19 
12 0 4 7 3 4 1 18 
13 0 5 5 8 4 0 
14 0 4 7 3 6 1 16 
15 0 7 4 9 2 1 18 
16 0 9 3 7 2 0 
17 0 6 3 1 5 0 
18 0 5 4 10 8 0 
19 0 5 3 8 6 0 

20 27 36 22 26 27 12 6 11 19 10 29 21 10 11 13 16 30 13 17 10 17 41 27 12 18 14 20 10 13 10 8 10 17 25 19 42 20 16 12 15 14 17 15 16 29 20 29 17 19 22 21 32 19 9 15 14 21 29 11 28 2 21 18 6 19 14 18 16 31 9 18 13 21 19 30 19 11 43 19 
23 17 22 26 21 35 11 8 10 17 12 17 19 7 19 12 10 17 12 21 7 10 25 16 26 20 13 36 12 7 19 15 8 31 8 23 24 14 6 16 20 17 15 24 15 21 10 17 18 35 19 13 31 28 6 11 14 19 23 14 16 12 17 15 8 23 22 8 12 20 9 12 25 25 18 24 17 14 31 20 
23 26 38 19 8 26 11 10 12 27 12 16 30 13 17 7 15 28 9 21 13 12 15 19 28 26 12 31 10 8 17 11 9 25 26 24 32 14 11 34 16 12 19 30 14 18 15 18 18 23 27 22 22 15 17 8 15 12 22 11 29 14 13 17 4 11 24 11 22 36 15 23 26 23 36 23 12 15 23 26 
25 26 15 15 21 28 8 13 12 16 4 24 35 24 19 8 8 21 15 23 21 13 33 21 34 22 8 33 11 10 16 19 7 19 24 25 33 12 11 13 20 14 21 31 15 10 15 21 17 10 13 8 28 29 6 15 5 14 26 5 12 8 19 9 9 10 19 9 17 38 14 19 11 36 12 23 23 11 31 26 
14 23 25 21 9 28 13 8 15 25 14 28 10 19 22 12 10 27 13 20 17 19 20 23 11 16 14 25 16 9 13 21 11 18 35 20 28 15 9 21 17 8 22 22 9 16 14 31 21 23 18 8 32 11 12 8 10 20 28 9 17 7 17 17 14 25 11 16 15 32 10 17 26 17 26 38 9 15 26 29 
24 20 28 20 10 23 5 11 10 15 12 27 37 18 31 10 9 21 10 18 12 15 26 23 24 25 15 37 12 14 22 20 10 26 19 18 34 15 16 20 21 14 16 29 15 14 14 30 14 23 6 18 22 17 9 1 12 5 25 8 24 6 12 17 10 25 23 8 17 29 14 20 22 26 41 42 24 15 35 28 
21 20 26 26 16 18 16 17 9 14 12 22 22 13 22 13 16 25 17 16 22 20 34 31 31 23 9 25 9 12 14 14 13 40 23 26 44 20 15 19 21 12 20 22 13 26 17 23 19 18 10 19 24 17 13 11 5 16 22 8 16 10 22 19 6 16 15 14 19 27 14 17 19 46 35 19 13 15 25 27 
21 24 25 25 14 29 5 6 16 20 6 26 27 16 24 10 18 27 11 7 14 20 15 21 23 12 9 21 14 11 20 13 9 29 33 24 26 23 13 23 18 10 25 14 16 30 12 24 11 24 34 23 23 16 9 12 9 18 19 8 16 12 22 18 8 19 27 13 9 27 11 22 23 35 41 38 19 14 37 18 
30 19 46 13 15 34 12 10 9 16 11 22 22 22 14 10 10 17 9 24 16 22 19 20 35 20 14 39 15 8 17 16 10 11 20 25 10 15 8 29 27 11 18 29 7 30 22 17 21 22 15 20 23 31 9 9 12 17 22 10 17 7 5 16 8 26 18 10 17 33 15 22 30 25 36 22 14 10 33 28 
25 22 24 26 13 28 11 10 12 25 13 16 24 17 17 5 21 31 13 18 12 12 17 19 24 25 11 19 11 8 14 16 11 30 29 19 30 19 13 21 19 9 12 27 9 21 22 28 20 12 24 22 29 25 13 13 17 16 22 8 21 16 18 17 10 3 15 16 8 23 12 30 25 26 28 25 24 7 1 23 
24 18 34 13 15 16 9 15 8 22 11 22 26 12 28 13 20 35 7 21 13 14 32 11 29 19 8 21 14 9 20 10 11 14 16 18 34 12 13 19 20 10 17 29 11 29 25 12 23 19 19 19 27 21 11 15 10 15 14 14 15 12 14 21 7 12 22 11 6 28 5 11 16 30 13 40 18 15 38 30 
16 16 22 19 21 31 9 13 2 12 10 19 32 17 28 17 18 19 3 27 19 15 29 25 21 21 13 32 17 7 12 13 13 30 28 30 27 15 17 26 16 9 24 33 15 25 10 38 18 12 11 23 23 17 9 12 15 15 23 8 21 14 25 15 9 12 31 11 16 31 10 14 20 28 35 27 21 12 34 28 
25 18 40 23 14 24 5 9 11 17 16 20 25 18 21 15 13 21 15 21 13 21 32 23 21 20 12 25 15 16 19 12 11 27 29 30 14 19 11 17 24 16 14 14 14 33 22 25 19 19 24 9 33 14 11 4 15 11 6 4 12 10 24 22 12 14 23 15 17 32 8 19 21 32 21 26 12 13 45 24 
19 25 12 23 18 22 15 3 13 29 11 26 21 14 30 6 12 23 10 18 4 8 31 21 11 16 15 48 13 11 22 12 11 28 28 15 34 16 10 29 21 9 22 18 14 27 30 13 16 17 38 15 25 17 7 15 8 19 20 12 18 17 16 14 9 26 27 11 10 28 16 22 35 14 34 38 11 14 26 13 
21 21 26 22 15 41 10 14 9 13 12 24 24 13 25 8 14 13 8 16 9 18 35 12 30 12 4 42 12 11 19 12 9 28 22 17 29 13 11 22 19 12 21 22 15 21 19 19 17 12 29 18 35 27 6 9 10 19 15 10 29 8 19 23 14 20 15 8 13 28 9 11 24 40 18 12 12 8 36 29 
23 23 41 21 12 33 20 14 13 20 6 23 19 14 25 10 15 19 9 27 13 15 18 26 28 16 10 32 10 6 6 10 14 19 22 19 25 19 7 19 21 9 21 34 10 17 24 29 25 10 33 15 27 29 13 10 10 13 20 7 20 12 19 13 14 22 34 19 19 24 13 19 35 29 25 41 14 10 31 10 
13 19 45 24 10 29 7 14 9 18 12 16 33 13 16 11 13 29 13 20 20 11 35 30 30 24 13 31 9 6 20 12 14 36 33 23 31 15 13 21 17 16 20 27 7 20 13 25 14 21 28 17 16 23 6 11 14 13 15 9 19 4 18 24 10 10 16 10 15 22 10 12 21 23 29 19 18 11 22 28 
20 14 31 13 17 25 12 14 11 19 10 18 21 10 18 6 13 22 14 27 18 16 28 28 32 23 6 24 15 10 8 15 11 21 16 23 21 9 14 21 25 12 20 14 11 21 16 35 16 19 25 12 25 22 7 6 11 18 20 15 23 11 19 20 7 13 24 14 20 21 14 15 29 14 37 30 11 11 18 31 
11 30 35 18 20 29 7 9 12 11 14 15 35 14 20 13 11 33 13 15 12 11 33 23 20 19 9 33 15 10 16 16 6 25 19 20 15 7 10 28 23 13 16 31 11 22 10 27 7 22 29 21 25 14 13 17 13 14 14 12 32 11 16 19 13 24 28 12 16 20 13 28 20 31 37 25 20 11 28 34 
19 26 31 28 10 12 10 12 4 16 12 21 31 16 18 7 15 19 11 16 16 15 37 25 26 29 9 24 11 14 19 14 8 31 25 19 35 14 7 31 18 11 18 26 11 27 15 23 14 22 22 17 26 15 7 7 11 14 17 8 23 7 10 18 9 16 15 10 12 29 13 25 25 35 34 30 13 18 40 29 
14 24 29 21 18 13 13 11 2 12 13 27 29 20 26 15 9 22 10 16 14 20 43 15 28 23 16 39 14 6 7 19 12 22 31 18 27 16 14 15 18 13 14 30 14 15 17 16 14 33 38 14 29 26 11 11 11 17 19 12 18 11 14 18 11 14 28 11 14 33 5 23 24 25 32 26 26 20 24 25 
23 25 31 18 14 33 13 14 6 24 8 18 25 16 13 9 14 6 10 11 8 15 34 14 25 10 15 10 10 10 21 16 7 3 21 25 25 10 17 29 18 14 17 29 10 30 8 24 23 22 31 8 17 27 9 10 16 19 4 13 19 11 14 26 9 10 38 13 19 29 12 14 19 25 31 32 21 11 31 15 
18 26 20 12 18 31 9 12 10 20 10 14 33 10 26 11 15 22 9 10 14 13 48 25 34 28 15 29 12 13 17 2 9 25 26 24 32 15 9 12 25 7 22 26 10 28 26 16 16 28 24 18 24 29 12 9 11 13 15 13 28 8 12 15 9 22 20 10 14 32 9 20 28 28 20 37 18 15 17 9 
31 23 29 19 15 26 9 7 14 27 11 24 31 10 13 9 7 23 9 27 6 14 22 17 40 31 16 39 11 12 15 15 10 22 21 27 9 19 13 12 23 12 17 14 8 25 10 20 11 20 39 15 28 28 4 10 13 12 19 9 27 4 21 17 15 19 25 15 14 25 10 29 30 25 26 26 18 17 31 12 
21 28 28 14 12 29 13 9 12 17 7 22 21 20 27 9 21 30 16 19 14 23 29 27 18 29 15 35 13 10 22 8 15 17 28 17 24 11 16 19 16 10 26 18 9 18 17 38 28 22 33 16 19 28 6 9 13 12 20 8 26 10 18 26 7 23 22 10 19 19 13 21 27 26 19 31 19 9 22 24 
22 21 29 4 21 30 12 13 13 20 14 26 27 17 13 12 12 31 6 13 18 14 42 20 27 30 15 31 10 15 13 15 14 25 24 34 30 14 14 19 15 14 17 30 10 24 13 14 14 20 12 17 28 12 10 15 16 17 23 6 27 6 21 19 4 20 21 13 23 27 8 29 18 34 35 40 17 10 21 29 
27 15 37 13 17 41 17 11 10 23 13 26 27 17 29 8 19 33 14 9 18 23 29 16 35 11 14 22 9 9 17 12 9 17 30 20 22 6 12 16 18 8 11 20 12 20 16 18 28 20 4 16 35 21 14 11 13 19 10 7 29 7 24 13 11 9 25 8 18 20 17 24 29 43 26 22 14 10 24 25 
24 27 34 20 11 40 13 15 10 25 16 19 33 20 31 11 21 27 8 20 4 10 38 23 26 28 11 33 12 12 17 13 9 17 31 15 16 23 15 33 19 10 20 22 15 28 10 37 22 17 11 21 19 22 5 4 10 11 18 15 27 11 15 14 14 22 23 14 20 30 11 13 25 19 32 21 12 14 31 31 
20 29 48 17 12 21 14 8 10 11 12 29 14 13 24 3 16 16 11 13 18 10 24 22 26 22 11 35 15 10 21 12 12 27 11 12 32 12 11 15 20 12 16 19 16 25 29 25 18 25 32 25 27 25 13 12 23 14 11 6 33 9 25 20 9 17 17 8 20 21 18 17 21 25 27 24 14 11 35 14 
23 29 36 19 16 32 12 11 10 14 15 22 20 20 14 8 15 33 10 8 8 21 24 21 31 19 10 25 10 8 20 17 14 18 21 23 36 24 13 25 20 8 14 10 13 21 10 25 24 14 27 13 17 28 9 10 20 23 20 11 22 10 19 15 12 14 21 10 22 32 10 24 24 21 26 29 4 14 46 8 

MachineCapacities:
MachineID Capacity
0 10
1 10
2 10
3 10
