NumTasks NumMachines NumScenarios
20 3 100
TaskDetails:
TaskID ReleaseTime ResourceConsumption SuccessorsCount Successors...
0 0 7 4 5 3 3 4 5 
1 0 2 4 6 1 5 
2 0 1 10 5 0 
3 0 6 1 9 0 
4 0 5 3 9 1 7 
5 0 7 6 9 0 
6 0 7 8 5 0 
7 0 5 10 2 0 
8 0 2 4 3 1 16 
9 0 3 4 3 3 14 16 17 
10 0 10 6 5 0 
11 0 6 2 4 0 
12 0 2 7 2 0 
13 0 7 6 5 0 
14 0 7 5 6 1 18 
15 0 4 6 5 2 17 18 
16 0 3 2 7 0 
17 0 2 2 7 0 
18 0 10 6 4 0 
19 0 1 4 4 0 

28 18 42 13 26 16 35 23 26 24 26 35 34 22 23 25 34 15 29 34 23 17 28 15 20 28 33 22 38 15 12 28 31 24 39 15 17 36 27 28 16 12 20 35 26 19 34 31 25 38 22 23 28 8 14 40 16 10 27 22 
21 18 20 16 29 26 35 18 25 27 39 20 24 24 25 16 27 25 17 12 10 30 26 15 17 20 19 20 29 12 17 18 33 18 27 15 27 26 16 33 12 16 10 23 14 38 25 16 21 19 13 14 25 22 18 31 14 20 18 19 
28 16 28 20 27 20 26 19 19 26 38 33 23 41 17 19 27 19 21 25 23 12 24 16 20 31 24 16 33 14 15 27 10 15 40 26 18 39 16 30 18 34 20 45 32 24 29 39 26 31 21 31 19 20 16 25 14 15 30 21 
24 15 21 10 38 30 26 19 14 16 21 35 17 28 13 26 24 34 22 29 20 29 18 20 26 38 18 23 39 14 15 26 24 28 31 21 28 24 24 23 14 19 20 34 12 31 36 18 30 19 25 26 23 16 15 25 12 16 19 20 
29 16 18 24 20 24 27 17 31 39 13 17 35 37 23 17 24 33 28 51 18 24 25 11 21 16 9 13 39 13 13 35 22 18 25 6 21 16 23 20 16 23 25 26 17 17 17 10 18 28 24 33 26 18 9 32 17 19 35 19 
12 8 22 16 38 18 17 20 14 24 7 31 20 27 21 27 38 29 25 26 31 26 14 12 14 19 21 16 32 17 18 31 27 6 21 26 10 45 16 20 18 21 15 46 31 30 37 20 29 25 14 20 30 18 16 20 16 14 30 26 
27 19 19 13 25 18 28 9 31 34 24 20 25 24 26 18 25 25 19 39 26 24 17 17 23 20 25 17 44 12 14 21 38 23 35 30 8 34 24 38 20 28 13 27 30 18 29 27 20 29 21 37 31 20 18 37 12 14 22 22 
18 15 29 15 15 30 23 18 18 33 25 22 25 26 25 13 25 30 16 21 24 34 18 14 15 19 32 9 24 12 19 34 28 11 32 26 19 39 14 38 19 14 15 14 19 28 11 18 29 19 30 20 27 9 17 32 11 15 31 16 
16 15 19 16 38 16 17 14 16 19 25 27 34 30 28 3 19 30 19 23 23 16 18 26 18 17 25 16 38 12 18 21 18 17 32 31 11 9 20 19 9 33 23 33 36 37 31 18 19 20 32 30 23 14 16 22 16 12 31 12 
29 18 32 16 31 15 29 15 28 23 24 28 21 32 19 21 25 25 27 20 26 24 19 19 18 40 25 20 36 12 9 26 13 21 26 40 12 27 15 31 19 24 10 37 34 46 17 35 29 31 19 20 24 19 14 38 16 10 30 17 
24 14 34 21 13 23 25 14 23 39 33 29 20 33 16 32 16 12 11 32 19 32 25 7 10 21 19 9 21 13 9 23 20 15 34 27 20 28 11 49 13 22 25 38 25 28 26 41 36 23 16 34 23 20 11 26 17 14 9 17 
9 20 27 10 32 18 29 25 16 30 15 22 24 38 21 21 38 27 26 30 14 26 21 24 12 22 28 21 45 27 24 16 15 27 24 30 22 26 33 33 21 25 10 31 27 15 28 16 18 24 24 21 44 16 13 29 13 19 29 14 
33 13 22 14 37 29 19 9 14 36 31 18 16 34 17 12 26 22 11 39 36 12 12 18 16 28 35 15 15 13 13 33 31 28 39 24 20 30 9 40 15 24 13 31 25 25 31 30 21 26 23 26 30 21 13 24 23 16 36 18 
40 19 32 22 23 31 26 7 26 45 22 8 25 27 29 22 25 28 18 45 21 28 17 11 16 26 17 17 35 16 11 26 28 5 39 21 22 32 26 24 9 20 11 32 25 25 25 37 19 33 18 38 14 15 15 24 16 18 33 4 
29 16 29 20 28 14 27 25 24 26 23 26 16 25 11 17 28 26 25 35 35 17 16 17 12 23 23 23 39 13 14 18 28 18 39 36 28 23 17 40 11 19 10 33 33 34 38 28 26 14 33 35 8 21 13 17 12 18 17 16 
10 10 32 3 24 22 23 21 20 21 27 28 30 28 16 13 27 27 33 28 21 26 20 18 22 18 21 19 41 15 11 13 22 9 24 30 25 31 15 26 15 20 13 24 17 31 48 24 25 11 21 28 14 17 12 30 17 17 34 11 
29 16 37 20 39 34 22 11 29 38 26 33 32 18 14 22 20 19 20 31 16 35 27 16 13 32 23 22 12 16 18 23 33 19 28 36 12 39 21 33 18 21 28 24 27 21 19 11 34 28 13 23 15 21 16 29 13 18 28 16 
21 12 17 11 34 18 22 18 28 25 35 19 18 32 17 24 37 21 23 24 20 27 10 15 16 14 15 17 30 13 14 15 21 14 25 29 24 28 30 42 17 28 11 37 28 38 26 13 17 34 17 11 25 29 25 28 17 17 19 13 
28 20 18 13 35 36 10 24 27 27 24 18 24 11 27 25 22 27 20 38 27 29 24 10 16 21 23 17 14 16 16 33 25 13 41 27 21 31 20 36 21 27 17 38 12 46 41 29 14 19 15 22 27 18 15 34 23 15 33 19 
13 14 30 11 29 22 22 16 40 39 28 32 28 29 22 16 29 18 18 27 30 40 25 12 22 46 14 15 45 16 16 21 34 18 25 30 23 32 16 24 16 25 17 53 22 19 28 32 25 30 17 25 25 24 13 34 13 17 42 17 
35 22 30 10 37 22 19 22 30 31 34 34 20 21 15 18 25 18 15 38 36 38 28 11 16 31 15 17 24 17 25 24 17 15 18 34 18 27 27 23 16 25 8 35 24 36 41 40 33 44 18 11 24 13 22 32 18 16 27 19 
26 12 31 19 43 23 16 9 29 12 27 23 22 32 23 24 17 32 30 27 24 26 19 15 10 35 29 16 31 14 23 26 32 14 26 22 23 20 21 28 17 29 20 30 34 27 36 25 23 39 27 15 34 23 11 25 18 23 28 20 
21 13 31 11 23 26 23 15 21 20 28 22 21 30 10 16 19 38 24 21 38 35 13 15 16 28 21 17 14 11 18 30 13 26 24 25 13 34 19 31 25 19 5 33 29 29 27 37 27 47 25 29 14 20 14 37 14 15 26 27 
25 22 26 11 30 23 34 23 31 38 27 31 17 27 27 28 33 21 30 38 20 46 29 10 20 41 25 18 18 7 19 27 24 15 30 27 28 29 22 17 21 12 23 28 23 36 35 32 22 15 15 22 30 18 10 36 9 18 31 25 
25 18 22 9 11 25 18 9 16 27 24 20 18 20 28 13 28 26 29 14 20 33 9 20 14 46 34 16 47 9 17 23 19 18 29 30 26 18 29 30 17 20 14 15 26 30 43 45 24 29 35 26 15 24 15 39 23 20 26 18 
21 16 24 17 21 23 26 24 21 29 20 25 42 26 32 20 9 24 26 33 18 32 29 25 23 25 23 19 37 12 12 29 10 23 32 20 18 24 9 12 6 20 22 45 15 20 32 16 21 28 22 31 14 17 25 29 12 19 34 15 
27 16 37 19 23 32 29 22 16 28 34 30 17 36 20 16 34 25 17 36 21 37 14 18 9 34 25 19 18 13 7 24 34 15 24 29 15 27 22 31 14 36 11 17 27 29 20 45 27 31 18 36 24 20 9 8 17 13 44 31 
25 18 35 8 31 18 30 21 29 34 19 24 22 45 35 19 25 37 14 22 27 26 11 3 17 17 22 20 45 18 7 24 25 11 24 17 16 23 12 28 22 23 16 35 30 26 22 11 29 21 16 34 20 12 9 31 7 17 15 23 
27 23 30 11 40 29 28 22 24 26 19 32 23 26 22 13 17 26 25 27 22 25 11 6 8 18 32 18 42 17 18 20 20 18 12 22 7 23 31 30 15 25 19 38 30 24 35 36 19 35 27 28 33 17 16 41 17 13 37 18 
30 15 38 10 12 27 31 22 22 37 24 38 13 30 10 23 11 23 25 28 26 42 18 17 24 30 38 13 30 12 25 30 19 21 34 33 4 25 18 37 19 16 20 31 25 23 37 22 17 28 15 23 20 13 23 25 16 11 15 25 
26 15 45 9 30 24 22 9 18 28 14 37 32 18 22 16 27 26 15 19 29 24 23 14 16 19 14 17 26 14 11 31 26 22 34 27 22 28 27 28 26 21 10 30 39 36 24 30 16 27 21 11 24 21 10 25 16 14 19 3 
22 13 48 14 20 18 29 18 29 21 18 22 27 26 28 20 27 36 27 52 16 50 26 25 14 22 16 9 56 15 18 22 36 24 34 28 14 32 20 3 23 16 22 46 13 46 27 11 22 15 25 33 34 19 10 24 19 17 42 18 
20 20 37 20 23 22 22 15 28 21 39 37 24 38 21 22 12 33 19 33 23 28 17 15 16 22 31 10 28 9 7 21 28 27 32 30 25 22 27 25 19 25 21 22 36 46 31 15 20 25 20 24 28 19 12 12 17 12 26 12 
30 11 23 17 37 19 29 20 18 26 34 21 28 27 23 9 18 32 26 32 21 25 15 14 11 15 16 20 39 14 14 27 29 14 29 20 20 22 23 40 18 28 20 30 19 25 38 29 36 34 19 23 15 23 16 22 19 11 40 14 
25 20 26 20 39 28 28 23 29 35 23 30 20 34 18 12 30 24 26 37 32 32 24 19 6 25 22 12 19 15 12 29 30 17 23 27 23 31 14 39 15 15 19 27 39 33 34 17 31 15 26 31 17 19 15 35 17 18 19 8 
26 19 29 17 31 16 30 17 21 21 30 11 23 27 24 12 27 27 19 22 33 36 20 21 12 23 28 14 18 11 12 27 27 26 41 21 23 17 19 17 18 33 18 16 26 36 30 18 22 26 24 25 24 26 7 45 19 9 24 16 
27 15 23 12 15 35 12 13 29 33 18 37 18 36 15 15 23 13 31 26 33 39 20 8 19 14 31 19 20 15 11 38 28 32 22 33 11 32 16 24 23 16 20 30 26 32 12 20 22 32 17 34 24 14 23 28 20 13 33 12 
28 15 26 11 16 21 27 15 25 25 31 31 32 20 24 9 21 43 13 28 22 33 18 17 23 33 37 19 27 18 11 17 21 12 47 20 23 37 15 19 19 17 10 40 30 39 25 20 28 22 22 26 17 14 23 26 16 18 39 17 
18 18 33 14 30 23 27 15 29 21 29 17 20 36 21 17 17 26 31 36 12 35 19 17 9 19 19 24 15 13 17 32 24 21 34 27 24 23 21 22 22 26 6 30 26 30 30 35 19 31 17 32 26 26 15 41 19 20 30 17 
17 16 25 15 29 25 24 19 25 40 27 33 38 25 12 21 20 23 24 29 26 38 17 26 19 25 13 20 31 16 15 27 24 16 24 13 20 34 27 27 19 14 16 32 24 27 27 29 33 24 20 34 19 18 17 27 17 18 39 20 
31 13 17 17 42 27 23 26 23 32 16 27 21 30 26 17 24 26 22 33 21 20 19 19 16 23 20 16 27 15 14 22 28 24 41 29 18 32 13 34 18 22 15 30 20 37 24 20 20 27 21 32 26 4 15 13 19 11 19 14 
22 18 27 19 25 23 32 9 25 16 24 37 21 17 25 11 19 20 18 46 16 28 23 5 12 23 23 26 27 8 17 22 39 21 35 25 18 33 14 29 23 28 24 32 18 14 36 27 29 29 21 25 29 19 15 34 11 17 15 16 
22 14 19 12 28 18 29 21 27 29 28 33 15 28 26 14 20 15 26 24 26 37 17 16 16 47 24 14 25 15 17 26 28 17 33 27 24 24 15 34 16 16 16 41 20 17 35 18 17 20 26 23 23 23 9 30 17 15 31 16 
23 18 20 17 40 25 25 15 21 5 14 29 24 24 14 11 35 21 28 23 21 19 17 15 19 25 17 23 35 25 14 30 25 28 17 29 14 30 23 25 21 18 9 54 33 46 22 37 22 33 27 18 35 13 11 29 21 15 39 27 
11 14 35 9 38 26 28 13 19 25 31 17 16 42 15 18 22 29 24 34 24 21 23 10 7 25 18 19 41 17 19 27 21 25 25 27 23 27 15 10 12 15 19 19 29 21 17 37 22 33 19 16 22 20 13 21 15 14 27 16 
33 20 33 19 24 20 31 23 21 37 17 30 35 29 15 18 23 15 39 42 5 25 28 24 15 27 19 11 20 13 14 31 32 19 24 44 17 41 21 38 22 30 22 28 31 31 32 28 19 27 26 21 31 10 13 28 13 13 26 23 
23 17 21 24 47 32 34 24 24 23 30 17 15 22 26 18 16 21 35 36 43 27 24 27 17 31 32 14 33 18 19 14 26 27 33 24 27 26 27 33 17 14 24 36 20 17 29 18 31 19 13 27 21 14 17 23 19 15 23 15 
29 9 28 12 15 29 33 15 19 29 25 29 17 33 23 18 23 11 22 28 33 38 10 11 15 34 28 18 47 12 18 15 22 14 20 25 25 21 16 34 17 8 18 28 28 24 36 33 21 36 23 38 36 15 19 33 12 20 28 20 
22 11 34 20 23 14 21 16 14 45 28 21 19 32 11 16 30 41 21 13 24 35 24 13 11 30 16 21 22 13 11 21 34 20 18 32 25 10 31 28 6 19 22 24 26 25 24 34 30 19 16 28 35 11 15 30 23 14 28 19 
20 20 31 18 30 21 31 19 21 29 31 21 26 22 16 17 23 20 29 20 30 14 18 28 11 24 23 5 30 19 19 21 23 15 30 34 18 41 17 14 21 33 11 47 39 31 29 18 21 20 22 24 23 19 14 14 18 14 40 22 
34 25 21 19 19 22 26 11 26 28 27 33 33 41 17 17 23 17 26 37 22 27 28 22 15 34 13 11 28 17 20 36 32 18 36 33 20 25 16 36 10 23 17 30 17 15 24 32 26 20 22 29 30 17 14 18 13 18 16 13 
28 17 23 15 29 32 17 14 4 14 27 21 27 39 26 17 28 31 27 35 23 22 24 15 13 19 28 18 27 13 19 22 23 19 34 17 21 20 23 24 21 27 27 30 38 16 30 36 23 26 27 30 22 20 13 32 21 13 36 17 
22 15 23 18 37 22 17 18 28 25 29 31 18 29 26 21 18 31 29 29 27 27 28 26 16 28 25 10 30 17 13 29 24 14 34 34 21 36 31 19 17 30 11 24 25 42 19 12 29 28 26 17 21 13 10 11 7 13 29 15 
36 20 36 19 35 24 33 19 20 33 22 27 19 28 24 26 24 36 24 25 26 36 18 20 16 38 32 18 40 7 15 12 19 11 23 28 24 19 12 33 19 29 13 32 27 20 20 26 23 22 19 34 15 19 15 31 20 19 42 14 
23 17 31 7 18 35 22 17 33 22 23 24 25 25 13 13 24 30 22 27 22 32 20 11 17 34 28 23 37 14 20 33 19 18 21 24 22 40 10 40 14 19 19 25 27 22 32 13 23 23 35 24 25 9 11 36 18 17 22 14 
15 16 26 18 27 23 29 12 12 19 23 20 16 38 24 18 31 29 18 32 19 32 15 20 15 28 31 16 23 21 17 19 23 14 35 20 23 28 11 31 21 27 11 40 27 40 25 33 18 19 24 33 25 22 19 31 19 16 37 13 
22 17 21 12 35 19 37 23 21 37 33 27 28 39 22 13 14 44 17 49 15 29 17 18 10 25 11 25 42 16 18 24 24 17 38 21 17 24 29 16 18 29 21 31 34 35 21 22 22 23 24 30 20 7 11 28 9 10 16 19 
30 11 18 9 33 27 26 16 25 34 26 18 5 40 26 15 36 22 26 33 24 30 16 17 21 18 17 14 40 18 13 34 31 15 24 30 17 38 21 16 13 23 13 39 20 28 26 24 15 20 23 27 14 20 11 23 16 18 43 19 
31 17 29 13 15 31 35 18 21 32 24 26 27 26 28 26 19 24 25 21 25 34 20 22 20 16 19 9 37 17 21 26 18 19 37 27 28 21 25 29 6 34 20 24 18 25 25 36 19 26 15 7 18 18 23 20 12 11 32 12 
33 11 24 19 30 20 18 14 29 41 28 11 28 48 20 16 13 12 26 25 29 16 20 15 14 37 26 7 22 14 16 41 6 20 12 40 20 25 16 39 16 27 20 32 21 34 27 11 26 20 24 26 17 17 8 26 10 16 18 14 
19 14 26 18 28 25 27 17 29 16 22 38 28 28 27 19 11 32 21 35 18 22 13 12 14 26 26 16 22 16 24 23 19 18 29 25 17 29 26 33 10 21 22 16 17 26 23 25 26 25 30 31 27 4 14 17 11 25 37 17 
22 12 31 13 22 14 28 20 13 27 31 25 20 28 27 23 30 29 32 40 25 16 17 14 24 28 17 10 9 11 13 28 19 15 27 25 28 30 14 40 23 27 14 41 41 8 22 19 11 30 18 41 26 25 15 28 18 16 37 25 
29 13 31 9 43 31 39 24 16 29 25 30 19 14 11 17 27 23 15 32 31 30 20 10 24 23 27 19 45 21 12 20 27 17 18 39 12 26 14 34 15 26 16 34 18 42 36 21 16 34 31 31 12 8 11 24 17 16 31 26 
27 21 18 16 28 19 21 23 25 28 39 21 29 31 27 27 25 15 23 28 35 42 18 28 20 31 17 22 41 14 17 26 29 22 41 18 16 37 18 36 16 30 16 31 26 19 22 23 27 10 17 28 26 5 17 25 18 16 30 13 
24 15 29 16 29 32 47 12 21 29 25 28 30 37 28 28 32 41 28 14 21 16 24 14 20 34 16 23 31 12 15 14 30 20 37 39 14 25 17 24 7 26 22 14 30 33 22 20 11 31 23 25 35 16 14 43 18 17 34 12 
11 14 39 19 28 17 32 14 24 36 28 24 26 30 21 14 27 24 17 28 33 35 23 14 15 32 31 24 32 14 20 18 28 21 34 31 19 37 22 25 14 7 20 40 19 25 21 29 20 38 27 24 24 11 17 29 17 12 15 21 
17 12 24 14 28 22 13 14 23 31 27 24 27 36 22 22 32 36 19 38 18 19 18 15 18 29 25 14 37 10 18 31 28 27 21 38 18 31 30 33 22 15 13 27 21 35 27 34 17 25 19 31 24 10 13 26 17 13 35 23 
15 19 20 16 33 35 23 21 28 23 29 23 19 21 24 16 37 15 15 34 33 21 15 19 17 20 33 23 39 18 15 24 25 13 41 24 16 24 15 34 24 29 14 24 29 21 30 36 20 34 24 22 23 15 18 29 14 20 39 22 
22 12 21 15 22 28 19 20 26 32 23 21 16 41 22 21 20 39 27 37 25 24 17 12 14 41 10 11 22 10 9 19 28 20 17 31 20 38 10 39 25 18 15 25 37 15 33 21 23 27 20 26 29 11 18 36 19 14 12 31 
24 20 31 14 26 31 26 14 27 33 36 27 27 24 29 33 26 19 15 23 28 39 31 17 11 22 26 18 24 12 15 28 19 29 37 33 15 28 22 30 24 16 11 39 19 36 23 30 22 25 11 34 26 13 15 32 20 19 30 27 
25 13 27 17 34 29 30 14 23 28 35 41 21 18 11 9 22 22 24 37 21 33 25 17 15 36 19 27 33 14 21 26 27 20 14 16 13 29 15 27 10 33 21 39 24 35 29 26 30 29 23 23 28 18 13 40 16 18 27 17 
27 17 33 13 44 14 24 18 23 36 27 15 17 37 21 21 21 23 29 39 21 33 15 21 22 15 27 11 32 15 10 17 13 10 29 25 21 36 30 28 26 32 10 34 14 22 23 22 22 25 19 21 20 11 17 30 18 15 29 22 
8 17 20 21 33 17 4 18 25 32 26 28 15 25 15 21 19 40 25 20 25 28 20 7 21 25 28 20 33 12 16 24 20 7 24 13 17 22 22 24 21 26 16 37 18 26 31 33 20 22 31 22 29 18 11 31 16 12 22 14 
23 20 30 17 26 17 25 25 26 31 20 28 21 30 25 16 28 18 18 37 19 20 25 16 28 37 18 19 31 17 17 37 29 22 25 29 8 22 13 36 16 17 16 25 19 32 33 33 25 22 15 25 33 15 9 30 15 19 27 25 
24 15 37 13 33 13 19 17 18 28 33 29 16 26 31 16 33 43 30 20 23 31 19 23 21 25 34 22 22 18 14 24 28 24 25 15 23 37 15 22 10 28 12 31 14 34 30 12 17 27 21 27 25 20 17 34 14 5 29 21 
24 16 23 16 23 21 20 15 33 35 26 19 20 33 17 17 27 21 40 27 42 25 22 7 23 30 19 18 35 8 20 21 35 13 26 26 19 28 24 44 15 17 27 26 27 25 26 36 22 22 27 29 25 21 15 37 12 21 33 19 
18 21 35 17 34 25 27 15 32 22 18 31 34 18 27 17 28 18 20 35 30 30 16 15 16 17 32 22 37 15 11 13 21 15 34 37 15 37 16 36 17 28 10 26 21 18 56 16 20 28 22 37 28 11 21 30 8 17 22 17 
24 17 23 17 28 26 49 14 15 13 16 16 26 18 17 17 38 40 25 33 32 33 27 18 15 39 17 20 32 19 21 19 20 14 30 12 20 33 27 34 14 29 21 34 23 23 34 31 27 17 25 9 18 19 21 15 12 17 24 22 
19 19 44 16 37 20 26 14 27 41 32 30 32 29 22 20 23 25 22 25 28 14 21 18 18 39 38 17 32 20 13 20 27 20 28 14 21 33 26 34 14 14 20 35 25 14 14 26 20 26 13 21 11 19 15 36 11 15 31 19 
25 17 26 11 40 23 41 11 17 15 20 15 28 17 22 16 23 24 21 30 18 30 13 21 15 18 22 19 17 7 15 27 27 11 21 30 23 32 17 42 20 25 19 9 33 17 34 29 22 23 27 29 25 12 16 32 18 17 11 30 
13 19 34 18 29 16 25 26 22 30 17 35 22 43 26 9 28 16 21 27 32 30 19 20 24 34 27 16 18 8 16 10 9 24 26 25 27 19 22 45 17 17 12 11 15 36 35 28 23 10 19 16 22 11 10 21 12 16 23 15 
34 19 27 17 26 24 30 22 40 35 31 32 38 33 14 12 29 31 28 29 28 31 18 14 13 20 26 12 35 13 15 26 34 28 22 27 31 30 19 30 17 22 14 38 24 30 31 37 27 24 27 27 27 21 18 25 15 21 12 13 
20 17 22 28 20 18 38 18 29 24 35 25 27 22 16 18 30 25 20 8 15 37 20 22 27 26 17 20 21 12 14 33 18 27 40 31 28 25 32 35 23 26 14 15 26 30 30 35 22 32 17 37 14 13 11 22 20 19 39 17 
19 18 31 13 17 23 21 20 26 19 23 30 21 27 22 25 25 18 22 27 34 19 4 30 21 36 23 15 14 12 23 20 31 20 28 28 22 24 19 27 18 21 10 32 26 30 18 42 30 14 13 24 27 17 17 30 16 12 28 14 
29 20 34 14 12 38 24 10 34 29 33 26 33 26 19 13 31 27 23 40 4 35 19 16 24 39 37 17 16 20 16 22 34 13 34 31 14 40 14 37 17 20 12 30 12 29 24 31 26 32 25 37 28 28 21 18 13 16 23 4 
25 14 27 21 23 12 37 27 21 30 28 20 27 34 17 19 26 23 19 31 31 29 22 16 25 39 23 11 33 20 15 21 27 18 41 35 19 27 29 51 16 20 21 31 29 32 32 25 12 15 29 18 27 19 17 25 21 14 27 19 
28 15 32 15 26 21 31 23 23 26 28 28 7 25 15 14 16 21 22 24 26 37 17 11 18 34 20 22 33 20 9 24 27 9 25 44 28 20 23 28 19 21 15 46 32 28 28 25 25 15 23 11 33 16 17 34 14 11 39 9 
23 11 24 16 30 23 28 24 32 27 40 28 34 37 18 20 18 19 9 32 38 38 18 14 22 22 31 15 41 18 12 21 23 24 33 23 36 41 19 21 23 33 8 34 13 33 35 15 36 33 17 19 10 16 9 14 17 14 30 26 
27 13 21 16 29 27 22 13 22 39 19 25 29 38 17 24 24 26 37 17 21 38 30 13 15 34 30 17 43 11 17 21 32 24 31 26 19 31 24 27 16 27 6 42 20 25 23 33 12 23 17 25 24 24 24 35 19 20 27 25 
20 9 15 16 21 29 31 12 26 30 28 40 23 45 21 20 8 29 18 27 17 23 21 23 17 29 28 12 33 13 16 28 27 20 34 35 6 32 19 20 21 30 23 27 20 37 24 27 17 19 13 13 19 23 19 29 14 21 32 20 
31 13 14 13 31 17 15 13 26 36 33 30 23 26 8 14 33 28 23 20 29 29 30 19 11 24 23 23 45 10 19 29 32 21 24 28 19 28 21 15 20 16 13 19 23 18 38 17 21 26 17 33 27 19 19 21 14 18 32 19 
25 11 21 20 22 22 20 11 19 36 24 31 32 36 27 14 13 21 16 33 25 31 21 18 16 34 25 17 24 12 23 18 17 18 28 38 17 33 26 38 16 14 22 33 19 41 35 41 19 32 24 27 31 10 12 35 20 14 39 22 
38 14 22 16 37 29 21 16 27 25 32 38 27 9 14 28 19 24 30 33 20 28 10 17 16 26 20 17 34 17 17 8 32 19 14 10 18 31 23 33 18 17 16 24 18 35 29 28 22 17 24 18 26 19 14 33 17 19 34 11 
13 17 34 15 16 21 25 20 20 32 22 36 28 24 10 20 27 21 24 41 16 30 19 16 13 24 14 20 19 12 20 20 30 24 32 54 17 26 17 25 19 23 11 21 34 44 34 30 23 13 21 15 23 9 11 26 19 20 17 15 
31 14 12 20 25 31 21 12 34 17 24 27 15 29 19 18 23 30 21 23 23 21 27 21 16 30 25 9 31 15 12 19 30 16 22 35 22 27 23 31 24 19 11 41 23 40 29 21 17 26 13 27 32 19 19 16 12 16 32 12 
8 16 22 11 31 31 38 11 11 28 23 29 8 29 17 14 31 27 20 31 18 25 11 5 14 25 19 17 38 13 19 21 7 25 46 23 25 24 22 31 4 17 11 35 29 26 37 21 13 26 28 34 16 21 13 28 18 18 33 16 
20 2 28 19 24 25 24 28 13 50 25 19 21 42 24 17 11 22 22 29 15 35 26 14 16 19 25 12 28 16 16 35 15 10 29 30 7 24 15 23 17 24 19 24 18 32 29 23 17 23 13 16 33 23 23 28 24 20 35 22 
23 20 25 12 27 14 22 11 36 31 35 25 15 20 19 16 30 22 21 30 25 36 17 18 28 26 25 10 39 16 10 29 16 21 49 28 25 21 20 37 13 32 31 34 24 45 40 34 34 20 26 23 34 18 16 28 15 14 30 22 
22 16 19 17 21 13 29 19 9 25 29 31 32 39 24 19 39 19 17 29 30 19 16 16 19 33 26 21 33 18 14 25 30 27 15 35 11 26 18 28 18 27 16 29 29 36 33 16 17 25 18 27 27 16 16 20 20 27 30 16 
23 17 25 12 20 22 18 13 17 28 20 27 23 17 17 17 27 21 12 39 26 30 20 19 20 31 28 16 31 24 18 27 16 18 27 28 15 33 28 22 13 23 19 8 16 15 38 19 17 30 30 33 19 10 15 23 16 18 53 21 

MachineCapacities:
MachineID Capacity
0 10
1 10
2 10
