NumTasks NumMachines NumScenarios
30 2 100
TaskDetails:
TaskID ReleaseTime ResourceConsumption SuccessorsCount Successors...
0 0 9 6 2 10 15 
1 0 1 9 0 
2 0 8 6 3 5 10 15 
3 0 8 5 2 13 15 
4 0 6 4 1 14 
5 0 5 3 0 
6 0 5 10 4 8 10 14 15 
7 0 3 6 0 
8 0 8 5 0 
9 0 2 3 1 15 
10 0 5 3 1 13 
11 0 6 7 1 13 
12 0 9 4 0 
13 0 6 2 0 
14 0 6 7 0 
15 0 9 2 0 
16 0 3 4 3 21 25 26 
17 0 2 8 2 25 29 
18 0 8 7 1 29 
19 0 9 9 0 
20 0 4 4 1 25 
21 0 8 3 1 24 
22 0 9 6 0 
23 0 3 9 0 
24 0 2 2 0 
25 0 7 9 1 28 
26 0 5 9 0 
27 0 6 6 0 
28 0 6 9 0 
29 0 9 8 0 

22 18 38 21 17 17 21 25 17 33 10 20 28 18 17 28 34 34 26 27 21 20 7 15 27 19 15 31 26 11 35 29 22 16 18 37 11 13 25 8 32 21 38 28 32 20 16 23 9 22 22 35 18 29 35 13 24 12 19 32 
15 26 37 28 10 22 15 20 20 27 30 18 27 10 30 25 33 18 33 33 32 28 22 24 11 22 28 28 34 13 40 28 19 13 23 16 18 33 24 24 25 22 30 18 32 17 20 21 14 14 24 29 20 30 32 22 14 17 18 23 
10 12 30 26 15 29 17 23 26 38 33 25 21 12 26 30 38 10 22 24 20 17 25 9 17 20 34 19 27 12 33 36 17 15 17 27 16 19 38 18 21 12 20 34 18 16 22 8 18 29 21 27 19 15 22 29 14 13 16 37 
4 19 27 13 23 14 17 24 38 20 28 24 22 8 41 19 28 23 24 28 21 26 17 21 20 18 20 12 33 13 28 23 26 20 15 28 14 30 26 22 30 10 25 28 36 17 21 20 22 27 11 16 20 28 47 21 13 15 20 48 
14 28 32 21 22 16 21 17 32 40 51 19 21 21 30 21 20 22 29 20 25 11 13 17 21 23 18 23 27 17 17 25 11 23 17 21 15 15 16 23 23 22 24 24 30 17 17 11 13 20 24 20 19 23 28 27 23 17 28 29 
17 11 31 21 22 23 18 21 30 26 29 28 21 20 29 23 22 3 26 30 33 30 22 17 21 27 9 23 29 15 30 32 13 20 12 25 21 26 25 12 18 10 23 16 20 14 22 15 14 19 21 22 27 32 25 28 19 17 23 21 
11 22 28 19 28 21 12 26 25 26 22 21 21 18 29 32 24 26 22 30 11 13 28 20 19 12 34 16 14 13 26 27 22 16 25 13 12 13 23 19 34 12 27 25 30 27 10 7 19 18 22 25 22 15 14 23 18 10 22 26 
18 32 43 13 14 29 12 28 17 27 27 26 27 22 16 27 30 15 20 47 20 19 15 18 26 24 32 32 29 10 44 42 23 21 11 35 22 24 37 26 21 12 35 10 15 21 22 29 16 19 24 19 38 11 33 21 10 16 10 42 
13 32 28 22 28 21 14 20 26 32 37 24 20 18 34 23 33 18 38 29 24 28 22 12 16 35 29 30 18 21 12 17 26 15 11 32 18 22 18 15 30 24 27 29 17 18 9 6 16 25 12 44 22 29 24 13 19 17 4 30 
22 31 32 26 25 18 12 24 25 19 30 23 17 21 18 19 14 9 22 30 17 30 19 21 27 33 15 27 19 15 20 12 21 8 16 28 18 15 10 13 20 15 32 29 27 29 26 19 26 20 15 32 30 26 34 19 30 14 24 20 
10 14 28 21 27 8 16 24 16 34 23 32 28 14 31 18 26 25 27 35 17 23 15 17 18 22 24 28 7 17 29 41 16 16 17 22 16 18 26 30 24 16 19 32 29 18 27 20 17 24 24 24 32 34 41 42 19 6 10 26 
14 28 30 28 17 33 19 12 24 33 28 17 20 28 26 21 20 27 35 13 18 20 19 19 13 23 9 26 22 20 21 40 31 11 18 32 14 23 27 35 29 13 33 25 23 19 20 23 22 22 15 30 28 26 23 20 8 21 19 21 
12 40 46 26 32 28 19 27 30 53 28 25 30 22 39 12 38 24 24 20 32 9 23 13 8 25 22 24 21 17 27 30 18 18 10 42 17 9 7 31 33 16 23 16 26 24 18 20 19 15 17 20 17 33 22 17 32 12 30 20 
13 34 16 20 24 30 15 26 28 17 25 18 23 16 22 36 30 19 31 16 25 17 15 12 18 7 22 21 22 17 7 39 23 11 19 19 22 27 24 20 21 23 15 21 32 17 23 27 23 17 29 30 19 20 24 42 24 14 31 20 
10 26 21 25 18 22 20 11 26 25 20 21 30 17 43 24 39 20 15 37 13 15 30 20 16 28 25 28 28 17 36 25 24 16 3 21 20 8 23 31 21 20 39 18 21 20 25 27 10 12 20 23 8 31 10 35 29 13 10 24 
13 29 27 25 34 19 18 17 17 30 29 20 28 26 40 25 24 27 39 24 26 25 15 16 23 28 25 27 23 22 22 38 12 15 15 18 20 3 10 18 16 20 24 33 28 21 17 26 11 20 25 25 23 19 35 31 25 12 7 27 
8 20 31 21 5 31 15 23 17 36 37 23 14 18 28 16 28 21 28 11 13 24 21 19 22 24 22 19 22 17 21 41 13 17 18 25 21 23 12 21 29 27 21 12 13 20 36 15 12 25 26 35 14 32 25 33 18 21 24 23 
20 26 19 17 25 15 26 22 19 28 29 29 23 10 29 17 30 28 32 30 24 19 23 16 18 20 24 24 20 11 29 38 24 15 19 26 9 23 26 30 19 15 26 19 27 17 26 10 25 17 22 24 12 33 32 6 17 8 24 14 
12 19 29 32 23 16 17 21 40 46 35 14 33 19 23 20 34 25 25 15 18 26 17 21 11 32 25 34 17 18 30 49 35 11 11 19 9 21 27 13 21 21 40 24 28 17 23 20 8 16 19 29 22 27 26 21 29 7 6 22 
10 14 21 36 26 20 8 18 22 27 27 17 27 27 26 14 38 19 22 34 17 17 23 21 19 23 8 26 29 14 37 38 25 17 17 38 10 17 24 29 22 18 36 20 31 17 18 23 20 21 27 31 19 31 34 31 11 16 22 20 
10 15 25 22 23 23 11 25 37 23 34 19 14 23 25 17 19 15 25 29 22 26 16 13 23 21 13 33 27 18 32 26 31 15 16 21 18 10 16 30 36 19 10 25 27 25 17 17 21 28 17 19 26 21 33 37 4 20 20 40 
9 23 37 22 30 13 11 23 16 32 35 24 19 33 28 28 26 26 50 30 15 25 14 15 26 41 30 28 28 16 19 30 21 13 11 27 21 19 19 31 23 15 21 24 28 21 13 26 17 18 23 19 30 21 19 23 12 17 21 20 
16 33 24 32 35 16 9 14 27 35 34 15 25 14 30 28 34 34 23 36 22 26 26 20 22 25 9 24 16 12 10 39 24 10 18 31 13 5 32 19 26 17 25 25 14 16 22 18 26 22 23 23 28 33 24 33 22 12 27 20 
13 37 14 32 20 13 14 15 18 52 41 28 32 29 31 23 29 28 23 27 15 24 23 12 15 15 22 32 27 10 44 21 29 19 16 31 12 15 26 19 31 14 20 23 7 23 17 20 18 23 18 36 22 38 19 25 33 12 14 26 
17 30 25 18 28 24 25 3 24 13 32 26 20 13 22 23 16 22 50 36 5 22 19 28 12 16 12 25 24 20 36 37 22 8 14 23 8 15 22 31 29 19 29 28 26 13 15 21 17 25 21 20 11 39 12 25 27 21 25 26 
17 30 35 26 24 25 10 21 28 27 22 15 26 24 18 17 30 18 29 27 25 26 20 15 19 18 18 22 21 15 33 17 15 7 14 26 11 37 17 16 13 25 26 29 23 15 24 15 20 21 13 23 14 28 22 21 27 13 15 35 
15 33 33 29 14 28 11 29 15 8 22 31 27 15 22 11 29 12 42 38 30 10 24 16 11 35 31 34 27 11 27 26 22 16 17 33 18 24 21 18 25 21 27 25 18 24 24 13 21 30 19 30 24 22 25 13 8 18 21 34 
15 30 15 17 21 18 17 40 21 31 20 28 29 19 37 20 22 8 25 23 23 23 25 17 31 21 14 24 24 19 23 44 24 19 14 22 19 27 38 33 37 20 38 25 29 14 15 18 23 22 26 31 7 27 31 31 16 19 17 33 
11 39 30 25 27 23 18 19 25 28 29 20 24 23 17 4 38 21 30 29 25 23 14 11 11 20 24 30 22 14 29 23 27 12 16 41 16 32 17 14 21 27 36 20 22 13 24 28 22 23 30 24 20 21 22 16 25 19 13 30 
21 19 27 25 34 32 15 27 18 36 35 28 14 29 18 28 28 14 35 29 14 8 8 13 17 28 22 30 15 23 35 32 20 17 17 32 15 22 30 22 29 16 17 28 33 21 21 22 10 17 15 31 24 37 24 22 11 15 25 35 
10 27 26 21 25 25 17 22 26 30 29 19 12 24 31 26 24 16 23 26 12 24 22 21 32 30 22 31 30 13 33 28 22 18 15 17 17 16 23 16 24 16 29 30 21 20 26 27 15 29 34 19 13 17 21 26 20 20 19 26 
24 30 21 21 26 16 10 28 15 40 32 18 32 26 27 26 38 15 42 28 16 21 15 20 15 24 30 36 22 18 25 39 26 10 13 33 18 28 24 28 20 20 25 29 36 21 29 27 21 27 21 28 21 18 27 23 23 14 23 18 
12 16 23 24 31 32 14 26 35 46 28 13 16 25 25 26 30 21 27 23 22 22 24 26 26 28 27 41 28 11 32 26 20 22 19 24 23 27 17 19 21 21 20 29 25 27 17 16 20 31 26 25 20 28 6 19 21 25 11 12 
10 17 30 26 18 19 17 36 23 33 39 17 21 20 27 19 42 19 27 31 18 30 24 18 17 28 32 25 17 18 34 21 22 22 17 26 10 20 16 24 19 20 36 26 23 22 17 26 29 24 15 38 25 28 28 13 30 8 28 39 
14 21 11 23 23 29 19 22 18 55 26 13 8 9 44 21 35 21 35 19 21 19 19 23 16 26 19 28 11 19 39 40 16 20 11 33 19 16 25 27 36 14 29 30 25 17 11 15 20 24 26 15 26 16 29 24 14 19 20 35 
17 38 30 20 15 26 19 17 31 31 28 19 12 11 28 21 35 31 31 29 30 23 24 20 11 11 27 23 19 15 18 13 28 16 17 35 26 17 13 22 32 16 26 39 21 24 29 18 22 32 14 18 16 27 25 27 31 14 30 27 
13 29 30 11 25 29 11 24 22 8 26 24 22 24 20 35 33 18 23 47 17 24 30 19 24 21 15 17 20 19 36 31 17 15 15 11 21 16 23 20 27 14 16 12 25 8 17 24 18 20 10 35 21 27 28 30 17 10 14 25 
17 30 33 28 11 20 17 23 27 20 25 29 29 24 22 18 18 20 27 29 18 29 15 14 18 26 35 26 35 18 29 34 24 17 10 28 13 25 22 25 30 8 38 28 21 29 18 26 18 24 23 31 14 26 24 26 10 17 19 24 
10 13 25 22 23 17 23 17 29 42 15 18 28 18 28 15 42 21 33 29 24 26 26 12 16 23 32 32 14 14 16 33 19 22 19 35 16 19 13 16 25 12 25 29 22 16 24 18 14 18 20 31 12 21 15 30 21 10 20 19 
8 30 38 17 37 15 15 21 24 17 26 21 31 16 33 16 40 16 50 28 27 20 19 23 28 26 25 23 15 22 30 48 17 23 15 23 14 27 27 18 30 14 28 18 22 16 23 5 19 27 28 28 22 27 31 23 24 8 20 22 
10 25 24 14 12 29 14 24 17 36 15 26 27 13 2 19 27 20 22 36 19 24 23 14 21 32 28 8 22 15 24 30 9 11 16 35 13 26 18 23 20 16 29 3 28 11 27 28 15 15 7 15 20 37 23 36 29 10 17 33 
11 15 19 30 25 26 12 14 22 35 8 18 24 20 33 20 24 20 39 30 16 29 16 20 33 31 34 22 22 19 23 24 16 15 19 29 18 24 22 27 21 18 39 27 19 18 29 16 18 28 11 31 19 15 24 29 28 16 27 17 
25 24 23 24 19 24 14 21 33 32 40 15 18 20 31 25 10 24 29 22 27 23 12 21 23 29 32 19 30 17 20 23 19 18 22 28 17 29 17 16 35 24 38 33 30 23 18 13 12 16 25 31 17 31 27 37 18 21 6 28 
18 21 25 21 25 28 13 12 27 17 26 20 26 21 17 29 20 25 23 31 24 28 23 19 19 39 18 23 26 11 35 36 28 14 17 33 19 28 28 31 24 25 43 34 15 26 15 15 26 4 29 20 19 35 22 15 28 18 20 48 
17 21 30 19 31 21 15 12 32 41 39 16 13 21 31 34 27 20 33 27 15 17 29 19 25 34 17 23 26 18 30 28 25 15 16 20 12 20 19 23 24 9 25 20 31 25 14 24 20 30 16 21 21 41 12 24 7 14 26 30 
18 20 34 21 24 15 8 21 38 24 33 22 27 20 32 17 20 11 30 17 20 34 21 17 19 18 16 30 20 19 37 29 23 16 21 23 16 27 18 15 15 24 33 21 19 12 12 22 20 16 32 38 23 21 17 25 24 17 20 21 
10 24 27 27 26 17 11 28 26 39 15 11 13 19 26 20 27 8 25 37 27 23 30 9 28 31 17 17 14 16 23 16 21 11 19 37 18 25 28 16 21 26 32 17 20 20 21 21 19 27 23 28 28 20 28 19 20 20 30 36 
11 35 29 18 20 25 11 22 26 12 25 25 19 25 40 19 18 18 21 24 13 18 28 10 14 13 16 28 27 12 23 32 9 13 22 26 18 24 27 23 30 17 18 21 29 17 19 19 20 24 23 28 17 24 34 22 23 16 21 18 
13 22 29 24 23 24 12 27 34 24 39 14 22 26 19 16 18 22 38 30 22 32 23 20 16 18 25 34 24 7 32 32 28 18 13 27 20 18 20 23 24 18 33 26 10 22 32 16 24 14 33 37 16 17 36 11 33 20 34 26 
10 25 19 10 26 23 10 33 21 28 30 24 29 17 30 23 25 25 26 35 25 18 26 20 17 17 17 29 14 16 42 29 26 17 15 23 13 10 16 21 29 21 25 32 23 11 14 34 19 21 25 17 3 16 27 26 33 15 16 46 
12 14 16 19 27 12 13 15 37 20 9 17 18 10 42 23 29 15 24 7 32 33 31 13 19 19 27 32 19 19 44 34 22 7 17 30 17 25 21 24 20 24 27 10 15 22 12 21 26 22 20 14 20 27 12 36 20 13 12 22 
17 27 35 17 36 24 13 35 15 39 25 24 32 24 29 27 21 15 31 35 25 26 2 23 29 27 18 26 13 16 29 36 16 22 17 38 17 14 26 22 32 20 38 27 23 14 10 15 21 20 21 32 20 27 15 15 21 6 28 28 
15 18 20 13 23 13 15 23 18 41 4 15 17 26 30 22 24 18 26 31 24 25 30 15 23 28 21 28 17 7 21 33 23 19 19 23 10 27 17 23 10 14 11 16 19 22 19 17 23 31 26 31 20 20 38 30 29 15 23 23 
20 24 30 25 9 23 15 26 23 27 22 12 18 17 34 19 25 29 38 29 16 18 23 18 19 30 13 22 17 12 20 15 26 14 22 25 9 20 12 21 33 16 16 13 26 19 18 24 27 22 17 26 25 20 20 25 18 20 22 26 
21 17 31 26 28 30 16 22 30 27 31 11 35 24 33 15 24 13 32 21 19 19 19 19 25 29 17 16 17 10 35 29 20 18 21 19 11 13 43 19 20 15 15 17 24 22 23 17 15 22 20 27 29 14 25 23 20 25 26 32 
12 18 20 22 24 23 14 12 15 35 24 17 33 26 24 32 22 26 25 34 19 12 15 21 27 23 23 25 29 16 35 22 26 13 25 16 12 27 13 26 31 27 35 9 35 16 22 28 23 27 17 23 24 18 14 32 19 8 20 31 
13 30 35 24 18 11 18 21 24 30 37 19 27 15 33 34 25 15 32 21 15 24 21 9 24 25 19 27 24 18 30 32 17 19 16 45 9 35 14 24 36 21 35 27 30 17 11 21 21 20 26 27 14 28 21 37 23 9 30 21 
15 26 38 27 19 15 13 20 26 36 24 15 25 13 16 21 24 22 18 23 24 19 19 15 20 16 29 29 21 15 40 15 25 12 14 27 16 17 21 21 26 17 24 24 19 16 31 20 25 15 36 24 16 28 35 21 12 13 32 20 
14 19 26 24 14 22 14 18 19 42 47 16 22 22 25 18 30 21 22 28 20 20 18 26 16 27 17 20 19 13 28 34 24 13 15 32 10 21 22 26 21 17 37 37 26 21 18 31 30 20 21 29 20 28 45 16 20 10 36 37 
17 24 28 30 36 24 15 34 39 26 19 26 16 17 28 26 39 17 25 39 20 23 23 19 17 24 26 30 30 15 32 43 22 15 19 28 17 23 21 13 38 30 26 26 28 15 22 16 20 25 11 17 15 17 18 27 27 6 17 22 
12 22 39 22 36 21 8 17 18 35 53 24 15 15 15 33 12 25 45 22 20 14 22 16 18 29 26 25 15 16 20 42 25 19 20 14 16 22 26 25 23 21 19 26 11 8 24 23 14 14 13 24 8 24 23 27 26 12 22 19 
15 26 36 16 30 20 21 27 34 41 44 18 22 11 27 19 31 11 33 48 25 14 24 19 14 22 22 20 14 7 18 36 37 8 19 39 15 21 19 31 27 26 7 30 27 23 15 24 15 24 25 30 26 15 27 20 20 18 24 21 
4 35 35 24 20 28 15 33 19 26 32 17 21 21 30 11 28 26 27 26 22 19 21 17 33 21 29 33 23 15 32 42 17 15 14 32 20 17 22 27 30 10 30 21 26 11 4 15 8 16 33 26 20 39 18 23 21 18 18 21 
15 23 15 9 28 22 16 20 37 46 31 16 23 13 32 22 35 24 13 33 21 18 13 12 27 18 19 35 16 7 44 30 26 13 18 26 18 23 12 20 34 12 15 24 23 14 19 20 21 30 16 23 28 27 37 18 17 16 20 21 
14 27 26 20 27 19 10 18 22 19 23 21 26 21 24 20 30 17 24 29 30 19 27 15 17 25 22 19 24 22 23 44 24 15 13 30 11 22 20 17 7 21 25 27 26 15 30 21 16 27 28 26 19 28 15 17 28 22 31 34 
11 14 25 27 21 29 14 26 19 36 34 14 16 26 18 21 21 19 33 42 23 27 12 22 21 21 18 25 24 14 32 23 23 15 14 26 11 18 22 33 17 13 17 29 23 17 23 23 20 10 27 25 19 22 39 32 22 9 13 24 
9 30 28 31 30 26 21 14 21 20 33 16 25 7 29 18 20 12 33 28 19 17 29 3 25 31 30 31 14 16 40 31 22 15 8 40 14 22 16 21 30 23 22 30 27 18 27 11 20 31 34 20 30 23 16 36 34 14 15 28 
14 40 35 20 28 26 11 30 20 38 22 20 23 17 29 24 16 9 25 17 25 29 15 19 24 22 29 11 18 10 28 40 31 22 7 19 11 16 16 26 20 15 25 29 30 27 23 10 20 31 20 28 16 24 38 32 25 19 24 25 
17 20 23 27 31 17 15 27 13 47 33 18 17 28 31 28 32 24 26 10 24 12 25 25 29 16 14 40 21 26 18 7 30 11 9 34 8 24 29 28 28 23 38 24 28 17 21 18 8 16 19 25 25 20 33 20 14 21 21 26 
7 24 34 26 30 28 19 25 18 41 40 18 34 17 24 39 32 12 36 51 16 23 12 20 15 29 19 30 9 13 39 35 30 17 15 25 7 11 22 22 23 17 44 21 22 21 16 17 24 25 14 32 16 27 19 21 2 9 11 31 
19 26 26 23 21 34 18 32 24 19 27 19 18 18 19 15 25 22 32 34 15 31 19 19 26 20 24 21 29 24 29 24 23 17 16 22 17 23 20 26 8 18 24 31 11 19 17 15 11 19 14 34 21 39 19 31 24 17 24 32 
16 6 27 26 21 19 14 21 28 33 40 21 27 21 21 27 20 18 21 16 17 24 14 22 25 21 13 17 19 18 21 32 19 16 16 30 17 17 19 19 30 15 25 19 24 25 24 23 21 21 21 25 18 21 32 38 14 21 26 22 
21 17 21 21 31 29 9 25 31 42 30 19 12 21 22 10 40 13 31 29 15 15 10 13 12 34 18 25 27 14 35 31 23 20 24 46 9 21 19 20 34 17 31 28 24 20 17 11 31 21 14 31 16 21 35 33 12 18 19 34 
16 17 29 15 22 33 15 13 38 29 29 18 21 17 31 18 21 19 41 33 29 19 8 10 23 21 14 21 16 20 26 34 12 15 11 26 15 20 25 25 13 19 30 27 27 36 15 24 22 11 21 25 18 20 27 26 21 18 24 37 
15 24 23 18 30 24 15 16 19 35 17 12 29 25 16 22 22 13 45 33 19 22 27 21 16 26 31 24 20 13 27 54 21 19 7 7 19 18 17 24 29 12 27 19 22 23 20 11 24 14 35 23 24 35 16 33 22 18 27 26 
17 38 16 22 31 28 10 31 29 20 23 15 18 26 30 24 33 9 42 25 19 9 29 27 19 21 8 24 17 18 46 15 20 22 20 32 17 23 23 24 24 31 31 20 24 20 26 20 18 21 14 31 10 19 25 21 15 18 14 29 
10 22 28 20 19 10 17 23 28 23 17 11 26 22 35 21 14 24 38 42 14 21 22 14 16 22 22 25 23 11 27 21 24 13 21 27 15 18 30 30 34 18 24 34 23 23 19 22 14 24 20 26 34 20 33 35 26 14 32 26 
18 33 41 22 29 21 13 31 21 19 21 10 30 18 39 23 15 19 24 39 14 25 11 17 24 18 20 31 20 6 41 22 18 11 13 28 20 19 22 21 30 15 20 11 22 20 25 21 18 35 19 27 20 25 25 30 30 14 19 22 
8 23 28 26 29 31 18 20 36 36 27 15 35 22 19 27 28 37 33 17 16 25 16 11 24 19 20 19 27 23 30 41 31 8 17 40 14 9 25 19 15 25 29 18 39 12 28 29 17 16 15 25 21 35 15 17 21 15 15 49 
14 28 32 21 45 22 7 22 24 43 39 16 32 33 27 27 30 24 29 15 23 22 12 10 15 17 15 25 25 8 28 31 29 16 13 27 16 16 20 13 23 19 25 15 29 22 20 20 29 8 20 18 18 25 26 24 15 5 21 17 
21 20 34 26 19 9 18 28 30 24 39 16 37 23 10 37 17 23 28 44 22 9 31 11 24 26 11 14 11 15 47 25 20 6 16 23 21 16 16 26 21 26 20 30 40 18 21 30 21 29 26 24 18 23 10 21 13 18 12 37 
14 19 24 29 17 26 10 37 34 13 27 18 26 31 33 25 25 17 18 38 22 5 22 16 17 35 17 29 20 15 31 28 11 17 13 19 11 15 24 24 8 13 37 10 26 23 16 29 14 22 35 31 24 15 26 30 22 20 10 26 
15 33 14 20 23 26 7 21 20 15 32 9 16 19 33 18 20 19 28 43 21 17 9 16 14 20 20 17 24 13 27 18 24 15 12 40 23 24 34 17 27 22 26 26 25 15 5 31 19 25 20 25 27 20 33 22 17 16 19 24 
16 36 21 24 28 28 16 9 32 33 30 27 33 16 12 30 30 25 22 52 22 26 30 20 27 21 29 32 18 12 41 30 20 12 22 41 13 27 22 24 12 13 26 32 31 27 30 31 19 19 11 36 15 28 14 16 29 19 20 24 
20 16 32 19 25 19 15 38 23 29 28 20 23 15 21 20 37 10 18 33 23 23 25 14 28 30 20 24 33 9 27 39 26 15 11 30 21 16 24 33 23 29 37 21 28 30 21 18 18 20 28 19 31 25 32 12 24 13 14 18 
18 29 28 26 30 39 14 25 26 30 27 23 30 23 23 18 25 28 29 33 28 27 18 18 17 19 25 17 20 20 35 42 23 15 18 29 16 19 15 25 24 16 30 26 31 22 30 19 20 17 21 35 20 26 18 19 10 20 7 16 
13 25 30 23 27 28 13 31 12 25 33 12 20 15 38 23 40 23 27 42 8 19 32 20 20 28 23 24 15 10 41 30 18 15 15 25 19 26 18 16 26 18 29 21 28 24 14 14 22 16 23 29 21 17 33 32 20 20 25 18 
15 34 31 32 26 25 19 20 35 26 25 22 4 21 13 24 25 11 24 37 27 18 5 16 23 17 16 29 22 17 29 39 25 18 16 35 21 27 27 24 23 11 24 18 20 14 14 14 23 32 19 37 27 25 28 19 21 22 22 36 
18 30 34 29 15 23 14 25 28 22 35 23 21 26 23 20 14 7 35 33 23 37 25 21 29 13 38 33 30 18 38 36 27 20 17 22 10 16 30 19 29 24 33 24 32 22 25 15 18 28 23 25 22 32 24 29 14 15 31 33 
16 12 33 19 30 15 10 29 17 21 17 21 18 14 34 26 26 19 24 22 16 22 20 6 20 19 16 25 23 12 21 41 20 13 18 35 20 16 24 15 13 34 25 22 29 22 26 25 19 17 18 33 24 20 29 44 15 17 33 30 
6 24 26 25 22 33 11 32 29 30 37 15 14 15 26 15 20 19 28 21 25 21 30 16 20 30 27 30 29 18 33 15 26 16 12 35 18 17 26 25 31 17 38 25 24 23 17 8 18 16 16 18 26 28 31 21 29 20 20 24 
12 24 31 22 21 20 17 26 23 22 25 16 20 20 34 18 32 21 24 22 17 28 17 20 15 30 8 28 27 16 38 18 26 12 16 24 16 32 17 28 26 20 21 25 22 26 25 23 20 22 25 24 23 4 32 33 26 15 24 18 
15 26 23 10 22 12 11 30 26 32 27 26 23 14 26 29 28 13 27 11 33 22 22 17 6 32 19 26 24 9 33 10 26 16 10 21 18 10 23 23 16 18 29 23 31 22 25 14 26 15 15 20 11 25 22 36 20 15 11 27 
8 32 34 29 23 17 17 34 20 38 35 14 17 27 46 23 26 20 19 34 26 13 15 17 21 37 21 18 18 10 31 35 29 22 15 33 16 22 27 27 23 19 28 23 39 20 20 26 20 25 17 24 15 30 38 27 17 18 14 32 
24 19 25 17 21 24 17 25 43 33 37 30 20 13 24 23 47 18 22 29 12 33 19 21 20 23 15 18 24 20 20 25 20 16 17 47 17 16 19 15 27 21 31 20 16 29 20 28 10 22 23 25 16 34 24 36 6 16 14 28 
20 20 22 20 20 31 19 18 25 17 27 14 34 13 24 18 37 22 15 20 19 23 18 17 26 20 16 21 14 15 30 32 17 12 19 33 14 14 27 23 28 19 15 18 24 11 9 19 17 13 27 23 16 31 26 45 11 13 8 9 
13 26 32 26 9 24 14 12 23 31 32 20 30 23 31 27 36 19 11 19 25 34 20 17 25 18 22 22 22 17 26 32 26 7 18 31 12 33 16 18 21 19 15 21 11 18 18 27 27 21 22 22 20 29 16 28 12 14 29 20 
15 24 40 40 23 18 15 26 19 28 23 19 40 21 45 22 36 13 31 27 22 22 18 11 23 29 16 35 29 29 30 34 26 14 20 23 16 21 17 34 25 12 15 9 24 21 14 33 23 10 29 27 26 33 23 37 23 13 22 30 
16 12 42 13 29 39 19 14 37 37 31 4 22 26 20 20 23 24 19 31 24 17 11 8 20 34 25 22 24 11 38 29 26 23 15 24 13 24 29 16 24 11 27 15 40 10 10 15 26 24 17 29 18 26 35 32 20 9 21 17 
20 32 16 15 15 25 15 22 35 33 39 19 15 28 21 25 28 27 25 20 13 28 24 14 15 10 28 21 19 18 22 37 26 17 21 33 21 9 23 22 30 21 15 23 41 14 12 14 14 22 26 21 27 28 26 26 14 19 16 38 

MachineCapacities:
MachineID Capacity
0 10
1 10
