NumTasks NumMachines NumScenarios
30 2 100
TaskDetails:
TaskID ReleaseTime ResourceConsumption SuccessorsCount Successors...
0 0 8 5 2 14 16 
1 0 7 7 4 9 14 15 16 
2 0 2 2 0 
3 0 5 7 2 12 15 
4 0 4 4 0 
5 0 8 9 2 14 16 
6 0 1 4 0 
7 0 10 9 1 16 
8 0 8 2 0 
9 0 6 3 1 12 
10 0 2 2 1 16 
11 0 6 4 0 
12 0 6 9 0 
13 0 7 6 1 16 
14 0 5 8 0 
15 0 7 6 0 
16 0 4 7 0 
17 0 9 7 1 28 
18 0 6 3 4 24 25 28 29 
19 0 9 3 1 25 
20 0 7 4 0 
21 0 2 3 0 
22 0 7 1 2 24 28 
23 0 2 6 1 29 
24 0 7 7 0 
25 0 9 8 0 
26 0 5 3 0 
27 0 2 3 1 28 
28 0 2 4 0 
29 0 4 7 0 

15 15 30 29 31 32 24 21 30 23 29 18 20 8 26 20 43 19 16 17 27 13 33 22 20 28 18 26 23 16 15 32 39 25 27 27 10 8 20 11 42 16 27 30 24 20 30 17 22 15 12 38 11 23 20 13 11 15 33 16 
24 32 17 27 23 38 20 11 10 11 39 22 21 9 27 30 28 27 19 34 23 16 26 23 19 25 17 14 18 23 20 24 24 22 32 22 33 14 21 29 34 39 30 32 25 18 26 19 14 20 32 21 21 17 15 21 13 20 35 27 
16 26 27 18 24 42 21 12 20 20 22 29 28 12 9 33 23 26 18 27 28 15 22 22 16 49 20 24 19 17 15 10 29 33 36 28 16 17 25 30 30 14 29 33 19 12 22 18 33 26 20 34 16 18 5 16 13 17 30 37 
15 25 20 41 26 31 18 21 26 32 25 10 11 10 23 16 26 20 14 24 29 12 36 24 24 16 11 30 27 23 29 33 32 26 20 23 19 24 16 23 32 33 17 30 28 38 33 16 17 22 34 50 26 15 25 17 14 21 16 24 
23 22 24 13 23 24 22 16 12 28 19 31 16 18 14 51 21 27 17 22 29 28 20 24 26 21 31 22 19 23 17 32 36 38 32 16 23 32 15 7 31 31 18 25 26 28 32 20 21 22 22 35 23 15 11 23 16 11 23 26 
14 31 31 24 32 44 21 9 23 36 15 18 18 15 22 13 26 19 22 15 34 30 26 26 10 37 17 27 15 18 20 14 25 25 14 25 16 20 16 31 31 23 28 24 17 24 26 12 23 25 27 33 12 19 14 19 9 17 25 26 
16 32 15 21 22 30 12 16 29 24 15 32 19 27 27 34 33 26 31 39 31 8 30 37 27 26 13 28 18 30 16 24 37 28 15 14 14 26 9 38 41 12 23 29 18 19 40 26 30 19 31 33 24 9 17 22 17 15 19 18 
13 25 30 32 16 21 21 10 21 26 22 20 20 15 24 36 38 27 23 24 26 33 22 28 14 37 30 31 8 18 19 21 36 24 29 25 22 13 18 35 29 29 25 31 24 15 15 17 24 18 28 37 19 10 21 26 12 20 46 33 
16 29 19 11 22 38 18 21 20 27 22 27 19 16 20 18 24 19 27 32 14 11 32 13 13 32 25 25 26 17 10 17 18 29 29 17 28 16 14 12 27 38 19 36 15 31 21 25 27 17 33 11 21 13 24 28 17 17 42 22 
7 26 27 32 15 35 24 13 29 27 13 8 17 14 31 30 35 20 19 21 11 19 17 20 21 18 13 18 16 17 23 25 28 24 12 10 21 18 19 26 30 17 10 15 23 25 30 16 15 24 35 24 16 14 18 23 15 13 45 25 
14 20 32 26 28 28 11 18 20 27 21 23 15 7 20 34 23 17 36 5 18 25 31 34 20 35 29 19 23 31 23 39 23 33 22 32 18 15 30 18 18 37 25 26 31 25 43 17 22 20 37 58 11 13 16 29 20 21 22 26 
21 21 21 15 17 20 26 21 34 31 21 25 21 17 36 38 25 11 24 13 12 23 25 19 27 38 19 26 18 27 14 21 15 29 20 18 23 23 16 32 19 40 31 31 26 23 18 16 16 22 21 36 29 20 19 26 16 11 24 27 
13 22 20 27 20 33 23 21 31 34 11 32 18 8 25 37 44 30 29 20 35 13 27 40 26 29 24 23 30 31 23 14 27 32 31 13 22 15 20 13 16 22 30 26 21 33 12 19 23 23 16 35 16 20 19 16 8 15 27 30 
18 23 51 21 31 46 17 18 25 28 23 11 16 16 29 36 28 15 24 14 22 33 32 35 22 22 29 5 19 9 19 19 28 23 31 29 22 12 23 37 26 27 32 30 27 28 25 16 28 22 25 35 22 8 21 17 20 20 46 18 
19 19 15 25 31 30 25 15 25 22 28 24 21 19 20 32 25 21 25 37 25 33 27 24 21 40 18 26 29 16 21 24 35 37 28 20 19 24 13 22 27 32 25 19 23 35 23 9 26 39 32 30 21 16 7 20 18 18 26 14 
20 22 11 21 16 34 21 25 34 32 28 22 20 26 19 17 32 26 27 36 23 33 32 46 19 13 26 29 22 20 18 21 23 19 29 36 14 13 20 26 41 32 19 22 26 30 20 13 21 17 24 33 21 16 24 9 18 24 19 25 
17 18 23 36 13 29 30 10 21 24 14 28 29 11 25 16 31 28 18 25 34 18 28 37 15 36 21 33 24 13 18 22 25 18 34 8 32 17 12 21 31 22 32 22 13 41 31 28 29 27 35 26 10 25 18 24 13 24 35 22 
24 23 30 18 32 40 23 15 23 25 17 25 13 16 27 36 25 26 18 28 17 9 29 30 20 26 20 20 18 20 23 30 35 34 16 26 24 16 22 17 25 27 29 18 18 31 16 13 23 18 23 34 19 17 30 15 12 23 27 26 
15 26 24 21 23 32 15 16 21 39 18 18 18 14 11 25 17 23 21 21 23 15 31 30 20 31 24 23 26 20 18 31 28 24 26 30 22 20 24 10 27 30 27 26 18 32 21 20 24 18 19 28 17 18 17 13 16 28 19 15 
13 24 19 28 24 12 15 14 32 22 32 32 31 12 24 21 15 29 23 28 9 11 38 25 22 33 25 21 17 21 19 34 27 30 32 16 15 18 22 23 35 24 24 13 25 31 27 14 26 14 31 25 22 18 22 26 8 18 27 16 
15 25 22 25 33 17 18 18 24 33 21 20 18 11 22 16 19 18 23 16 28 10 20 32 11 32 14 25 12 29 11 23 38 36 31 24 21 20 27 20 26 49 32 13 24 19 32 14 22 19 37 9 16 14 17 17 22 24 42 15 
23 25 31 29 20 25 24 19 37 27 17 23 9 23 32 23 40 10 40 19 20 17 15 26 29 19 14 39 21 7 24 22 30 30 38 29 15 17 30 24 18 30 31 24 20 29 30 14 22 32 23 22 21 8 15 22 13 19 30 14 
16 31 23 30 15 14 24 17 17 25 14 25 20 17 18 35 28 22 20 23 20 27 19 43 18 41 24 17 24 28 18 20 48 44 30 34 31 19 16 19 32 25 22 17 15 20 27 23 15 16 30 33 13 19 21 26 17 16 27 12 
20 34 28 30 34 34 13 10 18 23 18 21 13 10 32 32 36 19 34 27 2 18 28 21 15 40 22 35 19 22 21 15 18 24 38 8 25 26 20 32 21 22 28 16 24 24 34 18 24 18 36 24 20 22 18 20 13 13 31 34 
9 20 20 37 21 47 27 20 32 23 30 22 13 12 16 30 24 21 29 28 30 28 23 21 18 14 20 22 8 26 23 24 35 14 21 20 20 26 23 27 22 30 19 19 14 45 19 15 16 17 29 10 16 19 24 29 5 12 24 22 
12 26 34 26 21 14 16 12 22 38 15 21 28 15 35 40 10 19 14 26 19 30 26 33 24 19 26 22 16 27 23 25 29 26 31 24 31 24 16 32 28 17 28 19 37 32 23 17 17 28 20 25 25 14 15 21 17 17 35 18 
20 26 26 20 34 25 10 15 30 30 23 24 19 19 25 33 27 30 23 31 22 9 20 25 24 47 30 30 19 22 27 21 34 36 29 15 20 20 20 21 32 23 16 15 30 40 30 20 32 25 31 41 15 13 18 30 12 16 33 21 
18 23 29 21 27 26 22 18 31 22 22 14 12 13 25 30 11 22 30 25 32 15 29 30 29 17 19 35 22 13 20 30 20 23 10 34 27 22 25 20 29 17 29 19 32 35 21 23 26 19 25 23 19 21 7 26 19 18 44 16 
10 33 18 32 32 57 18 16 30 29 29 24 24 19 21 33 25 22 20 19 28 20 10 38 20 34 29 28 23 25 18 13 26 26 30 28 24 16 16 16 26 23 11 34 24 47 27 14 33 23 32 30 12 13 21 14 14 11 22 20 
7 22 23 29 30 17 29 18 31 36 15 20 16 28 15 27 15 22 25 17 22 27 14 30 12 48 32 37 11 19 22 31 32 23 29 17 20 18 16 13 18 8 37 16 21 34 18 20 30 25 38 35 14 13 28 21 17 16 26 27 
20 36 35 31 17 38 19 10 20 35 22 26 28 11 28 24 24 24 25 32 30 24 17 33 19 34 13 25 31 24 23 30 29 31 34 24 23 17 9 31 22 29 23 38 21 38 24 22 19 40 19 33 13 15 13 11 7 20 39 23 
16 29 27 20 20 31 30 17 22 29 14 19 19 6 30 32 32 23 32 33 12 29 22 17 16 38 27 37 19 21 15 34 29 20 27 17 15 23 22 24 24 27 20 33 29 28 39 18 18 22 24 38 13 10 26 22 14 11 23 31 
19 19 39 37 19 32 14 14 16 11 13 21 15 20 21 21 23 20 15 28 16 23 19 19 14 36 23 23 23 26 25 19 32 34 41 18 20 22 17 26 31 26 26 26 21 38 33 17 21 22 25 28 12 16 23 19 19 17 26 22 
22 23 30 30 25 29 22 10 27 18 10 22 14 25 12 18 45 23 19 26 30 35 31 23 8 29 20 28 19 16 20 28 24 16 39 29 20 14 23 11 29 49 28 22 24 25 29 21 26 7 31 32 8 14 24 23 13 22 29 19 
16 16 19 29 18 51 23 5 25 26 17 14 11 18 15 27 23 25 5 19 36 21 27 31 21 36 19 25 16 26 21 31 40 31 27 23 29 20 23 28 24 27 26 26 17 31 37 9 31 27 25 32 19 15 22 25 12 29 12 31 
16 27 26 23 30 39 21 8 30 14 17 24 19 21 23 24 17 21 20 25 38 30 22 18 23 33 23 25 11 25 23 24 22 47 41 28 24 15 8 12 33 21 31 38 13 24 35 20 29 25 28 34 25 20 16 32 19 25 32 24 
17 9 27 21 18 35 16 17 19 26 24 24 21 26 21 34 19 17 29 25 31 23 32 7 21 14 14 30 27 23 23 45 38 19 20 18 31 23 17 26 26 34 30 27 24 19 32 28 26 22 34 18 22 12 19 23 24 13 27 23 
18 24 40 25 20 25 28 15 21 38 20 22 20 15 29 43 31 20 28 18 32 21 34 18 27 14 17 20 25 14 28 30 49 36 27 23 29 21 27 20 54 40 40 36 20 29 5 19 18 16 25 29 17 10 15 18 14 12 16 16 
18 13 36 25 31 26 29 18 29 22 23 22 22 15 35 17 28 19 12 29 27 24 25 30 16 42 15 20 18 14 23 32 42 39 29 24 27 19 14 17 46 21 35 14 15 19 15 24 18 15 27 22 19 21 20 28 22 16 19 24 
22 15 21 32 27 29 28 17 7 29 14 24 12 18 9 38 35 34 21 14 20 22 19 18 20 25 20 24 10 11 20 39 22 24 30 32 19 19 21 24 39 23 35 22 23 28 45 23 23 12 26 34 9 10 24 21 17 20 48 25 
21 22 32 26 22 25 26 24 21 13 20 29 20 19 29 14 31 17 15 25 11 28 31 28 15 31 28 21 20 26 21 11 34 10 18 23 21 19 13 24 35 33 28 21 15 31 22 25 21 29 34 23 19 20 12 28 8 8 38 39 
21 18 35 15 25 26 25 18 34 25 19 6 18 9 21 25 38 22 24 10 21 22 25 23 17 18 18 17 15 20 12 25 24 35 23 22 27 22 21 22 26 11 23 27 26 26 34 22 21 11 25 39 17 17 21 17 15 25 25 28 
20 26 38 35 20 14 13 14 28 33 20 33 18 11 11 23 22 25 31 19 18 17 29 25 18 23 29 24 21 22 23 29 38 30 30 34 9 16 16 23 25 19 27 37 15 30 26 17 14 22 27 35 21 22 10 20 15 14 30 24 
17 21 30 32 18 30 20 24 33 17 25 24 11 15 28 38 34 18 25 21 16 17 17 35 15 29 15 25 26 17 23 22 42 20 32 29 19 25 24 22 10 29 35 28 23 29 25 22 18 24 17 48 16 17 9 26 19 22 33 22 
13 23 21 27 16 20 29 11 25 21 17 8 17 11 29 41 38 23 28 24 19 20 20 30 15 36 13 27 24 27 30 30 38 27 12 28 21 15 20 21 21 28 22 22 10 32 33 14 15 27 26 48 18 18 21 25 17 18 38 16 
22 23 29 26 37 25 20 18 34 35 24 14 20 24 26 23 24 13 19 29 28 24 25 27 24 17 32 31 23 19 21 13 26 8 27 20 26 22 15 25 24 18 26 33 19 35 31 23 28 26 23 17 21 19 22 22 15 14 40 19 
13 24 39 26 21 19 17 9 16 11 24 21 11 15 19 38 23 26 14 22 22 30 22 15 25 18 27 27 22 27 18 29 35 38 27 12 22 15 18 19 31 29 38 31 27 32 30 6 22 9 38 33 11 13 10 25 14 12 22 22 
18 25 37 23 16 22 31 14 20 20 14 32 12 19 34 36 31 16 20 3 27 16 25 38 21 19 29 22 20 32 20 28 20 24 23 37 22 17 24 18 38 39 20 25 23 34 23 20 14 22 24 24 17 14 18 20 16 26 40 19 
17 27 37 19 7 29 22 18 36 30 23 18 17 15 17 33 30 32 19 33 27 18 30 10 26 45 16 12 32 20 20 14 41 25 19 27 10 19 12 27 39 29 25 36 22 47 31 18 24 19 19 9 24 22 12 25 12 16 22 20 
14 23 27 30 27 19 12 16 20 23 20 13 12 20 11 38 32 20 20 16 20 28 23 31 28 43 16 10 14 27 17 26 53 13 28 16 16 24 18 10 30 35 25 22 25 37 36 18 18 14 42 31 20 23 24 27 18 17 38 12 
19 15 18 25 22 25 18 19 27 34 17 24 19 21 26 14 44 22 21 8 22 31 27 15 19 30 14 24 26 13 23 19 28 27 39 26 15 9 21 34 34 27 33 31 20 20 24 24 18 27 33 16 12 19 22 23 24 21 46 17 
11 27 31 12 19 15 20 20 32 27 14 14 17 15 20 31 23 14 13 13 20 20 25 39 13 27 29 10 20 11 19 25 24 33 28 20 22 24 25 25 37 22 23 39 6 18 24 13 27 17 35 35 21 9 18 22 14 24 34 26 
14 21 35 20 21 30 21 20 17 20 26 16 13 11 16 27 13 19 30 16 26 22 29 27 17 29 16 20 19 15 16 27 36 35 5 30 25 18 16 21 29 28 20 30 12 23 23 22 32 22 20 30 18 22 24 14 9 14 27 18 
13 29 30 37 31 31 17 14 33 25 17 22 22 20 28 26 41 21 23 30 15 21 22 33 19 31 22 22 41 30 18 16 31 31 28 13 19 22 13 30 32 21 38 25 15 25 11 15 16 14 38 36 11 20 21 26 18 20 41 25 
18 22 22 27 36 29 13 19 31 26 11 19 13 10 29 30 32 34 27 24 21 24 32 25 21 40 34 32 13 26 18 35 22 11 16 29 17 17 25 21 31 33 31 20 26 25 26 16 31 28 31 35 17 16 18 24 11 16 28 24 
20 28 19 42 18 30 15 14 20 14 20 16 13 11 12 46 23 18 17 28 38 15 25 26 11 36 21 16 27 21 26 23 36 11 16 31 17 14 26 34 30 20 23 28 15 20 16 14 11 24 17 15 17 14 21 20 16 22 29 35 
18 29 28 21 27 27 23 12 16 20 17 21 22 22 30 29 40 34 28 22 18 23 17 26 19 38 14 30 20 18 11 19 32 17 31 29 11 15 14 16 34 19 25 33 17 34 33 24 12 22 33 21 23 18 11 18 13 22 29 30 
11 15 31 40 23 41 28 17 32 22 19 17 23 24 23 21 26 10 33 31 18 31 20 19 21 32 22 35 27 27 25 20 42 27 25 20 11 19 27 25 25 23 27 19 27 37 25 26 19 32 24 45 15 16 15 18 17 21 45 24 
11 25 19 17 22 25 15 24 16 29 10 25 15 16 23 26 27 24 27 29 36 18 26 47 19 23 16 16 16 28 21 20 28 34 26 26 25 16 18 16 43 35 35 21 14 37 16 11 31 15 24 24 18 17 22 26 17 22 42 31 
11 18 22 31 21 23 21 25 38 29 11 25 20 17 22 28 17 22 23 25 36 20 19 36 27 32 15 17 27 14 21 24 28 20 34 24 21 21 22 27 19 15 19 18 21 23 20 26 18 22 19 41 16 13 14 14 15 25 15 27 
13 17 10 18 28 25 20 18 24 30 22 14 12 5 28 29 27 25 28 10 24 21 21 28 21 25 29 26 29 24 20 32 35 21 28 24 33 18 17 25 14 28 29 31 17 39 26 18 20 17 27 28 18 12 23 16 15 22 13 37 
24 17 36 30 24 15 7 17 24 18 26 19 26 14 36 34 26 22 27 28 28 26 26 20 30 32 15 21 29 24 15 23 29 19 36 11 32 9 19 25 38 24 30 15 18 23 44 15 34 21 22 46 18 8 17 28 14 14 34 30 
11 31 22 37 14 21 25 10 37 25 30 11 21 19 20 21 27 20 26 32 32 18 20 27 27 36 28 26 30 22 12 23 11 22 23 9 34 18 26 23 24 28 23 28 23 44 17 14 25 17 30 28 16 17 20 19 19 25 37 28 
13 22 15 30 15 22 27 19 26 2 21 20 13 11 17 25 16 33 17 29 21 19 20 26 28 28 30 35 22 27 24 26 37 43 28 19 20 18 21 22 29 22 21 25 21 31 28 13 33 21 25 30 5 16 15 20 10 18 28 26 
15 26 27 18 26 26 22 15 36 21 12 16 18 26 18 33 24 20 10 21 29 38 20 29 18 33 12 31 25 36 22 25 18 12 39 24 24 15 17 29 32 31 20 29 27 29 10 12 34 18 28 38 17 17 17 16 12 24 34 15 
15 22 27 16 27 39 24 17 43 29 5 21 17 21 25 24 27 19 19 30 29 25 31 27 5 20 18 27 23 23 20 28 38 31 30 41 28 17 12 19 34 30 21 18 18 20 41 25 12 18 18 23 13 20 19 21 8 11 39 19 
16 26 27 18 19 28 33 20 40 24 28 26 11 20 30 29 24 17 17 15 32 25 25 30 7 37 17 31 26 20 19 24 32 38 28 27 27 33 16 15 35 32 29 20 25 32 31 21 24 18 19 30 19 17 10 22 13 16 17 26 
10 17 27 37 18 34 13 13 25 45 23 20 18 20 19 34 17 29 22 21 20 15 29 19 22 27 22 26 22 24 20 15 29 27 30 30 21 25 24 28 21 33 26 31 27 35 38 17 24 21 22 23 20 13 18 18 19 17 25 29 
10 27 18 30 25 22 26 20 22 24 29 27 13 15 17 33 25 25 33 26 21 37 17 31 15 29 35 30 25 24 17 31 30 30 30 19 19 19 20 25 33 29 30 29 30 21 20 19 27 16 29 43 9 10 18 27 19 14 46 16 
17 25 19 25 27 27 11 19 31 29 18 17 16 19 22 42 36 12 17 29 25 13 25 36 12 34 14 29 23 20 18 22 26 35 25 30 25 17 19 20 20 22 32 12 14 34 32 23 27 20 27 14 18 24 8 32 10 17 25 28 
11 27 35 26 19 29 21 15 18 22 13 25 13 24 30 30 15 17 27 26 19 19 25 28 18 54 9 20 12 23 23 19 41 28 31 21 23 18 16 27 37 33 21 30 18 25 35 18 25 16 20 29 23 14 22 18 25 18 38 27 
15 16 33 16 18 18 36 4 37 33 17 31 10 19 25 19 25 11 28 25 25 15 24 21 22 27 23 26 36 15 17 25 39 24 30 22 15 14 17 16 38 30 29 22 22 19 22 16 29 16 36 38 20 16 21 17 16 21 22 25 
17 26 23 23 31 45 21 24 25 17 31 18 18 11 25 34 36 23 28 30 18 14 22 40 14 53 29 42 30 8 23 22 18 36 41 17 31 14 25 11 32 26 33 21 17 33 26 24 23 13 28 25 22 12 12 15 15 27 37 26 
7 21 5 24 13 27 23 17 21 15 16 24 15 16 15 24 31 11 31 29 25 27 23 31 15 32 28 32 27 20 16 27 25 19 24 29 24 16 11 28 20 29 12 28 23 31 33 15 24 24 23 36 21 11 15 22 11 21 14 26 
17 17 21 24 35 32 16 19 13 30 12 25 6 14 27 26 27 19 24 27 22 26 27 34 15 36 27 10 23 15 19 26 24 35 22 28 22 11 22 22 17 24 32 24 17 37 21 23 31 33 22 31 17 18 9 22 14 22 27 24 
17 21 20 26 30 23 27 18 30 32 28 15 8 15 13 26 42 27 33 34 33 33 27 30 20 41 22 24 23 17 6 36 21 23 23 24 9 15 18 24 26 29 34 15 13 23 30 16 24 21 33 21 10 18 10 23 18 18 21 22 
17 17 20 32 21 28 25 9 23 29 18 12 22 34 26 26 22 29 29 30 21 29 28 22 13 20 33 28 23 16 24 41 32 36 27 26 24 15 14 16 34 28 27 26 25 36 21 13 15 28 33 18 7 16 16 20 12 24 33 20 
21 16 29 36 25 25 27 16 16 45 4 17 15 17 20 41 18 14 30 33 15 13 22 45 22 12 19 35 22 28 15 31 36 36 39 31 27 17 22 29 22 28 22 38 11 50 31 20 30 12 24 13 19 15 27 23 12 15 25 24 
23 17 21 24 25 33 14 9 34 13 16 14 23 21 22 26 24 10 13 15 18 27 31 18 20 15 28 28 23 35 21 32 25 22 21 26 32 25 22 17 36 36 20 7 13 30 22 19 15 7 20 34 21 13 14 17 15 18 27 26 
18 23 33 27 30 40 25 16 20 37 26 31 19 14 24 25 26 27 25 23 39 22 18 26 20 24 23 33 21 22 23 24 29 43 39 18 22 16 27 27 33 18 24 33 27 27 15 20 20 32 18 33 22 5 12 25 14 20 42 32 
15 28 31 15 21 34 20 21 26 32 25 17 18 23 29 25 21 20 28 33 23 19 22 23 20 49 21 31 17 23 22 20 35 53 32 17 22 29 23 31 24 21 24 24 15 10 24 30 24 6 27 35 29 13 14 24 22 29 11 27 
13 16 30 33 17 39 12 16 24 26 18 18 8 14 31 42 27 23 15 18 31 21 20 16 27 31 29 26 9 12 10 26 10 9 47 22 26 24 21 19 29 21 21 18 15 42 31 24 29 20 18 26 15 17 15 22 11 19 34 27 
13 33 29 24 23 29 21 19 23 18 5 27 13 18 28 23 26 25 21 21 19 23 23 21 16 46 28 15 21 18 20 17 30 25 30 16 26 17 23 18 23 25 32 19 25 24 29 3 19 21 22 26 13 18 20 36 10 12 28 23 
17 25 27 26 24 30 23 14 40 24 26 22 10 12 16 39 18 22 27 27 32 20 22 27 25 21 27 31 31 27 22 14 35 29 34 25 21 20 12 34 29 33 18 29 7 29 22 27 10 29 27 25 20 22 24 17 17 18 24 23 
13 24 31 20 17 26 26 19 26 30 10 24 17 16 24 36 12 25 19 35 38 12 28 27 14 38 15 17 28 20 15 20 43 41 25 36 6 15 16 26 29 25 12 30 13 29 26 18 15 21 33 44 12 20 19 25 10 19 38 14 
14 20 39 29 25 32 21 13 20 16 24 22 20 10 20 4 28 20 31 29 19 17 21 35 26 26 28 18 23 16 14 26 32 44 23 19 23 10 15 15 42 32 24 30 16 25 19 19 17 28 23 44 15 13 27 30 16 23 28 24 
14 20 31 16 23 23 22 19 29 32 17 19 8 18 17 28 19 30 25 24 12 18 24 16 20 24 26 37 18 19 27 13 30 22 29 26 24 23 28 13 34 33 32 27 16 26 27 18 28 14 34 30 18 17 21 16 16 14 31 26 
15 15 38 29 9 28 20 17 33 32 22 16 23 18 32 32 17 27 19 30 17 16 20 43 22 36 31 38 19 19 19 18 24 28 17 28 23 16 19 32 28 39 22 12 29 4 29 13 13 29 34 21 23 11 23 21 16 13 33 22 
17 27 30 18 16 29 26 15 15 18 27 24 13 22 21 29 26 22 23 25 18 27 29 18 23 23 18 27 22 22 25 17 39 40 18 16 15 26 21 29 21 27 21 30 21 47 26 19 16 31 36 25 24 7 19 24 20 19 25 17 
17 27 7 24 23 25 23 15 9 21 31 18 23 13 19 12 29 13 22 31 31 14 15 34 21 23 13 24 17 25 26 16 41 33 32 29 26 16 11 27 42 19 20 49 23 31 39 22 29 12 29 17 12 19 23 23 12 15 33 18 
12 22 41 23 8 30 21 21 20 10 12 36 18 22 12 49 35 29 26 32 25 25 32 35 25 25 19 25 28 13 18 38 22 26 26 28 22 27 10 32 22 28 16 28 19 38 18 22 15 15 30 35 13 13 25 10 18 21 36 25 
16 26 13 37 22 24 15 16 19 27 15 25 29 15 24 30 21 21 25 25 16 23 36 19 24 40 22 30 27 18 21 24 26 39 23 29 20 23 18 15 29 18 30 29 19 32 15 27 18 26 26 16 18 23 17 30 18 19 18 29 
19 21 37 31 27 33 14 11 34 32 14 16 18 16 13 25 13 16 28 33 27 15 25 21 20 50 20 27 26 25 23 17 35 29 36 31 15 16 22 14 38 21 17 35 31 33 36 18 27 18 25 33 19 18 9 27 11 21 42 15 
15 17 27 30 36 27 12 11 23 35 31 23 24 10 22 35 30 24 24 38 25 17 22 31 21 36 19 22 21 14 21 32 14 31 20 18 24 15 17 20 36 23 30 25 14 19 22 18 20 20 30 50 15 12 21 21 18 25 47 17 
16 31 20 29 31 19 24 10 18 26 21 19 15 13 25 35 14 21 18 21 26 17 14 23 21 42 20 22 22 16 17 22 25 29 20 18 23 16 23 15 48 43 17 18 27 28 11 15 19 17 20 20 16 16 24 20 16 20 24 21 
20 37 29 20 18 19 22 16 25 27 23 22 21 12 20 29 38 27 23 22 20 15 21 23 28 23 18 40 20 28 23 37 42 31 34 22 36 17 22 27 30 7 20 17 26 43 28 18 20 13 20 26 8 10 18 19 15 21 37 25 
22 20 20 17 31 20 8 22 23 26 20 28 17 23 22 27 34 15 19 12 26 15 8 25 26 34 13 30 26 22 31 26 37 30 35 25 23 16 18 25 34 17 23 23 21 31 25 13 22 18 21 25 16 11 20 20 18 17 46 17 
15 13 26 11 20 22 26 22 27 27 21 17 22 25 27 33 23 13 23 27 14 20 14 26 20 26 33 24 28 19 19 30 32 22 18 39 13 16 16 26 49 16 32 29 18 29 23 13 16 26 22 31 7 21 20 20 19 21 19 16 
18 30 22 24 30 30 32 14 15 24 31 20 9 17 22 39 6 22 24 25 13 20 10 21 13 31 22 38 20 26 15 16 34 26 36 34 22 18 18 23 23 25 19 21 24 16 22 17 21 20 37 33 16 18 29 20 19 12 23 25 
20 27 32 19 16 25 30 5 25 18 16 15 15 22 28 34 27 22 26 36 23 9 26 17 26 28 8 13 17 17 26 28 35 25 30 23 33 13 13 21 39 26 22 18 31 41 17 13 16 22 19 39 19 16 15 21 18 21 45 12 

MachineCapacities:
MachineID Capacity
0 10
1 10
