NumTasks NumMachines NumScenarios
30 2 100
TaskDetails:
TaskID ReleaseTime ResourceConsumption SuccessorsCount Successors...
0 0 5 6 2 11 16 
1 0 9 1 2 12 13 
2 0 8 4 1 13 
3 0 7 3 3 12 14 16 
4 0 7 2 1 16 
5 0 2 6 2 7 13 
6 0 5 9 2 14 16 
7 0 2 8 0 
8 0 5 9 0 
9 0 8 8 0 
10 0 5 4 2 14 16 
11 0 9 8 0 
12 0 7 9 0 
13 0 6 2 1 16 
14 0 3 8 0 
15 0 5 7 0 
16 0 5 6 0 
17 0 4 2 4 20 24 27 28 
18 0 6 4 2 22 26 
19 0 6 10 1 28 
20 0 6 3 1 26 
21 0 10 6 3 27 28 29 
22 0 5 2 1 28 
23 0 9 2 1 29 
24 0 10 1 0 
25 0 6 9 0 
26 0 4 8 1 29 
27 0 6 1 0 
28 0 1 4 0 
29 0 7 9 0 

12 26 12 14 27 28 19 20 28 27 28 29 16 17 30 12 15 20 27 19 24 10 11 21 15 18 21 20 16 37 30 35 13 28 41 23 30 24 15 26 21 36 36 32 17 20 9 27 20 29 24 17 37 31 30 39 30 11 20 24 
16 31 18 19 28 27 29 25 14 32 32 21 26 21 30 30 15 20 25 18 21 19 19 25 21 10 12 18 14 36 16 26 34 34 21 17 24 17 18 33 16 22 41 27 24 35 25 14 20 25 27 26 35 25 21 19 38 24 24 16 
19 24 19 24 34 22 19 24 10 33 31 27 18 28 24 21 22 24 15 19 20 23 15 29 17 18 14 26 23 29 30 31 31 25 22 8 24 21 13 32 16 23 46 21 21 20 27 44 20 40 34 26 27 22 17 31 11 21 28 23 
12 30 23 28 36 18 30 25 21 16 35 19 11 33 28 21 15 21 11 20 22 15 16 35 13 12 17 21 36 16 40 29 32 16 13 8 19 13 15 39 19 21 19 13 17 24 16 18 26 27 20 34 14 25 27 23 30 18 22 35 
14 25 20 23 37 32 25 16 21 25 24 21 22 23 15 23 23 14 23 26 21 23 13 26 22 15 22 8 9 20 35 30 23 19 32 14 28 19 14 34 27 32 40 24 15 35 31 17 14 29 30 21 23 33 18 13 35 21 17 16 
17 34 21 18 11 37 17 17 21 22 30 13 18 21 33 15 18 18 17 18 25 22 18 23 16 18 20 18 28 26 36 35 32 28 22 16 19 10 20 40 23 18 32 25 22 14 27 40 18 36 27 25 19 31 23 28 34 24 10 26 
18 32 17 20 37 40 25 21 26 18 19 28 11 28 29 18 15 18 30 15 20 22 14 22 11 10 12 12 26 29 19 31 22 18 28 20 20 16 12 37 19 16 34 19 26 30 25 27 15 27 38 16 39 18 16 28 43 13 24 11 
21 19 3 24 16 20 22 22 24 20 28 28 20 21 33 11 2 23 21 22 19 20 13 19 17 8 20 14 29 15 27 22 37 23 23 16 25 19 18 38 34 28 41 22 18 21 23 35 10 24 26 32 26 28 15 23 40 13 20 29 
27 23 26 15 18 39 14 22 27 24 27 30 19 24 34 22 15 24 17 22 22 24 17 22 15 11 26 14 28 26 32 14 24 31 7 19 28 38 18 34 26 19 40 34 7 40 13 45 19 29 33 36 27 31 13 29 30 20 16 10 
15 17 13 17 32 20 16 21 21 37 25 23 16 27 39 14 18 15 13 17 25 30 11 23 15 18 19 23 29 25 35 39 29 26 30 19 28 29 24 37 26 37 45 22 18 41 17 44 13 36 29 29 36 37 18 36 17 29 16 26 
23 30 17 16 15 48 31 23 22 23 22 33 15 15 26 22 17 21 12 20 22 19 19 15 11 18 21 16 19 27 32 39 11 20 20 19 37 15 12 37 21 31 32 37 15 25 13 20 20 22 31 21 25 30 15 28 36 16 20 26 
20 19 20 22 3 18 21 26 22 26 32 24 18 30 26 20 16 21 17 18 18 11 11 14 20 16 15 24 33 28 40 27 22 23 28 13 31 23 21 23 17 26 4 34 20 14 9 26 17 28 22 26 28 15 9 27 17 17 25 17 
6 32 24 22 22 22 28 27 20 29 22 27 25 18 33 23 17 30 19 10 21 29 17 25 9 10 24 26 23 26 29 16 15 21 35 25 24 19 21 27 28 9 33 14 17 21 21 24 24 26 34 22 31 33 24 28 33 21 18 15 
13 31 15 17 32 35 22 27 24 26 24 21 11 23 29 18 17 14 25 23 22 18 21 19 15 17 13 23 26 28 35 20 21 27 32 16 23 15 15 25 16 28 13 20 22 27 14 35 17 24 40 33 27 11 14 23 26 29 7 29 
16 21 16 20 34 26 28 29 23 25 40 28 18 35 28 23 21 19 10 18 28 31 12 22 17 19 21 14 9 28 43 19 29 13 21 20 17 21 18 40 23 24 36 28 9 22 19 19 14 31 21 30 35 29 20 31 25 19 26 24 
20 25 10 20 22 35 23 27 20 31 34 26 28 20 5 15 17 12 25 14 26 30 21 26 15 14 12 19 30 27 29 39 16 21 20 17 23 18 4 12 28 21 18 20 10 34 24 6 14 24 25 23 24 30 19 23 22 22 7 24 
10 22 23 18 18 30 27 19 17 19 37 21 14 12 32 14 10 29 24 21 15 18 20 23 18 19 8 15 35 32 27 23 29 22 33 17 15 12 15 29 23 38 18 24 17 25 27 13 25 32 36 33 18 26 15 22 24 18 22 22 
20 30 10 21 23 36 18 15 19 22 24 15 14 19 25 23 11 30 19 14 26 22 12 18 21 19 18 22 43 27 23 28 35 23 30 19 20 25 12 42 24 14 36 33 21 20 26 31 25 33 17 29 36 33 22 31 36 9 12 21 
17 38 16 31 41 27 21 8 16 22 20 27 19 24 23 24 29 13 13 24 34 19 17 21 16 14 17 18 37 22 35 17 16 21 24 10 23 30 14 40 22 24 27 27 10 17 22 32 6 26 34 36 22 26 16 30 38 14 28 22 
14 34 13 24 38 27 14 22 20 28 39 28 20 22 8 15 18 19 23 17 17 36 15 23 11 11 19 22 15 20 17 25 20 22 21 14 31 19 17 28 28 10 22 21 17 31 29 36 25 42 37 24 24 33 22 26 37 21 23 19 
20 22 20 27 28 43 21 24 21 24 29 30 21 20 21 24 22 24 22 22 20 30 8 13 14 12 18 19 19 18 20 20 27 9 19 14 25 18 15 30 16 46 34 6 17 37 23 24 18 40 39 28 16 40 15 33 24 22 17 20 
16 25 19 25 21 25 12 16 30 29 26 43 9 22 18 12 21 21 18 16 13 21 12 21 13 8 16 22 20 21 22 33 25 16 29 18 30 24 18 26 12 11 41 20 21 22 27 34 22 32 22 27 18 34 24 19 23 23 20 24 
14 31 20 24 19 31 23 34 24 29 27 30 12 5 27 19 17 16 18 25 22 17 7 19 19 13 12 22 18 31 27 13 25 17 24 16 24 24 15 23 16 24 33 19 13 18 21 24 14 17 21 37 26 34 24 22 31 14 19 29 
23 17 12 18 37 30 24 25 27 22 25 26 22 23 35 9 10 24 21 23 14 22 16 27 15 11 20 21 18 20 36 28 31 21 12 17 25 15 16 12 11 19 41 26 25 25 19 21 16 26 26 37 21 27 13 14 20 19 22 31 
21 37 15 22 32 20 13 13 18 22 19 14 9 19 22 22 24 17 15 19 11 30 21 24 15 19 16 20 19 31 19 34 17 21 25 16 29 20 21 11 12 24 29 33 22 26 30 34 20 38 16 18 18 22 24 21 14 25 18 25 
20 17 17 23 22 26 21 26 24 23 17 20 18 22 24 18 24 20 14 18 23 24 16 26 20 13 24 21 16 29 26 35 24 21 27 19 14 21 11 41 22 27 21 22 20 32 22 29 24 33 35 29 29 36 9 20 26 11 24 25 
27 21 28 13 42 30 21 19 18 29 21 24 5 14 14 15 22 24 17 15 22 25 21 26 14 17 18 20 16 19 23 28 24 18 39 15 33 22 10 31 15 17 1 36 26 27 15 15 23 23 33 21 20 29 24 18 17 18 22 28 
22 20 20 23 33 25 28 31 20 25 29 32 11 22 50 15 23 14 23 11 16 28 20 33 16 15 16 26 26 15 20 34 26 19 30 10 35 12 18 32 33 27 18 16 9 18 20 32 17 21 36 44 20 18 18 22 25 17 22 29 
9 22 23 34 36 25 24 20 28 16 35 25 15 18 15 30 20 24 6 29 21 20 7 24 15 19 14 23 24 24 42 24 23 29 29 16 36 24 17 37 30 24 31 27 18 25 31 46 10 34 17 23 34 26 8 13 29 10 26 27 
16 26 8 18 37 26 25 28 8 22 28 28 21 25 19 28 14 16 20 21 18 28 11 21 12 10 21 18 27 17 37 15 24 23 20 8 26 22 15 42 22 37 27 23 18 34 23 21 18 30 23 37 20 45 11 20 42 13 17 21 
21 7 9 18 20 26 16 22 20 29 34 20 13 18 29 5 20 26 17 25 31 29 7 25 14 10 15 11 29 36 9 35 30 27 33 14 26 10 13 14 18 31 31 16 11 40 24 14 29 47 21 24 30 30 21 14 52 28 23 11 
15 30 18 13 36 34 27 17 20 10 42 14 13 21 27 17 6 27 19 13 24 17 14 31 15 13 19 12 24 36 52 22 29 28 23 18 21 27 18 46 15 34 36 21 17 27 22 28 12 25 37 35 24 38 13 27 8 21 20 30 
30 31 14 26 30 19 20 19 15 37 34 34 26 26 34 26 21 19 22 13 24 28 11 25 16 17 23 14 25 34 22 27 18 19 23 19 21 21 12 30 20 23 37 39 16 30 28 26 18 32 26 16 30 25 29 27 27 17 20 6 
19 16 12 34 23 32 23 24 28 33 28 26 16 15 23 10 24 17 18 17 19 22 6 24 12 15 19 19 31 36 14 28 23 14 25 10 22 28 20 27 24 24 32 30 20 27 22 48 18 37 14 27 32 22 29 28 35 20 14 23 
19 18 15 14 27 32 19 16 23 28 20 25 14 27 35 18 22 46 20 13 19 21 13 25 22 9 13 25 33 23 25 19 15 23 20 16 25 18 16 33 18 8 32 11 15 29 19 19 21 34 32 30 31 29 14 17 13 15 15 29 
26 30 21 28 37 43 25 28 25 26 16 19 14 20 27 22 19 18 19 17 16 28 22 10 20 15 14 19 28 35 17 23 21 14 15 14 28 24 14 23 9 32 23 21 15 28 25 15 19 29 24 27 19 14 15 21 20 20 14 18 
27 31 14 24 23 22 21 19 21 21 36 32 9 20 25 6 22 12 18 15 15 27 18 21 14 15 21 22 31 28 34 26 23 14 28 19 33 28 16 22 19 19 19 27 24 29 20 35 23 47 32 11 20 37 16 19 38 13 16 16 
20 21 9 18 24 39 20 13 27 26 29 21 20 22 34 28 8 24 26 21 22 18 15 19 17 15 19 17 25 27 34 30 21 19 27 9 23 24 16 32 4 32 30 23 21 23 21 26 19 26 37 24 43 29 19 25 24 26 22 22 
28 21 8 28 22 25 25 12 26 19 29 20 12 28 29 25 16 16 17 25 31 20 21 23 16 11 15 30 25 44 23 21 27 24 29 16 18 17 15 18 7 26 22 30 12 26 18 22 30 34 34 22 22 25 17 19 37 19 25 25 
20 28 13 16 33 31 28 20 19 26 29 11 20 25 19 20 18 31 20 22 25 27 12 21 16 15 13 22 13 37 26 30 23 26 27 20 24 28 6 28 18 33 40 27 11 35 19 21 18 35 27 31 23 35 20 22 30 11 19 26 
11 26 11 21 24 17 30 21 20 11 44 35 14 23 29 21 9 17 20 19 17 20 15 24 13 16 14 22 36 25 23 25 17 10 20 16 31 12 21 8 25 14 30 32 26 21 25 30 16 19 20 27 42 36 18 15 26 14 12 37 
8 49 12 26 29 15 19 24 22 14 37 29 21 25 23 21 21 25 15 5 25 16 10 18 27 9 15 17 20 33 34 20 30 21 26 21 34 16 16 11 12 25 38 33 15 26 20 22 18 21 15 30 25 22 26 37 23 11 16 23 
22 29 12 16 35 33 27 5 17 24 32 25 22 30 13 23 21 24 18 16 35 20 9 26 13 8 17 13 6 40 34 29 14 23 16 19 29 26 16 19 26 18 24 32 14 25 24 24 19 32 18 15 16 10 19 22 18 19 24 30 
14 24 11 10 19 28 22 22 20 22 23 20 8 28 20 21 21 29 20 16 26 19 25 22 20 17 15 27 2 24 44 17 24 26 12 21 19 22 10 31 27 22 27 8 12 15 27 32 18 37 25 22 13 22 23 23 27 10 28 34 
25 23 20 24 34 29 16 13 19 23 25 40 16 35 39 27 28 12 26 19 25 28 8 24 13 11 20 12 37 21 30 26 7 21 36 25 13 36 18 36 27 14 25 14 17 26 20 18 21 38 26 9 33 42 18 26 61 11 14 29 
11 13 22 20 23 34 18 28 29 12 35 17 14 27 40 25 27 33 19 20 15 28 17 26 10 10 18 20 22 30 42 17 26 22 12 6 17 18 12 14 23 26 34 32 7 28 8 17 9 20 30 36 32 26 12 28 22 15 24 15 
12 23 17 28 38 25 20 22 10 24 28 23 14 30 30 22 24 12 20 25 21 24 11 22 9 9 21 14 30 22 26 29 16 18 23 16 26 17 7 15 23 30 32 24 10 23 20 18 32 25 27 33 30 28 21 35 24 22 20 32 
5 31 16 21 16 15 24 24 20 22 24 21 12 24 22 17 23 22 21 22 9 32 13 23 19 15 14 25 23 23 32 21 23 29 34 21 20 25 16 40 23 37 34 27 10 26 17 24 22 23 30 32 37 21 12 27 25 12 16 9 
12 39 22 14 32 23 22 20 41 15 30 44 18 22 23 24 18 14 16 16 19 30 13 29 17 23 21 19 21 44 36 21 20 20 17 18 17 15 11 27 14 29 36 24 12 27 25 28 13 19 35 33 24 28 23 20 32 15 23 23 
9 25 8 16 40 35 14 15 28 38 43 24 16 25 36 18 23 21 17 10 21 18 15 21 20 15 16 20 29 32 24 28 23 28 40 13 22 15 13 33 34 15 37 25 18 17 38 17 33 25 20 32 27 17 24 11 28 10 17 31 
32 30 18 32 14 36 13 12 25 12 36 26 16 42 19 7 18 8 14 19 18 21 22 24 7 13 21 20 33 22 31 28 21 25 28 22 37 16 13 26 4 26 20 22 21 19 10 21 25 35 19 27 27 20 23 27 16 7 24 32 
19 30 14 24 24 31 24 26 29 31 32 37 17 19 29 20 23 15 23 11 17 35 16 27 10 12 14 20 25 14 28 23 9 15 34 15 27 15 17 28 16 24 22 27 8 24 22 36 16 35 41 35 28 26 16 21 11 7 17 30 
10 23 17 22 34 33 21 23 29 24 23 26 14 22 29 15 19 17 10 17 19 29 18 19 17 13 17 15 15 36 28 28 23 23 23 14 23 20 14 17 27 23 39 25 19 27 21 36 23 14 30 39 24 31 14 26 31 19 20 16 
20 20 16 29 32 15 37 15 26 25 33 14 12 16 26 23 25 29 25 10 12 20 20 31 21 14 26 10 23 10 31 20 30 31 27 16 21 24 17 31 16 22 34 18 16 24 22 37 9 28 28 31 25 34 7 35 16 15 11 28 
18 26 14 27 21 18 17 24 26 21 17 35 24 25 26 24 25 22 16 20 13 32 17 25 17 17 18 18 33 19 34 34 25 21 23 16 37 25 8 30 15 22 22 30 21 35 22 40 23 30 27 24 42 21 16 27 20 17 20 15 
17 38 18 30 30 31 27 22 23 24 38 26 15 25 35 10 17 23 10 26 18 27 15 17 15 20 18 19 25 20 23 23 22 24 24 17 22 15 5 26 10 29 24 19 19 9 31 26 28 32 17 37 27 32 6 29 35 20 22 32 
21 31 20 23 32 29 25 24 29 20 27 33 19 21 15 16 14 30 21 19 22 45 14 28 8 7 16 24 26 42 20 26 8 25 31 17 23 23 10 30 26 22 31 27 17 32 21 32 23 33 28 33 33 22 22 13 28 11 14 31 
17 42 2 18 9 34 21 15 16 27 27 22 15 14 38 19 21 36 10 29 13 26 15 23 17 19 29 21 29 41 31 25 21 9 28 11 40 26 21 20 16 31 27 28 19 11 16 23 27 27 40 25 37 18 7 35 38 21 16 27 
20 19 16 20 19 26 30 23 16 14 36 31 13 20 35 21 11 23 10 27 5 26 14 23 16 17 21 16 18 31 33 26 26 29 23 18 18 15 15 28 30 24 28 19 16 31 20 30 23 29 24 29 24 17 16 14 10 15 15 29 
20 25 13 21 40 36 20 12 25 28 30 14 18 22 30 25 11 15 21 10 22 23 15 27 13 10 30 15 22 29 31 24 24 17 14 23 7 30 23 13 25 12 31 23 28 20 24 26 18 29 30 24 20 17 11 31 37 16 16 30 
18 31 21 21 24 24 11 21 29 30 37 36 21 24 41 20 22 32 20 9 29 25 12 27 10 14 14 15 15 19 24 30 25 23 35 16 19 10 16 38 18 23 44 31 17 18 27 37 16 29 23 31 40 16 19 23 34 11 20 28 
10 26 24 23 25 40 22 13 15 28 44 24 22 32 14 19 18 30 24 13 26 31 9 30 13 7 22 16 25 26 38 38 18 20 10 12 22 22 12 27 18 23 32 31 22 31 26 42 17 29 36 18 21 13 16 19 15 20 28 29 
9 36 27 24 32 19 14 22 28 21 41 28 13 28 37 29 15 18 23 34 19 36 5 28 12 10 18 14 26 43 25 24 29 17 32 22 27 15 17 26 18 30 25 16 20 15 16 31 14 35 34 22 23 22 19 18 22 15 27 19 
16 24 20 19 26 25 24 29 22 22 28 28 27 20 34 19 11 19 14 18 15 24 16 19 12 21 13 28 38 22 17 41 26 26 26 18 28 20 19 19 28 30 34 26 24 25 19 30 22 33 26 50 8 15 23 22 24 15 23 32 
19 29 19 21 17 32 23 22 25 34 14 13 22 27 33 19 13 36 18 21 31 33 19 23 17 18 23 17 32 31 14 24 31 25 30 13 27 18 12 17 15 31 33 15 22 33 17 32 29 18 33 26 35 30 22 18 30 29 19 32 
11 25 22 22 29 22 21 23 29 29 39 27 18 28 23 19 18 16 20 35 17 14 10 27 20 13 17 20 33 20 28 32 32 24 26 19 31 21 17 29 27 26 35 18 21 24 20 25 17 18 21 25 18 25 21 21 27 26 25 27 
15 16 13 19 31 24 25 17 28 12 34 20 14 11 36 15 15 19 19 13 30 15 15 20 19 15 17 26 21 31 36 17 27 18 18 9 27 12 18 17 21 29 29 24 13 30 24 32 24 21 36 35 33 28 16 27 33 16 19 19 
18 11 15 28 34 11 17 23 32 23 28 19 22 17 26 21 11 19 24 20 27 43 10 27 10 15 20 28 34 26 16 30 25 23 24 17 28 21 10 25 22 27 31 25 8 23 38 39 13 32 36 28 27 32 17 35 18 19 20 30 
24 25 27 30 36 30 25 30 24 20 35 18 19 23 38 34 21 19 15 31 28 31 12 11 18 16 22 23 31 30 29 32 27 27 27 18 24 24 15 27 17 20 31 29 1 38 28 25 16 23 16 22 9 27 17 20 39 11 16 15 
19 25 15 23 29 31 23 19 16 34 37 28 22 13 41 35 7 28 11 21 34 21 17 26 15 10 11 16 28 38 29 31 23 29 25 19 24 21 18 9 20 19 24 32 18 25 32 25 17 36 27 41 22 17 12 19 8 9 20 16 
10 30 20 10 24 24 19 32 16 28 27 32 16 11 28 28 18 20 27 8 19 22 13 18 16 26 8 27 31 15 33 13 20 23 33 15 20 11 18 19 35 19 12 21 16 28 21 23 23 36 45 28 27 31 15 14 20 12 23 22 
19 30 22 13 15 27 23 21 23 36 21 24 15 28 47 27 14 6 16 18 16 35 17 23 16 9 14 18 10 19 39 28 20 20 27 13 22 25 19 31 30 30 32 30 15 27 30 35 20 32 22 32 28 27 22 35 13 26 18 23 
18 43 18 17 31 26 26 28 28 23 20 36 16 28 30 21 13 16 18 17 16 11 20 22 16 25 20 26 19 21 34 23 21 20 22 13 30 8 21 21 20 24 16 22 13 24 13 36 16 35 26 39 23 35 28 18 35 22 25 23 
11 26 15 23 23 37 18 16 19 26 42 22 16 20 26 11 24 29 19 16 20 18 13 20 12 11 21 26 30 13 39 20 23 36 31 11 28 23 15 45 23 27 44 12 11 27 29 25 10 32 31 19 37 21 20 32 23 11 10 38 
8 29 26 19 17 25 13 18 31 21 22 9 17 27 26 21 26 22 15 12 6 23 17 15 6 17 16 25 41 27 37 29 31 15 20 22 23 16 17 28 14 37 31 14 13 21 23 36 22 36 31 25 23 27 18 26 31 19 16 22 
23 18 22 11 26 31 24 15 24 18 22 21 16 27 49 12 26 25 13 14 24 20 15 33 9 13 13 19 37 36 27 22 22 26 21 25 29 24 13 25 32 31 23 34 9 15 24 41 19 25 36 25 27 41 11 24 12 22 20 27 
18 24 14 22 28 27 26 37 29 23 35 40 23 26 31 16 18 27 22 13 18 26 15 17 19 9 15 29 29 39 31 46 38 28 34 16 38 24 7 30 25 31 34 25 15 28 20 35 21 26 32 38 25 25 31 24 17 17 24 17 
23 28 16 5 18 40 24 25 25 34 26 40 19 23 25 18 11 3 22 21 15 9 9 19 10 13 13 15 18 31 13 23 23 22 38 19 39 25 17 29 25 12 22 16 8 18 33 21 17 33 29 17 24 27 21 25 18 15 22 21 
22 33 14 17 21 44 15 29 34 24 36 25 10 16 33 24 16 28 13 17 15 21 12 20 15 10 15 19 19 34 38 21 21 23 30 12 27 41 19 30 27 26 35 19 17 33 29 26 20 27 30 18 21 38 20 44 18 19 15 21 
19 12 18 11 24 34 17 22 30 20 18 31 16 16 32 26 19 18 13 19 17 33 17 34 20 11 22 22 25 28 34 32 21 14 28 12 26 19 14 27 17 24 41 27 17 34 22 35 28 35 21 40 24 31 19 21 34 11 13 33 
13 17 24 17 19 32 10 30 23 30 27 23 6 20 37 24 18 29 11 18 24 21 10 19 11 16 20 19 25 19 39 38 29 25 39 19 20 12 15 41 17 18 22 31 18 20 22 28 31 39 31 30 13 16 17 32 23 13 22 27 
18 33 25 29 30 23 17 22 27 21 37 17 11 17 19 21 30 31 13 21 21 30 20 32 13 15 18 27 22 25 33 28 16 24 35 19 28 23 14 35 22 17 39 24 20 25 19 22 17 28 28 27 21 18 20 36 31 11 21 20 
11 31 31 25 26 37 16 20 17 23 30 25 29 21 19 22 12 33 19 18 17 21 19 20 13 21 13 26 25 36 20 25 21 32 21 14 31 17 13 24 12 25 22 19 10 33 29 27 30 18 31 28 26 20 10 32 19 12 13 21 
15 31 9 22 31 20 14 22 26 27 29 28 16 16 24 23 20 22 15 16 10 32 6 26 10 22 16 14 17 43 23 41 17 20 26 11 27 20 15 30 26 22 15 35 16 36 16 17 19 26 34 34 31 35 19 30 14 12 14 19 
20 20 18 27 18 23 19 14 28 18 28 27 21 27 32 21 15 17 19 15 21 24 12 16 28 18 21 23 38 27 36 32 22 31 25 19 27 24 17 30 17 34 15 28 14 31 29 19 20 24 20 34 25 17 9 18 24 24 32 26 
25 33 21 19 20 32 11 20 18 23 22 19 17 21 28 42 13 20 26 22 25 27 23 11 20 6 18 18 26 20 19 25 20 32 32 11 30 19 11 24 23 20 31 34 6 24 15 28 19 36 46 20 28 15 8 19 28 14 25 11 
16 15 15 15 33 12 19 18 17 20 30 23 13 17 39 17 21 26 19 13 22 37 14 32 7 14 17 22 27 17 26 24 20 31 18 17 31 24 15 5 25 23 27 15 11 25 31 21 30 29 21 20 20 13 21 28 24 17 28 37 
16 30 11 18 28 22 14 16 17 18 24 22 22 32 24 21 20 13 11 19 20 26 18 16 20 12 20 17 22 16 14 26 34 32 26 19 23 18 16 29 18 27 26 19 18 24 16 41 13 27 13 30 25 32 21 22 26 16 30 24 
11 35 23 20 14 11 24 23 23 18 18 47 24 25 32 13 9 25 21 5 7 29 10 17 19 16 13 21 24 23 33 27 24 21 26 20 12 21 8 24 29 27 10 21 6 32 24 31 18 21 31 20 23 36 29 14 37 23 19 17 
20 38 17 13 22 35 16 32 20 23 34 31 9 22 36 19 17 26 18 10 28 19 20 24 24 9 15 25 26 28 26 26 10 26 20 19 20 33 21 29 26 21 37 21 21 19 24 20 19 26 32 21 27 31 14 13 33 13 12 36 
11 26 22 23 42 31 24 17 24 19 39 23 13 11 31 19 22 25 15 22 31 28 18 27 16 17 20 20 26 35 47 24 26 29 29 23 19 16 12 38 29 25 29 23 3 23 26 33 11 32 25 27 25 22 20 15 20 24 12 21 
22 25 21 12 36 8 26 15 21 20 22 17 12 26 15 25 20 27 21 8 28 14 11 20 17 18 13 10 21 32 21 15 19 33 23 15 24 26 18 27 18 24 29 21 19 28 23 21 18 30 29 21 32 26 27 20 39 19 17 36 
18 30 18 16 27 31 17 10 19 26 38 29 20 28 30 15 15 18 16 20 23 24 13 36 11 9 13 17 37 17 20 13 34 37 18 16 16 24 8 21 21 24 31 19 17 21 29 21 31 33 52 35 32 18 16 27 18 25 25 15 
24 14 16 16 21 35 28 16 30 32 22 26 21 20 26 14 24 23 8 12 14 25 14 24 15 8 22 23 27 25 21 24 15 19 35 16 38 21 16 18 31 19 23 3 16 27 29 32 20 41 30 14 25 28 9 25 28 18 28 21 
12 30 25 24 31 35 20 19 31 23 21 30 19 10 19 12 13 23 13 24 20 36 14 30 23 12 18 16 21 33 33 29 32 21 32 16 15 16 20 49 22 21 47 24 17 24 19 32 12 20 21 16 38 16 10 18 19 17 24 21 
5 28 19 17 25 32 18 17 24 26 22 29 26 20 24 19 12 19 18 30 18 31 16 19 22 17 21 26 26 26 35 31 17 23 25 12 17 17 17 35 15 32 47 18 15 25 19 32 35 27 30 32 11 33 2 19 26 20 11 22 
20 28 17 19 34 22 20 21 16 24 29 18 17 26 35 27 22 19 15 26 12 18 21 22 16 17 22 17 19 28 22 27 25 20 31 15 31 25 14 29 28 23 34 18 21 28 22 24 14 28 49 8 34 25 22 19 38 26 36 16 
8 30 25 22 40 19 19 22 27 19 12 28 16 26 20 18 23 19 25 17 15 20 22 25 21 20 23 17 16 21 30 26 30 29 34 21 21 26 6 42 18 20 23 26 8 23 21 29 26 40 28 25 33 30 26 22 42 25 20 22 
10 19 10 26 30 40 21 20 25 23 36 25 14 27 19 13 15 10 14 20 9 24 14 34 16 9 24 20 31 25 25 26 33 18 29 13 28 32 16 18 21 26 19 34 12 38 23 28 26 24 22 33 35 17 22 23 17 14 29 18 
26 9 21 20 33 30 33 17 25 21 24 27 16 26 13 24 15 20 15 11 18 22 20 22 21 7 17 18 22 27 20 23 27 18 17 21 30 16 16 27 27 25 41 31 19 19 20 18 32 33 39 20 18 17 16 28 33 20 12 19 

MachineCapacities:
MachineID Capacity
0 10
1 10
