NumTasks NumMachines NumScenarios
15 3 30
TaskDetails:
TaskID ReleaseTime ResourceConsumption SuccessorsCount Successors...
0 0 8 4 3 2 4 7 
1 0 7 3 7 2 2 5 
2 0 2 8 3 1 7 
3 0 9 10 5 1 5 
4 0 5 9 5 0 
5 0 9 10 7 1 7 
6 0 6 3 9 0 
7 0 2 4 4 0 
8 0 7 7 10 3 12 13 14 
9 0 3 6 7 1 13 
10 0 9 3 8 1 14 
11 0 10 1 6 2 13 14 
12 0 4 6 6 0 
13 0 4 4 8 0 
14 0 5 7 6 0 

6 32 31 20 16 9 7 11 13 25 24 28 6 11 22 19 27 20 13 13 11 28 8 18 14 20 21 14 9 9 13 26 24 16 14 20 16 22 28 15 27 10 10 16 39 
6 26 23 18 26 19 8 19 16 30 44 15 13 29 15 18 10 18 7 10 20 16 14 28 25 16 17 12 12 11 23 23 14 21 11 5 13 9 30 22 22 8 16 17 43 
10 26 21 26 25 15 6 14 8 16 28 11 13 29 19 26 25 12 16 7 19 23 11 18 20 22 21 12 18 9 22 33 23 12 12 21 20 16 29 21 28 14 7 23 24 
13 17 23 21 13 14 7 21 8 24 28 27 11 21 20 23 32 23 7 17 18 17 13 16 17 26 13 14 13 17 14 21 23 32 10 16 20 11 24 9 19 13 13 19 36 
5 21 22 19 15 12 11 12 14 10 14 14 10 16 11 21 27 27 8 10 32 21 12 24 20 26 12 12 15 13 18 19 13 18 10 12 15 10 28 13 15 15 11 22 26 
11 19 26 25 16 17 16 13 9 19 22 26 11 17 20 18 23 29 16 13 14 26 15 16 24 21 19 12 14 16 18 26 28 32 11 19 16 9 25 20 15 14 15 17 32 
8 19 39 21 18 17 14 20 11 22 24 21 6 18 16 25 18 16 13 8 19 20 17 22 28 23 15 16 9 12 12 27 24 15 14 19 10 12 30 23 28 16 9 14 49 
10 14 26 18 25 14 10 10 13 6 26 25 15 15 21 16 21 22 12 18 20 23 15 24 29 26 21 13 18 17 14 24 16 17 5 18 23 24 24 22 16 11 10 18 24 
9 15 22 27 14 17 13 16 9 20 34 16 16 25 24 13 20 25 14 12 14 30 16 16 30 26 26 14 11 16 17 17 24 38 17 9 16 9 19 21 30 9 12 15 30 
11 21 27 21 28 26 12 20 15 18 26 40 8 14 18 20 26 15 17 12 17 36 19 13 24 24 25 12 8 8 17 25 6 17 9 11 24 16 24 18 23 9 4 19 37 
10 18 39 11 11 12 4 18 7 27 28 24 19 27 13 24 33 12 12 6 14 25 6 17 23 17 11 13 10 17 8 30 21 31 10 14 21 11 17 21 21 13 8 27 30 
6 20 28 28 19 19 10 14 18 32 25 22 9 24 16 4 6 16 11 13 17 18 15 15 19 31 22 15 15 7 11 12 19 16 6 16 16 13 17 17 17 12 12 24 30 
11 19 33 32 22 21 15 14 20 34 26 16 13 30 15 12 30 10 7 11 30 25 20 15 44 22 5 14 13 24 19 26 30 14 11 15 17 10 32 21 17 13 9 18 35 
10 15 24 22 16 15 17 22 15 25 7 25 7 25 9 18 19 19 7 9 19 22 15 23 20 14 13 12 14 12 10 30 23 15 7 19 18 13 20 13 27 12 14 18 37 
11 31 20 29 18 16 15 17 11 26 36 27 12 26 18 24 26 23 10 11 8 18 18 27 28 26 20 16 11 18 21 27 27 20 12 21 16 20 22 12 26 11 12 17 28 
11 25 21 23 20 16 13 18 7 24 14 25 12 21 16 13 23 13 14 9 18 35 9 16 26 8 13 9 15 14 19 27 20 18 14 15 16 16 30 9 18 13 16 22 32 
8 29 23 29 24 24 10 14 8 18 7 34 12 18 15 21 21 18 7 11 21 27 14 16 19 30 11 15 13 14 22 19 10 30 9 23 6 13 20 18 22 9 7 29 36 
15 31 29 28 14 21 13 14 12 19 34 28 14 20 11 12 15 16 14 15 26 29 15 14 29 20 12 18 15 16 15 25 26 23 13 15 19 11 21 17 22 14 9 15 31 
12 27 31 22 17 32 12 16 14 27 23 27 7 14 16 26 28 15 14 10 18 26 14 20 34 22 23 13 13 17 9 29 34 19 9 18 13 18 39 14 20 9 14 12 25 
11 28 27 21 19 15 13 14 15 18 11 42 11 16 19 18 19 17 13 16 25 14 11 21 20 14 19 14 12 11 22 31 23 16 14 16 20 8 28 19 16 9 14 27 31 
12 30 21 28 13 24 10 11 15 20 31 25 16 24 20 14 20 27 11 8 16 31 15 13 28 31 12 14 10 18 19 26 29 27 8 18 19 17 26 13 26 12 15 19 27 
12 28 23 30 26 28 7 13 14 21 21 28 7 29 19 14 27 17 8 11 36 29 10 16 9 25 8 12 13 10 18 16 25 18 10 21 13 13 31 16 26 12 14 14 46 
11 29 25 29 17 22 9 14 8 33 26 34 7 12 16 13 25 24 11 14 24 29 17 24 26 18 13 8 10 9 25 28 23 31 13 16 14 16 27 9 15 14 9 13 26 
8 18 19 30 15 17 9 23 10 23 17 17 9 24 15 24 10 11 12 14 27 15 14 16 23 15 21 10 8 17 21 20 16 17 12 24 12 16 27 13 17 16 7 23 20 
7 17 25 30 17 25 12 20 5 17 19 35 8 25 16 19 16 26 13 3 17 18 17 21 20 13 9 11 10 12 14 15 9 25 8 7 15 17 27 20 16 17 16 18 41 
12 26 15 18 24 22 14 13 16 33 21 25 4 29 17 18 25 14 8 9 23 8 15 18 30 12 19 15 11 16 11 29 27 18 9 15 17 5 18 37 13 10 10 25 41 
9 23 30 17 17 22 10 7 12 22 13 27 19 20 16 13 24 24 14 13 23 25 9 17 29 16 26 16 11 13 22 20 20 21 6 13 16 12 32 10 12 13 9 10 22 
9 26 17 27 16 37 15 19 10 21 16 33 13 14 16 14 14 22 12 14 26 25 11 28 19 12 15 10 12 15 30 30 30 17 9 13 13 15 27 13 20 14 11 21 22 
12 15 26 20 21 17 15 16 9 29 18 24 12 11 19 12 29 20 15 10 18 28 14 22 22 23 28 10 11 20 22 15 20 15 11 20 8 13 19 23 37 7 15 22 17 
13 29 34 27 19 25 14 8 11 25 36 33 8 33 18 19 18 22 15 15 29 16 13 17 21 25 21 10 10 12 19 22 28 26 12 15 13 12 16 13 23 12 9 18 28 

MachineCapacities:
MachineID Capacity
0 10
1 10
2 10
