NumTasks NumMachines NumScenarios
15 3 30
TaskDetails:
TaskID ReleaseTime ResourceConsumption SuccessorsCount Successors...
0 0 9 4 2 2 5 6 
1 0 6 8 5 0 
2 0 4 8 10 1 7 
3 0 5 9 8 1 7 
4 0 7 7 9 0 
5 0 2 2 5 0 
6 0 1 5 5 1 7 
7 0 8 9 2 0 
8 0 3 7 9 1 12 
9 0 5 1 3 0 
10 0 3 8 8 4 11 12 13 14 
11 0 2 2 4 0 
12 0 4 6 5 0 
13 0 7 4 6 0 
14 0 1 10 6 0 

15 12 14 28 33 28 12 24 21 30 15 11 12 19 24 31 19 20 14 27 9 17 11 16 28 23 24 14 20 28 10 17 6 10 15 29 22 17 29 20 16 19 25 33 35 
22 11 12 31 22 23 18 16 16 29 20 14 15 22 37 28 31 11 10 23 19 13 9 8 24 32 27 4 32 35 11 19 14 12 16 28 15 26 20 8 17 15 24 29 36 
24 14 14 25 33 42 15 20 11 35 27 12 17 22 25 28 25 18 16 19 14 19 10 9 42 22 16 9 24 23 6 19 8 16 9 23 2 30 17 17 18 19 18 28 25 
24 7 11 26 29 16 19 21 14 27 15 13 15 16 31 16 11 18 15 24 12 17 8 6 18 30 17 10 7 27 11 11 18 14 26 17 14 22 24 13 18 20 24 20 22 
17 11 14 28 36 33 10 24 19 25 34 15 18 16 28 19 30 19 16 20 18 20 13 13 27 26 42 7 27 28 14 17 13 10 34 12 22 32 22 11 11 13 31 37 15 
16 13 15 17 19 30 10 18 21 26 15 7 15 13 35 23 17 14 12 35 10 14 7 9 21 26 34 11 21 12 10 17 12 12 21 17 18 23 21 17 17 21 26 10 26 
22 12 14 35 23 30 14 22 29 30 12 18 20 21 19 27 12 10 13 14 16 17 15 10 37 8 22 15 19 28 15 13 13 20 20 27 17 29 15 18 8 16 24 19 22 
19 7 18 28 22 12 11 12 26 36 31 10 11 23 12 24 27 16 12 33 16 24 15 16 27 28 27 6 25 27 7 20 8 16 26 23 15 16 15 14 8 16 20 27 17 
18 10 11 25 25 34 14 13 16 32 20 13 15 19 20 35 19 9 5 28 17 24 13 11 14 35 28 6 23 20 14 19 10 19 20 19 18 27 15 23 7 21 15 31 17 
24 10 13 20 39 18 16 34 20 25 25 17 9 14 30 28 14 15 11 22 9 17 9 12 12 20 25 11 19 27 11 13 8 20 22 23 7 39 26 17 17 21 29 20 30 
20 7 15 23 28 21 19 24 22 29 28 14 14 19 14 19 11 9 6 25 10 17 11 11 31 22 39 11 20 28 14 13 12 4 43 26 20 19 8 14 8 17 18 24 19 
20 7 13 34 26 33 15 16 7 22 33 16 8 27 38 28 25 13 3 25 19 21 15 10 7 24 26 14 25 29 11 15 10 12 30 27 12 29 17 9 18 21 28 21 20 
15 7 11 22 18 35 17 20 19 32 27 12 16 15 25 32 35 15 9 28 17 16 6 11 21 18 27 9 23 11 12 18 11 19 23 23 17 21 18 8 15 15 28 24 12 
9 12 12 36 28 24 14 11 16 21 34 10 11 24 37 10 27 18 11 7 15 20 11 16 40 22 25 14 34 8 9 14 17 13 44 17 12 20 14 9 11 17 29 25 26 
21 14 12 21 35 34 17 23 24 22 29 11 13 17 29 24 31 20 9 17 14 24 13 13 33 25 26 12 16 33 12 21 16 16 30 19 16 28 20 19 9 13 30 28 24 
30 14 13 35 24 26 15 26 29 29 31 12 14 15 27 28 29 12 8 23 16 18 11 6 16 24 46 13 20 36 10 22 10 11 25 19 12 25 21 19 19 12 24 22 36 
21 13 14 16 26 49 16 28 25 26 28 15 20 26 45 33 35 7 8 26 18 24 13 11 10 36 28 9 9 26 11 11 6 18 35 29 14 16 17 17 12 17 31 40 12 
19 10 16 24 25 29 13 26 20 33 26 16 14 23 35 31 33 12 8 10 13 12 9 9 25 11 24 9 8 19 9 17 9 20 26 16 20 26 23 14 12 21 22 30 20 
19 9 13 33 22 17 14 13 11 32 22 10 14 13 34 21 15 17 2 27 8 15 9 16 21 29 28 18 30 29 9 13 8 14 7 27 15 28 20 20 17 12 29 33 21 
10 11 17 31 35 36 12 21 21 32 34 7 13 24 26 29 28 14 11 20 16 26 8 15 14 36 30 12 24 25 17 21 10 13 16 23 15 16 20 11 19 20 22 23 29 
27 13 12 28 8 44 10 31 20 28 35 10 14 29 36 12 27 18 8 29 10 15 12 10 14 12 16 10 26 25 13 22 8 16 23 28 19 15 20 9 13 8 23 36 19 
20 6 14 31 19 41 14 34 13 33 35 13 7 16 43 18 22 10 11 24 12 25 7 10 25 28 19 7 22 20 10 25 12 18 21 26 18 24 19 15 21 11 32 40 20 
19 8 15 33 29 14 23 21 24 21 32 16 11 18 25 26 18 11 9 13 11 15 13 12 33 37 20 11 22 20 9 14 13 10 25 27 15 13 20 15 9 19 35 21 20 
25 15 9 32 22 11 6 20 24 34 33 16 16 21 20 26 29 15 11 23 14 18 8 15 25 9 44 9 21 43 16 22 9 7 31 24 15 15 18 8 14 18 26 32 31 
22 14 14 31 30 16 8 21 17 23 17 12 17 22 31 18 19 16 12 19 17 23 11 13 32 16 13 10 27 18 15 27 14 16 30 11 15 18 26 15 12 10 17 38 21 
23 9 13 25 16 16 16 9 20 29 16 13 19 22 21 24 8 11 10 20 7 12 13 11 30 23 36 10 29 19 11 16 14 13 24 20 14 31 20 11 13 6 23 30 24 
24 2 16 22 14 21 15 21 19 31 21 22 12 29 26 17 34 19 7 14 12 4 8 11 33 21 36 13 25 29 10 15 18 17 28 32 11 24 16 14 16 13 23 29 19 
10 11 8 21 32 27 14 17 15 29 24 12 13 5 38 21 25 8 11 23 16 18 16 8 27 15 14 7 24 17 12 25 17 8 16 15 20 31 21 16 7 18 18 27 29 
21 14 12 31 21 21 14 17 12 33 31 13 13 17 21 35 27 5 11 23 14 13 15 11 27 15 17 14 23 28 10 2 9 18 27 8 19 28 15 19 17 6 32 18 28 
19 13 13 12 33 28 13 19 12 24 14 11 20 15 30 17 27 25 7 17 18 21 8 9 25 26 20 8 27 29 10 10 17 14 33 26 19 20 15 21 9 16 28 16 17 

MachineCapacities:
MachineID Capacity
0 10
1 10
2 10
