NumTasks NumMachines NumScenarios
15 3 30
TaskDetails:
TaskID ReleaseTime ResourceConsumption SuccessorsCount Successors...
0 0 8 9 6 2 5 6 
1 0 4 6 2 3 4 5 6 
2 0 10 9 4 3 4 6 7 
3 0 2 1 4 0 
4 0 5 2 6 1 8 
5 0 3 9 7 1 8 
6 0 9 7 6 0 
7 0 7 3 4 0 
8 0 6 1 3 0 
9 0 4 8 2 2 11 12 
10 0 7 7 7 0 
11 0 5 8 5 1 14 
12 0 1 1 7 0 
13 0 1 9 9 1 14 
14 0 9 1 9 0 

34 17 35 28 12 21 12 41 13 23 13 37 28 42 21 20 10 14 18 19 22 24 15 11 23 12 30 5 29 16 30 31 12 22 11 14 28 23 22 25 9 24 27 21 24 
18 19 35 13 9 13 31 18 17 30 9 32 14 15 12 13 7 14 18 20 28 27 18 15 22 12 31 14 22 12 35 27 19 40 18 14 31 11 25 27 16 32 14 11 30 
26 24 25 34 12 24 32 25 14 18 13 30 14 33 8 15 13 19 18 19 15 37 20 12 25 9 35 12 19 21 27 30 14 16 15 18 29 16 35 24 12 24 30 23 26 
21 25 27 19 17 14 30 30 12 16 8 23 20 22 7 10 9 11 21 11 27 19 12 9 22 11 36 15 21 18 10 22 20 24 17 20 33 25 38 30 13 24 20 15 16 
40 33 31 21 15 20 25 36 17 28 10 26 23 20 24 15 10 28 12 17 19 23 15 16 19 13 12 15 22 16 31 26 34 30 22 10 25 36 28 24 9 28 21 18 31 
23 17 19 22 12 16 30 23 16 29 5 31 22 21 14 11 7 14 16 15 43 26 19 9 24 10 24 10 19 18 39 23 18 28 18 19 20 25 41 34 13 23 5 14 31 
34 25 27 30 9 19 18 20 17 12 11 41 21 40 19 12 8 13 14 29 15 23 20 10 31 12 19 9 24 21 25 15 24 41 12 13 23 26 31 38 12 26 24 19 21 
35 25 21 19 13 28 22 30 12 12 7 30 9 19 19 13 15 15 23 25 28 27 27 10 20 16 31 6 21 20 32 23 24 26 14 23 40 26 20 41 14 30 20 18 17 
29 17 31 14 9 25 20 17 21 24 18 14 17 27 7 17 11 16 15 15 21 15 15 12 27 2 26 16 25 24 29 42 21 28 13 16 17 25 19 30 14 11 27 21 22 
25 11 29 25 9 16 19 32 10 19 8 31 12 52 20 21 10 19 13 18 22 24 17 9 26 12 33 7 14 18 21 26 17 11 12 15 26 16 37 29 10 22 16 16 32 
14 12 21 21 15 14 25 29 17 5 8 26 11 44 28 8 6 16 17 14 28 36 21 10 32 11 40 12 8 15 27 24 24 17 5 22 23 29 34 31 9 15 27 18 25 
30 14 20 34 11 18 17 35 18 19 16 24 12 33 23 16 12 11 19 14 9 31 13 8 29 10 42 11 13 32 27 8 10 35 16 7 25 29 24 24 7 33 24 13 30 
25 27 19 34 16 15 38 38 19 19 9 28 11 32 20 9 9 14 17 23 10 27 16 6 22 12 18 8 18 26 28 26 18 24 10 19 32 21 29 31 6 36 24 15 28 
31 13 28 29 13 28 31 32 15 27 11 33 19 41 14 10 12 13 17 16 18 19 12 12 22 15 28 6 7 20 33 24 16 32 11 20 28 20 30 25 11 19 23 16 21 
32 37 19 32 9 21 25 31 14 21 17 38 8 39 12 12 8 19 16 24 22 13 13 15 28 8 24 6 22 26 25 30 21 32 18 16 37 26 20 23 14 17 18 15 18 
21 13 43 27 13 31 30 33 16 18 11 25 17 40 20 19 7 17 18 16 19 19 13 8 30 10 4 11 30 12 26 17 11 11 12 18 22 27 22 37 18 23 20 20 21 
31 41 17 23 19 21 28 43 15 25 14 22 18 46 17 12 8 10 16 12 21 26 17 7 12 12 23 17 22 28 41 13 13 39 12 19 31 17 26 15 9 29 9 12 23 
23 23 25 36 9 20 25 34 22 21 13 25 20 40 19 17 7 14 15 13 14 26 15 14 24 7 36 5 24 29 21 31 24 19 13 11 30 37 39 37 10 28 30 14 26 
24 31 17 28 10 34 14 24 19 25 16 39 21 16 18 18 11 14 18 10 17 41 15 12 25 12 45 8 15 30 25 19 19 31 12 15 34 18 47 29 9 48 17 14 22 
28 16 25 24 8 20 20 34 13 18 10 19 17 36 14 16 12 19 10 25 24 12 19 12 22 14 33 6 12 9 30 29 22 30 19 17 19 19 19 25 10 14 23 14 26 
21 24 24 6 12 25 25 36 9 16 7 30 16 19 15 13 10 11 15 19 13 26 11 9 15 13 26 10 30 30 39 27 28 30 12 22 15 27 46 36 10 20 16 19 28 
19 27 23 26 13 34 31 48 12 33 14 26 22 27 10 21 11 14 18 18 25 30 11 7 25 9 32 10 19 26 17 28 15 33 12 21 13 23 28 16 14 33 9 14 29 
26 23 20 33 14 21 26 41 14 14 7 19 12 28 17 17 8 16 17 15 31 14 18 14 34 10 42 13 8 21 43 29 22 32 18 21 35 24 26 24 16 29 15 12 23 
23 18 22 28 6 27 19 42 18 18 13 26 17 46 10 17 11 18 8 18 17 24 14 9 37 14 32 12 20 19 27 20 16 28 12 6 34 19 31 31 10 34 27 16 33 
25 30 28 29 13 19 22 18 16 27 14 39 21 24 16 17 9 18 16 18 24 27 25 17 26 6 38 13 28 22 18 19 24 40 7 9 31 29 20 30 7 28 31 16 26 
38 25 22 12 9 10 21 41 5 22 11 34 14 15 14 17 11 12 9 22 15 18 14 11 31 12 25 8 17 21 33 16 17 20 20 15 26 11 32 50 17 29 24 19 13 
40 35 33 32 12 31 32 21 17 18 11 26 16 15 15 20 7 16 17 23 19 24 20 10 35 12 30 10 16 27 14 9 18 20 9 16 30 36 37 25 15 32 23 14 13 
34 22 18 28 18 38 30 25 19 16 8 28 19 36 19 15 9 7 17 28 20 22 13 8 26 12 37 12 19 20 16 29 18 34 19 18 30 31 21 42 15 35 33 11 21 
25 26 22 21 8 20 16 30 10 13 11 19 16 9 25 15 8 14 13 9 16 23 10 14 18 14 34 11 20 24 12 27 12 25 18 20 21 27 41 14 9 23 19 17 23 
23 28 24 26 10 20 29 15 20 28 7 30 10 18 10 19 12 13 11 10 20 20 15 8 28 16 29 7 17 17 21 33 23 25 17 14 23 8 37 45 17 22 9 15 26 

MachineCapacities:
MachineID Capacity
0 10
1 10
2 10
