NumTasks NumMachines NumScenarios
15 3 30
TaskDetails:
TaskID ReleaseTime ResourceConsumption SuccessorsCount Successors...
0 0 2 3 2 1 6 
1 0 5 8 4 0 
2 0 2 8 5 1 6 
3 0 5 4 10 1 6 
4 0 6 9 9 0 
5 0 6 5 4 0 
6 0 5 6 5 1 7 
7 0 10 3 9 0 
8 0 3 9 9 1 13 
9 0 3 5 5 1 14 
10 0 2 9 3 3 12 13 14 
11 0 7 8 7 1 12 
12 0 7 4 5 0 
13 0 9 2 6 0 
14 0 5 2 4 0 

15 19 26 11 23 22 13 23 19 34 15 8 17 18 11 18 13 12 18 19 35 12 16 19 21 32 36 17 30 24 26 20 21 26 44 12 27 15 32 15 34 17 15 25 17 
11 23 23 13 20 17 12 35 28 19 22 7 11 14 14 35 16 10 12 19 28 21 26 31 13 10 53 16 23 40 16 27 15 23 29 21 21 16 26 19 29 15 17 19 32 
16 27 35 13 22 16 12 36 16 37 10 10 13 22 15 28 13 15 9 18 17 21 20 26 30 18 14 13 21 19 35 26 9 19 28 20 28 20 19 17 28 14 28 21 27 
12 8 36 13 28 12 15 25 38 30 19 18 11 13 10 15 18 12 20 22 23 27 25 20 23 40 19 15 21 21 18 23 16 36 28 17 25 17 16 19 19 15 15 34 31 
8 23 18 18 16 16 20 46 20 27 18 12 13 19 8 31 17 12 19 24 18 18 14 22 19 24 34 15 23 16 33 23 14 17 12 27 28 15 34 37 17 12 14 5 18 
12 27 21 13 23 23 18 32 15 31 16 9 17 16 14 32 13 12 16 32 32 27 10 21 18 51 40 11 27 20 25 17 24 33 43 28 31 14 28 31 32 8 20 16 27 
11 27 29 7 23 16 19 22 35 29 18 14 17 17 7 25 13 13 13 18 18 20 25 27 34 29 26 16 27 23 26 20 13 31 33 22 20 14 10 18 25 9 26 26 22 
14 13 28 13 18 15 27 38 22 17 16 16 5 15 7 34 22 14 17 22 38 27 29 34 20 37 48 24 37 32 17 17 20 35 38 14 23 5 28 31 15 12 10 15 41 
17 21 5 8 24 18 17 39 33 31 10 8 24 17 16 30 20 13 22 21 5 28 17 17 20 14 48 19 14 16 25 19 13 31 28 11 17 22 33 17 22 16 19 11 20 
14 12 27 14 20 14 18 24 18 20 12 12 21 16 6 29 25 8 9 15 24 15 22 25 17 41 32 13 5 27 19 22 17 22 26 16 20 22 27 30 27 15 23 18 32 
12 21 14 7 23 19 19 41 18 26 14 11 14 21 12 30 18 14 17 26 33 17 19 28 36 35 32 14 13 20 14 10 9 18 34 33 17 13 21 25 43 17 14 15 36 
9 11 8 12 16 13 17 27 20 24 17 9 20 21 9 35 20 16 12 22 25 30 27 28 24 17 42 15 13 26 22 18 16 39 36 23 34 21 16 27 23 23 10 25 33 
16 20 26 8 14 18 24 29 27 26 24 9 17 16 13 19 9 13 18 20 18 27 23 15 36 24 40 21 17 18 25 25 16 45 30 18 27 19 24 21 24 23 17 16 37 
19 12 22 18 15 15 21 43 20 38 15 11 11 16 16 35 11 14 21 21 16 25 18 32 26 31 28 20 28 14 24 20 17 35 20 10 22 9 22 18 24 10 15 14 32 
15 30 27 11 16 12 11 33 15 28 21 15 16 23 15 24 23 19 17 25 15 18 33 27 9 22 27 14 19 9 25 16 19 21 24 26 27 18 26 18 35 16 18 18 35 
19 31 24 9 17 16 16 31 35 26 16 17 18 12 12 26 18 10 21 16 22 31 20 36 21 39 39 12 39 24 12 21 23 34 21 30 24 17 20 29 11 12 19 18 14 
8 31 27 13 28 19 20 22 11 32 16 10 19 18 8 24 26 14 21 28 10 33 22 29 19 33 29 11 22 21 16 15 18 33 26 22 22 17 28 31 31 11 26 15 27 
15 14 11 15 20 14 22 14 20 28 18 4 18 10 15 28 26 11 18 21 27 24 7 17 26 27 30 20 42 26 28 18 23 39 37 19 45 17 15 16 18 8 18 20 35 
14 12 19 6 27 9 19 18 23 29 18 10 17 10 14 20 12 17 18 26 19 15 21 30 10 20 32 16 22 20 16 30 17 18 25 29 26 25 27 35 22 10 17 23 21 
13 21 21 9 23 15 13 49 12 29 17 14 15 17 10 27 16 14 14 8 19 20 18 34 19 33 19 31 13 26 32 26 16 25 30 30 38 19 31 20 21 20 24 35 21 
12 23 21 12 15 17 17 25 20 36 18 14 4 22 15 14 17 11 21 27 14 22 19 26 17 11 37 16 33 23 25 17 7 33 35 19 24 16 26 22 19 18 26 16 34 
14 29 19 11 25 20 26 26 13 14 26 15 8 19 13 32 20 14 14 14 17 24 17 20 24 26 33 16 29 22 34 29 22 34 41 30 36 27 42 32 25 12 11 29 27 
10 12 20 8 20 19 20 44 43 46 18 7 13 16 10 16 14 14 9 22 24 24 39 36 10 19 22 22 24 13 27 19 16 35 28 19 31 22 25 18 30 12 19 22 27 
13 16 26 7 16 15 15 33 32 27 16 8 5 19 16 27 14 13 17 13 32 22 24 28 20 34 34 19 34 16 28 20 20 32 16 22 22 22 28 23 25 15 18 19 15 
11 7 18 10 24 16 21 28 35 39 19 8 16 13 13 36 11 9 14 26 28 24 13 36 17 29 31 9 40 37 32 17 14 37 29 19 24 22 19 20 26 12 19 11 20 
10 23 16 13 14 18 15 6 17 32 19 7 7 15 14 28 17 11 16 24 19 21 15 15 26 22 40 4 33 25 21 23 21 40 39 22 25 15 24 35 36 16 18 11 25 
13 27 23 8 17 14 5 29 24 35 17 11 6 11 13 32 19 10 8 27 32 31 17 26 29 37 38 20 35 22 33 17 20 51 45 26 25 25 20 16 23 11 22 30 25 
12 25 18 13 18 18 21 28 13 25 14 17 15 16 13 6 20 10 17 30 30 9 19 19 24 18 22 19 27 19 21 14 13 22 35 16 26 12 38 24 35 16 14 20 33 
19 18 31 8 20 13 22 31 35 20 19 14 18 22 18 26 17 13 14 24 31 20 4 41 21 30 22 18 31 22 29 15 17 27 18 18 17 15 23 21 29 12 26 19 30 
14 21 36 12 15 28 20 18 12 34 22 10 18 18 13 29 14 16 14 24 28 32 15 36 19 23 21 17 15 16 25 28 25 32 28 14 28 18 29 27 33 25 16 10 17 

MachineCapacities:
MachineID Capacity
0 10
1 10
2 10
