NumTasks NumMachines NumScenarios
15 3 30
TaskDetails:
TaskID ReleaseTime ResourceConsumption SuccessorsCount Successors...
0 0 7 8 5 2 3 7 
1 0 9 10 9 1 5 
2 0 4 2 3 2 3 7 
3 0 4 5 6 0 
4 0 9 6 8 0 
5 0 1 10 3 1 7 
6 0 1 5 3 0 
7 0 10 6 7 0 
8 0 1 9 8 2 10 13 
9 0 9 10 10 1 13 
10 0 5 3 2 2 12 14 
11 0 4 7 8 0 
12 0 1 1 5 0 
13 0 7 2 2 0 
14 0 5 7 4 0 

31 14 17 19 21 25 18 17 15 19 9 31 29 29 12 16 12 26 14 17 30 13 10 35 9 42 16 16 12 16 9 17 15 18 27 12 19 20 36 13 37 25 26 20 36 
43 32 12 10 21 27 13 10 17 17 7 28 23 25 18 41 9 19 10 24 21 26 22 27 11 17 20 9 15 16 9 23 33 29 15 10 13 20 27 14 40 20 31 23 39 
13 31 21 20 27 37 19 17 11 16 7 39 22 20 16 29 5 24 10 19 14 20 14 32 15 38 29 9 18 14 13 16 27 25 21 11 20 22 25 20 20 13 35 20 22 
29 24 17 12 21 14 9 16 19 20 11 24 14 23 23 29 16 24 11 17 32 20 17 32 13 24 19 15 19 14 10 28 24 19 30 13 14 41 31 18 34 25 24 15 22 
34 30 12 18 35 21 23 6 28 23 12 26 24 10 28 32 9 18 9 17 25 29 17 26 6 20 28 15 13 13 12 15 35 23 30 12 16 24 23 16 36 21 28 13 25 
21 14 21 16 18 29 18 15 12 13 8 29 25 32 16 33 12 19 14 28 18 20 12 32 16 25 21 12 20 18 11 14 22 21 22 14 23 27 23 14 14 15 28 13 40 
22 40 12 16 21 22 18 17 27 13 9 27 28 29 21 30 16 24 9 21 29 24 19 44 8 15 23 11 16 8 12 26 21 35 19 16 8 20 21 22 27 27 15 16 26 
25 32 15 18 15 20 14 21 25 20 6 32 22 35 27 38 6 29 14 16 13 15 26 29 13 16 33 12 13 13 10 23 22 18 20 17 14 15 14 19 29 22 34 9 27 
36 24 13 15 31 28 11 16 24 17 6 26 5 26 30 33 10 30 9 24 38 17 18 32 9 32 16 14 25 14 10 23 25 25 19 5 15 15 18 19 34 27 28 14 35 
21 21 15 18 15 19 17 18 16 12 15 28 27 24 1 40 13 19 9 23 23 32 12 23 14 32 18 14 15 14 10 29 23 25 29 12 13 21 13 9 26 25 16 12 21 
32 30 17 15 22 28 13 12 25 20 12 13 17 31 29 25 11 19 16 38 8 23 20 22 8 9 23 7 18 12 13 9 20 14 15 12 18 25 17 18 14 27 22 19 27 
31 25 15 18 9 20 20 18 26 12 13 23 27 26 28 27 12 21 12 18 21 17 16 37 10 22 21 12 19 8 10 28 27 22 24 15 16 19 20 10 21 36 27 12 15 
23 37 21 10 30 24 18 14 13 18 5 17 21 22 20 27 16 25 10 27 13 28 15 40 12 23 20 17 16 15 11 21 34 17 9 18 19 24 19 17 28 26 23 14 23 
25 28 9 19 32 9 10 19 23 16 11 32 21 19 19 39 17 10 9 26 31 27 13 27 5 27 28 12 10 10 15 20 27 35 8 15 20 14 40 18 26 18 27 13 33 
28 28 18 14 30 31 8 9 18 25 10 36 17 37 22 15 17 24 9 16 28 34 17 42 10 27 19 16 17 15 8 27 27 13 13 12 12 13 19 19 22 29 42 20 39 
30 27 6 10 34 39 14 15 25 16 7 17 25 23 23 22 15 28 6 22 29 26 15 31 8 27 32 10 13 13 15 24 27 24 17 19 19 30 11 12 44 12 21 12 19 
31 32 13 11 32 31 15 10 23 12 9 25 29 26 28 32 15 35 9 18 24 18 25 32 11 32 28 13 15 7 12 21 22 33 26 16 9 19 30 12 23 18 29 12 26 
23 28 18 11 27 23 28 20 20 19 15 41 17 11 23 36 13 29 8 37 27 21 11 32 9 33 16 10 15 13 5 23 29 25 23 15 15 16 14 10 32 28 42 14 25 
30 35 11 18 15 9 13 11 19 13 13 28 14 26 25 21 10 13 10 22 14 14 23 37 11 31 22 12 12 16 10 23 29 18 13 12 13 17 12 16 33 19 25 19 32 
16 27 17 22 26 22 10 13 12 15 3 39 22 27 29 26 11 21 13 9 25 24 18 16 10 27 25 8 12 10 8 26 31 16 29 12 16 26 23 18 18 25 32 12 25 
32 25 14 13 28 22 21 9 14 12 7 22 18 29 33 33 14 24 7 14 25 22 15 51 9 39 22 12 13 9 8 29 27 20 23 11 20 8 28 11 21 27 40 10 37 
21 27 13 13 11 20 8 12 16 13 9 29 30 26 19 22 10 16 15 30 23 25 18 44 14 29 12 17 13 14 16 23 16 19 18 15 19 29 19 19 25 25 25 14 33 
31 29 16 14 17 36 9 18 26 14 9 12 17 13 23 22 7 22 11 23 28 19 15 43 11 20 18 9 10 14 12 19 20 26 23 11 15 24 29 20 38 29 17 16 39 
38 26 13 11 20 28 14 13 21 18 8 36 25 29 14 27 15 20 7 36 18 23 20 21 8 18 21 15 13 13 8 14 30 16 20 12 12 24 22 18 30 30 30 17 24 
31 36 12 18 21 31 14 11 11 20 10 23 8 15 19 31 12 34 10 12 26 10 15 26 13 23 16 10 10 13 8 18 23 18 19 18 16 19 9 24 33 27 27 15 30 
26 20 23 20 19 30 18 16 21 20 8 26 23 28 17 23 18 33 10 14 16 24 21 16 11 21 26 10 16 14 16 24 22 14 18 16 21 18 15 29 26 34 35 14 13 
36 27 19 23 25 27 16 13 20 13 12 32 25 30 23 28 10 20 18 12 26 24 17 15 13 8 23 9 17 20 12 21 15 22 19 15 12 18 25 19 25 17 25 21 26 
52 38 16 16 28 25 23 13 17 15 11 34 28 21 23 22 11 19 7 21 26 14 16 36 13 10 11 8 16 15 10 18 17 11 18 13 23 22 21 13 24 20 20 10 30 
18 39 21 15 26 19 13 12 25 23 6 33 21 19 22 19 8 14 14 18 17 23 21 41 10 23 28 13 18 11 11 20 27 14 27 17 6 18 18 19 28 21 20 8 37 
30 30 15 21 32 38 16 18 21 13 7 28 18 10 16 43 14 16 12 6 34 22 15 31 13 32 24 9 16 11 12 12 23 22 25 12 20 13 9 20 33 22 15 12 38 

MachineCapacities:
MachineID Capacity
0 10
1 10
2 10
