NumTasks NumMachines NumScenarios
15 3 30
TaskDetails:
TaskID ReleaseTime ResourceConsumption SuccessorsCount Successors...
0 0 1 1 4 1 6 
1 0 9 9 6 2 4 5 
2 0 9 1 8 1 6 
3 0 5 7 1 0 
4 0 9 2 7 0 
5 0 4 7 3 2 6 7 
6 0 7 7 4 0 
7 0 5 3 10 0 
8 0 5 4 1 2 9 13 
9 0 5 2 3 2 11 12 
10 0 5 5 8 0 
11 0 4 2 8 0 
12 0 4 8 9 0 
13 0 3 10 9 0 
14 0 2 8 2 0 

14 22 29 9 20 14 26 11 16 31 18 24 15 14 17 7 24 7 12 17 9 25 21 16 15 42 14 42 28 13 7 48 13 33 17 11 8 13 14 15 13 15 17 10 12 
21 11 11 24 14 9 28 12 19 14 19 59 14 13 16 12 24 22 14 16 22 14 9 6 15 32 17 22 20 12 9 31 12 40 11 11 9 13 8 11 17 12 28 13 18 
18 13 28 11 15 14 36 14 14 7 36 29 17 8 15 6 45 14 14 16 21 13 8 13 17 36 11 27 27 13 10 27 9 24 10 9 13 7 18 35 15 12 39 16 12 
17 26 22 16 25 6 28 17 18 18 28 29 14 11 15 6 25 15 16 20 12 14 12 16 18 42 20 24 21 16 19 33 14 31 14 6 14 18 13 16 8 11 33 9 17 
25 15 29 11 17 19 30 16 9 18 20 33 19 11 13 13 23 8 13 21 22 21 12 12 11 26 21 28 18 10 13 20 11 33 13 9 13 14 13 13 15 15 31 15 22 
20 12 39 14 10 14 21 15 23 21 28 32 17 12 19 15 31 20 18 21 14 13 15 18 13 26 18 19 31 18 8 33 8 17 20 11 12 6 19 9 6 7 23 13 7 
25 15 6 19 9 11 34 16 10 26 31 28 14 6 9 22 18 11 18 15 11 18 17 14 17 26 7 22 17 13 6 27 9 37 22 13 10 20 17 17 11 10 40 15 13 
23 27 10 16 9 14 25 7 7 23 29 23 10 11 8 9 33 21 18 15 26 22 16 14 16 34 15 8 24 13 11 34 9 44 19 4 15 6 20 13 13 11 24 9 14 
17 22 31 18 25 16 24 9 15 17 30 36 12 8 14 15 25 16 13 17 19 26 14 18 13 22 25 11 27 1 9 35 6 39 24 11 11 13 13 10 13 17 24 14 25 
15 32 48 21 20 11 20 9 15 26 25 30 11 8 8 19 32 12 14 13 12 25 14 20 16 30 14 35 10 14 13 18 16 35 21 15 14 17 15 20 9 13 21 13 18 
19 13 28 17 16 19 21 20 21 24 25 28 13 15 14 17 21 15 14 16 18 24 19 12 15 26 15 31 20 13 14 34 12 21 23 11 10 17 17 17 14 16 17 12 19 
23 29 30 20 16 18 14 20 10 23 43 30 15 6 18 12 26 14 21 16 30 21 13 18 13 33 13 23 22 13 10 21 16 19 16 10 11 15 9 19 7 10 25 14 17 
21 23 41 18 20 13 25 15 27 21 24 37 10 12 12 14 44 20 20 13 22 23 22 12 9 37 12 20 25 14 14 23 10 42 22 4 12 12 21 11 7 12 32 13 19 
10 19 35 13 24 14 21 13 15 24 25 32 11 16 14 13 29 12 19 19 16 13 22 13 12 36 13 24 18 12 10 28 11 28 21 8 11 17 10 15 15 21 38 14 16 
25 26 34 14 12 4 16 15 16 25 27 22 13 10 12 9 16 12 14 21 20 20 13 12 13 23 19 41 10 7 11 32 16 20 13 15 14 14 18 21 17 11 49 10 24 
12 21 31 21 12 12 23 8 23 41 19 25 14 13 14 19 28 18 14 18 14 19 16 14 16 35 14 25 19 17 15 17 15 29 16 7 15 17 15 19 11 12 27 14 16 
16 23 27 22 13 14 26 10 7 14 21 38 12 10 14 8 24 11 14 9 10 20 19 7 18 38 23 36 16 18 13 39 12 28 16 13 11 12 23 12 7 9 16 5 19 
14 18 22 24 21 16 5 19 18 29 31 22 14 9 8 24 20 17 21 16 10 18 15 17 16 32 18 28 15 14 7 26 9 27 23 4 11 16 14 12 13 10 25 14 15 
21 27 41 17 11 14 14 9 15 26 27 28 15 11 9 16 36 11 14 12 16 21 17 11 21 24 9 23 27 15 9 24 13 11 9 11 15 10 15 12 8 13 19 13 14 
25 29 36 18 19 14 28 11 15 27 29 15 15 11 11 15 36 14 13 19 9 28 18 15 13 22 12 23 16 13 10 40 9 26 12 8 10 15 21 13 15 11 34 13 12 
25 26 40 17 18 23 35 6 15 22 27 25 6 9 17 14 13 23 13 18 10 24 19 9 8 29 14 31 12 10 17 27 15 19 17 8 17 15 12 13 11 10 33 12 14 
25 28 33 17 11 15 19 16 8 18 19 35 14 7 19 10 29 10 13 20 19 13 14 12 19 44 21 14 19 14 12 32 13 30 18 9 11 6 11 17 11 12 19 11 15 
4 29 32 10 14 19 29 15 15 30 16 36 18 11 11 18 9 7 24 15 11 23 14 11 14 28 12 36 20 11 9 23 13 14 14 4 13 10 21 20 4 10 35 16 18 
16 31 25 13 18 14 27 12 19 23 31 26 14 12 12 10 26 17 15 18 17 12 11 12 9 22 13 34 31 13 10 28 11 22 33 7 12 14 15 20 11 16 23 14 22 
12 28 39 22 8 16 25 14 15 38 22 35 5 9 13 11 32 20 19 14 18 14 20 19 14 24 12 32 19 15 7 41 14 26 9 11 11 17 15 16 11 7 27 18 16 
9 17 13 15 22 13 34 9 14 37 22 11 10 13 15 24 37 14 16 17 17 23 22 20 20 16 19 34 28 10 9 23 18 22 25 8 13 13 8 25 10 10 29 11 22 
18 18 27 19 10 22 22 7 8 21 14 31 12 6 11 14 25 8 14 12 16 17 16 14 13 35 3 36 24 15 14 15 11 27 20 4 11 20 18 18 11 10 23 12 15 
31 22 30 10 18 16 18 14 16 25 32 17 16 6 15 14 32 7 16 10 15 25 17 13 15 39 20 37 13 16 16 20 14 41 16 9 14 15 13 22 13 6 23 13 15 
21 28 22 12 19 18 27 17 19 12 16 24 12 10 13 12 32 10 18 14 13 10 11 10 16 22 15 46 24 18 11 22 14 42 23 18 16 17 15 21 21 13 30 9 8 
31 18 29 16 22 7 16 14 16 30 37 32 19 17 13 14 29 19 16 14 11 15 13 17 18 21 20 15 23 10 12 24 11 27 20 13 7 9 16 10 8 7 35 13 16 

MachineCapacities:
MachineID Capacity
0 10
1 10
2 10
