NumTasks NumMachines NumScenarios
25 3 50
TaskDetails:
TaskID ReleaseTime ResourceConsumption SuccessorsCount Successors...
0 0 4 2 8 5 8 9 10 11 13 
1 0 3 2 5 4 7 9 13 14 
2 0 4 5 8 5 3 7 8 10 11 
3 0 2 8 2 3 9 14 15 
4 0 4 8 6 3 9 11 15 
5 0 4 4 10 3 9 11 13 
6 0 5 6 6 2 14 15 
7 0 1 1 2 0 
8 0 2 7 6 1 15 
9 0 4 7 9 1 12 
10 0 1 4 2 1 14 
11 0 2 8 2 1 12 
12 0 2 8 5 0 
13 0 1 8 5 0 
14 0 2 2 6 0 
15 0 6 4 4 0 
16 0 7 3 4 1 20 
17 0 2 7 10 2 20 24 
18 0 2 8 6 2 23 24 
19 0 7 10 7 2 21 22 
20 0 4 7 3 1 23 
21 0 4 10 5 1 23 
22 0 2 8 6 1 23 
23 0 3 4 6 0 
24 0 10 7 4 0 

29 26 19 15 18 26 14 17 13 18 30 31 36 25 17 13 27 10 32 15 15 21 21 14 21 12 14 24 32 8 28 24 14 18 13 25 27 19 35 21 15 28 22 11 8 20 15 24 13 14 20 34 26 27 25 25 10 37 19 10 18 11 46 28 8 13 22 32 27 36 8 32 27 18 16 
21 20 2 16 23 28 16 22 11 21 30 37 22 17 12 13 24 13 23 12 19 23 27 11 25 24 29 16 25 12 20 33 16 19 18 10 20 15 20 17 20 17 25 28 11 29 36 20 12 29 17 25 16 22 25 20 10 11 19 15 14 11 26 20 7 16 18 23 22 12 31 38 23 17 10 
20 18 12 27 12 38 19 11 10 26 19 33 24 21 12 8 10 26 37 17 12 19 27 9 29 33 28 8 19 20 21 32 16 24 10 21 33 20 16 21 17 28 17 11 8 23 28 29 11 20 22 13 18 20 29 9 21 19 26 11 17 13 27 17 11 28 8 40 33 12 33 34 17 10 7 
31 10 12 25 24 47 21 19 14 16 22 34 32 26 15 16 16 27 29 12 12 21 32 9 17 13 14 13 53 15 17 29 18 23 10 26 21 25 34 26 9 28 29 20 11 24 39 19 16 18 19 39 20 24 21 33 8 28 36 32 12 13 24 29 9 27 17 26 25 35 35 41 17 21 12 
33 23 6 17 14 27 19 19 11 18 23 26 21 42 11 9 29 32 16 12 11 9 27 11 21 25 28 16 25 11 21 31 18 18 13 10 10 27 26 18 16 31 36 29 8 23 34 19 11 18 19 19 28 37 30 32 17 33 21 18 21 3 12 13 13 28 13 31 33 35 31 25 23 15 10 
24 16 15 23 20 19 14 24 6 28 31 33 27 31 11 15 29 16 23 18 25 15 33 9 22 24 16 26 34 16 22 22 27 23 17 19 25 18 25 25 23 39 12 20 6 29 32 23 12 28 14 48 21 23 32 21 20 29 28 23 15 11 32 15 10 14 13 41 50 39 29 34 23 22 8 
33 19 10 24 19 37 16 37 13 10 23 33 29 23 15 7 21 17 31 17 21 16 27 11 35 28 24 19 22 9 20 36 19 12 17 12 22 26 44 23 13 23 33 8 7 17 26 26 12 23 12 18 13 25 26 26 20 19 25 22 26 11 26 10 5 10 23 25 40 26 40 27 21 9 10 
25 26 15 20 29 13 23 25 15 14 14 27 46 22 13 12 33 16 30 16 17 23 24 11 16 20 31 15 34 11 28 22 20 14 19 22 14 21 43 25 19 25 19 9 9 15 45 18 11 29 16 45 22 16 23 10 5 26 23 22 12 14 13 14 11 20 6 27 39 20 15 29 25 17 13 
30 16 10 19 21 23 26 23 13 26 19 22 37 27 9 14 27 20 49 19 22 17 17 6 19 27 24 14 28 11 26 30 34 16 23 18 12 28 23 23 17 13 29 3 8 23 31 22 13 30 23 33 18 26 26 22 20 31 33 15 10 14 25 26 11 15 17 26 38 21 30 29 23 17 11 
13 30 14 33 23 31 17 29 12 27 18 32 28 28 8 11 32 17 24 17 18 16 24 14 22 28 25 5 14 9 16 23 23 19 12 19 23 21 27 14 9 33 21 13 6 14 33 30 12 12 20 25 10 34 27 22 13 30 30 21 12 16 24 13 4 15 25 29 27 27 28 7 20 18 9 
35 18 8 20 25 28 17 30 13 19 21 28 22 20 10 7 23 16 28 13 20 24 26 13 15 30 8 24 33 13 24 13 14 15 9 12 27 22 24 29 20 14 27 22 11 20 37 21 16 22 4 32 18 26 29 15 12 23 20 17 19 7 28 39 11 24 17 32 25 25 14 34 24 21 7 
26 9 13 30 20 44 13 12 9 14 26 24 20 31 9 13 25 24 19 16 14 12 19 12 18 26 23 10 22 13 23 23 22 29 11 26 15 31 33 15 9 36 25 29 9 10 35 19 10 30 11 39 30 29 14 35 22 32 27 15 23 15 19 29 7 24 17 23 16 26 45 19 17 15 14 
39 19 10 27 25 29 30 31 10 14 27 14 29 30 10 10 23 25 38 21 17 8 31 17 19 24 31 21 14 13 23 44 31 19 18 22 23 22 26 18 17 24 22 31 8 25 35 21 12 18 17 26 27 23 21 34 14 31 20 16 14 11 25 23 11 13 13 26 24 12 36 27 25 17 7 
22 8 18 41 18 20 16 27 19 26 33 22 19 23 11 12 14 16 19 11 6 12 30 10 24 22 15 21 27 12 24 16 30 10 9 9 19 27 31 27 13 20 24 26 11 8 37 19 5 30 18 13 23 26 24 23 11 16 23 14 14 11 29 11 10 22 24 30 32 25 27 23 23 22 9 
29 12 12 11 12 39 25 20 12 20 27 21 32 22 10 8 22 17 34 22 19 20 28 10 17 27 20 13 17 8 12 25 19 29 15 28 18 28 18 21 11 26 23 18 10 26 23 26 14 21 15 35 16 21 18 29 11 45 23 20 13 12 32 10 13 22 24 19 23 35 26 21 15 18 12 
27 24 10 39 16 29 19 28 14 16 26 23 23 14 13 7 29 32 16 19 18 22 16 16 22 19 23 21 43 13 19 50 16 17 15 12 11 31 29 13 13 27 26 30 9 16 54 21 13 21 18 31 25 27 36 28 16 32 30 16 19 12 16 24 22 13 12 30 44 19 44 26 30 19 11 
26 19 12 15 24 36 14 8 15 19 31 29 36 27 12 10 18 16 24 12 23 17 26 8 7 21 17 21 31 8 27 21 24 19 14 25 27 25 32 8 12 26 22 19 7 27 39 15 14 28 15 40 20 33 13 37 10 24 20 32 7 6 26 15 13 10 19 29 19 24 23 27 28 17 4 
34 15 16 23 24 20 13 25 17 20 39 29 28 23 14 7 26 25 43 4 18 19 26 13 6 30 25 27 11 8 27 34 24 25 23 24 22 16 46 20 14 27 17 14 5 24 38 15 13 19 13 10 25 24 12 27 16 26 23 11 11 12 26 30 10 24 19 37 22 30 42 21 27 17 10 
28 22 12 13 19 31 22 20 16 16 30 32 30 29 7 11 21 15 27 15 18 26 25 16 22 25 30 18 21 10 15 31 20 16 13 22 26 25 23 26 17 26 25 30 9 24 20 21 9 19 13 30 27 24 30 30 13 11 14 33 15 12 22 32 15 8 20 17 30 15 45 39 20 12 6 
30 16 6 31 19 25 19 22 13 18 10 23 20 13 9 8 25 14 50 19 16 14 14 10 12 28 17 21 21 5 20 40 27 13 13 16 17 27 25 16 9 18 11 19 6 27 45 12 13 21 19 31 32 29 28 32 19 25 19 18 21 10 23 16 6 32 17 31 26 26 43 29 11 16 8 
31 21 11 30 25 20 23 28 7 15 31 21 38 18 9 12 14 22 30 13 20 21 25 13 26 29 17 16 33 10 35 31 26 22 7 12 15 24 19 15 15 16 23 27 7 11 17 18 12 38 19 37 20 40 8 27 19 39 15 26 16 8 22 20 10 25 14 29 28 31 42 27 29 10 10 
31 19 10 22 12 21 11 15 9 14 23 26 21 23 8 5 25 24 27 15 2 10 17 11 35 18 21 26 12 10 18 30 34 13 10 22 16 18 35 17 11 21 18 17 8 23 29 14 13 17 13 15 20 33 37 25 11 35 20 20 8 10 16 16 9 22 23 40 32 33 49 35 16 13 14 
17 18 15 32 20 40 15 21 11 18 14 20 38 27 8 13 22 19 19 19 14 10 19 12 13 25 17 12 28 12 18 43 30 19 13 18 27 38 24 19 16 35 5 24 14 19 46 9 10 26 12 20 20 10 16 19 14 25 35 20 14 10 33 15 16 17 18 31 10 29 22 26 14 18 9 
26 14 13 27 25 26 27 27 7 20 24 36 24 20 11 10 25 18 29 5 22 22 29 12 24 35 11 24 26 13 28 35 34 8 13 21 22 23 40 28 13 19 17 20 15 26 34 27 11 31 16 34 22 30 30 23 21 40 23 23 15 5 25 23 6 21 15 32 29 28 39 33 26 11 6 
24 24 12 32 26 33 15 22 8 20 30 33 40 16 3 8 28 26 26 19 16 15 28 15 12 17 26 19 21 9 18 35 22 17 18 16 20 14 27 22 14 23 28 18 11 18 27 17 13 21 19 14 30 44 31 13 9 22 34 24 15 11 20 24 11 24 15 35 19 25 32 40 20 15 9 
21 11 9 37 22 27 12 25 14 19 25 36 37 29 13 11 33 23 29 18 25 22 21 13 29 20 21 21 26 8 23 26 12 12 10 18 21 22 31 26 5 28 22 23 14 24 38 22 11 23 17 14 15 13 14 17 15 32 22 21 15 8 17 25 9 11 19 25 29 19 21 22 26 10 9 
38 18 7 24 17 18 15 16 12 18 30 37 38 26 8 6 29 20 27 16 10 20 20 9 28 21 21 19 29 12 23 25 23 17 17 24 26 23 22 17 14 32 21 17 13 19 35 24 16 25 8 29 13 20 23 31 14 27 24 22 20 8 20 27 8 12 21 36 42 15 33 28 18 22 10 
28 12 15 21 19 30 23 25 11 25 23 24 22 33 9 8 22 17 23 11 16 18 25 12 19 20 27 7 34 5 15 31 28 13 21 17 14 16 33 15 13 41 28 28 13 23 41 31 10 16 18 40 19 26 19 23 15 31 25 23 15 11 31 24 11 20 16 22 30 23 36 10 14 12 7 
12 20 13 16 16 17 22 23 14 24 19 13 26 34 15 10 18 32 36 10 24 10 26 15 22 28 30 15 27 14 18 26 25 13 15 15 26 21 42 24 12 27 22 16 4 11 37 12 10 32 17 27 14 29 36 26 15 37 31 18 17 10 30 21 9 23 25 17 31 18 29 33 16 17 9 
31 23 11 38 17 23 22 23 17 22 32 28 19 5 13 5 27 18 22 19 19 19 29 8 21 20 18 16 35 13 23 20 16 9 21 25 17 20 21 16 12 27 30 24 6 23 35 10 8 25 8 20 22 26 12 13 12 36 21 20 20 8 23 27 16 24 16 28 34 29 33 40 25 20 8 
24 14 16 16 20 22 16 27 11 20 23 11 23 32 13 11 19 15 11 14 26 17 17 12 27 37 26 22 29 10 9 40 22 12 16 17 21 31 50 11 10 25 13 26 6 16 29 23 14 25 21 31 27 41 33 23 13 14 31 18 10 11 38 25 17 24 27 32 25 27 31 33 25 15 8 
26 20 12 38 18 22 18 32 13 16 29 24 26 32 16 13 18 24 20 17 24 14 17 9 28 25 32 19 26 10 25 17 9 16 15 18 23 21 26 27 15 31 21 31 13 28 25 29 6 15 23 29 28 36 14 16 12 20 36 25 16 9 15 25 11 24 16 44 29 18 20 38 18 13 11 
25 13 13 20 16 30 19 29 8 9 30 27 20 27 15 6 45 16 37 10 8 15 24 13 24 36 23 28 27 14 28 26 20 12 13 31 28 24 41 22 11 21 22 28 15 25 24 24 15 16 16 24 31 15 26 27 9 23 16 26 13 8 30 25 13 30 19 37 14 14 24 34 18 12 9 
28 17 10 14 27 21 9 24 10 14 15 28 18 28 11 9 28 17 32 19 22 13 32 13 23 28 22 16 28 14 23 24 31 16 15 8 17 26 31 12 13 39 26 22 8 23 35 22 8 25 16 31 19 21 41 26 16 29 34 9 12 7 12 23 14 33 23 35 46 22 24 34 30 17 12 
27 22 11 23 21 29 22 31 9 17 25 32 40 34 7 13 29 31 37 11 16 18 21 12 23 34 21 26 20 11 21 25 26 18 14 27 19 21 23 13 12 23 23 25 7 28 27 16 12 24 18 45 32 18 23 26 17 31 19 23 19 15 27 31 9 18 20 33 13 35 44 16 22 24 14 
21 18 9 25 9 25 18 17 9 16 14 19 24 35 11 11 20 17 25 16 14 16 14 11 27 23 29 19 23 14 18 45 18 17 12 13 26 26 36 13 7 27 13 29 7 21 34 14 19 22 7 15 22 21 30 24 9 21 31 26 17 5 31 25 16 22 15 30 20 18 34 17 26 14 8 
32 29 14 19 21 20 21 20 15 20 25 32 17 18 15 13 17 25 32 23 20 6 38 5 7 26 10 14 27 9 5 11 18 16 20 13 25 15 34 14 16 32 23 35 13 18 31 13 12 18 11 28 29 22 25 25 19 21 29 25 17 11 46 16 12 18 11 47 30 24 14 20 25 11 17 
24 19 15 36 13 34 14 27 11 15 16 27 16 23 10 10 19 4 36 18 21 24 14 12 13 20 24 19 34 15 8 28 36 16 10 17 35 30 27 22 20 23 16 26 12 23 15 31 12 25 14 26 25 26 14 12 14 33 19 21 15 15 34 21 11 19 19 25 29 39 20 36 23 13 9 
19 21 10 21 13 17 15 23 12 18 17 26 16 28 15 7 20 21 25 17 9 10 30 17 23 24 24 13 31 12 21 19 33 18 11 17 30 24 32 23 15 26 15 21 10 25 40 18 12 28 17 15 23 22 33 35 15 32 28 14 19 9 25 13 13 16 19 31 28 31 32 40 24 17 9 
31 23 11 27 21 34 24 14 14 18 28 20 36 19 16 2 24 25 30 15 15 21 16 11 14 23 19 10 21 6 5 40 25 22 21 8 23 30 36 15 13 26 10 16 12 6 33 17 3 10 15 32 31 24 32 28 14 29 25 17 15 15 19 18 13 33 16 26 38 30 31 40 14 20 9 
24 17 13 13 25 10 11 26 12 25 28 32 21 34 8 14 27 22 15 11 19 23 29 14 12 28 20 18 36 12 20 24 21 21 19 24 23 32 41 15 16 17 25 11 10 25 27 13 15 26 17 34 21 26 40 30 16 31 24 19 14 10 33 31 12 15 13 47 23 32 46 37 23 17 13 
28 13 13 11 17 19 11 22 10 19 25 28 22 11 17 14 23 13 19 14 21 19 22 12 26 27 24 17 18 10 29 19 29 24 10 24 21 25 16 20 10 22 25 30 11 30 28 21 16 25 15 20 26 21 15 20 13 27 25 19 12 11 41 21 17 17 15 24 15 28 19 30 24 20 12 
33 15 8 29 22 27 23 29 11 12 22 25 39 18 6 9 12 20 18 10 8 23 22 18 22 24 15 11 24 12 17 18 17 10 18 30 25 23 51 26 17 26 20 20 5 31 28 20 12 33 12 27 21 28 24 24 13 30 7 22 18 13 30 19 13 10 12 18 30 12 36 28 22 19 4 
27 9 13 25 14 24 22 25 17 26 14 22 23 37 11 11 12 20 22 11 17 22 23 17 21 21 25 18 39 10 15 38 12 19 13 23 22 22 22 20 17 19 19 24 9 10 22 29 12 29 13 39 29 23 17 27 18 18 18 15 6 11 30 15 7 19 27 19 44 24 38 29 25 16 9 
28 13 12 16 21 30 13 7 9 28 25 27 27 29 13 12 28 24 14 16 9 21 22 13 16 17 25 21 26 9 26 28 14 18 11 16 19 23 31 8 13 15 30 18 10 36 42 21 17 20 14 30 23 39 24 19 4 26 21 29 17 12 30 24 10 17 14 27 39 26 29 24 3 14 8 
15 14 14 17 16 12 21 24 10 24 22 29 37 21 16 9 30 25 25 18 31 12 20 12 19 31 18 24 31 13 18 33 19 25 7 32 24 25 29 19 16 26 18 34 8 29 30 25 14 30 12 36 22 25 17 17 14 30 16 20 18 10 39 13 10 19 19 33 22 20 31 18 19 20 12 
29 14 13 20 20 27 2 20 17 16 27 25 27 19 10 15 22 33 30 20 26 21 33 12 12 13 31 18 20 14 21 24 17 7 15 25 29 17 30 27 12 27 11 27 15 26 24 26 12 14 15 23 36 27 26 29 11 24 26 18 6 10 19 19 9 26 22 40 24 10 48 35 12 23 8 
25 15 12 20 21 11 9 24 11 20 22 23 30 26 7 11 46 16 47 9 6 19 29 11 28 25 27 20 36 11 31 24 11 16 20 19 21 20 47 26 17 39 28 27 9 16 42 16 11 13 13 28 12 31 32 25 8 28 17 28 15 9 32 18 9 12 22 26 24 27 32 32 19 21 13 
28 18 11 10 27 37 25 16 11 20 28 10 34 34 12 6 22 24 32 20 22 9 16 10 31 26 29 15 26 12 16 20 20 10 13 10 29 27 27 29 7 33 30 42 5 20 18 25 10 22 14 38 16 22 24 26 19 37 25 22 16 8 33 14 12 18 17 30 24 15 34 31 13 15 7 
19 19 11 13 24 27 18 22 15 26 18 14 37 31 13 8 22 20 38 16 18 20 21 5 15 20 21 11 22 16 17 30 31 21 13 19 21 23 39 20 15 30 23 31 13 20 34 32 12 21 13 16 23 23 25 14 13 38 12 26 10 11 15 23 14 12 18 36 31 12 34 29 29 10 11 

MachineCapacities:
MachineID Capacity
0 10
1 10
2 10
