NumTasks NumMachines NumScenarios
25 3 50
TaskDetails:
TaskID ReleaseTime ResourceConsumption SuccessorsCount Successors...
0 0 6 9 6 4 8 9 10 11 
1 0 7 6 4 3 5 11 12 
2 0 2 6 7 5 6 7 8 10 11 
3 0 7 7 3 2 8 11 
4 0 6 5 4 2 12 13 
5 0 1 8 8 1 10 
6 0 2 2 4 1 12 
7 0 3 3 2 1 13 
8 0 3 10 6 0 
9 0 10 2 3 0 
10 0 6 10 7 0 
11 0 2 9 6 0 
12 0 2 1 7 0 
13 0 8 2 9 0 
14 0 4 2 9 2 22 23 
15 0 4 4 4 2 22 23 
16 0 10 6 4 2 21 22 
17 0 8 8 7 2 22 24 
18 0 2 5 2 1 23 
19 0 6 3 6 0 
20 0 10 8 3 2 22 23 
21 0 9 7 8 1 23 
22 0 5 9 10 0 
23 0 8 5 3 0 
24 0 2 2 6 0 

17 18 4 9 17 25 5 15 32 7 21 26 12 22 20 21 18 34 12 22 23 28 39 17 16 30 20 34 33 11 42 24 34 27 16 8 18 16 10 27 18 15 10 24 19 25 15 12 20 8 31 3 12 20 14 21 18 26 17 23 18 30 27 11 34 38 29 16 20 5 14 16 31 28 19 
25 22 11 15 27 14 13 20 10 20 24 33 18 27 11 34 24 28 15 23 23 27 29 19 17 27 20 29 11 8 33 33 29 15 17 19 29 9 15 45 23 11 11 17 21 33 16 24 32 17 24 13 18 22 11 23 24 16 23 18 13 20 27 24 32 38 27 12 14 21 35 20 26 22 36 
23 23 17 29 16 12 10 21 29 10 24 24 12 26 15 31 18 26 17 16 17 18 26 12 21 28 16 25 22 22 18 21 31 20 19 5 18 9 17 36 22 11 10 12 19 27 18 21 20 20 41 13 13 15 25 36 16 22 20 15 15 23 31 17 14 27 24 19 23 15 32 23 27 18 25 
25 24 10 15 20 34 16 21 27 11 23 32 16 28 24 30 20 16 8 19 25 31 19 20 26 28 13 34 43 22 12 25 14 20 9 13 14 9 15 33 17 16 11 18 21 30 15 18 28 7 28 21 10 26 13 24 13 25 24 15 19 20 32 17 24 30 35 20 12 13 35 26 35 37 21 
22 14 21 14 17 21 13 17 21 7 13 40 16 29 12 31 17 20 13 24 15 33 39 18 29 10 10 41 56 17 43 22 36 21 13 12 22 12 10 28 18 12 18 16 15 28 11 27 18 18 23 10 9 27 13 32 18 15 22 23 27 20 25 23 13 19 39 20 14 16 14 14 26 26 32 
17 26 18 12 12 21 14 15 29 11 18 29 24 32 11 26 20 28 14 19 16 26 33 14 25 38 15 26 42 19 31 32 35 26 14 18 18 15 11 33 25 12 13 14 17 33 22 19 33 16 28 11 13 15 19 21 11 25 26 14 35 21 21 17 19 27 14 15 18 17 37 16 27 24 28 
19 26 12 24 22 23 11 15 26 11 21 32 21 39 5 21 15 39 10 16 28 17 12 18 22 5 22 31 36 20 47 27 30 20 18 7 26 16 8 22 24 19 7 14 18 16 16 26 27 17 32 13 25 31 20 38 18 23 33 22 21 34 22 28 29 23 29 20 16 10 25 26 12 27 41 
21 24 12 25 13 26 12 24 22 10 17 36 13 36 16 24 25 15 13 25 24 19 42 14 27 32 13 38 46 25 24 31 28 17 21 15 23 14 15 24 14 7 14 14 13 24 16 22 22 24 23 13 17 28 12 22 12 30 19 19 27 31 22 34 18 9 20 16 14 19 30 31 26 24 21 
10 28 18 26 21 19 10 13 28 5 36 21 25 18 27 36 26 21 13 24 29 22 27 12 25 13 18 17 27 17 31 26 38 23 14 11 16 10 10 22 15 12 12 14 12 22 12 24 35 20 53 11 15 38 17 20 20 17 16 14 26 24 18 21 14 28 34 25 25 14 17 20 30 25 31 
32 19 14 16 23 15 4 19 32 12 21 19 25 26 22 29 18 25 15 30 18 25 22 11 24 18 14 34 24 20 39 28 26 17 15 15 13 9 12 27 14 11 10 13 29 24 14 23 27 16 29 14 14 21 13 26 21 19 19 24 20 17 36 31 24 29 35 14 26 24 36 17 32 35 21 
13 40 14 25 24 27 10 9 24 7 21 21 19 37 11 37 19 18 10 33 32 22 23 14 28 19 10 24 25 19 24 24 26 12 16 11 14 13 13 31 17 14 15 21 17 29 14 15 16 12 43 4 17 24 7 26 18 20 25 17 11 27 22 28 21 20 24 12 12 17 25 30 23 8 19 
26 31 22 30 18 15 11 20 19 11 22 29 28 35 15 26 20 24 16 22 28 15 52 23 28 24 18 34 39 28 24 31 16 15 23 9 20 8 11 34 17 18 13 14 14 22 22 15 24 20 33 16 14 32 12 30 20 17 20 25 16 18 22 34 24 18 26 19 16 16 21 14 24 20 33 
19 14 14 14 8 28 11 24 22 13 14 21 21 8 17 39 19 32 14 24 26 29 18 21 26 27 11 28 34 13 37 35 32 14 16 9 26 10 17 17 17 19 10 19 18 11 16 11 22 16 32 15 16 28 22 24 12 14 35 24 24 16 25 18 24 26 24 23 22 12 34 16 25 36 25 
28 15 17 16 11 27 8 26 31 9 33 27 22 35 12 7 22 22 7 26 27 22 27 16 16 32 15 33 24 10 26 34 26 15 11 8 17 3 10 26 33 12 10 16 17 7 17 32 29 18 34 11 12 26 21 17 20 27 25 11 27 19 22 13 25 38 28 13 21 15 17 17 33 29 36 
26 19 16 26 16 21 8 24 36 7 28 29 19 35 14 23 17 22 14 30 21 16 15 16 18 30 6 34 32 22 35 21 23 9 14 12 17 12 15 30 27 13 20 19 16 26 12 16 22 12 26 11 20 24 20 39 8 19 33 21 25 24 23 19 20 30 35 22 15 14 30 25 25 19 26 
32 33 14 27 9 27 13 22 17 13 20 22 28 26 18 31 21 13 9 20 34 15 35 19 20 27 23 38 23 27 25 19 28 23 16 12 26 6 12 17 23 18 11 16 21 12 10 19 17 15 45 12 16 26 13 35 19 29 28 17 27 38 16 25 25 27 46 17 19 18 19 12 32 28 25 
36 17 16 23 13 30 14 14 31 7 12 29 26 35 8 27 32 27 14 39 18 26 28 18 24 10 20 38 27 7 22 33 18 15 20 12 27 11 17 31 19 16 17 21 27 23 17 20 16 16 27 10 24 22 20 33 13 24 28 25 11 30 12 31 20 28 42 14 13 12 39 13 30 23 25 
29 34 15 24 18 17 13 10 34 10 29 18 28 51 12 22 24 21 16 19 20 24 19 19 23 29 12 18 20 21 27 24 14 15 19 11 13 6 11 31 29 18 19 15 17 16 24 19 23 18 36 13 13 11 12 18 15 16 24 17 18 17 30 24 26 36 33 8 9 15 19 29 34 38 42 
23 19 21 22 18 10 9 18 31 6 29 47 19 27 25 20 24 29 8 27 26 24 34 9 19 11 15 24 39 13 33 17 17 18 21 12 24 9 11 25 9 13 10 17 7 16 12 22 27 21 29 12 12 29 5 9 23 22 40 25 24 31 13 23 26 25 29 12 18 16 31 18 22 29 25 
24 19 12 17 12 15 11 16 20 10 18 29 18 32 29 25 14 26 11 36 24 18 23 7 24 32 13 23 33 13 31 37 32 16 20 16 27 7 7 30 27 15 14 13 13 10 15 22 20 16 30 16 22 34 9 42 10 26 20 21 13 31 27 12 30 16 30 14 21 12 27 14 28 21 40 
30 33 17 26 14 28 5 15 26 12 34 27 20 32 19 19 22 37 12 28 21 23 30 10 19 15 21 25 32 17 30 21 34 11 16 14 24 15 15 28 16 16 11 21 13 33 15 20 26 22 17 12 13 27 9 22 21 13 23 21 17 22 21 16 27 23 33 13 8 18 22 28 19 30 28 
29 27 25 36 14 29 15 18 33 9 29 24 12 38 22 28 20 23 14 29 31 27 29 15 29 28 26 25 33 18 36 24 45 17 10 15 7 12 15 33 20 22 10 13 17 20 12 30 13 20 27 8 12 24 14 26 20 24 13 10 15 20 7 11 21 29 29 12 23 18 33 17 25 27 19 
19 14 20 21 15 35 13 14 15 16 24 33 30 32 20 20 18 21 16 13 20 26 36 17 28 34 19 32 38 20 18 17 19 13 11 13 13 12 14 34 29 12 10 12 16 21 17 16 28 14 26 7 13 15 20 20 16 20 26 23 23 16 16 23 25 29 20 15 19 16 23 20 24 39 25 
22 32 12 26 18 32 11 16 19 5 20 34 11 19 15 33 19 22 13 28 31 14 39 18 9 22 17 31 35 20 18 34 27 15 10 12 24 8 16 20 25 15 8 22 18 24 11 30 19 19 27 11 13 37 20 22 13 8 28 6 23 20 24 27 25 24 21 18 19 13 29 22 15 38 26 
17 23 19 14 15 16 18 11 18 9 18 23 21 25 27 16 15 24 11 24 9 22 25 18 29 27 17 28 33 17 27 32 27 20 18 15 4 16 7 26 28 12 10 20 13 19 15 24 28 21 17 9 19 18 14 26 14 17 21 29 25 33 9 27 21 28 25 17 22 14 20 19 26 40 23 
26 29 10 18 18 37 11 14 32 11 14 35 20 17 12 14 15 20 13 22 32 17 27 11 26 23 19 38 33 21 17 26 37 19 17 15 23 9 9 29 24 16 13 12 23 23 17 28 19 11 21 9 19 30 12 25 16 21 14 26 18 36 33 22 25 26 30 25 24 12 29 28 26 26 41 
14 28 11 25 21 44 10 20 15 12 14 23 19 36 25 30 33 22 12 28 25 27 30 16 22 44 21 33 40 17 30 12 30 20 19 8 18 11 8 29 12 11 10 18 25 30 17 18 22 21 22 17 18 18 11 32 15 22 23 31 26 24 24 18 19 44 34 24 14 16 31 25 19 25 35 
23 10 10 27 13 20 12 12 15 8 16 32 13 26 15 27 7 27 15 28 8 21 29 17 23 25 17 45 11 13 22 28 17 20 18 17 17 10 11 27 14 15 13 20 22 27 18 18 22 19 37 4 18 30 16 22 16 15 19 16 20 10 22 32 15 18 29 15 14 12 26 21 38 17 21 
12 27 13 27 25 24 13 14 21 6 24 23 29 17 17 26 20 32 9 24 35 11 31 11 18 20 14 20 30 8 34 28 24 16 17 14 21 11 9 37 26 9 11 16 17 33 17 25 26 21 27 10 14 37 19 41 12 18 24 13 18 18 16 16 20 23 22 12 20 13 28 18 16 35 40 
29 27 18 23 14 23 15 20 28 12 19 21 24 22 16 27 24 21 11 33 23 17 24 23 20 8 10 25 25 15 53 13 11 22 11 3 24 4 13 20 20 20 9 19 13 24 13 11 26 13 31 9 19 27 11 33 18 24 22 24 12 21 16 20 29 25 40 19 23 20 21 21 23 17 32 
33 25 10 10 16 25 13 20 37 8 21 19 14 27 17 29 24 24 9 14 21 33 32 23 23 23 26 20 31 18 37 23 33 15 12 10 28 12 15 13 16 14 8 15 15 22 24 36 23 20 33 10 15 33 18 28 20 23 22 18 28 24 20 28 21 23 26 10 18 17 24 18 24 27 21 
23 22 17 25 21 31 10 20 17 8 20 23 21 34 12 19 15 42 14 26 20 20 33 20 28 16 22 24 30 20 32 24 23 14 11 7 18 12 15 25 14 12 8 21 17 23 15 11 27 12 35 9 19 38 14 21 16 14 24 10 20 31 27 28 31 44 30 13 16 20 16 20 30 21 26 
25 17 15 28 22 25 17 11 25 7 24 25 23 39 17 27 18 34 17 31 21 22 27 14 20 14 23 26 31 15 30 23 20 25 19 11 10 15 15 21 24 16 12 17 16 15 15 16 20 7 38 14 22 27 18 31 19 29 28 25 13 24 21 16 21 28 34 15 9 16 30 10 23 27 22 
17 21 14 28 8 17 10 21 29 9 16 46 20 27 16 15 19 48 6 23 21 22 26 9 26 17 30 21 37 13 28 24 15 19 22 13 20 12 13 55 35 6 14 16 12 28 14 25 22 24 27 8 18 23 16 27 11 23 24 11 23 28 21 24 27 18 31 10 23 22 24 20 26 30 29 
31 30 20 18 19 39 12 17 30 12 17 24 11 27 11 28 16 23 16 21 28 28 26 18 14 18 10 19 38 21 32 35 31 19 10 16 23 7 15 21 23 14 13 13 18 15 19 30 26 17 37 13 17 30 9 25 20 19 21 26 24 20 22 16 21 24 27 11 20 9 24 25 18 21 31 
26 19 17 22 29 21 12 21 29 12 24 31 14 24 16 40 22 20 15 30 41 17 25 14 28 20 21 32 33 7 21 22 29 21 15 14 15 11 7 24 20 10 12 14 20 16 12 31 20 16 19 9 13 28 16 31 11 15 26 31 29 13 20 21 31 25 43 18 20 11 26 17 29 13 21 
25 27 8 18 19 14 9 5 9 6 26 18 11 36 16 32 16 16 14 26 25 22 43 12 22 32 23 29 27 11 22 31 30 15 15 13 27 11 13 21 27 18 7 16 17 17 22 23 17 21 26 16 20 19 12 24 12 20 26 23 22 15 32 21 16 38 12 20 19 14 20 18 34 47 9 
26 17 18 6 19 23 9 25 29 9 21 18 17 42 19 13 25 28 13 27 24 16 31 14 24 13 21 9 23 19 41 20 28 14 13 17 28 6 7 21 18 16 13 19 14 32 13 20 18 13 36 14 23 22 22 30 20 14 18 21 21 36 30 19 24 39 30 17 20 23 28 18 35 29 26 
26 18 18 13 19 22 14 21 31 6 20 37 22 41 20 26 21 41 10 21 24 16 34 18 23 33 21 29 17 14 32 33 19 17 15 20 21 12 10 32 22 9 17 19 15 21 18 26 29 13 33 10 18 31 9 33 16 28 9 22 12 26 15 23 19 32 23 7 26 19 37 29 19 37 35 
17 36 14 28 10 29 15 24 18 14 14 32 27 30 18 23 26 28 14 35 23 20 36 15 22 19 23 33 25 16 24 33 23 19 19 23 12 7 14 21 31 18 13 14 16 11 19 30 17 16 40 9 21 20 17 31 19 22 29 24 18 20 10 24 21 18 34 19 21 12 32 21 40 29 28 
36 22 18 13 20 17 13 15 46 14 27 30 21 27 16 26 25 44 8 20 22 19 27 21 26 29 18 24 25 21 15 12 29 24 22 20 7 12 14 14 25 13 7 16 10 27 24 17 24 22 26 13 12 26 20 32 6 10 20 24 19 18 29 23 22 35 31 9 15 10 22 14 31 25 21 
27 21 16 19 13 30 8 8 19 10 15 49 18 28 16 27 12 24 9 18 24 21 29 18 20 16 19 17 46 18 45 20 37 19 11 6 15 10 17 27 25 11 15 10 19 13 22 24 27 14 27 11 14 37 17 32 13 23 21 6 27 20 16 21 16 26 22 17 10 22 20 15 15 16 41 
20 31 15 14 11 24 15 10 26 7 33 29 25 19 13 21 15 20 15 9 25 19 34 22 27 41 18 26 19 16 47 34 22 13 20 14 20 4 12 14 17 14 18 18 16 25 18 9 21 25 11 8 19 35 16 25 14 32 27 19 24 35 28 21 33 26 16 13 23 9 37 25 35 35 8 
21 20 17 25 16 26 17 19 33 10 9 26 13 35 20 28 6 24 8 30 19 16 31 10 19 31 22 29 27 16 19 29 29 18 10 10 17 14 11 29 15 25 10 17 8 21 18 20 33 20 35 10 11 26 11 32 18 13 19 19 24 21 24 24 14 27 20 9 9 9 30 17 24 30 24 
18 28 17 28 16 29 13 12 40 11 15 39 13 53 23 27 19 35 16 26 36 23 37 13 25 31 13 10 38 17 51 29 33 17 14 14 11 12 7 40 17 9 10 24 14 20 18 17 18 23 30 13 19 13 25 25 17 12 27 19 17 25 15 13 17 35 11 12 17 18 22 25 22 42 17 
17 23 16 17 22 11 12 21 16 8 23 34 24 28 17 11 8 22 6 18 33 30 32 10 16 18 20 25 32 11 10 38 34 7 20 17 12 13 11 35 16 16 12 19 5 24 15 30 23 25 29 11 9 29 13 20 10 15 23 24 15 21 28 21 18 36 31 20 20 5 22 23 28 17 24 
26 25 9 38 28 27 11 31 18 8 20 29 19 8 11 36 24 16 12 24 22 14 28 22 10 24 24 37 30 17 20 20 34 22 16 16 21 7 18 34 31 8 10 16 16 14 20 10 24 20 33 12 13 27 13 29 19 13 15 21 17 15 22 27 25 15 20 15 19 14 32 24 19 30 17 
31 18 17 20 17 27 9 18 26 7 15 39 23 33 10 22 23 31 15 32 25 14 37 19 16 32 9 22 48 17 33 17 37 15 12 16 25 8 15 24 17 22 12 15 19 9 20 33 15 18 14 6 15 24 13 14 15 17 21 26 34 44 19 28 19 7 19 11 15 16 25 16 29 23 29 
11 17 15 23 9 17 10 20 30 13 15 38 16 34 22 26 20 30 10 26 28 25 36 18 20 32 16 23 29 13 39 29 37 18 18 14 25 8 11 49 14 5 12 20 17 25 17 15 12 16 33 16 20 35 14 24 12 13 11 19 24 27 9 28 28 38 29 10 14 17 27 16 28 14 27 
24 22 18 25 25 22 5 23 30 6 29 38 22 30 16 23 15 34 16 16 35 24 33 20 16 26 20 35 38 17 22 30 36 15 10 20 25 8 15 40 31 18 12 11 13 19 17 19 25 14 24 12 17 21 9 18 19 17 24 14 21 22 28 25 27 28 36 13 27 11 32 23 14 25 28 

MachineCapacities:
MachineID Capacity
0 10
1 10
2 10
