NumTasks NumMachines NumScenarios
25 3 50
TaskDetails:
TaskID ReleaseTime ResourceConsumption SuccessorsCount Successors...
0 0 5 2 2 3 2 3 7 
1 0 7 7 3 5 2 6 7 8 9 
2 0 8 9 3 0 
3 0 2 10 4 2 6 8 
4 0 5 5 4 1 9 
5 0 3 1 10 0 
6 0 9 5 2 0 
7 0 10 5 2 0 
8 0 2 4 4 0 
9 0 9 3 9 0 
10 0 6 3 7 6 16 18 19 20 21 22 
11 0 5 8 6 3 16 21 23 
12 0 9 6 6 4 17 19 20 23 
13 0 4 5 6 1 19 
14 0 9 3 5 1 23 
15 0 3 10 5 1 22 
16 0 2 6 7 1 24 
17 0 8 5 5 1 24 
18 0 9 3 3 0 
19 0 8 9 10 0 
20 0 5 3 1 0 
21 0 2 1 6 0 
22 0 10 4 6 0 
23 0 10 9 8 0 
24 0 2 4 2 0 

21 24 30 18 34 9 28 24 32 15 25 9 34 12 42 17 27 30 19 16 18 14 30 25 21 16 19 20 13 24 32 9 15 17 20 17 21 11 14 16 14 5 34 35 17 31 26 32 23 7 41 21 11 19 13 29 35 18 19 19 21 38 17 31 25 6 19 23 11 23 10 35 24 15 18 
19 25 20 18 41 13 33 32 25 13 25 14 36 10 26 18 19 35 21 12 26 16 22 10 9 25 5 16 7 29 21 10 16 20 16 11 22 9 15 34 15 9 26 42 8 15 18 25 16 15 44 20 5 28 22 23 19 9 33 25 19 29 16 23 27 13 17 16 11 18 19 24 28 31 30 
21 19 11 22 20 14 32 30 19 21 22 13 31 4 26 22 34 20 21 19 23 12 13 22 17 21 6 18 9 27 28 15 23 28 18 13 19 12 11 9 27 6 26 36 17 26 26 31 15 14 30 32 8 24 11 18 29 16 18 9 26 33 10 11 17 12 27 10 10 29 22 32 15 20 28 
32 26 20 30 36 14 33 35 20 13 20 11 14 12 24 31 18 22 25 16 20 15 25 18 23 25 24 21 13 41 24 16 19 19 15 13 22 18 14 23 25 13 20 22 16 26 34 30 14 14 25 17 8 23 19 22 31 12 41 25 14 24 20 28 27 9 36 32 16 33 20 17 34 22 23 
28 13 22 19 34 14 24 26 24 21 32 18 27 11 20 16 32 27 18 16 15 13 17 22 10 23 19 23 12 28 39 10 8 9 19 11 18 20 13 19 9 8 30 22 23 36 32 19 10 11 20 11 11 13 23 24 38 10 31 20 21 30 19 30 34 10 21 22 20 36 20 26 29 15 20 
21 38 11 28 37 18 32 13 9 13 20 18 32 10 35 30 27 33 17 17 20 21 34 26 15 21 19 22 15 29 26 18 19 27 10 16 12 22 16 24 7 13 21 31 21 14 22 32 16 19 36 14 14 23 31 23 30 18 35 12 22 32 14 28 29 10 29 19 10 21 21 16 21 16 20 
26 17 29 24 15 16 31 21 24 14 24 15 17 9 16 23 47 32 22 22 16 21 33 17 10 27 23 27 10 11 29 16 13 26 19 11 19 15 16 29 21 19 25 21 24 23 28 29 17 11 30 19 4 26 24 22 33 13 21 18 10 22 13 34 24 7 30 22 13 20 14 42 26 27 17 
13 24 22 26 35 7 27 21 20 13 22 13 21 11 28 25 26 30 18 17 25 15 24 17 11 25 13 30 9 30 36 9 17 20 15 13 14 20 9 28 12 13 28 23 11 41 18 31 13 10 32 6 13 12 18 21 31 10 23 21 23 19 10 39 18 14 28 33 10 18 24 28 20 12 19 
24 20 21 33 21 11 26 38 18 15 21 18 26 9 28 21 43 27 29 13 23 14 14 23 6 11 10 29 9 14 23 13 20 37 6 10 17 22 14 15 20 9 28 26 24 27 29 37 14 11 43 20 11 25 22 26 33 16 36 15 30 32 14 37 18 9 22 23 10 36 18 20 19 16 14 
15 43 29 20 49 9 15 22 21 23 25 12 23 8 29 22 26 33 22 10 22 9 25 17 15 26 20 24 13 26 31 7 12 18 16 11 27 18 9 15 24 10 34 19 10 33 28 24 22 12 20 23 12 23 26 29 42 12 18 17 19 25 20 34 24 16 32 21 16 28 28 14 29 22 30 
28 24 24 25 36 6 26 22 16 21 18 8 51 6 32 33 20 34 27 9 4 16 20 22 12 19 21 32 14 18 46 9 13 22 16 10 13 16 16 9 12 13 19 24 22 30 33 33 9 16 36 16 7 17 19 28 26 14 31 30 20 27 15 30 11 10 28 20 11 26 16 20 27 12 42 
32 24 17 20 44 10 37 27 26 24 21 26 29 10 25 16 34 18 15 14 14 12 41 18 12 24 13 22 11 27 26 16 18 26 12 13 24 17 10 25 21 12 26 34 16 29 36 29 10 13 11 21 10 32 6 36 26 15 24 15 20 23 10 39 36 11 31 28 18 24 18 26 25 18 24 
22 22 12 29 26 7 35 24 7 25 18 16 46 10 31 20 21 32 17 22 18 15 28 14 16 23 15 29 8 17 17 15 18 32 15 9 15 25 14 16 12 15 30 11 15 25 32 35 18 10 37 20 9 28 25 18 27 9 47 15 15 36 11 23 24 11 32 26 7 28 26 22 24 17 14 
31 30 28 34 35 14 31 36 18 13 24 11 33 14 36 21 28 19 23 18 20 19 22 15 25 22 20 24 11 24 30 12 11 21 18 17 12 19 15 19 10 15 29 33 19 24 43 35 17 16 20 15 4 36 18 27 20 19 33 15 28 19 17 44 18 9 33 41 16 17 14 29 20 23 33 
27 21 18 33 29 15 21 24 29 16 16 15 36 9 22 20 31 42 26 9 18 11 39 29 14 21 16 20 14 28 48 13 19 30 17 13 22 23 13 24 24 16 20 28 14 22 33 39 19 16 25 21 14 22 13 21 29 11 28 19 25 32 23 36 13 11 29 10 13 32 16 39 9 20 26 
24 29 18 19 34 10 12 39 25 21 25 18 25 3 43 20 19 37 26 12 21 16 35 24 19 21 26 13 14 22 28 12 12 16 16 10 17 5 15 24 21 5 28 27 13 33 22 22 18 7 31 14 6 25 22 7 42 10 37 14 5 22 20 26 24 9 28 25 18 24 21 26 24 17 26 
27 23 26 27 27 11 25 47 31 14 29 19 23 12 42 20 23 34 18 17 23 12 18 15 25 19 8 19 10 27 29 12 13 17 10 10 27 18 13 29 13 10 37 23 24 19 33 25 18 11 35 29 11 24 24 32 34 16 34 20 25 29 12 38 15 9 28 21 19 27 15 26 24 13 25 
28 24 18 28 38 18 33 28 24 15 26 13 22 9 34 23 26 23 16 6 16 10 19 23 12 24 18 21 12 40 41 11 23 26 16 14 12 7 16 27 12 10 16 34 15 47 37 18 17 13 32 13 14 25 19 14 39 14 25 17 20 17 15 33 23 11 16 32 16 26 20 33 16 18 29 
12 11 11 27 10 13 29 35 23 17 4 12 33 13 30 29 34 18 17 4 21 8 15 26 15 28 14 14 14 33 13 12 19 22 16 15 16 25 14 14 13 16 17 36 22 39 41 44 17 13 32 15 9 22 20 17 29 13 29 22 22 32 6 30 18 13 23 30 10 28 17 19 19 29 19 
27 11 18 23 19 13 20 43 17 14 37 18 20 9 29 23 24 26 28 16 21 18 22 14 14 24 27 24 10 27 24 14 12 24 16 18 16 24 17 27 15 12 34 30 21 32 30 28 13 15 26 13 10 17 20 20 26 12 42 21 19 28 12 31 27 8 28 37 17 22 33 29 21 29 25 
11 21 17 20 31 10 30 28 25 15 20 14 36 9 26 22 31 21 25 10 18 20 19 22 15 30 24 31 3 30 31 10 13 25 15 13 16 17 9 23 20 10 23 27 20 20 26 26 22 6 22 20 9 24 14 24 42 14 32 10 21 30 15 20 22 13 29 27 15 28 13 40 25 17 39 
28 23 22 16 31 11 35 30 27 23 20 14 33 11 24 10 26 34 27 18 18 20 36 14 28 13 12 9 12 28 28 15 12 27 18 11 28 26 14 31 7 14 34 27 9 55 14 25 14 8 19 23 13 33 29 22 39 12 26 23 22 24 16 35 22 5 26 32 6 17 15 28 14 15 9 
19 23 32 31 25 12 30 31 20 20 26 9 26 4 12 25 25 28 19 22 21 14 7 25 9 20 13 24 10 35 42 13 13 35 14 13 25 22 11 26 17 15 12 31 17 49 25 23 16 12 25 11 12 17 23 27 44 19 38 13 19 34 14 34 20 13 19 22 17 47 21 43 27 27 11 
22 18 19 30 22 15 22 39 29 18 21 9 42 6 44 18 32 34 15 12 19 11 28 16 16 21 21 18 9 16 29 8 21 28 18 13 19 24 11 30 13 11 16 23 22 18 39 20 25 6 25 11 11 13 21 25 30 13 21 18 27 26 15 29 20 11 36 20 18 27 13 17 32 36 21 
20 28 16 37 32 15 31 29 23 21 12 18 45 9 32 28 23 36 22 23 19 18 31 27 22 19 13 30 7 28 48 9 18 29 19 12 15 12 10 32 19 8 23 20 7 41 35 33 14 10 17 18 11 32 19 22 19 12 24 23 13 32 13 32 9 13 34 34 17 28 6 22 15 14 7 
26 21 31 30 16 10 29 37 20 20 19 19 16 9 15 16 29 31 16 23 30 12 27 24 16 17 28 22 6 30 38 11 24 20 14 17 20 18 10 27 19 11 33 19 22 29 33 8 12 12 23 13 10 12 15 26 37 11 29 24 23 25 17 27 24 12 36 17 11 32 34 14 25 35 20 
13 22 16 38 35 8 26 34 31 11 21 21 30 11 35 27 21 33 17 13 19 18 20 21 9 12 15 18 13 29 19 17 17 19 22 11 18 21 19 31 26 12 25 22 19 51 26 38 11 11 41 26 12 22 25 25 29 15 14 26 18 24 17 20 23 12 20 22 17 40 13 15 24 28 27 
30 22 26 25 33 7 25 21 23 27 19 20 27 14 21 21 19 24 21 13 24 14 33 13 15 14 15 17 4 28 51 10 21 23 15 15 16 22 12 24 14 12 38 20 17 40 33 33 20 14 28 15 10 32 24 13 49 9 17 10 10 20 13 30 18 12 13 6 10 30 24 27 20 7 21 
26 18 14 21 23 11 28 31 33 12 23 14 36 10 26 11 29 25 22 20 32 20 25 13 22 29 14 20 8 25 27 14 18 31 16 9 16 15 15 17 16 10 30 23 20 49 14 30 18 14 16 14 4 30 18 15 31 11 18 17 31 28 10 9 17 11 23 24 16 22 21 28 28 22 21 
30 21 12 28 32 5 24 31 21 11 25 20 28 16 24 30 28 23 16 16 22 16 35 12 20 24 10 21 13 25 33 9 11 30 16 13 20 8 13 19 9 14 31 22 22 14 26 27 22 8 38 20 13 24 18 25 31 7 33 15 17 17 14 34 27 9 32 22 15 38 12 36 26 36 33 
22 26 21 31 44 9 28 22 22 21 29 12 19 11 32 24 33 33 13 12 25 19 20 14 18 10 11 23 10 22 36 10 17 24 15 13 10 28 11 16 16 7 42 27 15 10 20 20 19 10 33 18 8 19 6 27 34 12 23 22 30 27 18 35 33 9 43 14 15 35 19 20 21 23 29 
16 27 21 28 38 11 25 34 20 16 22 23 23 15 39 19 27 32 27 16 21 17 19 19 3 19 21 19 14 43 26 14 16 21 23 11 19 24 14 16 16 10 24 14 9 38 32 30 22 10 36 19 10 26 12 41 17 13 23 21 26 30 6 18 23 16 35 17 8 31 18 25 17 17 11 
26 15 24 30 13 12 30 19 13 9 19 15 18 11 21 16 34 22 17 17 27 11 30 26 12 16 16 25 12 29 7 13 9 23 18 8 15 27 11 29 20 12 25 30 16 34 35 21 30 13 23 15 13 21 15 13 33 13 24 20 20 32 11 37 18 8 21 24 9 29 18 35 32 25 33 
24 10 23 27 37 9 22 35 31 24 18 15 21 5 19 12 27 26 8 4 17 16 25 18 8 31 22 29 13 25 24 9 10 20 15 10 13 16 13 17 16 11 34 36 25 29 39 27 12 13 35 12 13 27 17 14 24 12 29 13 14 24 18 36 20 15 20 15 18 30 8 17 22 21 16 
33 22 23 11 38 12 20 26 26 16 16 17 34 2 28 29 18 20 26 20 21 15 32 16 23 27 14 28 7 33 20 12 14 19 12 11 24 24 11 13 16 16 29 25 20 32 20 28 24 12 26 15 7 30 19 33 20 14 33 23 20 32 16 26 27 12 18 21 16 24 9 35 14 16 19 
38 19 17 21 26 10 21 20 20 15 29 14 30 10 12 30 39 23 23 20 20 15 22 17 16 20 17 21 9 24 38 14 17 22 16 8 17 20 13 15 16 7 35 26 14 45 40 35 14 13 23 24 12 23 24 18 20 10 29 19 23 27 12 20 15 18 35 19 16 30 16 21 26 17 19 
25 28 33 16 36 12 24 25 20 32 21 11 26 9 24 33 21 25 20 19 10 7 30 12 24 24 16 18 11 17 40 13 20 21 20 18 18 18 9 16 13 14 20 13 18 25 30 33 19 12 23 28 10 24 23 29 34 17 14 21 18 29 11 25 27 8 35 31 20 26 13 26 30 29 19 
37 33 19 24 42 11 19 34 14 15 17 16 22 10 28 25 32 20 15 15 11 13 39 27 26 14 17 14 5 14 14 13 17 36 12 15 27 17 11 26 16 17 23 11 13 36 33 36 21 14 30 25 9 25 23 19 30 12 11 17 18 27 15 28 16 12 24 22 18 28 21 12 24 21 18 
22 11 28 20 34 6 33 31 18 23 22 17 25 10 35 18 17 36 18 16 12 7 30 20 25 21 19 27 8 12 36 9 13 8 19 17 20 13 14 21 13 14 27 27 25 13 37 47 16 11 21 30 17 21 30 18 36 13 14 20 29 24 9 30 28 10 34 22 7 38 24 31 20 22 31 
18 32 16 34 21 10 25 27 26 18 26 10 16 11 32 20 44 34 15 21 23 14 30 21 14 22 11 18 10 32 39 13 12 19 19 13 23 19 15 22 11 19 33 24 17 36 34 39 19 14 19 19 4 27 22 23 38 15 28 14 14 35 16 29 23 9 18 30 23 28 24 30 32 16 37 
17 29 15 24 23 13 19 31 21 14 15 9 31 12 21 25 38 33 11 10 13 22 15 10 21 22 12 27 8 22 24 7 24 29 14 9 14 26 12 13 27 7 29 24 12 29 22 33 21 8 34 18 6 24 16 27 28 16 22 17 6 26 13 27 24 14 29 19 19 20 20 10 26 14 20 
19 27 31 31 26 9 27 33 22 22 16 17 26 13 30 32 33 22 20 18 17 17 17 27 20 25 21 16 12 23 36 13 16 16 9 12 11 16 17 22 20 8 48 15 19 17 34 30 15 13 34 15 12 27 20 26 37 11 15 21 19 41 17 13 32 12 20 25 8 31 27 34 15 19 20 
28 19 21 31 26 11 12 28 27 10 31 17 43 13 21 25 40 29 13 20 9 21 31 18 29 25 19 15 6 13 31 15 13 22 13 11 11 12 10 21 19 12 22 30 17 28 27 20 12 12 24 20 9 14 22 23 22 9 22 20 22 26 16 27 24 14 16 31 10 34 13 25 30 22 31 
21 19 20 29 6 5 23 20 18 20 25 18 23 12 8 25 25 14 22 17 16 19 25 18 15 14 17 24 14 32 23 15 15 26 9 16 17 20 12 33 22 20 27 25 27 33 18 39 22 10 29 27 6 26 14 26 23 14 19 22 20 7 20 32 24 14 25 24 13 26 17 41 19 13 22 
23 24 17 30 36 11 27 25 23 12 28 11 25 13 25 23 24 21 21 18 23 14 33 22 8 13 14 14 7 26 41 16 14 27 17 7 19 19 10 33 12 15 24 5 23 25 34 26 14 15 13 16 5 17 29 18 28 16 28 21 19 38 14 40 15 13 23 30 22 24 17 10 18 10 25 
24 35 17 18 18 9 35 25 13 12 16 22 28 13 26 20 37 24 26 15 12 14 24 20 15 28 21 30 8 35 25 10 22 32 13 12 13 9 15 34 21 11 42 23 16 27 32 37 17 9 15 20 10 17 13 22 29 16 33 22 19 27 17 23 20 6 32 21 13 14 22 30 18 13 25 
28 38 28 23 25 11 28 35 28 21 22 19 32 9 32 33 31 38 10 17 11 11 27 22 26 25 9 30 11 34 45 14 18 30 17 17 21 23 12 23 12 13 16 33 15 19 25 28 5 7 30 10 9 29 21 21 26 14 51 19 21 34 18 23 16 10 22 34 14 28 18 37 30 20 29 
17 22 23 29 24 17 30 35 27 21 25 24 30 12 33 43 13 23 20 15 20 20 35 26 22 27 24 23 11 28 21 11 20 21 19 13 27 9 11 21 15 15 34 25 21 32 38 26 18 7 17 23 9 28 20 13 16 10 20 21 24 16 22 34 19 12 30 28 19 18 23 21 22 26 30 
25 20 24 17 24 11 27 44 22 27 22 25 19 8 32 17 23 21 22 16 22 9 35 23 18 16 28 13 6 17 9 11 5 29 23 14 16 25 12 24 24 13 24 28 26 26 35 43 18 16 39 14 4 21 11 24 21 13 23 12 25 26 17 37 34 13 24 24 15 31 21 37 16 23 28 
19 23 26 29 26 10 24 34 20 23 25 14 42 2 28 13 18 30 18 18 21 12 28 27 6 18 19 19 9 20 12 12 17 21 18 11 19 13 14 16 12 12 25 26 19 33 34 26 16 13 33 12 13 23 20 31 33 12 35 8 16 28 13 23 18 12 31 29 15 32 24 26 30 17 30 

MachineCapacities:
MachineID Capacity
0 10
1 10
2 10
