NumTasks NumMachines NumScenarios
25 3 50
TaskDetails:
TaskID ReleaseTime ResourceConsumption SuccessorsCount Successors...
0 0 6 4 6 3 2 6 8 
1 0 2 5 7 3 9 10 13 
2 0 8 1 9 4 9 10 11 13 
3 0 7 7 4 2 13 14 
4 0 5 5 2 3 8 11 13 
5 0 3 10 9 2 9 10 
6 0 7 1 9 1 12 
7 0 10 7 6 2 9 12 
8 0 3 9 1 2 9 14 
9 0 8 1 6 0 
10 0 5 1 2 1 14 
11 0 6 1 4 0 
12 0 8 8 7 2 13 14 
13 0 8 1 4 0 
14 0 7 6 6 0 
15 0 5 10 6 4 18 20 21 24 
16 0 9 7 6 3 21 23 24 
17 0 9 1 1 2 21 23 
18 0 6 1 8 2 22 23 
19 0 3 7 7 0 
20 0 5 8 8 0 
21 0 9 5 6 1 22 
22 0 2 2 6 0 
23 0 2 2 8 0 
24 0 8 9 4 0 

29 21 11 14 36 14 20 15 11 18 30 23 32 15 21 27 31 26 17 15 21 27 19 22 18 18 13 12 15 11 26 18 24 9 25 9 31 27 43 18 30 34 19 12 13 19 25 20 34 28 15 23 27 20 35 10 12 41 23 21 19 25 26 9 9 16 21 13 14 20 13 32 32 26 26 
25 16 11 19 30 12 23 16 14 32 17 28 23 12 26 12 13 28 18 16 24 17 28 18 13 10 15 17 24 9 37 13 17 13 26 14 27 47 24 15 36 21 14 14 13 29 31 7 22 27 9 38 25 11 19 11 12 24 21 20 34 23 20 10 7 36 10 15 9 20 13 17 26 24 26 
32 25 12 11 20 13 26 12 25 21 21 28 25 29 21 26 26 27 10 15 24 26 34 16 13 19 17 19 19 6 26 12 16 9 38 12 29 23 29 16 28 31 21 10 20 14 26 19 31 28 11 38 24 12 17 11 8 27 41 9 13 28 40 13 10 30 21 13 10 12 19 24 28 27 14 
22 21 14 14 27 12 15 10 12 14 15 27 17 31 24 22 21 13 20 8 8 22 34 18 10 18 14 17 21 11 18 17 26 16 25 14 30 13 38 13 30 28 11 13 15 20 12 10 23 24 15 27 28 22 37 11 16 18 38 26 27 29 23 12 9 19 33 14 10 15 19 25 35 19 23 
37 18 15 14 31 11 22 14 27 22 19 11 16 24 18 38 27 20 12 16 24 17 16 26 17 19 14 16 16 12 29 13 40 7 23 11 24 32 30 18 27 18 22 7 10 15 25 14 33 31 13 37 27 22 26 12 13 34 31 13 25 17 23 9 9 20 17 13 10 14 13 24 26 15 20 
33 15 16 13 6 14 10 14 15 33 15 20 29 15 12 26 20 26 16 23 21 28 21 15 19 15 11 15 14 12 15 8 36 16 24 10 42 22 30 27 30 20 11 21 20 18 38 12 25 27 9 16 22 27 14 7 9 37 46 14 31 20 33 11 10 30 26 14 6 23 11 30 20 20 17 
26 20 17 19 33 14 20 8 14 20 26 23 27 27 22 21 25 17 10 11 27 23 12 11 15 17 11 10 16 17 21 12 35 10 21 13 30 33 27 20 40 35 7 9 7 15 25 14 25 29 11 18 16 34 34 13 16 29 13 18 17 17 42 12 12 38 19 17 10 31 16 20 24 19 22 
29 33 17 13 39 8 22 14 18 24 29 28 31 14 21 32 29 21 16 19 21 28 33 21 19 11 20 19 9 14 33 11 34 11 28 12 26 26 28 17 32 29 21 17 15 24 35 9 19 28 12 22 21 21 8 13 14 21 20 21 10 30 34 8 9 23 21 15 11 20 9 19 19 22 35 
39 25 10 15 22 14 24 13 19 18 28 28 20 22 18 25 15 25 12 17 16 19 24 22 14 20 16 18 18 10 28 20 24 11 35 16 36 25 26 20 31 23 21 15 17 23 24 18 29 12 9 34 21 21 31 17 14 29 25 16 19 20 30 12 12 30 33 15 16 25 10 19 25 12 21 
23 17 12 18 32 9 30 17 24 17 20 28 26 20 17 29 27 38 16 9 18 33 20 15 18 6 15 14 21 15 18 15 20 9 25 15 25 29 43 25 35 20 12 14 16 18 21 17 40 30 15 19 27 14 25 11 12 29 33 14 26 28 12 7 15 30 13 17 13 22 18 27 29 23 23 
26 27 12 11 30 8 28 13 18 24 16 14 22 23 9 19 16 19 15 19 26 13 28 15 16 20 17 15 11 16 19 22 20 9 32 11 23 32 22 14 23 29 18 16 23 20 23 15 32 17 9 31 24 22 29 12 23 14 38 25 20 15 32 10 11 33 19 10 8 24 11 34 13 21 28 
18 24 10 11 27 11 20 21 17 17 25 28 18 18 20 29 26 18 20 17 19 19 23 24 19 24 11 17 17 10 26 17 31 9 26 18 16 20 29 20 14 28 16 8 20 17 23 8 22 24 15 29 24 20 35 14 16 10 30 19 25 20 22 13 12 22 19 15 12 24 8 21 34 18 24 
38 32 10 11 29 12 13 18 7 19 24 22 18 23 18 30 44 13 12 20 23 10 31 26 17 21 17 14 22 11 21 18 35 13 28 14 23 41 35 17 20 17 18 10 9 11 22 14 25 30 9 12 14 15 36 7 10 33 31 24 24 22 26 12 9 22 21 16 12 23 17 13 13 20 32 
18 27 16 9 14 9 30 19 15 34 17 27 15 18 11 13 19 29 7 11 14 19 33 16 12 27 22 13 15 17 23 19 30 6 31 14 32 34 34 16 43 39 21 7 15 14 24 17 34 22 9 29 17 16 38 14 11 42 20 24 13 18 20 16 10 55 24 10 7 28 11 21 19 22 22 
27 24 15 17 28 8 14 17 23 32 19 34 20 21 21 21 21 38 19 17 17 30 29 23 19 15 20 8 9 10 16 17 25 17 20 15 16 26 29 18 40 25 11 14 15 18 17 16 24 22 13 16 20 19 34 11 7 25 24 21 22 15 37 10 6 33 22 12 14 33 17 22 31 23 25 
30 16 10 11 16 10 17 16 13 24 10 15 17 17 20 28 27 26 5 13 25 18 31 17 17 15 13 8 15 14 9 15 33 16 21 15 26 36 29 17 35 25 13 15 17 21 38 13 20 25 8 21 23 20 24 10 11 40 26 9 21 19 25 14 11 25 22 12 11 27 24 12 30 19 27 
37 19 17 16 22 11 22 20 16 21 14 30 17 15 21 23 27 20 14 20 20 6 36 26 10 22 14 9 24 11 12 18 28 18 29 16 22 24 21 16 16 24 21 14 14 4 16 13 25 31 11 29 12 16 40 9 10 29 30 15 41 14 38 16 11 14 27 14 9 28 14 25 17 24 34 
27 23 15 9 18 12 12 25 15 23 18 24 22 25 23 46 24 19 11 12 26 12 32 18 18 6 18 11 17 16 20 8 26 9 21 12 15 21 29 15 24 24 13 20 21 10 20 11 44 33 11 41 14 27 28 12 13 24 17 22 26 14 27 11 8 5 22 14 8 18 15 18 19 21 29 
21 17 9 10 14 11 20 19 16 25 20 26 24 18 13 30 20 30 17 16 24 11 24 19 15 16 16 20 13 11 27 20 25 11 15 16 17 29 23 14 29 21 19 11 13 13 25 19 16 17 15 30 21 24 32 7 20 43 19 22 20 13 32 12 13 24 26 12 8 21 21 23 24 16 29 
22 23 3 17 23 7 34 14 22 28 16 10 28 11 12 22 28 34 18 16 20 14 30 21 15 22 23 11 15 9 32 11 26 9 21 10 31 37 31 14 20 20 20 16 16 18 14 16 28 29 10 31 22 20 45 9 15 29 10 20 31 36 20 13 5 9 22 11 15 22 23 7 24 21 23 
26 22 9 14 22 9 21 13 18 33 16 29 25 16 15 32 33 19 12 15 16 30 28 20 20 20 5 16 21 12 16 21 33 10 27 12 27 36 32 15 37 18 20 15 14 34 38 10 29 21 14 36 14 19 31 13 7 29 35 19 13 21 27 16 13 32 26 5 7 24 20 24 29 14 25 
26 14 13 15 20 7 17 13 20 21 21 26 16 17 26 32 35 11 16 11 24 26 20 17 16 12 20 13 18 10 14 14 33 13 22 12 35 43 34 33 33 24 11 18 15 24 24 16 34 28 10 22 19 10 36 10 22 23 22 10 14 26 25 6 14 20 19 13 13 29 20 26 32 3 27 
23 23 15 18 39 12 28 16 8 34 15 29 16 19 18 32 41 27 14 16 23 22 28 14 13 13 18 14 14 11 20 13 30 12 22 8 18 37 37 14 35 20 16 12 14 16 35 20 29 20 12 25 13 12 22 9 8 39 39 21 28 15 38 11 7 20 19 14 9 33 12 26 27 25 23 
28 21 11 9 31 11 17 24 26 23 18 21 21 24 17 29 9 13 21 8 17 20 35 20 18 17 19 15 9 14 18 16 37 11 31 11 20 28 42 13 16 21 15 19 14 21 26 5 15 15 9 11 24 14 25 10 12 31 39 5 19 12 34 11 3 22 25 13 9 29 18 26 22 14 30 
14 18 13 17 27 11 25 13 20 29 19 24 29 27 23 17 26 30 17 17 19 13 37 19 19 18 17 24 11 14 23 20 20 9 22 8 36 27 35 16 43 32 19 16 12 15 21 8 24 28 16 27 35 19 12 8 6 31 27 21 22 15 33 8 11 21 27 11 14 22 13 21 18 22 22 
38 32 13 18 19 11 19 14 19 30 18 42 27 21 11 30 29 16 15 15 16 24 30 17 18 22 17 16 13 10 27 17 31 15 26 12 30 30 19 14 32 30 19 15 15 22 19 18 17 18 14 21 26 13 36 16 16 28 27 10 38 19 26 8 9 21 15 11 8 18 9 36 21 22 28 
32 19 20 15 24 7 22 16 23 22 24 21 28 23 13 28 21 22 20 18 29 26 34 15 7 16 20 13 9 13 28 12 30 15 19 14 27 27 45 18 40 18 14 13 18 21 18 9 37 22 11 27 23 28 29 13 13 37 36 18 25 11 25 14 10 26 29 8 5 30 14 20 33 25 31 
30 23 15 11 27 12 20 15 15 20 20 21 17 27 19 31 19 27 19 13 30 23 29 20 17 15 13 15 16 18 23 13 33 11 21 17 30 27 31 16 12 36 25 13 9 10 25 11 19 31 13 21 22 17 25 7 12 22 33 13 23 13 41 12 17 23 13 16 17 28 16 25 17 24 34 
34 20 8 14 33 13 24 23 19 36 24 14 9 37 13 18 20 29 8 13 18 18 26 15 17 13 18 11 10 11 31 17 41 10 36 12 28 34 19 22 26 19 28 14 12 11 29 11 32 9 15 18 23 24 38 17 7 30 40 12 23 14 13 10 14 31 23 11 8 28 9 17 13 21 19 
31 22 11 14 32 15 28 15 23 29 14 35 12 25 18 22 27 42 23 7 27 19 29 18 16 18 12 12 16 12 27 11 19 4 18 16 22 30 27 18 32 34 22 10 20 20 19 14 38 32 8 18 9 23 41 10 18 8 27 26 27 26 36 9 11 38 26 16 12 27 19 30 23 23 25 
27 28 11 17 29 10 18 18 10 22 18 28 29 28 19 22 34 44 19 20 14 8 27 27 13 13 18 11 16 7 20 19 34 13 18 15 27 26 46 16 16 8 17 12 26 25 19 8 28 21 15 25 12 25 33 15 10 28 39 27 41 15 31 13 10 18 29 14 14 28 15 23 15 29 12 
22 25 13 14 20 12 15 12 14 13 16 27 26 22 9 19 17 26 4 18 21 22 15 19 18 12 22 15 17 15 24 15 32 12 28 5 22 27 24 19 16 22 14 12 11 25 32 13 27 30 15 30 30 19 25 11 18 28 34 19 11 14 11 11 10 14 29 11 11 31 14 31 24 35 29 
29 29 14 19 41 11 14 14 24 37 26 20 21 10 21 24 34 21 23 12 22 22 17 22 16 18 12 12 10 12 27 17 22 9 29 10 43 13 20 21 30 28 9 15 19 19 26 18 30 32 13 12 17 19 38 12 11 31 41 21 23 18 28 12 6 44 17 13 13 26 11 16 23 26 23 
24 30 11 9 26 11 18 20 16 21 19 24 27 22 13 26 23 45 14 8 19 27 24 25 13 18 17 16 21 15 23 17 23 8 18 13 26 35 38 14 43 34 13 15 13 23 18 16 13 26 7 32 23 20 26 14 13 26 20 15 24 12 34 8 11 28 26 12 8 13 20 21 32 15 20 
28 31 10 20 29 5 26 18 19 27 18 17 23 27 20 31 16 33 10 11 25 25 7 19 16 17 11 13 13 8 14 18 32 7 34 14 23 33 10 18 31 30 31 14 12 18 24 9 20 16 16 14 23 20 32 20 11 29 23 13 19 22 20 13 12 28 18 18 10 12 15 32 33 21 42 
9 14 10 13 16 8 16 10 25 26 16 30 14 16 24 23 21 18 13 15 28 17 26 14 16 15 18 11 15 15 21 15 37 8 26 16 34 23 20 19 26 28 19 9 14 18 16 15 37 34 13 21 26 20 14 9 13 26 18 11 43 29 37 9 8 20 28 14 9 23 11 19 20 17 33 
35 28 17 10 34 11 21 18 18 28 22 13 21 18 13 16 24 25 15 15 29 16 19 18 17 18 12 11 20 18 28 12 24 14 28 8 11 21 31 16 29 27 11 9 11 14 21 17 45 25 14 30 25 28 32 5 20 32 38 17 4 24 29 14 12 37 21 11 11 25 19 26 30 27 33 
13 22 10 13 29 9 23 9 24 32 24 30 15 18 20 30 19 34 8 8 16 25 34 17 19 20 13 11 16 12 26 17 43 11 24 14 20 41 48 13 24 20 17 12 15 18 23 11 11 16 9 16 29 26 30 15 15 33 11 20 16 26 28 8 6 29 19 7 9 18 12 7 34 21 11 
24 34 9 10 39 7 18 7 25 35 31 33 26 15 15 30 38 19 11 14 12 11 28 6 19 11 7 22 18 14 26 19 29 6 27 10 32 44 30 19 31 29 18 6 22 21 21 10 21 19 10 33 21 18 26 15 16 23 30 21 23 26 22 14 12 21 27 11 9 15 15 27 27 19 28 
29 22 13 3 40 12 12 14 17 20 13 9 29 15 19 30 23 29 16 9 21 25 10 19 20 25 11 17 20 11 23 17 33 9 32 11 26 29 29 24 33 27 20 16 14 14 30 9 36 30 11 12 24 18 28 13 17 36 34 15 17 15 26 8 8 17 37 11 12 29 17 6 31 16 28 
18 32 14 9 37 4 18 16 12 35 16 36 30 21 18 33 25 16 14 17 19 23 17 17 13 14 21 14 21 17 14 17 26 8 37 11 12 31 30 21 16 16 23 18 11 5 25 18 31 22 9 27 20 19 31 13 16 33 29 13 29 27 10 11 6 27 25 16 11 28 16 28 20 14 26 
36 15 18 16 20 13 15 16 19 24 17 46 22 27 29 41 21 17 18 8 25 13 15 16 17 19 13 11 19 12 21 18 35 11 18 12 30 37 38 21 30 13 29 19 15 11 33 16 33 29 10 21 9 20 25 13 16 20 38 25 20 23 35 6 12 15 31 12 10 14 16 26 24 20 27 
38 29 12 13 31 15 21 12 13 31 6 23 23 23 18 32 32 25 21 15 26 17 34 22 14 17 11 19 12 13 27 13 26 10 21 12 22 23 23 24 25 19 19 10 18 19 33 18 17 22 16 25 20 19 4 14 10 24 30 20 25 19 16 9 12 21 24 15 16 19 18 18 20 22 34 
28 23 11 13 26 10 17 11 10 20 21 20 18 20 16 43 22 35 9 13 20 24 39 22 13 23 23 10 26 12 22 18 44 11 24 17 33 18 31 12 21 25 23 16 11 20 19 14 35 28 10 36 27 19 35 11 14 29 31 11 23 21 31 9 13 25 22 14 17 18 17 24 30 17 25 
19 14 14 11 36 9 28 17 20 24 15 26 28 24 20 24 38 31 19 11 16 20 37 16 16 15 20 13 13 13 21 21 27 18 20 11 13 10 27 19 20 29 17 15 17 16 21 14 22 27 7 24 23 25 20 15 18 22 19 18 12 15 14 11 10 26 22 9 7 5 10 19 17 6 42 
27 21 14 12 35 12 18 10 17 24 22 41 21 22 15 23 28 27 18 16 23 24 35 13 19 21 14 19 19 13 28 17 35 14 29 13 34 32 38 21 29 37 22 18 24 13 9 8 30 15 18 13 20 16 30 8 20 28 33 21 26 26 27 9 14 31 15 19 13 28 18 24 8 22 18 
24 17 19 13 25 8 18 14 12 27 22 24 29 19 19 20 29 17 24 15 23 20 17 31 19 12 11 18 18 11 20 11 28 10 28 14 22 18 37 8 32 17 20 18 25 25 24 13 24 19 12 29 18 22 20 11 12 39 24 10 15 18 25 11 8 33 16 12 9 18 20 29 29 24 28 
22 29 13 19 22 9 17 8 21 26 19 38 18 32 24 41 24 29 10 14 24 20 28 28 19 17 11 15 14 15 27 14 9 13 35 12 25 27 14 17 26 26 17 14 10 22 29 20 42 24 9 25 20 20 21 11 10 24 30 11 23 19 27 11 13 21 26 9 10 26 9 22 26 26 21 
23 16 13 17 30 16 16 18 19 33 17 32 25 16 13 30 21 16 14 14 26 28 16 11 17 25 16 12 12 10 26 18 35 9 32 14 23 30 33 24 39 38 18 16 12 16 29 12 16 28 16 42 29 25 23 11 17 17 13 23 26 30 27 9 10 22 18 13 9 23 16 34 16 19 28 
16 31 11 19 28 16 21 13 15 32 20 12 22 23 16 26 17 30 13 16 26 14 19 25 17 11 14 10 14 10 23 17 38 6 20 14 11 30 30 18 30 35 6 16 16 17 30 11 42 22 18 33 18 21 20 9 16 24 33 25 27 19 26 13 12 44 19 7 7 15 13 33 31 17 20 

MachineCapacities:
MachineID Capacity
0 10
1 10
2 10
