NumTasks NumMachines NumScenarios
30 3 10
TaskDetails:
TaskID ReleaseTime ResourceConsumption SuccessorsCount Successors...
0 0 6 9 5 1 1 
1 0 10 3 7 1 2 
2 0 3 3 9 2 3 5 
3 0 9 4 6 3 4 7 9 
4 0 9 1 2 2 6 8 
5 0 2 8 4 1 6 
6 0 10 9 7 1 10 
7 0 10 9 1 1 10 
8 0 9 8 8 2 10 11 
9 0 8 10 9 2 11 12 
10 0 3 8 6 2 12 13 
11 0 2 8 2 1 13 
12 0 5 5 8 0 
13 0 4 4 8 0 
14 0 8 10 7 3 16 17 18 
15 0 7 2 2 1 18 
16 0 3 3 2 2 19 20 
17 0 9 4 10 2 19 20 
18 0 8 8 1 2 19 20 
19 0 10 9 5 3 21 22 23 
20 0 9 4 6 3 23 25 26 
21 0 7 3 8 2 24 26 
22 0 9 9 4 2 25 26 
23 0 5 3 4 2 28 29 
24 0 9 5 2 1 25 
25 0 5 1 4 2 28 29 
26 0 7 5 2 2 27 28 
27 0 3 1 10 1 29 
28 0 8 6 9 0 
29 0 2 5 5 0 

14 19 48 26 27 24 30 23 13 11 27 12 21 16 25 14 13 17 18 28 19 21 20 42 30 27 47 14 25 23 30 23 20 21 21 17 39 30 14 27 29 20 21 32 24 30 15 22 29 32 21 27 8 31 9 22 17 17 7 24 35 36 21 26 34 36 18 35 24 22 23 22 20 23 20 21 10 20 38 31 17 25 36 22 26 17 15 21 35 22 
7 10 25 9 29 21 23 34 31 11 37 17 26 20 20 41 9 13 16 33 22 16 23 30 20 27 43 6 23 22 19 29 16 25 15 19 31 30 22 25 45 25 25 34 25 23 25 26 27 40 27 11 19 22 14 22 21 16 16 14 20 30 20 14 37 21 22 17 15 26 17 32 27 22 17 19 35 30 20 41 12 28 17 22 18 18 9 18 29 20 
15 24 23 13 23 26 24 23 28 24 21 33 28 24 18 19 33 15 14 24 18 15 19 33 10 13 26 14 31 27 25 23 19 27 27 11 25 25 17 31 32 16 37 42 31 30 23 16 35 17 28 21 14 14 15 18 14 24 21 11 25 18 27 15 26 24 16 9 26 20 17 23 5 22 22 21 23 27 17 26 14 16 23 39 40 17 12 25 48 27 
16 18 24 28 29 14 32 27 37 18 9 20 35 20 30 26 25 12 15 24 16 18 28 24 16 9 29 14 37 26 24 30 12 30 14 20 32 29 22 31 34 24 36 27 19 19 24 12 30 18 29 26 10 28 5 19 10 27 16 15 17 32 25 31 27 34 30 34 30 27 11 21 27 23 6 9 22 17 17 42 22 31 33 17 21 23 19 20 26 39 
21 17 30 13 21 21 35 31 18 14 30 20 25 17 7 14 17 10 21 22 20 19 20 40 13 13 31 8 20 16 22 25 26 29 16 8 17 21 16 29 36 23 36 22 25 11 7 12 24 16 13 22 24 14 9 17 23 21 13 16 34 14 27 18 41 27 18 30 16 25 28 24 26 20 13 21 33 26 23 18 20 17 45 35 19 15 15 26 18 52 
4 17 15 21 27 28 41 4 21 31 18 23 29 16 23 25 24 11 16 38 23 23 9 23 21 23 19 14 31 23 24 30 6 17 5 24 18 24 23 33 22 21 14 20 7 22 20 14 35 44 37 19 9 25 22 14 21 38 14 13 19 18 24 27 27 31 19 40 27 27 19 23 13 21 15 17 15 21 30 32 16 37 22 26 16 20 24 19 15 13 
20 7 33 24 26 24 30 24 14 20 44 22 29 17 25 16 23 11 18 29 10 9 19 28 26 15 32 22 17 29 15 31 12 22 22 21 45 15 22 26 37 21 18 41 18 24 22 16 19 30 18 35 30 21 23 22 14 4 17 23 26 25 34 23 23 21 27 16 28 31 20 29 30 21 20 17 13 26 27 15 22 22 31 11 29 18 15 26 34 22 
22 19 33 13 24 21 39 22 33 20 53 15 27 24 15 15 35 19 22 26 27 13 28 22 24 22 24 21 34 30 21 19 11 21 25 15 25 11 17 32 28 24 38 33 16 22 24 16 25 18 35 32 15 33 19 22 5 19 12 14 26 14 16 17 23 29 24 30 24 16 18 8 29 18 27 16 14 24 12 36 14 18 34 26 14 17 27 22 22 30 
16 19 48 23 28 20 34 19 31 9 29 21 37 10 34 19 24 10 15 31 27 16 18 23 16 16 32 13 19 26 22 19 15 22 19 12 39 24 22 34 20 22 45 28 28 28 20 19 24 19 33 27 20 20 16 25 24 18 14 15 25 26 24 26 24 25 24 45 15 20 29 21 22 17 16 12 30 34 15 32 30 25 24 20 37 13 18 15 23 27 
14 17 39 25 35 18 23 24 32 22 31 12 31 11 34 19 15 15 18 31 20 14 24 40 21 15 29 9 28 18 17 25 29 28 27 23 37 30 19 40 38 20 23 24 27 25 7 18 29 32 40 25 20 16 23 21 21 15 9 14 34 31 15 28 37 26 23 36 40 27 18 26 37 27 26 17 24 23 26 20 20 51 33 34 20 16 12 32 40 30 

MachineCapacities:
MachineID Capacity
0 10
1 10
2 10
