NumTasks NumMachines NumScenarios
10 3 30
TaskDetails:
TaskID ReleaseTime ResourceConsumption SuccessorsCount Successors...
0 0 1 7 1 0 
1 0 1 9 9 2 3 4 
2 0 1 9 9 1 4 
3 0 3 3 8 0 
4 0 2 2 3 0 
5 0 5 8 4 1 7 
6 0 2 5 8 0 
7 0 5 10 4 1 9 
8 0 9 6 9 0 
9 0 6 4 5 0 

35 34 13 9 19 27 17 11 24 25 4 17 24 10 24 18 27 13 18 17 13 22 39 23 12 12 11 23 13 23 
23 28 8 16 12 17 12 18 29 13 12 24 13 10 17 10 14 15 15 12 21 24 31 21 10 15 13 31 16 22 
24 28 12 9 14 18 14 17 29 12 9 27 26 15 24 11 21 18 26 15 13 27 29 23 23 11 13 41 5 11 
30 20 15 11 20 25 10 22 23 20 14 24 27 11 22 19 19 11 13 13 26 24 28 12 6 11 12 22 14 25 
15 29 13 14 15 18 16 12 18 15 13 19 20 13 18 19 11 9 33 10 17 22 26 15 9 16 13 33 16 18 
15 31 14 15 15 28 17 23 36 20 15 30 28 13 6 17 29 9 29 10 27 31 36 18 22 11 19 39 11 20 
19 23 13 11 15 17 14 25 24 15 12 42 24 13 25 24 23 13 32 12 9 15 30 22 24 15 18 14 8 16 
21 10 13 9 17 22 13 21 16 12 14 29 24 15 22 20 9 9 26 11 11 19 33 24 26 10 13 32 10 13 
24 43 11 13 11 18 12 17 35 23 13 29 10 8 24 17 25 15 23 11 17 22 13 25 20 16 13 28 11 27 
14 45 12 9 14 16 13 19 28 20 13 39 32 14 18 28 25 8 24 16 28 16 36 19 18 17 19 34 2 21 
22 35 18 10 16 24 13 30 26 19 7 32 18 11 28 31 19 11 28 18 20 19 12 18 22 12 17 22 13 32 
19 18 11 13 15 11 15 19 34 15 10 32 22 11 26 29 22 12 34 15 23 15 19 21 20 14 11 20 7 19 
18 38 12 13 13 17 8 13 33 18 14 21 19 22 12 25 28 8 39 9 24 26 19 9 15 15 11 42 10 18 
18 36 12 8 24 22 12 13 23 21 7 26 27 15 26 13 14 9 27 8 13 19 19 25 13 11 14 52 12 17 
18 21 13 11 19 17 17 22 18 14 6 28 16 12 21 28 10 13 21 13 15 12 22 21 11 13 18 35 9 30 
25 43 10 15 15 27 13 13 23 16 9 29 40 13 17 23 8 15 23 12 26 36 22 19 22 17 23 31 10 27 
15 30 9 7 27 34 14 13 32 16 8 38 25 10 28 24 13 10 21 13 19 20 17 23 15 14 15 20 10 21 
17 35 16 12 11 34 12 16 34 13 9 27 20 12 22 19 24 9 33 12 18 17 20 15 27 14 18 39 8 28 
21 36 12 9 14 19 11 11 20 15 19 24 31 16 24 27 21 14 25 12 26 28 32 28 20 12 17 47 15 19 
19 26 15 12 25 19 9 19 10 24 13 17 18 15 21 32 22 14 27 13 23 12 22 18 19 12 15 52 12 17 
26 19 12 9 21 17 16 16 28 15 12 23 18 13 30 25 24 7 23 15 25 18 25 15 18 17 21 31 14 26 
22 25 12 9 18 29 11 22 31 16 6 32 15 12 19 15 17 9 20 10 22 20 26 13 26 19 9 33 17 11 
13 39 14 12 23 20 12 15 15 14 6 32 18 10 25 22 22 13 30 11 19 27 28 17 8 10 2 42 11 11 
18 31 11 13 13 19 10 18 36 12 9 31 13 6 18 19 28 15 26 12 20 9 29 24 15 19 6 30 10 24 
18 32 12 8 16 14 17 16 34 12 7 15 19 15 29 30 17 13 17 18 23 21 38 28 7 15 18 24 10 32 
21 23 7 14 19 16 10 19 29 19 7 34 23 22 22 26 25 11 27 13 25 23 27 18 9 13 16 34 12 23 
20 34 10 12 8 12 15 20 19 16 5 16 21 11 15 34 14 8 28 11 25 16 15 19 19 6 13 48 11 27 
25 30 9 14 16 31 11 20 27 14 14 23 27 20 16 27 11 11 19 15 25 12 20 26 12 9 20 30 15 14 
26 25 14 12 11 31 15 29 24 11 7 45 14 20 11 10 19 9 26 10 25 15 26 25 5 10 14 30 14 19 
14 39 12 12 17 18 12 17 42 16 7 25 30 13 27 17 24 9 25 16 22 25 17 10 11 13 17 25 11 14 

MachineCapacities:
MachineID Capacity
0 10
1 10
2 10
