NumTasks NumMachines NumScenarios
10 3 30
TaskDetails:
TaskID ReleaseTime ResourceConsumption SuccessorsCount Successors...
0 0 4 3 2 1 4 
1 0 6 5 4 2 3 4 
2 0 9 8 6 0 
3 0 10 3 1 0 
4 0 1 5 3 0 
5 0 6 10 7 1 7 
6 0 1 9 8 0 
7 0 10 9 10 1 9 
8 0 5 2 3 0 
9 0 7 8 4 0 

28 25 21 20 12 31 13 10 24 22 5 17 20 17 24 16 22 9 15 23 11 19 36 18 12 36 12 15 16 15 
30 24 14 29 13 24 19 16 26 17 10 28 21 23 25 23 19 8 38 11 16 14 28 16 11 17 15 22 12 12 
32 32 9 34 12 34 8 16 16 13 8 36 23 31 18 23 21 9 19 13 11 20 25 22 17 5 20 17 12 6 
43 35 19 41 19 24 10 20 16 16 13 32 22 13 21 24 28 12 24 23 11 15 25 18 11 25 21 17 9 17 
22 30 15 9 23 22 16 12 28 20 14 25 19 23 30 20 21 11 22 29 13 16 38 12 15 27 14 12 14 10 
29 29 16 29 4 26 23 11 24 23 7 40 23 24 23 29 30 8 21 24 14 16 54 15 12 29 15 11 15 14 
33 18 19 25 17 39 9 16 24 12 15 33 17 19 18 21 21 10 10 26 14 25 27 20 8 23 24 13 10 8 
24 17 21 30 23 34 16 25 13 25 8 18 26 31 25 26 35 12 26 24 13 20 40 14 15 31 32 21 17 14 
33 31 18 29 17 11 17 20 22 19 10 30 24 26 23 30 46 16 24 19 12 33 39 16 18 23 32 17 10 12 
31 39 17 24 19 22 15 15 14 10 4 24 28 32 24 27 20 11 34 15 14 20 29 19 19 32 24 17 12 13 
23 27 18 21 10 26 14 14 14 16 12 30 25 28 31 17 14 11 26 17 9 26 22 22 14 25 23 22 10 11 
38 28 18 29 17 29 13 21 27 4 13 22 18 27 16 23 13 12 19 27 9 30 29 10 10 24 26 17 10 14 
37 35 19 20 17 14 10 18 24 18 14 40 29 35 26 19 40 7 33 21 11 39 23 22 5 30 24 21 11 13 
29 18 18 24 15 29 16 21 16 20 14 29 22 25 20 28 24 8 19 16 13 26 36 17 14 23 29 13 13 11 
32 26 14 25 22 34 21 19 10 18 13 43 37 33 14 26 26 13 28 21 20 22 13 17 12 16 24 10 20 19 
29 22 21 43 23 25 14 15 22 12 10 28 24 36 21 24 22 10 20 14 11 22 15 25 10 23 23 17 14 12 
27 26 18 17 13 32 19 19 27 17 12 22 33 27 18 22 26 14 15 19 10 34 31 10 9 23 17 20 13 13 
34 26 20 18 15 35 11 17 11 18 8 41 24 28 32 27 23 18 22 15 13 26 18 15 11 29 27 21 17 14 
24 12 20 19 16 27 8 9 20 11 12 33 22 30 24 27 34 14 17 29 11 20 28 12 11 31 25 28 11 13 
29 30 16 24 18 16 6 9 14 14 11 19 18 28 8 23 43 12 35 20 10 23 22 13 9 22 30 10 11 14 
24 27 12 24 17 27 12 11 22 12 10 30 30 33 22 26 24 7 21 13 11 28 21 14 10 33 19 24 18 13 
38 10 16 30 13 10 13 11 19 18 4 39 15 23 18 23 22 9 18 19 10 30 43 18 15 25 24 22 6 12 
26 40 22 24 13 22 16 25 21 20 7 12 28 37 21 27 29 7 21 18 7 17 28 15 13 29 21 11 16 11 
22 21 24 37 18 22 13 18 28 18 2 46 16 23 21 28 28 14 25 17 1 19 35 13 15 22 24 21 14 20 
19 17 17 26 14 22 11 15 21 13 8 31 31 31 29 15 37 13 20 13 11 28 35 16 12 27 19 17 10 7 
28 29 11 31 12 19 19 11 23 21 8 18 21 17 8 12 27 12 19 22 9 26 22 16 8 33 19 16 14 20 
24 34 17 32 17 25 13 14 9 18 6 15 12 25 26 20 29 13 27 17 12 16 30 23 8 19 21 19 8 9 
29 24 14 48 17 37 12 11 15 8 11 31 28 36 25 34 38 10 21 25 12 16 24 14 11 28 24 21 11 10 
36 23 16 26 9 12 17 16 21 18 13 29 25 23 23 17 31 11 16 18 10 26 34 20 12 30 32 11 13 14 
32 37 11 14 11 24 11 9 16 23 8 41 12 24 20 21 45 19 26 25 12 20 26 18 8 11 24 23 13 15 

MachineCapacities:
MachineID Capacity
0 10
1 10
2 10
