NumTasks NumMachines NumScenarios
10 3 30
TaskDetails:
TaskID ReleaseTime ResourceConsumption SuccessorsCount Successors...
0 0 5 8 9 1 4 
1 0 2 7 5 1 4 
2 0 6 10 8 0 
3 0 4 2 5 1 4 
4 0 1 7 4 0 
5 0 3 5 4 0 
6 0 4 2 3 1 8 
7 0 6 7 9 1 8 
8 0 2 6 3 0 
9 0 6 4 3 0 

15 15 9 8 38 31 26 25 13 18 10 28 11 13 12 10 15 15 40 11 17 16 24 22 18 25 45 28 33 16 
23 12 11 12 23 26 15 18 11 12 12 34 13 12 13 15 16 23 21 13 20 29 33 31 37 12 35 26 27 19 
29 11 6 15 27 21 21 18 20 19 19 34 17 14 9 21 20 40 28 15 15 26 26 19 29 31 36 24 23 26 
20 19 9 18 34 16 24 32 22 18 10 26 23 15 16 29 22 28 27 12 15 17 21 19 40 23 43 28 19 33 
28 24 2 13 36 26 17 28 15 12 14 19 21 15 13 32 17 11 22 13 18 17 16 23 15 29 29 20 20 19 
25 23 14 11 40 13 23 27 14 12 17 26 22 13 12 19 22 43 40 11 10 21 23 14 23 22 25 22 33 24 
9 33 10 8 40 18 3 24 11 21 9 30 22 13 10 26 20 43 37 9 15 17 15 16 22 25 27 33 19 18 
23 15 10 16 17 16 25 19 23 15 17 27 9 17 14 22 14 37 25 14 12 24 18 20 20 20 31 24 19 18 
18 20 16 10 34 28 23 20 16 16 17 31 19 15 11 13 16 40 22 9 9 25 18 11 27 30 28 21 14 23 
23 28 11 9 46 36 13 21 14 20 10 27 11 12 14 26 19 29 22 10 17 27 21 23 13 29 21 28 21 20 
33 22 10 11 22 19 21 27 21 18 15 1 20 13 8 14 14 22 27 16 11 25 24 14 34 27 35 25 18 29 
28 12 5 19 35 32 18 16 15 14 13 28 26 14 18 18 25 35 19 10 20 21 14 11 30 29 35 24 24 14 
17 24 11 14 33 35 21 10 25 23 10 33 12 9 9 23 20 27 31 19 16 18 11 29 27 33 42 18 23 18 
28 28 12 16 32 23 23 32 17 19 21 12 16 16 9 31 26 25 34 16 22 16 21 13 32 30 15 17 29 29 
20 17 12 15 31 30 30 11 16 13 15 26 15 8 12 29 30 29 20 15 14 14 20 24 16 18 44 27 18 27 
24 19 10 11 12 38 18 33 14 14 16 35 20 15 18 29 24 29 36 12 20 17 23 11 19 30 28 24 15 14 
28 34 12 9 42 40 24 22 24 20 9 18 15 16 12 22 21 37 31 14 15 23 20 19 25 23 20 26 24 20 
14 25 3 14 30 39 15 42 11 10 21 17 19 15 14 16 16 40 29 12 11 40 28 28 28 33 36 26 33 22 
14 24 10 18 16 31 27 27 20 13 16 9 19 10 12 23 26 29 23 17 16 23 28 34 17 27 17 17 24 19 
11 21 12 7 35 42 11 24 24 11 16 14 16 18 9 25 17 37 22 12 16 22 17 29 24 28 32 15 19 21 
20 22 9 10 16 25 19 23 16 20 18 16 11 9 15 32 20 35 33 13 11 30 8 14 17 29 36 18 20 17 
18 15 11 16 28 12 12 30 18 13 14 20 15 9 9 26 18 37 32 10 18 20 20 19 20 33 33 25 13 33 
20 32 8 16 13 36 23 26 25 18 14 30 23 17 16 17 27 24 35 12 13 27 11 15 37 23 30 21 21 19 
24 26 6 12 20 34 31 36 17 14 16 36 15 15 9 21 9 46 29 14 15 19 18 17 28 27 34 23 29 19 
24 28 11 15 22 37 17 15 21 22 10 42 20 12 11 14 20 12 36 11 12 9 20 13 24 21 22 25 27 19 
20 23 14 10 46 27 28 31 14 10 9 31 16 12 9 36 18 30 18 13 19 21 18 23 20 12 21 20 27 19 
26 21 12 15 33 28 22 28 10 18 13 54 16 9 14 18 12 22 34 15 23 11 19 25 10 35 28 23 22 15 
18 22 11 14 41 29 25 24 23 13 6 23 19 13 8 24 14 20 26 13 12 15 27 16 26 30 43 24 21 11 
30 26 7 15 41 32 20 29 15 18 19 22 26 15 17 18 25 52 32 13 20 13 27 21 22 22 33 27 21 25 
17 39 11 8 46 37 22 23 12 21 17 28 20 15 9 28 18 20 29 16 7 36 28 25 19 24 40 27 27 19 

MachineCapacities:
MachineID Capacity
0 10
1 10
2 10
