NumTasks NumMachines NumScenarios
25 4 10
TaskDetails:
TaskID ReleaseTime ResourceConsumption SuccessorsCount Successors...
0 0 7 3 7 2 6 4 5 6 7 9 11 
1 0 10 9 7 2 4 8 12 13 14 
2 0 7 2 1 3 5 9 10 11 12 13 
3 0 7 5 3 8 4 10 11 12 13 
4 0 10 7 2 2 2 12 14 
5 0 3 2 7 6 1 14 
6 0 7 9 4 7 1 10 
7 0 4 1 6 4 3 12 13 14 
8 0 5 6 7 9 0 
9 0 4 3 9 4 1 14 
10 0 6 2 7 2 0 
11 0 6 10 8 6 0 
12 0 5 1 9 2 0 
13 0 6 9 9 8 0 
14 0 5 9 9 5 0 
15 0 3 4 10 9 3 22 23 24 
16 0 4 9 6 7 3 18 22 24 
17 0 1 3 7 2 3 20 22 24 
18 0 3 9 2 1 1 23 
19 0 5 2 5 9 2 22 24 
20 0 2 5 4 3 0 
21 0 5 8 9 7 2 22 24 
22 0 1 9 4 3 0 
23 0 4 3 2 9 0 
24 0 4 5 8 8 0 

24 22 5 12 22 20 14 14 27 38 20 10 27 26 20 36 15 23 27 17 24 19 14 21 23 13 31 14 7 26 24 33 21 21 14 27 11 12 4 31 12 12 20 21 37 12 21 23 16 17 29 12 13 14 19 26 24 23 18 12 16 28 11 20 13 33 16 13 17 17 8 28 14 12 33 24 16 23 15 29 16 12 16 20 28 11 7 36 33 9 29 33 35 24 18 20 13 14 25 8 
28 18 7 10 25 16 16 19 32 42 15 10 18 23 21 36 18 27 30 13 19 16 23 31 22 14 24 21 10 13 10 29 31 24 13 31 16 19 22 44 17 10 12 22 34 11 23 35 26 17 33 5 10 15 11 27 30 20 17 12 23 25 17 22 9 32 11 10 21 25 12 19 18 19 28 25 24 18 25 25 13 14 17 11 31 10 9 39 17 16 30 19 31 18 9 15 25 25 27 7 
19 28 10 12 15 21 19 10 27 11 8 16 22 24 25 21 20 7 29 13 17 29 22 18 35 15 26 15 9 20 17 20 14 18 12 35 16 12 14 21 13 19 18 12 20 12 18 18 29 15 32 13 10 14 11 4 14 34 19 4 16 30 17 17 9 36 19 15 24 21 15 21 8 18 32 24 25 21 34 30 18 11 19 18 41 11 13 17 20 11 32 36 18 33 11 21 17 19 13 7 
10 8 6 7 32 27 9 18 23 27 15 19 21 24 23 30 13 30 38 14 15 14 32 13 26 14 11 15 12 16 18 7 17 21 13 31 12 13 20 23 21 23 10 23 22 11 21 27 29 19 41 18 15 24 12 26 14 22 17 6 17 23 10 13 14 20 14 12 22 17 9 25 13 23 19 21 32 21 49 37 16 17 17 23 25 15 14 23 24 14 26 31 18 19 20 21 20 16 17 13 
21 27 17 7 31 10 29 10 15 15 18 12 26 41 21 27 22 30 14 17 25 15 22 8 26 6 21 25 17 11 15 26 16 24 7 28 12 13 19 12 16 26 22 18 15 11 29 23 23 16 19 17 12 12 11 22 32 17 22 7 21 36 8 12 12 19 25 14 24 15 16 17 14 14 34 6 29 19 27 35 16 17 15 20 29 11 8 22 39 15 32 31 35 27 14 12 27 9 20 10 
24 23 13 11 25 19 12 10 30 23 19 16 30 30 12 41 14 26 33 14 22 20 30 19 44 11 17 22 11 27 17 47 23 12 17 23 14 17 18 12 11 26 17 18 20 7 16 14 27 10 29 16 13 19 18 16 17 20 19 8 13 26 21 16 9 38 26 8 13 17 11 24 15 15 28 29 30 35 12 17 10 21 16 26 19 12 11 30 40 14 28 17 25 20 13 24 33 23 29 12 
28 33 8 8 25 15 34 16 19 20 11 13 19 24 21 31 15 34 26 18 13 15 12 26 41 14 22 22 9 19 21 25 30 16 8 36 4 21 14 33 9 24 17 8 32 19 27 29 22 12 25 16 12 22 17 34 26 16 10 8 14 32 13 16 9 21 20 12 17 26 15 19 14 17 31 17 29 14 16 20 7 15 19 15 23 15 10 34 21 12 38 13 23 27 16 16 39 16 4 8 
22 34 16 11 24 7 16 14 23 22 29 19 25 20 22 37 30 24 29 12 14 17 24 25 41 8 19 10 11 16 18 29 15 18 10 28 6 14 19 18 19 21 17 17 22 14 18 30 16 20 21 15 10 25 16 22 22 22 16 10 18 17 23 16 11 30 27 14 19 15 8 23 19 11 32 17 33 23 38 25 8 18 15 16 20 12 16 17 21 16 35 24 25 19 25 17 24 17 15 9 
17 24 10 10 27 30 21 14 37 26 22 9 22 37 32 27 21 24 47 18 26 13 23 28 30 8 19 10 10 22 24 23 23 21 11 17 14 11 25 33 6 33 14 25 28 13 21 24 23 14 30 10 11 15 10 28 30 15 23 6 14 21 14 22 12 17 19 10 16 19 9 18 10 20 34 27 15 20 28 23 12 10 17 22 10 11 7 35 23 9 32 28 19 23 17 17 22 19 25 10 
25 26 14 11 19 23 26 11 48 38 24 19 30 25 21 45 22 23 38 10 16 25 20 17 54 12 19 23 8 13 17 36 17 24 14 32 20 14 11 21 12 21 24 17 27 10 16 17 19 15 21 6 8 19 17 13 28 20 22 12 15 26 15 11 13 38 16 15 9 16 15 26 13 19 24 19 31 24 30 15 16 13 17 12 40 6 9 40 22 13 18 29 30 30 13 23 31 17 27 8 

MachineCapacities:
MachineID Capacity
0 10
1 10
2 10
3 10
