NumTasks NumMachines NumScenarios
25 4 10
TaskDetails:
TaskID ReleaseTime ResourceConsumption SuccessorsCount Successors...
0 0 6 7 7 10 3 5 7 8 
1 0 7 2 6 3 2 5 9 
2 0 2 5 1 2 1 4 
3 0 9 2 1 8 1 8 
4 0 9 3 4 7 3 5 7 9 
5 0 7 8 7 5 0 
6 0 2 2 4 5 1 9 
7 0 10 3 3 6 1 10 
8 0 4 3 9 8 0 
9 0 10 9 3 9 0 
10 0 10 2 2 2 0 
11 0 8 9 6 10 3 21 22 24 
12 0 6 6 3 5 3 20 23 24 
13 0 2 9 10 6 4 17 22 23 24 
14 0 5 4 6 4 1 23 
15 0 5 6 3 6 3 20 21 24 
16 0 6 8 3 5 3 20 23 24 
17 0 6 6 6 7 0 
18 0 5 5 6 4 2 21 24 
19 0 3 8 5 8 2 21 24 
20 0 4 8 2 8 1 22 
21 0 1 7 2 4 1 23 
22 0 6 7 5 3 0 
23 0 1 3 9 9 0 
24 0 3 3 10 6 0 

25 15 16 39 15 12 27 22 17 18 19 12 16 25 19 30 25 17 27 9 14 34 29 5 11 10 15 13 23 32 17 27 22 30 17 10 19 20 14 22 27 27 30 8 20 15 32 20 23 24 20 34 26 11 4 24 20 15 32 19 19 17 10 14 25 11 8 34 14 17 28 19 12 25 14 27 50 22 21 17 26 11 43 8 8 26 38 28 22 21 21 14 18 11 8 29 16 11 14 26 
28 13 17 32 14 14 27 22 14 23 29 16 21 34 18 31 22 22 17 13 12 22 23 23 5 12 12 5 16 26 14 33 19 26 10 13 26 26 16 28 29 23 30 10 23 18 36 23 38 45 14 40 21 21 12 25 7 12 32 16 14 9 16 11 23 19 12 24 12 18 17 41 13 16 8 33 35 27 24 37 33 16 24 12 5 14 35 26 26 23 33 10 16 24 14 19 26 8 16 23 
23 18 15 33 8 19 31 28 29 29 21 11 13 36 13 25 20 31 24 15 13 30 29 21 5 16 16 12 14 27 18 24 27 34 14 14 41 16 16 17 17 11 18 10 24 22 17 23 27 32 18 36 16 20 14 24 23 18 21 23 17 12 9 9 22 10 15 12 26 5 26 34 12 35 9 38 15 29 25 30 22 17 38 14 10 27 26 38 15 32 12 17 20 22 12 35 38 13 14 26 
28 10 18 37 19 13 32 19 31 19 24 12 26 21 26 24 24 28 32 10 15 22 25 23 14 15 23 12 19 33 16 23 32 26 22 15 15 26 20 25 26 20 18 13 18 16 30 24 30 23 12 36 38 12 13 23 6 14 37 28 15 14 10 8 22 20 11 13 28 14 26 24 12 23 7 34 27 31 13 25 24 15 20 10 13 31 30 12 21 19 21 21 11 17 13 34 28 6 18 25 
31 13 13 26 12 16 27 19 19 18 27 21 19 33 14 30 34 31 27 14 9 28 35 22 8 14 16 7 22 27 15 27 11 36 11 14 33 21 15 26 30 18 16 13 18 16 32 17 6 35 11 45 31 14 14 25 17 22 31 22 24 16 12 12 25 9 11 26 19 8 43 19 14 20 13 13 42 28 40 27 29 10 38 14 10 38 19 35 15 21 24 15 17 11 9 35 37 14 15 19 
21 11 26 19 13 15 21 28 31 23 26 20 27 33 22 42 34 11 23 7 19 24 36 36 12 11 20 7 8 23 12 28 17 18 13 10 27 26 11 28 20 19 28 8 23 17 31 22 22 33 19 13 42 16 9 35 12 20 32 13 20 17 9 11 20 16 13 44 10 12 24 32 11 23 13 35 30 28 25 19 17 12 30 13 12 24 30 24 13 25 19 5 10 32 10 19 29 9 22 18 
30 14 15 31 13 11 32 24 22 13 32 23 11 21 10 23 22 23 42 16 14 21 33 24 16 7 22 18 13 21 17 29 31 27 15 10 28 18 9 19 15 23 16 10 23 13 32 17 31 38 17 13 33 25 9 18 9 20 29 20 13 17 9 14 26 13 15 15 17 12 31 30 17 17 17 31 19 36 35 22 27 13 45 5 6 16 32 26 18 22 27 16 5 23 9 29 30 14 19 16 
21 12 15 37 10 6 28 23 37 15 28 19 23 34 19 30 36 22 26 17 8 15 12 27 10 7 12 10 23 23 20 38 17 27 16 5 19 24 17 21 22 22 34 6 25 12 34 24 13 24 17 21 31 16 11 23 13 10 34 14 23 16 10 6 30 15 10 35 15 21 17 26 10 26 11 17 30 41 25 27 37 8 26 11 6 29 16 32 15 23 30 17 12 17 13 16 33 9 26 26 
17 4 17 13 10 20 27 33 19 25 31 13 21 32 21 17 42 14 24 11 12 24 28 37 13 9 17 11 11 22 18 26 20 20 15 15 27 20 16 19 30 14 10 10 16 12 30 23 27 30 8 29 33 20 11 20 20 22 30 13 18 19 16 12 10 17 13 31 22 10 18 20 16 21 17 20 31 32 25 31 22 11 27 12 13 21 15 29 13 24 33 18 22 22 7 33 33 6 2 20 
25 11 20 21 14 16 34 33 18 20 32 17 22 33 17 33 13 23 23 14 14 23 29 21 10 10 13 15 11 41 13 31 25 35 13 15 25 20 20 19 36 16 7 7 19 18 37 22 23 33 16 23 20 14 6 31 17 15 38 30 24 19 7 10 28 11 12 28 20 15 34 18 16 34 15 28 12 14 33 24 32 14 24 10 8 17 29 7 16 14 23 17 12 23 10 35 15 12 19 27 

MachineCapacities:
MachineID Capacity
0 10
1 10
2 10
3 10
