NumTasks NumMachines NumScenarios
25 4 10
TaskDetails:
TaskID ReleaseTime ResourceConsumption SuccessorsCount Successors...
0 0 3 9 9 6 4 4 6 7 8 
1 0 5 4 6 2 2 6 7 
2 0 4 8 6 2 5 3 4 5 8 9 
3 0 10 6 4 7 1 10 
4 0 4 8 1 8 1 10 
5 0 3 4 9 2 0 
6 0 8 7 2 4 1 9 
7 0 6 5 10 10 0 
8 0 5 3 5 5 0 
9 0 3 6 3 5 1 10 
10 0 7 8 9 4 0 
11 0 9 6 8 8 3 15 17 19 
12 0 5 9 9 1 4 20 21 22 24 
13 0 4 5 6 5 2 20 24 
14 0 2 9 4 7 1 21 
15 0 1 8 4 4 3 16 21 22 
16 0 2 10 6 3 0 
17 0 9 7 7 2 2 20 24 
18 0 6 4 2 9 2 21 23 
19 0 9 7 10 6 1 24 
20 0 8 3 6 9 1 23 
21 0 2 10 5 2 0 
22 0 6 4 7 2 0 
23 0 1 5 4 5 0 
24 0 1 7 1 2 0 

10 35 21 13 16 23 20 26 11 21 22 14 29 40 16 7 27 12 23 12 17 14 18 29 22 16 11 26 32 18 7 16 37 19 15 11 6 22 9 31 11 20 12 18 36 12 24 11 27 21 34 31 23 12 22 11 15 54 13 30 10 10 23 15 23 21 14 26 9 19 34 11 29 18 24 32 28 20 11 29 38 10 20 35 16 9 23 28 21 25 22 16 11 16 16 16 16 15 7 21 
9 32 22 29 7 24 23 28 16 24 16 16 34 30 16 17 15 14 19 22 24 25 20 30 21 23 8 23 21 18 12 27 25 16 9 11 14 7 11 17 25 23 44 13 22 10 16 26 25 23 35 13 24 9 11 14 15 31 16 18 12 8 22 23 25 23 17 20 26 23 44 13 12 28 15 33 32 31 24 33 27 8 26 19 21 10 25 38 20 20 30 25 14 16 23 21 15 33 19 14 
14 31 25 30 16 17 19 24 18 22 15 8 37 26 13 11 21 10 24 12 26 30 21 19 13 18 10 34 25 7 12 15 32 14 13 6 8 7 11 32 22 10 25 21 38 14 29 14 26 17 22 29 21 10 21 15 14 24 19 27 10 6 15 25 19 28 13 27 25 24 29 10 22 15 18 24 20 16 24 44 39 7 22 24 24 9 27 9 35 25 19 33 13 19 10 10 15 18 18 20 
13 16 24 37 8 25 14 29 17 8 17 11 13 16 16 11 30 10 20 12 28 13 18 24 21 13 12 16 23 21 7 11 34 17 14 9 13 17 10 22 22 13 30 15 20 14 16 33 20 15 35 11 14 14 12 14 14 17 20 28 9 9 17 23 27 23 14 26 20 19 30 12 7 21 11 26 36 28 19 37 38 14 26 22 25 9 23 31 22 28 14 31 14 19 21 10 15 30 22 13 
8 29 16 28 13 21 17 38 19 14 17 13 19 46 14 9 21 12 25 13 15 18 11 35 18 22 14 27 26 16 6 18 31 16 12 13 12 17 6 25 22 16 30 10 17 12 20 25 9 14 30 26 10 10 18 15 16 22 17 32 9 8 21 22 13 28 17 23 22 25 39 17 26 24 25 41 25 32 14 36 28 12 30 25 37 9 19 34 25 23 12 15 14 15 20 13 10 27 17 19 
14 16 22 25 13 16 14 19 12 17 11 19 35 45 13 14 25 8 22 18 22 19 13 26 19 23 9 20 35 24 12 30 23 14 11 11 17 14 11 22 21 13 36 21 37 15 28 30 20 20 25 15 15 11 12 14 14 38 20 17 10 10 13 34 24 28 16 36 30 28 28 16 24 16 13 18 35 27 13 31 28 10 28 10 25 9 29 25 31 13 23 32 11 17 28 12 9 27 15 13 
9 19 20 24 11 27 12 34 15 9 16 18 40 31 10 10 17 15 33 15 19 17 9 30 16 17 15 38 20 13 7 15 8 19 7 14 11 17 9 10 25 23 31 16 31 14 28 35 16 12 28 10 20 10 19 17 22 22 16 22 9 10 16 29 27 13 12 12 15 33 10 9 20 24 14 19 25 34 20 31 30 14 25 19 23 12 23 4 27 17 17 30 10 15 21 23 16 23 16 9 
8 32 24 35 10 13 18 13 11 26 15 13 29 24 20 8 22 12 25 8 25 14 13 23 33 16 11 23 17 15 20 22 35 20 12 10 16 10 7 12 13 23 28 22 27 15 26 34 15 21 39 29 17 11 20 10 23 39 18 25 13 15 19 34 26 20 14 16 24 26 22 11 15 17 24 25 26 49 18 27 18 6 24 33 10 12 18 28 20 25 25 24 16 11 23 14 9 19 22 17 
4 35 14 31 6 17 21 10 20 11 12 13 46 23 12 14 28 13 25 19 28 18 8 24 16 34 14 21 19 16 10 14 20 21 11 9 9 20 14 26 13 21 32 21 47 13 22 31 15 4 20 20 18 10 25 12 13 44 13 22 9 8 24 41 26 24 11 13 17 30 15 15 29 20 24 25 21 38 27 39 28 14 22 24 19 13 31 33 35 17 19 23 9 10 23 20 12 35 30 18 
13 38 17 16 11 24 19 25 12 18 26 18 36 34 9 12 21 13 24 17 33 23 11 29 15 18 13 32 25 24 14 32 13 11 10 8 11 22 13 19 21 14 20 23 19 12 21 38 17 11 23 16 31 10 23 14 17 16 9 22 9 7 10 26 18 13 16 8 31 31 22 17 20 27 15 19 21 25 11 23 18 14 20 32 16 10 31 25 23 22 19 20 8 17 24 17 8 13 26 16 

MachineCapacities:
MachineID Capacity
0 10
1 10
2 10
3 10
