NumTasks NumMachines NumScenarios
25 4 10
TaskDetails:
TaskID ReleaseTime ResourceConsumption SuccessorsCount Successors...
0 0 9 1 2 6 2 3 6 
1 0 2 6 4 9 0 
2 0 8 4 9 9 2 5 7 
3 0 2 4 2 8 2 5 7 
4 0 6 5 5 2 0 
5 0 10 10 4 9 0 
6 0 4 8 9 10 0 
7 0 3 10 5 4 0 
8 0 8 9 2 5 1 13 
9 0 7 10 7 5 4 10 14 15 21 
10 0 10 2 8 9 2 17 20 
11 0 6 8 9 6 2 22 23 
12 0 9 7 7 4 2 22 24 
13 0 2 3 6 2 4 15 17 20 21 
14 0 5 2 10 9 0 
15 0 2 4 10 9 4 19 22 23 24 
16 0 10 3 6 4 2 17 24 
17 0 3 6 8 7 1 22 
18 0 3 5 8 1 0 
19 0 4 5 4 5 0 
20 0 8 6 7 5 0 
21 0 8 2 8 9 0 
22 0 10 4 10 8 0 
23 0 9 5 8 1 0 
24 0 6 1 9 7 0 

17 9 20 28 18 8 14 12 20 18 10 21 15 14 8 11 25 28 23 16 29 19 14 14 19 13 20 17 29 31 25 10 17 10 10 19 19 16 20 14 15 22 18 9 7 21 21 14 11 12 16 28 43 20 18 12 11 23 21 6 14 8 27 19 8 26 8 20 28 14 13 18 15 33 20 19 13 17 13 12 26 21 30 16 20 16 17 23 14 22 37 20 20 11 11 16 17 5 8 19 
21 25 19 33 17 17 14 29 23 27 13 18 13 12 10 15 16 31 28 8 11 12 17 17 27 21 31 16 25 20 19 20 17 22 14 15 24 23 16 19 17 2 19 22 14 23 24 20 13 8 25 20 21 22 21 8 20 43 18 10 15 15 24 19 21 37 11 24 22 18 19 16 17 52 23 10 16 15 15 18 28 22 34 15 23 16 26 11 11 11 14 19 26 10 34 19 16 7 12 43 
28 19 8 37 5 13 10 30 26 20 14 13 15 22 6 28 17 33 22 8 29 19 3 17 27 22 33 13 20 31 10 14 15 21 13 13 21 48 24 20 14 13 27 20 13 13 16 20 16 11 14 18 37 18 12 9 29 32 20 9 10 8 22 7 13 35 12 19 27 10 18 10 14 28 21 15 10 16 10 13 26 12 29 13 18 21 23 16 2 13 27 19 23 13 22 26 23 13 8 32 
28 23 19 24 13 4 15 13 19 25 12 18 12 12 14 24 26 40 30 12 18 15 14 18 20 23 21 7 27 19 20 20 16 19 21 15 14 40 23 16 20 10 19 33 21 15 19 17 11 8 11 10 27 25 16 9 17 31 28 10 14 10 1 11 22 24 10 15 34 11 14 17 17 23 24 10 17 9 10 18 23 22 22 17 30 22 24 11 12 17 24 26 21 9 24 30 23 10 9 28 
18 13 14 32 16 10 13 21 15 23 7 20 11 14 18 23 33 16 21 18 28 22 19 13 32 22 14 26 28 25 22 13 15 15 19 16 12 9 19 18 24 25 22 27 14 23 21 16 12 23 20 14 30 24 13 14 25 28 10 12 9 11 12 8 16 10 14 17 18 10 15 23 17 12 15 11 19 14 14 14 9 14 31 16 25 24 22 16 10 23 18 27 22 9 27 28 25 10 14 22 
19 30 16 18 16 6 10 30 23 12 12 28 11 10 12 30 39 32 28 14 27 20 13 16 23 25 30 16 28 20 10 22 15 30 19 9 27 29 15 18 14 21 30 8 16 24 24 8 15 20 29 12 34 17 15 16 21 41 13 8 16 8 30 15 18 37 21 13 26 16 20 12 20 14 20 12 22 23 10 14 26 17 27 11 17 25 17 16 11 11 24 30 21 8 25 28 23 10 13 30 
15 16 17 25 19 11 11 19 15 24 11 18 16 12 13 13 28 35 33 9 12 17 11 8 22 24 40 20 21 35 19 18 24 16 22 12 25 27 17 19 19 19 17 22 11 12 20 15 15 29 15 15 35 20 18 14 34 31 14 10 9 8 17 15 12 17 9 25 28 14 11 18 19 38 17 13 12 15 11 22 27 10 27 12 30 28 17 11 10 10 22 28 23 11 11 36 20 17 13 30 
14 17 19 30 8 9 11 19 29 17 17 15 12 17 17 23 26 30 28 15 26 24 20 15 20 42 32 17 25 34 26 9 24 23 15 14 14 15 15 18 21 14 23 21 13 18 20 20 12 27 21 7 39 22 18 14 18 7 24 10 11 13 24 13 12 27 13 10 17 15 16 18 16 30 25 8 13 17 12 17 14 13 29 13 14 20 18 26 12 12 24 38 26 10 17 31 22 10 11 32 
16 14 16 23 7 12 14 22 26 17 13 24 13 15 11 27 40 26 22 8 26 16 18 15 34 43 38 14 16 14 20 16 12 16 21 18 18 22 19 20 24 23 25 19 16 24 11 13 11 23 16 24 34 22 20 9 23 33 14 8 9 5 26 14 20 24 7 10 19 14 13 12 6 31 18 15 21 17 10 10 15 32 44 11 30 20 19 16 11 11 28 21 25 10 35 24 16 6 4 31 
16 11 13 36 14 6 11 22 15 21 12 18 12 14 19 23 17 26 27 13 19 23 17 13 23 10 21 18 31 27 17 16 20 5 19 15 22 30 19 12 23 17 10 24 5 20 7 17 6 14 13 23 35 18 16 15 27 27 24 14 9 9 37 14 16 12 9 12 19 17 14 17 18 15 23 12 19 12 13 15 15 19 9 19 25 30 19 14 17 10 27 27 14 10 35 21 21 6 10 32 

MachineCapacities:
MachineID Capacity
0 10
1 10
2 10
3 10
