NumTasks NumMachines NumScenarios
25 4 10
TaskDetails:
TaskID ReleaseTime ResourceConsumption SuccessorsCount Successors...
0 0 5 6 1 8 4 7 9 11 12 
1 0 2 2 2 7 4 4 8 11 12 
2 0 9 7 2 10 3 4 11 12 
3 0 6 5 1 4 3 8 11 12 
4 0 6 7 8 8 0 
5 0 2 10 8 2 4 7 9 12 13 
6 0 10 4 9 8 2 10 13 
7 0 4 9 3 2 0 
8 0 9 2 6 7 2 9 13 
9 0 5 1 3 3 1 10 
10 0 10 7 5 4 0 
11 0 5 9 1 8 1 13 
12 0 4 5 4 6 0 
13 0 10 2 7 1 0 
14 0 3 7 7 10 3 20 21 22 
15 0 4 1 1 5 2 20 21 
16 0 7 4 3 1 1 24 
17 0 4 6 4 6 1 24 
18 0 2 6 8 9 1 24 
19 0 3 5 4 9 0 
20 0 7 3 9 8 0 
21 0 3 9 4 9 1 24 
22 0 4 2 8 9 0 
23 0 6 5 2 5 1 24 
24 0 4 10 7 1 0 

27 30 10 33 8 21 11 12 17 30 34 32 14 33 19 8 19 12 18 16 16 34 16 32 12 15 30 33 18 21 17 13 16 22 19 12 15 14 23 11 33 14 11 7 12 18 11 29 16 11 13 20 18 13 16 7 12 20 21 15 16 16 12 15 18 13 17 22 17 16 17 24 16 24 15 10 28 44 15 25 24 15 13 10 16 16 11 21 30 28 23 10 18 20 22 21 19 37 20 6 
20 30 10 19 16 26 8 9 14 13 20 27 38 35 45 9 15 11 13 17 14 38 16 18 14 14 17 28 21 12 12 7 12 36 18 16 12 13 19 9 30 8 19 13 26 20 19 23 10 17 13 25 18 9 11 10 11 18 20 12 32 22 11 14 22 13 16 22 27 19 13 35 12 28 19 3 24 43 18 20 22 31 10 13 21 14 15 24 14 26 11 16 25 31 24 27 26 28 14 10 
23 30 10 34 13 14 12 8 15 10 19 20 23 39 29 5 15 11 20 9 17 30 8 27 31 27 43 23 20 19 17 13 14 30 19 16 17 8 16 14 36 26 23 12 24 18 16 19 14 33 15 26 10 9 14 7 15 19 13 16 15 21 4 12 12 11 20 24 34 21 16 30 14 30 20 7 28 31 17 21 26 25 6 12 15 17 11 12 34 16 18 7 18 36 12 25 34 22 14 10 
25 27 13 27 17 12 13 11 13 27 27 30 21 24 38 7 18 19 27 11 25 20 12 24 42 19 20 24 11 10 17 10 15 24 19 15 14 11 18 9 17 17 14 12 19 22 7 25 14 21 18 27 16 8 18 17 12 17 20 7 19 24 5 14 26 27 21 23 26 20 17 36 19 21 19 13 18 51 11 19 32 14 6 14 24 24 14 11 13 24 15 12 20 30 19 27 34 28 15 13 
24 23 5 26 20 28 18 15 14 2 33 27 17 35 13 12 21 19 13 10 27 21 11 20 34 17 18 25 18 20 12 11 12 35 17 13 22 9 20 12 28 20 18 17 20 14 13 25 15 26 13 25 20 12 16 17 3 14 20 7 22 20 14 9 12 22 21 23 32 23 14 36 14 22 29 11 29 35 20 30 17 36 11 11 17 13 9 22 25 26 21 12 12 33 9 17 38 23 11 13 
21 23 12 34 20 20 10 14 16 25 19 25 32 30 26 12 17 15 20 13 18 7 17 22 31 21 44 27 12 15 14 11 13 18 17 9 25 14 23 9 27 24 15 10 18 23 13 33 16 26 10 28 21 10 18 13 16 13 15 14 28 12 9 8 27 22 20 25 28 18 13 32 22 27 16 7 16 38 7 27 25 40 12 13 14 16 15 22 32 9 18 11 28 20 22 34 25 31 15 12 
29 36 7 23 19 19 15 13 12 27 19 30 17 48 32 13 18 16 23 19 12 25 10 27 28 22 42 26 11 13 14 18 10 29 16 10 18 14 15 8 22 12 27 15 19 32 15 23 19 19 8 23 19 13 15 10 17 19 17 10 22 15 7 12 26 26 20 16 18 19 12 47 20 23 21 9 34 24 18 25 33 30 9 10 22 22 16 20 26 17 19 10 26 23 21 24 17 26 21 9 
26 24 8 27 17 20 10 9 12 26 37 22 18 31 25 13 17 19 26 13 24 23 12 31 24 16 34 29 17 18 22 13 18 31 29 6 18 10 22 6 34 16 17 13 24 15 15 27 10 22 15 22 25 6 20 13 17 25 19 12 29 11 13 12 28 7 18 19 25 21 8 17 17 23 16 11 30 28 12 24 18 35 13 11 9 15 15 20 17 23 16 10 14 18 15 24 16 16 19 11 
20 25 8 35 19 9 9 15 22 22 25 20 28 39 26 3 6 19 17 13 18 35 18 32 28 7 29 36 15 12 14 10 12 32 29 7 17 11 15 11 36 9 16 15 27 23 15 31 16 33 13 21 16 8 10 13 13 23 21 14 23 34 7 10 10 22 25 25 31 10 13 31 22 23 19 13 33 28 18 16 20 14 10 12 11 14 14 26 29 22 15 7 18 29 20 24 22 27 26 13 
27 27 14 34 13 16 8 9 19 29 36 18 28 16 29 12 17 14 11 13 25 34 15 19 14 20 36 23 22 14 17 13 12 21 18 9 17 8 27 5 18 24 18 11 32 20 7 30 11 25 14 41 22 7 20 11 10 20 17 12 15 20 12 10 19 14 27 24 34 15 17 31 21 18 28 13 30 27 12 31 38 25 7 7 14 17 23 26 40 16 14 10 22 36 20 31 10 21 14 11 

MachineCapacities:
MachineID Capacity
0 10
1 10
2 10
3 10
