NumTasks NumMachines NumScenarios
25 4 10
TaskDetails:
TaskID ReleaseTime ResourceConsumption SuccessorsCount Successors...
0 0 5 3 4 6 2 14 17 
1 0 9 6 9 9 5 9 13 14 15 17 
2 0 3 9 1 1 2 12 16 
3 0 1 9 5 8 3 9 14 15 
4 0 2 6 2 3 3 15 17 18 
5 0 2 1 8 2 3 10 12 17 
6 0 8 1 8 2 6 11 12 13 15 16 17 
7 0 3 6 7 8 0 
8 0 8 7 1 3 0 
9 0 8 5 4 4 1 16 
10 0 5 1 8 7 0 
11 0 4 4 6 8 1 18 
12 0 4 5 6 8 0 
13 0 1 10 7 4 1 18 
14 0 2 7 2 6 0 
15 0 1 7 5 4 0 
16 0 8 2 4 7 1 18 
17 0 6 1 5 4 0 
18 0 4 8 3 7 0 
19 0 6 6 10 4 0 
20 0 9 2 8 6 2 23 24 
21 0 2 7 3 10 1 24 
22 0 8 7 9 1 0 
23 0 4 1 3 5 0 
24 0 4 9 6 5 0 

27 22 8 14 12 22 13 17 11 13 29 24 12 18 23 15 12 15 18 23 7 15 7 22 13 15 14 9 25 19 11 22 8 20 27 22 11 18 12 15 15 33 14 11 36 8 11 26 19 24 19 15 19 26 13 19 12 21 29 15 15 22 20 20 23 15 21 22 18 9 12 14 16 13 14 14 40 9 30 22 8 15 25 25 29 29 12 18 31 20 19 22 15 25 14 20 26 11 26 32 
19 25 32 11 21 12 26 18 10 20 33 21 10 19 11 15 10 12 16 35 17 21 12 36 11 16 12 11 24 23 29 27 23 19 20 27 17 10 10 23 7 24 16 12 25 33 10 16 17 11 23 18 27 18 40 33 14 15 23 15 12 20 13 24 16 28 26 27 9 12 16 15 11 8 17 9 28 9 28 19 7 12 30 31 24 27 15 22 34 14 26 15 13 17 15 16 28 8 31 27 
37 12 31 9 13 14 41 14 13 18 27 26 9 27 10 11 12 15 21 31 13 21 17 25 7 7 10 13 24 17 31 41 25 24 19 24 8 12 13 12 12 8 14 19 37 27 9 17 12 26 10 21 21 26 44 42 18 18 20 13 12 23 20 24 28 17 25 31 13 13 12 22 10 10 13 13 29 13 29 21 15 18 26 16 31 31 19 28 30 23 25 20 14 20 14 16 30 8 21 41 
19 21 26 9 12 19 22 16 10 27 22 24 12 19 11 3 12 28 24 40 17 22 14 20 4 19 28 5 10 26 21 39 20 22 22 23 14 13 14 21 10 47 15 22 42 10 12 22 27 18 19 24 20 9 36 25 12 16 36 16 12 23 13 15 15 19 35 33 15 12 12 19 9 13 10 8 19 18 42 14 18 20 38 18 23 19 13 24 34 30 30 25 19 40 17 16 26 16 13 37 
35 21 14 11 14 19 34 23 9 33 20 18 10 31 13 18 10 16 15 35 16 13 18 15 16 23 21 12 25 20 31 31 19 22 31 22 15 12 14 29 10 35 16 10 23 17 12 39 11 11 12 13 22 12 25 24 2 18 23 13 13 6 17 19 25 12 23 23 12 17 18 14 10 8 4 8 21 9 49 14 13 6 26 12 36 30 15 29 34 25 30 22 11 28 13 16 22 15 27 40 
22 23 31 10 22 25 20 28 10 24 28 18 12 25 18 11 13 18 18 38 9 25 20 35 11 22 24 13 38 30 15 39 33 21 32 19 15 11 15 26 11 46 8 15 20 7 10 23 27 20 18 19 11 22 21 16 23 16 28 10 9 26 10 23 25 22 33 16 10 14 11 13 4 12 14 10 20 12 40 17 13 13 30 23 12 24 16 19 41 18 18 24 12 30 25 15 27 13 24 22 
25 21 28 10 14 29 27 26 15 32 14 21 14 19 13 16 5 11 22 44 21 30 19 38 11 20 22 15 34 19 32 21 18 20 21 13 12 13 15 22 17 47 17 15 39 30 13 35 17 17 10 10 14 18 32 32 19 22 37 14 9 24 17 21 12 20 23 31 10 11 21 13 14 4 2 10 33 13 44 10 17 10 34 26 33 20 19 28 27 30 31 25 13 33 14 22 14 17 18 38 
27 23 22 11 16 24 17 22 5 27 24 24 13 26 17 11 8 13 25 33 14 23 14 25 10 20 13 7 16 6 30 23 25 19 29 29 11 10 14 27 10 23 12 16 32 17 10 23 32 5 11 16 17 26 22 31 16 21 14 12 10 13 18 5 23 5 22 40 14 12 9 22 15 14 14 13 33 14 25 19 15 16 11 42 24 18 15 10 43 20 26 17 11 31 16 18 30 11 18 35 
32 15 23 11 28 18 16 25 11 17 23 18 13 30 10 16 14 13 23 19 17 16 11 31 6 23 15 14 41 25 28 33 19 25 29 23 5 14 21 22 11 29 15 17 40 31 11 28 14 17 10 10 10 18 31 21 28 19 24 13 12 18 15 20 13 18 34 21 14 15 22 16 15 17 12 7 25 10 22 16 22 11 34 30 22 3 19 23 7 17 25 26 20 25 15 20 25 11 22 27 
25 23 15 8 19 27 33 23 14 29 33 22 12 35 11 17 11 10 18 37 13 27 18 32 10 16 20 10 27 14 28 25 30 30 27 17 13 14 16 16 13 32 13 20 38 32 13 25 22 15 19 20 16 18 40 27 14 14 26 18 5 16 12 15 15 23 30 25 14 9 13 9 12 7 14 9 15 9 24 11 10 10 15 20 34 21 13 18 23 39 26 18 19 21 7 17 27 11 16 30 

MachineCapacities:
MachineID Capacity
0 10
1 10
2 10
3 10
