NumTasks NumMachines NumScenarios
15 3 50
TaskDetails:
TaskID ReleaseTime ResourceConsumption SuccessorsCount Successors...
0 0 6 7 8 1 2 
1 0 7 3 6 2 3 4 
2 0 10 8 8 0 
3 0 4 5 6 0 
4 0 10 8 8 0 
5 0 6 7 5 4 11 12 13 14 
6 0 8 5 6 4 9 10 12 13 
7 0 9 5 3 4 11 12 13 14 
8 0 8 5 3 0 
9 0 3 2 3 2 11 14 
10 0 2 9 6 0 
11 0 6 4 8 0 
12 0 10 8 5 0 
13 0 5 7 3 0 
14 0 4 4 3 0 

13 18 7 27 26 24 20 15 18 31 39 15 17 8 27 22 27 29 14 25 27 26 16 17 21 15 32 20 15 27 27 13 33 19 18 27 25 14 5 13 27 22 12 13 16 
15 19 16 26 25 36 25 16 27 26 23 22 21 25 26 23 14 18 24 25 28 22 10 9 8 18 29 21 12 23 17 37 18 24 18 34 33 7 8 10 28 17 19 15 28 
10 14 18 22 36 10 16 20 17 28 30 28 23 33 11 14 24 28 23 29 17 27 15 16 11 18 25 23 11 20 19 27 27 15 20 16 30 7 16 18 23 19 25 18 13 
13 18 11 32 15 42 19 27 15 23 24 16 13 33 34 11 9 30 17 18 36 38 18 14 29 15 14 34 14 31 34 29 19 7 15 28 23 10 15 12 17 26 15 12 22 
17 18 17 17 27 18 21 28 21 20 44 22 18 28 24 17 18 32 11 32 33 22 15 12 21 19 41 29 8 32 30 35 30 19 19 36 29 13 9 18 30 13 32 19 18 
10 19 14 23 28 27 23 18 15 38 15 16 19 21 22 20 14 29 9 27 22 18 22 16 26 14 31 30 13 17 18 16 25 7 19 23 16 8 10 15 21 17 17 23 13 
19 20 8 27 22 28 31 11 20 22 17 24 25 29 11 24 22 16 21 21 35 18 21 10 19 14 28 23 14 27 13 40 20 17 24 35 16 11 7 16 26 15 15 16 14 
14 27 15 30 16 29 24 30 22 28 26 21 23 19 12 31 22 37 17 31 35 38 21 13 16 11 36 28 17 13 27 22 32 10 22 39 13 12 21 20 28 22 29 6 15 
8 8 13 28 28 31 17 33 16 21 24 18 22 23 26 28 18 25 14 20 25 37 13 12 28 13 38 18 9 24 31 21 22 19 20 19 23 8 12 19 21 23 21 19 23 
13 21 10 35 20 31 33 21 18 42 29 14 13 24 12 33 27 15 17 9 35 24 13 13 33 25 30 23 6 29 30 25 17 23 22 10 20 12 6 16 29 19 24 14 11 
11 14 16 27 26 33 24 22 14 28 17 23 10 18 19 24 18 27 10 31 14 27 6 14 13 25 34 23 11 23 22 27 29 24 17 24 25 15 15 9 44 23 19 18 22 
13 12 12 26 23 17 29 26 23 18 19 16 18 37 29 27 28 9 17 23 22 30 12 14 24 12 34 25 9 17 23 37 36 18 20 22 19 10 8 20 28 17 20 19 11 
15 21 13 18 38 31 24 19 12 27 34 21 16 17 36 23 26 29 19 17 20 30 15 10 23 14 38 20 6 19 14 17 29 17 15 13 22 6 13 10 35 16 21 14 13 
13 14 18 16 30 29 25 13 13 28 15 13 16 18 28 27 13 29 14 26 21 40 12 7 20 19 29 19 9 18 36 21 24 17 16 23 11 15 13 6 28 9 21 14 16 
11 21 16 32 22 20 27 21 19 19 33 21 14 24 27 18 22 23 19 20 25 34 8 12 29 21 27 31 9 13 41 34 34 11 26 38 20 13 11 20 32 14 21 14 20 
17 13 15 25 21 25 22 12 22 18 13 20 17 28 22 26 19 18 18 34 19 38 11 15 27 16 28 24 9 22 31 14 22 17 27 24 24 12 11 16 23 18 16 18 21 
12 16 17 19 31 17 26 24 8 19 32 21 24 33 20 20 17 24 15 37 31 18 9 16 18 10 20 29 6 16 35 28 29 18 22 19 19 12 13 12 31 26 17 17 13 
12 10 6 34 27 23 34 18 15 38 22 27 22 23 24 27 21 7 16 26 13 25 19 16 23 13 38 16 8 22 45 17 27 19 10 33 23 10 12 17 33 15 21 16 13 
10 17 6 11 27 36 21 18 14 37 19 20 14 26 26 18 14 35 27 22 25 29 18 14 18 11 21 24 3 18 35 15 26 19 21 25 22 15 19 12 28 23 39 10 12 
15 27 10 14 36 36 20 13 19 30 23 20 21 32 27 37 20 20 20 30 39 28 8 9 28 10 25 17 4 15 24 5 17 13 16 21 19 19 15 18 19 25 29 11 15 
13 14 16 21 10 22 27 22 11 33 30 24 24 17 32 24 7 28 20 24 19 27 13 14 27 12 29 28 11 14 27 29 21 10 20 25 28 17 15 10 35 21 22 22 16 
17 13 15 19 37 34 17 15 20 32 25 19 15 30 19 23 30 23 5 32 19 28 13 16 19 18 29 23 8 21 28 17 22 10 25 28 27 10 12 17 32 15 16 16 22 
19 20 13 10 37 25 32 22 32 14 30 24 21 30 13 14 34 28 12 35 39 19 25 13 28 18 28 24 9 12 13 33 25 19 22 14 32 10 15 23 35 22 21 16 20 
15 24 17 24 28 30 32 19 19 25 33 20 26 27 30 22 30 29 18 23 42 31 14 13 10 16 27 19 15 27 35 38 29 17 11 22 36 9 15 15 21 13 34 12 16 
15 14 14 33 24 21 33 24 12 42 40 18 20 21 25 15 13 34 18 29 28 29 22 14 16 17 22 21 13 21 34 26 36 25 22 20 30 14 11 13 25 29 29 19 19 
12 12 5 10 11 17 27 24 11 28 38 20 21 23 30 27 27 31 12 25 20 27 16 11 27 13 31 24 7 14 24 31 27 18 22 22 17 6 11 10 29 17 20 9 13 
9 27 15 34 25 34 24 19 23 28 18 15 21 22 22 24 16 10 17 20 27 29 18 17 18 24 22 16 4 9 28 26 12 8 19 39 24 17 10 11 30 14 13 18 29 
10 17 11 19 34 27 36 24 25 24 34 21 22 27 25 26 22 27 9 18 16 36 14 11 20 19 29 20 13 11 17 19 26 15 28 22 22 11 11 15 25 18 27 16 22 
15 25 15 19 30 30 20 19 7 31 30 23 7 23 17 24 25 12 14 43 37 36 12 15 16 15 15 29 9 21 28 30 13 15 19 24 31 11 16 19 22 15 18 15 15 
16 26 15 26 32 25 25 18 21 31 22 24 14 28 30 21 22 35 3 15 32 20 10 9 19 15 30 23 12 26 24 17 27 14 23 26 26 4 5 13 22 14 20 17 14 
18 20 8 20 31 19 25 21 29 24 20 22 19 29 18 11 13 5 6 13 27 20 14 9 24 18 27 23 12 19 28 16 33 16 27 23 25 10 10 21 28 21 23 14 11 
13 29 13 23 20 27 31 16 25 25 22 16 12 32 22 28 26 25 19 19 34 18 17 15 23 11 35 24 8 21 32 14 38 18 17 34 29 15 13 6 33 28 15 16 19 
12 9 15 24 43 34 33 17 22 28 25 14 7 24 14 28 33 32 15 33 33 15 18 15 23 11 23 15 9 28 40 22 26 13 12 28 27 13 12 11 29 11 24 8 15 
9 20 14 32 24 33 26 24 17 23 23 22 13 19 25 18 12 23 24 24 18 29 13 16 31 17 30 31 8 30 19 22 27 15 23 34 18 18 10 12 30 14 16 15 22 
8 18 10 24 20 35 27 9 17 29 22 13 15 33 21 25 14 26 21 23 29 29 16 12 24 8 30 27 9 13 19 26 27 24 24 15 21 9 12 20 37 20 25 14 11 
17 17 13 18 35 22 27 15 16 34 31 22 21 27 14 22 26 22 21 27 39 34 18 7 21 19 39 17 7 25 37 28 13 23 28 31 35 15 11 9 24 18 20 15 18 
14 14 12 18 37 33 29 18 21 22 26 26 24 23 29 31 29 36 20 19 33 25 16 12 22 14 36 17 15 21 27 32 36 15 9 26 16 11 10 21 28 16 20 18 22 
12 20 9 22 14 18 20 23 14 25 26 12 20 29 17 31 11 26 16 21 23 23 15 14 21 18 4 32 18 25 31 31 23 18 29 18 25 13 13 20 9 21 27 13 13 
10 22 18 37 18 27 24 23 18 20 13 20 22 29 22 18 26 23 22 16 38 28 15 13 18 15 28 22 7 18 33 30 32 18 29 29 23 13 6 21 27 18 18 9 19 
15 19 10 32 44 31 36 20 11 24 26 27 13 28 14 15 27 24 11 30 24 41 12 15 21 20 26 25 16 16 34 17 23 13 23 27 23 14 14 8 19 13 15 14 15 
13 23 12 26 17 43 19 19 24 27 21 16 25 38 32 42 12 23 13 26 39 16 16 11 5 12 21 24 4 23 40 10 31 26 23 19 29 13 14 12 13 23 23 18 26 
10 14 16 15 19 27 41 19 15 26 28 22 23 28 12 24 27 35 29 19 27 26 14 15 18 14 19 19 16 16 28 20 22 15 14 39 33 10 16 14 21 12 22 13 14 
11 20 11 21 36 15 24 21 14 29 31 20 13 28 25 23 11 14 22 31 37 29 16 7 27 22 36 25 15 29 27 28 43 14 12 27 28 8 10 15 18 14 20 18 20 
14 27 14 32 28 20 10 25 23 35 14 17 24 33 27 21 14 23 16 20 32 35 11 14 22 20 40 23 11 25 22 30 31 8 14 22 19 15 10 9 23 15 13 15 16 
13 16 9 34 18 32 23 22 23 26 14 26 22 29 22 17 28 23 14 13 22 25 15 12 15 9 34 19 5 22 28 21 26 16 19 24 19 12 18 15 30 17 24 13 14 
12 14 17 30 12 26 25 18 13 21 29 21 23 39 25 22 19 16 20 23 30 29 15 15 18 23 31 34 14 19 38 30 31 14 25 28 29 18 6 14 31 32 29 12 14 
13 27 12 24 32 28 22 6 23 31 17 25 5 18 27 23 13 16 7 22 20 28 5 15 19 11 20 18 7 19 25 26 24 15 18 26 27 13 17 20 15 26 14 13 18 
11 20 10 29 30 24 23 23 12 16 25 19 24 16 25 26 16 28 17 24 19 10 15 13 28 10 18 18 12 19 41 32 30 19 18 31 32 13 13 15 42 25 9 13 5 
20 22 16 29 13 25 19 18 26 31 15 18 26 36 34 22 17 21 26 21 25 27 21 13 32 21 38 23 13 30 23 21 38 20 17 34 28 9 13 14 20 21 20 14 23 
11 21 14 19 26 21 13 14 6 17 29 17 23 34 23 24 20 31 17 41 46 38 16 17 26 20 35 30 7 23 31 22 28 11 12 44 23 15 13 18 33 17 21 8 21 

MachineCapacities:
MachineID Capacity
0 10
1 10
2 10
