NumTasks NumMachines NumScenarios
15 3 50
TaskDetails:
TaskID ReleaseTime ResourceConsumption SuccessorsCount Successors...
0 0 3 8 9 3 4 6 8 
1 0 7 7 3 1 5 
2 0 6 8 5 1 7 
3 0 7 4 10 2 6 8 
4 0 7 6 2 1 9 
5 0 7 5 3 1 9 
6 0 3 9 4 0 
7 0 2 2 1 0 
8 0 7 9 6 0 
9 0 3 5 2 0 
10 0 3 1 2 0 
11 0 4 7 10 1 14 
12 0 2 5 2 1 14 
13 0 10 7 4 1 14 
14 0 4 3 7 0 

33 5 16 24 24 15 18 17 27 13 19 18 10 11 11 18 14 21 24 16 29 25 32 13 21 15 11 14 13 10 19 32 27 23 13 12 39 31 21 14 27 10 20 25 23 
8 6 22 13 33 15 19 31 25 10 16 15 13 15 5 21 25 9 28 9 16 36 20 24 33 20 11 16 20 13 18 26 36 17 11 21 34 32 24 19 23 13 19 35 13 
26 9 16 13 37 19 16 17 25 12 11 14 8 15 11 20 17 5 22 20 19 25 24 36 29 14 12 11 19 19 13 37 37 15 5 17 37 29 23 18 24 9 20 26 19 
29 12 24 15 35 14 18 27 17 19 16 16 15 10 13 13 21 8 26 26 22 27 15 22 33 11 11 13 30 6 21 22 33 16 7 17 28 32 21 11 20 15 15 31 22 
22 9 17 12 22 22 18 27 28 16 16 11 6 12 8 25 22 17 24 17 18 26 25 24 26 13 12 8 17 14 12 27 30 20 9 14 32 22 19 21 34 6 20 30 27 
14 10 21 19 18 13 18 24 34 9 13 17 14 18 12 17 23 18 16 17 14 12 19 19 30 10 11 16 22 7 14 32 13 20 8 16 35 28 17 9 20 8 17 33 21 
29 7 12 14 19 15 29 37 21 16 16 15 7 13 11 15 22 18 28 13 17 25 7 26 37 12 10 18 31 12 26 35 15 15 13 19 18 18 18 19 26 10 10 42 13 
24 11 20 14 35 22 22 27 19 11 12 18 13 11 15 12 18 14 19 9 17 19 20 16 11 11 11 9 24 11 10 39 22 10 5 10 30 31 20 6 25 11 6 17 16 
22 9 24 21 28 14 19 23 16 7 22 8 12 16 13 20 22 19 30 28 11 30 28 15 15 10 14 11 21 16 15 30 27 16 11 19 32 29 12 14 24 16 17 49 23 
23 6 13 15 30 26 24 26 26 10 12 14 10 11 14 14 8 14 32 16 21 15 20 26 22 13 4 12 24 16 15 29 20 20 7 27 28 31 28 22 34 14 20 37 30 
21 11 12 13 24 18 24 23 14 14 13 13 12 11 19 9 22 13 9 7 25 19 24 17 33 6 7 19 24 24 23 40 32 18 12 11 36 26 23 14 35 3 16 44 5 
23 8 24 15 26 19 14 38 29 7 11 8 7 17 13 20 20 17 20 11 24 18 25 9 38 11 9 19 20 18 30 32 36 13 8 15 29 20 23 10 30 11 18 15 19 
22 6 26 17 32 19 33 35 21 12 11 19 12 17 13 16 32 8 31 11 17 12 26 18 34 16 12 15 14 11 21 21 15 7 11 15 24 29 27 24 30 12 18 32 28 
14 6 26 13 31 16 21 24 24 12 19 15 12 16 9 22 29 7 28 10 11 23 28 23 22 10 11 12 16 17 21 25 12 21 13 13 19 32 27 19 30 7 23 38 27 
28 9 16 13 22 13 23 13 26 15 11 17 13 13 11 23 26 6 29 13 20 21 18 11 35 15 10 9 20 6 26 42 28 18 10 9 31 16 14 17 30 13 15 41 19 
25 11 21 13 27 20 22 20 29 11 17 16 10 13 10 28 15 18 14 11 25 28 14 25 37 8 6 12 28 18 22 17 28 19 11 17 31 28 25 17 23 10 16 24 18 
30 9 23 11 18 18 20 31 26 12 11 23 10 11 10 12 23 19 25 24 20 25 17 24 26 12 11 7 35 15 14 36 20 17 9 15 25 16 25 9 31 14 13 27 20 
36 7 16 11 29 24 23 27 13 13 20 17 8 10 13 11 27 16 20 27 21 14 35 6 29 11 11 9 21 15 21 42 26 15 7 15 40 19 27 17 26 11 25 39 17 
25 6 17 22 44 17 17 22 21 16 15 18 14 18 14 15 32 11 15 17 20 26 34 21 19 10 3 16 21 16 17 25 43 12 8 10 29 7 18 14 29 6 21 38 8 
26 10 26 9 34 16 23 24 22 8 12 15 14 15 14 20 27 12 30 17 29 25 20 7 16 11 14 15 14 19 17 30 41 14 13 25 18 16 25 8 24 12 28 26 19 
33 16 24 12 31 19 17 11 15 13 14 19 10 13 7 19 34 15 34 19 18 13 20 19 27 18 7 12 28 17 22 26 22 15 12 19 6 31 25 8 15 10 11 26 26 
25 7 13 15 24 11 23 35 23 12 11 17 13 15 12 12 24 18 25 23 21 20 20 24 26 13 11 15 17 14 18 24 21 19 10 18 37 20 22 15 20 18 12 37 24 
39 9 27 14 20 16 18 17 30 13 13 24 10 16 9 20 18 19 20 8 18 20 18 18 26 10 10 10 15 6 21 37 20 27 11 19 19 26 21 25 31 8 22 35 17 
26 11 36 8 25 10 28 27 24 11 18 12 13 12 13 23 30 19 23 17 18 32 17 22 36 4 13 16 20 14 14 23 29 9 9 21 22 22 22 20 17 12 14 25 23 
15 8 13 17 19 24 17 44 19 12 12 18 11 16 8 31 21 18 15 17 17 17 29 24 29 12 14 8 24 11 21 21 27 10 3 21 34 23 19 13 22 10 21 32 21 
43 14 28 14 27 22 18 42 14 8 11 23 9 11 11 23 18 17 24 18 19 25 29 7 14 13 8 17 22 11 21 31 27 14 13 14 31 24 15 25 28 11 10 37 29 
27 8 25 17 24 9 25 34 29 16 16 22 14 7 10 23 29 13 20 18 26 24 19 14 24 13 17 17 26 14 16 30 34 15 9 14 28 18 26 11 31 4 23 33 20 
25 7 20 16 30 18 23 18 24 14 11 16 8 14 11 16 22 12 24 24 16 17 19 23 32 15 12 11 12 10 12 36 16 16 9 16 21 26 14 15 24 15 12 42 18 
27 8 20 15 27 24 27 21 23 13 11 22 8 9 18 12 16 12 18 33 29 23 33 21 27 9 11 11 26 12 18 22 10 15 8 18 45 18 17 10 19 15 20 22 9 
20 14 19 18 29 19 19 14 25 11 17 18 11 11 13 22 22 20 30 8 22 26 29 20 36 10 12 11 24 14 19 34 24 12 11 10 30 20 8 9 28 8 19 21 28 
11 15 19 11 25 23 21 26 7 5 16 17 10 18 15 16 29 20 15 26 20 18 32 20 36 16 10 10 15 9 14 13 23 21 10 18 30 21 24 15 31 10 21 18 7 
24 13 29 16 21 22 19 24 22 9 17 19 14 17 10 12 29 10 30 28 20 21 12 27 10 12 10 10 31 11 18 35 33 17 12 23 22 25 22 7 22 14 17 16 31 
30 9 26 12 32 22 24 32 18 12 17 12 16 13 8 24 31 11 23 13 15 28 22 23 35 7 14 13 22 15 22 35 37 13 14 11 40 22 31 8 20 6 9 19 28 
25 12 29 16 22 21 19 39 23 11 12 22 11 13 16 23 23 6 34 5 11 26 20 35 27 8 12 13 30 15 10 32 34 13 10 18 33 21 13 8 4 10 27 32 27 
42 5 19 3 39 15 23 21 22 10 12 9 12 11 10 20 23 22 33 15 13 20 23 22 50 13 10 10 32 14 29 28 31 13 8 17 25 15 19 12 30 9 13 33 23 
29 8 25 13 30 12 26 21 28 13 12 12 8 15 5 19 30 10 37 12 12 12 27 19 31 9 8 17 25 13 12 48 29 11 8 21 18 19 22 17 30 8 20 27 17 
33 15 18 11 25 23 33 35 23 10 15 17 10 17 14 19 17 8 25 14 18 21 28 39 23 13 8 12 27 12 13 27 30 15 13 28 31 34 15 17 24 11 17 33 25 
34 12 20 13 31 22 29 23 28 12 18 11 5 10 9 19 21 11 17 21 18 25 21 19 32 11 14 13 29 19 30 34 35 12 12 17 19 35 17 22 29 12 10 27 22 
28 11 30 13 25 19 14 22 22 15 22 13 11 9 11 10 28 21 24 20 27 18 26 6 23 12 8 14 26 18 20 35 27 12 15 14 14 15 20 17 22 7 22 21 13 
24 2 16 9 20 23 18 35 34 17 16 22 14 16 8 25 12 9 33 19 15 19 28 15 45 11 14 10 26 11 24 30 22 15 12 7 39 15 32 16 35 16 22 35 17 
34 8 26 19 30 23 20 36 22 11 13 15 12 13 10 16 21 17 25 14 17 17 17 17 40 14 15 10 23 21 24 32 26 12 18 21 25 26 24 15 25 15 12 27 22 
32 11 23 22 24 18 21 32 27 16 13 15 17 10 11 19 29 11 21 23 16 16 23 18 17 10 9 10 34 16 15 39 23 11 14 19 16 22 9 11 27 9 9 39 8 
23 14 24 11 29 19 19 10 30 13 20 20 12 10 13 5 18 9 16 26 15 8 32 16 38 12 9 17 39 19 29 31 17 21 10 17 33 24 21 20 15 12 12 33 15 
26 11 25 13 30 19 19 25 29 11 17 19 13 18 14 25 20 20 35 14 28 17 22 24 27 13 11 18 23 12 25 23 18 16 9 19 30 25 14 16 25 6 19 29 19 
38 11 17 15 18 21 23 28 16 9 17 10 12 12 7 15 21 8 23 3 19 18 15 27 34 12 4 20 22 14 29 19 19 4 6 27 40 22 19 11 26 10 11 29 25 
20 15 28 11 22 25 21 32 18 16 5 18 6 14 6 16 28 20 29 19 17 14 26 22 36 8 13 14 31 21 18 27 24 18 16 21 33 22 27 9 22 13 15 26 23 
13 10 28 9 43 25 26 33 23 11 7 23 16 10 11 20 15 16 23 13 24 21 35 27 35 9 8 10 13 12 18 28 31 17 6 20 26 34 24 20 20 12 17 36 26 
23 15 27 9 31 21 22 19 20 12 17 17 22 21 8 12 20 5 32 20 20 22 11 24 29 13 11 18 23 9 21 16 31 14 3 13 34 19 21 24 17 11 18 29 19 
9 6 15 20 42 18 20 38 16 10 10 11 10 19 12 16 18 12 26 26 16 26 20 17 34 14 7 12 22 14 25 21 30 14 7 11 35 14 19 14 18 12 15 37 26 
24 9 16 20 20 13 10 31 18 9 11 15 13 16 9 13 11 17 28 10 6 29 25 6 44 9 9 15 15 16 23 21 26 10 11 18 18 23 18 13 25 10 8 30 22 

MachineCapacities:
MachineID Capacity
0 10
1 10
2 10
