NumTasks NumMachines NumScenarios
15 2 1000
TaskDetails:
TaskID ReleaseTime ResourceConsumption SuccessorsCount Successors...
0 0 7 9 1 5 
1 0 2 6 2 7 8 
2 0 4 7 1 6 
3 0 10 5 0 
4 0 7 5 0 
5 0 4 5 0 
6 0 8 7 1 8 
7 0 5 8 0 
8 0 4 4 0 
9 0 8 6 0 
10 0 9 9 3 11 12 13 
11 0 5 2 0 
12 0 2 6 0 
13 0 2 5 0 
14 0 2 10 0 

24 16 21 30 35 16 7 24 14 21 25 21 17 30 19 23 19 13 20 15 15 17 11 19 26 14 14 26 9 21 
29 26 10 23 14 23 20 22 16 33 25 13 18 29 26 28 23 22 13 9 31 15 9 20 11 19 26 23 15 35 
19 35 24 21 40 17 12 23 27 24 33 15 16 27 39 19 26 8 24 17 31 10 16 21 24 31 22 32 12 16 
22 25 28 25 16 18 11 20 23 27 26 27 26 32 21 32 27 10 21 16 51 12 14 24 22 33 23 26 17 17 
25 37 34 23 21 11 20 26 31 22 27 12 12 30 41 20 23 20 12 21 43 12 11 26 11 34 20 25 12 24 
22 9 9 20 29 21 32 33 28 22 22 23 25 23 22 21 32 10 29 16 27 15 21 27 24 25 26 36 15 17 
20 48 32 14 29 14 27 26 24 26 27 12 20 25 41 22 29 13 20 19 26 20 18 30 16 18 13 26 13 16 
29 32 28 24 29 22 19 25 31 24 32 14 11 22 25 26 27 19 13 18 36 14 11 29 13 19 29 28 22 25 
24 41 41 26 34 22 26 25 32 18 24 21 14 28 24 24 18 18 28 11 23 23 17 21 13 13 28 19 15 23 
33 27 23 20 16 14 20 20 21 18 38 20 19 24 23 21 25 14 17 20 12 13 13 25 18 32 26 34 14 20 
31 43 17 19 24 27 33 14 37 26 18 12 9 28 32 34 6 18 23 15 35 17 15 24 22 34 29 22 18 23 
22 24 30 28 37 19 29 21 31 16 20 24 18 14 32 32 30 18 15 15 13 12 14 22 24 31 22 23 20 20 
26 28 28 23 14 20 25 23 23 25 38 14 12 28 31 16 22 22 20 13 39 18 14 24 30 26 21 22 11 18 
26 18 29 21 32 8 28 20 29 28 36 11 17 34 37 26 14 8 24 16 14 14 16 32 23 21 17 25 20 29 
14 19 24 23 37 18 16 20 26 17 37 16 22 30 25 35 22 15 17 13 28 14 17 15 12 30 21 24 11 28 
32 40 36 22 30 16 26 20 21 22 35 21 30 26 26 19 30 18 10 16 30 11 9 17 24 14 26 39 16 21 
21 39 18 22 13 12 24 24 32 21 25 14 18 32 20 16 21 8 15 18 17 15 13 22 25 20 20 28 12 27 
15 24 33 29 28 13 26 13 17 18 25 4 19 23 37 25 21 13 14 22 45 10 23 23 27 26 24 30 14 23 
19 29 12 23 27 13 21 19 30 31 19 20 17 19 24 34 25 14 19 13 30 12 15 23 17 29 17 30 13 32 
32 33 10 17 43 25 25 21 25 36 32 18 10 31 34 23 20 18 23 14 46 13 19 17 15 34 20 18 15 36 
25 25 27 34 25 24 18 27 17 29 36 26 21 28 13 24 23 14 23 15 33 17 21 33 18 27 14 25 20 25 
25 32 19 20 19 15 16 22 22 30 14 20 20 22 32 21 24 17 19 13 33 19 8 24 23 29 21 30 16 6 
16 28 33 17 17 12 19 23 22 26 30 15 18 30 19 30 15 18 19 22 27 21 10 17 23 26 26 32 20 27 
24 18 16 26 37 19 23 23 23 21 19 21 24 31 17 20 17 16 23 11 51 22 17 28 26 17 24 22 8 14 
15 17 27 32 18 17 28 31 33 37 25 15 28 27 18 32 27 21 16 17 26 12 10 25 22 24 29 13 14 18 
22 14 22 27 40 24 11 30 35 35 30 17 6 44 35 29 19 18 20 16 22 15 15 23 25 30 24 22 18 29 
18 30 32 19 34 19 24 25 20 26 10 22 10 8 22 12 17 12 19 14 25 15 18 31 21 26 23 30 8 14 
21 18 28 23 37 11 33 30 19 31 22 16 11 42 24 14 17 12 17 19 33 12 17 19 23 28 17 17 16 28 
14 39 21 29 25 18 18 29 25 27 23 15 26 9 22 15 10 16 13 9 43 4 19 12 17 25 31 23 14 17 
26 34 12 36 29 22 16 4 27 14 31 13 22 21 42 24 22 17 19 15 33 9 12 20 31 34 18 27 10 28 
18 31 18 18 42 19 21 24 27 30 29 15 20 34 30 13 13 12 12 19 25 12 17 28 21 34 32 29 15 23 
34 21 19 24 27 14 16 35 23 17 18 19 25 22 20 16 26 13 19 16 34 11 11 30 23 36 21 23 13 20 
12 32 29 33 18 24 21 28 16 29 30 15 9 34 25 16 16 22 15 14 41 13 7 25 27 28 22 12 16 26 
10 20 26 23 39 14 20 15 14 23 26 22 23 19 14 25 26 13 22 13 36 14 13 19 22 31 17 33 20 19 
25 23 39 36 21 18 25 22 13 32 17 19 8 27 31 35 25 14 17 23 42 13 21 34 21 30 17 34 17 16 
22 25 24 23 37 23 30 12 25 20 35 4 22 29 24 27 23 18 18 10 37 7 15 23 22 25 18 29 13 30 
22 23 34 19 21 21 8 32 26 27 34 18 12 19 16 27 22 15 15 21 22 16 17 21 22 35 13 24 17 23 
15 19 23 23 24 15 26 16 32 35 32 7 7 20 28 19 24 22 25 19 35 11 16 30 21 29 28 31 16 26 
15 27 18 31 24 24 15 13 33 26 25 20 12 28 22 27 21 14 12 22 28 13 17 14 12 28 15 3 21 13 
23 17 26 16 31 28 33 23 22 20 18 13 20 28 32 16 16 10 17 20 34 12 15 23 19 32 18 29 19 19 
24 34 23 20 11 11 14 14 31 27 30 11 9 28 35 15 17 15 12 22 15 14 16 32 18 23 10 28 17 22 
12 31 21 13 31 16 14 30 30 17 21 15 19 41 23 16 25 14 20 17 18 20 19 29 24 24 23 9 18 33 
20 25 22 20 25 16 20 30 17 30 15 17 22 22 22 26 20 19 17 16 40 12 19 19 13 32 19 32 13 22 
18 33 20 30 37 13 17 26 30 34 30 21 15 30 36 27 21 17 24 12 19 17 10 23 19 22 26 31 11 10 
29 28 34 29 23 18 22 24 24 21 29 13 11 31 37 15 22 19 10 17 38 17 17 22 21 31 30 19 20 23 
14 19 31 32 32 24 25 27 24 19 33 6 27 25 18 30 28 13 15 15 50 16 22 33 10 26 26 35 23 27 
26 17 46 30 27 27 19 18 25 16 20 22 23 27 36 15 18 10 27 22 33 14 19 28 27 24 23 28 11 24 
37 36 27 14 33 12 17 22 17 28 19 16 20 27 33 12 21 14 24 19 29 17 15 26 11 22 24 19 18 23 
28 23 25 25 33 24 19 23 32 36 43 27 19 32 33 18 23 16 17 18 39 10 15 20 20 23 4 25 11 23 
27 35 30 25 29 14 23 20 27 33 46 17 23 19 32 26 24 14 16 27 21 15 21 32 20 9 19 18 13 13 
18 19 25 24 26 17 16 30 32 28 32 20 7 22 43 21 30 17 22 12 44 7 13 26 18 25 25 27 17 26 
17 23 19 22 41 14 27 26 41 33 24 18 10 11 24 19 31 16 16 16 33 16 12 21 26 31 13 31 14 28 
25 31 29 29 36 24 9 35 31 12 24 24 11 35 31 20 32 19 24 19 21 18 15 30 25 36 17 30 16 27 
26 18 27 17 31 19 14 21 47 29 28 16 22 39 27 27 35 18 23 12 34 11 20 33 18 27 12 32 11 28 
18 27 31 34 25 17 12 12 18 27 27 27 15 36 28 17 15 23 21 16 27 15 13 21 11 32 24 26 16 17 
27 25 25 23 29 14 20 17 21 10 19 6 18 35 36 12 7 19 22 15 42 17 14 22 27 13 29 27 20 22 
21 26 17 25 39 23 17 21 25 20 50 24 19 27 28 6 17 15 11 17 44 3 21 26 22 17 15 21 17 7 
23 22 23 22 46 15 19 26 16 40 24 20 15 21 39 30 23 16 15 16 28 18 18 21 15 12 22 23 19 33 
26 34 28 23 19 10 27 23 17 26 21 22 15 18 23 20 15 17 15 14 34 14 16 25 19 18 21 19 18 23 
20 39 19 26 30 13 25 26 33 17 19 18 18 20 29 26 21 13 14 13 51 12 19 21 20 43 23 23 16 16 
17 14 28 7 25 15 19 20 18 31 28 21 23 29 49 23 25 15 21 14 29 16 14 19 29 19 16 23 20 15 
20 45 20 21 27 13 19 30 19 32 20 17 22 26 34 14 27 7 15 14 32 7 22 20 25 30 19 25 11 25 
15 27 23 23 32 8 27 29 22 35 19 12 16 19 24 39 25 19 29 14 42 22 12 32 19 29 24 24 14 11 
36 26 14 30 38 14 14 38 27 29 16 19 19 30 15 25 12 18 19 20 34 15 21 27 21 22 26 32 11 24 
17 35 25 16 30 16 29 21 22 22 20 23 25 12 48 28 16 14 22 15 41 9 21 24 13 33 21 22 10 13 
25 37 16 23 38 20 24 14 33 35 20 16 13 35 35 19 20 17 14 16 43 18 11 23 22 30 18 31 21 23 
21 36 35 22 27 17 24 30 29 23 22 8 22 24 23 19 20 12 31 19 20 6 20 20 14 26 30 12 16 34 
18 18 34 23 33 20 12 16 33 18 24 18 13 24 36 32 17 22 23 21 40 15 11 21 21 24 20 29 22 28 
27 33 16 16 19 17 29 19 26 25 18 16 21 22 25 35 20 17 26 13 19 9 20 29 26 25 29 28 20 23 
21 20 30 21 30 21 14 31 26 23 24 22 16 17 25 20 27 12 15 13 44 12 12 21 20 35 23 29 17 25 
29 22 28 21 23 21 24 26 13 30 15 14 19 29 41 15 16 13 23 14 25 19 13 10 15 29 22 27 18 17 
9 9 15 24 29 18 13 28 26 44 18 8 14 23 29 20 19 12 27 13 27 13 17 29 22 26 17 21 12 22 
25 29 29 22 19 16 32 19 25 29 18 8 21 14 28 33 30 16 20 14 21 21 15 23 20 27 17 28 24 27 
17 39 21 25 26 16 26 20 16 23 18 15 24 25 30 12 22 8 16 21 21 15 17 26 19 22 22 24 19 18 
24 25 16 26 31 15 18 20 27 23 26 20 19 40 30 9 21 14 19 16 4 12 20 33 19 17 23 21 20 14 
15 23 26 28 29 16 21 29 17 25 36 21 16 22 15 26 19 14 20 10 39 12 21 37 27 29 13 22 16 27 
23 34 21 17 32 27 7 27 24 21 33 14 16 41 24 34 15 12 24 13 30 23 11 25 20 25 20 19 14 22 
24 28 33 17 28 20 10 24 18 30 31 21 12 22 28 17 15 22 25 17 28 15 16 26 14 17 24 23 15 12 
16 25 27 23 28 12 16 25 26 23 33 16 23 35 21 20 28 8 23 22 39 15 13 26 25 13 28 19 11 17 
15 18 30 23 21 21 19 22 32 12 18 15 14 34 23 23 19 14 19 10 27 16 16 22 18 27 20 34 12 26 
19 40 20 11 21 20 22 15 33 21 26 21 13 14 20 18 19 16 16 16 24 10 17 22 13 30 15 27 19 15 
15 35 30 26 27 17 22 16 27 34 30 15 18 35 46 20 19 15 23 14 40 18 8 16 23 19 25 21 22 23 
18 34 24 21 36 13 30 34 23 21 25 15 23 24 21 24 13 11 19 20 39 8 19 24 16 30 20 23 12 22 
19 45 9 24 31 16 17 28 34 16 34 15 12 37 24 23 21 12 18 11 32 19 16 21 24 43 19 23 17 11 
36 24 25 25 12 28 22 25 27 22 23 17 18 21 29 12 23 17 18 12 26 14 18 25 14 5 31 18 17 14 
34 13 38 13 48 17 9 16 22 40 24 15 22 24 15 26 18 21 22 21 35 20 14 26 12 18 25 23 18 32 
28 34 27 28 29 17 21 23 19 29 23 18 18 21 16 22 21 8 20 15 32 12 9 17 21 23 14 15 11 25 
21 37 29 33 31 13 16 32 28 31 27 31 21 25 33 12 28 16 14 17 29 12 22 27 4 25 21 24 22 19 
18 34 34 17 26 16 26 18 20 23 14 21 18 26 28 22 13 16 18 22 30 21 12 7 24 32 25 29 11 22 
4 35 26 20 23 12 28 12 36 27 32 8 14 22 30 22 27 10 24 17 15 11 17 23 9 25 15 21 13 10 
28 29 34 22 23 13 19 29 31 32 33 23 17 35 25 29 27 10 24 16 21 13 15 15 28 24 24 38 15 15 
24 35 16 21 26 19 28 14 13 27 21 19 11 29 25 37 20 16 23 15 11 18 21 18 18 28 17 17 23 29 
24 38 25 28 32 25 23 22 29 15 24 17 14 34 22 23 21 10 15 17 26 11 21 13 19 48 15 22 17 20 
32 22 15 25 29 19 27 21 34 24 15 5 28 28 19 29 18 16 15 14 38 21 11 16 14 28 17 29 18 33 
22 34 18 25 31 5 11 15 22 30 28 20 20 19 28 24 16 13 19 15 40 14 12 26 28 26 12 35 13 19 
36 35 24 21 37 19 30 23 26 37 32 27 15 19 31 19 22 11 23 18 25 16 16 19 22 16 22 30 20 31 
31 38 19 19 30 15 9 26 20 29 29 12 18 32 26 37 15 19 9 19 46 18 21 20 17 37 19 20 19 25 
30 16 15 21 27 17 29 37 33 33 42 8 6 41 27 32 20 13 17 17 24 17 16 29 33 29 14 28 22 25 
28 23 20 14 22 12 30 20 31 37 30 20 18 27 24 16 22 18 24 13 28 16 20 17 23 28 12 27 20 14 
28 30 28 16 21 9 26 24 22 29 29 12 18 29 34 18 20 15 18 8 34 16 22 28 22 19 5 22 18 18 
21 24 28 16 41 17 12 24 19 30 16 12 17 15 30 30 22 12 21 18 28 9 16 23 15 22 33 13 13 26 
25 17 28 24 39 19 21 26 31 18 36 21 23 24 35 24 16 20 17 20 21 4 22 14 17 20 18 30 12 28 
25 26 38 17 26 10 27 21 23 24 34 13 19 17 31 26 39 11 28 19 36 12 13 22 18 31 37 29 16 16 
18 19 34 22 35 8 17 24 27 41 25 18 21 21 31 12 17 14 13 18 40 15 12 20 18 39 25 13 18 27 
28 37 23 16 30 16 23 20 18 20 21 26 19 36 21 20 26 13 31 11 33 9 15 15 13 29 16 23 18 15 
31 39 22 20 32 23 20 24 28 17 37 14 23 27 33 19 17 16 27 16 24 19 13 29 25 20 13 34 10 19 
21 20 29 8 29 6 18 25 21 31 24 21 9 26 29 15 23 13 24 16 14 17 12 28 22 37 27 29 20 23 
15 33 32 32 34 21 24 34 22 32 29 15 14 17 36 28 16 14 15 15 36 16 19 20 17 27 14 28 20 19 
29 24 17 21 36 16 25 25 24 23 19 11 26 19 16 25 28 10 23 11 41 14 13 22 19 29 13 34 14 16 
16 13 22 18 25 20 25 19 19 39 31 23 19 28 37 31 21 12 22 14 26 5 19 22 18 23 20 30 17 26 
25 43 26 11 35 20 23 18 27 25 21 9 24 26 29 27 31 17 18 18 21 13 16 12 17 46 20 32 21 14 
25 27 25 30 41 17 28 22 26 28 22 16 14 34 32 32 30 11 25 15 35 19 14 8 10 27 29 29 19 13 
22 41 13 18 26 23 18 27 29 34 12 15 19 38 21 25 21 9 7 19 34 7 17 25 19 26 14 20 16 15 
24 26 30 19 31 14 29 31 22 32 27 7 19 28 14 27 15 16 22 19 18 22 16 29 6 20 18 20 18 25 
30 33 16 19 21 20 16 18 22 23 26 22 16 30 18 28 25 16 20 15 53 10 16 23 27 29 20 24 20 20 
19 29 23 24 27 15 23 34 19 16 42 19 15 20 23 12 19 14 22 12 29 11 18 26 11 35 24 30 16 20 
20 19 30 9 23 19 15 40 18 36 33 12 23 20 25 20 26 18 13 17 31 16 20 29 19 21 22 22 15 24 
20 18 32 13 17 15 17 15 28 28 18 24 18 21 41 27 34 12 29 12 25 18 19 27 17 23 33 28 13 23 
25 30 27 13 34 20 14 23 41 33 29 24 17 20 38 26 25 18 24 12 27 15 24 27 17 38 28 11 19 20 
16 21 25 18 31 14 21 27 21 16 23 14 16 26 21 28 17 15 20 13 37 18 17 21 30 32 27 16 19 29 
25 37 18 24 23 22 12 15 22 25 18 13 14 30 27 25 26 19 12 13 35 9 21 23 18 30 26 27 13 21 
31 23 27 12 31 12 20 23 11 35 21 14 11 20 24 26 12 15 8 11 46 17 16 19 17 27 22 17 16 16 
22 12 19 25 21 21 26 24 26 19 17 23 19 36 16 34 21 17 16 20 20 12 17 28 23 25 26 22 19 16 
24 27 28 12 28 23 16 31 30 28 18 17 21 22 36 14 23 20 11 10 15 23 15 23 22 28 30 19 17 27 
29 30 20 30 9 17 25 20 19 19 31 5 11 18 18 17 23 16 20 12 29 16 15 29 35 28 28 29 11 34 
22 37 18 17 33 10 14 12 21 19 16 8 14 44 24 31 20 12 17 15 28 20 20 25 26 26 20 24 15 11 
36 38 21 35 20 19 23 15 32 24 14 20 18 22 22 27 27 11 19 11 32 19 16 36 27 31 32 30 12 19 
30 24 19 20 28 6 20 21 26 34 18 20 19 22 25 26 24 17 14 17 34 18 16 27 29 27 19 28 17 18 
22 38 19 17 18 10 29 32 24 20 26 13 11 14 31 26 24 22 26 21 26 8 18 22 21 26 16 23 18 20 
27 20 38 17 24 14 15 23 28 25 44 23 15 16 29 23 28 17 24 14 30 18 19 23 22 25 20 18 19 24 
23 25 28 25 29 11 23 30 26 41 35 23 17 6 16 30 21 24 17 17 25 16 10 19 20 25 27 25 19 34 
18 33 11 15 31 15 20 31 31 27 19 25 12 26 21 26 29 17 25 14 42 17 6 35 23 23 26 19 15 17 
32 22 32 19 21 15 22 14 24 25 21 16 16 29 26 35 21 14 17 20 35 12 13 18 30 22 14 17 13 29 
16 41 28 13 16 19 27 21 37 28 18 13 18 31 35 23 19 18 12 16 16 14 17 24 21 25 34 29 16 27 
30 25 10 14 21 22 19 28 26 15 32 14 9 28 31 23 22 15 9 16 32 22 25 27 28 42 27 23 17 18 
13 20 31 12 40 25 25 31 34 35 33 12 17 28 21 28 25 21 17 17 42 19 11 18 16 23 11 14 10 22 
16 22 18 21 33 9 28 25 18 17 21 27 17 29 39 19 15 16 11 12 28 14 17 29 25 14 17 27 17 27 
21 27 21 14 19 19 28 14 20 29 18 15 24 12 28 22 17 13 22 11 20 12 12 27 20 31 13 35 16 29 
24 30 15 21 15 22 18 29 34 36 18 16 11 51 19 16 23 12 17 21 46 17 11 26 22 29 18 30 22 24 
25 48 22 29 35 22 15 18 19 23 27 19 19 21 34 33 25 19 14 12 19 16 23 8 22 24 18 13 14 23 
25 32 30 19 32 15 19 31 29 31 24 14 14 24 15 33 26 17 15 12 18 11 17 27 34 41 26 37 12 23 
21 32 20 22 35 18 13 25 23 9 25 22 4 35 41 29 20 14 20 17 34 17 19 30 25 34 31 20 16 23 
19 21 26 24 32 20 22 30 29 28 19 12 21 31 23 13 13 12 28 17 18 16 18 28 21 21 21 19 10 24 
22 29 18 19 32 14 18 20 9 36 30 22 21 40 31 34 17 19 20 14 16 17 16 18 11 29 22 25 15 20 
21 27 29 27 27 25 6 24 36 29 20 15 12 34 31 24 12 16 20 22 36 18 12 20 18 37 22 30 16 20 
33 35 17 28 33 10 9 25 41 21 15 8 16 15 20 19 17 12 23 17 32 17 22 15 24 26 31 28 22 10 
14 31 18 33 37 14 20 35 30 26 18 11 14 18 22 19 26 21 26 23 12 18 15 32 24 23 31 34 12 31 
20 11 21 15 31 17 18 23 29 30 27 24 19 25 30 25 14 15 16 12 30 16 15 23 13 17 15 17 7 21 
30 24 34 29 30 7 20 27 40 17 34 21 21 51 22 8 21 18 32 15 38 17 19 28 13 35 22 30 12 19 
21 28 29 28 48 15 39 23 19 30 26 21 12 17 24 15 17 20 14 16 28 16 17 20 17 30 20 28 19 19 
27 23 21 15 15 16 13 29 22 31 30 12 16 26 20 12 9 11 22 15 18 20 26 21 30 34 20 26 19 14 
17 33 25 28 7 21 20 28 29 29 34 14 22 26 34 27 23 17 22 18 27 6 15 27 12 35 18 17 17 20 
21 26 17 18 15 15 20 15 35 29 36 12 23 19 17 22 24 12 21 17 24 12 8 22 24 24 22 14 18 21 
20 25 22 17 20 10 18 18 18 26 18 16 21 42 33 39 34 17 12 14 44 8 13 30 14 22 28 25 15 21 
25 22 29 24 27 9 11 23 21 29 30 19 24 26 40 27 26 9 22 19 35 13 18 24 12 17 18 22 18 29 
22 30 14 29 29 16 20 35 23 31 38 16 16 28 24 27 24 16 18 16 33 24 21 25 25 23 19 29 16 23 
24 24 22 20 13 21 17 26 16 25 39 14 7 26 23 23 20 11 18 18 29 20 19 34 26 17 17 27 17 17 
24 38 36 21 28 22 17 24 18 28 36 14 13 30 20 23 29 9 32 13 35 13 21 25 19 27 18 23 19 23 
22 20 16 30 32 16 18 20 34 26 31 22 14 29 32 22 29 15 14 16 27 14 24 26 22 20 21 18 19 29 
29 25 17 22 27 22 13 24 31 16 13 25 17 13 41 26 15 13 16 23 39 14 19 23 12 36 12 35 16 22 
25 33 13 27 32 12 20 20 28 14 18 23 25 30 33 11 18 17 20 17 25 14 21 22 23 27 18 26 16 16 
32 39 20 30 29 14 17 22 29 23 16 9 21 18 28 17 15 16 23 17 41 13 12 16 29 25 24 32 17 29 
27 27 7 9 28 15 26 24 12 28 10 13 9 10 22 30 21 19 27 21 44 15 20 22 31 27 20 33 17 15 
27 36 28 25 29 17 29 33 33 22 25 27 21 45 31 30 13 8 16 21 30 13 10 14 20 35 20 24 13 15 
19 26 20 12 29 8 24 15 34 24 27 18 22 31 20 25 28 17 15 16 17 16 16 29 14 23 22 20 22 13 
13 34 20 24 30 25 20 19 31 29 28 7 13 22 15 22 12 14 17 20 36 19 10 22 22 29 23 35 12 13 
28 31 21 15 23 19 25 26 23 27 23 12 20 38 12 26 19 18 23 16 42 12 14 24 23 33 19 36 8 15 
19 23 26 32 28 14 20 16 19 19 26 15 17 25 47 30 18 18 11 22 28 16 15 26 15 29 14 33 17 22 
19 39 16 17 34 15 17 10 16 36 34 9 15 26 28 18 20 15 20 15 35 13 23 28 10 29 24 24 14 17 
28 39 26 19 24 13 17 22 21 22 37 22 15 24 25 24 24 9 21 20 23 7 22 19 14 22 19 37 21 20 
17 33 13 14 16 12 15 21 20 23 28 18 13 25 26 23 27 16 14 18 20 7 16 18 12 28 20 24 16 28 
24 26 15 14 29 17 20 33 26 22 26 26 17 33 32 37 24 13 16 16 33 4 12 25 20 26 14 26 16 13 
26 31 25 26 40 11 23 22 29 29 20 11 9 31 28 15 14 12 21 15 24 17 19 16 17 29 12 29 19 18 
19 28 18 30 47 19 29 8 20 21 25 18 16 14 27 24 19 9 20 20 39 3 13 17 7 16 24 26 11 31 
29 22 30 15 23 12 27 23 17 35 40 13 18 32 26 29 23 16 17 16 33 15 19 20 13 24 34 29 16 17 
29 28 24 19 15 20 24 24 16 25 29 20 19 51 28 16 26 15 17 18 21 21 15 28 12 31 25 27 20 21 
17 27 28 31 31 17 29 25 22 26 28 21 22 32 14 24 23 12 17 19 35 19 15 26 13 16 23 34 16 21 
21 19 26 21 21 19 14 16 21 37 30 22 25 8 29 26 28 15 22 14 42 20 20 8 21 32 23 39 10 9 
13 26 11 31 37 14 33 22 31 18 28 31 18 19 25 25 10 14 13 23 23 10 16 19 24 31 28 27 12 22 
32 36 16 24 32 16 16 18 13 17 34 19 13 27 27 25 29 10 14 20 20 14 16 23 24 30 25 32 13 29 
28 33 28 20 32 22 16 21 35 39 28 13 15 28 28 26 20 18 13 21 40 15 11 17 18 22 27 29 21 20 
15 34 27 23 33 6 22 28 31 34 43 14 30 15 23 21 22 11 16 12 31 14 23 16 11 23 21 24 24 25 
18 30 46 18 15 12 25 25 19 36 24 12 14 29 34 24 27 14 12 15 10 17 16 30 17 21 14 20 21 23 
23 15 31 27 26 22 24 25 20 15 22 13 21 42 18 24 17 22 17 11 31 14 17 21 24 23 22 27 13 30 
26 28 18 23 25 14 20 24 38 20 31 14 9 30 25 31 18 14 21 18 17 20 21 23 12 36 20 23 20 21 
23 41 20 32 28 11 24 26 23 32 33 12 11 19 27 29 26 19 10 13 16 13 18 26 27 33 14 24 22 22 
28 21 15 19 21 14 20 8 29 9 32 19 24 38 15 28 16 16 18 12 19 15 15 25 15 23 19 29 19 17 
23 26 35 19 22 16 20 17 26 18 27 29 11 35 37 18 26 14 8 20 20 19 13 25 24 33 23 32 11 29 
23 27 41 22 42 18 18 17 31 28 31 8 18 33 26 27 30 16 20 21 34 8 11 20 27 27 17 31 18 22 
32 11 18 29 30 18 11 23 30 7 18 16 11 6 18 25 27 23 15 11 38 18 10 12 15 16 12 28 19 25 
19 12 30 27 38 13 11 30 18 26 23 20 13 13 32 15 23 19 26 22 35 13 18 20 26 27 22 32 12 18 
28 26 25 24 22 21 19 22 24 29 26 16 20 24 31 28 21 16 16 20 39 18 24 17 13 28 22 32 13 13 
23 29 32 22 35 13 22 24 24 21 39 19 15 38 17 21 24 22 20 11 41 16 17 39 21 21 7 23 12 23 
24 21 23 25 29 22 20 17 25 19 22 17 17 40 25 29 26 21 19 15 22 19 19 31 22 23 15 28 16 20 
29 30 29 15 26 26 32 20 25 35 26 22 21 25 30 25 29 19 22 21 28 20 19 17 27 28 19 22 19 24 
22 40 22 18 21 21 27 30 28 30 46 21 14 20 17 35 19 13 23 16 14 13 15 23 15 28 25 30 21 21 
22 30 25 26 40 13 27 33 33 15 22 18 17 33 24 19 34 15 20 24 38 8 16 27 18 22 28 19 9 11 
24 27 19 27 22 21 21 34 32 27 22 15 16 22 32 23 20 22 16 21 24 10 19 23 12 29 24 30 20 19 
24 27 19 34 19 16 17 24 12 21 29 11 11 16 22 20 23 15 17 19 40 18 11 11 21 25 28 24 19 30 
24 15 8 15 34 19 25 22 30 28 26 12 24 19 21 23 19 19 22 20 35 16 16 22 12 27 21 18 18 16 
18 25 20 20 40 13 22 27 17 33 34 9 16 34 45 26 19 17 24 12 35 18 17 28 21 28 21 27 18 27 
10 25 32 12 24 18 20 22 21 22 8 25 17 27 29 23 17 9 24 17 42 15 19 21 30 25 19 27 16 23 
15 24 32 13 40 15 23 25 25 17 21 21 21 6 23 33 29 11 20 25 42 12 21 24 21 25 29 35 10 31 
25 42 21 13 25 19 18 28 15 26 23 18 21 31 25 21 18 15 16 17 28 10 14 30 31 28 19 24 21 35 
21 26 26 25 22 19 33 16 17 21 38 17 20 27 26 27 31 19 9 21 44 15 18 16 19 18 11 13 15 26 
29 32 29 28 31 24 21 16 33 29 28 12 12 23 37 15 27 17 9 13 31 14 16 23 25 21 18 30 17 12 
20 22 19 35 23 18 21 21 23 33 38 20 21 14 20 28 17 10 19 15 35 12 18 22 24 39 24 25 14 21 
16 36 20 22 25 17 28 26 25 28 16 17 16 36 17 25 15 21 21 13 20 16 18 14 17 30 22 24 18 29 
31 48 11 14 30 13 18 29 28 38 35 16 19 42 22 23 20 16 21 16 11 23 15 14 29 39 28 22 12 16 
26 36 34 27 47 11 26 23 15 24 28 14 26 32 15 25 15 12 13 19 25 13 12 28 10 29 21 20 21 36 
28 37 29 33 35 19 24 24 19 15 4 16 19 38 35 20 17 13 10 17 35 17 12 29 14 31 22 29 13 30 
20 49 12 19 18 15 10 28 34 16 33 20 23 31 21 29 17 12 25 11 35 8 17 21 17 29 27 30 15 21 
16 23 27 12 36 12 29 22 19 23 27 20 11 33 32 34 23 19 23 11 22 10 23 31 15 22 21 28 11 23 
19 28 26 26 28 23 21 24 34 26 31 17 13 25 34 20 25 9 13 20 25 11 15 27 11 12 24 18 20 25 
17 14 42 19 28 29 18 24 26 35 29 19 18 21 33 30 35 19 18 20 32 10 18 21 20 23 16 15 12 21 
19 30 23 21 29 24 25 13 25 28 28 19 21 12 26 22 23 17 20 19 41 14 12 24 26 18 23 38 9 18 
25 22 26 28 21 11 16 17 19 19 21 24 18 32 27 24 10 19 12 18 47 14 18 23 31 23 25 31 14 11 
32 23 22 17 20 14 13 14 27 22 26 16 16 33 35 31 28 17 23 15 39 14 19 15 16 38 26 36 9 18 
25 38 18 18 29 19 16 25 13 31 20 17 12 44 29 33 18 13 23 24 25 17 18 28 14 19 22 25 19 14 
24 22 18 18 34 16 22 30 27 24 21 16 8 51 16 19 30 13 19 17 12 16 14 19 20 25 16 19 16 17 
24 23 31 29 30 35 18 26 19 20 21 22 12 25 41 26 21 24 22 15 36 15 21 20 18 17 24 34 22 32 
27 32 25 19 23 17 18 24 22 15 27 21 14 29 36 13 12 15 18 13 17 22 12 16 34 25 27 31 10 22 
28 22 27 30 17 27 24 27 25 26 37 25 23 16 26 26 28 17 24 21 20 15 21 18 19 15 29 35 12 18 
20 27 26 20 22 6 24 14 30 15 11 10 19 28 20 23 18 18 11 14 30 11 9 30 21 40 21 26 14 21 
23 28 22 17 26 22 32 26 26 19 35 26 5 25 21 27 25 19 12 17 22 12 14 23 19 12 18 15 22 16 
25 29 19 17 39 17 15 18 12 27 26 19 18 13 24 18 27 20 18 16 12 16 21 25 15 26 18 23 19 41 
33 34 35 31 30 21 29 10 14 26 32 10 14 16 21 27 28 20 20 14 28 22 18 36 19 19 22 30 19 25 
26 16 18 23 33 24 28 26 20 28 28 17 17 22 21 19 17 12 24 19 37 8 14 18 28 21 21 34 14 21 
11 24 25 25 33 17 11 18 26 33 37 22 11 21 16 15 27 13 26 12 31 12 22 21 18 30 24 30 23 29 
25 5 27 24 36 15 22 29 26 32 27 12 24 10 24 21 26 21 17 22 32 16 18 19 22 12 15 24 16 35 
29 29 13 31 29 11 29 26 28 15 39 9 25 38 16 19 24 9 26 20 33 7 18 15 20 26 22 22 14 16 
19 31 18 30 16 18 17 13 35 36 25 9 18 31 25 19 25 16 22 15 29 8 13 26 22 16 18 21 8 23 
23 29 26 28 20 17 26 24 18 14 27 18 15 32 23 21 23 13 22 25 19 9 12 25 11 30 20 16 24 16 
22 21 26 15 29 17 31 27 29 35 9 17 22 35 35 18 21 12 20 15 39 11 9 13 20 27 23 38 14 25 
30 37 18 13 32 26 24 24 21 31 15 19 21 37 16 24 30 13 22 13 29 17 10 18 22 35 28 21 20 24 
24 32 8 24 28 23 19 9 17 26 14 10 16 19 18 28 14 14 17 16 26 12 14 26 28 25 29 30 13 23 
16 32 17 23 26 19 15 24 26 14 27 18 23 31 14 22 14 10 20 17 35 15 16 27 24 36 18 32 12 20 
23 34 18 26 33 18 30 22 39 28 27 24 23 30 32 26 20 12 19 16 27 9 13 13 20 35 30 39 12 25 
22 33 33 12 29 28 15 33 23 42 36 20 18 29 21 24 22 13 19 16 18 15 13 37 18 27 14 22 15 27 
20 25 14 22 40 23 21 16 15 24 21 13 17 19 34 22 34 19 13 19 44 24 19 35 19 25 25 16 19 19 
10 29 19 26 33 11 25 13 25 41 33 23 16 47 29 21 12 11 16 17 22 13 19 25 29 22 28 27 17 15 
20 26 23 21 37 12 22 23 32 26 32 12 12 25 30 24 11 14 13 16 25 11 19 17 15 41 17 22 24 27 
21 28 33 27 19 24 34 16 21 38 28 16 18 46 36 26 23 22 13 13 34 15 20 31 15 33 22 6 17 30 
29 17 19 29 28 19 23 27 34 30 31 23 7 19 40 22 12 17 14 17 25 20 20 30 15 5 4 11 16 27 
19 26 21 18 19 8 27 21 28 13 28 23 13 25 20 27 10 15 21 15 36 14 15 25 31 16 13 31 14 22 
20 19 31 15 34 30 29 20 22 26 32 9 21 22 27 22 34 9 23 17 32 20 15 19 23 28 30 32 16 18 
12 16 20 9 28 18 13 17 25 17 14 19 6 27 46 17 22 6 15 15 20 17 19 20 18 27 20 28 19 25 
21 23 21 17 14 23 21 27 23 13 28 20 23 20 26 27 20 21 21 12 45 16 18 27 18 24 31 32 19 28 
22 34 34 23 28 19 13 20 38 29 32 27 17 19 46 30 15 14 17 17 33 16 18 28 31 28 24 27 12 26 
27 35 5 29 27 19 21 32 21 20 15 14 21 18 33 33 24 13 29 20 30 15 20 18 5 12 20 28 21 23 
21 18 35 18 27 13 18 29 22 23 30 20 18 26 17 26 26 9 26 16 17 15 20 29 24 33 22 29 18 24 
23 19 17 25 25 20 17 17 29 19 22 17 23 26 27 24 20 4 22 17 9 15 13 25 6 20 30 33 14 23 
23 26 19 14 31 19 25 22 31 41 32 15 19 26 37 23 29 20 14 20 31 8 15 19 11 26 1 25 23 23 
21 41 28 20 36 10 29 13 33 26 27 17 14 14 44 32 27 17 18 18 26 11 9 27 27 22 26 20 12 21 
19 27 17 22 27 20 18 17 21 15 20 14 17 23 27 16 28 18 20 15 45 19 15 27 20 28 19 30 19 31 
23 32 20 16 30 19 33 21 16 24 40 14 20 20 42 25 26 13 13 11 41 16 12 28 25 25 18 37 14 13 
21 44 27 31 23 16 19 30 19 39 40 19 8 37 23 29 33 17 12 15 46 12 16 9 13 38 24 24 16 22 
35 46 16 20 34 16 18 12 28 35 22 19 11 24 19 27 25 15 19 12 39 7 10 22 10 25 26 8 14 20 
28 26 31 25 27 25 26 16 27 17 20 14 18 21 35 25 21 19 15 16 39 14 17 22 21 29 26 29 19 26 
27 22 36 21 32 19 7 20 43 31 22 17 23 32 38 22 23 18 19 10 29 15 16 26 14 34 20 45 18 18 
32 19 11 27 29 15 19 16 20 37 40 10 15 43 14 25 29 11 11 10 35 15 24 23 37 24 24 24 12 28 
11 27 21 29 36 15 27 16 19 21 23 16 16 25 32 15 26 15 18 13 22 17 18 29 20 29 15 10 21 27 
27 33 27 21 33 20 26 20 18 15 22 14 18 19 33 26 16 11 14 17 37 13 18 28 14 31 18 30 15 23 
15 23 31 23 42 10 18 28 24 25 22 22 16 23 29 21 22 15 20 17 38 17 14 18 17 32 19 22 20 19 
27 41 23 22 22 17 22 17 29 24 33 9 22 28 27 22 12 12 20 12 29 18 24 23 15 39 11 29 18 27 
26 30 26 23 31 14 17 33 27 28 30 22 14 28 45 28 23 10 25 10 24 20 15 22 24 18 19 20 16 26 
16 19 25 25 30 27 9 12 22 25 30 19 25 26 29 21 30 13 15 9 35 21 15 23 6 17 16 33 13 28 
27 37 24 22 40 24 7 17 19 40 25 19 8 41 19 25 28 10 26 10 29 17 13 22 16 32 16 24 5 11 
18 22 21 21 34 22 17 30 31 39 21 21 23 24 10 24 25 20 15 13 24 10 12 24 18 26 19 26 15 12 
21 41 33 24 27 12 24 14 25 28 26 21 17 30 21 22 19 19 14 17 19 24 20 31 15 37 10 28 23 20 
22 20 25 18 22 26 33 16 41 36 16 15 15 32 38 17 13 16 12 19 32 13 19 18 17 29 25 28 27 22 
26 29 27 16 37 7 16 24 18 21 37 16 13 20 25 28 23 15 17 17 11 13 13 21 14 20 19 31 21 20 
24 23 39 24 36 13 18 26 26 34 36 11 11 7 32 25 20 18 17 14 41 16 16 22 12 20 27 27 16 32 
20 26 28 26 30 11 25 29 18 22 38 17 18 35 26 20 14 17 26 15 21 18 12 24 17 26 23 24 15 18 
15 30 15 25 18 15 28 17 16 26 32 14 9 26 30 9 21 21 26 27 17 11 12 29 25 30 37 39 14 27 
20 21 25 25 21 21 25 25 27 11 9 14 13 26 21 28 14 14 22 13 21 15 16 23 13 23 15 19 17 27 
16 16 7 9 27 24 21 21 15 25 28 26 23 24 29 28 17 9 17 16 18 17 14 20 25 28 16 21 23 26 
30 17 33 23 8 10 14 34 27 36 17 16 13 32 43 32 22 16 23 16 33 14 23 19 28 26 12 16 14 9 
27 44 36 20 15 14 21 25 19 23 39 18 18 26 26 25 18 14 25 16 46 23 18 12 23 24 11 29 17 27 
10 32 18 27 28 14 25 18 44 34 31 15 22 41 24 31 22 14 23 22 14 8 17 27 17 25 15 21 18 22 
20 26 30 29 10 14 29 18 25 15 29 19 21 26 32 23 30 12 22 20 37 13 18 30 29 22 27 28 14 21 
18 25 25 15 25 22 20 31 26 17 31 17 16 14 33 34 15 19 23 21 13 15 19 14 14 29 27 22 17 18 
24 23 31 20 35 13 13 23 32 21 44 14 20 22 19 20 20 11 8 28 50 8 15 18 16 15 18 35 18 28 
32 32 25 32 32 17 24 19 10 34 31 28 23 27 39 20 16 19 15 18 14 22 11 21 14 26 24 31 19 25 
22 35 26 32 14 20 23 20 29 29 20 17 17 36 23 23 11 17 20 15 42 20 15 15 17 30 13 22 23 19 
21 23 19 19 37 14 28 19 23 34 26 15 14 24 15 7 20 13 22 11 29 12 12 28 25 26 18 24 15 17 
32 34 21 28 40 22 21 30 23 17 19 10 17 19 31 15 34 14 16 10 20 16 12 26 23 37 27 38 17 14 
11 29 25 24 21 13 15 26 28 22 24 14 18 20 30 27 20 14 26 16 41 15 18 34 38 27 29 18 14 29 
25 31 22 30 45 18 21 20 27 28 39 16 15 19 19 26 24 24 19 15 41 15 9 7 18 24 26 20 11 21 
14 28 21 21 30 22 12 16 23 23 22 16 11 42 26 30 23 13 14 17 44 16 18 28 17 29 24 36 22 27 
27 31 31 20 23 19 17 22 26 19 32 9 17 30 34 28 22 14 16 14 51 18 12 24 20 13 18 9 21 16 
15 31 27 25 38 16 29 20 17 21 18 24 14 36 10 23 31 14 19 22 36 13 23 26 16 25 31 21 13 16 
23 44 29 11 39 25 22 25 26 31 28 14 17 25 39 23 24 24 16 12 40 5 14 24 22 11 14 24 16 24 
11 35 18 23 27 14 18 18 14 18 19 10 18 19 17 26 15 20 20 15 22 14 18 13 3 38 16 13 13 21 
27 13 24 22 31 10 11 22 21 27 17 19 20 18 22 31 30 11 12 17 35 19 19 19 31 32 28 26 26 21 
33 30 14 35 41 17 30 26 31 37 25 20 14 29 24 27 20 20 13 11 34 18 8 32 23 23 32 20 18 21 
30 38 14 26 19 15 10 10 22 22 26 13 16 23 23 27 23 18 24 16 49 12 16 27 20 16 26 15 19 16 
26 25 19 20 21 12 19 22 33 27 28 20 19 26 30 28 5 19 15 20 32 13 15 18 11 24 18 20 21 24 
26 27 29 24 25 9 15 15 18 25 27 13 14 27 30 21 24 16 16 19 28 14 17 22 13 36 17 24 12 21 
35 27 37 17 31 13 24 26 15 21 53 17 12 21 31 21 25 16 15 18 30 15 21 9 16 21 31 28 19 25 
28 36 22 16 19 22 32 26 16 19 23 15 18 32 32 33 21 12 23 18 40 13 20 20 26 24 25 20 19 23 
32 18 21 28 45 18 26 19 33 21 21 12 17 26 41 27 20 18 16 13 45 17 11 13 16 7 12 22 9 20 
29 34 29 14 26 17 15 25 28 16 26 13 7 25 29 28 22 13 18 15 32 12 19 22 10 23 23 27 15 15 
23 37 30 10 29 20 26 20 15 21 31 12 11 21 16 24 22 21 13 20 27 11 8 20 7 16 32 29 13 14 
27 41 30 23 21 15 13 19 19 32 16 18 22 24 31 22 11 18 16 11 26 20 15 28 24 37 25 26 17 28 
30 17 21 12 39 18 14 32 20 24 17 18 18 34 24 15 30 23 21 13 41 17 10 12 30 36 19 20 6 23 
30 40 10 12 33 11 27 25 25 26 18 22 22 25 30 25 33 16 16 18 31 15 22 27 18 34 23 34 11 23 
13 33 19 21 19 7 12 28 18 24 29 17 18 17 24 20 9 15 14 16 22 17 27 19 26 14 31 16 16 15 
20 33 22 27 42 25 19 18 24 22 41 18 22 26 25 7 20 24 10 20 25 14 16 17 22 27 24 41 19 27 
26 16 23 23 16 18 20 28 28 26 24 18 24 28 30 30 30 11 19 14 31 18 20 17 23 29 28 28 15 26 
13 26 21 20 35 10 28 23 27 34 22 17 15 27 37 15 23 16 18 14 25 21 25 20 26 21 14 21 18 19 
28 36 31 24 37 12 13 21 21 24 25 17 15 30 29 19 20 19 13 19 29 20 23 20 33 30 24 25 14 29 
32 32 16 21 43 18 24 32 33 21 15 13 19 32 19 20 27 20 20 17 26 14 21 11 13 33 19 33 13 23 
16 37 17 16 21 7 26 34 31 20 38 19 22 31 17 30 19 13 17 17 27 16 16 27 19 19 30 18 21 6 
30 36 30 25 35 18 14 24 28 21 25 18 13 34 22 23 25 16 26 13 22 12 19 21 10 24 26 29 20 12 
24 33 24 10 30 28 25 22 22 33 25 24 16 25 31 14 18 22 20 19 40 11 12 25 11 35 23 25 17 17 
30 28 16 23 37 11 23 22 38 31 25 12 21 35 26 21 11 20 26 20 35 20 20 32 22 14 21 24 14 23 
13 18 19 24 48 20 26 26 23 38 32 16 23 23 27 18 18 16 27 22 21 13 18 28 28 33 18 19 15 10 
25 27 28 14 31 23 8 16 12 23 21 9 23 26 27 23 21 2 14 14 24 19 17 31 17 8 30 17 13 32 
15 19 19 25 29 21 15 32 12 27 24 16 27 22 24 18 21 12 25 9 31 20 15 17 23 37 23 38 14 28 
22 36 14 14 35 12 24 18 25 32 30 15 15 34 31 29 14 8 23 21 37 17 16 32 18 33 20 35 22 23 
34 28 25 16 27 15 24 18 22 20 34 16 20 25 26 28 19 17 25 9 36 13 12 23 10 31 20 34 18 31 
23 41 13 21 26 18 15 21 13 25 28 24 12 37 22 9 24 16 18 16 27 11 16 31 14 35 19 27 21 15 
18 28 10 19 16 19 19 30 30 35 31 22 13 27 35 12 22 17 28 17 28 21 12 32 13 27 11 21 17 26 
30 37 31 20 43 21 17 32 21 22 29 11 17 40 21 29 25 16 15 7 19 16 22 25 25 27 26 14 22 19 
22 38 20 20 36 12 14 23 25 30 21 19 21 16 37 35 18 16 23 14 18 12 15 36 20 24 20 29 15 25 
22 29 26 18 34 18 16 26 30 18 35 21 20 20 40 15 22 11 20 22 29 16 15 17 25 22 22 24 17 17 
28 24 17 28 24 22 24 12 38 23 23 22 10 20 35 30 15 15 15 15 29 11 16 22 29 27 17 27 17 15 
25 23 10 21 31 7 28 29 17 24 30 5 18 33 46 18 21 18 13 13 38 14 18 32 14 29 13 29 14 30 
25 49 30 21 44 21 20 29 16 22 30 16 22 8 16 25 3 22 17 19 22 14 20 25 24 30 10 32 12 26 
23 22 19 22 28 20 18 18 29 30 19 23 19 20 18 14 21 12 17 15 28 10 11 28 19 22 22 34 18 17 
40 39 26 34 29 14 14 24 34 17 22 16 20 34 11 21 25 15 21 21 48 22 15 21 18 25 20 16 17 8 
19 19 30 25 27 20 23 24 15 26 18 21 20 26 32 27 27 13 23 14 56 16 14 34 22 28 22 28 16 27 
25 23 22 22 31 19 20 9 25 32 20 14 10 24 31 22 23 15 18 23 28 19 13 22 30 27 34 31 11 19 
33 41 26 13 32 14 24 23 24 31 28 20 22 27 26 25 24 13 15 22 44 19 21 29 12 29 20 25 13 22 
33 43 33 29 30 18 13 20 28 22 29 5 17 28 28 23 30 13 16 18 26 13 16 21 15 28 21 16 10 20 
19 35 4 15 31 17 23 18 32 20 21 26 24 13 36 27 18 15 8 24 21 18 12 24 24 34 34 29 4 28 
21 19 19 30 39 19 23 28 25 26 20 24 19 35 28 17 25 11 16 19 49 18 17 13 19 22 16 35 14 19 
30 29 30 24 37 16 10 31 35 27 21 17 10 35 26 19 15 15 19 18 31 16 16 19 33 36 15 23 17 13 
23 34 31 20 19 14 14 22 22 30 42 18 15 27 37 16 21 6 19 16 30 3 20 29 17 20 24 27 25 23 
21 30 26 19 21 20 16 22 20 19 21 23 17 19 33 25 21 9 24 11 18 11 14 31 21 26 17 25 15 21 
19 22 27 19 24 13 15 22 25 29 11 10 11 30 18 14 17 11 10 15 22 12 12 29 15 21 34 28 8 29 
14 21 24 13 12 22 11 17 31 27 17 13 14 24 30 20 25 16 27 19 18 12 14 15 25 21 20 25 19 25 
32 19 28 29 48 23 16 34 25 20 15 20 19 27 28 26 22 17 15 15 33 8 12 24 18 22 7 13 14 21 
22 28 30 23 27 14 25 24 22 25 24 13 12 32 20 14 16 20 18 20 34 13 16 23 26 22 21 9 18 22 
24 24 22 23 24 19 26 16 31 33 31 20 17 21 17 22 20 12 14 18 25 21 14 37 30 13 25 22 20 17 
27 35 27 29 20 15 20 19 25 40 32 20 20 23 14 21 15 23 15 17 20 11 17 22 11 37 20 27 12 21 
21 20 18 28 35 25 14 13 30 30 20 17 21 31 19 28 13 12 16 10 22 18 16 28 16 27 24 23 12 27 
14 32 19 14 26 14 24 33 27 14 27 15 23 14 22 18 5 23 27 12 36 14 17 27 18 27 26 32 17 18 
26 26 16 24 33 15 18 25 11 24 14 18 12 20 15 34 13 15 14 24 24 13 13 32 13 25 20 19 26 11 
16 21 12 21 35 12 26 22 25 14 24 23 19 35 37 24 18 25 15 8 43 13 15 22 14 36 16 31 14 26 
21 29 27 39 26 29 16 17 27 33 30 20 14 27 20 28 22 12 12 21 43 19 14 24 24 22 21 29 12 10 
18 37 31 22 29 14 22 23 23 33 30 8 17 25 28 19 20 14 22 10 32 10 15 22 28 22 26 23 24 11 
25 29 23 19 42 24 26 22 9 26 30 28 18 30 19 20 34 14 18 18 44 16 15 25 17 35 17 26 19 27 
14 32 30 28 30 15 12 19 28 20 22 23 21 28 22 22 11 13 13 16 29 13 22 31 20 18 16 26 18 27 
25 15 22 24 27 22 19 21 38 37 12 20 11 35 12 26 6 11 23 17 41 15 19 19 17 19 22 33 15 17 
21 26 24 25 22 29 25 23 31 40 27 15 28 34 33 38 24 20 20 20 32 11 13 27 14 26 17 20 17 26 
21 36 21 34 29 17 28 25 9 35 22 21 23 36 29 21 26 15 13 20 8 10 19 24 18 30 20 33 25 14 
25 23 35 27 30 17 24 32 31 26 29 11 22 20 14 25 38 18 19 10 30 18 17 19 19 24 20 25 15 12 
26 27 16 35 30 10 17 16 38 18 19 19 9 39 37 28 16 12 24 10 41 23 16 24 27 13 23 30 18 26 
33 31 36 22 38 23 19 34 30 23 29 11 13 29 23 21 24 11 14 23 26 15 14 30 32 13 29 35 18 27 
21 24 26 14 37 22 7 19 17 29 28 21 20 28 34 26 27 21 18 20 33 13 21 29 29 22 15 19 19 28 
29 27 23 17 20 8 23 27 34 28 19 15 20 13 21 26 23 16 12 16 40 20 9 33 24 24 9 20 14 18 
38 35 29 24 34 23 18 32 25 30 27 25 12 29 32 27 31 18 21 21 23 20 15 29 16 33 19 41 17 15 
5 23 19 25 39 7 25 20 25 16 21 16 15 25 44 24 21 13 17 14 31 13 21 14 23 26 25 32 11 23 
24 28 28 20 18 19 24 24 41 26 11 14 16 28 33 17 19 14 13 22 35 19 21 21 31 28 24 25 18 17 
14 18 15 32 26 31 26 20 31 23 23 16 20 33 23 24 26 14 21 9 34 12 15 20 35 30 14 19 21 20 
26 20 15 25 25 21 12 22 31 30 17 17 15 28 17 23 10 7 16 18 21 13 11 14 20 17 16 23 12 17 
23 38 21 27 33 13 16 12 28 30 37 11 10 22 35 33 19 16 20 10 21 16 13 16 14 23 15 34 16 16 
24 34 16 25 44 21 12 34 29 26 31 14 10 29 39 20 33 21 24 18 27 16 18 27 24 34 20 35 10 15 
18 43 30 25 34 10 20 15 22 31 31 18 14 23 22 8 21 12 10 19 32 15 17 26 17 21 12 33 15 20 
24 30 28 16 34 17 27 30 31 23 33 18 12 20 30 23 19 8 21 16 23 15 16 24 5 41 18 31 21 22 
28 33 33 17 28 11 10 17 14 29 30 12 16 30 31 23 24 8 12 18 39 10 25 24 22 22 31 16 15 16 
24 32 16 23 29 6 25 12 24 16 26 17 20 29 15 30 13 15 22 16 26 21 18 20 10 21 19 31 16 20 
31 23 26 29 24 13 16 13 13 19 27 26 19 32 28 30 21 16 29 15 34 20 15 17 27 17 34 26 15 21 
30 26 19 12 41 12 21 34 18 31 24 19 22 26 18 23 23 18 12 16 38 11 11 19 23 23 27 17 18 26 
32 47 18 31 31 12 18 21 33 24 34 18 15 18 27 22 22 22 17 10 21 14 19 26 21 24 24 31 13 18 
19 48 14 11 27 16 22 21 16 28 26 15 14 16 31 17 23 15 11 19 27 19 13 21 16 37 49 42 16 22 
16 32 26 22 37 13 14 18 29 26 16 10 17 27 41 34 13 11 23 20 40 17 20 27 21 14 25 28 18 30 
23 43 12 22 31 19 27 26 22 13 29 11 23 33 32 26 17 17 22 14 49 7 16 26 14 21 26 26 20 25 
25 35 31 18 18 25 27 25 14 30 19 16 20 31 50 32 26 10 19 13 29 17 19 27 5 31 13 26 20 16 
18 32 29 23 27 14 23 30 28 24 14 20 17 25 15 27 27 12 19 18 22 13 16 28 22 43 13 34 13 22 
27 32 19 16 33 16 13 20 24 23 23 29 19 33 25 33 26 16 14 21 33 15 16 25 20 38 15 26 7 16 
18 25 20 23 38 20 21 29 21 32 19 12 26 17 34 24 12 18 13 19 17 11 17 20 18 28 19 28 19 34 
23 28 25 20 44 14 6 14 31 37 9 21 11 21 43 8 17 21 13 17 22 16 18 13 27 23 17 40 16 21 
20 20 29 31 29 15 24 30 30 15 28 20 17 27 28 23 16 19 29 17 32 14 11 15 10 30 19 37 14 22 
26 31 28 34 30 13 25 14 22 30 33 15 13 22 40 20 14 16 19 16 35 18 21 23 20 32 19 24 19 18 
28 37 22 22 45 23 28 25 25 21 18 17 16 32 26 26 5 19 19 15 30 14 18 22 29 36 20 24 18 28 
27 40 28 24 8 13 21 24 28 32 24 16 21 31 23 21 36 12 23 22 39 12 16 24 16 16 12 16 13 17 
38 32 22 24 25 20 24 25 21 23 14 12 12 9 31 24 13 17 22 8 25 15 5 19 17 21 26 24 22 18 
35 6 28 22 29 21 14 20 29 24 16 14 9 31 6 24 16 18 17 14 35 14 23 28 19 29 16 20 14 20 
21 30 33 29 32 18 17 16 20 24 18 20 18 36 22 26 31 15 22 11 29 20 21 23 21 36 22 23 14 16 
24 35 11 33 23 9 21 20 18 34 13 14 19 19 39 24 10 12 8 11 38 17 17 16 14 29 16 33 12 15 
24 31 29 24 34 22 11 24 22 14 23 18 14 36 19 27 21 14 25 10 28 9 23 26 20 19 10 24 9 23 
20 30 19 24 39 29 14 34 21 44 30 15 18 24 37 25 17 15 16 17 12 12 16 21 29 23 24 35 17 21 
29 38 32 27 22 15 30 21 21 25 32 24 20 31 23 24 16 6 11 18 25 17 21 18 21 25 21 20 18 20 
26 31 34 20 39 19 17 21 21 30 38 16 19 29 27 17 24 18 21 12 21 21 17 28 15 34 34 30 15 25 
29 30 10 33 27 14 12 31 31 24 38 18 24 6 19 33 17 17 18 18 29 23 13 18 22 16 27 28 20 22 
21 23 32 25 25 17 20 19 27 29 25 19 14 33 31 19 21 17 24 17 47 18 18 17 13 36 19 28 11 31 
21 30 28 36 27 10 19 26 29 23 26 16 16 30 23 25 20 14 19 14 36 11 17 7 12 28 19 21 13 17 
27 45 28 26 32 21 35 30 19 28 31 21 22 35 30 12 15 10 27 18 34 13 17 24 20 26 19 17 21 15 
20 16 29 19 23 6 14 23 31 14 24 10 16 42 21 35 25 20 20 20 52 12 18 25 8 40 14 13 17 22 
27 39 23 18 25 15 12 26 26 22 28 21 10 23 22 17 31 13 22 15 37 11 15 25 25 28 25 26 16 19 
24 43 39 18 54 20 21 22 25 16 32 9 22 29 31 40 26 20 20 15 18 17 10 21 19 11 18 22 20 13 
25 23 25 12 47 22 18 36 25 18 33 16 14 29 20 24 18 20 13 10 24 8 13 27 22 27 24 28 11 13 
33 15 24 31 38 12 21 21 16 17 32 18 10 16 24 17 21 17 20 18 38 16 16 30 17 23 29 34 23 12 
19 36 22 33 18 13 18 25 29 33 20 21 20 20 42 27 25 17 11 13 28 15 14 8 27 32 4 28 15 17 
14 31 18 18 19 13 21 27 31 41 27 16 15 39 26 13 15 8 11 14 38 10 14 31 22 26 20 18 13 11 
23 32 31 33 28 18 18 21 35 33 19 20 25 27 28 29 22 17 19 13 15 11 15 26 32 34 14 28 14 23 
25 26 28 15 33 7 22 26 21 25 23 22 12 38 11 13 30 12 19 19 42 7 17 26 12 39 20 40 17 12 
21 23 15 17 43 14 22 25 28 26 30 19 12 44 29 21 24 8 24 18 22 18 19 32 21 24 24 27 19 34 
24 45 27 20 40 14 21 13 27 23 28 23 15 27 36 22 17 23 24 15 25 20 15 29 22 18 8 16 18 29 
34 38 36 43 28 14 10 23 24 30 24 17 17 36 19 25 25 12 14 20 36 17 18 21 22 37 34 14 16 18 
26 22 13 25 34 19 15 24 27 26 28 19 11 38 39 21 29 10 21 15 45 22 17 19 14 36 14 33 14 26 
31 37 18 20 23 16 16 23 27 19 23 19 23 13 27 27 20 14 15 10 40 18 22 19 24 21 16 15 18 8 
24 28 20 24 26 14 31 28 30 28 17 16 18 15 14 26 22 18 17 17 26 16 18 20 21 36 24 25 19 21 
25 38 25 22 33 19 39 21 18 22 30 20 11 40 36 24 23 22 17 24 37 16 16 22 28 14 23 32 14 18 
19 28 25 9 26 15 24 10 28 25 25 16 8 21 38 26 16 11 13 16 40 21 21 19 21 32 27 20 16 23 
17 23 29 27 22 14 30 23 28 20 16 20 21 25 37 6 20 16 20 18 24 14 11 17 19 22 15 16 13 16 
17 17 18 24 25 15 20 30 35 17 21 20 20 14 22 22 15 12 13 18 24 7 14 23 27 27 23 20 13 22 
15 32 20 13 36 18 24 23 33 26 29 18 23 21 25 22 24 17 7 15 24 15 15 28 15 38 25 28 21 25 
15 33 33 29 23 13 31 31 15 28 22 20 14 22 22 18 19 12 20 13 23 9 11 20 20 29 14 22 17 14 
20 24 23 23 27 19 20 19 36 5 42 11 4 22 26 24 21 15 13 13 30 14 15 30 17 30 24 32 20 32 
29 22 32 20 32 19 15 19 52 25 23 23 25 22 32 22 23 16 15 18 26 21 12 27 24 34 13 29 25 19 
31 45 24 31 33 18 29 28 15 16 28 14 18 32 30 27 17 11 17 18 37 18 20 21 22 19 22 35 17 5 
13 40 25 28 41 16 20 29 25 34 43 14 11 22 21 20 20 19 19 25 34 7 17 35 13 37 17 31 13 19 
37 40 28 26 29 28 19 14 19 31 28 19 18 41 32 27 19 18 11 15 23 14 14 23 20 15 29 24 18 20 
22 25 23 19 35 21 15 32 23 22 29 10 12 24 18 21 19 17 20 22 21 16 12 28 24 24 13 27 13 23 
28 35 24 22 24 16 19 18 22 20 16 15 19 20 29 33 27 14 17 15 21 12 22 26 23 29 36 18 15 23 
19 21 18 29 31 18 22 23 20 21 30 13 11 20 29 18 20 13 11 14 17 17 17 25 8 34 26 30 20 20 
22 38 33 34 33 16 16 20 27 35 22 16 20 50 13 31 10 14 19 12 28 9 16 24 30 25 31 24 15 12 
20 24 30 17 28 8 20 27 34 30 34 13 14 22 17 39 21 14 18 21 39 14 19 16 18 23 19 36 18 16 
29 32 23 26 28 21 16 29 12 28 17 13 24 25 29 22 35 20 28 23 30 15 13 16 9 22 19 22 11 20 
15 33 31 30 20 22 20 23 26 31 21 25 10 28 29 35 21 17 24 16 30 18 16 26 19 22 28 29 8 13 
24 30 30 18 34 17 28 29 22 25 33 16 12 24 28 20 25 12 18 16 37 8 17 17 32 29 19 18 13 21 
24 21 33 13 27 10 9 15 29 21 28 15 18 30 17 27 36 17 18 14 38 11 17 27 17 13 37 29 12 8 
24 44 28 31 18 17 13 21 32 17 25 7 9 31 37 22 15 15 18 19 41 14 13 23 29 34 25 33 18 26 
21 33 30 35 34 21 31 28 18 24 35 21 20 40 21 24 16 14 17 11 15 25 24 12 21 23 8 28 18 17 
29 21 33 18 25 21 19 17 20 23 36 15 15 22 23 19 28 17 18 14 19 14 18 30 8 20 18 27 17 25 
25 26 25 23 29 15 21 24 26 20 43 16 12 16 35 15 11 26 15 15 9 17 15 18 15 12 26 11 15 32 
32 32 20 21 11 17 11 10 26 36 24 19 18 24 19 32 20 17 14 13 43 14 18 33 27 36 10 22 17 27 
18 50 26 27 16 15 20 29 25 28 23 22 18 24 23 24 23 23 14 17 34 23 13 20 4 26 8 30 18 27 
18 30 28 19 19 19 21 29 33 25 16 15 20 34 18 28 20 11 20 12 27 16 24 29 32 18 18 19 15 16 
11 25 33 27 40 24 28 17 26 22 39 29 16 19 18 27 24 18 16 11 16 15 13 19 17 32 13 31 18 17 
25 36 24 25 18 8 13 22 32 32 31 19 26 31 19 32 20 21 17 15 24 8 17 26 19 10 22 29 19 13 
18 32 19 25 25 14 12 34 18 38 28 19 25 34 24 31 21 22 23 12 37 15 21 18 14 35 14 44 15 26 
23 25 33 23 24 13 15 18 27 36 32 15 11 31 32 13 28 20 20 19 30 14 16 26 9 32 17 22 18 14 
21 27 22 24 17 18 19 32 27 22 22 17 27 31 40 19 19 16 17 12 18 17 19 16 18 31 27 16 19 18 
29 19 24 23 31 13 17 22 7 34 17 20 19 16 29 21 22 19 22 15 27 15 18 10 15 28 19 26 15 23 
25 51 29 17 31 13 21 29 27 42 39 15 20 20 21 23 13 9 18 21 28 10 16 21 23 31 30 16 15 15 
20 23 28 20 31 26 16 27 27 29 26 9 17 42 24 23 28 20 16 16 31 21 16 11 34 20 25 19 16 23 
27 30 4 27 27 25 20 28 19 32 25 12 5 39 8 22 21 12 23 14 31 18 15 22 11 27 22 32 15 15 
27 30 26 20 26 15 31 27 14 21 16 14 18 9 22 22 22 20 25 17 24 6 15 25 19 30 20 19 22 18 
22 29 41 24 27 14 27 29 18 19 31 22 25 25 18 22 20 17 23 14 52 19 17 17 23 34 18 29 16 22 
20 42 18 33 38 18 29 19 24 16 20 28 15 25 25 27 17 16 17 9 35 9 20 35 17 43 23 30 21 25 
11 44 26 16 25 20 23 22 25 21 23 15 19 24 30 15 12 18 13 15 33 21 16 22 18 23 18 19 21 18 
15 2 34 21 28 18 22 24 21 29 26 20 25 35 35 21 21 9 12 16 26 13 16 28 24 34 23 36 15 29 
22 13 14 25 20 19 22 11 21 36 38 17 22 12 26 30 21 15 28 20 27 14 16 22 21 17 24 26 13 26 
24 42 23 31 35 12 19 16 4 41 16 9 22 37 27 27 28 16 24 11 18 12 18 25 16 25 17 22 16 14 
33 26 14 28 33 18 20 18 18 5 27 14 23 20 16 22 18 7 24 16 22 14 18 23 17 28 31 29 17 21 
32 38 41 33 47 15 17 16 25 35 29 21 21 37 8 21 29 15 19 16 38 16 17 33 23 20 21 13 14 29 
14 30 39 20 26 24 24 27 33 22 35 6 11 27 31 19 32 14 20 18 19 10 19 27 23 22 20 25 18 10 
28 40 15 22 14 15 14 14 23 31 27 12 19 17 33 23 20 11 23 15 18 14 12 17 23 37 13 29 12 24 
29 27 25 30 27 25 17 28 27 22 29 12 16 32 24 23 26 9 15 15 28 19 18 20 16 30 19 35 17 26 
20 27 29 34 29 12 22 22 17 26 20 21 18 42 12 31 23 12 9 15 33 12 20 22 32 30 22 20 22 15 
16 27 22 26 32 24 18 35 25 42 27 15 25 17 31 22 26 15 27 15 27 9 18 31 18 31 21 20 21 18 
28 37 23 33 22 12 13 34 30 26 14 16 4 11 9 19 28 17 26 18 39 16 22 25 13 22 26 32 20 19 
29 21 25 34 28 25 14 24 18 19 26 9 20 22 30 21 14 15 21 20 32 13 16 20 11 32 23 30 16 31 
25 25 27 24 36 26 23 22 24 32 15 14 22 21 37 42 17 17 18 19 28 16 26 23 19 21 29 30 14 27 
31 33 18 31 34 9 20 14 18 26 24 18 12 20 26 22 15 11 20 18 30 12 16 7 17 41 23 27 11 14 
25 37 21 24 22 19 13 23 31 23 30 15 15 20 32 22 17 22 19 14 34 10 15 16 24 34 19 26 15 24 
29 35 26 8 21 18 17 21 36 31 18 19 25 30 32 23 22 18 11 19 25 20 13 25 12 19 27 30 19 34 
26 22 23 22 29 14 15 23 14 20 20 15 7 17 25 7 14 19 16 15 43 19 14 29 17 30 28 29 22 18 
23 31 20 23 35 14 13 28 24 24 22 21 10 26 22 19 22 17 16 12 28 18 16 25 15 38 30 20 20 11 
23 16 18 22 26 18 12 20 31 16 23 16 22 31 27 20 14 13 7 14 32 17 20 15 19 35 16 27 17 29 
15 45 32 23 37 17 13 29 30 35 12 24 13 18 29 31 19 15 22 19 31 13 21 11 29 18 16 24 15 30 
23 33 22 20 32 7 26 23 27 36 32 10 20 19 22 27 21 11 25 14 26 27 12 12 28 20 12 19 16 20 
14 33 16 26 38 10 27 17 19 29 23 23 15 23 34 39 22 16 21 11 18 13 12 27 20 32 25 30 20 25 
34 36 15 32 20 12 16 16 22 29 22 13 15 24 34 16 15 16 18 16 22 21 21 25 18 26 12 20 4 21 
18 28 31 24 33 19 39 27 10 18 25 15 16 12 24 22 14 9 25 12 16 16 9 19 5 20 29 22 16 24 
29 19 27 23 23 17 22 22 27 26 24 27 16 21 26 26 26 12 19 17 37 10 9 32 24 30 28 9 13 17 
21 53 17 21 21 20 16 31 28 35 23 21 23 22 20 18 22 15 11 4 23 16 17 23 33 22 24 25 11 20 
23 38 27 32 29 15 26 23 30 21 37 13 24 20 30 22 18 16 18 20 34 18 19 26 18 36 24 30 14 17 
20 27 15 26 11 24 17 30 25 25 27 21 13 27 32 20 21 23 20 15 39 20 19 18 20 23 20 34 14 16 
23 23 42 30 33 10 17 24 21 21 17 15 23 32 35 19 26 8 24 11 18 14 19 24 7 27 19 21 12 19 
19 29 23 35 26 14 13 13 28 35 28 18 14 33 28 29 29 3 17 16 33 13 12 36 24 16 27 18 18 12 
27 23 6 16 41 12 13 22 28 29 26 23 7 19 23 25 9 13 15 13 22 18 14 20 27 15 22 41 16 18 
18 35 21 25 24 9 13 25 23 26 14 17 18 30 26 25 15 17 18 17 37 12 15 19 25 27 24 37 10 28 
20 39 19 32 39 15 25 17 26 25 29 21 15 30 34 32 23 20 19 15 19 17 13 22 25 14 17 30 19 25 
21 43 10 28 30 22 24 23 32 33 30 21 14 16 25 18 22 19 25 22 22 19 16 21 18 13 17 31 16 19 
36 28 19 25 26 10 16 25 22 29 21 17 21 30 24 24 23 14 21 21 33 7 15 12 20 33 18 16 26 18 
19 34 19 18 25 9 26 23 19 21 27 16 16 26 25 20 22 8 18 18 24 8 9 29 20 30 23 32 18 27 
26 31 34 22 40 13 19 32 33 35 31 9 12 27 25 26 20 18 15 18 23 12 21 25 24 26 19 34 10 25 
15 24 15 15 20 15 15 14 34 35 34 18 14 26 33 27 21 18 15 14 33 9 15 29 28 20 16 33 15 16 
30 27 23 29 24 14 17 27 15 21 17 25 17 15 33 17 16 20 23 24 17 19 23 19 15 27 26 21 21 13 
14 37 23 14 29 15 25 18 18 39 38 15 25 25 36 20 23 17 18 13 53 16 12 14 18 16 24 24 11 26 
15 20 27 27 32 10 16 25 13 35 40 13 16 25 30 17 23 13 20 20 26 15 13 18 20 13 24 16 21 18 
32 31 22 26 23 11 18 30 14 31 10 21 16 31 23 7 32 14 13 14 23 16 8 21 20 18 22 6 19 20 
25 28 33 20 20 26 12 25 31 31 30 23 13 23 34 25 24 19 13 15 35 24 19 26 12 15 24 27 22 22 
19 22 15 16 13 8 20 27 14 31 27 19 17 23 19 24 21 10 26 10 32 24 8 16 22 30 17 40 17 14 
20 24 14 26 34 17 15 19 43 27 22 12 14 37 22 26 16 5 19 26 32 11 16 35 15 22 25 29 18 26 
24 37 32 21 28 22 28 23 22 30 28 15 24 29 28 22 30 15 16 19 35 15 15 11 24 21 12 30 15 27 
29 35 27 36 19 33 15 15 30 46 26 8 15 42 27 16 23 9 26 13 15 21 13 20 9 38 21 34 16 16 
25 31 35 15 39 28 14 18 29 32 13 11 21 19 29 30 18 11 19 19 7 15 19 29 27 30 23 25 19 23 
26 29 27 14 43 22 26 28 44 23 27 17 14 35 22 19 16 21 24 17 40 17 20 33 35 23 26 23 13 23 
24 27 19 15 28 18 17 21 21 23 21 13 9 15 34 20 20 19 15 18 28 12 12 20 24 29 20 26 20 15 
29 30 28 20 33 12 16 24 27 37 25 19 14 29 33 22 21 11 19 15 39 9 12 22 29 20 14 28 12 26 
22 29 22 29 39 21 28 22 30 22 20 14 16 21 30 32 19 12 25 19 45 9 17 30 7 22 10 33 20 18 
22 33 19 16 6 20 23 25 31 38 19 18 9 28 11 13 22 13 18 17 39 16 17 21 25 18 19 19 15 24 
25 21 30 16 29 24 7 26 26 23 24 13 5 41 18 10 16 10 17 14 30 7 16 22 27 25 21 21 24 22 
23 35 29 28 35 20 19 37 27 26 29 15 17 26 15 26 16 7 13 27 23 19 16 27 16 27 20 25 18 28 
30 42 30 14 30 21 21 26 26 27 25 20 18 20 31 36 17 5 20 12 43 13 18 17 19 25 9 20 18 20 
26 11 32 22 29 10 26 19 20 23 30 10 18 32 29 13 17 21 25 12 32 16 16 25 22 19 33 29 23 27 
28 32 26 19 41 16 28 28 24 32 30 20 9 32 23 25 10 16 9 14 25 16 25 22 23 30 21 18 10 18 
20 43 32 18 16 18 23 27 33 17 34 9 26 31 32 17 19 15 20 19 26 10 14 27 16 19 24 18 12 21 
18 20 29 17 31 15 26 18 26 19 22 19 25 24 41 18 25 19 23 14 29 14 17 13 31 34 19 30 14 12 
27 26 22 20 18 14 11 22 39 37 12 21 19 26 32 18 22 8 21 15 12 16 8 37 14 25 29 28 13 24 
26 27 19 25 30 22 18 16 21 29 26 16 18 31 26 29 25 16 26 16 21 15 16 31 28 34 37 20 16 18 
23 35 34 29 40 12 16 25 26 25 14 15 17 27 19 14 20 13 16 22 24 18 13 23 32 25 17 22 8 6 
29 37 36 29 33 10 22 18 29 19 32 12 21 33 22 18 26 20 18 12 37 16 19 24 20 18 19 20 19 20 
19 34 33 15 49 20 20 27 27 33 24 8 18 22 28 24 24 10 11 25 15 19 23 16 17 28 28 25 10 12 
22 28 25 20 20 16 16 22 23 36 32 13 25 30 45 27 13 15 13 11 31 17 11 26 23 10 18 33 15 34 
18 36 19 22 22 15 22 14 30 33 33 22 23 8 19 12 23 14 28 16 27 13 9 36 18 31 15 26 15 20 
26 36 26 24 32 16 17 12 30 27 25 17 15 22 30 12 22 12 17 13 43 12 11 12 20 21 26 19 14 21 
30 25 19 19 28 14 19 12 18 22 21 9 20 28 37 18 26 15 23 9 46 17 18 23 21 33 22 21 18 25 
17 33 14 17 21 10 25 22 23 27 30 25 19 31 29 26 22 9 18 21 29 15 11 10 28 28 11 26 20 9 
15 38 29 29 22 14 18 33 23 28 24 17 19 33 32 20 26 14 14 19 37 13 13 28 17 17 23 43 25 21 
29 40 16 14 42 29 21 21 24 37 29 18 17 39 36 21 20 10 12 19 15 4 15 20 24 23 25 13 17 23 
23 35 15 26 31 17 12 18 19 22 31 16 14 33 25 25 14 23 10 21 26 10 16 20 16 31 12 17 17 23 
17 28 25 28 35 15 28 29 32 28 31 25 17 28 33 32 14 15 23 14 32 10 21 30 23 28 31 35 18 15 
32 22 12 19 33 24 14 26 23 30 23 25 18 34 26 17 21 16 22 17 33 12 15 20 14 20 28 31 11 22 
15 30 12 20 31 16 22 27 34 26 37 12 17 34 23 20 25 11 14 19 25 18 17 17 36 33 22 28 15 20 
10 25 18 28 46 18 19 31 16 31 36 19 12 30 29 23 29 16 21 21 36 15 17 18 21 22 24 16 23 19 
29 33 18 28 5 23 23 28 41 25 27 20 8 37 34 25 22 21 17 21 37 20 13 23 28 23 23 22 14 27 
27 29 26 28 35 19 22 16 25 19 29 20 12 35 21 25 28 14 28 15 33 15 18 28 16 25 22 27 26 20 
22 36 34 13 25 15 26 25 22 22 28 24 21 22 16 17 30 14 24 18 25 12 18 28 20 18 21 28 21 19 
18 25 34 25 22 14 16 18 14 31 38 15 14 32 27 26 18 19 19 12 25 18 18 24 22 30 22 16 14 20 
25 17 26 18 25 12 13 12 27 21 30 26 16 40 29 18 20 13 22 17 35 19 14 26 17 26 14 34 17 32 
14 16 26 17 20 19 24 16 19 24 28 13 13 23 18 25 27 17 11 16 38 16 11 30 15 19 15 24 12 13 
19 35 34 34 22 10 17 17 21 30 26 13 15 37 38 14 27 15 21 18 27 13 12 29 20 14 5 22 18 17 
28 21 27 35 30 23 28 20 21 22 36 23 19 14 28 18 18 9 13 15 29 13 14 13 25 28 26 15 15 20 
18 26 31 18 34 20 22 22 25 29 20 17 17 37 15 21 23 18 29 17 39 12 15 31 24 22 22 29 21 19 
16 21 31 32 30 17 22 17 17 26 16 24 15 27 24 12 24 17 12 15 47 22 25 24 33 19 20 26 19 23 
23 30 30 22 26 19 20 19 29 17 28 17 14 30 17 20 32 16 14 13 34 15 12 23 10 23 22 22 18 27 
27 45 28 19 27 18 32 19 17 17 39 13 19 24 33 30 17 16 13 21 40 12 17 30 20 17 20 26 12 31 
25 27 16 24 38 15 18 24 37 25 21 11 13 22 36 31 22 11 19 17 32 21 17 32 16 26 26 22 17 17 
26 15 18 15 26 22 22 23 32 20 23 14 17 22 21 28 23 16 27 17 30 18 19 15 19 12 24 24 17 19 
21 27 30 31 32 21 17 27 27 31 27 18 18 32 18 25 14 15 15 21 18 11 14 10 24 23 18 22 17 19 
38 34 23 19 25 22 32 29 33 39 23 23 16 27 32 31 31 17 13 14 51 18 16 23 20 22 13 21 18 19 
16 36 18 20 29 22 15 17 33 16 27 22 23 26 25 29 25 7 21 20 19 24 18 29 15 25 19 33 17 20 
19 37 20 31 30 19 37 31 33 17 21 23 12 19 25 21 25 13 15 12 38 12 16 37 11 26 16 16 16 32 
33 34 24 19 29 17 18 30 33 30 40 19 20 20 22 20 20 15 29 15 35 23 16 35 24 35 21 29 17 25 
23 27 16 28 35 19 15 22 24 17 22 15 15 20 31 30 9 15 21 11 27 17 9 28 24 30 19 33 19 15 
23 34 21 23 21 16 29 26 32 30 19 19 17 27 36 21 25 21 26 19 18 7 19 20 30 24 21 17 12 32 
27 30 31 14 35 13 23 27 17 36 34 21 10 16 18 14 19 12 19 16 32 15 19 19 24 32 34 27 13 17 
35 25 18 26 38 17 13 25 21 33 23 11 14 14 16 29 17 13 19 12 28 15 25 23 20 33 20 27 20 23 
13 32 25 16 26 13 23 24 19 29 16 12 15 23 28 26 27 14 13 11 40 12 19 19 27 37 22 29 20 18 
23 35 23 27 19 27 20 12 21 47 6 23 7 32 18 23 27 19 5 18 32 15 17 31 24 24 23 15 24 24 
21 20 22 29 32 14 21 23 26 35 24 20 17 16 24 8 13 11 23 16 41 16 20 21 22 17 25 24 11 22 
17 27 36 20 19 16 23 19 20 14 26 14 13 31 28 23 29 21 20 18 20 11 17 25 15 23 27 27 18 25 
27 37 26 18 28 25 29 30 24 21 23 22 10 31 20 23 25 10 21 14 34 19 11 27 15 36 15 37 13 21 
10 45 12 28 29 9 30 15 23 29 28 18 15 30 33 22 31 17 22 18 30 16 18 21 14 17 22 24 17 14 
31 27 23 35 36 22 23 19 23 24 25 12 18 31 14 18 26 21 24 16 32 20 15 32 30 24 20 28 21 11 
23 37 25 26 20 16 22 24 19 23 22 22 17 24 18 20 27 17 15 14 35 12 17 18 11 25 20 29 11 15 
27 38 9 29 30 20 15 24 35 29 29 19 23 30 28 31 24 11 16 16 26 15 15 18 26 40 22 21 20 27 
32 33 25 16 40 13 22 31 40 28 14 15 12 34 10 22 24 22 25 23 37 13 16 14 28 25 18 8 12 22 
11 24 11 17 24 14 25 35 26 25 42 22 14 29 23 21 8 11 20 15 28 16 13 21 15 24 19 18 22 17 
31 30 19 32 37 21 19 29 27 21 20 20 14 23 45 24 23 20 18 20 23 6 22 18 20 17 19 18 16 11 
26 16 17 28 16 14 21 31 16 17 43 21 23 42 33 22 20 17 18 12 17 14 15 23 15 27 37 26 21 24 
28 21 12 22 33 19 25 31 39 29 28 13 14 22 35 20 15 8 22 19 32 6 16 16 23 35 11 28 22 20 
11 21 22 25 20 16 14 21 22 20 26 19 19 21 27 18 21 8 20 17 27 22 17 21 13 29 29 32 21 30 
22 23 25 24 23 28 17 28 25 24 22 19 24 26 19 11 29 18 23 15 21 18 15 24 25 40 25 23 15 21 
22 21 35 19 23 20 22 25 19 34 34 16 20 32 23 28 20 13 21 9 10 15 12 33 17 23 26 17 13 26 
21 35 11 19 22 22 22 22 24 26 21 19 18 15 30 17 21 19 23 16 38 17 22 14 31 35 16 33 20 27 
27 33 18 20 46 13 24 30 12 25 42 17 13 25 40 27 16 9 22 15 27 12 21 34 21 21 21 35 18 26 
23 42 21 20 19 21 24 19 26 32 20 18 17 19 35 16 12 21 19 21 38 14 24 24 10 30 31 22 16 19 
27 26 14 27 27 13 11 13 23 27 22 20 14 27 24 29 13 18 25 14 30 15 21 24 15 17 24 17 22 13 
25 30 28 14 26 12 22 24 23 27 16 16 18 41 37 34 13 9 16 20 42 8 17 22 20 28 24 19 14 16 
20 30 21 30 24 19 11 22 28 23 24 17 16 22 24 16 19 11 11 18 35 15 20 25 11 28 16 21 16 21 
30 28 28 19 18 25 14 26 38 20 30 14 16 18 22 27 25 14 24 19 16 17 15 31 29 14 34 29 15 24 
19 20 28 22 37 23 21 22 28 33 28 12 11 31 25 35 20 12 14 7 27 14 21 29 13 43 22 29 21 28 
31 30 31 27 33 19 18 22 29 28 19 29 10 25 29 10 21 6 15 18 32 13 17 18 22 23 16 25 16 23 
19 32 30 20 17 22 15 21 41 19 40 15 20 17 26 21 18 9 16 21 22 15 21 15 6 31 21 18 18 13 
15 34 27 20 22 15 15 24 25 31 27 22 21 30 31 27 19 16 19 10 40 21 20 23 17 18 17 35 19 26 
25 9 16 18 43 20 24 24 22 32 28 26 18 24 9 18 25 12 20 22 31 10 15 20 18 22 24 37 16 28 
30 26 28 22 37 11 5 30 20 25 32 11 12 19 11 21 28 22 17 22 30 14 13 16 8 34 27 29 13 26 
30 25 12 29 34 20 17 24 33 31 29 18 22 18 24 34 33 22 14 13 28 11 17 23 17 33 20 24 19 14 
24 16 15 16 42 23 16 19 13 22 29 15 22 28 18 14 26 13 26 21 44 18 19 11 26 21 9 37 18 9 
17 20 34 26 12 11 22 12 27 34 18 25 17 36 15 15 11 9 30 16 32 14 19 20 21 15 20 16 14 9 
12 18 32 14 31 15 20 29 21 25 24 20 14 17 15 14 21 11 28 11 16 18 17 17 11 34 19 29 10 27 
21 30 26 14 23 19 18 18 21 17 34 21 17 30 35 28 24 17 19 12 36 14 15 23 27 17 15 22 9 27 
28 35 28 18 31 13 14 24 31 29 15 25 14 25 28 19 21 15 12 16 34 17 16 29 24 26 22 22 16 10 
23 26 28 24 33 15 26 13 28 29 11 19 12 30 20 30 18 16 23 16 36 8 15 26 24 42 28 31 22 30 
21 41 28 22 26 20 31 22 15 32 33 8 18 20 26 22 17 11 18 14 32 11 11 24 24 18 29 30 21 23 
14 29 22 25 25 14 24 12 14 31 35 21 16 23 15 27 30 16 8 21 14 14 23 28 20 27 28 22 15 30 
29 27 30 23 29 23 20 24 16 20 21 15 13 21 31 24 24 19 20 19 37 10 18 32 8 43 16 29 12 19 
22 24 15 18 15 22 33 20 19 20 39 21 12 36 25 25 26 16 9 17 21 12 16 22 16 41 19 24 7 23 
21 28 32 27 29 17 19 25 29 37 26 20 11 25 31 26 20 16 19 19 33 20 15 21 11 26 12 33 20 23 
16 35 21 19 29 20 16 13 19 21 19 17 14 12 47 29 35 11 14 8 36 25 13 20 9 37 24 14 20 28 
25 27 19 27 38 23 17 22 34 35 28 14 5 29 26 18 15 10 14 17 30 11 9 24 25 24 28 23 19 24 
25 30 23 28 28 19 19 24 27 26 34 21 13 17 41 21 23 14 12 8 24 14 13 24 17 38 25 36 13 22 
25 18 33 20 39 23 22 27 36 29 21 21 17 30 15 14 17 15 21 10 18 18 21 29 20 27 8 12 12 20 
13 37 10 27 33 20 23 26 31 23 37 21 16 21 19 22 24 17 18 15 25 9 15 30 16 22 20 22 19 25 
19 30 26 31 17 16 19 26 21 19 23 8 29 30 16 28 24 16 12 14 30 23 15 25 30 28 22 15 12 16 
35 8 9 23 30 20 20 27 32 33 37 9 16 31 25 18 26 17 20 14 26 20 13 19 17 26 11 26 24 22 
33 28 15 20 35 16 19 33 33 12 40 15 7 22 27 24 13 16 22 16 12 10 17 31 17 19 20 28 15 26 
13 18 31 31 34 15 20 22 21 30 37 12 23 17 21 27 20 16 18 16 28 10 14 18 24 32 25 30 13 22 
19 39 28 18 29 17 21 28 19 27 31 25 19 28 18 18 27 15 26 8 29 14 14 21 31 21 27 27 19 11 
22 21 14 10 29 12 26 19 27 32 28 20 16 24 33 26 18 14 25 25 24 9 18 25 21 19 25 24 19 19 
22 11 36 19 17 9 21 31 39 30 31 12 14 29 31 13 19 18 20 19 24 26 18 9 17 28 22 26 15 19 
21 34 28 13 25 17 27 24 24 26 28 14 17 35 26 16 16 11 10 16 23 15 12 26 8 27 27 21 19 24 
28 40 25 21 35 26 33 25 31 35 32 21 14 17 29 18 30 19 25 16 38 18 19 24 22 27 17 35 16 32 
22 43 31 21 30 21 26 15 26 17 29 9 18 30 22 30 23 24 11 11 26 16 14 29 17 28 12 25 11 19 
22 12 20 32 32 27 28 29 22 31 20 14 19 20 26 24 26 22 10 14 23 14 12 30 16 16 26 29 15 23 
10 24 31 24 35 16 26 34 17 23 30 19 24 26 41 25 8 14 23 21 34 14 8 21 15 23 23 21 17 12 
28 37 30 14 29 24 30 28 21 25 28 11 21 27 18 26 29 16 15 14 37 23 19 25 20 39 22 19 18 26 
14 32 32 16 26 16 26 16 18 37 26 12 16 22 35 19 20 18 15 15 40 13 14 10 27 21 23 27 25 22 
22 42 21 26 41 16 8 29 29 34 32 11 20 17 24 31 13 7 19 13 18 19 16 28 17 34 28 35 20 20 
22 13 15 27 24 14 11 26 26 23 34 25 20 28 27 18 11 18 22 19 42 16 27 30 16 17 21 21 17 22 
28 28 30 21 23 17 21 21 23 18 42 15 16 24 22 31 22 13 17 20 49 20 17 17 18 32 29 26 15 25 
19 34 11 13 30 16 21 26 26 13 28 21 19 29 27 25 21 14 23 14 32 15 18 21 25 27 20 23 10 23 
24 31 25 24 19 22 26 14 33 20 28 11 24 25 23 9 19 22 23 15 26 22 16 34 22 37 20 15 14 19 
27 25 29 19 14 11 20 21 23 21 26 12 18 28 35 19 29 18 15 5 30 16 16 19 17 29 21 22 24 18 
25 29 36 15 35 23 15 21 28 23 44 23 24 32 27 22 23 12 19 11 35 16 23 24 24 39 21 30 14 23 
15 32 33 19 38 20 27 15 13 19 23 17 18 40 26 19 16 13 5 11 26 11 18 14 18 22 16 40 16 16 
9 28 12 17 33 18 18 24 46 29 32 25 10 18 18 20 13 15 23 12 35 9 21 12 13 42 20 32 18 27 
33 24 18 23 29 25 29 26 26 33 14 23 16 24 30 23 11 6 25 15 42 11 24 24 18 29 12 10 10 31 
16 36 9 18 33 14 14 13 32 14 28 23 23 22 33 33 20 13 16 23 31 16 13 17 24 23 17 22 8 23 
10 18 9 18 20 17 26 21 16 27 23 15 11 20 32 21 15 15 23 26 24 22 20 30 12 32 25 26 20 32 
36 37 31 28 27 28 14 32 37 38 33 19 16 25 20 28 33 19 22 17 38 17 15 39 18 25 22 35 15 19 
21 21 32 24 35 20 23 24 28 36 23 10 20 31 22 22 12 14 24 20 14 16 14 29 19 38 17 29 21 14 
22 25 20 17 28 11 34 21 28 30 23 10 13 33 19 28 14 15 20 16 15 22 19 15 20 30 25 27 17 30 
17 14 24 23 27 25 31 17 32 21 15 13 19 18 28 14 20 26 25 14 39 12 21 20 14 23 21 29 12 22 
25 8 11 23 27 14 21 31 9 22 37 6 23 20 18 23 16 15 21 15 32 16 17 18 16 35 31 30 10 21 
23 30 24 21 28 21 18 19 26 17 25 12 13 42 30 24 18 14 14 16 39 11 16 15 20 34 29 33 15 25 
17 30 22 23 43 4 14 16 27 41 38 15 18 24 14 23 13 22 21 20 38 21 18 23 11 36 22 33 4 29 
24 32 7 19 35 19 27 27 28 33 26 13 14 31 23 23 22 10 15 15 25 14 15 22 15 30 11 25 18 29 
20 39 21 17 21 5 23 22 36 25 30 22 14 20 29 35 17 11 22 16 25 12 13 30 23 22 16 26 16 21 
16 17 29 32 32 24 17 29 19 21 36 21 19 19 22 21 25 18 21 15 30 12 13 20 20 21 21 18 17 16 
26 34 19 13 39 17 14 26 9 28 32 17 14 28 10 11 13 16 17 20 41 20 15 26 7 36 29 24 15 6 
22 28 20 24 46 24 27 29 29 19 20 25 21 33 36 20 9 16 20 9 21 20 10 22 14 18 21 14 20 26 
25 16 23 19 15 22 25 23 30 30 27 18 20 27 35 23 12 18 14 13 29 18 18 22 15 21 18 33 6 19 
20 24 22 26 34 12 34 28 28 41 22 2 12 31 24 27 15 10 26 16 38 16 8 28 5 25 29 34 16 17 
25 28 19 24 32 12 21 38 33 30 27 13 22 22 28 23 13 20 17 11 29 16 15 12 15 38 27 26 12 23 
30 28 22 22 33 19 21 19 16 15 24 25 16 22 25 20 16 10 20 26 35 21 15 29 20 20 19 31 13 21 
30 34 24 24 32 20 13 23 13 19 15 18 21 29 15 26 30 17 26 19 22 18 19 10 15 32 14 23 12 16 
24 24 27 33 28 16 29 14 10 27 11 6 24 23 34 24 27 8 27 15 39 16 13 36 27 26 18 22 11 17 
17 35 30 14 8 26 22 27 21 14 37 21 13 26 22 20 19 7 19 15 32 16 19 19 20 11 20 18 13 9 
21 24 23 22 35 9 21 21 29 23 35 18 7 31 27 19 14 18 26 17 30 18 16 28 13 26 26 28 17 15 
24 27 30 20 39 19 13 32 16 29 26 14 20 30 37 25 22 16 15 17 25 8 14 30 24 30 21 18 22 26 
25 19 27 24 39 12 21 12 26 29 39 21 29 12 22 28 14 17 16 13 8 14 13 15 30 27 14 31 16 11 
25 25 25 27 23 24 22 26 33 26 33 26 11 22 9 18 30 16 16 17 27 15 15 9 11 28 14 18 14 20 
31 30 27 23 35 12 15 26 21 36 20 10 22 28 33 20 7 8 20 18 36 18 20 21 17 38 15 29 7 27 
26 25 26 17 23 14 23 27 18 35 19 20 14 32 24 25 24 14 17 19 34 19 18 25 22 35 22 17 16 14 
31 35 26 32 24 18 18 24 41 23 23 21 20 16 17 20 19 18 19 7 32 13 15 24 16 14 20 30 15 18 
24 21 19 18 34 18 35 23 15 25 18 9 13 22 21 15 20 21 22 14 18 10 23 19 13 10 23 33 13 24 
28 34 21 29 39 18 25 30 21 22 18 17 16 25 25 31 21 20 15 13 22 19 13 33 17 28 13 21 16 19 
32 23 29 32 41 16 16 25 23 22 35 15 22 35 31 11 21 20 20 17 28 14 16 27 9 23 24 37 14 19 
30 53 22 17 27 10 13 32 26 22 26 18 14 18 24 20 11 16 23 17 31 13 16 24 20 24 18 37 17 19 
27 37 33 22 26 16 22 8 33 32 36 20 7 12 37 20 32 15 9 8 37 17 20 18 18 29 22 23 15 20 
18 23 24 36 26 17 17 20 13 25 22 19 11 40 45 13 18 16 18 18 39 15 12 23 23 7 13 40 11 20 
25 37 28 28 33 28 20 19 27 20 39 23 26 27 37 30 28 15 18 15 44 10 10 14 22 24 21 26 9 23 
32 34 26 27 32 7 20 22 18 17 29 8 10 26 20 19 25 19 23 12 31 15 10 21 22 26 30 27 16 25 
12 32 41 26 28 12 25 29 22 24 33 16 19 24 33 26 14 17 19 16 45 22 17 29 20 26 15 21 15 33 
28 22 19 11 21 25 9 16 17 26 21 18 13 22 46 19 37 16 19 11 26 17 24 21 15 31 16 21 21 13 
21 29 21 29 28 20 29 18 24 27 32 11 15 24 30 18 26 10 20 16 26 12 15 27 17 28 26 18 18 19 
16 27 21 25 30 18 23 28 16 24 23 14 17 30 25 23 23 17 24 13 35 14 10 25 33 29 18 24 20 11 
33 32 20 21 28 8 27 38 30 17 30 17 13 26 26 20 25 15 18 14 48 18 12 33 25 28 23 29 10 18 
22 23 25 24 37 18 15 27 27 28 38 15 23 31 25 22 12 10 21 16 42 13 15 34 35 22 24 39 24 27 
16 37 17 30 35 20 19 22 25 33 27 13 12 35 15 25 16 14 15 14 36 17 14 16 4 15 21 29 18 21 
20 21 31 22 52 16 6 25 19 15 51 16 19 11 30 25 19 14 30 20 38 24 21 26 16 27 26 38 16 19 
18 28 28 22 29 20 16 18 28 26 33 18 17 21 17 19 16 14 11 12 20 12 15 23 17 28 24 22 15 20 
21 32 31 12 39 25 27 14 22 31 30 24 9 12 27 26 29 13 18 11 26 13 12 28 16 17 17 23 22 20 
18 28 29 14 38 14 19 23 23 34 14 13 15 33 24 23 23 10 27 22 40 11 24 35 16 27 20 26 14 21 
16 35 26 22 20 17 16 15 21 33 29 17 10 27 34 11 23 9 14 17 25 15 18 26 16 26 22 23 19 10 
24 33 16 22 21 23 13 17 43 16 18 26 17 33 25 33 11 16 14 15 32 18 20 36 19 20 26 29 11 17 
25 20 19 27 31 19 17 19 20 37 20 10 21 27 23 14 20 22 18 16 47 17 13 21 10 27 27 35 19 16 
25 18 28 18 21 14 9 23 22 30 19 16 10 33 17 18 20 25 23 16 41 19 16 32 14 27 26 22 19 17 
24 37 20 19 27 8 21 28 42 38 25 11 17 30 43 20 20 13 21 16 29 9 12 17 2 37 8 35 17 23 
19 27 24 17 24 18 23 34 27 27 12 17 17 24 22 25 15 13 8 20 28 25 17 27 25 29 29 18 16 30 
31 36 7 26 17 21 25 19 30 33 30 21 21 27 28 28 15 18 20 10 28 10 13 22 21 14 30 33 17 23 
32 38 24 26 26 17 23 27 24 24 24 23 23 29 21 13 31 25 19 15 25 7 17 29 23 37 17 25 19 27 
33 29 27 25 38 14 9 32 22 25 43 16 18 20 26 19 34 17 12 5 55 14 17 15 23 28 28 24 19 32 
17 27 17 30 28 21 6 30 33 25 27 25 26 27 11 27 12 15 16 17 43 14 9 23 17 35 17 16 10 28 
25 38 19 27 32 19 9 16 38 29 20 24 21 30 26 26 11 17 20 13 37 17 15 29 30 23 22 30 16 27 
13 30 36 20 25 22 15 16 26 30 17 15 21 37 24 21 30 15 15 14 23 20 9 21 30 19 16 17 19 19 
16 17 15 16 40 14 8 14 33 27 37 16 21 25 25 32 16 8 22 17 31 13 19 27 25 19 10 28 16 17 
19 26 26 22 29 27 11 28 24 20 19 18 11 22 34 33 15 13 15 15 25 21 11 17 22 27 22 39 13 24 
23 33 26 25 32 14 18 29 26 21 25 10 19 31 12 18 18 23 12 23 41 19 14 29 15 27 28 36 22 24 
25 58 34 17 38 21 21 25 35 25 33 13 11 35 22 31 21 15 15 18 17 4 20 17 24 29 27 20 21 28 
22 30 17 28 33 24 19 21 30 30 24 13 13 41 20 22 40 18 21 9 34 13 16 27 16 30 32 31 13 23 
23 33 10 27 34 21 15 24 26 32 22 26 16 7 30 14 20 18 17 11 27 16 13 20 25 27 31 25 14 24 
20 39 25 18 31 27 20 31 16 23 33 17 18 26 33 27 18 16 11 13 22 16 15 26 24 37 22 25 22 13 
22 11 21 33 38 12 14 33 16 28 32 17 16 36 24 22 20 12 17 14 31 12 9 22 17 7 24 26 16 22 
19 30 14 23 25 20 31 25 26 39 19 10 21 24 29 22 25 15 8 21 47 15 16 29 26 21 21 29 15 41 
13 33 30 30 42 25 19 26 23 23 34 19 4 21 30 19 14 13 20 15 9 13 19 14 21 25 26 22 11 19 
21 22 25 18 31 13 23 30 31 21 33 18 21 27 24 24 24 20 9 15 30 9 21 33 20 30 27 26 20 14 
26 19 19 21 21 19 20 29 18 35 37 20 22 39 31 33 12 12 20 19 41 23 23 18 16 21 28 32 20 24 
20 24 25 30 32 9 24 20 22 30 26 13 23 25 23 24 23 12 20 3 28 17 22 27 14 17 19 27 16 18 
23 13 36 13 44 17 25 22 29 33 13 20 21 20 47 28 21 11 24 15 39 18 13 17 19 34 15 26 18 24 
17 24 23 29 39 14 20 20 28 18 26 20 12 27 24 21 29 15 13 14 15 16 16 19 26 36 15 35 19 18 
29 29 32 16 23 19 13 35 42 24 13 14 20 24 32 22 15 14 21 17 12 16 11 19 11 20 17 16 19 18 
28 24 25 26 28 22 20 13 18 28 22 17 8 26 28 25 17 18 19 17 28 17 17 19 15 13 20 21 14 26 
23 22 23 21 34 22 16 21 30 26 23 16 22 21 30 31 30 12 18 13 30 18 17 25 15 33 24 22 21 20 
7 44 19 27 25 23 14 23 35 18 29 8 25 23 13 29 26 17 13 18 47 16 19 24 13 23 20 26 22 22 
21 25 19 21 15 19 23 24 20 25 17 19 19 21 24 32 20 16 17 18 30 14 17 22 14 18 22 27 21 19 
31 34 34 17 30 11 18 26 30 35 32 29 19 32 26 29 29 17 12 23 36 16 16 28 17 36 31 23 15 25 
24 14 19 21 17 17 13 16 35 23 20 15 19 21 31 24 15 15 13 16 19 9 19 17 25 21 22 45 18 22 
25 37 26 13 16 17 25 20 29 35 37 12 20 38 33 34 18 17 16 11 32 12 15 22 11 21 35 21 16 30 
24 41 20 25 33 25 24 31 31 27 23 17 12 31 30 33 19 19 21 18 15 17 18 14 18 32 30 37 14 14 
32 18 29 22 23 18 27 13 32 28 22 19 10 22 31 23 25 13 12 17 17 15 13 23 20 22 22 24 15 11 
12 42 34 12 13 13 22 31 39 32 29 19 18 18 23 25 40 16 14 14 25 12 17 26 29 32 27 17 20 28 
25 31 34 17 27 16 31 24 40 35 28 17 15 25 23 20 22 11 23 17 17 12 24 27 17 14 21 36 19 16 
22 9 28 26 35 18 15 24 18 42 17 19 22 19 24 27 22 14 19 21 24 21 13 29 25 34 17 28 14 18 
20 22 27 17 31 6 22 22 25 17 28 24 7 28 30 20 29 13 20 12 19 10 15 26 20 17 21 36 12 21 
29 44 17 30 30 19 22 21 24 11 24 21 18 24 20 27 16 25 15 18 22 24 18 25 25 23 25 22 16 24 
29 39 28 33 19 11 23 19 29 36 15 20 19 33 12 28 31 18 12 16 31 22 11 23 10 18 27 26 17 13 
19 18 26 14 33 18 30 23 22 24 20 14 13 17 24 7 19 7 13 14 28 15 6 34 13 37 23 17 15 14 
13 15 24 26 27 12 21 19 17 30 8 11 13 25 32 24 19 12 10 22 41 11 15 18 11 17 17 14 16 20 
20 35 31 24 32 18 16 19 18 14 24 23 12 23 7 3 10 16 21 10 40 12 13 23 24 29 24 30 20 31 
31 31 38 18 28 13 12 16 24 25 25 17 18 28 38 19 29 8 10 12 22 18 18 30 21 30 17 20 14 28 
22 28 13 22 15 22 16 29 26 21 31 19 15 27 29 20 25 25 27 19 40 23 23 29 16 25 26 21 20 15 
29 22 23 19 25 16 23 26 25 23 25 13 18 27 33 22 10 18 16 18 30 13 18 16 21 37 23 30 15 17 
31 23 25 24 29 9 23 24 12 22 29 9 22 25 39 23 26 16 20 21 37 14 18 29 21 28 24 28 15 29 
23 23 26 21 39 19 27 18 32 16 35 21 10 23 31 15 25 9 22 19 35 5 21 27 14 28 17 37 21 30 
21 26 36 27 40 18 18 20 23 14 35 14 16 19 32 24 17 17 17 15 47 23 15 21 10 34 10 26 14 25 
19 31 29 21 39 13 19 10 33 32 25 6 17 27 30 19 14 14 28 16 29 5 13 33 20 23 13 33 22 19 
14 25 21 32 16 22 13 17 13 17 25 12 23 21 28 23 20 17 16 14 24 11 17 20 18 39 15 22 11 33 
25 37 35 24 24 19 20 27 20 29 30 19 20 13 20 14 32 22 15 15 40 15 19 26 22 23 36 36 12 13 
17 17 8 23 39 4 18 17 23 15 33 18 17 34 36 19 25 23 14 8 25 19 21 23 17 14 18 29 15 19 
21 26 32 31 24 12 16 26 23 38 10 15 17 29 23 10 23 16 18 13 35 14 15 24 33 32 26 27 16 24 
27 33 29 28 30 23 26 22 22 34 21 18 7 48 15 26 23 8 26 17 40 16 16 30 12 39 25 24 19 20 
11 32 17 35 11 26 14 24 14 36 36 7 20 8 22 21 15 19 21 14 31 16 11 25 26 28 19 21 8 6 
22 33 18 32 19 20 21 26 25 31 25 12 14 34 31 19 29 13 21 17 28 17 14 23 16 30 23 9 16 29 
23 27 19 18 28 18 13 20 36 34 21 10 13 20 9 18 25 19 23 20 43 13 14 24 25 30 25 18 16 11 
31 31 24 27 36 23 15 25 29 26 24 10 8 32 38 29 20 14 20 9 21 5 13 30 16 18 20 27 17 22 
22 25 27 21 22 21 21 21 8 24 32 18 16 16 19 20 22 15 15 20 23 5 14 28 26 24 30 14 14 24 
14 19 27 23 22 9 25 31 11 26 30 18 7 43 41 28 21 13 10 14 49 16 24 12 28 27 26 27 18 23 
21 46 19 20 27 19 18 24 23 29 32 12 20 25 27 31 24 19 20 13 36 18 19 24 12 34 13 33 16 21 
29 26 38 19 34 13 17 34 26 28 18 16 18 25 33 20 21 22 18 18 34 8 15 33 21 20 28 13 13 16 
31 32 26 24 36 17 24 24 24 22 33 19 17 36 43 24 13 11 17 23 33 16 16 26 18 24 17 23 10 22 
35 36 28 14 30 20 20 36 19 30 34 11 15 24 18 28 24 14 30 17 15 6 20 29 19 30 26 23 17 22 
17 27 6 17 29 21 26 28 20 7 12 19 20 13 20 22 24 20 14 12 22 15 15 31 3 27 35 25 9 14 
21 35 17 24 26 16 19 25 18 9 19 5 16 28 39 22 19 14 8 24 34 20 16 33 22 31 31 32 15 24 
24 21 14 17 38 14 19 35 21 30 20 17 9 26 29 15 27 16 22 12 13 12 13 25 38 21 16 19 18 19 
26 29 32 18 21 16 11 31 39 28 32 22 19 21 27 28 13 20 21 14 24 17 16 26 23 20 29 27 14 15 
26 33 33 13 20 20 14 15 28 26 21 24 21 20 28 18 12 22 17 13 39 19 15 15 26 25 23 24 24 16 
29 17 23 26 19 17 15 20 22 15 35 16 9 23 23 19 21 13 22 22 33 11 21 24 20 25 16 38 16 8 
15 30 25 17 30 15 24 16 32 24 25 17 6 34 22 20 23 14 17 14 22 15 18 28 25 37 23 29 19 22 
12 15 13 30 26 14 15 22 24 22 31 13 17 28 16 26 9 19 23 13 26 19 19 24 17 20 26 20 10 6 
15 28 31 26 29 24 20 21 32 29 21 17 4 15 27 22 19 15 19 16 36 19 13 24 21 29 30 28 19 22 
21 29 37 25 32 17 26 18 21 22 27 25 13 29 19 26 15 10 17 16 24 13 23 33 16 28 23 42 15 25 
23 26 15 29 36 19 30 17 27 46 26 17 14 25 14 2 25 12 21 13 15 12 12 23 22 35 15 25 22 26 
12 28 27 26 24 8 24 18 30 32 21 28 25 20 17 29 16 17 22 16 41 15 13 17 20 34 13 17 14 21 
27 25 30 24 33 21 31 29 13 18 19 11 22 31 18 24 14 18 10 20 39 17 13 23 26 25 29 29 11 29 
28 4 33 21 37 13 24 24 27 37 16 13 26 29 29 26 31 12 22 7 33 13 20 19 20 22 20 36 21 21 
27 32 23 19 42 23 29 32 26 27 37 15 16 37 21 31 17 19 29 16 29 15 16 26 23 37 31 15 23 25 
22 27 17 27 29 9 29 26 27 33 26 12 24 28 20 23 19 16 17 11 24 12 13 21 20 32 24 16 15 14 
20 30 26 20 19 12 18 21 15 22 34 17 19 35 30 26 28 16 18 17 35 13 11 27 20 22 20 22 14 18 
25 41 20 26 29 20 18 36 36 20 31 28 11 19 32 20 17 13 17 9 30 22 16 14 21 33 31 29 21 19 
26 26 35 27 27 12 13 19 22 40 19 20 30 43 30 18 16 15 25 11 36 13 19 28 25 17 20 30 14 25 
21 39 27 15 31 15 18 23 9 12 22 12 15 29 18 16 13 18 21 22 33 15 12 28 19 15 28 29 14 12 
24 39 16 24 21 30 17 18 27 30 19 18 27 19 21 31 16 7 24 16 29 21 20 31 11 33 22 22 18 22 
20 26 22 33 31 17 28 19 35 23 28 15 17 34 34 23 20 20 20 20 42 12 16 30 15 26 26 18 17 17 
15 41 16 22 39 16 33 22 30 15 9 16 19 29 32 17 15 16 27 14 28 9 17 28 22 29 27 31 21 12 
32 37 23 16 44 9 21 20 32 31 12 20 18 27 27 23 28 14 13 11 42 17 21 22 13 31 17 31 8 28 
30 42 18 30 33 11 15 18 27 27 25 27 17 32 32 14 27 9 17 21 34 15 18 29 15 14 20 21 23 28 
19 30 16 26 34 10 9 16 20 28 31 23 13 30 24 23 13 20 20 13 30 13 15 28 29 24 13 19 16 19 
21 27 20 15 35 16 23 25 36 15 20 19 24 35 37 18 31 10 15 15 21 9 12 18 18 25 20 25 23 21 
25 31 41 20 36 21 34 22 29 28 20 21 25 38 24 22 24 21 22 15 15 19 16 30 20 18 28 46 14 22 
15 29 21 26 29 20 20 21 33 31 38 23 6 21 13 20 30 19 19 13 13 19 18 20 20 35 18 22 14 23 
31 34 30 32 19 16 18 22 30 22 23 18 7 20 29 23 14 11 27 16 13 20 14 25 25 23 20 24 15 29 
15 38 18 28 28 17 21 26 15 25 31 17 20 27 19 29 11 18 15 14 34 21 13 30 22 31 23 25 14 15 
26 38 30 27 39 9 16 15 31 24 29 15 16 20 29 28 12 17 26 18 38 9 14 19 30 30 27 24 11 25 
21 26 21 22 28 16 19 20 21 24 29 9 19 31 26 23 29 18 19 16 9 10 17 18 22 21 27 20 14 27 
28 33 29 22 21 3 21 18 29 20 38 16 20 27 31 31 25 15 21 15 30 19 21 15 14 21 23 20 15 17 
25 15 18 25 29 19 19 17 13 26 34 23 23 35 35 13 26 9 22 18 32 14 13 15 17 15 25 25 17 14 
10 32 21 14 27 19 23 15 18 26 24 12 21 27 38 16 21 15 18 21 29 16 15 21 20 20 31 17 19 27 
22 31 31 15 35 14 19 25 28 13 20 12 21 23 16 21 18 18 7 11 30 17 22 16 15 28 20 15 22 24 
15 27 18 20 31 13 20 25 24 32 27 17 21 19 41 27 16 16 19 12 39 13 19 22 22 24 24 23 15 26 
26 46 31 30 36 22 16 31 21 21 26 12 22 9 39 16 28 18 18 10 48 24 19 29 14 21 26 20 11 16 
24 30 25 18 36 25 23 24 8 38 25 11 20 23 37 22 25 9 20 11 11 14 20 22 22 24 31 36 12 17 
22 28 23 24 45 15 15 30 23 31 26 15 12 25 10 24 27 19 13 20 37 16 18 31 23 19 23 24 21 24 
22 31 31 18 34 17 16 27 29 29 33 22 20 29 22 18 31 12 15 16 32 16 12 25 29 36 32 20 4 23 
17 29 26 18 15 18 25 24 32 13 21 17 19 36 33 19 28 16 24 16 27 20 16 18 21 35 9 30 19 18 
21 26 24 23 31 29 20 22 32 21 37 20 13 25 34 31 17 13 17 17 33 11 15 25 18 18 24 15 20 20 
19 39 25 27 27 18 18 35 26 25 33 22 12 39 29 16 25 14 26 15 45 14 13 22 25 27 16 34 13 30 
21 36 28 21 34 12 23 15 28 17 33 17 16 32 22 25 21 11 23 12 35 11 18 22 22 21 21 27 16 27 
24 38 24 24 27 17 16 28 24 23 22 19 7 33 28 14 21 16 12 17 36 19 14 19 16 31 25 19 3 31 
27 24 18 30 20 8 20 32 39 20 23 26 13 22 25 22 26 16 19 15 28 13 15 24 26 27 29 38 16 35 
17 35 21 28 24 20 13 22 20 40 34 19 13 30 24 14 21 16 21 13 16 13 17 19 31 16 20 28 17 19 
19 28 4 9 37 25 24 17 29 29 32 15 11 25 29 18 22 11 27 16 30 4 16 27 27 39 27 22 20 19 
17 34 13 27 24 16 17 21 23 25 28 19 17 24 26 25 32 19 25 18 32 22 25 26 15 15 20 29 12 20 
21 31 20 17 26 14 17 21 16 25 31 17 18 21 20 28 17 11 11 24 41 17 16 14 27 26 23 23 13 20 
18 21 24 23 18 17 15 19 30 31 34 18 12 28 19 20 19 23 22 11 24 15 14 18 12 32 24 27 22 28 
34 29 23 23 36 20 20 15 27 25 30 13 13 33 25 19 24 13 19 20 25 16 20 34 21 29 19 32 10 16 
15 35 20 21 27 10 23 28 21 27 29 12 19 26 33 33 24 9 19 19 34 11 14 30 16 30 14 21 14 24 
22 23 12 18 32 14 17 16 27 38 12 16 15 3 33 32 23 13 15 23 39 9 19 30 22 29 14 23 14 20 
34 28 34 20 24 13 7 24 31 14 34 16 19 28 32 18 21 13 23 17 42 14 19 22 20 34 23 18 18 24 
11 34 20 25 30 16 24 13 23 22 17 16 13 30 34 21 14 15 17 15 33 18 16 25 17 21 7 17 25 17 
16 17 25 17 32 10 9 18 27 30 19 25 9 29 18 20 20 18 18 14 14 22 14 23 18 29 28 35 16 22 
19 29 17 19 35 17 8 26 28 33 30 13 16 22 12 26 29 12 17 18 30 22 11 28 28 13 19 27 19 24 
2 11 30 28 25 16 35 28 23 24 20 12 11 30 41 29 30 15 14 15 19 12 17 29 23 26 16 33 23 13 
27 31 30 16 37 12 10 23 12 33 34 18 17 27 10 34 16 11 24 16 40 20 17 30 23 25 27 27 9 26 
23 37 28 30 25 18 23 33 37 24 24 16 13 26 31 25 14 16 19 12 38 13 14 19 20 26 7 21 12 18 
17 29 17 17 34 12 17 29 34 30 35 20 13 27 22 28 22 20 24 14 30 18 12 21 19 17 35 31 13 20 
12 32 20 17 38 18 20 12 19 22 27 19 27 22 32 26 27 13 14 22 27 15 17 30 24 37 17 27 18 19 
29 22 36 23 36 15 21 24 26 27 27 15 14 32 21 32 15 22 18 17 31 19 13 26 7 22 24 25 9 21 
23 25 34 16 29 16 23 30 16 35 12 21 11 15 32 31 26 14 17 19 44 10 15 28 20 23 19 30 14 21 
23 34 30 20 33 20 18 17 22 24 20 17 24 29 31 17 21 17 21 18 25 18 18 33 20 30 19 21 14 28 
26 39 38 23 32 21 18 15 21 25 32 16 24 20 26 23 19 11 18 19 27 7 12 27 29 23 22 19 18 14 
23 21 19 16 33 19 14 20 33 35 27 13 22 16 10 23 14 13 20 18 35 20 16 29 16 26 30 29 8 24 
21 25 16 9 28 17 18 22 31 32 25 15 11 30 26 24 24 11 12 15 41 11 17 10 37 29 10 32 14 20 
20 44 13 22 36 13 15 24 18 28 26 3 18 26 17 24 13 24 14 16 28 12 17 26 27 27 29 35 17 34 
21 19 31 9 33 15 20 24 28 38 20 26 19 26 29 22 26 19 15 18 24 18 17 24 16 28 24 33 15 24 
19 34 19 31 45 16 18 21 23 30 29 12 13 35 20 21 28 19 18 16 34 13 15 27 14 25 23 29 18 23 
19 38 26 32 29 12 31 27 21 15 19 14 16 20 28 22 27 17 20 13 25 14 20 24 20 23 12 25 20 19 
26 36 18 20 33 10 11 25 25 21 22 22 11 28 22 26 16 15 31 20 30 14 18 16 21 30 15 17 11 19 
11 42 23 24 29 23 21 18 20 28 20 15 27 25 24 24 8 9 16 12 22 8 16 22 17 27 24 25 12 17 
20 35 27 15 33 22 20 24 15 14 30 16 19 26 34 21 18 21 16 14 20 12 19 20 21 18 23 20 21 13 
21 19 24 20 24 23 29 14 29 29 37 10 6 18 24 18 25 21 24 20 22 20 12 27 16 34 17 30 9 20 
15 38 21 13 47 19 15 11 35 22 21 15 8 39 34 12 27 5 23 10 17 20 19 23 19 35 21 20 17 25 
20 32 38 32 23 9 16 22 18 26 23 17 19 29 56 22 21 21 22 15 46 16 16 26 18 27 26 23 17 21 
24 30 21 30 39 18 21 17 25 33 22 14 21 27 28 22 14 21 26 14 35 16 18 28 31 23 15 23 16 11 
9 34 32 22 24 15 12 27 39 29 34 12 21 29 35 17 15 14 10 15 21 18 16 12 18 10 32 32 13 15 
20 24 27 19 33 15 24 16 13 21 27 13 10 32 41 16 15 14 15 24 24 21 10 14 19 29 16 32 14 17 
23 20 18 21 21 19 13 21 25 31 32 18 19 23 42 31 26 21 13 16 22 15 20 11 32 24 11 20 19 10 
25 35 12 22 33 10 21 17 31 32 24 14 11 27 33 23 20 23 25 19 15 21 17 33 8 18 25 17 16 24 
26 33 20 24 20 28 22 17 25 34 27 22 19 24 25 21 16 15 27 19 16 22 14 27 16 19 14 30 19 17 
20 26 43 11 17 14 28 18 25 29 20 25 9 14 30 14 25 12 18 18 41 15 13 24 24 24 30 22 16 23 
31 35 19 25 27 17 7 28 30 23 23 10 9 27 34 23 29 16 17 14 40 14 19 19 12 34 15 24 25 25 
28 47 26 23 31 29 19 25 32 27 18 22 12 15 25 33 13 11 25 23 33 13 19 24 15 31 27 36 13 31 
9 24 21 34 36 21 22 33 28 45 29 20 18 31 38 26 19 10 19 3 24 19 19 36 12 19 23 14 16 23 
26 25 15 20 25 19 26 21 31 21 26 17 22 35 22 33 22 11 21 23 43 12 21 23 21 17 16 32 10 18 
24 36 22 29 45 19 20 26 21 20 29 7 9 37 30 31 31 8 15 6 31 15 15 24 25 38 25 32 24 19 
23 21 12 27 30 29 16 32 32 35 17 15 15 39 31 22 19 9 21 16 30 12 16 19 20 23 11 37 12 13 
28 36 24 14 43 22 20 18 36 19 22 12 17 14 24 28 20 13 12 14 32 14 10 34 22 25 12 14 21 26 
20 31 20 19 25 24 13 28 28 21 23 25 18 18 21 12 9 17 27 10 19 14 14 18 8 24 14 25 20 30 
21 18 17 14 24 17 26 29 29 34 20 16 19 43 24 19 24 14 24 17 26 15 22 31 17 13 20 10 20 24 
24 26 26 26 33 16 26 23 28 30 23 27 18 28 37 27 22 10 22 14 25 17 22 33 21 13 25 34 13 31 
28 34 24 26 42 23 21 24 21 40 34 12 12 25 32 21 27 15 18 17 41 15 20 29 20 18 20 31 12 27 
26 35 28 27 33 21 13 20 20 24 29 22 12 29 30 20 27 14 14 21 20 11 11 31 12 35 26 20 19 26 
27 22 33 20 21 10 27 30 21 15 43 19 22 36 36 16 24 17 16 22 20 13 12 16 17 19 23 27 19 20 
31 36 11 22 45 14 19 9 24 24 20 21 18 28 29 20 17 24 21 19 14 18 20 16 26 34 20 17 20 21 
23 28 22 33 32 18 25 23 20 16 35 19 13 20 19 16 27 11 14 21 42 24 21 25 14 25 17 21 18 25 
25 20 29 18 35 19 20 19 33 29 40 17 18 13 9 22 19 19 15 10 27 10 23 19 17 18 28 23 19 22 
19 27 22 11 28 17 18 23 26 20 32 19 16 15 16 22 25 14 12 19 43 13 16 22 22 12 17 36 21 24 
18 18 18 18 25 5 13 34 18 25 19 14 15 29 31 24 22 13 23 14 21 21 15 34 13 45 26 22 14 21 
28 31 28 23 41 23 22 20 20 22 33 20 16 29 36 18 22 18 19 14 41 16 18 19 31 38 29 25 11 19 
32 35 31 14 31 13 22 28 29 31 17 20 16 17 36 17 17 24 13 15 38 13 12 25 19 32 22 26 10 27 
16 18 28 20 27 17 21 12 24 28 29 25 7 22 5 17 21 14 11 8 30 15 15 24 21 25 16 31 25 32 
20 36 26 27 46 24 31 27 15 16 26 14 13 22 24 13 21 14 16 19 34 17 15 19 9 34 25 30 19 27 
18 23 16 24 39 20 10 34 28 33 24 17 16 27 31 21 30 18 17 7 29 9 14 25 5 24 24 23 7 16 
31 34 23 18 44 11 27 22 18 26 23 17 12 50 28 26 18 13 14 15 29 19 15 25 15 23 27 18 15 22 
22 33 36 24 20 18 22 22 31 32 33 25 17 30 30 22 29 20 19 11 27 14 12 30 29 36 19 29 17 13 
13 27 18 28 12 20 16 27 32 20 28 21 16 10 24 21 16 19 23 18 43 11 12 33 22 17 26 27 11 16 
33 21 24 22 28 17 25 32 24 31 25 12 24 15 20 32 27 6 15 15 15 15 18 20 29 17 25 22 7 28 
21 18 23 21 30 10 24 20 35 20 12 10 19 36 31 24 11 10 26 14 37 6 19 13 11 19 16 19 14 24 
23 35 19 10 39 23 17 25 15 30 38 18 14 28 12 28 27 18 20 13 27 16 8 20 21 25 23 32 19 27 
23 23 15 24 42 11 12 20 18 39 16 9 20 31 25 31 15 19 18 15 46 11 15 22 22 30 21 25 18 16 
33 32 27 17 13 13 21 25 20 34 24 12 21 26 25 25 21 18 15 18 24 17 11 13 21 39 14 15 11 31 
30 11 43 26 22 21 18 27 25 21 35 15 22 22 29 32 16 9 18 23 32 15 7 22 13 20 30 26 14 20 
24 27 24 15 36 17 21 19 25 26 21 21 19 17 24 32 21 21 14 16 24 11 27 23 20 32 16 26 20 11 
25 26 14 26 26 17 22 25 20 19 20 22 10 20 25 26 17 20 10 17 18 12 20 26 22 31 22 14 19 23 
27 39 27 19 31 18 30 25 25 22 29 21 19 28 36 24 14 19 10 19 43 15 15 28 25 27 14 34 15 22 
27 26 26 20 31 11 11 14 30 20 36 20 16 12 29 20 16 7 19 11 28 17 14 24 25 29 20 28 16 23 
18 15 33 24 25 12 18 26 35 28 27 20 15 37 20 19 29 14 32 21 39 10 16 19 12 23 21 36 15 26 
33 16 21 19 28 25 30 21 32 31 25 24 13 24 39 13 13 19 21 11 28 14 13 29 20 29 22 39 23 20 
13 28 24 19 29 13 17 28 24 24 34 12 14 29 23 23 11 17 21 20 35 10 14 33 26 32 12 23 21 4 
23 26 22 33 21 18 28 31 36 26 27 21 9 28 17 26 22 15 16 18 44 20 8 26 20 24 26 40 25 27 
23 32 23 18 33 21 19 24 33 36 25 17 23 27 33 28 29 18 21 14 24 16 6 16 21 9 19 25 15 27 
32 37 9 21 19 18 19 32 30 32 26 21 19 21 29 25 26 12 16 15 32 22 6 31 28 33 17 25 14 37 
29 33 26 30 28 20 26 12 29 19 37 15 13 18 37 16 15 15 20 14 9 13 21 26 22 16 16 18 14 20 
18 31 20 25 34 18 28 20 31 20 16 19 18 30 34 26 22 20 15 14 19 21 16 31 21 21 23 43 20 19 
21 35 23 32 28 21 15 17 21 35 20 16 13 29 13 33 25 21 21 17 25 20 12 15 22 27 15 5 16 22 
32 44 35 20 30 17 13 19 20 30 31 27 15 34 29 18 13 9 23 24 32 16 17 27 22 28 34 27 15 23 
19 37 17 26 36 20 19 17 24 35 26 14 16 21 26 29 30 16 17 13 24 17 15 28 24 31 31 34 18 19 
20 38 24 26 17 23 30 16 33 32 32 12 18 35 14 12 13 16 13 14 25 23 19 24 27 16 28 26 20 24 
17 30 20 21 27 24 24 18 15 10 27 18 14 14 21 22 27 21 17 13 19 17 14 27 27 21 25 31 14 17 
26 41 15 22 42 20 33 24 25 28 32 24 13 31 30 13 24 16 16 8 39 17 12 12 9 29 21 25 22 21 
19 37 20 23 26 13 19 31 19 36 31 10 13 38 35 33 16 14 17 21 28 12 21 28 16 31 17 28 17 22 
14 26 22 18 21 18 22 14 19 18 31 15 10 28 24 32 21 7 22 18 27 10 17 34 12 31 13 31 18 26 
29 37 25 16 38 22 15 29 19 22 28 19 11 32 34 25 26 20 26 18 37 12 23 30 15 31 22 20 21 23 
33 32 39 10 34 23 19 32 32 27 34 23 22 19 26 18 22 22 22 21 22 11 4 21 17 42 15 35 13 13 
21 22 20 17 26 19 19 21 24 23 22 17 17 26 46 22 22 17 21 15 17 12 18 28 17 28 19 28 10 23 
14 26 20 10 34 22 21 14 17 31 30 12 23 29 35 17 22 9 21 19 30 13 14 17 22 28 20 29 15 19 
21 23 35 25 20 13 12 21 28 22 18 16 15 26 35 29 22 8 30 19 14 15 17 38 12 34 33 31 12 11 
25 22 19 25 39 17 10 12 30 33 27 23 17 34 11 18 27 19 16 19 20 18 21 31 21 21 23 35 19 22 
24 39 19 23 36 23 15 30 24 21 24 26 21 30 24 18 32 16 20 14 33 16 13 28 29 25 13 26 17 13 
25 29 36 14 17 13 15 9 16 28 23 16 14 30 42 15 12 10 25 16 43 15 20 31 28 30 29 17 11 22 
22 43 26 34 11 18 14 23 19 22 26 24 16 27 15 25 15 16 18 11 19 18 13 13 10 28 32 23 22 24 
20 19 38 22 38 20 23 23 36 22 18 16 22 8 38 22 27 20 25 13 8 14 22 25 17 26 27 33 11 27 
29 17 32 24 24 12 30 25 20 20 28 13 16 32 37 26 22 17 14 10 15 11 16 23 7 34 19 24 21 19 
21 35 32 22 39 12 19 25 27 35 24 15 15 28 16 27 24 13 21 23 31 9 16 23 17 8 5 25 13 29 
15 36 26 26 20 15 27 15 24 33 34 7 15 35 19 29 26 11 21 8 30 16 8 30 31 30 18 29 15 13 
19 39 33 16 38 11 18 38 29 30 18 20 23 26 23 15 24 11 23 24 43 19 20 26 22 21 26 25 7 15 
28 39 20 24 25 12 21 30 21 23 25 19 18 37 39 27 29 15 24 18 38 10 18 19 34 33 20 35 16 21 
16 15 25 20 26 26 22 24 29 26 23 19 14 27 16 23 23 17 27 15 40 9 14 24 21 21 20 19 11 13 
18 35 21 23 20 25 14 20 33 28 27 19 20 26 25 18 28 18 29 12 27 19 11 28 19 23 22 22 19 26 
29 16 26 22 27 9 34 31 40 31 23 19 8 20 17 25 20 11 8 16 17 11 19 29 31 30 20 21 18 25 
20 23 13 28 27 17 33 14 21 18 32 21 6 26 38 28 22 12 25 22 33 20 18 15 21 11 16 23 12 19 
30 27 16 26 28 23 20 18 23 16 16 19 22 33 48 20 43 16 18 18 41 20 8 24 19 28 17 25 20 25 
28 31 26 17 12 16 17 26 34 37 16 18 10 16 27 20 19 15 18 14 36 18 17 25 20 24 22 31 17 35 
22 19 20 24 37 21 29 23 19 22 20 16 12 28 23 18 27 16 21 13 30 17 14 23 15 22 23 33 17 23 
18 30 26 26 30 12 18 28 39 25 33 21 14 28 17 17 13 16 17 18 20 26 11 16 31 32 25 13 17 25 
16 36 27 27 39 21 26 25 24 21 28 22 15 16 20 27 20 19 24 15 30 21 15 18 20 20 25 29 17 32 
23 39 19 24 33 15 23 25 22 37 27 25 16 29 25 34 20 15 7 13 28 15 14 24 21 18 25 25 24 31 
23 29 29 19 30 16 21 27 23 22 29 15 11 31 35 24 25 19 23 12 31 17 20 18 20 20 30 12 12 18 
27 39 36 31 27 21 29 23 17 25 21 32 16 26 36 11 24 20 19 18 31 17 16 27 25 28 21 24 14 27 
13 19 21 23 16 15 19 25 19 18 32 20 24 34 32 20 21 15 25 14 26 16 15 14 23 32 23 21 16 26 
21 37 25 23 30 12 24 26 22 25 23 19 22 26 43 26 27 19 12 11 37 18 16 22 15 31 15 31 15 16 
23 27 15 25 20 7 21 34 22 35 39 21 16 23 36 29 9 19 18 21 40 15 15 20 14 27 17 33 21 15 
31 19 23 21 38 13 14 23 19 37 16 23 16 23 28 27 24 19 13 12 41 19 14 14 26 22 22 16 15 22 
21 30 25 16 42 12 30 26 26 25 34 15 13 26 39 27 20 16 17 21 23 14 9 22 20 27 18 27 11 13 
25 28 21 19 28 7 15 21 27 25 20 13 19 35 18 24 23 17 26 16 26 10 16 20 18 23 17 27 8 15 
23 28 26 19 52 16 23 16 21 33 25 20 15 25 12 30 37 22 23 20 30 12 13 25 29 24 24 25 17 16 
37 51 19 20 34 17 12 20 28 32 26 22 23 21 36 14 24 7 14 17 19 9 13 36 19 23 16 30 18 21 
17 37 31 26 31 10 9 21 25 30 22 15 17 27 29 22 24 11 19 19 9 2 21 17 22 22 27 23 15 21 
17 32 25 7 32 21 17 36 31 26 23 9 13 32 32 16 20 13 22 11 12 15 19 18 12 40 15 23 11 24 
34 18 31 24 27 21 7 18 36 32 25 15 16 32 29 25 13 17 25 8 27 16 14 24 8 28 21 18 12 24 
18 23 35 18 30 10 35 19 21 39 33 18 18 14 37 25 10 15 19 18 29 15 19 37 17 31 24 37 20 20 
15 32 23 24 43 20 23 23 36 23 24 8 27 21 26 23 15 23 12 15 24 21 23 18 24 21 22 36 30 17 
24 25 32 30 28 9 25 15 21 29 19 19 17 28 24 11 13 17 15 22 28 13 13 31 13 27 15 27 11 19 
14 29 20 21 24 19 16 25 24 21 26 21 19 9 19 14 25 18 18 23 22 15 11 24 18 31 12 32 13 20 
15 24 20 18 31 4 19 22 31 25 37 11 20 10 31 30 25 17 21 8 26 12 15 24 29 35 23 48 11 15 
16 34 30 22 33 11 14 22 15 25 18 14 24 30 33 30 28 20 27 18 33 17 9 25 24 33 19 30 26 13 
20 35 17 23 32 19 19 25 19 32 25 22 8 20 27 35 18 7 15 13 32 10 16 24 5 27 11 34 19 20 
11 27 25 31 33 14 13 21 15 14 24 19 22 25 23 25 25 8 21 18 21 13 14 23 32 30 23 12 9 23 
29 32 23 38 30 13 22 25 30 23 21 12 18 30 39 32 25 11 20 21 21 19 21 9 16 34 24 25 12 24 
13 29 23 33 16 13 10 19 23 27 28 13 21 24 41 17 26 16 24 20 22 14 14 19 20 33 19 13 13 26 
31 43 27 19 23 16 21 22 28 26 29 19 15 37 34 26 29 13 12 16 25 15 21 19 24 32 17 30 15 18 
23 24 32 19 44 11 23 25 28 19 23 19 12 24 34 25 29 13 22 17 25 15 9 21 7 31 27 29 11 9 
21 19 25 6 34 11 25 22 32 25 37 14 25 29 33 17 26 17 19 14 41 20 17 27 21 15 29 28 17 23 
25 25 35 17 30 26 27 21 12 26 23 14 10 30 32 26 23 13 19 17 36 15 16 28 17 27 22 23 12 16 
17 28 30 22 15 13 14 27 24 27 30 22 17 34 22 29 14 12 14 10 26 11 17 23 27 22 31 30 17 25 
27 22 27 34 31 12 14 22 20 27 34 18 18 35 24 23 17 19 21 18 19 9 19 32 8 27 26 5 19 18 
18 26 18 25 32 18 14 20 27 21 38 18 14 34 24 26 15 12 13 14 27 12 20 23 26 19 21 30 14 15 
10 32 22 30 28 16 25 23 21 20 10 21 12 35 32 24 28 16 23 18 38 9 17 22 18 25 31 28 12 21 
25 41 27 15 9 15 10 25 17 23 27 13 18 16 23 10 25 15 22 19 38 21 24 22 15 29 19 20 17 18 
22 25 27 19 21 15 14 22 22 26 42 25 15 22 30 29 26 9 20 15 21 13 17 20 15 30 21 31 18 20 
21 35 22 34 32 20 21 28 34 23 29 7 24 21 18 27 23 20 24 15 26 16 21 21 22 26 25 25 9 4 
14 23 24 27 26 16 26 27 12 26 17 12 15 43 34 21 17 21 15 17 41 15 24 23 26 12 23 34 14 28 
19 37 38 29 16 22 22 26 20 13 32 16 13 29 36 20 22 26 29 22 23 22 29 27 23 23 13 21 19 16 
29 28 36 16 23 17 33 15 29 30 27 20 20 38 22 22 20 12 11 13 10 14 14 33 23 34 27 29 16 36 
24 23 15 24 18 16 23 18 46 33 6 17 9 15 16 24 15 8 25 24 22 14 20 15 7 26 21 25 21 18 
23 25 29 30 26 17 26 26 21 27 18 19 21 30 28 13 25 14 26 19 43 17 9 11 11 36 20 19 16 17 
32 32 31 12 31 11 24 26 15 37 15 8 15 21 22 29 20 13 19 17 29 19 18 20 10 18 28 23 13 16 
6 18 29 8 29 26 21 37 24 18 23 15 25 22 26 18 23 16 18 15 39 8 19 21 16 26 19 29 9 13 
22 48 17 15 52 21 23 28 26 21 29 9 22 27 18 26 11 14 22 26 35 12 14 27 17 15 12 46 13 21 
17 18 35 35 18 5 20 24 19 30 28 8 15 30 22 17 19 12 18 15 32 16 15 21 19 17 9 30 17 27 
24 28 19 19 15 15 30 15 36 26 29 12 20 34 19 26 18 10 21 16 32 16 14 14 25 19 17 27 16 14 
23 30 25 26 40 16 13 26 10 15 28 20 23 27 24 15 30 15 19 21 27 12 20 32 16 30 23 31 14 21 
24 27 26 25 21 17 17 16 37 41 20 15 20 25 37 26 12 15 13 21 20 23 14 19 13 34 15 30 16 22 
26 39 30 8 32 14 17 29 23 15 23 9 4 31 31 21 12 13 23 12 31 12 16 14 24 19 14 39 20 22 
30 23 14 14 19 26 15 31 17 16 27 13 19 11 28 19 9 21 18 22 23 15 18 22 29 36 17 18 24 18 
22 14 38 17 54 17 11 14 21 39 32 13 24 26 26 15 14 15 23 11 20 16 24 34 22 28 18 23 21 29 
27 35 33 23 29 19 25 26 23 29 41 12 12 31 37 29 25 16 17 14 31 23 11 26 23 23 8 40 18 22 
19 36 27 16 28 8 14 12 20 15 32 15 17 22 15 35 11 21 23 19 29 16 13 21 21 22 21 28 14 14 
26 18 28 22 30 21 25 10 31 14 15 14 12 23 26 21 20 15 9 15 26 13 13 29 12 37 17 20 17 21 
27 33 17 29 31 8 20 26 28 19 26 21 9 23 19 23 21 14 26 23 27 20 14 29 13 28 14 23 19 21 
37 28 32 17 41 12 14 22 29 26 16 32 16 15 22 27 21 10 24 14 37 16 21 16 31 31 32 23 9 18 
23 30 25 15 19 18 21 17 18 22 18 13 17 33 32 28 18 17 28 9 31 21 17 17 26 29 18 33 17 29 
27 29 13 28 26 23 24 16 11 26 26 17 8 36 41 36 23 15 22 15 21 6 18 31 21 22 22 38 26 23 
27 29 31 19 27 21 14 21 12 37 24 17 17 29 29 20 28 9 17 21 25 17 23 26 18 34 24 39 15 24 
12 26 21 27 22 12 19 21 23 15 25 16 17 8 27 19 19 12 16 19 44 15 20 23 14 13 25 23 28 19 
35 33 25 23 32 19 27 21 9 19 41 22 14 15 35 32 27 10 6 20 22 14 11 29 27 23 30 25 18 25 
23 39 26 17 17 16 27 21 15 30 33 27 18 31 34 31 18 14 21 15 25 15 18 23 18 28 26 25 25 18 
19 25 15 28 40 16 20 34 31 15 23 3 25 32 18 26 23 26 20 11 27 13 19 27 24 43 19 14 14 28 
23 27 28 23 34 13 22 12 36 30 31 16 25 24 26 25 18 17 19 13 24 8 14 20 21 30 28 37 13 15 
27 40 8 24 35 21 23 21 25 25 24 18 24 25 18 39 17 13 18 24 31 15 17 19 6 25 24 30 20 20 
22 25 25 19 45 19 24 27 24 21 35 21 19 36 26 43 26 10 19 12 32 16 12 23 27 20 21 28 16 23 
22 27 26 21 31 16 13 29 28 24 16 29 15 32 31 14 27 14 25 19 38 16 16 13 22 23 32 28 12 28 
21 41 28 17 26 10 25 23 27 28 31 15 15 18 28 18 14 18 19 13 36 15 15 29 15 20 21 19 12 13 
14 37 26 18 23 10 17 25 37 21 23 15 22 14 26 24 18 12 16 13 21 14 15 22 27 26 22 33 12 13 
20 25 28 29 40 9 15 25 20 24 31 15 12 23 22 26 16 12 25 17 30 21 16 30 24 24 22 16 15 23 
10 29 35 15 23 20 24 28 30 31 24 21 16 24 31 29 14 14 16 16 34 17 14 26 25 31 22 37 16 42 
21 33 26 18 36 16 24 24 26 18 18 15 18 15 34 28 16 12 25 15 26 21 12 26 23 24 23 28 13 19 
26 17 23 29 32 19 36 26 23 26 16 20 20 26 25 16 17 15 20 16 26 10 15 23 10 24 17 37 12 35 
24 36 31 30 38 17 24 21 31 27 27 15 10 13 42 31 29 15 18 14 37 17 11 29 24 38 19 23 15 18 
10 23 27 16 38 18 25 18 22 18 21 20 22 23 20 23 11 18 17 17 18 12 16 17 24 30 10 28 20 22 
13 27 16 16 30 17 11 22 18 22 32 24 20 30 7 15 19 17 24 15 37 12 21 24 27 26 12 21 14 17 
21 28 26 26 29 21 14 26 24 39 23 15 27 13 35 21 25 19 16 9 24 24 14 23 10 20 17 30 16 23 
20 29 9 37 32 9 9 20 21 26 38 15 6 20 16 25 22 15 24 19 26 14 14 20 19 29 26 19 19 20 
22 43 22 24 28 11 20 20 35 29 18 20 16 20 35 31 16 5 16 18 36 11 19 20 18 31 19 28 20 32 
16 36 29 25 30 24 24 22 32 23 23 22 10 30 25 18 21 24 18 14 43 21 21 16 23 23 18 36 12 27 
18 26 29 21 38 19 14 23 28 28 21 15 17 20 20 27 20 9 16 13 35 10 16 21 27 11 21 30 19 22 
17 29 26 17 21 15 30 19 30 26 28 15 24 22 22 21 17 14 14 20 39 21 16 25 8 39 25 36 14 18 
18 43 17 19 34 25 19 18 13 27 17 13 24 33 14 15 32 17 14 11 29 20 21 27 14 20 26 30 13 28 
30 48 28 31 19 22 24 20 17 21 22 21 13 13 25 23 23 14 13 4 28 19 16 14 11 28 29 28 20 30 
26 33 38 22 18 15 22 19 40 24 20 11 26 23 21 22 10 19 22 22 22 20 19 16 23 19 33 24 14 10 
24 18 22 18 22 23 25 25 30 34 12 13 16 25 18 24 27 17 23 17 30 20 14 26 20 21 24 25 11 21 
15 21 28 6 27 21 14 25 25 31 34 20 22 26 36 27 24 17 9 18 46 13 16 18 28 34 18 30 20 25 
21 26 30 29 36 17 18 24 34 28 30 16 20 43 33 18 24 19 16 19 16 17 17 24 16 33 33 27 6 21 
28 29 12 23 30 15 24 29 34 23 18 19 23 29 10 14 20 10 21 10 7 13 17 23 20 24 21 35 16 16 
12 28 30 23 47 18 20 33 25 23 24 13 28 25 25 22 15 6 27 24 17 25 17 17 28 35 29 29 7 19 
26 28 28 16 26 16 14 15 15 40 30 17 17 10 23 24 19 15 22 15 30 15 20 32 17 31 17 27 11 30 
20 34 27 24 25 22 24 31 30 22 22 11 20 27 33 17 23 9 17 10 20 18 10 31 19 14 28 20 10 21 
26 34 21 21 32 22 7 26 29 28 13 8 22 17 35 9 23 15 13 8 51 23 18 13 21 21 10 32 7 18 
14 11 19 23 39 13 16 24 31 27 27 14 13 17 34 13 30 18 23 24 18 20 19 21 17 10 11 34 14 15 
20 44 32 16 42 25 7 31 23 15 36 15 14 39 41 22 30 11 14 18 10 24 18 20 21 16 30 22 12 22 

MachineCapacities:
MachineID Capacity
0 10
1 10
