NumTasks NumMachines NumScenarios
10 2 30
TaskDetails:
TaskID ReleaseTime ResourceConsumption SuccessorsCount Successors...
0 0 9 3 2 2 4 
1 0 2 4 2 2 4 
2 0 5 6 1 3 
3 0 4 6 0 
4 0 8 9 0 
5 0 3 1 1 7 
6 0 5 10 1 8 
7 0 1 3 1 8 
8 0 10 6 1 9 
9 0 9 7 0 

18 22 14 9 16 20 22 22 19 13 24 18 12 16 19 23 23 17 9 8 
27 18 16 9 23 10 26 19 13 20 17 38 23 12 35 19 10 9 8 14 
31 16 14 9 23 18 20 18 20 19 22 13 17 15 27 17 18 14 6 12 
24 20 12 11 16 16 20 24 16 9 30 27 23 10 24 23 19 9 12 11 
35 19 21 9 21 5 24 18 19 12 29 21 15 18 24 21 15 10 17 18 
25 20 14 13 33 29 19 22 22 17 30 20 33 12 32 22 11 20 11 21 
29 27 12 11 12 21 25 16 16 26 29 22 22 17 40 24 8 23 14 11 
24 21 16 9 18 17 30 26 23 15 43 32 13 12 24 16 24 16 6 20 
20 14 13 9 18 16 9 26 15 16 34 28 27 13 21 26 15 13 11 15 
31 27 12 11 22 23 26 25 22 14 29 18 8 16 26 19 8 13 6 9 
29 15 11 13 32 24 13 27 24 21 21 25 22 8 31 20 18 14 17 7 
20 16 12 10 24 22 15 22 18 15 29 11 35 11 31 24 22 16 7 10 
20 4 12 9 25 23 27 12 14 19 18 30 34 15 19 21 18 18 6 8 
18 14 17 14 23 18 19 18 19 15 29 10 20 11 11 20 23 22 6 10 
28 23 13 13 22 18 17 9 25 24 27 27 23 13 29 18 16 23 8 15 
22 15 16 6 12 22 18 19 26 17 17 18 32 11 32 14 18 13 13 10 
18 26 13 10 5 14 15 26 27 20 34 23 28 11 21 15 19 17 10 14 
31 18 11 10 29 28 21 30 23 10 29 22 14 17 33 23 12 15 9 12 
22 28 13 12 26 21 22 23 13 14 41 43 19 20 17 13 15 20 6 11 
28 20 13 7 25 31 14 19 23 19 25 42 13 15 30 29 12 13 9 11 
25 12 13 11 11 15 14 22 24 20 38 22 33 14 22 30 13 12 4 15 
24 24 13 9 16 20 19 17 11 28 35 26 26 14 23 29 10 16 8 10 
24 18 12 17 19 15 32 26 13 19 10 41 31 19 31 18 27 12 15 14 
29 14 14 14 19 16 10 22 18 21 32 37 22 18 37 23 17 10 8 13 
28 15 12 14 22 26 27 16 17 14 14 19 18 12 27 24 18 20 9 13 
23 17 15 14 15 19 29 25 17 14 17 20 27 18 20 30 7 12 12 14 
30 20 9 7 18 24 20 18 15 25 33 22 22 20 24 17 10 15 10 14 
21 16 14 7 14 21 21 10 17 12 35 28 22 17 23 23 21 12 8 11 
31 30 13 7 12 16 27 16 29 21 45 27 25 14 32 25 20 6 13 12 
18 14 11 12 15 27 17 31 15 11 21 22 15 10 12 26 17 14 10 7 

MachineCapacities:
MachineID Capacity
0 10
1 10
