NumTasks NumMachines NumScenarios
30 3 50
TaskDetails:
TaskID ReleaseTime ResourceConsumption SuccessorsCount Successors...
0 0 6 9 5 1 1 
1 0 10 3 7 1 2 
2 0 3 3 9 2 3 5 
3 0 9 4 6 3 4 7 9 
4 0 9 1 2 2 6 8 
5 0 2 8 4 1 6 
6 0 10 9 7 1 10 
7 0 10 9 1 1 10 
8 0 9 8 8 2 10 11 
9 0 8 10 9 2 11 12 
10 0 3 8 6 2 12 13 
11 0 2 8 2 1 13 
12 0 5 5 8 0 
13 0 4 4 8 0 
14 0 8 10 7 3 16 17 18 
15 0 7 2 2 1 18 
16 0 3 3 2 2 19 20 
17 0 9 4 10 2 19 20 
18 0 8 8 1 2 19 20 
19 0 10 9 5 3 21 22 23 
20 0 9 4 6 3 23 25 26 
21 0 7 3 8 2 24 26 
22 0 9 9 4 2 25 26 
23 0 5 3 4 2 28 29 
24 0 9 5 2 1 25 
25 0 5 1 4 2 28 29 
26 0 7 5 2 2 27 28 
27 0 3 1 10 1 29 
28 0 8 6 9 0 
29 0 2 5 5 0 

12 16 24 18 29 14 22 25 21 18 8 26 34 15 12 19 18 11 18 34 32 22 20 31 28 22 32 13 33 26 23 41 21 21 19 13 37 21 25 26 38 19 27 24 25 25 14 17 33 49 33 19 9 23 18 27 18 25 13 25 25 19 35 37 23 25 22 17 23 29 14 32 25 26 26 14 23 31 20 24 20 33 29 25 40 20 21 23 27 19 
18 11 29 19 19 23 22 24 25 14 33 27 33 18 24 12 24 14 14 24 33 16 26 29 27 15 11 12 38 21 13 13 20 21 23 15 19 21 22 23 33 23 25 24 20 23 18 14 20 31 21 20 19 25 15 27 18 19 15 17 26 25 29 23 27 16 21 33 29 31 23 19 19 8 23 15 23 22 24 19 19 36 29 27 26 16 19 12 44 34 
17 16 30 11 38 33 24 19 20 14 26 22 27 19 21 30 21 16 18 41 15 12 22 25 25 17 27 18 30 9 24 34 23 18 19 18 31 27 12 25 28 23 32 31 24 18 17 13 17 33 26 25 14 20 23 14 24 21 25 15 33 37 32 23 32 33 23 27 12 21 27 17 23 22 23 17 32 26 21 21 14 12 25 22 34 18 17 21 40 5 
13 18 31 21 31 13 35 18 21 19 32 24 41 25 18 33 10 19 17 31 22 9 16 36 20 23 31 16 35 35 19 22 22 24 29 15 25 26 21 30 26 25 32 26 24 28 16 18 32 17 32 13 17 33 7 15 13 15 14 12 32 27 27 21 22 38 26 28 32 27 10 26 25 17 16 16 30 15 30 20 25 39 26 30 28 13 20 26 43 32 
16 20 45 14 36 23 26 24 28 22 32 22 26 12 25 14 25 12 15 29 25 21 31 35 22 18 44 12 21 29 16 24 15 22 32 27 34 24 9 24 37 26 19 31 22 27 18 16 30 22 30 26 13 33 21 21 16 17 15 13 28 22 22 29 30 31 21 42 22 31 30 25 31 15 18 20 28 11 28 36 11 25 32 18 35 15 19 22 35 29 
13 15 43 32 24 18 49 10 18 10 34 22 25 12 29 20 23 15 15 29 22 19 9 22 19 9 23 17 25 27 19 40 16 21 15 13 17 30 22 28 31 27 29 21 33 24 17 21 28 21 51 26 17 31 8 11 18 18 14 12 26 21 12 21 39 31 27 16 22 15 25 22 32 8 19 14 29 20 21 23 17 33 26 28 40 5 21 15 25 16 
14 13 38 27 27 14 41 29 22 16 16 28 38 15 21 26 34 18 11 31 24 14 18 36 23 22 33 16 26 34 24 19 24 9 19 14 26 28 13 30 22 25 41 29 22 17 10 28 23 35 29 28 12 31 15 15 14 17 10 13 38 27 25 16 22 38 29 20 11 21 26 29 24 22 16 13 20 18 26 35 26 36 24 38 27 22 24 29 30 24 
13 6 21 13 20 11 20 30 38 14 22 28 30 26 23 25 25 15 17 41 22 12 22 33 29 26 30 24 26 30 20 31 26 19 32 12 26 26 15 38 18 31 35 25 26 28 26 11 20 37 22 25 24 19 4 24 18 19 23 27 16 29 24 40 31 27 16 23 17 19 18 14 24 17 22 19 20 17 25 15 22 33 38 38 33 7 15 24 21 26 
13 18 19 30 35 27 29 29 20 18 16 32 13 25 22 19 16 15 12 23 15 12 18 17 33 21 38 11 26 10 24 31 16 20 22 14 26 33 20 24 25 26 30 40 21 32 19 18 36 43 26 14 3 25 11 24 14 26 20 21 21 26 21 25 24 34 22 32 16 35 20 29 29 18 20 10 16 17 16 27 22 39 42 26 31 15 25 18 14 29 
13 20 28 25 26 15 27 20 36 22 12 17 31 21 39 17 5 11 16 28 23 18 20 31 18 17 27 17 34 16 16 31 18 29 24 24 39 16 14 27 37 23 16 37 27 34 16 20 18 19 28 22 15 26 15 20 18 29 14 16 17 29 23 26 33 25 24 13 21 20 21 18 16 18 21 12 36 24 30 35 26 21 9 30 29 14 18 13 32 24 
10 16 36 12 34 34 34 29 32 19 27 22 35 25 23 24 21 20 15 36 30 21 23 26 24 18 35 15 30 13 19 26 36 15 24 25 24 32 11 40 36 22 32 27 22 24 16 14 16 40 19 24 7 20 20 30 29 24 11 9 20 19 38 12 32 18 18 21 19 19 27 20 37 23 22 16 14 23 19 26 18 42 34 8 24 10 13 30 39 34 
16 12 26 20 20 36 43 12 22 12 37 16 20 20 20 26 20 15 17 22 30 21 20 39 15 18 33 12 20 23 19 30 28 26 35 25 25 34 22 39 22 27 16 27 11 14 20 12 20 29 27 20 16 12 16 16 13 29 14 16 33 24 19 18 29 31 7 28 23 31 25 18 18 19 10 15 23 21 27 23 20 38 37 31 33 21 19 25 15 39 
16 21 28 31 26 23 27 22 22 15 31 16 22 24 18 23 20 17 14 33 18 16 22 33 38 15 21 16 29 38 19 12 20 22 19 23 27 31 17 29 22 19 39 20 10 29 15 21 26 15 28 16 16 24 15 23 20 24 9 8 29 22 35 25 21 35 21 36 23 36 25 28 28 23 19 16 19 20 30 21 18 27 34 22 19 10 27 17 20 28 
9 15 29 20 24 24 24 30 21 17 46 22 33 21 23 24 35 17 13 20 30 20 20 21 16 12 37 22 29 32 18 34 12 32 17 21 32 31 12 24 33 17 22 31 29 36 13 22 19 33 23 32 9 27 17 29 16 26 15 16 18 24 42 32 26 26 21 26 8 28 18 23 20 20 24 22 27 11 38 36 16 26 25 37 30 21 17 16 31 24 
11 18 13 22 40 25 8 34 26 17 21 12 26 22 30 10 14 16 17 33 23 12 24 25 20 19 40 14 36 27 21 20 25 20 28 19 30 30 17 16 40 19 31 33 22 29 23 23 26 41 35 13 8 24 17 17 18 26 12 18 42 33 29 18 30 27 18 15 30 28 24 18 31 12 17 20 23 16 24 26 25 29 35 46 16 11 13 34 29 35 
11 12 34 29 31 21 31 19 15 16 10 28 31 27 21 34 20 9 12 21 20 15 25 25 8 6 27 11 42 25 24 36 21 24 20 9 23 32 18 27 28 29 32 19 31 28 16 17 23 32 31 27 28 15 16 25 8 23 16 18 23 25 22 23 41 34 19 24 29 23 30 26 18 20 20 12 16 22 25 31 24 41 31 34 27 17 22 26 43 39 
17 17 33 16 18 39 41 32 20 9 35 27 35 13 8 33 19 17 15 23 29 12 26 37 18 13 20 15 24 26 26 45 22 18 20 20 32 31 20 38 30 30 28 40 30 27 13 5 27 33 35 22 23 16 20 12 22 15 12 15 33 25 30 21 26 36 18 17 29 35 24 18 23 21 19 19 28 15 19 14 22 39 18 18 20 16 17 18 25 27 
24 21 32 15 21 30 21 31 30 20 18 13 42 17 17 20 14 10 10 18 28 18 25 41 19 15 24 16 23 28 15 37 8 12 19 18 9 23 17 31 28 17 30 29 25 26 18 16 25 19 14 24 22 15 15 22 10 22 14 17 13 26 29 27 28 43 25 16 27 14 18 19 20 29 16 17 18 16 13 18 17 49 27 28 26 17 13 28 39 23 
21 15 37 19 22 26 34 23 31 16 30 22 31 22 23 21 6 16 13 36 30 15 6 12 21 20 22 13 47 43 24 37 14 31 20 13 22 28 17 37 23 11 27 31 26 20 16 20 31 30 8 22 17 37 21 14 13 19 11 16 21 27 20 18 20 23 13 17 18 23 32 32 23 18 21 6 22 34 30 22 17 40 38 25 28 14 12 32 24 21 
18 15 12 18 28 24 36 26 31 22 32 28 31 22 32 12 16 19 9 25 15 16 10 25 22 14 43 9 13 26 24 24 3 25 14 17 34 17 7 29 44 18 28 20 38 30 23 20 22 21 32 16 19 24 17 29 14 21 22 18 41 40 28 18 33 29 30 30 20 29 16 28 27 21 19 18 23 26 24 40 20 37 33 23 25 15 13 20 28 21 
20 15 22 24 20 24 17 21 28 25 32 21 30 25 24 17 20 12 14 31 22 17 17 23 13 19 30 19 21 40 28 39 25 27 24 19 30 26 11 24 20 21 33 40 15 29 20 20 25 20 27 28 16 21 20 33 16 22 11 21 42 18 19 24 21 24 20 26 11 18 26 4 23 31 17 11 17 19 34 18 22 14 25 28 28 19 21 18 33 13 
17 24 17 21 30 9 33 24 34 25 52 18 46 24 30 19 25 9 20 14 28 7 13 26 15 18 21 14 14 32 26 23 19 28 19 17 25 25 19 27 36 11 15 23 23 13 21 11 19 29 44 24 18 18 20 16 14 15 12 17 25 15 27 30 35 21 39 42 26 18 33 20 22 2 21 16 19 17 19 37 24 27 44 27 30 10 19 31 28 27 
24 11 43 20 29 21 16 13 23 20 27 16 24 16 18 15 21 11 15 21 23 14 13 33 14 13 23 19 18 31 19 23 31 24 21 8 34 21 13 41 31 25 23 37 19 11 29 15 12 20 21 18 12 22 16 18 19 13 19 17 23 39 25 27 26 35 17 33 18 19 17 22 21 11 24 16 22 12 15 23 23 26 48 20 17 9 9 16 20 9 
11 19 30 18 30 32 26 28 29 13 29 17 20 17 23 23 25 13 24 27 22 14 14 31 15 23 39 18 43 26 21 19 13 30 14 20 28 19 16 29 30 21 32 30 29 18 11 21 25 37 34 18 22 28 15 19 16 18 16 16 22 22 23 20 25 23 29 28 23 23 18 29 22 17 19 19 28 15 29 25 21 35 22 21 27 11 25 29 28 31 
11 19 38 16 34 17 28 27 34 28 27 17 26 27 5 21 31 13 21 22 29 17 23 30 16 13 28 18 27 20 24 20 16 22 28 13 27 32 12 30 21 25 19 32 21 26 13 17 37 34 28 24 25 32 5 14 6 15 27 16 23 25 13 25 26 29 29 20 21 29 29 14 22 14 15 16 32 19 20 16 23 26 26 17 33 14 15 27 14 17 
14 15 37 21 36 22 18 24 31 19 27 22 36 20 36 28 28 15 13 32 27 14 24 24 24 15 42 15 52 24 18 31 16 26 35 11 20 16 28 27 36 17 36 11 25 40 17 14 26 19 34 19 13 25 11 18 9 18 13 5 23 38 8 26 38 22 29 26 29 33 28 14 23 11 22 16 27 18 26 21 11 34 36 27 22 11 31 20 34 32 
15 16 52 25 21 19 32 45 21 20 28 14 32 13 25 25 5 10 12 20 34 11 24 36 15 22 44 16 23 26 12 30 24 26 21 3 37 22 27 32 36 17 23 26 19 26 16 18 16 25 31 35 13 22 20 32 16 29 16 11 30 28 18 21 50 30 28 44 20 28 28 17 31 26 20 20 30 26 17 27 17 32 19 30 38 9 9 24 39 28 
11 13 37 11 20 27 30 25 26 20 30 19 20 21 21 14 14 16 20 42 30 18 16 22 18 15 45 16 30 31 26 37 6 25 23 9 16 17 21 34 20 19 34 27 32 19 13 12 29 22 39 25 27 19 11 20 15 30 12 9 36 30 34 18 30 31 33 26 29 24 20 26 18 29 14 10 21 21 18 36 21 40 23 5 19 18 26 20 42 28 
14 13 44 28 15 28 29 22 18 16 33 16 17 19 49 17 22 17 14 28 11 10 16 29 21 22 30 14 28 22 17 26 7 23 27 20 36 14 18 20 32 20 23 21 25 19 7 12 21 22 19 15 16 13 13 12 16 39 12 18 45 25 19 6 27 40 18 28 31 21 17 29 25 11 18 20 26 19 22 20 20 34 30 22 14 17 26 6 27 22 
20 20 35 23 26 29 34 29 16 5 22 7 36 12 25 25 20 10 20 26 23 11 29 28 20 18 19 10 23 28 24 15 21 19 17 10 28 28 23 26 19 31 34 22 14 10 15 17 26 24 25 33 14 28 20 25 20 24 11 10 26 20 36 31 23 15 10 41 27 24 26 37 29 29 21 16 34 24 21 14 23 33 22 24 40 16 15 23 38 32 
19 18 19 32 25 33 29 16 41 11 40 25 32 27 22 29 26 26 15 24 22 20 12 21 19 13 27 14 21 30 13 35 24 24 28 18 28 23 20 25 17 13 28 22 18 26 15 12 14 25 38 32 22 20 21 15 18 21 11 13 30 25 25 17 47 35 33 33 31 21 28 29 20 21 22 13 21 29 26 37 23 39 22 41 24 16 23 24 25 27 
19 17 34 16 34 40 27 19 16 6 38 23 30 18 23 15 27 16 19 35 20 15 9 33 16 12 30 10 29 32 18 13 20 31 29 22 29 24 17 21 24 16 46 37 19 24 16 18 24 20 14 23 15 19 11 14 23 11 13 15 40 30 29 12 33 40 19 22 27 30 25 24 20 26 19 13 20 20 22 16 24 13 48 28 21 15 16 28 11 32 
17 20 21 7 19 19 27 25 27 18 30 13 25 17 21 25 27 13 20 27 25 12 27 47 38 12 18 21 19 14 22 28 17 22 17 11 43 16 19 36 21 21 35 36 25 27 12 11 31 32 37 29 15 31 11 21 12 24 18 15 32 32 38 19 51 22 12 49 23 21 17 33 23 13 17 13 20 17 18 16 10 31 20 38 21 13 18 30 27 31 
16 13 29 24 30 22 37 23 23 11 19 8 32 24 27 25 15 19 7 32 16 17 19 18 9 12 8 21 30 25 23 33 24 12 24 11 22 27 21 29 47 19 23 35 24 29 10 14 28 33 17 21 17 8 18 16 11 15 14 12 32 10 19 25 29 27 13 35 23 33 20 15 21 17 25 9 20 32 25 45 20 25 34 37 28 20 22 20 31 34 
17 14 17 20 22 27 30 29 33 17 18 19 18 18 42 32 19 21 13 18 31 19 25 34 30 19 35 14 25 23 21 30 16 35 29 23 36 37 18 20 39 23 34 19 13 13 10 11 21 16 24 17 14 25 10 23 15 24 14 18 41 25 16 29 30 15 23 22 40 28 23 11 23 15 17 17 27 18 22 29 25 26 30 18 22 23 14 23 35 19 
12 12 43 18 16 31 20 16 21 26 35 17 11 18 27 25 20 19 13 28 21 15 19 28 7 8 42 12 22 26 16 35 14 30 11 19 32 36 24 24 34 17 19 23 24 18 27 23 33 28 37 24 20 23 24 28 23 23 16 15 25 38 25 31 43 23 12 43 19 34 30 26 22 24 16 19 22 21 24 49 14 19 14 34 28 12 20 24 29 37 
15 14 43 25 16 27 34 16 25 18 25 15 20 16 38 20 21 14 12 21 19 19 15 34 26 9 28 7 25 24 27 39 24 29 25 8 31 25 29 34 29 12 46 23 29 18 13 13 18 22 21 14 21 32 19 23 17 18 14 21 29 47 32 23 37 15 28 17 29 34 14 29 35 23 6 10 17 28 27 33 15 28 33 37 38 17 18 23 31 15 
21 16 40 16 28 37 34 27 20 17 34 7 28 24 32 12 21 17 15 32 26 15 21 29 17 10 27 16 34 19 17 23 19 38 16 10 34 39 16 29 29 26 26 17 26 30 17 17 28 28 35 21 15 30 16 30 9 17 13 16 21 33 15 31 22 31 30 9 26 23 20 27 24 16 23 13 17 25 22 12 30 39 38 16 25 16 16 10 25 38 
22 8 39 22 26 23 30 21 33 20 37 13 36 24 18 9 30 14 18 25 25 17 15 24 26 13 32 9 13 16 21 24 27 18 22 18 30 36 15 29 20 22 24 32 16 17 13 12 30 10 37 26 24 23 12 13 15 26 14 12 30 24 15 29 28 35 23 36 29 15 27 14 18 20 17 18 20 20 24 33 18 34 23 29 25 21 22 38 43 26 
7 12 21 9 15 15 27 29 25 14 18 18 29 23 27 18 14 16 14 14 18 16 20 30 20 17 33 17 32 23 30 13 11 20 15 11 35 15 19 27 25 24 19 20 32 32 18 17 20 34 36 20 17 21 16 20 17 13 17 18 16 28 26 20 39 39 16 31 34 18 28 30 27 19 14 20 17 19 23 40 19 41 36 27 38 17 17 21 28 19 
19 23 39 16 15 16 31 29 30 22 50 23 18 22 29 25 16 17 14 19 13 17 20 8 22 22 26 16 31 21 25 12 6 38 37 16 30 27 16 24 27 23 25 21 20 19 23 15 26 19 33 36 22 17 9 14 19 18 15 9 22 27 17 24 20 25 34 22 25 23 22 20 26 24 24 18 26 22 31 24 26 31 45 16 36 15 10 18 27 21 
10 17 40 20 18 36 26 34 30 19 25 17 34 19 26 21 21 19 14 23 22 20 21 37 16 19 48 12 24 34 27 15 6 16 27 26 24 21 32 29 25 24 30 30 22 30 11 10 33 27 23 33 18 27 7 11 15 30 18 16 23 33 24 24 29 25 24 21 29 26 23 36 31 22 15 11 23 26 13 42 2 22 34 31 32 17 19 20 33 15 
22 17 19 26 30 20 29 19 47 14 42 26 19 14 18 14 17 9 3 18 23 20 27 33 22 12 50 19 17 32 23 26 27 28 16 12 30 23 18 30 28 15 25 44 16 27 20 13 19 37 30 13 27 29 21 16 18 23 17 15 41 46 23 32 41 38 22 34 24 24 9 17 22 19 21 13 25 29 16 38 21 32 30 33 22 16 15 21 18 19 
16 20 18 9 25 18 22 25 26 14 19 12 18 19 30 24 13 16 21 31 26 10 21 21 22 18 30 16 30 47 8 29 7 22 5 19 30 16 14 34 16 24 25 22 32 19 20 15 23 9 28 15 12 32 16 22 21 23 9 16 26 20 16 22 23 14 28 22 20 18 24 22 19 19 24 14 18 26 29 17 28 30 22 27 33 15 18 23 45 13 
18 16 58 20 39 29 33 15 26 13 35 22 14 13 11 26 26 16 14 29 31 22 23 38 12 9 20 14 35 27 24 28 24 32 20 19 28 18 12 29 29 26 27 30 24 13 16 19 32 23 15 25 3 24 13 23 9 27 19 17 25 36 31 23 22 11 25 24 3 32 16 22 17 17 22 18 14 27 20 25 21 32 34 31 24 14 14 11 3 24 
15 24 18 20 28 28 20 10 20 16 18 24 28 18 30 28 23 21 19 25 25 19 14 13 34 16 19 15 23 24 17 31 26 16 22 16 25 19 24 30 22 21 39 14 30 19 15 23 31 32 30 19 9 23 17 18 19 23 15 11 39 25 44 13 23 24 14 30 32 30 14 29 18 25 15 19 8 27 21 30 19 22 25 31 23 21 31 25 36 34 
17 12 36 21 28 24 39 25 20 23 46 17 30 30 25 18 17 17 20 26 17 11 19 21 29 20 38 11 17 19 18 36 15 26 18 19 36 15 14 30 33 25 48 16 25 15 15 13 17 41 22 26 20 16 12 19 20 19 20 15 29 30 19 20 31 30 31 25 16 36 15 19 18 26 17 16 22 13 17 31 18 19 17 37 41 10 18 19 24 29 
15 15 33 8 31 23 31 29 33 17 43 18 30 16 35 25 17 12 11 16 37 20 25 18 28 21 32 11 20 26 25 40 21 21 18 16 31 15 24 27 30 17 25 9 28 26 18 17 33 24 49 15 24 17 16 19 19 21 20 16 29 41 33 29 35 17 17 44 20 10 16 28 27 25 18 7 29 35 23 36 20 27 26 29 23 17 25 20 34 28 
15 11 46 27 28 23 35 20 15 17 32 21 29 22 16 23 21 18 19 28 19 14 16 27 23 17 35 17 22 13 17 10 10 32 20 16 26 17 22 29 40 14 20 21 22 36 23 13 21 26 31 23 17 18 13 30 25 24 12 14 10 36 20 21 28 9 25 32 17 19 25 34 20 18 30 10 23 27 31 17 17 25 20 29 42 17 19 18 26 20 
11 20 30 12 24 31 39 24 16 16 15 28 37 25 21 20 20 17 16 31 22 12 11 31 14 6 36 17 36 25 13 36 15 25 23 15 30 24 14 39 28 27 35 17 24 24 13 10 30 22 33 17 20 25 19 14 20 16 17 14 31 23 15 28 27 43 28 24 14 27 15 20 23 25 21 22 13 19 18 27 20 23 24 31 23 6 11 23 16 31 

MachineCapacities:
MachineID Capacity
0 10
1 10
2 10
