NumTasks NumMachines NumScenarios
30 3 50
TaskDetails:
TaskID ReleaseTime ResourceConsumption SuccessorsCount Successors...
0 0 7 5 8 2 3 4 
1 0 1 10 9 3 2 3 4 
2 0 6 2 9 3 5 7 10 
3 0 3 8 6 3 7 8 10 
4 0 8 9 9 4 5 6 7 10 
5 0 8 10 3 1 8 
6 0 2 5 4 3 9 11 12 
7 0 3 6 5 3 9 11 12 
8 0 6 10 6 3 9 11 12 
9 0 3 7 8 2 14 17 
10 0 5 8 2 1 14 
11 0 5 4 8 2 13 14 
12 0 4 1 9 2 16 17 
13 0 9 1 8 3 15 16 17 
14 0 1 2 2 1 15 
15 0 9 8 1 2 18 19 
16 0 4 3 8 2 18 19 
17 0 8 5 6 1 19 
18 0 3 2 3 2 20 21 
19 0 4 8 4 1 21 
20 0 10 8 8 0 
21 0 9 5 6 2 22 23 
22 0 6 7 4 0 
23 0 8 5 4 0 
24 0 4 5 9 1 25 
25 0 6 2 5 2 26 28 
26 0 3 6 4 1 27 
27 0 9 8 1 1 29 
28 0 4 4 6 0 
29 0 3 8 5 0 

24 27 24 13 21 24 33 16 15 42 32 30 20 35 24 13 15 22 19 49 30 36 14 18 15 34 24 18 29 12 14 19 14 21 15 30 20 36 19 25 19 25 15 18 33 22 16 16 20 26 31 26 16 17 19 33 21 16 28 11 17 10 21 22 35 24 24 24 19 25 15 21 32 29 23 13 19 13 16 25 16 14 33 20 34 17 12 37 16 21 
17 15 25 17 33 26 23 14 18 33 29 37 25 23 4 18 24 26 30 24 13 31 18 19 8 46 20 15 7 15 18 20 26 15 40 23 25 18 24 16 17 28 16 24 32 38 25 41 23 17 38 27 12 18 12 24 13 23 32 13 12 15 15 32 20 31 32 33 10 24 24 20 27 14 19 6 16 10 22 10 33 18 23 30 33 15 48 30 16 19 
25 13 14 20 41 26 32 16 29 30 24 23 21 26 29 14 32 5 23 34 15 25 20 10 18 31 29 19 20 14 15 23 30 15 24 17 19 28 14 27 18 20 24 23 27 45 42 15 19 17 25 16 9 22 22 32 20 13 26 14 11 24 19 26 28 14 26 22 21 30 25 36 20 29 21 22 22 21 22 21 17 14 28 40 40 25 24 26 20 22 
14 18 7 19 26 23 20 13 21 24 16 40 33 25 25 13 29 32 21 20 21 33 32 12 17 31 20 20 36 18 25 17 25 21 47 34 22 35 22 24 11 15 20 32 20 17 21 25 10 16 29 12 16 16 15 42 10 2 18 23 14 13 20 18 28 21 23 24 50 25 30 40 17 29 14 22 18 14 15 9 23 16 18 27 28 17 29 18 14 17 
25 17 20 14 21 27 26 23 38 23 17 23 26 41 20 18 28 30 26 26 20 28 21 23 12 18 28 30 26 9 14 16 29 18 26 23 17 45 24 60 10 20 12 38 26 34 38 35 18 5 27 12 28 18 18 39 16 13 29 17 19 12 17 17 33 33 29 15 26 42 23 23 19 30 20 24 9 21 15 9 28 14 29 39 24 11 30 19 20 27 
25 18 24 23 29 20 30 13 30 26 30 41 17 33 14 21 24 31 18 19 19 32 4 23 22 32 19 23 28 21 13 28 20 20 16 37 26 37 16 21 20 23 15 34 30 25 18 23 22 29 24 40 30 14 20 39 17 16 26 15 14 13 23 18 31 28 46 22 22 20 43 31 23 37 13 18 18 15 19 26 38 15 36 31 35 19 21 31 21 19 
23 19 33 14 25 26 28 19 24 36 30 19 34 23 16 25 27 14 29 24 32 36 19 21 11 39 15 13 31 25 16 31 37 25 22 19 26 31 29 23 21 22 13 34 31 43 23 26 28 19 33 18 24 21 9 25 23 13 17 18 15 20 12 26 14 12 37 29 12 31 26 34 15 40 25 28 15 17 15 20 41 16 30 32 35 18 29 32 15 37 
11 14 26 8 15 34 22 27 29 18 34 19 31 20 29 21 27 25 24 5 9 31 21 14 22 28 27 22 31 14 16 22 36 22 29 27 17 36 16 26 16 32 15 16 34 29 30 37 29 17 25 29 37 4 24 22 17 16 29 12 16 15 13 24 29 13 40 29 26 39 27 23 24 34 22 27 20 13 17 12 17 19 28 33 36 19 27 29 16 26 
22 21 35 16 29 24 22 22 30 15 23 34 37 25 27 10 19 27 16 19 25 27 27 16 13 28 23 16 41 12 12 30 21 15 20 25 18 37 22 27 26 27 17 23 21 41 17 22 21 31 17 20 23 12 15 34 9 12 19 19 17 12 10 10 25 32 19 16 11 35 21 34 34 23 21 15 25 15 13 22 23 18 23 24 25 16 10 22 11 22 
31 16 21 15 31 23 26 21 21 38 11 27 29 37 27 17 37 22 30 35 27 43 17 16 21 11 26 17 37 22 8 12 21 20 18 42 17 38 33 37 14 22 17 18 32 6 24 22 27 31 16 26 30 14 21 26 21 10 31 14 22 18 11 23 36 30 21 21 26 30 29 43 21 26 21 19 18 12 14 19 15 20 36 16 31 21 23 21 17 22 
28 14 29 19 33 30 17 16 13 31 23 25 22 24 22 8 20 25 10 40 27 38 34 16 20 51 25 17 15 12 13 18 27 23 31 26 13 21 16 45 17 15 28 42 33 22 27 22 22 20 31 32 25 16 14 41 15 17 30 20 17 13 18 23 34 31 26 26 30 38 18 31 24 35 17 31 25 15 21 21 31 19 28 32 33 11 23 28 16 28 
19 14 25 14 32 39 26 10 21 26 35 21 23 29 22 15 16 29 25 32 14 15 26 6 23 31 11 7 26 22 10 28 29 15 28 38 24 21 29 29 19 30 15 40 32 48 31 17 32 20 16 35 23 24 21 22 15 15 43 16 14 23 13 19 40 28 21 36 43 25 15 23 24 25 17 11 18 17 16 21 11 17 26 13 31 14 26 31 10 19 
28 26 38 18 47 19 23 20 17 39 26 14 34 29 18 18 23 28 24 18 9 45 20 16 22 40 23 13 16 18 16 12 22 17 26 22 21 38 16 29 17 25 16 34 19 24 16 37 24 25 24 30 11 8 15 31 9 16 35 14 13 15 13 31 32 36 28 16 44 19 25 31 20 31 10 20 26 16 18 24 18 13 23 24 42 17 30 27 20 30 
12 13 34 17 28 21 26 21 37 26 39 13 24 29 19 14 23 18 16 41 11 41 26 17 12 32 16 19 33 12 15 35 32 16 40 19 23 44 15 9 9 15 20 33 46 23 26 30 28 35 19 21 19 21 18 30 12 17 33 11 18 20 19 13 26 12 33 23 8 23 24 18 35 25 18 22 21 15 20 17 27 10 28 20 29 10 30 26 20 30 
26 20 47 12 22 10 47 19 17 29 32 26 24 27 19 17 22 9 38 47 29 33 16 21 21 22 31 12 20 12 13 15 26 12 28 45 17 30 21 44 21 19 6 35 19 23 42 33 24 32 23 26 27 15 13 31 23 16 41 13 17 20 21 14 34 37 25 17 32 29 33 19 29 36 14 19 13 13 23 21 25 14 30 25 30 3 19 16 17 17 
41 17 23 12 29 25 28 20 29 33 31 28 18 30 13 18 21 17 25 35 34 24 34 17 14 30 24 19 16 15 18 15 21 22 35 15 24 27 26 19 13 11 23 37 31 28 23 24 23 21 6 32 33 24 12 27 20 18 27 14 16 16 14 17 15 30 31 33 35 27 18 29 30 29 22 15 22 11 16 24 15 16 30 34 33 10 28 19 21 30 
27 17 27 14 30 35 25 20 18 36 21 22 16 24 18 19 8 38 20 25 20 38 19 20 16 29 32 23 24 14 16 24 28 21 34 31 9 23 13 26 18 23 18 20 22 44 7 32 13 17 30 22 38 12 14 12 12 18 32 24 23 10 18 34 27 30 14 16 20 38 30 11 20 34 11 7 25 8 17 24 27 19 25 20 17 13 27 32 16 21 
18 12 32 15 19 36 26 14 24 27 28 28 20 32 15 23 27 33 20 33 32 20 20 13 17 29 19 22 44 13 10 19 26 15 29 21 42 34 35 27 17 28 19 35 32 31 22 39 25 33 18 25 19 22 17 31 24 21 24 14 10 17 12 27 21 29 29 21 43 9 19 25 27 29 20 14 27 17 22 15 43 12 42 52 40 16 34 23 19 30 
21 12 26 9 34 25 30 16 24 28 26 25 31 38 20 16 28 40 37 39 20 19 23 15 17 21 17 14 27 6 19 21 31 17 32 30 22 34 19 31 19 28 23 27 17 23 39 29 17 24 16 32 18 25 18 20 13 17 46 14 13 7 8 20 19 37 39 28 19 33 29 12 17 47 12 19 22 17 18 28 23 13 39 30 35 14 44 29 15 16 
6 19 13 15 31 19 15 16 16 23 28 37 27 19 16 23 29 35 23 29 13 11 13 27 17 33 25 16 25 13 20 22 27 24 27 27 16 22 21 16 13 26 16 25 21 36 17 15 17 21 28 22 31 18 26 22 16 16 30 16 14 13 16 19 27 29 41 24 19 31 21 33 26 21 19 21 17 10 14 24 17 19 39 39 32 11 39 30 19 29 
31 17 26 22 35 11 27 19 24 41 23 26 31 24 16 29 22 23 10 45 14 32 20 11 12 35 14 14 33 16 17 17 19 20 31 16 15 23 28 42 14 22 14 31 28 36 23 24 24 23 21 34 31 23 17 29 19 10 31 23 16 12 15 24 26 24 17 20 44 25 33 28 21 28 20 26 21 18 19 13 15 10 20 50 27 11 30 37 15 30 
18 15 28 13 25 35 28 6 25 37 43 35 13 27 15 10 12 42 29 33 18 41 18 16 17 38 25 22 34 15 22 33 25 23 29 26 25 24 34 37 24 17 10 32 22 44 18 30 21 31 24 39 20 13 14 28 22 17 33 15 16 24 13 21 17 21 28 30 21 24 14 11 25 28 18 21 18 4 14 25 22 19 41 34 31 7 50 25 22 24 
28 23 17 19 43 25 26 16 34 26 34 21 33 24 21 26 20 18 32 42 18 36 29 22 22 49 38 15 35 16 13 31 33 21 37 25 20 34 13 24 21 20 23 24 25 25 24 18 14 16 36 34 40 8 15 28 19 18 24 20 14 16 19 20 30 21 36 33 34 44 36 25 26 39 13 23 20 11 29 22 37 8 19 46 30 9 23 20 15 19 
31 16 29 13 35 25 22 19 25 17 19 32 24 32 21 20 30 25 23 21 25 32 32 19 21 13 14 18 30 7 18 12 22 21 32 20 30 35 16 34 23 28 11 23 19 39 37 36 23 27 14 32 29 14 16 44 9 15 32 13 11 19 13 17 23 23 14 29 22 29 26 17 25 28 23 24 10 11 15 14 26 18 23 28 26 21 24 13 19 28 
10 10 29 9 22 29 27 25 25 31 33 24 22 30 18 18 20 27 16 37 21 38 17 12 10 39 7 21 42 15 15 22 18 18 25 22 14 36 13 13 16 17 22 27 27 45 29 41 17 22 23 20 22 7 9 22 13 19 22 13 17 16 15 19 25 25 16 26 36 15 24 19 29 32 13 23 17 21 10 21 45 16 23 30 20 13 26 13 20 31 
10 7 33 19 28 16 22 13 21 16 32 27 26 17 18 20 17 31 23 38 19 28 22 18 16 23 31 17 25 4 17 20 23 13 38 34 17 25 18 21 13 35 16 32 32 30 32 30 33 18 26 24 25 16 20 34 23 10 19 16 22 20 13 36 23 28 30 30 18 30 18 49 19 33 25 11 17 12 23 12 11 11 13 24 26 17 33 24 10 25 
31 12 35 11 15 30 32 18 22 23 23 17 21 29 25 20 22 20 24 35 24 15 29 18 26 20 33 16 29 11 9 4 25 9 34 24 22 42 19 27 20 19 9 24 28 25 29 30 29 34 28 32 8 20 14 22 15 18 21 19 14 21 22 18 6 28 32 18 24 37 11 26 19 29 19 25 27 17 21 14 23 17 36 22 29 18 29 25 14 25 
12 19 25 7 28 17 20 15 25 27 35 30 28 37 19 14 21 27 37 44 29 29 18 18 24 44 26 21 17 17 17 21 19 19 32 18 23 36 23 19 15 30 26 33 17 28 22 34 28 27 14 30 20 21 15 49 13 12 33 13 21 13 19 19 23 12 32 16 11 28 24 37 29 16 21 22 23 13 11 22 33 15 20 22 33 16 22 29 14 30 
24 17 11 7 31 27 27 14 18 27 21 24 17 27 10 11 11 25 23 30 25 25 34 17 15 29 31 20 33 17 23 24 27 15 34 25 22 33 21 38 22 16 14 31 29 33 29 29 20 31 16 17 35 19 19 18 16 25 18 16 21 18 24 25 18 24 21 17 45 17 30 32 35 33 17 20 19 15 22 20 26 15 39 27 32 27 37 24 15 22 
27 17 19 17 43 14 25 21 9 28 27 25 20 33 16 15 21 27 10 36 21 31 15 24 25 35 26 24 38 12 14 29 31 19 30 23 26 30 29 39 17 35 14 12 22 20 26 30 20 33 24 28 24 16 20 18 19 17 12 12 22 15 16 19 31 16 31 25 35 25 31 22 22 46 19 23 20 20 23 23 28 21 15 38 30 17 30 12 9 30 
23 23 42 16 28 28 15 6 29 29 33 22 34 30 23 28 24 34 22 28 24 25 15 14 12 8 25 21 42 18 22 22 18 20 30 34 21 32 32 20 17 29 12 35 26 27 20 21 19 24 25 31 21 21 20 36 12 12 21 12 17 16 17 18 31 25 14 21 34 24 33 13 22 39 23 24 27 14 11 12 36 16 30 28 18 14 32 21 17 25 
21 11 20 21 26 17 23 19 26 33 25 31 28 28 20 11 30 19 33 25 26 30 16 19 22 36 7 18 31 11 17 23 32 22 33 38 28 28 24 35 20 19 11 18 20 25 23 24 26 26 25 28 30 18 15 27 13 20 15 23 15 14 17 13 30 22 32 26 30 32 27 34 25 10 15 18 24 10 14 24 28 16 30 20 28 16 27 31 20 20 
26 17 25 15 21 21 28 12 23 19 22 23 18 42 29 17 23 23 14 45 36 16 24 23 14 22 20 17 27 17 19 22 31 16 33 19 22 36 19 23 12 25 16 30 22 21 29 37 26 37 32 21 23 17 15 6 19 16 30 14 16 22 20 13 14 34 38 20 38 20 30 34 30 47 15 23 21 18 14 18 23 16 31 43 28 20 15 17 16 20 
13 14 30 18 42 26 28 14 22 34 25 33 24 27 13 22 28 40 18 24 14 37 13 22 20 20 18 13 24 18 16 23 26 23 41 41 18 39 19 23 32 21 21 35 32 38 25 20 27 26 21 27 26 23 13 24 16 13 40 25 19 18 32 16 31 25 33 33 22 22 16 18 22 19 22 22 21 16 14 15 24 18 40 18 19 14 26 26 17 30 
25 11 26 7 22 21 39 8 19 25 20 28 20 24 19 14 24 32 21 41 17 22 31 20 16 37 22 18 24 17 13 24 25 20 22 30 28 41 21 27 6 21 23 22 18 47 21 24 11 36 22 19 26 18 18 26 16 15 37 22 13 16 15 23 23 17 26 28 33 26 25 35 29 61 20 17 5 16 20 16 13 16 39 33 29 21 40 34 17 24 
26 22 19 17 39 18 25 14 19 23 17 20 18 20 17 20 25 28 22 36 28 35 13 15 13 19 10 18 35 26 16 26 23 19 26 19 12 35 28 35 19 28 14 29 33 19 31 9 22 18 18 35 35 19 16 30 27 16 29 3 15 13 7 5 33 25 30 21 28 35 28 19 16 25 18 12 15 14 19 18 44 16 34 30 35 14 24 33 16 32 
35 19 17 22 20 14 21 18 22 28 18 23 23 26 26 19 18 22 21 43 23 43 22 21 25 34 24 28 39 18 16 27 28 14 31 20 26 15 24 21 22 24 24 26 18 35 10 35 34 20 25 20 33 22 18 21 11 12 22 15 13 13 22 31 25 28 32 24 41 22 31 12 28 20 25 22 12 18 20 22 26 16 27 8 28 8 42 22 15 14 
31 20 20 19 39 19 34 23 21 49 20 27 30 24 27 21 31 28 18 25 30 40 16 17 17 27 40 7 29 17 19 19 19 19 20 27 27 28 13 41 22 28 9 42 27 35 17 36 19 28 27 24 20 13 20 28 16 19 28 24 18 13 22 22 26 21 50 26 52 8 27 31 18 27 13 14 20 8 16 20 25 17 25 40 40 18 51 33 9 24 
34 19 33 11 25 14 28 23 20 30 22 22 16 29 22 27 19 21 25 34 24 35 27 11 19 25 19 14 26 10 11 22 13 18 50 23 6 32 16 30 19 30 13 39 31 30 14 10 19 12 29 32 34 13 19 42 11 16 25 22 15 18 17 17 28 22 26 16 18 44 28 32 23 21 31 22 17 9 14 25 28 16 16 11 42 22 22 19 16 16 
22 21 32 10 39 29 15 6 28 38 29 15 19 24 19 18 14 30 41 26 24 30 19 17 18 29 40 18 28 11 22 20 21 12 37 31 25 22 22 32 19 21 21 28 21 24 36 30 23 30 27 13 22 27 13 24 20 18 27 21 18 10 23 23 24 20 25 21 36 26 38 39 15 20 19 13 19 19 17 16 22 19 17 30 31 20 14 12 15 24 
25 7 15 15 19 30 33 16 13 27 30 20 20 37 17 18 16 19 12 33 25 31 23 24 16 33 28 12 30 13 17 17 26 19 17 34 24 31 25 40 16 23 5 28 30 22 16 22 22 8 16 29 15 23 18 36 20 16 24 14 11 13 18 29 34 38 18 16 13 32 32 24 20 24 17 17 27 22 20 18 27 10 20 35 40 17 27 28 8 23 
29 17 26 19 28 24 15 20 20 23 27 22 19 20 20 20 28 29 21 34 30 30 28 21 21 31 20 16 32 9 17 21 19 17 30 36 20 19 28 42 24 30 19 38 11 23 38 22 23 15 12 38 38 29 20 11 16 15 32 21 22 12 25 19 36 27 17 19 33 26 30 28 25 16 28 24 15 16 25 16 27 16 38 42 32 11 19 26 15 26 
12 12 23 15 38 22 19 13 26 26 37 42 24 23 14 12 17 25 17 23 29 25 11 11 14 32 35 17 26 15 15 14 11 19 39 23 18 25 15 33 13 23 11 41 29 28 39 27 17 19 23 13 29 18 14 12 13 11 25 16 10 8 18 25 25 19 9 23 34 15 19 30 34 18 15 16 19 19 8 23 14 21 22 35 38 13 25 21 13 27 
26 14 34 14 27 25 27 20 22 14 27 24 39 26 22 26 21 34 19 18 9 34 21 21 15 25 30 22 42 13 17 20 14 13 21 27 20 16 25 27 11 21 11 27 35 27 19 34 28 39 33 27 25 12 15 26 16 12 32 24 15 22 20 27 18 31 41 19 31 30 16 34 20 34 24 24 5 16 27 21 19 20 28 32 38 19 24 27 22 18 
22 17 20 16 22 14 22 12 23 39 29 27 27 15 22 17 35 22 27 44 28 34 17 19 15 28 10 8 35 25 19 23 25 22 34 33 15 26 12 20 24 19 15 29 14 35 34 22 15 26 19 18 33 2 5 33 20 15 26 20 10 17 16 25 18 13 23 28 34 28 24 31 18 36 22 26 22 24 17 18 32 11 30 39 26 20 29 17 23 17 
19 15 26 12 39 26 20 16 21 30 21 17 28 38 24 28 16 11 26 27 23 31 26 7 5 19 25 17 19 13 12 22 24 17 17 21 20 15 30 18 30 17 13 39 12 35 38 25 30 20 29 14 25 14 10 23 17 12 35 18 15 19 15 23 28 16 31 19 40 15 20 40 15 35 19 13 12 12 23 13 25 16 7 34 29 17 26 27 12 29 
32 13 36 12 20 19 32 15 27 20 20 30 20 26 17 3 16 28 23 32 25 27 20 19 14 12 31 16 40 9 19 30 16 19 36 15 16 31 12 37 29 23 20 29 23 8 22 33 21 27 24 38 27 12 17 31 23 16 18 15 16 18 14 21 27 19 38 27 12 40 18 39 24 23 25 8 17 19 11 22 27 9 41 36 21 9 36 27 13 23 
42 18 30 13 36 19 21 16 33 21 22 16 20 34 23 11 31 31 33 16 30 38 10 13 16 30 16 14 28 7 14 28 29 21 31 17 23 36 27 40 7 30 18 42 16 32 37 31 18 38 26 29 27 18 14 16 17 20 30 21 19 19 13 23 17 32 26 20 21 17 16 33 22 34 25 22 19 20 22 21 22 11 31 39 30 8 18 31 22 31 
29 9 39 10 28 17 21 20 17 28 43 34 29 23 23 23 33 18 13 31 24 39 24 15 21 29 28 18 39 12 18 27 18 20 39 24 20 34 23 20 22 19 19 43 25 44 26 34 20 30 37 39 23 22 9 26 12 19 22 21 8 15 22 29 34 37 29 24 21 31 20 35 28 24 15 17 19 14 23 24 14 15 19 44 34 21 25 23 22 24 
26 19 33 19 34 28 26 19 19 38 25 28 19 28 25 19 27 34 19 14 24 22 20 16 21 36 38 14 16 17 16 21 19 18 26 34 24 38 19 32 18 21 23 25 23 27 21 35 29 10 24 36 23 26 8 26 18 16 34 9 9 16 19 25 24 27 27 27 34 42 34 18 19 27 14 13 21 18 18 14 9 13 35 33 30 14 38 25 15 22 

MachineCapacities:
MachineID Capacity
0 10
1 10
2 10
