NumTasks NumMachines NumScenarios
30 3 50
TaskDetails:
TaskID ReleaseTime ResourceConsumption SuccessorsCount Successors...
0 0 4 6 2 3 4 5 6 
1 0 6 3 9 1 3 
2 0 4 4 3 1 4 
3 0 7 2 2 2 6 7 
4 0 6 6 6 1 7 
5 0 3 7 10 2 9 10 
6 0 2 8 9 1 8 
7 0 8 8 8 2 8 9 
8 0 9 3 1 2 10 11 
9 0 10 10 3 2 11 12 
10 0 7 3 7 2 12 13 
11 0 8 5 10 1 13 
12 0 6 8 8 2 14 16 
13 0 3 5 4 2 14 16 
14 0 3 6 3 1 15 
15 0 2 6 5 0 
16 0 1 10 3 0 
17 0 7 2 7 1 18 
18 0 10 7 4 2 19 20 
19 0 4 3 8 1 22 
20 0 5 9 10 1 21 
21 0 9 10 8 1 22 
22 0 8 9 7 4 23 24 25 26 
23 0 7 9 8 2 28 29 
24 0 6 2 3 2 27 28 
25 0 2 8 7 1 29 
26 0 8 8 1 1 28 
27 0 5 10 2 0 
28 0 9 5 6 0 
29 0 3 9 9 0 

28 16 16 20 31 13 17 28 10 23 17 16 28 20 23 13 12 21 15 24 19 36 12 25 21 21 31 32 13 22 24 34 20 24 19 23 40 34 11 42 18 12 17 17 28 10 42 30 17 19 23 10 28 19 26 21 14 22 23 20 12 38 34 18 27 34 21 27 24 28 4 21 29 26 16 34 20 28 17 19 17 26 17 28 29 34 20 23 22 24 
27 23 23 24 18 27 15 14 17 19 14 28 22 24 27 28 10 20 19 17 20 41 27 26 21 29 37 15 18 17 36 23 25 14 14 20 23 35 27 6 26 31 25 13 20 15 27 18 27 14 29 26 21 19 34 15 1 8 42 49 22 35 13 21 37 6 18 35 14 13 26 11 35 30 30 27 31 17 16 19 15 22 19 32 21 16 30 14 19 23 
37 18 25 22 16 26 22 24 23 21 26 18 19 31 39 23 15 25 28 20 16 31 3 18 25 23 22 21 15 15 36 25 16 18 9 12 32 25 23 32 27 10 26 18 27 11 21 29 23 20 38 13 25 29 32 20 41 16 14 21 37 31 30 23 25 30 23 21 19 4 30 19 36 28 18 19 22 31 16 19 24 20 17 20 23 24 14 21 30 25 
35 19 20 19 22 35 18 38 13 27 36 22 42 23 18 18 22 24 16 22 22 21 17 30 26 22 25 22 25 20 32 28 14 15 23 11 32 27 16 33 13 22 27 17 27 24 27 15 26 20 12 11 15 20 26 10 33 24 30 24 31 11 41 19 21 22 27 23 35 23 17 9 34 27 21 32 12 23 26 26 18 17 23 26 15 21 28 11 26 15 
23 18 26 21 30 17 16 18 19 24 26 32 31 22 15 20 24 22 18 26 20 34 22 30 20 26 16 40 7 27 30 35 21 19 19 26 33 31 14 30 27 9 34 12 24 18 20 49 28 14 24 23 27 27 33 17 26 14 34 46 27 33 25 25 15 23 29 29 16 17 24 26 44 36 24 28 23 12 13 12 22 14 10 20 15 27 19 21 24 26 
28 15 20 34 22 14 21 11 9 17 19 35 35 21 24 22 16 31 13 11 16 20 10 23 24 28 23 30 28 27 17 28 21 18 21 12 27 18 22 28 23 14 24 25 24 14 11 31 15 19 29 11 23 28 24 21 10 18 18 38 30 34 28 24 30 24 31 26 19 17 28 28 20 27 30 22 19 25 15 21 13 19 15 25 25 27 23 18 24 31 
23 14 18 24 28 29 26 14 26 13 16 25 33 38 29 26 21 35 18 22 26 23 22 18 24 21 31 26 16 10 27 38 21 14 14 21 27 22 30 22 26 27 25 19 25 5 34 31 13 21 25 15 30 23 19 22 13 8 20 17 32 30 23 15 27 21 21 32 19 14 26 27 19 23 22 25 20 29 19 23 15 22 14 18 25 32 23 19 27 19 
32 14 24 21 34 30 20 25 27 13 20 12 38 19 28 17 20 37 24 22 35 26 12 23 23 32 28 15 22 25 28 31 25 13 12 14 16 27 20 34 15 22 29 26 22 18 29 40 24 20 30 23 18 35 7 19 29 17 37 20 21 40 27 31 30 12 25 28 31 19 19 14 41 17 24 19 22 22 16 20 19 23 23 33 20 21 28 13 18 13 
27 14 22 28 25 21 22 27 18 13 22 30 35 28 50 17 20 20 17 25 28 23 21 27 23 25 33 40 19 30 45 27 18 23 23 18 15 38 15 22 41 25 18 16 23 11 24 34 11 10 21 20 21 21 25 22 28 12 28 20 29 46 14 21 24 23 30 31 22 27 19 27 29 14 17 23 22 31 18 10 16 21 19 19 28 25 21 19 7 33 
23 22 19 21 21 27 20 23 34 13 22 17 19 39 26 20 26 25 29 27 24 30 14 30 25 28 30 41 15 22 17 27 23 20 19 16 18 29 19 25 24 9 34 17 21 19 38 37 14 22 21 21 31 37 25 18 26 18 21 40 32 40 27 14 30 20 17 18 18 31 24 41 25 11 24 26 21 28 15 17 11 18 17 20 14 31 25 21 14 27 
29 14 36 17 25 26 22 19 22 21 15 30 27 28 24 26 26 27 23 17 12 23 19 22 17 29 28 28 25 12 31 17 18 17 21 16 24 29 20 25 17 29 29 18 24 11 31 44 26 22 23 22 32 15 24 28 27 14 15 29 28 39 24 20 33 12 25 28 21 24 36 19 40 20 24 21 18 23 19 17 20 22 11 10 17 15 29 24 25 26 
16 9 31 17 42 27 15 27 26 28 10 21 41 20 25 18 23 20 27 23 19 22 21 19 25 31 35 40 22 22 43 32 26 5 16 12 25 31 6 15 20 23 28 19 16 17 17 36 22 23 42 12 24 23 20 27 29 16 40 23 27 33 29 17 35 27 32 31 23 12 34 24 17 14 21 14 17 18 9 22 15 17 6 28 23 39 22 18 25 27 
29 26 31 32 34 26 22 28 22 23 22 33 22 19 24 16 22 35 26 26 20 29 13 30 25 17 35 21 5 19 24 32 20 20 12 19 18 25 19 41 25 19 25 22 39 12 38 40 18 22 21 23 22 21 23 20 30 18 27 26 29 32 24 20 26 22 35 35 19 18 17 25 26 22 10 19 29 31 17 23 17 22 20 20 28 16 29 21 21 17 
35 11 35 32 24 28 18 17 20 17 25 20 22 27 31 15 14 37 23 16 19 37 32 27 18 21 27 24 19 21 41 38 14 17 14 12 40 30 14 39 34 18 15 23 18 11 26 41 22 16 17 35 17 16 25 26 34 12 30 31 24 42 21 16 26 25 29 18 18 23 26 21 27 12 25 19 21 28 16 23 17 14 17 24 31 40 24 11 24 14 
29 5 21 18 26 28 13 9 24 21 25 27 36 35 34 25 33 31 28 27 20 22 26 35 22 19 27 19 19 17 44 23 10 17 24 21 25 30 7 22 35 21 26 17 31 20 37 32 16 22 32 24 37 18 19 20 15 11 23 21 12 38 22 10 34 19 26 15 16 12 34 17 37 13 15 14 15 32 9 16 22 25 19 23 31 35 23 11 21 35 
17 3 18 16 26 35 12 24 13 24 24 46 35 29 14 22 18 13 30 18 31 20 16 24 17 23 25 29 20 14 24 22 31 17 18 18 26 19 18 13 26 23 25 22 22 23 31 15 19 22 16 22 28 21 32 13 46 9 23 35 26 40 22 10 25 18 51 19 18 33 27 30 27 23 13 11 22 29 11 18 14 17 17 27 16 27 22 16 25 22 
34 20 21 27 19 15 18 23 14 13 19 27 29 15 37 21 9 17 17 52 35 31 17 23 28 42 35 44 23 32 36 34 22 18 26 27 17 24 21 21 12 20 35 14 25 12 28 32 22 15 30 17 28 21 37 18 52 14 23 38 24 19 26 23 16 21 22 35 22 26 18 23 27 28 21 18 21 20 17 8 25 31 17 27 25 29 20 15 20 22 
19 10 23 11 14 33 9 30 26 20 23 38 39 40 14 17 23 27 9 31 17 18 16 16 10 18 17 32 15 30 14 19 23 9 16 15 35 38 14 34 14 13 39 24 25 7 47 37 23 16 19 14 12 36 27 20 30 12 29 33 10 38 23 19 34 23 41 31 19 18 38 21 38 21 27 26 18 23 16 21 17 23 22 30 18 20 23 17 19 28 
21 15 24 22 24 24 26 34 15 18 25 28 35 24 35 21 13 29 24 32 22 33 24 27 11 28 30 31 26 29 36 26 34 14 13 16 27 23 18 37 22 10 33 28 31 16 32 24 24 12 32 21 28 24 28 25 34 14 37 24 33 16 41 16 19 24 34 31 19 20 19 27 31 11 23 25 20 33 12 24 22 25 22 16 29 26 18 19 17 12 
22 20 25 20 37 36 22 24 16 20 14 32 13 20 35 24 8 36 18 24 24 20 13 24 16 19 30 21 24 39 46 39 33 8 18 18 36 23 24 24 37 25 16 26 27 20 31 19 15 16 34 24 23 15 21 27 34 21 20 32 15 37 35 26 35 19 21 26 24 15 14 27 23 24 27 16 26 26 12 22 18 17 15 14 11 33 25 22 27 24 
17 16 18 20 28 30 12 15 31 18 23 28 23 24 35 13 18 27 18 35 19 32 14 24 17 8 29 15 22 17 35 28 15 10 26 20 17 28 18 38 22 14 27 20 19 19 29 43 19 14 17 4 21 21 24 17 43 19 22 34 31 23 40 16 30 21 32 19 15 20 38 28 34 34 26 22 19 28 17 23 25 16 19 26 16 24 16 20 18 30 
27 11 18 21 28 35 12 28 27 15 19 23 25 23 21 21 15 27 22 26 18 21 25 23 17 23 18 31 34 14 31 34 21 16 22 15 34 23 24 41 14 17 27 28 17 16 31 23 30 23 29 30 26 33 25 16 13 11 29 22 13 36 35 18 26 29 28 25 28 26 29 29 34 30 26 23 16 17 16 30 15 16 22 9 28 33 28 13 20 14 
24 13 37 22 7 23 15 30 16 25 11 31 40 38 15 20 28 20 20 29 33 45 18 20 13 36 29 28 17 15 28 35 22 17 16 18 16 39 19 28 22 15 22 25 29 18 34 40 19 17 31 25 19 14 19 23 32 13 30 18 32 22 25 33 30 18 31 40 25 24 27 10 41 16 18 19 31 37 19 35 25 19 14 28 26 38 14 23 25 33 
23 13 32 25 26 27 16 26 21 10 26 25 21 43 26 23 19 18 24 26 15 31 26 31 30 14 23 29 23 25 35 19 12 15 10 22 22 36 21 29 24 24 23 24 35 15 28 32 23 24 27 17 28 14 29 16 26 13 26 20 18 40 25 24 14 14 31 32 21 26 31 45 21 21 32 16 13 32 20 10 30 22 13 20 20 22 21 20 14 28 
37 10 2 16 23 15 10 24 19 19 17 21 35 31 38 18 14 16 12 12 19 13 24 3 24 26 34 31 13 23 28 12 16 29 12 18 30 22 12 42 36 26 34 16 20 10 36 34 20 21 16 21 19 12 23 22 47 11 12 31 30 26 24 20 40 19 30 19 25 31 31 18 36 25 20 27 12 24 13 15 15 18 26 21 26 20 29 21 18 20 
36 11 19 18 17 43 22 17 24 24 25 28 33 31 39 15 11 30 24 13 22 26 20 28 28 30 20 23 24 33 29 33 13 15 28 17 31 33 18 35 23 24 24 19 29 18 22 19 21 17 34 11 33 19 32 21 22 14 19 24 37 30 15 24 25 20 23 34 23 23 26 30 14 33 17 32 25 25 17 29 16 25 16 22 29 50 14 11 18 29 
21 19 27 16 24 20 20 12 21 6 24 34 28 16 21 12 28 22 23 31 19 35 24 21 22 21 18 31 18 29 35 35 28 13 15 12 23 30 15 27 25 20 22 19 24 20 27 26 20 11 21 22 24 14 31 9 40 19 35 32 25 20 15 21 26 16 30 13 29 22 31 22 16 20 29 17 28 12 12 24 13 13 15 27 19 37 32 21 24 25 
33 17 14 12 20 27 12 18 15 20 23 1 23 33 32 10 15 40 16 20 21 31 17 20 19 36 33 20 17 24 30 37 31 23 18 16 23 34 19 12 35 15 19 22 33 27 21 39 23 10 24 20 29 21 22 29 27 22 35 39 22 50 23 10 19 19 23 10 16 19 40 25 39 17 16 30 22 22 18 19 17 15 31 17 23 16 36 23 10 17 
16 14 23 12 19 31 16 22 14 18 17 34 27 30 26 25 26 21 18 38 20 30 22 23 7 31 31 37 19 21 26 17 22 23 15 9 28 23 22 25 19 19 32 30 36 17 33 21 29 20 31 17 18 26 33 15 32 20 16 31 30 47 20 18 32 20 24 31 17 4 34 20 28 34 26 19 14 21 17 15 23 21 17 7 22 20 26 12 23 29 
29 19 29 18 24 34 14 25 31 22 19 31 21 26 18 17 14 20 20 20 22 47 14 25 30 23 36 29 25 30 28 15 21 13 22 17 45 40 28 16 27 29 19 20 26 17 33 23 16 16 27 25 25 15 38 20 25 17 33 35 15 34 22 17 31 19 23 21 28 9 23 35 35 26 19 34 25 31 14 8 18 24 21 16 22 32 21 23 16 9 
30 19 23 28 28 31 21 29 28 20 24 6 27 41 29 26 27 34 20 28 16 31 14 27 14 37 24 26 26 10 17 37 17 23 17 16 26 22 20 46 32 18 24 26 25 13 29 31 22 26 35 18 13 21 25 5 34 10 29 34 28 25 19 16 26 32 28 22 33 22 23 21 44 29 19 32 30 23 20 22 15 16 18 27 36 45 23 18 24 28 
28 8 22 34 25 21 26 16 18 19 16 33 32 36 44 19 31 35 18 29 22 21 20 24 19 22 34 32 24 21 27 29 4 21 12 11 31 26 31 22 31 20 23 6 31 5 33 30 18 19 37 24 22 35 35 20 29 11 12 32 19 24 29 25 35 20 25 31 24 14 30 17 28 21 14 17 13 35 22 13 16 14 27 27 19 27 16 22 15 29 
22 17 23 21 37 28 17 16 14 23 13 22 35 30 22 28 18 36 24 32 28 19 23 12 24 25 23 39 7 15 19 26 15 18 12 19 32 24 16 40 24 29 22 22 22 21 31 32 23 20 28 16 33 17 17 16 39 20 32 32 19 24 13 21 18 24 28 23 32 24 30 16 28 25 26 18 23 29 19 17 20 23 22 24 23 27 11 19 27 34 
32 10 24 17 17 33 16 18 27 11 21 20 18 35 22 18 22 26 27 25 22 35 20 22 17 28 29 22 20 20 27 45 17 20 17 23 25 30 7 29 25 16 30 25 34 25 36 24 17 22 25 14 29 15 13 18 29 17 18 32 13 23 19 19 30 19 29 24 17 14 30 35 53 21 20 7 20 26 23 25 18 9 17 17 29 24 17 17 25 29 
21 23 22 25 15 26 16 20 21 18 18 32 71 23 33 30 22 12 19 17 22 21 11 19 32 17 27 37 18 17 27 22 30 19 13 10 23 31 22 16 28 14 35 25 20 13 44 39 14 16 32 26 27 26 26 28 43 22 27 32 20 24 21 21 23 26 28 20 23 13 26 33 46 19 21 33 29 20 13 16 21 18 14 20 20 35 36 9 20 36 
31 13 29 16 19 20 14 18 24 17 8 23 10 30 24 17 11 32 16 16 28 17 9 18 26 17 43 28 27 9 22 17 30 13 19 22 27 25 20 39 24 12 30 18 34 20 40 28 27 24 48 20 27 31 31 21 38 18 16 47 25 30 27 21 47 21 24 35 20 24 37 26 40 13 16 23 22 15 20 14 16 17 19 20 28 31 17 15 18 20 
29 19 5 23 25 19 14 16 20 22 18 23 18 29 4 25 19 24 18 17 22 21 9 21 29 21 33 27 11 12 15 15 18 18 28 24 35 30 28 18 18 12 18 20 14 19 24 32 18 19 29 10 36 25 20 16 32 15 33 26 19 32 23 15 21 17 32 22 25 17 26 21 28 16 19 28 17 8 18 25 13 17 20 32 18 35 16 16 25 24 
30 15 30 26 26 28 32 17 12 26 22 30 21 25 26 19 21 24 24 31 27 22 30 28 18 32 43 29 26 13 26 33 13 12 17 14 39 27 24 39 16 19 18 20 26 21 22 21 24 11 32 20 21 21 37 20 23 14 13 22 20 29 30 21 30 22 23 38 25 19 40 46 39 14 27 22 10 26 12 19 21 24 16 20 15 24 23 21 21 20 
28 12 21 30 23 17 20 32 13 20 17 19 38 28 33 25 13 25 23 21 32 39 24 21 16 31 29 28 32 24 46 17 17 17 18 14 30 10 21 28 32 21 18 14 26 15 22 42 21 5 21 10 3 19 22 14 36 21 24 29 36 30 17 17 34 20 26 22 17 34 31 21 29 7 24 15 24 18 12 20 17 17 21 22 26 40 18 21 23 27 
33 24 33 30 29 16 14 22 18 27 24 36 46 32 42 17 15 28 25 37 22 23 24 26 14 16 42 25 17 24 50 25 21 13 15 26 38 34 14 42 29 5 27 14 20 22 39 18 15 17 11 14 18 23 28 20 29 13 32 27 25 27 27 16 40 30 19 23 27 22 30 19 21 22 23 28 15 19 16 16 14 15 23 21 16 26 26 19 22 36 
24 19 19 22 30 25 16 11 19 14 17 20 29 24 40 19 14 32 25 9 20 28 16 32 12 42 17 28 14 22 34 23 26 10 21 18 34 33 16 24 15 26 22 18 25 15 28 27 15 16 27 15 29 20 14 25 33 19 30 27 24 37 26 24 19 20 33 29 22 21 28 39 42 21 21 21 15 28 17 27 26 15 21 17 15 20 11 24 22 38 
35 18 30 20 29 39 18 30 12 20 8 30 45 29 41 17 12 29 15 35 21 34 23 10 25 21 23 22 12 18 39 16 28 24 24 10 28 18 29 27 24 18 27 22 22 16 26 38 25 22 35 28 32 21 24 23 34 23 28 33 20 33 31 20 40 27 25 24 23 19 28 21 24 15 19 26 22 27 21 19 17 26 25 34 21 25 32 23 27 40 
28 18 14 18 23 24 17 20 22 24 14 25 25 27 25 19 28 33 22 28 17 28 14 21 17 25 24 35 25 28 26 39 26 24 24 19 26 26 20 24 23 25 28 15 23 14 27 43 12 15 25 23 21 30 36 16 26 14 37 38 27 18 22 21 31 18 40 21 22 28 35 14 27 16 19 11 18 29 13 7 19 16 15 26 26 25 35 15 20 23 
24 22 10 11 33 15 16 24 31 11 9 31 16 17 32 24 24 26 27 13 20 29 25 18 23 23 21 25 25 26 38 34 16 17 23 21 20 39 15 27 23 25 34 21 33 13 23 44 17 21 41 18 19 28 40 17 28 17 25 43 28 41 35 17 27 25 33 10 13 33 27 48 35 18 28 16 15 33 13 17 23 26 18 32 24 32 26 7 31 34 
24 6 27 30 25 32 27 14 20 17 21 19 19 30 33 17 25 18 17 28 20 43 28 16 19 21 27 32 16 25 33 34 25 16 25 15 16 22 14 29 24 19 31 18 23 14 25 30 23 22 26 16 18 16 17 20 27 10 29 29 32 26 36 13 14 18 24 26 19 20 38 24 36 22 18 25 16 20 16 23 24 13 15 14 25 35 29 19 22 33 
32 10 13 33 28 19 16 28 22 20 15 32 32 14 31 26 16 38 26 20 15 33 18 21 14 28 31 23 18 26 27 31 20 17 28 21 31 11 19 34 16 16 29 22 28 11 17 27 22 14 27 22 29 32 25 14 26 14 30 31 16 39 27 12 6 15 10 20 24 21 15 28 25 13 19 27 19 22 12 18 16 21 11 27 19 33 26 11 21 25 
32 19 27 21 45 35 14 17 22 23 19 27 33 33 30 15 19 24 23 32 28 26 14 22 22 25 24 25 21 30 15 30 19 15 27 21 49 42 28 32 16 16 13 30 34 18 19 23 20 11 33 24 27 22 19 23 20 13 34 28 22 29 32 20 36 24 29 31 30 13 26 32 23 22 11 27 21 29 12 20 16 25 11 17 34 35 15 19 14 32 
12 20 23 29 10 37 13 27 18 18 18 37 28 45 35 20 23 29 23 24 25 28 11 17 21 32 27 34 22 16 31 35 22 18 21 20 25 31 18 34 22 20 21 22 18 21 24 17 22 17 47 12 24 22 32 25 32 15 20 23 27 24 25 19 30 19 23 23 21 28 37 5 40 13 23 10 21 22 17 23 20 17 13 29 20 24 34 12 24 15 
32 13 27 30 38 30 10 28 28 26 18 34 19 34 28 21 14 31 28 20 20 47 20 26 28 20 41 28 22 23 10 21 12 6 7 13 37 14 19 25 23 18 33 22 26 18 37 21 17 21 35 24 22 21 40 18 40 17 31 45 18 26 16 23 31 23 30 24 28 21 21 26 30 21 37 25 22 35 14 22 18 23 28 26 14 44 19 20 25 14 
32 15 19 16 38 40 19 17 24 30 23 24 39 21 33 21 22 16 25 32 20 28 26 23 25 27 24 30 14 28 38 22 24 19 12 20 36 34 20 26 20 26 33 23 21 13 43 26 18 9 28 26 28 26 26 13 16 15 20 34 23 26 27 17 31 19 35 38 10 16 20 21 30 18 24 19 20 27 16 21 10 15 24 35 28 42 29 22 21 27 

MachineCapacities:
MachineID Capacity
0 10
1 10
2 10
