NumTasks NumMachines NumScenarios
30 3 50
TaskDetails:
TaskID ReleaseTime ResourceConsumption SuccessorsCount Successors...
0 0 4 5 1 1 3 
1 0 5 9 2 2 2 5 
2 0 9 8 9 1 4 
3 0 7 2 6 1 4 
4 0 8 7 8 2 6 7 
5 0 8 6 1 4 7 8 9 11 
6 0 9 9 6 4 8 9 11 13 
7 0 8 3 3 2 10 12 
8 0 3 9 5 1 12 
9 0 7 6 6 1 12 
10 0 7 4 2 2 13 14 
11 0 10 5 6 2 15 16 
12 0 4 8 10 2 14 15 
13 0 8 4 4 2 15 16 
14 0 4 3 9 1 16 
15 0 10 9 5 0 
16 0 7 5 9 0 
17 0 4 4 2 1 22 
18 0 4 6 4 1 19 
19 0 5 10 5 2 20 21 
20 0 10 5 6 1 23 
21 0 3 1 2 1 22 
22 0 8 2 8 1 23 
23 0 9 4 5 2 24 25 
24 0 4 9 4 2 26 27 
25 0 2 6 5 1 26 
26 0 3 4 4 2 28 29 
27 0 1 4 8 1 29 
28 0 4 10 7 0 
29 0 10 5 6 0 

25 18 22 19 18 20 22 14 12 8 41 23 20 27 12 28 9 28 23 21 33 41 12 21 21 29 29 19 22 32 23 21 26 36 32 18 29 13 22 12 21 40 16 16 53 37 10 31 18 28 25 41 22 24 15 27 17 38 30 34 28 34 13 16 27 25 25 23 29 21 18 12 28 21 17 38 18 16 26 28 20 32 8 9 25 19 23 18 43 16 
19 23 29 18 25 15 22 15 16 23 25 24 29 21 17 29 19 34 29 24 26 18 20 21 27 27 15 24 12 20 30 30 22 24 24 24 23 13 20 27 19 34 16 38 23 15 29 25 16 21 24 29 19 28 18 20 19 46 18 38 21 21 23 7 23 17 22 28 24 32 24 18 37 33 15 14 21 32 40 23 23 23 19 24 41 12 8 25 24 16 
30 12 23 31 23 30 42 15 13 13 30 11 20 31 15 29 14 29 27 23 35 18 19 29 23 25 19 17 23 16 27 20 36 20 20 18 13 20 27 28 31 38 21 30 35 10 28 22 8 25 29 26 26 15 16 8 25 27 27 30 30 23 17 20 32 11 33 15 33 17 18 15 26 30 15 29 18 27 34 16 14 19 27 13 28 10 20 20 8 15 
12 12 14 17 22 27 38 17 12 23 32 28 14 24 16 27 23 22 17 24 34 15 12 20 23 28 15 17 23 26 20 18 27 17 21 17 27 26 21 25 16 33 13 45 36 23 42 23 23 24 20 25 24 15 10 31 22 28 28 17 20 9 9 13 29 16 23 23 33 17 22 15 26 25 16 14 8 29 20 30 10 30 22 18 14 25 13 19 37 17 
29 21 17 17 33 30 34 8 21 18 23 20 21 32 11 23 19 17 7 20 30 39 17 25 22 26 14 20 16 26 29 33 23 22 21 35 18 16 20 21 21 25 18 29 38 32 27 25 30 29 25 22 25 36 13 31 24 32 25 28 39 35 21 12 43 20 27 16 24 31 14 9 20 29 17 27 21 22 32 25 18 23 23 17 24 25 23 26 39 18 
23 13 27 19 16 22 35 19 13 14 17 24 20 28 14 18 12 31 16 31 22 27 14 18 20 16 15 23 32 12 22 23 28 24 20 23 27 17 19 31 13 33 17 33 31 16 16 20 21 30 11 26 24 13 17 32 23 33 24 22 19 22 17 20 14 24 37 20 10 22 29 15 30 23 13 17 16 28 34 32 25 29 15 23 29 20 35 17 30 22 
34 27 18 34 26 30 36 13 19 8 42 23 18 14 11 23 18 29 15 20 34 22 14 15 26 44 14 12 16 19 26 21 22 21 16 11 16 21 22 32 18 42 11 25 12 30 19 19 22 14 25 17 22 21 14 30 30 33 20 30 31 20 19 12 21 27 22 20 26 29 30 14 28 29 9 35 21 26 26 18 11 24 31 13 15 25 26 16 22 19 
25 21 18 27 16 31 25 21 13 21 21 15 25 13 19 12 13 21 25 22 44 32 16 21 24 31 22 25 34 27 20 22 33 23 26 26 22 18 25 38 25 17 16 28 30 30 38 12 20 24 16 21 18 18 16 26 19 14 18 37 19 27 20 17 31 16 29 18 16 20 21 10 34 29 21 34 6 31 28 21 28 26 27 22 42 18 14 21 23 16 
24 13 23 18 14 19 40 18 20 20 25 8 24 30 17 24 10 26 26 25 29 22 20 23 25 18 26 21 27 26 15 26 11 26 17 17 31 26 19 23 20 30 14 29 44 23 29 37 20 18 22 27 17 27 15 39 24 27 27 25 26 20 28 11 33 13 28 21 21 27 25 16 18 30 16 22 15 39 26 20 11 26 30 14 26 16 21 23 21 29 
24 8 23 26 20 13 27 14 17 19 29 12 20 38 15 28 21 33 26 31 41 20 10 29 24 36 19 26 34 22 27 30 16 31 13 40 33 33 25 30 23 40 16 22 16 23 29 35 26 10 26 28 31 25 21 19 22 39 20 33 25 29 18 18 15 7 18 18 21 34 35 18 25 31 22 34 21 22 18 29 15 17 23 11 25 21 21 15 32 20 
22 16 9 25 24 24 41 12 9 21 21 15 24 15 14 23 15 21 26 21 16 28 19 17 19 24 25 24 26 18 29 18 21 29 16 22 35 28 16 38 17 37 14 22 8 23 27 31 23 36 23 19 18 10 20 25 22 34 20 32 16 15 14 15 19 19 28 27 19 26 21 14 26 31 16 35 18 21 35 25 15 21 26 22 12 16 36 11 44 22 
19 14 29 18 17 28 37 20 19 28 28 11 21 14 6 31 18 24 17 26 36 28 14 15 14 18 25 29 38 30 25 22 14 32 36 24 26 22 15 32 15 39 14 19 25 23 26 27 25 23 18 17 17 20 12 28 23 13 16 40 25 35 18 16 23 34 28 29 21 35 17 16 25 29 16 31 19 26 32 23 13 22 23 20 22 22 17 16 29 31 
18 7 29 15 31 22 10 15 14 14 29 14 21 25 15 22 18 17 24 22 32 36 17 18 25 21 23 14 38 18 22 38 24 31 19 15 36 22 16 39 23 21 22 24 21 35 39 23 16 24 20 24 33 27 13 28 21 15 21 35 37 23 17 12 20 9 28 23 23 16 32 13 19 24 19 18 14 29 21 35 9 16 24 17 12 15 16 21 15 21 
19 14 18 22 23 21 34 15 12 13 27 15 16 28 15 27 16 23 22 5 39 19 17 25 33 29 12 23 15 15 10 33 17 31 17 22 21 27 19 23 22 23 19 15 39 28 33 23 17 27 23 23 19 21 9 34 22 25 29 41 21 30 23 15 23 27 24 29 27 22 27 16 16 18 16 42 17 27 20 31 13 20 15 15 22 18 20 26 31 15 
19 18 28 31 26 22 24 24 19 24 24 20 21 29 22 28 11 32 28 21 42 26 8 25 28 36 19 21 43 24 27 27 24 36 17 28 22 24 20 22 18 28 17 21 14 23 18 31 28 16 28 14 16 24 22 18 20 16 25 28 28 37 11 15 17 15 18 17 15 29 10 18 21 29 12 19 19 32 29 23 13 20 16 20 30 10 35 17 32 27 
15 22 21 17 18 15 25 15 9 21 11 11 20 37 19 28 19 26 29 17 21 28 9 26 24 37 20 16 28 24 28 28 20 25 22 36 17 25 29 21 17 29 18 18 39 30 27 24 24 38 28 24 36 25 21 27 25 25 22 23 32 21 16 9 21 26 32 23 25 16 28 12 23 28 15 48 13 24 23 17 18 20 25 22 19 20 23 22 22 19 
22 7 19 25 19 23 31 17 14 25 24 13 16 38 13 27 14 39 15 30 23 24 18 25 25 26 20 14 30 18 27 34 30 28 12 48 35 30 12 22 25 33 27 29 30 27 41 17 19 21 13 28 11 17 14 12 19 34 30 27 25 30 20 12 28 17 28 31 8 27 15 14 26 39 23 25 18 17 22 24 11 12 24 16 30 11 38 15 45 26 
15 15 24 18 18 15 35 15 12 15 8 22 15 30 12 32 9 19 30 21 28 36 16 28 17 22 13 10 26 15 32 22 22 20 20 21 22 16 16 23 17 34 15 35 19 34 38 14 24 28 24 15 20 20 8 25 16 23 31 23 28 9 19 14 49 21 45 21 12 37 27 15 25 22 21 21 16 17 33 22 25 27 28 13 29 15 31 24 27 27 
27 15 24 29 18 30 44 21 13 21 28 19 19 15 15 20 10 18 17 30 30 8 13 23 33 17 19 29 28 17 23 22 18 36 24 17 28 29 18 30 22 33 22 34 30 30 19 16 26 28 12 26 16 13 20 22 10 12 16 38 28 24 21 15 33 21 21 22 25 38 37 10 18 22 26 27 22 16 16 26 16 20 22 13 24 14 41 22 29 14 
24 16 15 22 18 15 21 10 16 23 39 15 16 31 19 22 16 21 14 33 31 38 14 21 31 29 17 29 31 13 36 22 24 26 28 31 24 15 21 27 17 27 19 35 19 22 36 26 22 22 23 21 28 17 17 18 16 12 7 12 27 13 15 15 19 24 40 28 19 31 22 16 35 33 14 32 17 37 33 19 10 18 13 20 25 17 25 16 27 13 
20 10 27 18 31 28 19 13 11 13 14 29 9 52 25 19 17 21 22 22 27 31 18 30 15 26 28 35 27 10 19 26 24 29 24 40 30 20 22 19 18 26 18 30 23 20 15 39 34 19 15 28 31 32 18 33 15 27 15 26 24 24 19 11 31 27 19 29 10 16 21 12 16 27 13 22 16 22 25 31 24 17 17 14 23 14 29 21 20 11 
22 20 22 21 28 31 9 5 14 21 29 17 23 20 10 31 15 25 24 22 35 19 18 22 22 26 11 27 35 22 17 26 33 24 35 24 23 35 32 34 25 17 29 21 37 29 25 22 31 29 19 21 23 16 19 29 18 24 28 26 26 39 13 19 26 21 30 28 23 33 33 13 29 18 17 26 12 19 20 18 21 25 21 13 15 15 22 29 26 22 
15 14 11 15 15 18 26 16 23 20 11 17 16 39 6 26 13 27 30 29 29 38 20 22 21 33 26 23 24 15 17 22 21 32 17 24 21 21 26 42 18 32 11 20 30 26 17 12 17 14 18 22 23 7 16 21 17 35 19 34 28 23 19 8 31 19 12 18 18 24 10 17 24 29 16 41 16 29 25 18 15 20 21 16 38 21 27 19 25 17 
25 12 19 26 26 27 37 11 9 18 22 10 18 33 23 30 20 26 21 28 21 36 15 31 24 27 14 33 23 19 30 33 19 21 14 38 30 20 24 12 14 27 16 36 29 27 33 28 17 12 27 18 19 24 19 27 17 24 21 29 22 16 24 18 25 27 25 30 27 30 13 10 26 31 22 38 24 26 19 25 18 23 23 21 29 14 35 23 27 16 
17 20 22 19 24 40 31 11 13 20 17 18 23 19 15 18 16 20 20 19 16 26 13 21 26 32 11 27 28 28 37 30 18 27 25 9 26 19 18 29 19 36 15 16 38 34 33 30 9 26 13 22 27 23 15 31 26 16 25 30 30 35 19 20 31 17 19 30 17 23 38 19 21 24 24 23 23 21 29 36 13 22 20 25 31 24 34 14 29 15 
24 23 15 11 23 30 33 11 16 21 27 20 18 30 22 25 12 22 21 36 17 18 15 25 19 30 20 21 28 21 26 20 22 32 19 18 41 9 26 19 19 20 15 30 31 22 34 27 23 21 24 21 19 30 15 30 11 38 19 32 23 23 22 12 35 16 26 40 27 19 29 16 16 37 11 23 20 27 13 34 12 31 24 15 28 23 33 21 35 24 
23 20 18 29 30 13 44 12 19 24 16 27 17 25 10 22 14 24 27 36 24 24 17 10 27 20 13 31 25 20 34 16 24 29 22 30 20 19 23 24 18 33 9 36 29 22 34 29 19 20 32 24 30 37 16 5 18 28 35 13 36 28 20 20 39 24 32 22 23 22 36 6 15 29 19 21 10 27 21 23 18 21 33 19 31 13 19 21 14 17 
27 24 6 30 23 26 15 15 18 13 34 9 24 23 22 15 17 32 32 22 36 24 21 27 21 35 23 21 34 27 30 28 18 30 19 30 18 18 17 16 23 28 21 12 41 23 42 37 15 17 18 20 27 17 12 19 8 27 38 21 26 20 19 17 18 4 41 30 21 32 33 20 25 8 22 32 18 19 22 17 16 22 19 15 21 19 23 23 33 21 
17 16 8 20 19 40 29 16 10 11 26 25 18 30 20 20 11 9 20 24 30 20 20 31 25 25 13 7 27 22 35 24 24 24 37 20 22 12 17 20 15 34 23 18 9 15 19 9 23 28 30 29 30 19 9 18 17 20 46 26 30 3 15 12 19 20 37 24 23 27 38 17 27 32 12 48 19 19 22 24 14 23 24 20 20 13 29 17 34 24 
17 24 19 28 26 11 38 7 20 27 15 14 19 26 15 21 14 26 16 25 25 19 20 23 18 41 20 22 23 23 20 19 17 24 31 15 23 19 15 32 28 35 14 20 48 32 23 23 35 25 12 23 20 26 23 25 9 30 21 39 14 23 18 19 22 21 24 19 16 18 19 16 32 23 11 35 18 16 15 25 14 18 22 17 27 16 47 11 38 15 
21 21 20 14 22 27 36 13 18 27 34 17 18 38 14 31 10 16 26 25 11 23 17 25 19 28 23 26 29 23 37 23 25 23 34 30 38 27 16 24 18 27 21 23 21 24 19 29 23 16 19 25 35 25 12 37 16 28 34 23 17 19 16 14 17 28 37 34 12 31 35 13 20 28 17 58 17 26 37 17 21 18 23 20 30 13 19 16 47 22 
25 15 23 22 21 34 21 11 13 18 27 10 24 35 9 24 25 20 37 18 28 23 15 32 20 24 16 19 36 18 24 33 24 28 31 34 36 12 30 23 13 28 19 17 32 39 40 38 23 25 20 22 27 25 16 31 23 24 35 35 25 16 19 18 38 18 48 27 16 29 21 18 23 29 19 27 9 19 41 24 14 24 23 19 26 21 34 20 33 18 
24 22 17 17 18 27 30 15 17 27 18 27 18 17 14 30 9 22 22 29 37 19 13 25 23 25 17 22 22 21 36 26 25 25 23 36 27 20 18 17 16 26 19 30 19 19 22 23 22 22 15 19 25 22 13 25 18 19 28 29 25 23 27 18 33 26 23 27 26 39 33 12 20 21 17 37 13 36 30 26 13 17 31 11 23 19 10 18 29 21 
28 20 13 18 19 20 31 22 18 17 38 29 25 33 17 29 13 23 31 33 25 21 15 21 23 28 15 11 34 19 26 34 13 14 28 33 18 10 26 25 23 38 16 32 20 16 26 18 19 37 14 23 22 29 11 30 16 26 26 27 27 25 16 11 27 25 39 24 25 29 37 17 31 19 4 28 21 34 32 22 12 29 12 18 18 22 37 18 17 20 
21 7 24 6 37 22 25 11 17 19 34 24 20 25 18 35 14 11 24 30 27 21 14 27 21 25 16 23 33 36 16 18 24 41 24 28 21 22 20 19 19 25 17 33 27 34 30 32 18 24 17 25 30 22 19 37 17 27 36 25 18 36 9 17 20 10 28 20 25 20 43 19 27 18 23 29 19 20 22 22 12 14 21 16 29 20 42 23 21 11 
27 7 24 29 31 29 30 19 17 11 22 15 8 30 17 23 23 25 29 19 47 30 20 26 18 35 26 17 13 28 16 17 12 25 31 30 33 20 18 37 17 26 15 31 24 10 39 31 12 24 27 36 26 22 16 40 16 24 25 28 32 21 20 17 25 20 30 31 27 28 46 16 23 20 18 45 20 17 20 14 11 16 18 14 30 16 14 19 31 20 
24 16 18 16 19 22 16 12 17 22 20 14 21 23 17 27 19 17 17 27 33 35 18 31 33 9 28 24 28 10 19 36 20 34 21 32 15 22 18 20 16 28 19 28 17 14 35 17 29 12 18 10 13 33 13 24 22 18 37 34 17 19 18 16 8 18 32 27 21 35 30 17 21 20 18 25 19 13 29 26 19 28 20 20 26 12 28 9 23 11 
13 9 12 38 21 21 28 18 20 29 16 21 24 31 9 31 10 24 30 21 38 18 16 20 24 25 26 24 30 26 42 30 26 37 6 14 2 27 13 35 20 31 19 19 38 23 47 43 24 23 20 25 12 10 18 17 11 36 24 23 31 35 26 9 31 19 23 16 18 29 17 16 31 27 20 40 16 24 11 19 12 25 24 20 28 23 16 27 27 34 
10 13 19 26 23 28 31 10 17 19 36 15 16 35 21 27 15 27 25 23 38 29 14 29 24 29 13 22 28 10 37 35 20 28 22 24 25 14 28 45 19 28 14 22 29 28 27 23 25 24 18 22 24 22 19 23 20 27 28 18 22 18 19 12 26 25 27 16 23 38 27 9 22 33 11 47 7 30 37 29 13 32 11 11 19 17 30 9 26 27 
23 16 16 21 18 25 40 16 18 23 15 18 18 36 16 22 15 24 22 13 43 27 17 20 17 23 18 28 22 25 13 14 8 23 22 8 17 21 13 28 14 36 20 35 29 21 16 10 20 25 26 28 27 42 14 24 31 28 37 25 31 23 18 15 24 23 46 15 33 17 29 16 29 18 18 38 13 22 23 37 5 29 27 13 22 18 38 17 21 26 
19 19 21 22 20 24 16 17 15 14 22 6 16 26 12 25 9 24 25 18 25 17 21 17 26 21 28 13 26 9 21 18 17 19 27 25 20 19 17 20 11 38 24 34 7 31 28 22 20 27 30 24 29 24 18 24 18 27 21 29 26 24 22 19 24 22 29 18 18 12 29 8 26 11 21 29 11 17 16 18 20 16 20 18 31 21 27 16 24 17 
26 22 18 19 17 20 25 19 21 26 11 13 16 28 21 26 10 17 15 29 25 10 13 29 19 26 11 18 20 21 30 30 26 24 25 28 15 25 19 22 13 31 19 25 25 17 29 20 23 22 30 23 19 13 19 29 17 26 22 28 22 27 23 10 35 21 24 20 23 31 20 15 19 16 15 38 14 26 17 27 22 16 26 24 30 13 30 13 24 24 
26 17 22 26 28 24 21 19 17 16 27 8 15 15 22 27 15 25 24 31 32 29 9 39 29 14 25 29 32 23 28 19 25 28 24 43 22 10 20 18 24 29 10 27 25 28 34 24 32 35 19 6 29 22 18 23 23 37 20 36 20 18 22 13 32 20 15 30 16 22 29 18 25 18 21 15 26 35 22 28 14 30 20 21 19 21 40 8 21 14 
15 13 17 20 28 19 30 13 15 13 14 14 21 30 15 25 12 22 11 30 41 24 14 25 26 11 32 30 30 18 29 27 21 27 22 40 28 14 12 18 16 27 14 35 32 18 6 9 23 14 23 11 23 25 15 29 24 33 20 15 34 18 12 14 35 20 29 31 20 24 26 21 27 23 14 37 15 24 29 14 20 30 30 16 20 13 40 14 40 10 
17 18 13 13 26 21 30 11 18 19 24 11 7 22 8 19 4 28 23 30 28 16 15 29 27 35 34 39 12 31 42 20 16 31 21 41 33 22 6 17 23 30 23 25 30 23 31 25 21 27 25 25 15 30 16 36 18 31 29 34 33 31 12 17 31 23 28 27 28 18 21 10 25 20 16 14 11 21 20 37 19 23 29 17 23 12 17 14 32 19 
18 11 14 23 22 19 34 25 15 17 35 17 22 33 19 20 22 32 16 22 30 19 21 16 24 17 24 27 16 13 29 30 10 32 10 26 39 15 10 26 24 46 8 31 35 21 34 18 24 29 21 26 24 15 11 10 13 16 19 26 23 19 14 14 29 15 24 31 20 31 17 15 22 19 15 24 22 18 33 14 19 25 30 13 12 15 9 14 28 23 
20 25 25 27 28 23 22 10 15 14 31 15 25 19 17 20 15 29 25 14 25 24 8 23 20 24 31 20 29 28 24 26 16 33 26 17 33 24 21 28 24 23 22 36 43 22 29 23 15 19 15 36 24 28 16 29 13 20 10 37 19 26 17 15 25 12 38 39 29 29 25 14 26 33 12 34 24 15 27 31 20 22 15 17 29 19 33 18 31 25 
15 19 22 30 26 29 25 16 16 14 31 26 21 23 11 19 12 21 25 39 35 11 14 31 22 29 23 29 25 25 21 25 16 35 26 39 17 23 23 25 22 26 14 13 25 22 27 26 18 25 13 21 21 23 12 30 23 19 20 20 30 27 20 17 19 22 25 22 18 34 34 18 36 20 18 13 20 21 33 15 18 11 16 14 33 29 41 14 23 16 
15 19 21 19 24 33 33 11 12 17 44 31 10 22 30 22 22 14 19 22 44 20 13 14 17 26 19 18 21 19 24 23 24 18 13 30 26 12 18 12 29 26 20 21 34 30 31 18 21 27 12 18 27 33 17 21 11 20 25 25 27 23 22 8 32 28 31 20 27 26 16 19 38 17 17 37 32 29 37 25 14 15 17 23 40 18 25 16 32 27 
13 22 28 25 25 26 30 16 10 27 33 20 22 25 23 25 20 27 27 15 45 34 13 18 28 15 22 28 32 16 29 40 20 23 11 22 16 31 17 18 17 29 18 20 36 27 38 24 30 28 22 20 37 22 20 33 12 18 28 32 33 26 19 15 23 22 21 33 19 33 23 15 38 23 20 24 24 27 21 28 16 14 17 14 16 19 35 12 44 21 

MachineCapacities:
MachineID Capacity
0 10
1 10
2 10
