NumTasks NumMachines NumScenarios
25 2 100
TaskDetails:
TaskID ReleaseTime ResourceConsumption SuccessorsCount Successors...
0 0 4 7 2 6 7 
1 0 7 9 2 2 6 
2 0 6 3 1 7 
3 0 9 3 1 7 
4 0 7 4 0 
5 0 2 3 1 7 
6 0 7 1 0 
7 0 6 2 0 
8 0 7 7 3 16 18 20 
9 0 9 8 4 15 21 22 23 
10 0 3 5 4 14 19 21 24 
11 0 3 2 0 
12 0 4 2 2 21 23 
13 0 4 7 3 14 17 22 
14 0 4 4 0 
15 0 1 9 1 17 
16 0 3 6 1 22 
17 0 2 5 0 
18 0 7 9 2 21 23 
19 0 6 2 0 
20 0 7 4 0 
21 0 10 5 0 
22 0 5 7 0 
23 0 4 5 0 
24 0 7 8 0 

32 15 20 15 26 30 16 32 14 23 16 19 14 19 40 25 20 30 27 15 11 14 20 38 33 11 29 17 13 8 25 17 25 15 29 22 10 22 27 29 26 21 29 23 23 38 16 34 26 15 
11 24 9 19 43 31 24 19 10 12 16 27 45 15 26 9 19 41 22 17 26 19 16 29 31 20 31 14 10 22 29 22 35 28 36 20 13 34 19 33 26 35 14 29 27 17 18 38 25 15 
23 35 21 30 12 24 5 25 24 13 16 27 28 15 26 20 20 34 31 16 32 14 15 19 32 14 35 15 19 21 25 23 29 18 27 14 14 22 26 19 28 22 17 37 14 21 30 41 28 22 
27 16 11 28 23 15 12 11 25 14 13 14 16 16 21 22 12 16 8 17 22 14 17 26 19 22 20 15 25 22 25 7 25 19 38 22 16 22 22 32 34 24 24 34 37 19 40 27 25 16 
15 15 22 18 34 27 10 25 15 17 16 23 20 17 35 22 18 28 24 31 17 12 19 21 25 18 19 14 12 11 23 25 24 21 29 18 16 21 18 28 31 23 10 37 36 38 24 33 21 7 
17 27 15 23 21 18 20 31 16 14 13 26 42 18 25 31 28 37 12 10 19 12 15 15 38 20 31 20 16 11 29 14 24 25 40 21 17 12 40 26 27 36 20 25 31 22 24 33 35 21 
22 14 16 24 19 14 15 32 14 18 17 11 37 16 29 13 19 10 13 25 31 14 13 31 27 21 42 19 17 14 29 12 27 27 19 21 9 13 24 23 14 29 22 44 35 24 26 27 21 12 
22 29 17 29 30 17 22 39 17 15 18 19 32 5 14 17 24 20 22 27 24 18 25 32 21 18 27 14 15 8 36 20 30 21 25 19 19 27 22 28 26 27 28 37 18 28 20 38 17 16 
12 20 17 19 24 18 20 12 25 12 12 16 44 26 25 23 17 23 30 21 18 18 20 25 21 21 28 12 14 18 16 12 20 29 30 23 13 24 32 34 23 31 8 17 22 21 34 18 21 17 
14 31 16 28 30 28 18 31 27 18 15 14 29 26 19 17 20 21 24 14 30 21 10 39 26 12 40 14 13 19 26 17 33 22 21 23 16 13 22 35 22 34 18 25 35 30 28 24 18 17 
14 19 21 14 34 18 17 31 34 21 14 14 37 12 36 24 14 16 20 23 23 21 10 20 32 18 28 20 24 20 31 20 21 14 38 26 18 6 10 41 27 17 32 26 25 28 25 38 29 19 
26 34 6 24 23 13 13 38 24 18 13 24 22 22 15 26 12 29 14 31 21 11 17 21 30 21 30 19 3 18 15 16 5 18 18 20 21 17 33 23 28 25 20 31 23 23 26 33 32 20 
15 38 18 12 35 18 13 15 29 16 16 16 32 22 25 27 13 35 25 14 21 10 13 35 15 14 32 16 14 15 16 21 26 26 29 25 13 31 37 28 27 25 25 32 21 23 19 48 24 24 
14 30 21 23 20 19 17 27 16 22 16 17 38 16 28 28 22 40 16 15 28 12 13 26 19 12 25 11 19 19 31 9 14 16 24 19 21 17 20 35 24 15 24 23 23 13 23 25 29 12 
24 14 12 7 26 24 15 25 31 16 15 20 37 12 25 29 9 27 28 24 38 14 19 20 26 20 37 17 20 18 30 19 36 23 33 18 18 19 27 27 13 32 20 31 40 26 16 31 21 17 
17 24 20 20 32 15 23 17 29 9 24 22 19 22 30 27 15 22 22 27 22 14 14 15 27 16 10 18 18 16 23 18 30 23 35 20 11 25 38 28 18 36 23 34 23 23 38 21 23 13 
19 31 28 22 24 28 18 16 19 13 14 13 35 8 27 20 8 30 37 7 11 17 20 22 35 8 34 13 26 15 19 23 14 20 26 23 23 18 31 31 25 20 18 31 24 25 29 38 25 20 
21 16 26 26 35 23 21 26 33 15 12 15 24 12 11 30 15 31 14 24 34 17 8 26 16 12 25 12 19 14 38 11 18 13 34 18 9 17 21 20 30 29 16 30 11 26 24 31 18 19 
21 19 11 23 28 26 9 16 24 7 14 20 29 15 23 21 23 27 19 6 27 17 28 25 39 16 24 12 19 14 35 16 29 12 22 27 18 25 24 12 15 44 21 33 34 36 34 16 15 17 
26 18 16 25 11 19 19 32 24 14 13 15 24 11 29 22 12 29 25 18 33 19 18 39 24 19 20 9 15 14 28 17 33 18 24 35 16 27 33 43 27 43 23 21 19 31 15 52 16 20 
14 34 22 18 33 22 19 20 30 10 17 19 49 7 27 25 18 25 24 25 23 18 21 37 34 10 34 28 15 17 14 15 20 15 21 19 8 24 19 28 26 24 25 13 36 22 27 22 21 24 
17 31 15 30 41 27 18 28 30 18 15 15 30 22 29 31 13 16 30 24 20 9 18 20 23 16 29 7 19 15 48 7 27 15 30 18 18 22 30 28 15 15 28 23 26 21 25 21 20 27 
23 30 12 30 34 26 23 25 28 23 8 18 24 16 31 29 21 20 29 19 30 18 22 35 22 15 38 11 5 18 36 19 34 18 30 18 16 20 18 28 21 30 28 25 56 14 19 19 32 19 
23 29 20 21 6 21 26 23 28 17 15 18 35 12 30 27 27 13 24 24 27 10 26 25 26 13 22 17 20 15 52 19 35 15 27 24 19 33 22 31 24 23 16 14 20 11 25 35 27 25 
27 22 17 22 29 22 18 34 17 17 19 21 20 19 26 25 23 33 22 24 41 11 10 29 15 12 7 20 15 9 26 8 25 13 33 15 14 14 40 38 18 29 22 28 25 20 31 21 27 11 
18 29 15 17 49 24 14 27 29 18 21 20 21 11 26 28 21 20 29 24 19 16 14 24 22 22 26 16 12 21 17 18 45 21 30 16 16 19 42 40 23 28 16 24 22 18 35 17 9 20 
22 31 15 25 43 26 25 24 30 18 17 13 31 22 14 20 16 32 14 23 30 16 16 17 31 12 28 13 15 13 15 14 21 13 27 18 20 25 22 49 22 40 25 21 38 23 31 20 23 14 
30 22 21 21 26 32 24 21 14 18 8 29 28 22 33 20 11 32 16 15 28 22 16 27 26 17 29 13 24 15 23 26 25 16 19 19 25 28 27 9 29 29 19 30 20 18 25 30 25 17 
24 38 13 24 25 30 11 30 26 13 14 18 45 18 29 27 10 23 30 15 22 14 20 40 32 10 26 18 20 23 36 12 12 16 29 16 16 23 25 17 13 24 15 31 29 15 21 24 21 8 
13 26 22 15 11 18 22 31 26 19 15 18 37 14 30 27 21 27 22 15 26 12 16 36 22 15 43 13 25 14 9 22 33 26 25 16 12 22 34 37 26 20 23 36 19 14 20 26 28 10 
13 31 15 23 41 16 11 25 16 14 17 17 37 23 30 26 18 33 21 35 29 18 19 26 34 9 31 11 15 13 23 20 23 30 22 19 19 25 36 22 32 39 20 37 18 23 34 35 25 30 
28 34 14 27 27 24 13 18 23 20 14 21 24 13 28 20 18 31 29 3 15 11 17 24 28 13 23 15 12 22 39 18 30 5 28 13 10 18 11 33 24 28 20 35 24 20 34 43 19 23 
22 28 17 29 42 33 12 38 30 15 13 16 33 17 30 29 28 30 18 14 18 21 16 19 16 24 30 18 10 14 29 18 31 21 23 19 12 27 31 29 17 29 16 28 20 27 30 37 20 20 
29 29 18 14 26 24 9 36 27 21 17 21 18 23 31 22 23 34 25 27 13 11 9 30 30 10 17 15 12 10 35 18 13 15 28 18 17 29 30 25 11 27 21 16 26 29 23 43 25 10 
13 26 19 22 20 21 14 25 34 12 18 23 24 12 27 21 27 26 14 11 36 12 21 35 24 18 19 6 16 11 18 20 38 19 25 19 18 28 18 21 26 31 11 29 24 18 41 27 23 17 
27 27 19 30 24 30 26 27 19 16 15 18 26 21 30 26 13 27 24 26 28 12 5 28 24 19 27 14 19 16 28 14 34 21 27 23 16 26 26 20 16 44 23 25 35 26 22 33 22 12 
12 35 21 24 30 20 14 36 17 10 23 18 32 19 19 17 22 31 16 23 22 20 18 22 31 18 26 20 14 13 37 21 22 15 22 16 16 18 37 18 18 21 16 19 30 28 23 27 22 19 
17 38 23 24 53 17 16 35 19 18 13 17 26 12 33 29 14 13 26 19 21 10 20 25 20 13 36 14 19 20 7 11 21 21 38 18 13 29 34 42 30 40 26 33 49 12 13 34 12 23 
29 23 27 24 38 26 19 18 30 18 7 14 23 16 26 12 25 30 10 21 37 11 23 30 25 20 26 7 16 16 27 13 30 10 32 17 22 16 22 28 25 19 18 36 23 23 21 43 18 16 
26 28 26 21 42 31 14 14 16 18 11 21 36 21 26 17 18 38 23 11 23 15 10 29 28 15 37 15 10 13 13 20 21 10 24 15 20 18 35 26 12 29 27 37 32 28 37 48 19 14 
35 28 20 17 37 19 29 33 12 17 13 12 34 12 29 17 17 18 22 29 19 18 17 33 27 8 12 15 22 15 22 23 33 18 27 24 21 15 23 29 29 18 14 26 25 26 13 37 23 17 
11 17 22 33 36 26 22 18 33 22 8 17 41 18 27 23 30 14 29 23 30 15 20 32 34 19 34 9 10 17 24 17 20 11 18 11 22 23 21 38 24 18 27 30 34 16 9 42 25 14 
26 18 27 20 39 30 20 8 12 15 16 21 26 13 28 25 19 24 26 16 12 17 18 28 24 11 21 14 22 18 15 23 22 17 29 17 18 33 30 32 27 23 23 30 29 21 24 35 22 11 
23 38 21 33 41 20 16 36 10 24 16 11 25 19 23 7 20 41 26 25 12 21 15 19 24 19 31 17 14 11 19 17 36 24 38 18 14 16 14 34 22 45 27 30 23 23 36 21 23 9 
21 36 19 23 25 19 12 30 35 16 12 16 23 22 25 28 17 30 23 22 34 16 22 27 22 22 40 16 14 19 35 16 32 19 35 18 8 23 31 34 19 12 22 37 19 17 20 21 25 23 
21 19 23 17 32 24 14 26 17 13 14 25 33 20 28 22 27 20 36 17 28 16 17 20 25 2 21 18 25 15 23 23 19 22 28 10 10 32 17 23 19 34 26 18 35 21 16 37 21 23 
19 24 8 13 24 22 12 20 22 18 19 25 33 19 16 26 16 26 28 15 16 12 19 18 23 18 32 17 8 14 37 20 21 23 30 8 24 17 31 43 14 30 25 31 28 18 18 34 24 20 
17 21 19 19 23 26 9 27 16 13 20 18 23 16 29 21 27 27 31 18 18 7 19 27 34 3 23 19 23 11 36 17 25 19 27 15 18 25 27 33 35 37 20 17 25 20 26 20 34 12 
23 21 14 27 26 20 17 29 35 12 15 27 25 15 33 21 17 41 18 21 27 10 16 27 22 19 27 16 13 13 38 16 44 21 23 21 20 30 24 33 22 28 24 19 35 24 23 29 27 18 
21 31 13 32 38 19 14 26 22 18 18 22 39 17 25 25 14 27 28 11 17 18 17 15 37 23 29 21 15 19 19 18 21 15 36 29 14 19 18 39 22 29 20 32 24 24 28 27 23 18 
2 24 16 17 26 18 11 31 24 17 16 15 27 18 33 28 25 16 26 22 18 16 19 34 28 16 5 13 21 16 31 21 15 23 23 14 15 11 22 27 19 45 23 40 15 19 23 29 24 12 
15 26 14 24 31 28 20 27 30 21 12 16 45 18 30 16 22 12 21 18 26 15 20 16 37 10 35 12 21 12 31 19 21 22 13 16 15 28 46 24 21 30 28 12 47 24 34 38 23 9 
31 17 16 11 19 22 21 39 9 18 19 20 21 20 32 17 31 34 38 23 32 16 22 24 24 18 17 18 14 17 18 15 29 19 21 23 18 24 32 19 38 20 26 29 22 25 31 14 26 29 
20 39 23 19 33 32 22 30 18 11 20 24 24 12 29 22 18 15 17 13 17 15 20 37 22 10 28 18 18 10 29 22 28 22 25 18 24 27 29 39 19 18 24 23 38 15 18 39 27 22 
25 20 14 18 34 22 9 40 20 20 17 12 18 16 23 19 20 35 28 10 23 9 15 30 34 18 33 10 22 17 33 17 27 22 31 11 17 27 34 24 21 29 27 31 38 22 28 32 17 11 
27 16 16 23 19 25 15 19 18 19 14 16 27 19 29 20 13 34 18 21 30 21 6 26 36 12 33 12 19 16 17 21 21 17 21 14 18 22 26 29 20 30 13 18 24 22 29 27 15 9 
24 31 15 19 31 21 22 26 21 15 13 19 27 18 20 34 19 17 17 22 38 10 12 31 14 14 21 11 18 14 22 9 24 20 31 14 18 19 36 42 16 25 17 22 37 23 24 29 21 20 
18 16 17 27 37 24 15 24 20 14 11 21 36 14 33 13 19 28 33 25 35 13 21 21 31 16 26 10 19 17 14 11 19 23 31 17 17 23 27 21 12 38 20 24 31 19 23 32 19 22 
24 15 15 15 38 13 13 44 13 16 15 18 36 22 34 23 22 20 8 15 16 16 14 27 30 17 19 18 22 18 30 21 30 27 28 26 15 21 29 25 18 22 21 29 29 22 23 35 19 13 
16 25 13 25 17 24 8 21 21 11 13 7 35 25 38 23 20 17 28 27 31 18 14 22 26 16 25 16 15 6 30 25 11 19 13 19 19 26 22 23 33 19 17 30 30 24 29 38 21 10 
23 32 20 16 19 29 14 28 22 22 13 19 18 20 19 29 16 16 19 20 18 17 13 22 42 16 15 13 10 17 12 28 26 25 16 10 16 17 23 23 18 15 17 39 28 29 11 30 17 12 
25 19 18 27 38 24 13 21 17 16 12 15 20 24 26 22 29 34 30 24 38 12 14 26 32 15 35 17 23 13 18 12 29 23 31 12 16 25 26 30 25 36 22 28 27 21 25 34 21 11 
32 26 23 12 30 21 9 30 17 26 17 28 20 22 24 22 22 17 20 17 11 16 19 22 25 12 35 24 9 14 18 18 32 26 23 19 12 26 29 31 8 41 20 36 33 27 29 23 24 15 
15 28 19 26 23 20 24 24 21 22 16 22 26 20 31 12 19 27 26 29 34 12 13 11 19 16 38 10 10 17 22 20 28 20 20 14 14 24 30 52 21 16 20 27 18 18 32 33 18 19 
21 13 16 14 32 31 20 32 22 19 16 13 19 20 30 32 17 14 35 18 27 14 19 18 17 10 34 16 15 14 31 18 20 23 43 14 21 29 29 20 33 20 19 29 29 37 35 37 25 24 
21 6 12 20 43 20 15 32 19 23 10 20 19 27 29 29 31 15 21 30 29 17 26 22 27 21 44 17 16 16 32 13 29 13 35 26 14 23 27 34 29 31 13 14 30 23 15 15 21 13 
27 29 17 28 13 16 21 24 20 15 13 21 32 13 25 14 17 24 29 16 13 15 19 12 24 20 31 17 21 15 24 21 22 18 23 12 17 29 25 37 34 24 13 30 27 25 18 29 29 18 
11 36 19 31 27 6 13 18 27 16 19 22 41 16 20 19 22 31 14 6 25 14 18 25 16 16 39 11 20 22 14 26 19 20 28 17 13 26 31 21 18 41 18 39 31 28 14 34 16 12 
17 36 20 29 40 34 18 27 33 13 16 18 25 15 32 19 13 24 23 18 18 10 14 21 19 21 26 13 20 13 28 15 24 15 28 21 9 21 31 28 38 26 14 28 25 24 12 32 29 13 
11 37 18 14 31 28 17 16 23 12 13 25 22 13 28 23 24 20 19 18 16 19 16 45 27 15 31 7 18 17 19 16 16 21 22 27 14 25 30 48 23 24 22 31 32 14 25 29 34 18 
16 26 34 24 16 9 19 32 18 18 10 19 11 19 18 30 21 17 34 21 39 13 11 29 17 19 26 24 10 22 31 17 10 28 26 23 19 27 30 33 30 30 18 29 16 33 18 27 25 21 
23 37 18 12 32 28 13 23 23 11 11 16 29 19 28 20 27 36 20 14 27 14 15 19 39 12 19 12 10 17 27 18 21 22 18 19 16 31 22 41 20 45 15 23 20 25 17 25 23 13 
26 24 27 24 43 26 11 23 15 6 12 20 23 12 10 29 23 21 26 32 21 15 26 35 24 10 42 18 15 24 32 18 16 24 26 17 9 19 25 35 12 24 23 37 33 23 20 23 21 16 
19 26 24 19 20 19 17 33 24 12 17 14 13 13 29 22 13 23 28 21 25 18 26 13 28 15 36 18 17 14 24 13 24 18 30 16 7 17 29 35 28 26 27 36 27 16 21 28 27 14 
17 29 29 32 9 28 18 29 26 17 14 15 20 24 30 31 21 29 32 14 33 18 9 22 28 5 26 16 14 16 22 6 21 17 40 22 22 26 18 25 19 22 18 23 40 27 39 35 24 17 
25 21 24 26 32 23 17 21 21 19 13 19 42 15 36 28 21 25 24 13 26 20 15 28 23 16 35 18 12 21 22 21 29 15 31 21 14 21 18 27 27 41 24 25 32 12 19 28 25 17 
24 23 16 22 40 13 17 37 28 16 23 16 36 10 42 22 15 26 17 22 16 14 13 21 42 17 31 10 13 15 28 16 35 20 30 25 19 14 28 31 18 21 27 40 17 31 18 26 21 11 
31 43 20 26 33 23 20 24 17 17 13 15 21 12 25 26 27 28 19 10 23 12 19 29 32 13 19 12 17 14 29 9 35 25 8 22 20 16 41 23 21 13 27 27 41 19 22 40 31 22 
22 30 12 19 47 31 13 37 17 18 14 15 29 25 32 24 24 24 20 27 27 20 24 27 24 15 31 10 19 21 23 21 26 18 20 12 21 26 21 42 30 33 24 19 33 21 21 26 24 25 
20 30 17 29 26 24 14 7 25 14 10 19 17 19 35 16 20 27 37 28 12 12 24 33 26 13 21 20 21 15 37 14 24 15 31 15 28 20 39 26 28 27 21 34 28 25 26 29 24 15 
13 42 19 15 30 25 13 31 19 11 17 18 41 20 34 23 24 36 22 16 26 17 19 23 25 16 27 12 17 12 38 15 26 18 35 18 15 20 27 30 26 25 23 32 26 23 24 32 25 9 
24 22 23 14 35 25 17 32 12 14 14 15 33 26 26 35 20 28 27 7 24 14 11 37 12 11 16 17 13 14 18 17 34 16 38 14 18 24 6 41 30 13 14 41 41 19 26 24 23 7 
21 17 22 25 26 16 18 34 9 3 24 20 21 20 16 18 17 24 17 26 27 12 19 24 24 15 24 11 20 14 19 26 35 13 35 17 18 14 31 32 15 19 26 22 37 27 23 27 24 12 
18 19 24 31 43 22 24 28 17 18 18 23 27 27 24 23 16 31 17 21 20 15 13 24 21 23 23 20 27 18 34 12 21 16 33 20 16 26 22 28 25 25 11 34 36 32 25 20 18 14 
26 34 18 28 41 27 12 24 20 15 12 21 14 19 37 31 26 14 22 12 28 19 16 25 27 14 28 14 16 17 36 14 45 20 23 21 18 39 26 11 13 29 11 35 14 25 27 21 18 19 
13 22 15 30 16 20 11 19 31 15 18 15 28 9 20 30 22 33 30 18 31 10 16 31 25 10 38 11 11 15 20 21 16 22 34 11 17 24 32 21 17 21 20 20 30 15 31 27 19 23 
16 34 12 35 43 19 12 16 25 17 21 19 27 14 31 15 16 25 26 10 13 22 17 10 34 10 32 20 18 12 24 12 31 10 30 19 22 14 20 31 19 15 24 17 40 23 20 28 20 5 
23 6 19 25 13 23 27 32 17 8 13 15 40 22 27 17 23 25 26 24 28 15 24 19 12 16 33 11 14 8 41 11 17 20 30 11 13 26 17 27 25 27 29 29 32 21 15 22 29 22 
17 26 15 11 30 27 10 21 30 19 13 13 33 17 26 16 25 28 29 17 31 12 23 37 24 13 21 15 15 22 9 21 32 20 22 23 14 24 37 25 21 21 29 24 20 17 6 17 9 20 
13 29 27 33 26 19 20 11 15 16 15 17 20 12 25 22 7 41 32 28 20 10 12 29 37 16 30 16 13 16 28 21 17 18 37 19 15 35 19 21 33 32 21 29 18 27 35 35 30 17 
23 28 22 25 28 39 17 10 29 11 18 22 35 8 31 18 26 25 32 14 25 16 9 26 29 12 32 15 21 14 33 23 28 20 24 23 21 26 24 40 10 26 23 26 40 20 29 27 21 13 
29 20 24 19 21 23 22 42 28 23 17 15 28 21 31 6 23 20 19 12 43 13 29 29 26 12 35 20 17 17 34 24 26 15 32 19 10 22 38 25 32 21 16 23 27 18 15 36 24 18 
17 27 23 19 18 17 9 30 20 18 13 19 46 27 28 25 28 30 16 13 22 19 16 14 24 14 12 10 13 14 16 23 35 22 41 19 12 22 14 20 25 30 24 42 30 25 16 39 15 22 
32 34 8 24 25 27 14 16 19 15 21 12 38 11 24 25 25 34 32 19 16 20 15 34 34 14 31 12 20 20 24 17 30 7 24 17 16 32 23 49 25 18 14 27 26 23 30 17 28 15 
15 28 18 28 29 23 14 30 22 13 10 25 32 26 21 19 11 31 30 12 29 14 17 23 30 16 30 8 18 13 39 9 25 24 10 25 13 22 40 22 40 21 27 23 42 26 22 24 19 16 
25 28 16 16 28 25 22 39 10 14 17 26 29 28 24 26 21 25 24 19 25 16 29 25 22 14 20 6 13 22 35 17 25 16 25 17 12 32 29 39 27 20 11 30 31 22 27 36 18 9 
35 25 23 19 13 19 17 24 19 20 20 15 31 26 28 26 26 32 26 19 29 17 17 28 11 14 25 5 11 14 8 24 27 20 30 27 20 31 24 27 26 36 32 29 31 28 17 36 15 14 
22 36 20 18 40 11 9 36 18 16 7 20 30 14 35 28 21 19 16 20 13 12 18 23 24 18 5 14 8 17 35 19 26 16 27 15 13 24 24 35 11 25 31 31 22 26 21 24 28 20 
23 26 8 11 29 18 19 24 14 15 13 17 46 19 27 24 26 24 37 19 22 12 16 38 24 12 35 12 17 16 31 14 32 21 43 12 10 12 28 31 18 28 18 17 30 30 23 40 12 9 
25 21 22 31 20 15 30 16 17 17 13 15 30 16 16 21 18 30 21 6 23 10 18 21 18 7 36 16 20 12 34 10 30 12 17 24 15 23 24 14 20 21 24 22 32 22 25 38 21 20 

MachineCapacities:
MachineID Capacity
0 10
1 10
