NumTasks NumMachines NumScenarios
10 3 500
TaskDetails:
TaskID ReleaseTime ResourceConsumption SuccessorsCount Successors...
0 0 6 4 4 2 1 2 
1 0 4 7 1 1 3 
2 0 3 8 8 1 4 
3 0 3 9 1 1 4 
4 0 6 5 10 0 
5 0 10 7 3 1 6 
6 0 7 4 6 2 7 9 
7 0 9 2 7 1 8 
8 0 4 5 3 0 
9 0 3 8 2 0 

18 24 13 13 25 24 29 21 42 20 25 35 24 26 13 15 31 25 14 33 24 9 22 22 13 23 18 15 29 26 
26 21 15 21 32 21 19 38 12 15 12 29 24 18 10 19 23 21 24 24 20 14 31 9 13 15 10 12 34 17 
23 21 22 13 18 17 19 14 33 27 21 28 26 20 13 23 24 19 33 30 13 26 30 20 24 9 10 16 25 19 
16 22 12 8 17 31 29 27 16 21 12 30 21 27 6 16 21 26 24 25 15 13 28 18 19 27 5 17 20 18 
15 21 13 19 27 24 15 32 34 18 19 15 30 26 13 14 30 32 31 17 22 16 22 18 22 18 23 16 33 18 
29 26 11 17 7 21 21 22 30 16 22 20 24 28 18 15 17 10 46 25 23 15 33 14 25 17 14 13 23 12 
17 31 15 15 13 18 35 29 20 11 17 30 28 20 20 13 19 17 22 31 23 19 31 16 25 18 26 19 40 22 
22 21 6 11 13 18 12 16 35 29 17 20 30 21 24 15 28 23 26 28 29 14 19 22 20 24 27 15 49 18 
25 22 18 19 16 34 18 22 28 18 28 17 30 24 15 18 28 29 16 22 23 12 29 28 15 4 23 16 25 32 
39 14 17 14 33 24 25 16 23 16 15 22 13 20 15 18 29 17 20 30 10 17 28 27 25 22 8 11 33 16 
24 20 18 10 30 31 28 23 34 16 21 15 34 10 23 15 22 14 26 19 16 9 19 18 11 27 22 19 21 18 
8 26 17 12 16 24 21 22 36 24 18 23 25 21 25 14 32 21 28 38 27 13 16 3 20 12 23 12 35 28 
30 18 15 13 21 19 31 22 32 15 29 24 28 24 16 17 13 13 21 18 18 16 33 30 18 21 18 20 25 10 
26 21 20 14 25 23 16 21 23 28 26 12 19 21 19 24 20 3 18 27 19 15 30 20 19 14 18 14 35 24 
13 18 18 14 24 26 35 33 16 17 20 33 22 12 22 18 34 17 32 20 12 14 26 17 20 17 19 15 40 19 
22 15 17 14 22 26 23 24 13 19 15 25 17 13 16 17 17 33 29 35 23 19 19 5 20 19 17 14 16 24 
22 15 16 18 12 30 35 27 34 25 22 24 24 24 23 16 28 19 34 23 25 20 36 23 16 20 19 17 30 20 
11 21 15 26 12 26 36 21 35 13 29 32 21 22 17 15 24 18 21 18 26 10 29 8 15 24 29 25 32 14 
11 18 12 22 10 25 17 18 21 18 15 32 19 31 21 18 24 11 27 22 18 14 35 24 6 16 12 10 41 29 
31 25 12 13 20 18 37 33 14 17 14 32 18 14 18 14 30 18 25 28 15 20 35 20 24 12 19 17 23 13 
20 21 17 20 22 37 36 21 37 27 29 19 26 12 16 8 14 23 18 22 19 14 24 19 9 19 15 12 41 18 
21 27 14 11 15 23 29 7 28 21 25 29 17 15 17 9 22 20 25 32 15 15 32 26 21 22 26 15 35 11 
35 24 21 14 31 23 24 21 25 18 18 27 18 16 22 13 26 18 29 22 23 12 26 22 20 31 16 11 33 20 
33 21 8 15 18 21 34 23 33 21 21 20 18 26 12 7 29 16 34 28 10 15 19 19 19 17 22 18 33 11 
10 24 13 21 21 17 32 21 36 21 29 30 27 23 21 16 24 16 24 35 14 13 24 24 15 12 12 21 23 14 
26 14 15 15 20 22 25 19 34 17 20 39 24 23 19 15 27 33 28 21 14 20 33 20 13 13 13 18 45 20 
27 20 19 10 27 19 31 27 33 15 18 29 16 16 19 20 36 14 36 21 21 12 37 10 21 19 28 14 36 21 
21 16 14 24 26 21 24 21 26 9 22 22 22 16 18 20 35 24 14 45 23 12 23 17 24 20 26 14 20 23 
22 16 18 8 22 35 26 7 40 20 20 19 14 18 20 19 12 12 27 28 23 15 18 24 15 16 20 20 27 25 
23 23 12 18 16 30 27 25 33 21 12 35 18 21 20 15 29 26 38 28 26 18 15 9 19 19 16 16 35 16 
25 35 19 17 15 24 25 18 15 27 22 28 17 25 10 14 31 20 19 29 18 18 25 24 30 10 12 10 48 21 
31 17 12 17 29 27 22 24 22 12 18 10 30 22 25 14 39 18 15 19 14 13 24 25 15 7 7 14 22 30 
21 26 20 16 20 22 13 20 35 22 20 25 28 22 11 21 28 17 26 25 20 16 32 33 11 19 24 8 32 21 
25 20 14 14 19 32 31 19 24 26 18 35 25 15 18 17 18 13 27 29 20 18 35 21 22 18 21 17 35 32 
35 26 17 17 16 16 40 32 37 16 10 30 29 24 11 7 38 17 29 23 16 19 19 26 23 15 14 11 31 16 
22 28 24 16 15 22 30 27 34 25 28 27 29 20 24 21 27 14 6 29 21 18 26 27 12 24 11 19 19 15 
20 27 15 18 18 21 33 18 17 26 29 28 17 19 19 16 29 25 18 23 10 16 33 12 12 13 20 13 25 19 
24 36 21 16 15 19 31 16 36 23 23 17 15 28 15 12 23 12 17 16 13 18 30 25 26 16 16 12 32 16 
24 17 20 7 10 21 27 7 25 21 23 25 16 21 17 17 26 20 26 27 12 7 28 26 12 17 21 10 31 18 
23 12 15 18 22 22 39 25 16 25 11 21 18 17 27 14 26 15 20 16 13 13 41 19 19 17 20 10 39 29 
21 31 15 18 19 20 27 26 27 24 19 26 24 22 20 15 24 4 27 20 25 20 24 6 7 17 21 12 26 33 
36 26 20 11 26 22 19 19 30 21 27 21 10 19 19 18 20 18 32 33 19 5 26 20 30 25 13 12 25 14 
22 19 15 12 15 16 22 13 17 17 18 38 31 19 16 17 6 19 40 36 15 13 34 27 17 18 17 9 44 18 
20 27 15 7 18 25 25 28 30 24 27 28 30 22 20 20 14 14 33 14 17 10 25 10 15 17 15 21 16 8 
22 26 14 4 21 16 25 29 17 9 21 39 17 19 12 26 30 26 32 24 13 17 19 23 19 19 28 12 28 30 
26 33 22 16 15 26 26 30 30 18 23 19 27 23 19 16 27 20 31 29 26 15 32 23 16 16 18 11 28 20 
20 31 15 12 24 18 25 13 24 22 30 27 23 21 23 16 19 18 20 23 22 14 27 17 14 11 20 15 38 14 
34 30 22 18 23 26 28 26 28 13 18 18 20 23 25 11 29 23 32 27 13 14 33 19 17 24 32 14 31 14 
30 34 11 11 20 17 22 20 26 11 14 30 3 19 29 15 15 14 22 40 12 16 14 17 19 18 23 16 24 24 
12 26 24 9 21 26 10 26 28 27 29 43 20 31 22 19 21 23 14 33 9 19 10 13 16 12 19 11 27 9 
27 28 13 15 24 21 24 21 27 24 20 32 10 11 14 16 13 24 16 21 19 22 28 21 14 24 15 12 20 16 
24 21 10 16 25 27 20 39 42 23 14 39 19 18 17 17 17 17 22 30 14 11 29 24 15 25 13 15 32 24 
25 28 13 12 32 15 39 11 29 32 18 18 26 21 21 21 34 25 30 25 8 10 25 12 14 18 11 18 16 13 
20 23 20 16 23 20 18 25 18 29 12 8 34 16 21 14 35 16 7 24 14 15 28 21 17 21 23 16 37 18 
14 21 15 14 24 11 31 15 31 24 21 30 26 22 15 17 22 24 23 32 28 18 33 22 20 26 20 12 35 18 
14 23 10 25 13 18 21 20 25 31 11 22 17 16 25 14 19 10 26 19 14 15 20 28 14 14 14 15 22 11 
13 29 21 14 20 24 15 33 25 23 12 31 25 26 10 11 18 20 17 33 22 12 31 17 19 20 16 19 33 21 
26 29 15 14 23 20 18 18 38 30 20 17 27 17 9 22 18 20 29 28 22 16 27 21 25 18 16 23 38 22 
20 23 12 14 16 34 21 29 20 31 15 22 21 25 15 14 26 26 14 16 17 13 18 15 16 20 20 5 37 21 
35 27 18 15 22 21 16 20 35 25 22 23 18 19 13 20 25 33 16 27 16 9 19 21 22 7 11 11 28 15 
28 13 9 8 21 15 21 15 23 10 17 30 14 16 11 14 34 32 22 25 17 24 21 20 16 23 18 10 11 27 
27 23 18 21 26 23 22 14 31 29 24 29 12 10 15 17 21 22 29 15 21 19 22 20 20 25 14 16 34 16 
19 22 18 16 21 19 27 27 33 20 25 30 25 20 18 19 31 17 4 19 20 17 33 19 19 16 22 12 36 13 
20 21 20 17 16 7 22 18 24 16 25 32 26 20 22 15 33 27 7 28 21 13 13 20 18 6 22 14 10 18 
16 27 16 18 24 21 28 7 27 21 21 18 25 22 25 21 24 24 25 33 20 16 33 19 17 16 19 13 25 4 
37 16 16 15 24 15 35 13 23 23 27 26 14 18 14 17 22 23 17 23 19 24 21 19 25 30 17 20 32 13 
24 23 12 13 36 25 32 34 24 25 26 19 30 26 18 20 32 25 19 26 16 16 17 22 26 10 8 17 43 24 
17 19 19 9 15 25 27 23 26 26 20 25 17 21 15 12 15 21 31 42 24 17 22 15 16 15 26 16 31 25 
27 30 7 16 22 13 15 14 32 28 13 22 27 19 24 13 17 15 30 21 24 17 40 16 12 18 16 20 23 10 
29 25 21 11 20 26 38 20 34 21 18 30 17 29 12 10 22 20 21 34 19 20 21 4 13 21 25 14 47 24 
20 18 22 21 11 26 26 20 18 21 22 21 15 19 35 13 24 24 22 28 8 9 21 20 18 22 18 14 29 16 
18 21 8 15 26 27 35 12 28 17 22 23 19 15 18 13 8 14 22 20 11 10 25 10 16 10 17 26 23 23 
36 21 12 5 19 33 21 22 36 18 15 33 24 11 16 20 27 18 25 20 18 17 27 16 10 20 25 5 31 19 
30 30 18 17 20 28 30 26 16 8 15 11 29 12 17 19 22 13 31 26 18 10 36 19 17 18 12 10 23 22 
25 13 17 12 16 15 27 24 36 21 12 36 27 15 10 8 20 21 27 22 16 22 22 25 24 23 21 16 21 10 
21 17 22 19 15 14 11 32 32 21 24 42 28 29 19 16 36 23 24 14 20 16 20 18 28 19 14 16 42 27 
28 26 11 23 19 31 26 15 41 14 27 32 26 27 15 21 29 36 24 24 17 19 17 14 16 13 16 14 21 23 
14 28 19 15 27 24 27 19 31 20 11 15 22 15 12 17 20 15 15 24 24 21 32 17 26 13 19 14 20 16 
24 21 16 11 33 29 38 26 36 19 26 33 19 21 20 13 22 28 30 35 21 19 20 30 17 19 22 16 28 23 
28 24 18 13 27 36 24 18 16 9 26 30 24 18 17 12 29 21 30 35 15 14 14 23 14 12 18 10 30 25 
19 12 16 19 28 29 28 20 27 17 16 18 36 24 14 16 21 22 25 19 8 16 23 16 14 12 24 7 26 19 
32 24 18 8 23 33 21 18 32 26 23 27 19 26 17 13 21 19 25 17 21 7 43 21 14 18 15 19 12 27 
25 29 12 6 14 19 24 23 27 23 20 17 20 17 15 19 29 17 32 27 19 11 34 33 32 12 12 21 19 10 
23 23 14 14 16 16 42 13 29 28 14 23 28 24 19 17 15 12 32 29 23 20 23 28 12 19 13 16 36 19 
25 26 23 12 37 19 14 38 27 19 15 37 22 13 15 13 20 16 21 16 10 15 18 28 15 14 17 20 30 26 
24 19 16 18 23 21 33 22 23 14 12 12 26 24 19 18 16 26 8 32 12 16 24 12 8 12 6 21 31 19 
24 26 19 8 23 16 21 23 33 24 34 21 19 23 18 19 12 17 29 31 10 14 26 5 22 14 12 10 28 14 
26 10 13 16 20 23 15 27 27 29 18 16 20 17 23 9 21 31 28 41 18 13 30 27 19 24 21 14 35 28 
25 20 10 15 17 25 27 26 33 22 12 25 15 18 30 23 20 29 20 18 25 18 31 24 25 19 21 14 25 17 
22 24 14 21 28 30 35 31 29 17 28 26 27 14 9 10 13 13 22 15 15 12 21 22 12 21 16 16 28 22 
32 21 11 18 21 14 26 17 47 25 21 12 22 15 15 17 28 17 25 28 22 13 27 13 15 27 13 15 39 15 
17 17 22 14 11 29 18 15 21 33 24 22 10 18 19 18 21 27 19 28 17 14 24 20 6 8 24 12 22 20 
17 28 12 19 10 25 31 30 38 20 24 19 16 16 18 13 37 30 34 26 23 17 31 20 29 26 24 16 32 19 
21 31 16 19 31 20 13 33 22 30 28 29 21 24 14 19 23 20 27 45 13 10 13 25 19 14 19 17 32 31 
22 20 22 18 11 26 31 16 25 24 16 21 17 16 27 15 23 19 19 21 15 18 21 24 22 9 17 7 25 18 
28 31 19 18 24 12 30 21 46 27 20 13 36 16 22 13 17 16 19 20 13 10 32 29 23 21 18 12 28 28 
23 37 20 14 26 14 32 14 34 29 12 33 34 23 4 10 18 27 31 31 14 14 29 27 27 20 17 16 35 12 
31 22 20 12 21 34 30 25 20 22 23 11 23 24 23 10 23 23 24 32 21 14 27 20 15 10 16 16 35 14 
18 19 15 23 15 15 33 33 25 24 20 29 21 12 19 19 23 22 29 26 22 15 23 27 19 28 10 12 24 21 
17 27 10 19 15 26 35 8 30 20 18 31 23 16 21 13 17 24 25 13 26 19 34 11 17 18 15 7 28 32 
32 11 20 16 20 22 27 19 33 26 25 18 28 24 13 8 34 18 28 25 20 16 20 16 22 13 19 9 12 11 
22 20 21 12 21 24 29 30 24 23 13 24 20 22 11 12 17 13 31 11 23 18 36 20 15 11 16 18 27 14 
24 20 10 18 19 29 26 28 34 14 25 16 17 20 15 18 21 19 27 31 16 17 21 22 18 24 21 26 48 22 
10 16 12 8 11 15 24 27 25 18 12 24 23 23 19 14 15 21 22 14 14 15 26 21 17 17 20 17 34 17 
31 12 10 13 14 16 34 13 30 22 17 27 16 14 24 21 24 22 21 31 22 13 27 18 19 18 18 9 35 23 
14 23 16 13 27 32 18 24 39 16 26 35 26 19 12 20 17 18 26 38 17 20 33 20 27 19 16 14 31 16 
27 34 20 12 11 16 27 26 30 28 33 30 15 22 21 19 18 22 22 19 10 16 26 4 19 22 16 16 32 16 
26 11 7 23 36 21 29 23 25 20 18 26 21 15 15 13 31 19 27 18 20 24 33 14 10 12 20 13 30 10 
18 22 11 15 13 22 39 17 29 20 20 23 25 24 22 18 27 21 35 23 23 15 40 12 25 17 9 13 30 17 
15 25 21 15 13 33 23 31 30 24 17 22 27 19 18 16 23 26 22 23 17 19 27 26 14 19 28 12 24 27 
28 13 6 10 26 34 23 18 50 23 17 28 25 21 16 19 15 11 34 25 14 22 27 24 8 9 16 20 36 19 
19 27 15 15 20 22 28 16 34 23 21 41 30 22 13 11 24 25 15 39 3 11 30 23 22 19 18 13 36 12 
32 25 11 19 23 20 26 18 47 18 28 34 16 14 13 11 18 11 3 18 18 19 35 23 18 12 29 19 16 25 
24 21 21 17 15 17 29 20 28 24 19 17 20 29 11 18 27 16 20 34 19 9 40 26 25 14 19 16 35 19 
32 36 15 19 29 31 25 26 29 21 7 19 21 19 19 13 26 28 18 36 19 16 27 24 15 19 14 14 19 16 
24 29 11 8 19 17 20 23 26 18 13 17 15 19 21 18 14 22 35 31 20 9 27 14 19 18 18 16 31 38 
9 23 7 14 4 25 29 14 22 27 10 27 20 15 25 13 27 19 24 10 17 10 19 29 19 20 22 16 16 20 
22 17 11 14 15 13 32 17 23 16 22 25 18 19 22 14 18 25 34 18 25 15 20 20 23 18 17 15 50 10 
26 23 29 15 31 27 29 14 26 17 23 29 12 13 8 20 28 21 22 29 25 21 30 26 10 9 13 14 37 21 
25 23 19 20 19 25 27 15 19 23 20 30 22 20 18 10 22 25 33 21 9 17 7 21 15 21 10 18 39 22 
21 29 19 14 15 11 28 19 4 28 14 25 16 17 20 18 14 26 22 24 19 16 30 23 16 15 13 8 3 20 
21 35 11 15 22 26 18 10 20 21 12 30 23 18 22 20 26 29 31 25 19 18 19 8 29 16 12 15 23 19 
18 25 20 10 21 22 24 16 38 24 15 24 31 10 23 13 20 30 32 29 18 13 15 20 20 16 20 16 30 12 
31 20 27 9 16 21 16 23 37 26 12 33 17 25 13 19 6 26 24 29 17 11 23 23 16 25 30 17 40 29 
25 17 19 16 22 23 35 23 20 29 31 23 24 30 17 14 18 23 32 26 13 10 25 14 25 20 23 11 17 14 
19 29 13 16 17 25 35 13 22 25 23 28 38 12 19 11 20 16 18 37 14 18 30 13 14 17 21 13 42 18 
23 25 12 13 22 25 35 20 19 32 13 21 17 26 15 16 22 12 20 29 16 10 15 28 29 11 17 13 27 24 
22 22 17 7 24 22 27 26 33 22 29 23 24 16 25 19 19 15 16 16 30 19 32 12 24 21 19 11 20 20 
26 32 17 13 17 22 30 13 37 22 21 19 20 7 21 17 24 22 34 22 30 11 36 14 19 17 20 14 41 20 
24 33 21 18 25 15 19 34 23 9 14 32 26 25 16 7 31 34 26 34 18 14 23 22 16 19 24 14 38 23 
22 15 23 20 21 22 31 19 15 23 22 27 24 22 11 17 23 25 31 28 14 13 21 19 19 17 21 17 22 9 
18 9 9 19 19 22 25 14 34 23 28 16 17 15 16 23 31 16 22 25 19 16 26 15 16 28 26 16 23 16 
9 29 13 13 20 9 29 25 20 17 23 39 19 18 28 10 24 26 36 17 15 13 18 21 30 19 18 12 29 17 
16 29 16 10 19 29 34 22 16 21 10 36 29 25 15 15 22 22 24 31 18 11 16 22 12 6 21 17 38 19 
14 29 12 16 22 21 29 20 22 31 19 30 28 12 18 16 16 12 31 21 20 12 30 22 23 12 21 11 34 18 
25 19 10 17 19 35 32 19 17 24 13 22 22 25 19 22 12 18 21 26 18 12 21 23 16 6 10 16 17 26 
23 18 16 14 14 19 26 23 32 22 14 27 15 10 14 22 17 21 18 34 19 14 28 18 22 18 16 16 26 16 
20 24 17 8 25 17 23 37 25 22 31 38 22 14 24 16 16 31 27 30 23 11 38 11 23 16 13 9 12 21 
15 26 17 12 17 24 34 19 23 26 23 22 16 13 19 16 28 28 17 14 25 17 22 16 18 20 11 16 27 25 
24 16 14 15 23 28 20 30 27 15 14 22 20 16 16 15 24 30 23 32 17 17 20 27 15 19 20 17 30 17 
28 24 18 14 12 22 23 18 11 31 17 23 24 23 19 17 25 16 24 32 14 17 23 20 23 19 8 3 30 14 
30 27 14 11 14 26 26 15 34 28 26 27 28 19 19 17 26 13 16 24 16 17 9 14 26 9 18 16 28 21 
15 25 21 17 20 21 24 14 34 18 17 29 19 23 16 13 23 15 10 31 20 13 19 26 14 13 20 14 39 23 
13 19 12 9 15 17 31 25 25 25 26 25 24 13 16 13 19 21 25 15 27 20 27 26 13 23 6 19 23 15 
17 19 14 16 19 25 34 23 46 18 39 25 13 23 13 11 28 18 19 38 16 7 30 26 14 17 16 13 23 9 
23 24 17 12 19 17 29 28 30 25 12 23 17 5 26 10 26 15 21 40 19 18 17 29 28 14 14 10 42 15 
22 27 8 21 21 28 18 28 17 27 26 28 30 26 13 16 16 26 27 29 12 15 32 11 25 15 18 16 22 18 
19 22 15 19 23 31 21 18 32 27 20 16 30 24 7 11 23 24 10 28 13 25 22 32 19 23 14 16 23 21 
26 28 20 20 14 33 30 22 19 34 18 29 17 21 15 8 15 21 29 32 26 16 26 21 23 23 11 16 30 24 
19 25 15 16 15 26 27 24 33 26 18 27 22 17 5 18 20 7 28 23 8 13 16 16 20 13 20 10 32 15 
28 16 17 13 17 9 12 19 48 30 23 40 24 19 17 14 34 30 17 29 20 12 27 22 13 15 14 12 41 24 
22 18 26 11 13 28 29 25 22 21 26 17 17 18 21 19 13 23 29 24 10 13 27 19 21 10 24 17 44 9 
19 29 18 13 26 11 19 22 31 20 30 20 25 26 22 14 29 9 27 27 15 16 29 28 17 15 6 6 27 26 
26 26 14 12 19 27 25 28 28 21 14 25 31 18 12 7 29 18 30 33 20 8 20 20 28 19 5 20 35 23 
5 19 14 13 21 24 21 20 29 24 9 25 7 26 12 17 23 19 32 26 26 17 28 22 25 17 21 9 23 12 
28 22 13 12 9 13 25 23 27 24 22 29 21 19 14 14 24 23 43 32 23 15 27 22 11 14 23 12 22 23 
19 36 20 14 14 24 30 22 4 22 19 28 24 21 9 13 17 24 28 37 16 18 34 17 9 14 27 8 20 29 
9 16 23 16 32 24 21 19 28 15 13 31 13 10 12 16 27 16 25 23 17 11 22 10 18 23 25 12 16 23 
28 23 15 14 16 31 21 23 30 26 15 19 22 30 18 22 23 31 30 18 17 14 30 26 17 22 9 14 17 24 
17 25 15 2 29 23 26 33 25 20 26 11 15 18 17 17 23 23 25 20 18 7 32 20 17 21 20 27 40 22 
21 22 22 13 14 18 26 9 20 28 24 31 15 21 15 12 26 18 35 24 13 15 43 14 12 22 19 11 40 12 
20 27 10 18 23 33 22 20 36 13 22 19 22 17 17 15 34 19 20 21 25 19 16 24 22 17 20 18 33 22 
25 16 19 16 29 25 25 23 44 20 22 22 25 23 24 16 40 34 27 39 18 17 19 9 25 15 25 12 27 15 
13 33 13 16 18 24 29 18 33 24 16 34 21 19 24 12 24 19 16 20 19 14 32 25 19 19 22 12 39 16 
27 22 17 20 11 23 35 18 27 31 31 31 19 12 28 11 27 21 40 31 15 6 16 19 17 14 23 20 42 19 
15 30 16 20 12 15 29 18 34 22 15 36 31 24 18 21 22 24 15 34 25 14 26 11 9 18 26 27 26 12 
29 27 12 14 17 23 17 34 15 27 17 36 24 18 9 16 30 15 21 28 14 14 25 17 22 6 19 18 22 17 
22 25 16 13 16 21 9 29 29 35 22 28 14 17 8 18 27 27 13 48 14 14 31 37 22 24 20 13 39 11 
15 32 18 6 21 23 25 23 27 25 16 18 14 20 14 16 17 14 20 30 20 14 32 15 21 14 16 22 16 30 
25 34 12 16 14 25 19 27 23 22 15 31 19 21 20 10 35 11 20 30 29 13 25 23 16 22 10 16 32 17 
10 25 17 10 14 22 35 18 30 25 27 18 20 17 15 15 24 26 35 26 27 14 28 25 24 23 26 7 27 15 
23 24 13 18 17 25 30 23 31 20 24 30 30 27 18 15 11 24 32 26 20 14 37 12 11 16 26 8 18 25 
15 21 15 17 15 23 44 32 16 18 20 23 20 16 13 21 32 23 20 28 16 21 17 11 19 12 21 15 18 20 
28 22 15 15 23 24 35 15 27 13 22 23 23 14 14 11 18 6 28 32 18 13 50 25 8 15 17 11 29 20 
19 24 23 13 12 20 27 25 23 19 26 23 25 24 17 18 24 16 34 30 19 10 18 18 20 21 21 17 36 34 
21 26 23 13 16 20 27 27 33 13 31 26 28 16 16 20 25 9 21 23 13 11 26 22 21 14 15 12 38 29 
26 19 14 18 21 26 19 23 23 20 19 11 14 21 15 11 18 21 32 36 17 13 25 21 17 27 15 15 32 26 
32 21 17 21 13 12 36 20 42 23 16 42 25 20 13 11 21 17 16 39 21 18 21 23 25 13 10 9 29 26 
12 28 10 16 26 30 35 21 20 28 19 25 22 17 17 11 33 21 19 17 14 10 19 21 14 19 24 17 21 18 
20 27 8 15 8 30 22 22 41 21 7 35 16 22 10 24 26 13 34 22 20 8 20 19 12 23 15 22 26 23 
19 14 15 16 26 20 37 25 24 16 17 28 22 16 25 16 21 18 14 20 29 17 27 24 21 20 20 23 31 19 
27 26 15 15 28 36 25 27 36 24 26 26 18 22 14 17 24 13 35 26 19 18 20 14 22 19 17 17 25 17 
19 25 19 17 28 30 25 35 24 30 11 37 24 16 9 14 22 26 30 23 14 14 25 13 17 10 33 17 35 18 
32 22 15 11 33 24 30 24 39 21 21 44 18 22 18 22 15 15 45 25 23 14 27 15 22 19 9 11 19 16 
14 31 20 16 15 26 29 25 41 17 27 37 16 23 16 14 36 20 26 36 16 13 19 23 19 13 24 18 39 20 
23 23 29 21 17 16 30 14 33 20 12 40 21 26 18 14 29 20 34 25 27 16 40 20 14 17 19 21 36 23 
18 28 19 20 22 20 34 12 30 20 8 11 21 22 16 14 25 21 17 35 14 12 13 23 17 26 20 16 31 19 
32 30 18 10 22 15 16 22 26 9 12 21 26 9 8 15 26 16 19 29 11 10 22 9 17 12 16 21 22 9 
21 23 16 13 31 23 26 20 28 14 19 29 24 15 10 15 16 19 22 35 12 12 25 7 21 13 22 20 16 21 
22 16 17 22 25 21 33 14 28 24 15 30 33 19 9 22 18 20 18 26 26 14 32 15 19 13 14 13 29 16 
17 30 16 14 15 23 18 19 32 29 12 32 19 17 19 20 25 24 32 21 20 18 21 23 20 16 16 9 29 19 
19 24 19 7 20 20 24 23 18 19 29 28 22 17 22 14 22 21 25 37 24 16 25 13 17 21 16 13 14 19 
27 23 24 13 19 17 26 27 48 19 19 25 31 20 20 13 23 25 24 29 23 8 28 31 19 19 14 22 31 14 
18 16 12 20 23 19 27 25 22 27 34 20 20 28 19 20 35 26 25 27 21 19 30 18 26 22 10 20 24 16 
20 29 22 11 17 22 35 22 18 22 14 19 35 16 18 16 7 14 24 20 30 13 28 17 20 16 11 16 29 22 
24 24 15 16 15 4 22 25 24 26 20 31 20 13 21 12 28 24 10 20 20 16 23 17 30 9 15 13 28 22 
16 30 12 18 22 24 46 20 45 20 11 31 23 18 12 22 17 21 32 15 20 9 39 24 17 18 23 5 34 9 
37 19 13 8 16 15 31 21 11 16 13 19 21 25 14 9 19 20 24 40 20 16 20 17 22 7 10 15 31 13 
33 25 11 14 25 26 29 23 19 20 10 19 20 19 22 16 19 12 24 33 15 13 29 12 13 19 17 22 29 27 
27 36 17 20 26 19 27 24 21 30 23 24 24 17 21 14 26 29 34 26 28 10 25 29 14 22 10 11 34 18 
19 25 18 13 22 23 29 20 40 26 10 19 23 19 17 11 16 18 26 21 13 8 43 27 18 20 24 19 34 20 
19 14 16 21 19 15 30 23 31 14 24 29 30 16 19 19 17 23 26 32 14 15 31 8 9 9 13 22 24 29 
34 20 15 11 12 39 15 26 32 32 20 13 35 18 20 13 23 15 30 33 23 20 22 18 11 18 20 8 28 26 
24 28 16 14 39 25 30 30 28 21 16 35 24 12 19 13 18 15 37 16 18 16 30 29 6 17 26 17 34 28 
15 22 21 11 21 26 27 28 23 32 12 26 15 25 21 13 17 16 21 9 22 18 14 25 20 12 16 11 29 12 
24 26 12 20 23 16 27 13 26 21 18 38 14 13 14 12 29 16 20 33 20 12 26 21 7 25 21 24 35 12 
33 26 14 14 18 29 29 20 33 31 17 16 35 18 12 16 11 11 29 30 21 16 29 17 17 19 15 17 31 15 
18 11 17 12 21 20 17 18 23 29 20 28 24 21 21 15 19 16 27 27 23 14 36 24 24 22 22 8 42 25 
32 19 17 19 15 16 20 24 30 31 25 26 17 19 21 11 23 24 31 28 13 7 38 12 18 16 17 12 33 9 
21 14 12 16 22 19 21 18 35 18 19 31 25 24 18 15 25 16 17 40 20 15 34 19 16 22 14 13 41 15 
18 14 14 10 21 23 29 24 39 19 18 32 18 16 20 17 11 26 25 22 21 14 37 24 24 12 13 23 22 27 
15 38 10 13 18 32 22 27 43 24 22 28 15 19 13 5 26 15 32 25 8 14 26 10 20 9 23 13 31 21 
18 23 11 9 24 23 41 28 38 23 14 13 28 25 12 20 35 20 26 24 20 11 27 18 27 20 26 8 32 25 
21 33 15 18 15 23 22 13 15 21 28 38 22 23 13 21 14 24 22 22 23 18 21 10 21 17 21 15 29 23 
29 12 15 9 10 28 20 14 13 30 21 29 21 20 17 16 11 31 16 31 19 12 30 27 13 15 18 12 43 21 
28 24 13 10 19 27 19 17 25 20 13 28 28 21 14 21 27 22 26 29 21 8 38 17 17 17 14 19 34 13 
27 29 19 10 17 19 17 23 17 18 20 40 21 19 14 12 34 24 24 12 21 13 29 14 8 19 19 14 42 16 
15 21 14 20 19 34 27 19 35 12 19 28 17 21 12 13 24 18 21 23 19 20 26 11 16 17 16 18 34 17 
29 25 10 19 11 6 40 30 35 19 36 23 21 14 10 20 23 15 34 30 19 16 25 16 16 13 8 17 22 16 
22 31 11 13 27 19 39 24 33 18 18 34 14 21 20 17 28 21 38 22 22 14 31 13 14 9 21 15 26 11 
26 20 16 18 16 35 31 24 42 21 15 23 23 23 12 15 34 20 35 26 11 22 35 9 23 17 11 15 40 21 
23 15 17 12 21 23 41 17 13 23 23 27 15 9 22 10 35 33 31 29 16 18 22 8 14 18 11 13 43 14 
15 27 16 14 22 22 21 26 20 16 13 12 25 13 17 15 16 8 22 29 15 21 25 19 18 22 21 20 41 17 
18 25 15 16 22 33 33 21 29 16 20 25 22 22 15 19 25 10 25 19 21 19 16 22 20 14 15 13 30 9 
21 18 27 14 16 7 18 19 36 29 16 24 26 18 21 18 22 25 32 29 16 13 22 23 18 12 18 21 41 23 
20 10 24 20 21 19 13 21 22 17 32 24 24 18 22 18 28 25 25 33 18 18 21 18 23 19 22 16 12 22 
22 34 16 16 17 28 17 18 27 23 28 20 22 14 17 11 19 15 16 30 16 13 21 18 21 6 8 16 28 24 
17 34 16 11 35 24 31 24 22 19 24 32 29 18 5 15 17 10 23 34 10 17 29 22 13 22 10 20 33 14 
21 20 24 14 11 20 22 11 39 22 18 16 25 21 20 15 23 27 19 30 14 9 32 23 19 12 18 8 29 19 
19 23 15 12 18 11 28 11 13 16 19 26 29 17 19 17 22 21 28 29 13 19 23 31 7 15 17 23 38 12 
10 21 18 13 24 12 27 22 33 18 20 8 20 19 25 13 31 15 18 31 15 17 31 24 11 15 14 22 44 25 
17 23 18 20 20 21 32 5 31 24 16 30 20 34 13 26 6 11 23 32 14 18 25 11 25 14 17 17 15 26 
20 11 18 15 18 20 30 28 22 25 28 31 17 18 15 16 28 35 26 31 8 15 28 19 18 20 16 13 43 15 
27 25 17 15 20 28 10 22 23 33 18 13 35 16 12 10 10 10 17 14 27 8 18 18 11 21 12 14 31 17 
16 18 16 9 22 24 31 22 24 18 15 29 24 6 15 19 21 21 28 34 17 12 23 5 24 7 14 17 35 17 
22 27 17 14 14 18 28 11 30 28 19 29 25 26 16 21 24 20 31 28 14 19 38 25 17 16 25 9 23 28 
12 25 18 21 29 16 39 22 26 21 30 28 22 12 20 11 19 13 21 22 20 15 18 14 12 21 23 13 53 10 
21 22 15 20 27 22 24 7 31 18 27 25 12 19 16 20 26 16 24 24 28 15 19 13 9 20 18 18 40 13 
17 27 15 18 14 24 12 26 29 20 18 32 23 20 16 11 22 25 23 26 15 8 25 17 19 15 17 17 25 30 
22 23 17 21 25 28 27 27 40 21 23 24 22 5 12 15 24 14 27 39 18 15 24 9 17 18 21 11 46 22 
23 12 9 10 15 21 16 28 18 21 19 29 22 20 11 20 29 17 40 14 14 15 21 20 25 22 26 17 35 24 
21 23 18 15 16 30 41 1 7 14 19 22 22 24 20 10 20 25 25 30 18 15 26 13 18 13 19 12 44 21 
24 22 11 10 26 14 23 28 24 28 25 23 29 14 17 12 22 10 31 23 27 21 31 28 14 11 14 16 19 5 
18 17 17 23 23 29 33 27 38 27 31 25 17 18 25 16 19 23 30 23 15 14 22 21 16 17 16 12 30 30 
18 32 16 18 18 24 24 23 36 19 21 16 30 21 15 17 19 14 28 24 18 14 23 18 22 8 10 13 32 18 
18 20 16 12 11 26 32 23 32 18 22 25 19 22 18 12 27 23 18 15 23 24 19 26 10 7 24 17 35 23 
22 21 24 9 18 18 12 23 25 24 28 24 22 25 19 14 28 14 19 21 24 13 30 19 16 20 17 17 14 7 
20 32 20 18 21 22 21 26 40 24 22 33 19 14 16 15 12 23 21 17 16 10 25 12 14 13 17 16 36 20 
21 11 16 19 18 31 33 22 22 22 23 37 20 25 15 18 21 12 27 23 16 8 29 20 21 18 17 18 33 28 
14 31 14 6 27 29 41 21 36 37 14 18 17 21 18 19 19 26 25 32 15 14 21 19 11 8 12 15 32 21 
21 30 19 9 17 26 26 17 20 29 18 28 12 21 15 14 30 21 20 7 18 14 32 20 20 17 16 9 32 18 
21 25 13 8 13 31 31 18 37 25 15 26 22 16 22 16 30 21 28 26 22 12 38 19 24 21 15 12 29 27 
14 27 11 12 16 14 32 31 37 29 18 20 13 19 20 15 33 12 33 18 14 18 19 29 17 21 19 10 42 21 
20 36 7 10 18 22 13 5 28 23 19 30 26 18 14 10 21 18 15 34 21 9 13 25 21 15 13 18 31 19 
22 15 21 12 17 30 25 22 33 24 28 25 16 7 21 21 17 22 34 36 12 17 18 22 30 9 11 14 38 23 
34 18 19 18 12 35 14 8 16 24 13 33 31 23 15 18 19 20 31 24 13 9 19 27 18 23 18 16 32 5 
28 26 13 14 12 19 25 24 28 24 17 24 21 20 24 19 31 24 24 16 22 14 25 28 19 21 14 14 28 21 
15 19 11 13 11 21 23 16 18 20 26 23 21 27 20 11 18 15 24 23 18 12 20 17 12 15 20 13 52 21 
15 10 22 13 14 22 38 14 45 20 19 7 19 22 5 20 34 7 30 24 21 17 22 15 21 19 22 11 27 28 
23 19 22 14 26 32 19 20 27 23 24 22 35 16 20 17 22 22 23 32 6 22 33 12 25 19 24 14 36 23 
20 29 16 14 18 20 36 19 32 11 15 12 10 28 24 17 28 24 30 12 15 13 35 8 14 18 10 16 36 18 
11 18 20 18 22 26 34 27 25 16 8 20 34 27 19 16 20 22 34 28 22 14 31 23 15 14 25 19 36 30 
22 25 15 25 14 26 21 25 23 18 23 24 22 19 20 20 14 19 20 20 17 16 27 23 23 17 21 15 32 17 
22 17 17 16 21 23 30 31 39 18 17 22 17 25 17 23 26 29 30 31 17 12 23 15 24 12 18 16 40 16 
16 15 8 14 28 12 24 31 22 21 12 25 35 26 10 16 19 17 25 20 23 11 23 26 17 20 16 13 35 28 
22 22 20 14 26 25 24 34 35 20 20 29 26 14 19 15 22 34 38 21 13 18 26 11 22 11 18 17 37 29 
29 23 20 17 8 27 34 33 37 22 20 34 21 14 15 10 32 13 26 35 17 17 29 17 19 19 17 15 32 13 
21 23 10 17 21 32 25 22 25 10 11 28 14 22 5 21 16 23 34 39 29 17 28 23 15 17 17 11 43 24 
27 34 9 12 16 21 13 27 22 19 25 36 15 18 16 19 15 15 33 28 21 9 13 16 19 18 22 14 42 11 
24 29 17 20 19 30 26 30 27 25 18 36 29 22 21 20 17 5 17 24 15 14 28 20 18 14 15 16 49 23 
18 19 14 13 24 26 34 19 37 27 25 26 12 18 21 12 30 23 17 33 17 14 25 18 19 18 22 16 45 27 
26 33 12 15 24 24 13 25 26 26 21 13 15 20 24 17 25 25 21 25 14 20 31 22 16 24 17 15 25 22 
21 20 19 12 20 20 27 23 21 24 28 24 33 22 23 15 18 19 20 25 22 19 27 22 23 17 13 17 34 16 
23 9 23 12 15 22 26 15 21 17 36 21 23 21 11 11 30 18 26 21 28 16 22 21 11 20 20 17 42 15 
24 30 25 14 16 29 24 15 29 12 28 27 20 20 22 15 14 30 3 21 18 20 33 18 22 18 9 25 36 25 
26 22 18 13 11 25 24 26 27 13 4 23 23 15 10 20 25 26 29 27 15 17 34 26 25 24 19 20 18 11 
19 20 19 20 23 29 32 6 35 20 18 10 19 23 9 23 45 14 33 23 11 13 25 23 21 22 17 16 33 15 
25 19 12 13 24 19 26 20 25 14 21 28 34 22 19 14 22 33 27 27 24 16 36 22 28 19 12 23 31 33 
20 35 19 15 27 28 12 18 37 19 17 31 22 13 16 12 35 18 27 29 25 10 22 17 14 9 14 13 27 26 
19 18 15 17 17 19 29 19 28 16 14 19 21 22 17 17 11 19 20 45 19 17 25 19 23 22 17 11 24 18 
18 33 22 12 28 21 44 22 29 29 18 7 23 26 11 12 27 15 33 31 16 17 32 24 14 11 21 26 39 25 
17 21 11 17 14 26 10 15 22 24 32 32 27 11 16 15 25 16 36 16 20 18 30 19 25 16 17 20 23 24 
22 24 12 14 32 26 27 25 43 19 14 13 32 16 10 17 22 18 21 16 23 12 24 31 22 23 17 19 32 22 
29 25 10 17 21 20 19 23 25 25 15 35 26 21 17 23 27 3 24 23 16 18 11 29 23 27 21 17 35 25 
20 19 12 17 29 25 23 8 33 21 27 20 22 27 21 12 19 10 31 18 11 16 25 21 18 18 12 17 24 27 
27 32 14 13 18 19 32 25 39 24 23 30 20 11 22 13 15 15 16 23 17 19 31 20 25 12 16 18 40 17 
29 26 13 19 18 36 38 19 16 28 24 39 16 21 24 19 19 21 21 33 16 9 30 23 19 27 19 14 31 15 
26 19 24 13 18 28 32 26 27 24 23 20 21 16 15 11 17 25 28 22 24 9 17 14 19 11 25 6 40 20 
26 19 16 12 15 22 29 23 25 19 19 28 21 21 16 19 19 22 37 24 8 18 27 16 12 21 25 18 31 17 
17 25 14 21 26 16 21 20 24 24 18 41 25 17 24 13 24 20 27 13 19 17 27 21 21 15 21 14 32 4 
12 19 13 23 22 23 30 16 37 24 19 32 21 21 14 16 35 22 24 38 14 22 21 20 14 27 21 19 34 19 
23 32 18 11 19 27 24 23 27 20 13 24 22 9 16 17 21 15 17 23 15 10 29 22 19 18 10 10 39 20 
23 17 22 11 22 16 18 22 37 19 24 10 29 24 23 17 11 29 31 33 17 16 22 11 14 17 15 18 32 19 
23 28 18 20 17 16 23 26 28 26 24 32 31 18 13 26 20 17 27 27 24 9 11 23 19 8 14 15 13 27 
23 28 20 20 31 20 18 28 8 14 12 37 37 16 15 25 37 17 21 34 14 14 31 20 27 21 17 12 40 16 
31 13 17 20 20 25 23 31 20 18 29 19 18 13 13 15 13 17 29 34 16 12 37 26 20 19 19 14 36 18 
15 29 13 16 14 18 20 19 23 10 20 19 14 21 21 18 16 10 36 31 16 16 23 20 18 28 14 14 27 25 
26 29 16 15 19 23 20 24 29 11 20 14 25 24 24 18 27 19 20 27 12 18 24 16 27 15 19 20 41 23 
11 27 18 12 12 13 37 27 25 32 28 34 26 27 20 23 33 8 32 12 18 18 22 15 16 23 6 10 10 18 
29 32 15 14 22 19 24 24 33 10 18 11 22 19 25 25 24 15 25 30 24 15 22 21 16 25 24 19 40 20 
11 35 9 18 33 18 34 22 19 18 31 31 17 17 11 16 23 16 23 33 23 17 22 22 26 20 23 8 50 10 
31 28 14 20 32 19 27 28 31 20 20 34 32 22 11 21 30 21 33 10 22 13 19 27 17 18 13 11 37 24 
20 22 15 13 22 25 20 26 33 33 27 32 17 22 13 26 27 25 24 22 18 12 26 19 25 15 14 10 35 28 
33 15 12 11 21 22 33 18 34 25 21 15 16 24 16 12 22 19 24 30 16 17 24 21 21 9 9 16 29 18 
19 17 12 13 25 18 23 22 25 17 20 29 23 19 24 12 17 16 15 27 20 17 24 19 6 11 22 20 27 30 
20 35 23 14 17 24 19 34 20 18 25 28 27 22 21 11 26 20 26 19 24 14 22 25 17 22 14 20 31 15 
21 25 11 15 26 30 24 21 20 17 25 24 20 5 14 15 24 18 17 27 27 15 24 13 18 13 9 17 19 25 
19 28 14 16 21 14 35 20 32 17 20 27 19 21 11 19 13 23 18 22 25 16 25 23 21 14 24 17 29 21 
12 11 15 11 15 25 26 27 25 21 16 24 27 19 23 20 13 17 23 20 19 13 15 29 18 19 17 18 24 16 
17 21 15 16 27 31 31 27 23 16 20 29 19 20 25 20 25 21 24 36 32 12 23 23 14 19 23 18 33 30 
32 26 23 15 19 30 18 23 27 15 21 18 12 17 21 20 18 12 28 29 19 12 35 21 25 13 14 15 30 23 
19 23 13 15 12 19 26 20 35 19 19 25 28 20 7 19 30 21 23 28 20 15 22 14 11 17 21 18 16 12 
21 21 18 29 25 27 23 15 27 17 20 7 25 18 15 17 35 19 43 22 18 18 17 23 24 20 19 12 25 30 
31 22 15 17 16 31 34 29 26 26 14 32 27 13 17 16 24 7 21 32 13 15 21 14 19 15 16 14 35 23 
23 31 10 5 26 29 19 17 36 17 24 8 20 24 4 7 32 17 44 23 15 15 32 31 20 15 20 20 33 18 
19 28 11 8 19 27 18 28 30 17 10 33 21 24 18 17 33 20 26 19 14 11 33 19 22 7 15 13 32 22 
16 24 16 15 23 31 20 25 27 14 20 23 22 23 15 18 32 13 21 17 11 12 27 14 13 24 23 21 42 18 
19 17 15 16 24 13 20 25 39 8 11 29 22 28 4 20 20 21 13 26 22 16 38 23 24 18 10 19 27 12 
17 24 20 16 25 23 19 17 31 30 23 32 33 15 18 21 19 30 17 32 25 17 33 14 17 17 31 13 40 24 
20 20 13 16 10 20 21 26 30 20 16 19 22 26 15 18 20 24 31 26 18 13 26 27 16 20 23 11 22 23 
18 13 16 14 22 23 27 19 25 21 12 18 25 19 13 10 24 21 20 34 20 16 4 24 27 20 20 20 34 24 
17 13 20 15 24 36 20 24 25 22 33 36 26 18 18 15 32 18 31 25 26 21 16 22 18 24 21 12 25 29 
29 30 19 16 25 26 23 20 35 17 19 42 26 27 13 21 23 17 14 23 20 21 33 16 31 17 11 20 38 16 
17 28 16 10 24 28 23 24 38 28 11 26 16 18 13 19 27 27 31 26 14 9 26 21 19 18 19 16 33 20 
14 11 14 19 13 32 12 21 25 15 15 30 24 14 18 21 33 21 28 16 9 8 28 22 30 28 26 13 12 29 
29 23 18 23 24 27 30 21 35 28 19 22 18 16 17 11 22 22 28 25 15 21 30 16 20 16 10 14 36 17 
27 27 16 12 22 17 24 27 30 12 8 31 28 18 18 16 21 9 26 25 18 13 28 14 14 14 28 21 11 25 
13 26 14 9 33 20 25 18 30 18 24 21 30 11 17 21 14 10 16 37 18 14 23 27 22 14 31 14 28 14 
10 30 18 14 16 18 16 29 30 23 10 32 15 22 14 17 18 24 20 32 21 18 31 23 18 17 24 20 39 23 
22 21 12 19 26 27 31 23 30 15 11 30 12 28 29 12 25 20 18 28 26 11 38 19 18 14 20 16 15 18 
19 27 21 16 32 16 29 25 32 18 17 38 13 9 23 18 14 8 48 21 18 10 17 21 21 21 22 18 37 19 
21 10 8 10 16 21 23 14 21 20 15 23 29 18 14 14 24 32 34 15 18 18 21 10 14 10 20 11 28 27 
27 20 12 20 21 19 36 11 30 20 14 24 36 18 11 10 39 21 24 28 21 17 33 24 20 17 18 17 23 20 
15 29 21 10 9 32 9 25 30 20 23 19 26 17 21 21 26 16 20 27 13 20 21 21 23 23 20 24 42 25 
21 22 11 15 15 12 37 26 55 12 14 32 23 17 9 13 36 23 39 27 14 14 16 40 16 14 17 12 28 9 
14 34 20 11 16 24 26 12 20 16 27 21 20 14 14 17 13 22 24 24 21 20 39 10 16 9 16 16 15 9 
17 34 21 13 20 7 32 17 35 14 24 19 23 15 15 15 18 11 32 27 24 12 26 29 10 17 21 17 37 27 
23 19 9 17 15 26 29 25 26 21 19 40 20 19 16 8 29 25 27 35 23 14 30 21 20 19 16 14 35 15 
31 29 13 14 13 26 23 37 24 13 16 24 26 15 13 10 21 17 13 28 20 14 28 39 25 16 18 10 36 16 
20 6 20 17 17 29 18 12 7 18 16 20 16 27 16 15 19 16 24 24 27 19 19 11 14 11 24 20 34 16 
31 41 12 21 24 25 18 21 34 23 15 35 8 18 26 15 26 25 29 23 22 14 36 17 12 12 14 12 15 15 
25 32 15 28 12 13 25 26 27 24 20 22 23 21 18 11 26 19 25 25 15 13 27 19 17 11 15 11 24 22 
18 24 19 16 21 27 26 22 27 26 18 38 29 20 22 18 16 16 32 15 10 19 23 17 17 21 19 11 28 11 
23 25 16 18 24 17 17 27 34 30 13 28 19 19 15 19 21 25 20 37 22 18 30 24 12 19 23 12 50 34 
16 32 18 14 24 17 19 30 41 23 18 15 11 19 10 14 28 15 21 30 21 11 19 17 13 9 22 18 27 25 
27 17 17 18 29 10 38 21 35 18 20 40 17 20 11 12 15 30 34 32 24 16 16 26 21 17 19 18 16 27 
29 25 17 16 20 15 27 10 44 23 8 31 15 20 14 13 26 12 37 24 15 14 34 22 19 13 24 13 29 27 
26 22 13 15 22 16 26 23 24 10 21 23 25 25 10 15 17 9 23 16 24 23 22 22 9 17 19 17 25 14 
26 17 20 12 14 15 33 15 39 24 19 21 29 12 15 16 36 31 23 21 20 13 35 22 3 20 16 18 38 36 
21 22 21 15 14 10 18 19 15 16 29 27 26 19 13 15 16 27 26 20 17 18 33 18 22 16 22 16 27 21 
22 20 15 16 26 20 39 26 20 20 20 26 29 14 21 15 30 18 25 26 15 19 11 8 15 13 24 14 25 27 
24 32 13 19 16 20 30 32 38 21 28 23 25 26 22 17 21 19 14 33 24 14 24 14 18 15 12 14 19 11 
39 24 12 17 15 13 27 28 22 32 22 36 31 23 15 7 32 18 32 36 21 16 24 21 12 23 14 14 28 26 
27 16 15 11 27 20 29 11 28 14 16 21 19 13 28 16 21 21 24 24 28 17 30 19 19 15 11 18 42 27 
24 26 13 21 19 16 31 11 26 20 19 23 29 14 14 15 26 23 32 27 18 19 21 26 22 27 16 15 18 21 
15 27 14 18 13 24 25 18 23 19 20 33 17 25 16 9 22 27 22 33 17 8 29 20 14 23 25 14 13 32 
28 25 19 12 35 24 28 18 29 22 13 26 29 12 17 21 28 23 25 32 21 19 22 15 14 5 18 9 8 12 
17 44 16 12 21 22 37 27 28 22 19 18 18 20 18 18 18 11 27 26 19 14 40 17 19 12 18 8 17 22 
18 28 11 25 23 31 17 23 8 11 17 30 17 16 16 16 31 17 33 13 12 22 42 10 19 18 15 11 29 16 
16 18 22 13 17 19 13 24 34 16 23 26 18 15 15 18 17 12 21 25 13 14 26 20 21 24 23 13 14 24 
28 19 12 12 19 33 15 26 21 30 24 30 25 13 13 17 23 21 24 16 20 14 35 15 23 18 23 9 25 27 
22 25 15 18 10 27 18 21 22 27 17 35 19 16 19 16 22 24 22 37 17 12 23 5 19 23 21 14 34 29 
29 14 16 18 19 29 32 26 28 27 23 23 18 13 16 17 26 18 33 34 24 18 32 27 17 12 14 9 27 23 
25 24 21 17 23 16 27 33 35 23 27 32 19 14 16 14 26 26 20 42 15 19 19 19 12 15 24 16 43 22 
23 28 16 18 9 16 24 25 24 14 17 28 30 12 19 12 12 16 16 36 20 15 32 7 21 17 12 20 32 23 
22 28 15 15 20 26 27 28 34 20 13 34 25 13 16 17 31 25 18 29 29 17 28 30 8 23 10 12 30 21 
19 10 14 12 18 18 25 31 29 17 18 29 14 23 17 12 22 15 31 18 24 23 22 31 20 19 17 19 15 17 
16 24 14 21 29 17 28 26 26 16 25 14 16 17 15 19 15 29 23 28 21 20 32 21 20 16 19 11 22 18 
26 28 19 12 17 28 17 23 32 11 18 29 7 23 15 10 23 23 38 20 14 11 25 17 21 14 14 21 30 22 
21 19 13 8 21 27 20 20 27 23 22 18 29 21 12 16 31 14 26 24 22 16 28 27 21 20 14 22 42 24 
23 16 16 13 16 27 21 30 37 23 25 36 18 21 14 9 21 23 39 26 12 19 20 19 11 13 23 14 28 14 
20 11 3 19 14 29 25 18 37 20 30 35 21 15 11 17 17 26 36 32 30 11 36 26 18 25 29 14 24 20 
11 25 9 19 20 11 8 27 23 30 21 34 29 15 17 21 7 20 30 20 11 9 30 17 18 7 23 15 15 20 
19 23 13 12 16 23 29 19 22 25 15 27 26 23 14 20 31 10 17 23 11 15 17 27 14 26 9 18 48 24 
24 25 16 20 13 18 15 30 38 16 13 28 14 15 22 14 33 32 36 16 16 14 25 32 15 10 18 24 46 10 
27 27 13 5 18 26 36 9 23 28 29 20 21 17 16 13 38 21 15 13 18 10 17 21 15 15 18 22 49 24 
24 25 16 14 26 22 20 11 18 27 21 18 14 22 16 9 11 23 26 29 15 18 25 17 15 25 18 22 33 26 
21 14 18 16 9 33 32 27 37 24 22 24 20 14 16 11 27 8 32 26 15 18 33 14 16 20 17 8 23 19 
25 21 11 12 10 33 21 10 19 18 12 20 28 3 20 15 25 26 30 23 16 12 24 22 17 28 16 18 27 17 
18 24 19 9 19 16 30 25 38 27 25 22 27 18 19 19 27 23 18 30 16 19 24 20 21 11 16 19 20 14 
18 24 17 29 18 20 20 21 30 21 23 28 15 27 13 20 18 16 27 23 17 14 24 15 8 18 23 7 22 11 
27 22 23 13 19 20 27 27 30 17 12 29 33 14 10 10 21 9 26 19 10 11 25 24 17 23 12 12 22 22 
26 30 19 13 10 26 31 27 23 25 20 11 33 20 22 14 20 26 30 35 22 11 18 21 13 26 17 15 43 23 
20 17 12 17 14 25 30 27 32 29 25 22 19 20 17 18 17 21 23 21 21 22 15 25 12 25 13 13 41 15 
23 31 19 17 8 18 31 14 36 22 34 25 21 19 17 14 24 31 27 26 19 18 14 22 10 18 18 11 33 21 
36 11 15 18 23 26 24 26 32 13 7 26 21 20 18 16 19 22 32 35 23 21 23 20 14 16 16 13 35 19 
25 21 14 8 17 18 14 32 27 26 16 13 29 26 17 17 29 16 24 34 19 15 25 15 20 9 21 9 21 30 
18 19 12 15 25 21 24 12 20 35 10 32 20 30 13 16 27 17 23 25 16 15 43 22 26 11 15 18 38 8 
29 25 17 15 33 24 34 16 49 14 21 38 16 16 11 17 40 22 20 37 24 13 16 27 10 21 19 16 19 25 
11 24 20 7 13 13 39 32 15 23 14 35 25 22 15 17 13 16 27 10 25 10 30 22 19 15 19 17 30 27 
19 26 14 10 17 18 23 17 25 17 26 32 27 23 23 13 20 24 23 32 16 19 16 26 23 17 19 18 39 16 
19 37 13 14 16 15 17 27 30 12 29 42 21 17 18 23 16 21 21 30 21 20 36 21 21 23 19 16 27 21 
23 25 15 16 18 30 31 18 34 21 10 26 5 18 18 16 25 24 24 30 25 12 24 10 25 19 23 8 28 14 
25 21 20 16 23 18 21 24 33 20 36 23 15 18 12 14 22 18 29 19 16 15 28 22 20 10 12 15 39 9 
17 32 15 16 26 19 32 38 33 24 14 26 30 24 13 15 22 25 18 33 18 14 32 19 14 24 15 16 17 17 
13 35 10 11 20 26 38 24 31 20 17 29 23 15 18 27 21 22 37 36 24 11 31 10 27 14 23 11 20 11 
19 25 16 8 20 10 6 40 4 19 15 18 25 13 16 16 33 20 19 26 23 18 15 18 17 16 19 19 29 28 
23 26 13 12 24 19 29 5 30 23 21 27 17 21 18 20 28 13 24 22 20 12 25 31 19 17 18 15 19 22 
27 22 16 13 27 20 19 27 35 22 30 21 13 18 6 14 32 22 35 25 21 16 15 20 17 24 23 12 28 21 
25 17 23 13 27 36 11 19 28 24 14 20 17 19 18 21 31 17 25 37 22 7 21 19 20 17 19 27 40 19 
25 31 16 11 25 21 24 22 32 18 16 24 23 19 17 11 9 16 14 18 29 19 23 15 16 16 20 11 29 20 
22 16 13 15 27 22 15 27 27 26 12 34 19 23 16 11 28 12 26 33 12 17 30 14 22 14 14 18 34 18 
27 25 19 17 14 21 26 20 27 24 14 19 19 21 19 15 25 27 21 28 18 14 21 24 20 21 34 12 16 19 
22 24 17 20 16 16 15 12 8 22 34 47 28 16 17 20 34 19 29 20 21 7 29 11 27 8 9 9 29 27 
41 26 24 13 16 26 23 21 31 15 21 23 27 30 15 11 17 8 22 40 22 18 22 19 26 16 11 17 34 21 
28 30 20 15 21 32 32 29 24 27 20 17 8 22 26 16 24 13 25 26 18 16 28 21 17 24 18 13 17 19 
23 21 21 15 20 21 26 35 31 32 23 8 18 21 17 15 38 21 29 22 8 19 40 34 12 13 18 5 30 25 
14 36 13 9 21 18 35 20 21 27 11 31 22 12 11 17 26 27 27 36 25 16 20 24 25 16 25 17 32 16 
14 14 12 17 20 15 18 25 25 19 18 26 20 12 13 20 27 8 24 34 14 18 27 23 22 20 21 15 36 32 
24 32 13 17 25 29 16 37 40 17 16 24 31 20 15 17 21 17 26 14 18 14 28 16 22 20 5 11 32 20 
23 27 17 15 19 19 29 21 30 27 20 13 22 26 19 10 17 30 25 23 11 12 32 15 10 20 20 13 15 20 
27 30 20 10 21 24 38 11 38 23 16 28 28 22 22 16 27 23 18 30 21 13 33 26 16 19 15 14 22 25 
21 19 10 18 20 30 23 25 32 17 20 24 14 21 23 14 13 16 23 26 15 13 16 29 17 25 16 12 32 18 
7 24 16 18 12 25 27 26 24 36 13 16 28 22 22 15 19 16 29 28 20 11 26 27 16 17 15 13 13 19 
32 24 16 10 24 26 32 22 31 25 24 35 16 23 17 13 25 16 38 26 21 12 21 20 15 27 16 14 23 15 
25 24 15 12 21 35 37 28 22 23 14 29 31 11 18 21 15 28 19 34 13 10 35 21 17 20 27 19 17 16 
18 31 17 17 23 23 25 23 9 13 25 26 19 14 19 15 17 11 35 16 19 18 30 9 12 20 12 10 32 20 
25 18 21 14 15 27 39 16 38 27 13 34 19 16 23 14 18 12 24 23 21 15 26 19 18 16 23 20 28 16 
20 23 18 18 22 19 35 29 21 11 14 39 21 8 10 10 22 9 25 19 19 13 36 17 20 23 18 7 17 25 
13 9 9 21 31 16 23 31 25 28 21 22 26 15 22 21 22 22 24 27 15 18 26 10 18 11 17 22 23 16 
19 23 18 23 8 18 23 30 29 25 20 28 29 13 20 12 31 11 26 38 19 15 35 21 15 11 15 10 21 17 
25 29 11 10 34 24 38 26 28 18 22 31 23 20 22 17 27 23 40 33 21 15 18 19 26 17 21 8 28 27 
18 32 14 15 17 17 22 21 38 16 10 33 8 18 12 22 19 14 29 26 18 16 27 25 26 20 24 19 23 14 
18 12 19 20 16 28 24 23 33 19 14 21 16 13 19 22 20 21 30 34 9 19 32 20 14 3 25 15 23 23 
23 17 27 21 20 19 24 17 9 32 17 35 9 20 18 19 27 24 24 28 15 18 27 16 21 14 25 12 23 26 
21 23 15 10 17 17 29 24 26 14 19 27 14 17 10 12 28 28 8 35 13 14 27 17 12 8 11 20 42 22 
10 20 15 20 23 18 26 17 12 28 22 28 16 16 7 11 20 16 31 40 23 22 35 20 12 15 23 11 21 17 
21 16 15 21 10 19 17 28 34 22 15 17 26 17 13 23 21 16 22 29 21 20 21 18 17 29 24 7 32 22 
26 24 14 13 30 22 26 28 23 32 20 27 16 13 12 16 23 24 28 31 20 12 31 12 18 17 20 15 44 20 
18 13 15 12 22 25 25 20 27 25 14 18 25 16 23 18 31 27 30 19 16 11 21 19 16 23 20 17 23 34 
28 28 15 15 11 25 25 20 14 21 25 21 30 6 27 15 29 17 26 27 21 19 23 17 15 7 19 13 31 18 
21 26 20 17 17 34 21 16 28 13 21 28 16 19 17 14 24 23 19 39 17 18 32 23 17 19 22 20 34 21 
24 28 15 25 16 22 30 23 17 21 17 25 22 9 16 21 16 21 16 24 15 17 17 32 12 20 19 15 37 13 
8 12 24 12 19 27 30 11 19 24 17 26 21 14 17 19 25 26 27 27 13 8 32 11 23 16 23 12 25 20 
22 24 15 14 18 30 15 8 30 20 18 32 31 27 14 15 23 11 32 12 20 17 22 17 13 21 16 16 30 23 
13 14 9 12 14 18 20 24 36 12 20 30 24 31 21 13 16 19 21 22 18 18 29 28 25 19 7 12 19 8 
21 23 27 13 17 18 26 28 27 14 30 32 25 16 21 18 17 11 21 22 29 19 33 14 19 15 22 15 32 19 
18 21 14 9 24 13 28 22 35 20 17 29 24 17 10 20 17 11 15 23 18 20 25 13 18 22 21 20 30 20 
13 26 10 18 20 31 24 18 27 15 17 16 16 27 17 20 16 19 21 22 24 10 22 24 12 21 21 7 44 20 
20 17 15 14 22 27 29 19 23 17 23 29 31 20 14 5 23 19 25 34 15 9 29 18 20 8 30 12 27 5 
22 25 14 16 17 31 21 27 17 25 11 26 27 18 14 20 30 18 37 26 12 25 26 9 19 13 16 12 45 22 
15 19 15 13 30 18 31 24 37 8 16 25 16 23 9 16 7 16 17 30 9 18 29 17 18 20 19 25 35 20 
18 24 13 8 28 33 28 27 27 28 20 24 19 17 16 21 18 26 4 26 20 10 24 20 11 18 21 18 34 13 
20 21 16 18 17 19 16 21 27 15 18 27 19 26 13 17 36 30 14 21 12 16 17 6 23 26 21 19 23 18 
18 17 24 17 24 24 14 19 25 16 21 26 28 17 18 18 27 22 35 30 20 10 22 20 24 25 31 13 30 26 
21 14 18 5 26 21 25 17 21 20 16 16 34 25 15 19 16 23 31 23 12 14 30 32 13 17 21 13 36 24 
27 36 12 15 23 37 31 24 34 23 16 18 14 22 18 13 14 15 24 10 12 19 13 12 17 17 28 9 36 17 
23 16 12 16 16 17 32 23 23 20 20 29 17 19 20 20 22 24 13 16 23 20 22 30 15 19 20 12 23 22 
20 21 11 8 28 28 21 17 24 21 13 24 36 20 22 13 17 12 34 21 22 15 18 20 21 21 18 12 22 17 
22 22 13 20 13 30 27 22 39 25 24 24 22 24 25 19 47 27 25 26 20 17 41 15 23 14 21 14 18 7 
26 12 19 18 24 22 20 22 26 28 24 30 19 16 31 13 22 20 38 28 14 17 28 24 21 20 18 14 34 20 
29 12 17 18 24 21 25 17 41 20 16 22 13 23 25 14 19 8 11 32 13 16 18 25 18 25 22 21 38 17 
23 23 18 13 17 28 37 21 20 29 12 32 20 16 15 8 14 20 27 19 19 14 23 17 19 15 22 10 37 24 
15 26 22 16 16 24 27 19 20 6 14 21 26 12 7 22 14 10 37 25 19 19 34 27 17 8 15 18 35 18 
31 26 12 19 23 15 19 29 31 19 12 31 24 14 17 23 26 16 23 30 8 17 36 28 21 19 23 15 26 19 
22 17 15 15 13 26 22 21 34 22 23 22 28 25 23 16 18 17 29 22 18 10 31 11 13 20 13 12 32 14 
24 26 17 12 21 15 32 25 30 21 22 35 19 21 15 14 25 17 30 28 20 17 30 20 8 9 21 17 39 28 
15 27 15 13 27 24 24 33 30 28 27 30 9 26 10 10 26 22 23 31 15 13 16 7 20 27 19 11 32 29 
21 25 14 13 22 21 28 27 24 21 17 24 21 29 13 16 42 27 24 22 16 9 24 14 21 30 11 13 38 25 
24 24 20 14 29 19 17 24 34 13 23 28 16 22 15 19 22 13 10 22 16 14 38 28 19 16 15 17 19 23 
16 24 29 24 17 21 25 27 13 32 26 26 24 17 9 18 16 22 19 17 18 16 23 22 23 22 14 18 34 23 
23 29 18 11 26 18 33 18 37 10 25 17 21 19 13 12 31 18 34 18 21 12 13 9 25 12 12 15 14 10 
21 31 21 12 20 14 28 19 22 20 24 33 31 17 18 13 26 17 27 30 14 14 5 28 18 19 22 16 42 12 
28 28 19 13 15 26 20 23 27 26 21 17 26 18 17 12 26 31 36 29 18 23 20 23 19 23 13 16 25 20 
26 17 22 17 22 28 24 21 29 23 23 25 21 17 18 14 26 24 22 33 12 16 24 17 21 8 16 17 26 21 
14 22 16 16 14 19 29 11 30 19 9 24 15 15 13 17 24 19 27 28 22 12 30 24 16 13 17 12 35 9 
27 23 11 6 24 24 17 18 33 28 15 21 16 21 13 17 10 16 24 11 24 17 35 34 17 20 33 15 30 10 
18 18 13 16 26 24 24 15 20 17 30 27 14 30 24 21 18 19 21 25 14 20 30 20 17 16 27 14 31 21 
25 25 13 16 21 30 31 19 29 22 27 19 24 20 21 14 37 25 25 29 20 17 31 21 19 20 12 13 33 19 
27 19 14 14 19 26 44 22 18 20 18 35 17 18 18 17 20 13 28 28 19 9 14 26 7 23 20 8 12 18 
32 15 19 17 17 22 34 26 20 30 19 29 29 17 23 20 38 22 16 36 14 10 33 18 25 24 15 14 27 31 
19 21 23 12 17 35 28 16 41 31 17 16 18 20 15 15 14 18 29 21 20 7 28 19 9 19 16 14 36 11 
18 26 26 20 25 37 21 19 33 16 28 26 12 26 17 14 25 18 27 27 11 6 41 20 17 22 26 15 23 11 
27 23 9 13 19 21 21 23 37 17 19 27 24 18 19 13 19 11 34 28 18 15 29 8 9 17 20 8 30 25 
17 20 15 12 29 28 36 21 17 31 13 26 24 16 19 9 24 26 26 25 23 11 21 17 15 25 21 16 31 27 
29 13 13 18 23 23 23 22 34 36 18 39 10 19 18 15 19 18 17 18 24 8 38 26 18 12 21 10 34 22 
18 21 24 19 18 31 18 25 43 16 6 14 14 22 19 28 19 18 27 32 25 12 21 15 22 21 20 11 32 23 
13 27 20 16 11 23 12 24 26 7 16 25 15 29 15 15 26 21 25 27 16 15 16 21 13 17 12 16 30 27 
29 25 20 25 15 18 10 40 30 16 20 32 22 19 17 14 22 18 8 43 27 18 30 16 22 21 15 19 21 13 
17 18 11 16 12 22 41 19 29 22 29 31 18 8 20 12 19 31 31 27 23 15 25 22 16 15 20 22 29 29 
16 27 20 18 12 30 37 18 19 23 20 34 15 24 22 12 23 13 22 32 20 14 22 22 15 18 3 10 18 22 
16 38 17 13 15 24 28 24 33 28 23 31 24 15 18 11 23 16 16 28 21 21 22 34 18 14 20 15 34 11 
22 26 11 13 25 28 14 26 26 27 13 20 10 25 21 20 23 16 22 26 15 4 31 27 25 13 18 19 35 18 
18 24 16 12 15 13 30 22 37 25 19 19 23 25 18 18 19 22 19 22 23 9 26 22 20 20 12 15 21 27 
29 26 17 15 19 25 39 21 32 17 25 21 19 13 15 14 26 6 37 22 15 13 35 19 21 16 19 20 41 16 
20 22 16 16 23 27 29 11 22 14 17 27 22 20 12 14 35 5 29 15 12 19 22 31 13 15 9 11 34 22 
29 35 10 16 32 24 30 12 18 16 27 31 9 17 21 10 8 25 12 24 23 15 31 19 12 10 16 14 37 20 
20 17 12 17 19 16 40 22 23 23 19 28 24 16 19 12 31 22 32 23 19 19 19 20 14 17 19 12 39 29 
19 14 13 15 17 23 20 44 33 36 18 27 27 21 20 20 24 15 36 29 23 12 24 14 23 19 21 23 41 16 
17 16 17 11 25 19 29 21 24 31 5 20 19 22 18 17 16 27 29 31 14 23 20 31 30 25 20 18 27 24 
29 20 12 14 11 27 27 25 27 23 20 26 21 24 23 15 22 23 39 43 23 13 18 23 16 17 14 11 25 18 
8 27 15 18 19 25 27 24 33 20 21 29 27 25 16 11 18 28 27 20 17 10 30 14 26 21 14 12 32 33 
17 20 7 8 18 17 37 28 32 15 23 30 10 14 29 10 23 22 29 25 27 13 22 29 18 21 17 23 33 19 
15 8 19 8 20 26 21 12 27 15 16 28 31 21 11 13 31 23 34 26 17 9 11 13 28 17 22 16 29 16 
18 29 15 16 27 21 25 18 21 22 11 21 25 18 14 13 29 11 15 19 15 18 22 25 19 31 15 15 30 21 
20 21 13 14 17 24 29 29 27 15 22 22 26 22 13 16 25 17 16 19 23 10 30 29 23 20 13 20 35 25 
28 29 17 14 30 29 11 23 31 23 29 23 22 24 15 13 40 18 22 10 26 9 30 20 12 12 23 9 24 22 
23 24 12 12 23 24 15 17 22 29 28 22 21 16 17 18 29 17 23 27 16 13 32 25 24 19 19 18 15 21 
28 24 12 13 22 23 24 13 23 32 17 34 22 17 17 17 31 21 30 26 12 9 16 15 29 17 13 16 44 18 
29 18 15 15 16 21 39 23 11 24 26 43 30 11 16 12 13 9 41 33 20 12 37 18 17 17 25 16 39 23 

MachineCapacities:
MachineID Capacity
0 10
1 10
2 10
