NumTasks NumMachines NumScenarios
10 3 500
TaskDetails:
TaskID ReleaseTime ResourceConsumption SuccessorsCount Successors...
0 0 3 7 7 1 2 
1 0 7 6 9 1 3 
2 0 7 5 7 1 3 
3 0 5 4 6 1 4 
4 0 6 9 9 0 
5 0 1 1 3 1 8 
6 0 8 6 9 1 8 
7 0 5 2 6 1 8 
8 0 9 3 6 1 9 
9 0 7 6 8 0 

28 27 37 27 28 30 21 19 13 45 33 38 17 12 23 25 21 19 17 21 21 29 35 14 16 16 30 39 24 35 
22 20 40 20 21 18 19 15 19 20 22 15 10 21 22 27 16 26 4 17 23 22 29 26 23 19 14 49 21 44 
28 22 38 16 27 47 24 16 16 43 24 37 19 26 19 29 22 23 11 34 24 20 31 25 26 22 51 43 20 35 
29 16 35 36 26 39 20 16 18 17 22 34 20 25 18 28 13 25 10 13 11 44 30 27 11 17 30 32 26 24 
31 17 27 30 20 36 19 19 20 31 42 41 21 22 30 18 17 29 11 38 20 37 10 12 31 18 17 22 17 29 
22 24 26 28 19 38 24 14 18 31 15 20 28 19 25 28 17 35 14 24 12 29 27 27 23 21 15 16 23 30 
11 21 14 23 25 33 17 23 19 21 31 37 28 13 17 21 19 38 19 24 19 14 29 20 18 18 46 13 21 34 
19 14 31 21 17 26 20 9 19 21 27 29 15 21 22 35 18 16 11 18 12 26 28 14 19 16 42 23 10 37 
33 9 16 28 13 23 28 16 23 30 29 36 21 18 23 23 15 24 16 16 21 23 33 14 15 10 41 7 27 42 
27 17 24 19 22 26 19 12 19 17 12 26 17 24 20 31 22 30 22 17 15 27 18 15 9 10 24 20 26 22 
19 21 27 24 19 28 22 10 16 34 13 27 16 24 25 19 17 24 21 11 19 45 23 14 21 12 26 25 11 40 
37 9 10 32 27 30 15 13 13 25 14 35 24 20 14 23 16 19 18 24 21 21 24 19 22 16 25 35 22 25 
6 20 22 25 16 40 28 14 14 24 19 22 35 18 23 36 15 33 17 35 12 31 21 17 20 23 36 41 13 19 
23 28 33 20 36 26 24 16 19 18 28 20 39 15 26 38 9 24 12 30 10 11 14 8 17 16 33 32 20 17 
30 24 20 34 16 15 29 19 17 27 21 25 15 17 22 34 16 25 12 26 20 27 13 25 22 26 22 37 21 29 
18 10 4 27 12 35 20 18 23 26 25 33 19 11 18 31 13 30 16 31 23 34 28 5 25 16 24 25 26 22 
28 18 35 35 18 5 24 17 12 23 35 12 22 16 23 28 18 39 17 26 12 23 26 23 16 18 35 28 21 25 
30 10 32 24 10 30 16 12 15 31 25 38 26 22 29 26 12 24 15 40 25 33 25 16 22 24 46 29 27 17 
30 21 24 20 24 33 15 18 20 31 17 25 30 28 24 19 14 23 18 30 19 14 26 13 25 17 51 22 16 35 
18 26 21 31 19 26 11 17 11 11 26 27 30 24 13 31 16 33 13 13 20 33 22 13 15 20 31 21 25 26 
37 19 28 10 10 34 26 17 13 21 25 22 21 14 21 14 10 13 14 24 17 28 21 28 21 15 31 35 25 33 
30 28 28 30 19 35 21 17 18 28 34 35 16 16 23 33 16 30 16 20 21 18 16 24 23 22 20 27 35 17 
24 26 29 39 25 19 21 12 11 41 15 34 26 29 26 25 15 28 15 28 18 26 22 25 19 20 54 36 20 29 
26 21 27 18 26 47 13 15 19 10 26 29 22 16 25 21 12 24 16 9 20 23 26 12 29 25 37 29 30 38 
20 16 33 34 23 31 19 20 16 39 35 27 35 16 10 24 11 27 17 21 23 28 25 16 20 23 20 32 24 11 
17 27 24 26 19 37 15 16 16 33 23 35 19 18 35 28 17 29 20 29 21 28 33 9 26 19 34 29 10 13 
36 18 38 41 24 30 27 10 7 36 27 36 20 26 23 31 23 28 19 22 16 27 21 13 17 12 10 28 27 42 
33 27 25 19 24 31 27 16 18 42 18 28 29 14 25 29 14 21 12 19 16 30 27 14 26 24 38 19 16 21 
17 21 26 28 18 36 22 9 14 31 22 38 12 19 31 34 17 38 14 13 10 36 24 19 20 11 27 31 17 33 
30 17 17 19 31 27 16 14 18 32 31 26 27 22 22 27 9 34 11 35 14 29 26 14 24 22 38 8 23 31 
20 21 25 35 27 34 30 22 16 32 32 32 19 13 14 22 13 24 13 28 18 29 25 21 23 17 29 21 28 15 
35 19 22 26 13 36 20 17 16 28 30 30 27 20 9 22 14 35 10 17 22 28 24 19 14 17 30 26 27 38 
22 20 28 24 22 22 20 17 12 29 17 23 20 15 33 38 14 26 13 14 25 41 14 20 28 14 24 23 22 27 
30 23 24 34 19 35 16 17 19 25 21 21 25 18 22 24 11 30 20 27 26 39 18 16 21 17 8 33 22 31 
20 20 36 31 13 15 30 20 13 35 18 34 28 25 37 21 17 30 18 17 16 23 24 20 30 17 38 14 15 29 
24 11 22 29 27 46 25 17 14 26 32 26 29 19 21 17 18 33 23 19 14 15 32 11 28 20 22 20 17 24 
33 19 26 28 28 43 32 14 21 26 21 51 21 23 25 36 19 26 12 29 17 24 24 17 28 15 26 27 18 42 
39 24 29 50 16 36 22 17 20 21 20 18 16 18 16 32 16 31 16 17 13 24 27 25 13 11 26 25 22 33 
36 20 17 25 10 23 20 24 9 22 23 21 25 16 19 25 12 28 18 21 23 19 19 27 25 16 39 24 23 24 
31 16 27 27 24 22 25 21 22 28 25 10 21 25 17 19 22 22 14 11 25 25 17 18 22 21 28 26 20 39 
33 17 25 24 23 27 15 14 18 30 24 27 28 24 46 29 13 10 16 26 14 13 24 24 23 18 41 39 29 33 
29 20 36 18 25 42 17 16 14 23 21 18 18 14 16 22 17 29 16 23 20 32 30 12 19 13 21 11 24 35 
49 19 30 25 23 27 16 10 19 38 32 32 28 16 22 37 10 32 6 23 12 21 31 24 23 18 32 48 21 30 
3 19 21 10 5 39 22 16 14 26 33 31 16 13 20 26 10 22 14 25 16 44 24 21 21 21 28 23 28 30 
39 27 31 16 33 21 13 13 17 26 26 19 20 18 21 35 16 21 13 21 24 25 37 19 26 25 36 27 35 39 
33 19 30 31 18 32 17 20 9 32 19 36 24 26 19 20 17 11 19 36 13 30 18 23 27 20 23 17 15 22 
22 17 21 35 31 29 24 17 15 38 20 35 11 23 16 38 16 19 18 26 20 26 24 17 6 17 15 41 18 28 
15 24 32 19 28 43 18 21 21 25 47 21 24 23 19 36 17 36 16 18 14 34 34 14 21 17 29 45 10 29 
31 22 21 20 23 20 22 21 15 18 37 36 28 11 30 30 17 18 19 20 19 33 22 13 16 23 30 28 26 29 
37 23 21 35 22 30 18 25 17 48 6 30 26 15 22 18 11 29 8 20 18 25 26 16 27 24 35 50 28 15 
28 26 31 32 16 27 13 17 21 24 28 24 20 13 23 30 22 23 12 27 19 27 30 23 14 19 27 21 18 26 
17 12 25 14 22 54 19 7 18 22 27 32 30 15 28 35 15 15 6 19 8 34 29 24 16 22 44 17 22 25 
34 19 29 28 17 32 19 14 11 18 42 32 26 19 17 47 16 25 9 17 23 28 24 10 8 25 43 21 16 29 
18 17 35 31 15 43 28 10 7 35 36 32 14 16 19 25 15 17 17 46 15 27 26 16 20 18 31 45 24 28 
19 27 22 23 14 39 25 19 12 29 29 32 21 23 21 24 13 37 16 24 20 33 12 15 33 15 26 36 25 27 
31 23 15 36 23 28 18 14 14 34 24 43 31 12 16 28 10 27 19 21 14 22 29 11 21 19 39 13 10 28 
28 20 10 14 21 20 29 20 15 15 25 32 18 16 29 22 15 19 11 12 19 28 27 19 29 16 35 32 16 30 
23 21 19 28 23 16 27 19 17 34 36 27 23 7 21 34 11 17 13 23 5 18 25 10 28 21 38 35 21 25 
20 14 21 29 29 40 33 11 11 13 30 36 20 17 19 24 13 38 22 26 16 27 14 13 25 24 33 26 24 13 
28 23 27 25 27 30 23 10 18 24 21 29 20 16 16 27 17 32 17 21 19 33 26 24 25 21 33 22 21 32 
14 21 23 20 20 32 28 16 11 37 38 39 30 21 27 12 12 39 13 24 10 12 33 26 35 23 13 27 21 33 
31 28 19 40 19 43 24 10 12 30 24 33 23 20 13 42 18 23 16 32 14 27 23 24 29 19 21 18 22 29 
31 10 19 22 22 42 21 12 13 32 24 41 36 19 18 19 10 20 14 17 13 33 22 10 14 14 34 39 22 26 
27 18 15 10 23 42 19 15 14 21 29 21 23 13 29 32 14 40 15 17 13 28 12 20 22 16 14 21 14 26 
25 13 13 28 25 29 17 7 15 32 13 22 25 28 15 22 12 28 19 8 21 14 32 14 24 23 25 24 18 23 
33 20 23 33 20 29 24 17 18 27 12 29 22 30 21 29 21 25 19 19 10 10 29 18 26 15 27 33 28 42 
22 21 22 14 16 21 22 16 9 34 24 18 21 13 20 39 14 20 19 29 27 40 24 17 15 17 28 28 16 34 
36 19 37 32 27 19 27 21 13 29 28 17 27 16 26 37 17 10 16 35 19 19 32 18 22 23 37 23 23 43 
21 18 28 19 24 23 13 14 12 28 37 31 24 21 12 30 14 41 13 29 25 31 29 14 23 15 30 11 11 35 
47 23 26 27 27 36 27 12 15 16 18 40 19 17 21 16 17 35 12 15 17 22 16 22 3 4 35 35 21 26 
30 13 28 25 25 20 11 13 18 32 26 27 25 15 28 32 19 31 24 22 16 32 15 19 27 16 38 28 14 46 
19 16 24 25 18 42 25 13 15 26 28 23 16 22 30 32 23 18 7 28 15 26 27 22 10 5 21 28 21 19 
24 14 25 26 21 16 17 16 9 39 17 50 17 15 28 13 17 39 14 32 13 35 12 17 18 11 25 29 15 37 
28 20 32 24 23 32 14 17 13 37 13 22 32 13 27 29 10 19 12 30 11 25 24 5 24 18 32 25 23 21 
34 24 21 35 17 21 18 19 15 34 18 21 26 16 21 23 3 18 16 24 18 28 23 17 24 14 14 35 21 40 
15 23 35 17 24 38 13 13 17 17 33 47 23 22 21 26 5 23 18 22 18 28 33 18 16 20 33 41 22 18 
22 21 29 22 21 31 17 20 17 12 38 20 32 20 19 38 7 25 19 12 20 27 12 26 25 12 17 35 23 24 
27 32 29 29 19 39 18 13 15 41 19 23 14 16 26 31 9 36 18 36 9 34 33 9 17 16 32 18 18 28 
12 16 32 31 26 32 15 18 19 35 36 12 30 20 30 18 16 38 17 18 26 31 26 18 22 16 18 28 27 31 
32 24 31 21 23 18 28 14 13 20 15 18 27 18 26 38 16 28 20 29 19 22 16 19 27 18 15 17 26 44 
37 22 14 38 15 30 16 13 19 20 26 47 30 22 18 31 19 38 11 12 17 27 34 20 19 21 31 31 23 39 
22 22 31 19 25 41 20 16 19 30 18 36 19 21 31 28 21 27 18 21 20 46 34 16 27 10 28 18 27 22 
31 11 25 35 29 40 33 16 15 20 29 22 28 24 19 22 13 27 14 30 22 14 23 12 31 21 41 24 19 43 
28 21 31 32 28 37 27 16 18 23 36 27 25 15 22 33 16 31 20 19 8 28 19 17 20 21 38 43 19 16 
31 20 24 20 22 26 27 19 21 25 29 30 21 25 18 26 14 22 19 31 6 29 32 16 32 9 28 31 22 36 
13 11 27 29 25 27 24 15 17 32 40 38 16 16 21 19 11 30 18 23 12 9 19 22 23 18 28 37 22 28 
26 20 27 17 21 34 12 16 21 14 33 24 15 18 16 22 10 18 12 16 16 22 31 11 24 18 25 30 24 20 
29 16 31 25 30 31 29 23 19 15 40 22 15 13 18 32 10 42 15 19 18 21 13 20 18 17 31 12 32 26 
18 10 32 36 21 30 36 12 17 31 36 3 20 19 27 19 23 29 17 25 16 24 34 16 24 23 34 23 29 31 
25 20 38 27 25 20 22 14 12 25 27 21 24 15 20 26 22 15 12 20 11 24 35 23 25 18 34 36 11 28 
22 23 22 31 18 21 26 14 19 38 4 32 34 19 14 22 13 27 9 31 13 26 30 15 18 22 22 1 11 47 
47 17 30 13 24 41 8 11 22 18 16 28 11 23 31 37 18 44 11 24 16 20 28 18 27 16 16 36 18 27 
25 27 29 29 23 18 21 20 18 32 30 39 16 13 25 38 18 22 14 32 14 19 27 3 17 21 26 21 16 23 
19 22 24 19 23 13 16 18 14 33 30 33 13 19 19 30 10 21 15 26 19 34 16 18 28 21 29 37 23 15 
19 28 27 31 26 28 32 14 14 25 4 33 18 23 29 21 13 32 19 24 16 35 25 16 17 18 24 14 27 44 
27 26 31 24 20 25 28 17 28 19 40 55 19 25 19 17 14 32 14 17 15 27 18 15 29 22 26 24 17 40 
26 20 26 16 20 38 14 18 15 22 31 15 25 20 18 30 21 27 8 30 19 11 13 10 19 17 16 30 36 33 
22 24 11 44 22 24 24 16 15 47 29 18 9 22 28 25 21 18 14 41 22 25 21 22 22 11 21 33 14 38 
15 17 29 31 22 33 15 15 14 27 34 39 27 20 18 14 16 34 13 19 18 25 29 19 29 17 30 15 30 9 
35 19 32 26 25 30 33 19 17 21 28 33 12 24 13 27 15 20 25 32 13 22 27 19 26 22 26 24 21 38 
44 21 28 26 29 16 25 17 18 22 21 26 24 29 37 29 18 33 8 19 11 32 17 9 17 11 27 22 27 34 
28 20 24 23 35 24 12 19 9 14 24 28 29 22 17 23 18 24 17 14 7 18 17 9 22 20 33 22 23 47 
35 12 26 25 23 34 17 16 10 31 26 29 17 18 26 27 12 11 16 17 18 26 13 16 27 15 30 9 26 19 
36 23 29 29 28 33 26 17 17 26 22 30 26 13 28 38 14 27 16 22 18 17 24 14 21 19 27 27 23 34 
34 17 22 21 25 31 23 23 11 36 18 23 21 21 30 28 20 30 19 20 15 32 20 19 17 20 24 30 20 24 
12 17 35 26 18 21 26 16 12 42 20 33 30 18 20 28 6 34 16 15 20 23 18 21 22 12 31 12 12 22 
15 24 26 24 17 30 23 13 20 26 17 28 25 13 24 26 16 30 18 29 20 21 28 13 15 19 32 27 24 39 
20 23 22 29 22 38 24 19 18 37 17 29 11 23 16 27 13 28 20 26 15 44 23 10 22 20 37 27 11 35 
32 18 29 31 17 17 18 10 15 28 32 17 25 21 27 24 16 29 20 28 19 27 27 13 34 3 28 26 25 41 
18 16 34 28 36 33 14 14 18 41 24 20 13 26 18 29 12 31 14 23 17 26 29 22 28 15 21 33 17 25 
13 19 23 25 29 27 18 20 20 26 17 33 25 22 23 49 14 29 11 18 17 35 20 17 26 20 29 32 30 31 
39 28 25 22 30 37 24 10 20 21 20 52 28 13 17 26 10 24 18 13 9 19 24 15 20 16 32 26 18 31 
18 22 38 14 25 26 25 17 20 30 34 21 25 19 15 20 15 32 19 28 8 23 27 18 16 22 25 25 25 10 
37 17 36 22 22 24 22 18 17 46 18 32 15 13 31 25 16 37 14 33 19 30 26 12 29 21 32 29 31 23 
28 12 25 28 25 31 21 12 16 27 23 29 12 25 18 23 17 38 19 16 21 19 26 22 36 16 26 23 27 24 
38 24 34 28 16 33 22 10 12 24 41 26 36 16 12 30 17 30 17 23 15 14 22 16 17 10 31 30 27 19 
29 21 23 44 18 28 22 20 15 31 31 22 26 18 23 23 21 37 15 25 12 14 20 16 21 15 34 27 21 40 
15 19 16 22 22 34 21 15 16 28 23 20 32 21 19 26 10 31 22 30 21 20 26 23 14 16 40 24 21 17 
27 21 33 25 24 37 14 15 18 28 32 40 18 26 21 29 14 26 14 28 14 29 28 10 8 13 15 35 30 36 
28 12 13 38 18 47 22 15 20 36 41 14 18 25 17 24 14 33 12 30 16 23 19 18 18 21 36 34 30 35 
29 26 30 32 7 25 16 15 17 9 13 24 26 21 20 18 15 17 18 26 22 37 15 17 22 13 39 26 23 44 
21 21 28 31 19 39 29 18 19 31 15 37 22 11 15 25 9 25 12 12 19 20 22 5 23 17 39 25 24 35 
29 21 43 37 33 38 21 20 20 30 33 33 27 15 16 23 12 31 19 29 18 24 25 12 29 21 19 34 16 4 
24 16 30 24 26 17 24 12 14 27 39 31 22 18 23 44 11 38 20 21 21 19 28 16 20 15 29 27 27 31 
24 22 27 25 23 28 24 20 22 26 23 18 23 17 23 10 12 41 19 26 20 24 29 19 16 22 16 35 27 30 
18 25 18 43 33 26 23 17 14 27 24 38 18 15 22 30 12 20 20 26 10 23 32 27 26 16 24 26 18 29 
27 25 35 17 22 20 17 22 17 19 37 43 21 11 24 20 10 26 21 26 15 15 42 12 15 16 37 31 18 33 
29 18 36 21 19 29 27 17 12 25 29 28 20 18 13 31 12 30 17 24 19 24 17 16 20 25 40 28 15 34 
14 21 7 24 19 29 22 13 8 33 31 37 23 22 28 33 19 46 17 30 18 24 19 22 34 18 22 26 14 31 
22 27 21 11 22 39 27 15 17 11 20 44 24 19 18 35 18 37 16 18 21 28 28 26 17 12 30 14 16 26 
19 10 32 23 12 38 21 15 10 21 15 37 16 24 14 18 9 22 19 13 14 31 33 18 19 24 35 28 15 31 
39 13 3 21 17 29 28 12 18 19 35 36 37 22 24 13 17 27 8 34 12 39 17 13 23 15 27 24 22 31 
18 16 21 39 22 28 24 16 11 25 11 32 26 18 23 25 20 31 8 22 21 15 26 20 20 22 20 41 13 26 
33 20 34 22 11 28 20 28 12 24 42 29 27 18 24 14 7 32 18 15 16 19 21 16 23 12 27 26 21 35 
23 24 33 24 28 21 13 17 17 20 18 28 23 18 13 36 16 15 10 18 36 45 27 15 22 24 48 34 33 37 
42 22 31 26 24 42 34 11 14 29 19 14 23 26 15 28 11 28 16 25 14 27 21 20 20 25 26 46 21 25 
36 19 17 27 27 17 23 13 21 29 34 19 21 18 29 25 12 30 12 25 7 36 41 16 23 20 29 23 19 29 
24 14 15 27 12 16 27 9 22 36 29 35 31 24 32 13 13 33 15 9 21 21 16 14 15 8 21 16 24 22 
39 10 18 28 12 24 19 20 20 20 32 16 16 29 25 28 7 47 19 26 15 17 17 8 35 18 29 27 17 32 
31 9 32 23 22 38 25 23 19 26 22 42 20 25 22 34 17 26 14 24 18 24 30 21 25 13 20 26 23 26 
30 15 24 28 23 27 19 23 25 21 25 38 24 22 19 34 16 20 16 26 22 27 29 21 26 10 32 29 23 43 
37 22 25 42 18 18 20 16 13 25 35 27 13 24 29 35 14 32 13 28 11 29 25 20 23 19 35 31 21 41 
22 25 15 44 19 21 26 19 19 25 25 20 24 21 12 28 17 29 20 17 20 31 32 21 13 22 26 20 24 24 
12 16 33 30 21 41 29 20 18 23 29 21 27 10 17 34 19 12 19 20 16 29 17 11 23 13 22 29 16 39 
51 28 36 41 12 28 23 20 13 34 22 47 28 12 27 31 17 31 10 18 15 31 28 16 14 13 38 30 31 23 
30 12 31 38 30 39 21 12 16 31 19 14 25 16 25 34 10 36 16 18 18 26 21 14 12 8 33 30 28 40 
26 13 27 20 21 31 24 12 12 43 25 34 24 15 20 34 11 27 15 19 24 22 28 12 23 15 10 28 12 36 
22 22 26 18 14 43 25 11 16 25 36 27 17 19 21 21 16 29 22 21 13 15 5 15 20 16 25 39 28 24 
32 23 21 42 18 34 23 18 13 20 25 42 26 22 35 32 14 28 17 26 20 36 20 18 22 12 24 18 25 26 
33 20 17 21 22 31 28 12 21 38 21 28 20 16 19 20 17 22 15 24 18 22 18 21 22 14 26 17 23 58 
17 19 31 26 21 36 19 19 13 33 39 17 20 20 29 19 14 31 12 35 22 26 35 19 32 16 24 12 15 32 
20 10 31 37 20 29 31 16 16 37 33 32 27 22 31 33 15 24 11 24 25 20 20 21 8 22 33 34 17 29 
15 17 21 46 23 7 19 14 22 23 37 16 26 25 30 14 16 39 12 22 20 41 39 16 19 11 42 28 21 27 
19 18 32 28 22 24 23 11 21 26 26 27 18 16 26 33 16 34 21 21 16 28 30 13 13 12 32 28 20 34 
16 24 19 26 39 34 20 17 25 34 31 30 10 27 17 21 12 43 22 29 29 36 23 13 23 20 38 14 29 36 
36 17 21 38 26 29 22 16 19 29 12 39 22 14 34 25 18 27 11 26 18 18 26 22 30 26 17 22 22 37 
32 22 18 13 19 14 28 13 19 30 27 30 27 17 25 39 13 28 16 27 23 24 20 20 13 19 23 24 19 29 
18 14 33 26 28 16 16 17 20 28 33 34 40 14 22 40 10 20 19 31 9 45 28 12 17 15 22 24 25 19 
30 27 15 24 27 33 22 13 19 22 21 29 12 19 12 23 12 19 15 28 19 29 23 20 28 15 30 33 23 20 
30 18 12 18 36 18 24 17 12 17 40 46 29 24 17 22 9 36 17 22 20 15 25 14 11 15 31 42 17 13 
29 23 23 25 23 45 21 17 13 33 40 34 17 24 26 24 18 19 15 19 13 20 23 25 18 21 20 36 27 26 
22 26 17 22 19 19 34 20 13 34 35 37 24 21 25 38 11 17 17 26 9 27 22 17 27 24 35 19 17 38 
43 19 30 14 19 47 22 18 18 25 33 27 27 18 20 33 16 22 10 24 16 30 14 24 18 21 30 20 21 21 
22 28 26 14 28 27 22 13 21 31 30 28 27 9 34 20 21 36 16 26 24 22 32 15 19 23 50 15 15 26 
31 15 31 32 17 26 17 19 10 30 5 36 29 18 13 20 10 40 12 26 21 23 30 20 20 18 25 17 23 28 
38 22 32 35 17 22 17 14 17 22 25 31 23 16 20 27 18 27 14 23 10 19 26 17 13 20 15 36 28 39 
30 19 18 14 25 29 18 17 9 38 28 33 20 11 21 36 11 40 8 17 20 17 16 14 22 15 37 39 27 35 
28 24 27 14 13 22 22 12 14 21 29 35 4 15 26 31 8 23 22 17 13 26 27 14 19 16 41 32 15 27 
30 19 34 39 30 28 21 14 18 27 10 44 18 14 23 38 23 21 20 26 9 22 23 21 20 14 42 24 32 39 
37 17 42 23 11 21 21 13 8 21 24 44 23 25 18 18 19 31 14 27 16 24 18 30 14 18 16 44 30 13 
18 12 22 28 13 21 25 15 17 20 25 25 29 17 24 25 20 37 12 19 26 24 26 18 22 6 36 30 28 30 
26 17 16 27 29 23 13 17 13 30 23 22 22 23 31 40 15 33 11 33 19 28 21 12 25 22 22 29 30 18 
29 23 39 20 21 36 22 14 20 23 5 37 19 18 35 32 12 21 14 25 13 33 27 16 5 17 20 31 16 33 
32 21 31 35 19 26 27 14 19 43 32 28 26 14 21 17 13 21 12 21 13 27 40 12 24 25 26 35 22 41 
39 18 14 25 17 36 22 25 21 38 14 34 32 14 21 29 15 33 12 19 15 24 29 18 14 26 28 22 25 36 
33 12 29 22 19 34 21 13 14 38 11 24 31 23 27 23 22 35 19 21 7 26 30 20 13 17 32 24 29 22 
9 22 32 27 29 31 25 19 21 38 28 36 7 17 32 28 20 38 19 22 19 19 27 12 26 12 43 23 20 42 
13 12 34 20 29 27 21 15 12 28 44 41 21 17 27 28 12 29 16 25 25 32 22 9 20 16 9 30 15 32 
32 21 22 19 18 29 34 16 14 44 29 25 19 28 30 23 21 42 15 30 19 21 20 17 22 28 45 26 23 35 
30 21 13 26 35 27 17 23 13 25 28 24 28 20 29 43 15 43 19 19 20 27 18 17 23 16 25 33 24 39 
28 17 27 4 27 17 15 18 14 42 20 38 23 17 7 35 6 33 16 21 18 33 29 15 34 23 29 26 16 13 
30 15 21 31 29 39 22 15 19 32 17 33 16 19 22 16 11 20 21 35 11 22 17 26 23 15 27 18 28 22 
31 16 28 27 22 41 23 16 13 19 34 19 19 22 24 21 22 27 19 27 22 36 16 19 11 20 29 22 29 8 
19 13 24 18 23 18 24 18 13 22 38 29 32 16 23 25 18 31 16 27 19 26 19 23 16 11 23 35 30 35 
30 15 21 12 24 20 26 16 15 43 30 33 15 19 26 33 11 3 19 27 12 31 30 14 12 18 24 38 32 37 
28 17 29 29 22 39 12 11 15 30 41 25 19 18 19 33 15 33 8 20 25 25 32 12 16 19 30 32 42 21 
21 19 20 29 37 25 14 15 11 24 18 17 31 10 23 18 11 28 17 18 17 29 33 21 6 20 23 16 26 32 
33 21 13 31 18 30 14 16 15 43 16 26 26 17 27 33 12 21 8 12 18 42 8 24 24 15 20 24 17 26 
32 5 25 18 25 27 28 18 22 29 24 27 34 15 30 38 13 30 15 18 22 28 23 17 25 27 40 26 22 40 
36 17 15 17 19 16 19 12 15 29 26 5 23 21 17 20 14 23 17 25 10 28 31 13 22 11 16 15 16 12 
18 13 41 35 17 33 28 21 19 29 35 25 20 24 16 27 14 42 11 13 26 30 21 14 17 14 27 27 21 44 
14 17 20 22 16 47 19 14 16 29 30 49 38 16 26 15 12 34 11 25 22 19 24 18 27 19 18 28 31 24 
26 19 22 18 20 31 19 14 20 38 28 28 17 13 23 37 15 21 18 33 23 38 19 23 15 22 30 37 10 20 
27 22 26 25 22 23 18 13 13 27 35 23 17 20 27 24 18 35 11 25 20 22 27 15 30 19 10 21 22 34 
30 21 20 14 32 40 23 14 24 23 16 21 30 19 21 30 13 23 15 26 16 21 25 22 21 17 38 27 20 30 
41 16 26 43 27 27 19 7 17 33 27 25 26 16 19 30 13 23 18 18 15 28 22 20 26 19 20 22 26 24 
27 14 26 24 26 28 21 17 23 26 24 20 25 18 33 34 12 36 20 25 24 12 19 12 24 24 33 39 29 38 
32 21 23 24 29 21 36 13 20 29 22 30 18 22 29 14 12 27 9 28 22 10 24 9 30 19 31 17 21 16 
30 19 33 37 23 35 15 19 12 22 29 22 11 14 24 33 14 19 18 26 18 29 15 19 13 13 21 43 24 28 
28 19 27 31 22 37 19 14 21 10 25 40 20 16 18 25 14 27 13 15 23 31 38 10 20 18 32 24 18 27 
29 18 15 17 21 24 24 21 12 41 27 44 19 8 14 23 10 30 11 36 14 28 27 11 21 17 15 23 26 27 
34 19 22 30 26 14 24 19 17 35 25 40 25 30 30 35 20 27 14 30 18 44 28 12 16 24 32 30 28 28 
44 10 20 15 26 30 25 7 15 34 19 21 26 17 31 21 16 25 18 26 22 20 32 23 15 18 36 36 23 29 
41 23 23 23 15 30 23 12 18 20 46 25 34 9 21 27 19 20 14 28 12 24 38 12 25 16 32 12 25 51 
20 16 8 29 28 19 23 11 16 29 19 25 27 25 39 36 15 28 13 21 18 27 25 17 20 18 21 34 9 30 
22 12 26 16 21 47 26 18 19 39 35 32 36 18 20 24 19 35 15 31 19 24 13 19 15 25 26 28 15 2 
38 27 32 25 23 34 28 14 11 29 15 35 14 13 20 24 17 25 19 29 25 28 14 20 19 25 34 29 13 33 
25 14 29 13 24 33 24 15 16 27 20 38 25 21 22 13 20 36 18 21 24 31 29 22 20 8 27 25 36 13 
24 17 30 42 28 32 32 9 14 25 33 24 22 25 14 32 12 20 14 26 14 33 24 14 20 20 31 22 21 41 
22 23 20 32 24 29 25 17 14 22 39 32 24 21 14 45 15 24 15 26 16 25 29 19 26 12 31 27 25 38 
24 14 28 34 24 29 24 16 18 25 31 31 21 16 25 32 16 30 13 33 24 35 31 9 26 10 38 30 17 34 
21 18 35 31 20 24 32 13 11 24 22 20 17 22 23 32 18 18 12 24 25 24 29 24 27 25 16 23 31 30 
35 29 28 31 13 25 19 15 16 26 30 35 17 18 19 28 13 28 20 29 17 30 18 17 15 16 25 27 19 37 
36 25 23 38 26 42 28 18 15 25 27 23 23 23 24 20 14 24 14 37 10 23 20 20 18 23 40 22 19 27 
37 25 28 17 19 33 25 15 22 23 29 37 31 11 20 22 12 13 13 29 14 10 24 14 17 17 34 23 34 26 
26 17 24 40 9 15 27 10 15 33 42 14 11 22 13 18 17 37 18 23 22 13 22 17 26 13 33 25 17 26 
36 23 32 33 16 30 27 19 13 38 20 26 23 23 29 28 20 23 12 37 14 32 32 15 17 22 45 24 20 34 
25 28 29 37 30 26 22 19 19 11 17 44 24 36 27 23 18 20 12 33 13 23 30 24 21 22 32 30 25 11 
40 26 24 7 26 43 21 18 24 18 27 24 25 14 15 31 17 25 18 16 13 30 22 27 29 12 28 22 21 33 
22 22 29 33 25 28 29 14 10 21 20 28 24 18 26 24 14 24 13 25 19 33 21 13 16 12 18 27 20 19 
29 19 33 24 30 18 12 15 14 29 25 27 33 18 27 29 12 31 12 20 17 30 31 11 18 9 33 33 28 34 
28 25 32 15 12 48 22 12 15 38 29 30 18 22 24 15 16 40 13 33 20 22 15 20 19 16 21 30 24 23 
26 23 23 30 20 29 33 19 18 10 26 33 16 16 25 30 17 20 9 23 18 20 22 19 26 26 28 20 19 27 
30 20 17 35 23 17 6 13 7 22 30 28 13 21 19 17 13 35 15 22 13 25 19 19 12 19 25 31 25 19 
27 19 32 32 26 30 36 20 14 22 30 35 23 19 24 34 16 23 14 21 18 35 31 16 15 17 32 27 19 25 
31 26 15 29 19 26 32 19 27 41 38 31 16 15 11 40 20 30 10 18 16 16 26 21 23 17 21 31 15 25 
34 19 23 26 27 31 29 19 17 35 38 18 23 24 18 29 7 34 16 29 12 26 20 23 13 11 44 33 14 33 
17 24 12 36 22 42 9 21 13 36 24 27 22 25 21 46 18 31 17 26 18 26 27 17 12 13 30 35 21 35 
32 15 27 34 22 31 24 18 15 30 24 33 22 19 17 29 11 35 12 14 18 26 37 11 21 17 35 34 23 30 
20 16 28 22 21 30 24 15 13 25 27 37 32 5 30 17 15 11 16 22 18 31 25 15 15 20 26 22 33 20 
31 12 32 22 26 43 31 17 11 37 38 40 22 24 15 35 15 33 11 27 22 21 22 29 21 20 40 21 32 29 
32 21 10 20 12 9 8 13 21 13 26 24 23 17 28 30 15 30 19 17 14 32 28 20 19 16 45 24 28 35 
31 29 19 23 14 37 25 18 17 27 36 29 19 20 22 28 24 32 16 35 15 29 22 21 33 18 18 42 18 35 
33 11 32 26 18 23 30 22 17 22 33 46 28 17 28 22 17 33 17 14 19 36 21 17 27 18 36 29 19 32 
19 25 32 21 24 34 14 18 21 33 27 25 20 24 28 30 13 23 22 22 15 12 22 22 25 21 29 18 12 30 
20 22 24 23 23 26 25 16 20 42 13 22 18 16 23 24 16 23 15 27 18 29 11 13 28 24 37 40 28 39 
27 20 30 28 23 26 17 13 12 25 21 11 33 24 22 28 11 33 9 30 18 22 27 29 15 15 26 31 30 25 
23 28 24 24 27 42 32 12 19 15 31 12 26 24 21 16 27 44 6 27 13 29 28 32 20 17 28 27 21 48 
32 23 28 38 18 31 22 19 14 27 36 22 15 15 25 25 15 36 15 15 18 34 31 25 8 8 29 30 18 31 
41 15 24 37 30 26 24 10 12 27 29 34 21 25 31 22 15 35 16 37 23 26 21 13 27 15 35 29 16 32 
11 18 31 34 23 28 24 15 16 15 29 29 22 21 21 42 12 19 15 22 12 21 28 23 17 20 35 20 23 58 
18 25 21 24 29 12 19 14 13 35 29 35 20 23 34 38 13 15 18 31 28 28 36 18 19 27 47 19 7 45 
22 15 36 20 24 46 22 19 22 27 24 19 25 12 22 32 14 35 13 31 21 25 28 13 25 21 29 26 20 21 
24 14 28 22 37 23 20 11 10 24 40 31 38 24 27 33 18 13 15 20 5 26 34 21 24 11 30 8 31 34 
28 20 30 26 22 42 26 10 18 17 42 18 16 19 24 35 14 28 15 26 23 18 21 14 27 14 32 17 16 35 
6 15 16 18 15 24 21 17 20 31 20 34 27 29 16 25 14 32 20 23 13 25 27 11 15 14 29 29 16 21 
23 24 21 20 28 19 21 11 18 32 30 27 20 21 17 50 19 28 22 20 18 25 23 20 22 11 19 31 27 35 
29 12 20 10 13 25 23 13 13 28 42 18 18 19 23 29 14 14 7 28 13 36 14 23 22 20 16 40 11 33 
35 16 35 33 18 24 32 19 18 13 39 26 20 21 23 33 11 28 17 17 5 22 24 28 23 18 27 27 15 25 
15 23 30 37 24 25 21 20 12 19 29 22 25 16 23 32 20 38 14 22 23 31 29 17 23 25 26 31 30 40 
26 19 39 39 27 23 34 16 15 19 30 33 12 12 19 34 15 26 18 21 22 29 27 18 23 18 28 39 18 47 
37 17 29 20 28 27 15 14 19 35 23 19 16 25 22 29 13 23 11 33 12 34 18 19 18 13 25 16 16 31 
34 11 23 26 29 27 20 14 17 20 28 34 15 21 22 36 16 20 8 18 16 32 12 20 22 9 33 32 29 42 
25 16 19 24 22 42 12 19 20 24 11 23 23 19 27 27 12 18 14 27 23 39 40 22 15 25 34 31 28 29 
28 21 41 43 19 49 25 19 20 23 35 10 34 24 20 15 10 28 16 31 11 22 27 16 18 10 32 47 15 14 
16 17 27 24 23 24 16 8 11 26 32 35 21 26 15 27 7 36 10 17 17 13 29 12 20 15 27 30 36 41 
20 20 31 22 25 23 18 20 13 24 32 32 25 18 26 33 9 34 17 25 17 21 16 19 31 14 17 39 21 28 
20 18 31 33 19 38 15 19 14 40 22 31 18 16 27 14 17 16 12 22 19 23 35 23 21 15 30 33 23 33 
36 24 21 25 34 26 26 16 15 21 36 41 30 12 21 30 16 36 20 11 15 25 18 17 16 13 30 26 24 17 
18 25 19 30 25 34 25 13 16 22 19 22 18 13 30 33 18 32 5 30 19 24 46 20 27 25 48 29 11 37 
21 16 29 20 24 25 13 13 21 34 38 30 21 9 26 31 15 29 9 28 20 27 24 16 28 16 32 18 27 27 
28 23 16 29 12 30 17 11 20 32 27 24 24 19 19 31 23 28 15 33 15 18 25 21 15 19 29 39 29 33 
29 17 26 22 35 21 26 11 16 25 26 29 21 20 17 34 14 22 13 38 18 23 15 20 30 15 31 25 17 41 
19 26 30 13 24 38 19 9 15 27 31 28 24 13 22 39 14 34 18 36 20 34 33 14 12 20 30 39 20 34 
36 19 28 34 17 37 13 22 21 41 37 32 27 24 21 23 9 28 15 31 20 9 30 22 29 17 40 19 27 49 
20 22 25 33 23 36 13 8 11 21 26 37 28 23 23 36 19 33 17 21 12 35 22 13 23 10 29 34 17 27 
30 19 27 25 10 37 23 16 22 21 15 31 19 16 26 16 12 28 13 22 20 23 13 20 25 12 24 25 26 32 
27 17 30 20 22 34 16 14 22 34 22 41 21 23 18 23 4 28 14 28 18 39 27 15 16 7 39 25 27 43 
21 21 16 17 18 31 16 15 16 33 24 27 18 18 24 36 14 34 15 20 24 30 23 16 26 24 14 26 28 19 
42 20 24 22 30 25 16 17 20 38 34 43 24 12 23 15 6 37 16 25 13 29 29 20 18 10 17 17 26 40 
40 27 26 24 15 38 36 14 17 27 21 35 18 24 18 20 13 28 14 24 19 24 20 13 15 14 22 28 28 15 
15 27 25 39 24 32 19 25 16 37 25 38 15 20 22 33 14 30 16 25 22 27 18 17 23 22 26 35 14 28 
27 28 23 12 30 21 30 14 7 29 24 20 24 15 23 26 13 26 16 17 19 24 25 25 22 13 32 21 24 17 
40 16 23 43 25 37 19 10 23 27 22 43 27 14 28 26 11 41 20 21 12 25 23 19 31 19 25 28 26 19 
21 23 37 26 22 23 17 9 16 29 28 17 26 17 18 28 17 18 12 28 14 43 12 12 24 18 14 24 13 37 
13 20 23 22 19 32 22 14 18 28 22 18 23 16 18 29 13 32 14 25 17 4 31 13 22 18 42 30 13 29 
14 14 11 37 18 37 17 13 14 33 28 24 26 15 24 15 20 34 17 21 13 28 27 18 17 15 17 34 27 31 
30 27 21 34 29 30 19 21 14 36 33 24 22 20 15 21 14 39 14 26 14 37 19 15 15 15 25 28 16 46 
29 15 24 28 29 45 25 14 14 46 35 37 21 21 23 30 19 33 10 34 22 23 33 18 10 17 35 39 20 28 
47 21 28 31 25 42 17 16 15 29 29 23 22 18 22 23 7 28 9 27 22 16 32 11 14 17 43 18 25 20 
26 19 28 42 14 31 15 13 11 20 18 31 9 22 19 33 11 19 16 31 20 27 18 15 16 22 35 15 27 30 
30 25 19 35 22 24 17 10 14 29 14 31 11 12 22 38 17 34 17 27 23 18 17 20 10 18 30 40 21 19 
30 22 29 32 21 29 22 20 12 31 42 23 21 19 23 19 20 36 14 22 19 41 32 18 34 17 41 27 31 31 
23 16 32 23 20 16 18 20 18 28 30 17 23 15 21 32 14 45 11 23 16 18 27 15 25 25 23 32 18 39 
20 18 28 11 20 36 18 15 17 32 24 38 20 14 18 39 12 33 13 43 11 32 19 17 23 18 32 27 21 16 
31 17 28 38 31 33 12 26 22 37 16 24 30 20 34 31 15 32 21 15 14 21 14 22 9 12 26 12 23 43 
32 19 25 34 25 23 23 14 16 39 8 29 13 18 24 45 20 25 15 16 15 28 15 9 24 17 34 18 29 26 
43 24 19 24 25 25 17 10 19 27 22 22 8 23 17 31 11 38 8 20 23 23 23 25 21 20 20 23 14 11 
27 14 33 24 23 22 20 13 15 19 22 25 20 21 20 39 10 41 20 13 18 29 28 11 18 14 14 25 19 28 
33 16 28 10 24 27 39 16 24 26 14 41 23 19 23 26 18 21 14 16 23 25 40 21 28 14 33 24 24 43 
25 25 33 24 25 42 17 19 24 41 23 31 24 20 21 16 13 24 10 18 13 32 24 6 16 16 42 17 20 39 
29 16 24 25 19 43 24 11 18 35 26 32 27 21 28 37 16 36 10 15 20 30 13 21 14 9 38 22 12 15 
16 25 28 27 27 31 26 17 13 26 31 42 29 13 17 26 22 27 18 15 11 30 24 16 22 13 28 22 32 39 
27 14 29 26 16 31 17 10 12 19 29 34 32 16 18 32 16 27 14 22 10 36 25 27 18 15 40 30 18 40 
33 13 37 24 25 30 28 18 16 18 31 29 21 17 24 39 10 26 18 23 17 23 27 16 26 12 34 18 20 15 
5 9 27 14 19 30 16 18 22 34 23 34 18 21 32 38 13 31 14 36 23 22 14 14 13 22 29 27 20 29 
25 13 24 16 28 25 30 18 11 24 18 18 13 30 11 53 22 23 15 21 17 23 22 22 24 22 18 27 29 48 
28 10 20 29 25 34 24 23 20 24 32 20 22 17 23 33 12 25 8 35 27 19 17 22 29 23 35 33 18 34 
15 18 24 27 24 20 25 21 11 37 11 17 18 15 15 31 12 22 13 21 17 37 37 13 17 14 27 22 23 38 
18 11 27 31 23 30 27 20 6 8 26 31 24 18 25 21 9 37 13 27 19 24 28 13 24 15 28 27 12 36 
38 19 18 29 34 27 35 15 15 44 48 37 31 12 36 22 19 34 13 20 24 31 21 16 21 11 38 29 22 30 
29 18 26 44 17 39 21 17 17 34 28 35 26 17 26 21 15 25 10 18 13 20 33 19 21 14 18 25 18 52 
24 20 18 22 12 21 14 12 14 29 43 30 11 18 18 40 7 32 12 28 24 32 23 27 27 16 26 34 27 30 
24 14 18 24 22 38 17 15 14 26 38 47 21 20 14 21 15 31 9 11 13 14 20 17 21 5 31 21 21 44 
19 23 28 25 24 15 25 15 8 21 22 25 10 21 22 34 14 39 14 28 17 21 23 16 21 17 44 33 21 33 
23 16 31 19 20 38 25 17 20 21 16 26 19 11 20 34 20 36 18 28 16 31 17 26 20 22 30 28 15 45 
24 17 31 37 20 23 14 22 19 24 36 12 17 17 21 40 15 33 17 25 13 11 31 13 17 17 37 27 21 30 
22 20 22 17 30 37 20 20 15 38 34 32 11 12 24 36 19 36 19 25 13 29 28 18 23 23 34 22 27 41 
25 16 22 32 23 27 23 25 17 20 24 30 15 19 25 20 13 22 14 21 16 21 13 19 16 15 32 34 12 36 
30 25 38 34 19 31 25 7 17 23 26 32 23 22 19 16 20 40 17 26 6 27 15 17 25 16 29 31 32 20 
25 20 30 39 25 42 25 14 12 38 20 25 31 23 19 29 20 23 19 20 20 44 19 17 20 28 36 38 27 25 
27 15 29 37 16 14 22 19 18 19 29 31 23 21 20 31 19 30 11 23 16 40 14 12 20 18 24 31 21 27 
30 19 27 23 23 37 19 11 26 9 38 21 24 14 20 33 16 27 18 24 18 22 28 16 17 22 29 30 14 47 
19 22 23 25 29 24 28 13 15 51 33 20 24 20 15 43 10 23 16 26 8 42 18 25 24 16 33 37 26 38 
33 22 28 32 19 42 29 9 23 23 35 36 15 28 19 26 10 27 13 26 21 40 19 17 22 7 34 20 14 42 
26 18 35 18 25 34 22 17 14 22 34 26 21 21 12 40 15 27 17 26 14 21 37 19 28 26 32 5 22 35 
37 10 36 32 25 40 31 18 18 26 28 24 29 8 15 34 17 21 8 26 14 28 27 17 33 21 36 21 15 38 
12 16 34 39 7 44 22 17 9 29 33 19 29 10 26 24 19 18 15 34 25 24 29 17 28 19 27 37 24 26 
36 24 31 32 19 35 19 18 13 21 23 17 28 18 26 12 21 28 21 33 11 17 21 16 25 12 22 19 10 34 
41 15 26 22 24 35 15 6 22 37 26 35 27 25 23 10 19 31 15 18 15 19 23 17 19 15 24 31 19 41 
31 20 21 25 9 29 18 25 16 29 16 15 22 26 20 31 17 25 10 7 16 26 24 14 27 22 32 26 14 5 
28 19 36 27 25 28 37 13 15 13 24 21 19 21 29 19 5 18 10 8 18 29 35 23 28 14 18 18 20 25 
50 18 30 3 20 24 16 16 21 29 29 29 31 22 24 37 11 45 15 18 15 28 21 18 24 22 23 21 23 30 
32 22 22 39 20 40 25 8 21 12 37 40 14 15 21 27 13 26 13 27 12 27 20 14 27 16 23 44 21 29 
24 21 21 21 18 27 31 10 15 23 20 35 34 22 19 21 25 39 12 20 28 26 13 18 18 18 44 25 11 38 
21 26 14 25 23 39 18 17 14 23 19 19 16 20 29 27 11 34 15 15 10 30 21 14 22 18 31 25 36 19 
36 15 26 33 21 19 21 17 19 25 33 42 28 18 20 39 13 37 9 16 20 27 9 16 23 18 24 29 24 34 
30 21 38 26 26 27 34 17 24 34 22 25 22 18 27 25 11 29 10 26 18 16 22 19 33 18 24 37 20 35 
36 16 17 21 21 29 15 22 20 42 14 33 28 17 18 33 15 54 14 25 26 19 32 14 23 22 35 21 15 28 
45 21 30 23 24 32 20 21 12 20 22 26 23 11 26 36 9 29 21 20 30 19 23 17 19 23 25 25 17 24 
38 16 25 37 25 33 31 19 23 13 45 24 15 18 25 18 17 46 20 34 18 25 23 17 25 18 31 31 28 30 
38 24 25 18 24 36 30 14 26 34 19 31 18 23 21 33 16 27 8 18 28 28 21 19 23 21 30 33 27 36 
31 17 30 34 18 24 17 17 16 27 32 40 17 28 20 18 12 36 9 23 17 32 30 14 17 17 29 26 18 29 
22 19 37 30 26 28 23 21 18 25 25 18 19 17 25 32 10 23 12 21 17 22 17 15 23 16 25 25 22 23 
29 20 25 25 34 37 26 20 13 33 33 43 27 15 18 25 15 36 11 35 21 32 19 13 31 11 26 30 8 31 
27 20 35 32 14 25 18 13 17 41 34 25 31 30 27 34 15 34 11 24 25 36 20 15 19 15 29 29 16 12 
36 17 27 38 14 15 28 19 13 11 38 26 28 23 21 35 10 20 13 16 14 40 16 18 20 21 22 30 20 33 
27 18 27 28 21 21 22 19 21 30 31 31 30 21 28 22 4 28 18 33 22 26 16 23 12 19 21 35 29 32 
15 19 26 10 25 7 36 14 14 20 32 28 29 25 22 26 16 41 13 10 19 33 22 15 18 19 26 26 17 30 
35 31 17 20 25 49 24 17 14 27 28 20 23 16 22 36 14 40 15 28 13 24 20 20 28 16 37 37 21 34 
39 17 18 40 12 35 17 10 16 24 30 21 34 23 25 21 20 28 16 19 15 26 16 10 21 17 33 32 33 41 
19 12 33 10 25 41 30 18 17 37 31 15 19 16 10 31 15 27 20 27 23 20 37 22 27 18 22 37 27 20 
12 25 17 19 13 29 31 17 21 24 25 41 21 17 20 34 13 14 20 28 9 24 31 29 24 16 30 40 19 30 
26 19 32 23 26 35 21 16 17 39 33 30 36 20 21 24 16 43 17 16 13 15 15 12 18 15 35 25 11 33 
29 19 29 25 19 22 18 14 9 22 32 33 17 15 23 24 15 32 17 17 13 29 26 25 25 22 42 8 29 31 
29 10 20 41 21 41 21 19 11 27 26 22 19 18 24 30 9 18 18 15 23 11 21 7 11 24 26 24 27 22 
40 23 17 22 23 31 7 14 18 34 26 38 25 21 19 23 16 24 15 12 20 32 29 22 20 21 30 19 22 16 
21 12 16 15 13 55 20 14 15 35 38 43 15 22 26 32 9 38 10 25 23 22 30 12 21 14 30 26 27 31 
32 23 43 33 27 44 6 10 4 33 17 38 24 19 25 19 19 28 24 38 19 23 22 20 10 7 35 17 13 45 
25 16 31 39 32 17 25 15 14 19 22 31 15 20 28 32 17 38 14 23 7 21 16 20 24 22 32 36 13 48 
25 31 13 20 20 37 22 18 17 18 31 28 30 16 18 36 18 32 14 29 20 25 30 21 18 21 31 30 14 29 
29 10 38 40 21 32 22 14 17 17 41 49 23 18 18 23 15 34 14 20 20 25 21 17 22 15 38 23 24 33 
29 13 22 21 24 24 21 19 16 19 28 41 22 12 20 39 10 44 6 29 26 35 19 25 11 11 22 27 24 15 
24 25 28 25 17 31 17 16 21 29 34 35 14 19 20 37 14 26 14 25 17 14 34 19 23 14 21 23 19 38 
22 22 14 15 9 27 22 7 12 26 17 30 17 22 25 38 15 25 9 9 15 26 30 22 25 30 28 24 37 35 
39 17 31 26 23 29 20 18 25 17 41 17 24 20 26 21 15 36 11 21 15 46 5 23 27 13 26 29 30 30 
19 24 23 31 22 31 19 15 10 32 28 21 19 7 18 27 11 31 9 26 19 19 20 12 29 12 33 21 29 15 
27 9 22 21 18 21 27 15 14 23 24 21 14 24 30 37 4 37 15 19 15 28 34 19 27 17 36 24 22 34 
22 20 26 27 28 40 20 17 17 22 22 12 24 10 24 13 18 28 9 16 10 20 32 12 20 19 36 33 21 28 
22 16 32 34 19 27 16 13 14 36 40 39 11 14 18 29 18 31 9 17 11 31 20 7 16 21 23 27 12 22 
20 19 31 34 27 27 25 17 11 31 27 23 16 20 24 27 13 20 15 18 18 22 34 18 17 9 37 29 20 33 
22 19 22 30 30 19 28 17 14 23 29 33 17 19 18 19 14 36 12 25 11 32 34 12 26 28 35 21 24 24 
22 22 31 27 23 38 27 16 12 36 31 24 23 9 17 16 19 33 14 27 19 33 25 21 10 28 37 14 26 40 
34 21 29 21 26 32 24 24 15 11 28 19 29 18 13 29 13 33 18 22 25 38 21 4 27 16 34 23 28 47 
20 24 20 20 28 25 26 16 9 37 19 24 24 23 23 21 18 16 22 34 15 34 21 23 20 23 22 34 31 14 
19 14 19 20 18 29 27 13 16 23 26 19 13 15 23 31 13 30 11 22 8 33 32 17 18 18 32 10 33 41 
32 16 30 30 22 31 22 22 18 16 16 19 20 17 19 38 17 22 4 8 18 13 26 8 21 18 29 29 29 41 
20 11 34 20 16 27 28 16 16 39 24 26 21 26 24 27 13 35 13 23 20 15 31 23 30 17 23 20 31 25 
38 10 21 29 14 18 25 14 17 21 34 28 21 12 9 23 8 23 4 30 17 33 23 11 20 20 34 37 35 54 
11 27 43 22 17 36 21 23 21 27 6 18 27 19 29 26 15 28 16 22 17 28 28 20 13 21 31 36 22 39 
30 23 33 35 16 34 25 18 16 33 35 19 18 13 23 24 15 15 9 20 13 45 29 18 29 18 27 19 14 24 
30 18 23 18 15 33 21 13 18 48 26 24 29 18 24 34 17 25 19 35 12 24 24 13 29 11 30 17 25 37 
16 12 30 34 11 38 10 15 24 18 13 28 28 28 11 34 18 26 18 16 18 30 24 21 22 11 22 10 16 19 
19 18 23 21 19 29 24 12 14 39 25 34 15 19 20 22 13 24 18 17 23 15 29 20 30 14 14 24 8 25 
26 22 24 40 26 40 27 15 13 18 28 20 26 16 27 20 15 24 13 31 19 15 20 17 9 16 25 24 32 25 
30 25 25 29 17 39 26 11 21 29 29 30 29 15 28 39 22 27 15 21 11 19 17 29 22 20 30 29 16 25 
8 25 19 29 22 31 21 11 21 49 36 32 21 18 24 38 11 32 20 14 18 38 30 17 15 18 33 30 26 31 
29 23 19 30 23 44 25 18 14 30 29 20 26 27 23 24 11 23 11 21 19 44 28 8 18 22 28 30 24 40 
26 22 22 29 17 42 26 22 12 28 34 27 27 17 18 13 13 27 14 23 14 25 15 16 19 16 23 30 28 24 
21 14 30 30 26 34 16 17 14 27 21 37 28 23 32 23 16 14 16 20 23 16 27 8 16 14 38 47 32 24 
21 16 19 30 22 28 23 21 18 19 21 25 36 32 12 23 26 26 19 14 14 24 35 14 16 10 21 27 20 22 
22 18 25 26 25 19 13 17 17 13 25 12 35 17 26 23 17 36 16 16 16 28 13 14 25 24 33 21 14 25 
26 17 27 26 29 13 26 21 17 25 34 28 14 24 34 19 15 35 26 28 26 29 21 11 17 26 46 28 19 28 
30 25 17 35 29 36 24 17 16 30 16 41 28 21 24 26 20 30 17 29 21 16 36 24 17 13 35 15 23 37 
34 15 30 46 21 26 11 13 12 38 24 19 20 18 23 22 19 33 20 22 23 30 25 16 35 15 38 33 15 23 
29 21 33 30 25 29 19 17 12 41 24 36 19 19 34 27 18 24 20 26 14 34 24 10 17 15 19 30 27 21 
42 20 18 32 24 23 23 17 10 22 30 24 18 19 20 24 13 36 16 20 17 22 32 16 17 19 33 35 15 33 
37 10 27 16 21 29 21 14 17 37 21 20 25 16 18 31 13 36 17 27 5 37 24 17 24 11 25 23 21 23 
14 18 28 27 19 29 31 6 11 5 26 23 24 14 15 20 15 25 16 18 14 18 20 13 23 17 43 35 26 24 
37 20 24 21 15 22 16 20 14 25 13 38 25 23 19 23 17 26 17 28 19 29 34 22 20 17 25 33 26 36 
37 17 32 29 30 35 21 17 16 31 28 32 26 18 16 20 15 28 16 29 11 32 31 20 23 21 47 36 14 39 
40 21 26 38 19 42 22 12 20 38 32 26 15 29 19 33 13 40 17 37 11 34 32 18 15 19 29 23 31 22 
30 13 38 29 19 37 22 18 10 29 32 22 24 25 17 21 14 33 13 28 13 24 14 19 27 18 18 18 18 25 
36 18 37 28 12 22 21 9 13 33 30 31 21 14 29 26 10 39 23 16 22 26 15 15 33 19 34 21 17 28 
15 22 19 17 15 41 19 20 20 33 18 27 16 31 28 18 19 31 17 38 15 39 33 7 20 22 24 30 26 35 
29 15 24 39 17 17 18 18 15 23 28 25 23 28 31 26 18 41 10 19 21 29 18 6 21 16 38 24 21 29 
23 14 34 2 24 43 25 15 16 17 23 38 24 15 28 32 15 49 11 39 16 21 33 24 11 20 30 27 24 39 
27 21 26 23 30 36 14 14 19 25 32 25 24 13 33 31 24 22 6 24 20 35 27 28 16 18 19 34 31 30 
29 13 31 34 23 28 22 18 16 38 35 40 9 19 13 29 19 26 17 23 17 49 18 15 24 20 29 27 22 22 
34 20 29 27 17 20 23 12 17 25 30 24 30 17 29 21 15 38 19 24 19 29 33 18 16 16 38 14 25 36 
28 14 31 14 21 37 31 16 17 34 27 30 27 15 23 32 18 40 11 18 12 28 15 22 25 18 42 26 18 32 
23 19 24 19 25 18 24 20 22 16 26 24 25 19 23 17 9 50 25 19 18 25 24 10 10 15 28 10 20 38 
30 12 24 19 16 30 21 11 20 30 25 39 19 25 22 18 13 32 19 28 15 20 16 21 26 12 42 26 16 42 
27 24 16 25 18 20 20 21 15 32 19 31 29 18 27 31 9 35 12 30 23 27 26 15 21 18 28 18 21 25 
20 17 30 29 29 33 22 20 18 24 15 31 34 27 20 18 15 26 12 32 12 19 18 25 11 16 35 27 19 36 
28 17 30 24 15 9 23 14 21 32 22 27 23 18 9 17 17 29 19 16 15 23 26 16 24 18 34 33 27 19 
20 12 27 33 25 25 16 12 17 27 29 30 31 17 30 25 13 39 15 22 18 23 20 22 24 20 34 22 13 17 
48 18 24 29 22 39 27 22 10 35 25 26 23 29 18 31 14 27 11 2 15 37 14 19 29 8 22 33 32 33 
20 27 19 25 20 22 32 22 16 20 37 41 18 20 10 27 16 20 16 28 15 36 17 17 27 16 26 21 17 29 
26 23 19 39 31 21 16 17 18 54 24 24 28 11 19 25 16 35 16 19 17 12 23 21 19 16 22 29 23 29 
29 23 26 10 23 45 25 11 23 29 19 29 30 19 34 35 15 32 10 21 24 23 21 19 23 19 41 43 19 13 
26 19 19 20 19 22 23 22 11 32 43 36 20 17 21 24 12 34 11 26 16 13 33 13 26 21 20 29 13 24 
26 23 26 39 27 39 17 17 19 31 23 28 24 27 24 25 20 38 7 37 15 31 10 17 24 24 28 25 21 26 
32 12 12 17 17 19 22 19 26 23 26 17 21 23 25 16 12 33 21 30 1 26 23 23 29 17 40 27 18 29 
35 21 30 30 25 21 13 16 22 44 32 33 27 22 22 22 10 22 11 27 14 26 12 19 38 18 33 27 24 29 
40 18 19 25 22 39 15 15 14 30 36 29 28 17 21 31 11 32 9 29 10 33 36 15 14 20 24 23 29 43 
35 23 28 30 19 21 22 22 11 22 29 34 19 21 21 31 10 22 11 31 15 22 21 19 23 19 36 16 22 42 
17 21 33 24 32 35 17 22 14 35 36 23 29 20 14 28 17 33 17 28 22 28 28 21 17 25 40 25 22 13 
33 28 31 25 24 30 44 15 8 45 40 28 17 22 24 26 21 21 7 24 24 25 31 15 27 14 39 47 22 44 
12 22 24 25 30 28 25 7 15 27 35 31 15 21 35 32 28 38 11 10 15 33 27 24 19 8 27 48 22 32 
24 21 20 22 31 33 12 12 15 28 39 22 28 15 20 32 11 32 10 23 21 25 13 11 24 21 30 20 21 34 
21 21 32 41 22 27 24 10 23 33 37 38 17 14 34 30 10 26 20 22 21 33 26 13 15 18 35 28 29 39 
24 18 37 24 14 32 20 24 21 29 21 33 35 22 15 36 14 21 21 23 21 35 14 17 11 18 16 25 28 23 
28 13 33 29 17 40 18 16 21 32 31 31 13 33 11 44 20 19 16 34 11 21 30 13 22 14 28 25 22 36 
34 22 21 15 22 38 21 14 15 23 32 30 28 17 23 35 17 28 14 26 9 45 5 21 18 19 46 21 24 29 
17 23 29 25 27 8 13 9 12 26 35 15 29 26 19 17 16 35 17 22 21 29 21 22 15 11 33 27 17 29 
18 15 28 23 25 27 28 16 14 22 20 24 29 14 22 26 15 34 16 35 21 14 23 17 26 19 26 28 21 20 
37 23 22 26 22 17 17 13 10 13 17 34 29 16 26 30 10 21 16 17 30 47 20 22 19 20 28 24 24 42 
19 16 36 23 44 36 28 18 18 32 35 35 11 15 18 28 15 18 18 31 19 20 40 15 33 16 25 31 19 18 
21 19 33 37 12 21 16 19 18 13 41 19 25 13 27 26 18 26 14 27 24 22 24 24 18 22 21 34 16 27 
30 14 28 28 30 28 18 16 16 48 29 42 24 29 28 30 19 31 17 26 22 13 26 25 26 23 40 25 13 44 
26 11 26 30 23 25 25 11 17 18 37 33 21 26 28 27 21 48 10 19 14 34 23 17 24 18 34 23 25 26 
12 9 26 24 18 38 21 17 13 34 19 16 25 17 16 23 10 24 21 24 19 22 31 16 18 14 31 17 21 30 
20 16 15 25 22 16 11 17 21 22 28 35 28 9 29 24 22 30 15 11 20 24 22 17 21 19 30 34 14 21 
37 24 38 37 15 22 25 18 16 35 28 39 24 16 30 26 20 22 16 29 14 9 21 4 25 13 24 21 25 36 
38 17 14 23 30 36 29 18 13 31 23 25 18 20 26 32 16 27 18 21 21 24 25 22 36 19 34 32 27 31 
27 17 29 7 21 21 14 8 19 28 32 9 22 24 30 20 15 29 16 19 24 14 5 10 23 22 36 27 26 33 
32 30 33 15 32 29 19 21 12 26 28 34 28 19 21 16 14 44 12 17 21 31 34 18 17 15 31 27 23 25 
28 20 30 28 17 33 26 21 12 19 32 24 17 20 27 22 23 39 11 27 21 18 26 29 23 9 32 17 19 37 
34 19 34 23 20 58 23 18 13 23 38 20 29 16 19 37 15 10 14 37 14 28 26 20 16 22 31 36 18 33 
15 20 33 40 36 18 24 16 15 31 34 17 23 20 18 27 10 23 16 25 9 18 27 27 9 13 29 19 23 16 
30 21 29 28 21 45 16 21 17 21 26 35 30 30 20 45 17 25 13 16 22 5 25 12 31 13 37 26 20 26 
39 18 29 26 26 32 24 14 24 37 33 31 10 17 21 41 12 31 13 20 25 16 24 19 16 22 24 41 29 19 
23 16 45 14 16 21 20 13 18 50 21 27 22 19 28 39 21 19 21 21 17 19 24 18 20 10 34 29 13 30 
21 14 26 14 5 26 20 19 8 28 30 30 12 21 26 33 15 27 19 29 17 24 31 21 25 16 16 28 27 37 
20 28 15 35 30 31 7 18 21 26 20 33 29 23 27 33 13 35 17 19 17 30 25 27 21 19 35 25 11 25 
27 17 26 37 16 31 15 9 21 38 27 45 20 23 19 30 4 34 18 22 20 30 9 18 25 6 37 22 17 20 
35 23 31 21 19 40 24 20 11 27 31 26 31 19 13 23 14 35 17 15 19 23 10 18 26 17 30 16 14 40 
23 13 34 28 25 52 24 13 15 29 36 34 26 15 21 18 9 36 14 24 9 38 24 20 27 10 31 24 28 20 
29 21 30 37 21 33 27 18 15 37 25 18 26 11 28 31 12 38 15 12 14 23 25 24 27 24 28 30 11 9 
35 23 21 28 19 24 12 15 20 21 48 25 37 21 24 31 14 26 19 11 19 33 19 16 21 20 24 31 20 35 
21 16 13 27 24 29 27 20 18 23 26 16 11 12 32 25 21 33 15 23 14 23 19 24 16 23 21 35 20 25 
35 14 34 13 21 33 16 19 20 25 32 26 35 21 24 24 8 19 13 24 23 37 12 25 26 16 28 35 22 33 
33 21 17 33 30 34 27 17 9 21 25 32 14 18 19 29 13 22 16 25 17 37 32 9 22 17 32 32 21 13 
31 15 32 31 13 14 22 12 11 32 35 16 25 21 24 24 9 23 16 16 17 36 8 21 28 13 26 31 27 27 
23 24 31 13 17 43 15 17 21 24 27 22 26 14 20 22 10 45 17 30 15 28 23 18 31 13 32 34 18 26 
32 23 17 41 26 29 25 13 10 35 34 20 18 20 23 19 12 36 11 15 24 32 27 13 7 26 22 25 15 21 
15 15 21 33 31 26 25 16 15 23 43 28 22 23 34 36 13 38 18 11 16 40 23 22 31 11 28 35 17 24 
19 6 33 28 31 16 21 12 23 26 31 20 24 19 24 31 14 32 17 25 16 21 27 16 27 14 29 22 14 44 
33 13 27 37 21 25 25 16 26 35 26 28 35 19 26 38 13 26 15 21 11 21 19 17 27 13 39 43 27 37 
17 20 31 28 15 29 24 14 11 33 19 20 29 27 21 25 14 29 12 23 25 26 30 15 15 18 44 33 16 20 
21 17 27 9 23 18 22 17 20 26 39 25 27 20 23 23 10 41 13 14 21 29 8 18 30 15 25 37 25 26 
38 26 23 16 17 20 32 21 15 30 29 33 20 23 23 28 14 38 16 35 19 22 25 17 19 18 30 21 21 11 
22 23 24 26 26 43 12 23 15 38 31 30 13 21 20 40 10 19 22 20 7 32 16 18 15 17 40 20 23 25 
25 27 28 36 26 46 20 15 20 24 22 37 27 23 16 28 10 21 24 39 14 15 31 26 27 16 22 29 20 22 
14 12 26 28 21 30 16 17 15 27 25 32 19 21 23 10 12 36 13 26 15 36 25 17 35 18 31 21 19 28 
19 26 26 25 25 20 28 18 16 30 14 15 18 17 24 32 12 22 16 7 20 23 14 12 27 20 29 25 23 24 
32 20 16 8 23 22 36 8 10 53 15 21 28 8 26 25 14 24 12 26 25 27 28 21 22 16 26 20 14 20 
28 18 29 31 13 39 20 22 16 29 17 37 20 17 28 34 17 34 16 32 3 27 26 20 18 23 37 23 22 28 
25 21 46 14 19 23 19 12 16 29 20 41 18 21 14 31 13 27 10 29 16 21 27 25 29 24 22 22 28 29 
35 25 17 31 26 21 19 13 18 26 25 40 24 13 22 30 15 42 20 15 27 31 25 15 26 19 31 39 26 27 
34 23 19 28 28 40 14 7 13 17 34 30 31 26 22 22 17 28 15 25 14 31 28 7 22 18 40 37 16 22 
27 18 30 25 15 34 24 17 13 23 18 34 27 21 21 38 14 38 25 30 22 17 27 22 28 11 35 24 18 30 
21 29 26 23 17 24 28 23 13 26 26 35 19 23 29 31 21 41 18 22 19 18 16 21 35 17 34 23 20 34 
34 21 35 38 28 25 15 24 19 33 31 29 17 19 25 39 11 35 25 24 19 35 18 10 14 23 26 35 11 24 
32 15 15 20 24 21 12 15 19 36 33 25 28 13 24 38 17 39 16 28 18 36 21 14 19 19 27 32 28 22 
28 23 34 41 24 23 15 12 17 30 29 23 17 18 29 32 13 26 8 24 22 24 19 17 28 22 32 22 16 19 
32 19 30 36 24 37 33 14 20 28 29 22 27 21 9 30 15 42 19 24 9 26 26 20 17 10 35 29 13 17 
13 14 23 32 25 35 15 18 15 37 36 35 24 16 22 45 19 29 15 19 24 30 27 16 28 18 27 26 26 25 
35 20 21 13 20 23 17 20 17 22 26 35 18 26 17 25 15 24 14 32 21 22 18 24 23 15 37 37 23 16 
32 25 25 22 30 31 19 17 14 35 31 29 19 14 19 31 18 38 13 27 19 26 16 23 44 16 25 39 20 37 
26 12 29 20 20 23 22 12 18 36 16 23 26 26 26 17 18 44 17 20 16 20 16 20 19 14 13 34 21 18 
20 15 32 21 22 27 27 14 11 35 35 20 20 21 18 23 20 41 19 27 18 30 26 21 19 18 22 34 11 38 
26 24 21 34 20 27 15 14 19 27 19 17 23 16 21 31 8 32 16 20 22 35 34 17 24 22 20 31 19 26 
21 22 21 17 20 37 27 13 14 33 29 25 26 26 15 28 15 41 15 20 20 31 27 13 10 14 34 24 19 44 
35 22 23 18 32 28 22 17 12 32 35 37 31 16 17 33 11 23 17 24 9 23 30 22 23 13 33 20 19 37 
31 15 31 17 21 38 24 15 13 31 30 32 39 22 29 36 15 18 7 19 17 36 26 18 15 9 26 31 12 17 
14 12 32 28 25 33 24 14 15 23 26 21 25 26 24 34 20 23 23 16 17 30 29 20 15 21 11 19 18 13 
35 27 22 19 31 27 17 21 16 24 38 20 30 18 14 24 17 27 8 32 18 14 30 19 20 14 30 23 28 36 
36 16 38 29 37 37 18 26 17 55 25 35 30 23 7 28 18 18 11 18 12 39 27 12 18 21 38 49 24 26 
31 22 29 22 26 18 21 12 14 36 33 37 24 26 20 19 10 31 15 17 10 29 20 16 23 11 16 32 24 37 
19 14 28 31 27 27 26 14 10 28 24 24 21 22 17 22 12 33 13 35 17 21 11 19 11 22 36 27 31 28 
18 17 29 30 17 32 12 15 18 33 27 34 24 28 19 42 16 36 14 9 9 12 17 17 14 16 25 21 40 17 
31 21 16 25 21 39 11 14 13 36 32 25 35 13 16 24 8 24 24 27 11 22 33 14 20 20 42 28 25 19 
23 25 22 31 19 30 23 11 13 22 17 36 24 25 21 32 19 30 17 20 17 26 25 19 16 20 13 35 12 20 
29 20 16 15 28 42 15 15 17 26 28 34 24 27 20 37 13 25 17 35 6 25 25 19 21 25 17 24 22 28 
20 18 25 42 21 23 22 15 25 25 25 27 29 27 27 62 15 27 17 27 15 16 28 23 29 23 27 19 12 33 
24 31 16 19 16 39 26 18 15 30 19 28 27 22 23 40 14 28 12 28 4 24 11 12 27 11 37 33 14 26 
16 22 31 20 25 27 9 13 18 22 22 27 24 14 21 18 19 32 16 25 24 30 20 16 27 18 29 31 13 35 
36 21 30 29 23 29 20 25 20 37 22 32 16 35 13 34 7 40 14 29 17 22 23 16 24 14 35 17 18 26 

MachineCapacities:
MachineID Capacity
0 10
1 10
2 10
