NumTasks NumMachines NumScenarios
15 3 30
TaskDetails:
TaskID ReleaseTime ResourceConsumption SuccessorsCount Successors...
0 0 3 4 8 1 2 
1 0 3 7 7 1 2 
2 0 2 8 3 2 3 6 
3 0 9 10 5 1 4 
4 0 5 9 5 1 5 
5 0 7 9 10 1 7 
6 0 9 6 3 0 
7 0 4 2 4 0 
8 0 7 7 10 1 9 
9 0 7 3 6 2 10 11 
10 0 9 3 8 2 12 14 
11 0 10 6 1 1 13 
12 0 6 4 6 0 
13 0 4 4 8 1 14 
14 0 6 5 7 0 

39 22 8 25 26 14 12 20 18 34 33 19 16 23 13 15 11 16 28 18 14 17 26 9 35 22 23 13 17 12 18 34 25 15 17 10 7 14 18 20 24 7 28 13 12 
32 34 6 24 9 17 13 19 13 21 13 21 9 26 12 21 20 17 32 14 9 18 20 12 24 26 8 13 17 12 22 11 23 16 11 10 19 9 14 17 22 15 31 11 12 
15 25 7 16 22 15 10 17 18 27 28 32 16 15 14 18 9 16 20 10 13 11 28 18 21 30 19 17 13 16 15 32 26 23 12 7 17 13 15 22 23 5 24 10 15 
13 17 6 27 18 24 12 11 21 10 19 17 10 29 13 15 20 16 26 13 15 19 15 21 18 39 17 11 14 13 17 25 29 13 13 8 9 15 17 26 19 15 24 6 11 
31 20 11 22 32 14 7 4 9 19 24 25 16 22 11 15 19 18 22 13 7 21 24 12 28 35 11 11 20 10 12 33 21 31 13 14 29 15 12 23 15 14 25 11 20 
23 32 7 26 29 31 7 8 15 31 31 31 21 16 10 18 22 24 26 18 10 15 27 11 31 29 18 12 15 11 17 30 24 26 15 12 29 17 15 17 21 9 26 14 20 
24 24 10 15 17 19 15 12 12 28 21 21 25 23 3 18 14 31 21 9 10 13 8 6 30 39 28 9 11 14 25 28 27 12 17 9 30 16 12 18 30 9 41 17 17 
35 17 8 11 21 16 12 16 15 30 29 32 5 26 13 25 19 25 21 12 10 13 21 11 9 35 15 12 13 15 12 20 30 21 15 12 34 20 9 17 21 14 22 11 18 
35 27 10 20 10 12 8 18 14 31 32 24 21 22 9 25 17 24 21 17 8 15 26 14 14 21 12 20 14 17 13 22 4 23 17 10 41 10 16 15 28 18 34 12 19 
34 27 7 21 22 17 13 20 12 16 20 26 23 21 12 20 12 21 15 18 9 24 17 8 11 14 16 10 10 14 11 26 21 21 20 15 27 16 13 16 25 9 33 6 20 
21 22 16 19 28 14 8 12 16 17 40 24 17 30 6 13 22 24 26 15 12 14 23 11 18 20 16 16 15 12 18 18 19 26 12 9 21 22 9 15 16 9 37 7 20 
31 16 11 24 11 29 11 19 11 26 31 27 13 15 12 22 17 21 12 14 14 13 26 17 19 31 16 21 13 17 30 20 25 23 23 7 30 18 22 23 22 13 32 11 16 
19 31 7 19 20 27 8 12 18 24 23 25 23 18 10 14 11 34 20 17 9 26 28 20 25 23 12 6 6 14 27 23 36 27 12 16 19 13 22 16 11 13 26 13 20 
25 32 15 16 31 27 17 16 11 22 25 24 17 12 6 17 12 30 16 13 16 17 24 16 16 27 20 12 13 17 2 15 24 15 16 11 35 13 14 18 25 17 29 19 13 
25 18 6 29 20 30 12 19 15 17 17 15 12 29 14 16 12 21 19 12 11 22 23 11 19 40 13 14 9 13 24 25 26 31 14 14 24 21 15 14 29 10 15 10 13 
29 23 6 19 19 27 5 14 17 21 23 28 17 33 4 18 12 8 19 13 12 22 25 10 22 26 16 26 14 14 19 18 21 20 16 8 19 16 15 13 20 9 22 9 14 
37 26 10 23 21 23 11 14 8 22 14 25 14 14 14 25 22 14 23 12 9 14 22 14 29 19 16 14 16 9 22 17 13 10 15 4 32 13 18 12 24 17 13 17 15 
26 27 7 13 18 22 12 18 26 25 12 27 14 18 17 19 11 21 18 9 13 18 16 15 24 19 13 13 9 11 18 25 32 18 16 11 25 13 21 26 14 15 28 10 13 
26 21 12 25 14 17 11 14 16 21 34 24 8 16 5 20 17 27 23 16 14 24 29 15 19 14 22 22 16 12 21 32 28 8 14 11 21 20 15 14 22 10 34 13 20 
24 39 9 17 25 25 13 13 17 30 29 26 13 21 10 19 21 26 27 16 12 27 32 15 15 25 14 8 14 14 11 9 29 19 14 9 33 13 9 21 16 15 26 10 16 
20 16 3 9 20 23 13 16 5 25 22 23 21 8 12 29 8 6 16 9 15 19 29 17 23 27 24 14 16 8 19 27 10 7 19 14 16 16 16 20 29 8 29 7 18 
30 20 10 26 19 18 18 12 15 24 28 31 15 19 10 15 19 19 18 13 10 19 36 17 26 41 26 11 15 10 21 24 21 27 21 13 25 18 10 10 24 11 33 15 27 
32 17 10 15 16 26 13 12 20 21 24 37 13 23 8 12 16 25 27 10 12 21 19 15 22 34 14 15 17 12 16 33 14 19 14 12 22 19 15 31 24 11 34 13 14 
26 29 13 10 16 23 12 14 14 16 24 28 16 28 8 17 16 25 26 11 8 20 35 12 22 35 14 11 14 17 14 25 23 6 16 13 15 21 14 23 18 9 39 10 21 
25 25 16 20 30 24 7 8 12 13 26 28 8 20 5 26 9 24 20 12 7 14 21 14 31 32 21 17 10 12 20 22 15 27 20 9 21 10 8 23 27 6 25 15 8 
9 18 9 17 15 25 12 18 13 10 26 25 7 23 10 20 18 23 20 15 12 22 25 21 18 16 21 26 9 10 21 27 18 30 15 9 25 21 11 26 10 9 33 11 26 
25 31 6 19 23 16 12 12 18 20 27 17 9 18 10 19 10 36 18 17 16 22 27 13 22 18 28 14 11 14 8 29 27 21 15 5 37 15 13 26 19 14 22 10 28 
37 24 10 7 16 23 12 15 12 13 19 13 19 25 15 13 16 6 21 11 12 20 11 4 22 24 22 17 13 7 16 17 26 27 7 7 32 16 15 14 18 16 23 14 17 
40 24 13 10 14 15 16 9 18 22 36 20 8 26 8 19 15 36 18 13 9 19 30 12 9 23 18 17 20 13 20 26 23 31 24 13 23 16 11 18 32 12 15 10 23 
24 22 15 17 24 15 10 12 14 29 29 10 18 22 12 18 16 24 15 14 11 18 41 8 14 26 20 11 12 10 18 31 22 17 22 10 36 10 16 18 23 13 29 10 13 

MachineCapacities:
MachineID Capacity
0 10
1 10
2 10
