NumTasks NumMachines NumScenarios
15 3 30
TaskDetails:
TaskID ReleaseTime ResourceConsumption SuccessorsCount Successors...
0 0 6 10 10 1 2 
1 0 7 6 1 1 3 
2 0 5 6 4 1 3 
3 0 8 9 5 1 4 
4 0 7 5 2 0 
5 0 8 6 10 1 7 
6 0 4 5 2 2 7 10 
7 0 1 7 4 1 8 
8 0 3 4 5 3 9 11 13 
9 0 2 3 4 1 12 
10 0 7 9 6 2 12 13 
11 0 6 3 2 1 14 
12 0 3 6 4 1 14 
13 0 4 7 7 0 
14 0 10 5 1 0 

20 13 9 38 13 21 32 20 23 19 16 17 9 8 12 21 34 19 14 29 12 23 19 24 14 29 30 24 22 20 22 20 31 31 18 14 26 27 21 19 19 15 26 19 11 
14 31 13 26 11 18 30 13 28 41 17 19 12 8 21 23 36 18 15 24 16 34 30 26 15 25 24 17 15 20 25 21 31 35 19 22 24 2 24 21 20 21 23 17 17 
22 8 10 17 12 31 11 10 17 32 13 8 9 8 32 26 33 16 13 27 16 27 24 24 13 31 36 25 16 18 26 24 24 21 18 15 18 21 25 27 21 14 26 14 23 
17 5 10 38 12 32 32 19 31 28 14 13 13 12 20 21 34 24 14 42 11 12 20 16 20 18 14 37 21 29 34 32 47 28 31 17 16 13 9 27 24 15 31 21 18 
16 20 7 46 14 31 27 18 16 36 14 25 14 9 25 20 17 20 15 31 12 18 31 31 12 34 35 7 26 16 22 23 13 18 24 16 26 28 34 21 22 14 16 18 18 
23 22 4 28 13 30 33 11 20 31 12 11 10 12 16 31 34 21 15 36 10 31 19 30 15 33 33 25 29 24 33 21 17 21 27 14 24 14 16 6 27 17 18 15 13 
21 18 10 41 17 21 34 11 27 15 9 12 14 7 11 25 24 13 17 30 12 25 26 23 21 30 23 17 15 21 15 17 33 12 19 13 23 26 19 17 23 17 19 12 26 
24 33 11 42 15 25 27 26 21 24 17 8 10 16 18 17 34 16 13 46 13 28 25 24 16 33 24 19 16 20 23 16 21 17 12 9 13 21 17 19 29 15 20 16 10 
19 15 10 35 14 11 39 18 19 40 14 17 10 15 19 31 46 23 20 32 7 19 21 25 20 21 21 27 21 30 39 14 31 26 16 23 26 18 22 20 30 17 23 21 21 
23 27 6 34 14 26 32 19 27 31 14 11 13 15 18 21 33 14 18 46 19 24 23 25 34 28 28 28 19 33 25 20 29 29 19 18 22 26 26 21 20 20 19 15 13 
15 18 12 20 11 27 24 20 11 17 20 16 11 9 19 30 29 11 16 33 19 12 19 22 27 30 34 19 15 17 22 9 30 38 13 16 19 17 22 10 20 13 29 15 14 
10 20 12 28 15 20 27 12 23 20 8 4 14 10 13 27 23 19 16 25 10 25 20 30 25 39 32 29 13 6 24 14 22 23 15 17 42 21 30 10 37 18 28 12 15 
24 7 8 12 11 29 8 25 15 37 16 15 12 11 22 26 30 11 8 33 16 26 20 24 26 24 37 13 31 19 31 16 22 19 35 10 30 17 16 24 25 15 30 13 17 
23 16 9 32 12 35 26 22 21 39 23 14 18 10 19 21 19 18 13 27 12 32 25 12 22 35 32 28 23 30 35 18 32 18 15 11 24 18 15 18 26 8 26 16 11 
16 19 10 26 9 16 28 12 14 24 21 19 15 15 9 12 24 27 18 37 17 17 24 27 27 26 24 23 18 20 28 11 23 11 15 11 22 13 17 3 18 12 13 15 12 
27 16 10 24 11 22 33 12 25 10 8 14 10 9 12 25 40 16 14 34 19 20 25 24 29 20 22 25 9 23 34 25 14 25 24 17 20 18 14 24 26 24 23 20 16 
27 25 4 19 12 18 22 19 24 13 22 17 17 11 14 23 23 15 10 24 16 20 18 25 28 16 23 28 10 21 16 17 40 20 22 12 26 21 22 22 26 18 12 13 14 
11 13 9 32 11 35 24 13 13 27 13 16 14 13 18 14 21 18 12 16 12 20 23 22 17 18 12 15 27 23 26 25 17 24 16 15 16 24 14 14 28 21 16 17 15 
10 28 8 29 13 26 31 24 28 41 12 14 15 9 14 17 22 13 20 29 16 32 31 23 26 35 13 22 25 24 23 19 35 22 25 22 24 28 19 20 10 16 23 15 15 
18 20 7 37 16 28 20 21 24 23 11 13 15 13 25 26 22 19 12 43 18 7 21 17 18 23 35 25 20 12 32 18 38 28 9 11 11 23 25 24 12 12 11 6 11 
17 19 7 32 9 18 21 15 20 17 9 11 11 5 19 23 37 21 17 25 13 17 21 31 23 31 27 22 13 14 36 26 25 33 29 15 17 14 9 22 25 15 12 13 16 
20 27 6 32 17 29 32 19 11 29 17 16 9 9 17 32 33 11 12 27 13 27 17 13 18 16 34 24 24 28 41 20 34 24 27 12 27 11 18 23 24 17 19 11 18 
21 19 10 31 13 23 21 13 16 20 15 16 9 8 15 18 22 15 15 26 16 10 24 32 13 28 15 23 29 31 31 18 43 21 23 14 31 16 8 26 24 22 19 10 15 
18 27 16 26 15 11 24 16 28 31 16 10 16 8 19 24 53 23 16 25 12 24 11 23 13 32 42 23 28 22 19 24 17 22 21 15 28 14 11 18 36 23 16 17 20 
13 8 12 11 8 18 35 26 24 27 7 18 16 8 24 20 28 17 11 18 16 26 22 21 24 26 28 16 29 23 28 12 21 21 35 15 30 8 11 17 31 14 26 17 24 
31 28 8 21 15 25 18 19 7 22 23 21 17 14 14 29 19 10 23 39 17 22 16 14 22 38 36 17 24 11 16 19 30 10 24 14 29 23 24 21 23 15 26 13 15 
11 20 10 23 13 34 17 23 17 24 13 11 15 8 13 25 22 23 12 35 8 24 28 13 23 21 35 15 20 25 22 20 24 17 27 21 24 23 24 23 20 16 25 8 15 
15 20 8 25 12 35 21 19 19 26 18 13 7 5 8 12 37 15 14 30 11 16 18 17 16 36 38 14 23 24 26 17 33 28 17 12 25 21 13 13 23 19 16 16 20 
31 27 15 45 14 14 29 17 20 41 20 10 17 14 17 29 19 25 20 24 12 24 27 4 19 31 38 21 21 25 32 19 29 20 24 19 18 18 28 8 28 30 13 18 15 
22 19 7 22 19 26 27 20 33 22 21 18 13 11 16 25 42 28 21 33 10 21 19 26 22 22 47 21 31 22 28 22 30 24 24 20 16 27 15 24 23 12 16 9 19 

MachineCapacities:
MachineID Capacity
0 10
1 10
2 10
