NumTasks NumMachines NumScenarios
20 4 10
TaskDetails:
TaskID ReleaseTime ResourceConsumption SuccessorsCount Successors...
0 0 6 4 6 4 2 1 4 
1 0 8 2 9 6 1 3 
2 0 9 5 4 3 2 3 4 
3 0 8 7 3 9 1 5 
4 0 4 9 9 3 1 5 
5 0 8 4 2 9 0 
6 0 6 5 5 2 2 9 11 
7 0 4 7 10 1 2 10 12 
8 0 3 8 6 3 2 10 12 
9 0 6 10 8 9 2 13 14 
10 0 10 4 6 7 3 11 13 14 
11 0 7 8 9 5 2 15 17 
12 0 1 1 1 4 1 14 
13 0 7 2 1 4 2 15 17 
14 0 6 3 1 8 2 15 17 
15 0 2 6 1 4 1 16 
16 0 5 4 2 9 1 18 
17 0 3 9 8 9 0 
18 0 4 7 9 5 1 19 
19 0 5 2 8 6 0 

29 30 15 7 7 35 14 32 14 13 20 32 11 32 21 21 12 28 34 28 26 23 13 8 29 18 9 11 10 25 34 20 38 29 9 42 22 19 23 4 15 11 27 7 14 37 21 17 18 17 37 30 19 34 11 13 9 17 22 23 22 18 7 12 14 24 8 19 24 14 18 30 32 10 32 13 12 29 25 14 
17 17 17 12 11 34 15 38 8 9 18 14 16 20 21 12 21 25 30 12 26 34 14 10 38 34 24 16 11 34 34 20 24 28 14 35 25 34 23 19 15 18 25 16 22 45 10 35 14 16 21 20 23 22 15 21 12 9 18 24 20 23 11 10 19 24 14 10 22 17 22 29 32 9 17 15 28 37 25 30 
24 14 13 13 17 35 9 23 9 22 16 30 14 20 16 18 12 15 31 23 19 27 22 12 29 41 14 15 12 30 22 11 39 25 17 30 22 39 29 27 12 11 32 19 26 33 25 24 18 7 12 33 26 32 14 18 14 17 21 15 25 19 6 22 5 32 11 27 19 14 18 12 27 13 9 18 29 19 17 26 
15 24 16 10 4 8 10 40 21 13 17 24 9 32 18 22 19 12 21 25 19 20 10 15 36 18 13 18 11 37 39 18 16 24 18 15 23 29 23 29 16 9 17 14 33 25 21 37 12 18 22 26 16 24 8 18 5 13 23 20 27 15 8 13 25 20 15 32 35 10 16 25 16 19 32 19 26 29 26 32 
37 21 10 7 12 36 15 38 18 14 17 19 10 22 18 20 15 34 21 29 31 21 20 14 42 12 29 14 10 34 33 17 24 40 13 29 28 18 16 22 12 26 25 13 19 30 29 28 13 11 18 34 22 29 15 17 14 13 26 12 17 16 13 15 20 38 8 18 29 12 7 45 26 23 11 14 37 35 21 21 
21 29 15 11 9 37 13 23 10 9 14 24 9 28 18 23 24 26 34 27 24 13 9 6 14 21 21 15 13 24 26 21 30 24 19 41 24 37 26 18 12 18 28 10 26 29 22 16 18 13 20 21 15 36 12 19 14 16 20 17 27 12 9 10 24 22 16 24 22 14 17 19 29 14 33 20 16 29 30 33 
22 19 14 7 12 48 13 26 21 10 8 22 7 9 20 10 14 23 18 30 36 13 15 12 18 30 20 10 18 28 35 16 25 33 18 25 21 23 27 21 13 12 22 12 28 22 27 19 18 14 22 27 23 28 12 17 7 14 17 17 28 13 9 18 22 29 17 21 32 14 16 17 27 13 8 15 23 23 18 22 
27 13 16 8 9 22 7 38 15 12 13 29 10 15 13 14 19 11 30 19 20 22 15 10 45 44 22 15 12 25 28 14 34 34 13 23 22 28 15 16 7 24 26 11 30 41 18 30 24 17 26 33 30 27 15 23 14 12 19 24 23 12 9 11 20 18 9 23 27 13 26 28 21 19 29 15 32 19 21 21 
12 31 16 10 8 5 19 31 18 18 15 25 8 31 12 20 17 29 32 16 28 27 19 12 28 30 21 12 17 40 30 17 20 31 19 47 14 22 19 26 11 14 23 13 21 12 14 22 17 15 23 35 39 35 16 22 16 13 25 23 17 12 15 15 19 55 9 20 23 11 18 32 35 22 8 19 24 36 24 30 
20 17 17 8 12 32 14 15 11 11 15 33 9 22 20 13 19 26 28 11 23 17 14 9 21 42 20 5 11 38 56 28 27 47 19 18 22 16 18 26 17 29 33 17 16 26 14 32 23 18 21 38 17 14 13 15 9 8 28 8 20 14 6 17 17 26 13 18 22 19 7 10 23 9 23 18 26 29 21 37 

MachineCapacities:
MachineID Capacity
0 10
1 10
2 10
3 10
