NumTasks NumMachines NumScenarios
20 4 10
TaskDetails:
TaskID ReleaseTime ResourceConsumption SuccessorsCount Successors...
0 0 7 5 2 2 3 1 2 3 
1 0 8 7 2 10 2 4 5 
2 0 4 6 1 2 1 4 
3 0 6 4 6 2 1 6 
4 0 10 5 9 9 1 6 
5 0 2 1 4 10 1 7 
6 0 4 10 6 5 1 7 
7 0 8 6 10 9 1 8 
8 0 1 9 5 1 2 9 10 
9 0 7 6 4 4 3 11 12 13 
10 0 6 5 7 4 1 12 
11 0 8 1 2 10 0 
12 0 2 4 6 9 0 
13 0 10 8 8 5 0 
14 0 6 3 9 5 1 15 
15 0 2 6 4 7 1 16 
16 0 9 3 9 6 2 17 18 
17 0 3 8 9 6 0 
18 0 9 4 7 3 1 19 
19 0 8 7 5 2 0 

7 7 24 24 22 7 14 15 9 24 28 31 7 30 24 14 11 30 12 17 12 10 19 16 23 11 23 20 12 13 10 32 36 17 11 16 16 17 32 10 19 25 10 11 13 20 12 25 14 6 20 42 10 10 19 24 18 14 21 15 15 26 37 19 16 35 19 12 32 6 22 22 24 12 15 39 9 17 28 10 
26 7 13 30 24 7 12 20 36 41 27 20 5 18 15 26 13 36 22 21 21 14 9 18 23 15 31 13 22 11 15 33 16 10 11 10 15 18 31 14 21 31 22 16 15 14 14 15 24 10 19 11 27 12 16 31 11 17 9 20 15 17 21 30 17 35 16 18 36 10 24 22 23 14 15 32 15 11 32 16 
11 17 27 27 33 8 10 33 14 32 28 38 18 19 31 26 8 33 20 41 21 17 21 19 6 12 17 14 28 17 27 29 18 12 14 6 11 22 43 20 13 35 4 15 18 10 17 20 16 15 16 40 17 9 14 24 30 13 20 8 26 28 32 21 18 30 22 15 27 27 29 21 19 10 14 35 8 18 27 13 
14 8 21 27 28 6 10 22 23 26 16 40 22 13 29 25 14 31 23 24 13 10 24 19 22 8 22 12 20 12 19 28 33 8 13 9 22 27 26 17 27 40 12 9 19 14 19 21 17 10 22 42 16 16 15 28 36 12 24 22 10 9 25 17 11 24 19 12 29 21 21 24 17 7 19 10 12 12 28 15 
20 9 25 30 21 9 15 17 26 21 38 44 26 17 23 20 7 24 21 18 12 11 18 18 24 13 23 13 11 14 25 46 36 10 11 12 27 13 34 26 22 31 16 5 19 19 19 21 12 12 30 39 15 11 12 28 23 13 23 22 13 19 16 17 14 36 19 11 24 16 19 21 12 11 15 29 12 14 31 21 
11 13 24 24 31 21 9 19 27 29 23 48 17 17 26 21 11 26 20 26 18 11 25 18 23 8 20 12 30 9 6 23 33 7 11 14 24 26 27 13 27 29 15 9 13 15 17 22 11 7 18 22 22 10 9 20 30 8 21 26 21 28 29 23 16 22 15 10 21 7 21 22 20 14 16 25 8 20 18 12 
9 14 24 23 29 13 9 12 26 18 20 22 13 19 19 28 14 37 24 18 13 14 7 8 29 14 16 11 29 11 18 28 21 20 17 15 20 20 34 7 26 24 13 12 22 12 16 7 16 16 19 24 19 6 13 31 32 18 23 22 21 18 27 17 20 34 26 15 22 17 26 19 24 12 19 42 12 17 21 16 
12 13 16 25 28 11 9 36 29 19 27 37 17 21 18 23 11 21 17 24 23 11 21 18 21 11 14 14 21 12 14 17 24 9 14 13 21 12 20 14 16 20 14 14 14 13 18 30 16 13 16 34 18 13 12 24 24 24 11 19 17 20 28 28 24 18 13 19 28 9 22 18 14 13 12 11 13 17 43 16 
10 11 20 19 29 16 8 33 21 22 28 23 20 15 26 31 10 11 9 28 22 7 14 19 26 7 7 12 18 13 24 27 40 11 11 13 15 20 34 17 14 35 12 18 13 10 14 16 16 6 20 27 20 14 18 32 16 18 13 30 27 31 19 15 13 26 15 14 28 20 14 26 17 10 13 16 17 24 30 16 
11 10 21 29 21 11 10 18 32 35 21 24 24 7 25 33 10 15 14 25 13 9 17 27 27 5 25 9 25 18 30 32 20 14 13 17 9 23 28 21 21 24 17 6 14 18 13 28 15 6 18 24 21 9 12 27 21 16 32 15 12 20 30 21 21 38 10 8 2 13 31 24 25 15 10 40 12 14 27 15 

MachineCapacities:
MachineID Capacity
0 10
1 10
2 10
3 10
