NumTasks NumMachines NumScenarios
15 2 500
TaskDetails:
TaskID ReleaseTime ResourceConsumption SuccessorsCount Successors...
0 0 1 1 1 1 
1 0 4 4 2 2 4 
2 0 1 4 1 3 
3 0 8 2 2 5 6 
4 0 2 6 0 
5 0 4 8 0 
6 0 9 4 0 
7 0 6 8 2 8 9 
8 0 4 8 2 10 11 
9 0 5 4 2 10 11 
10 0 7 6 1 14 
11 0 4 3 2 12 13 
12 0 8 4 1 14 
13 0 2 9 1 14 
14 0 10 4 0 

38 30 33 17 13 23 21 27 18 24 13 21 13 31 17 18 30 22 25 17 19 20 18 17 43 16 10 17 17 20 
34 35 28 17 12 20 47 36 26 24 17 18 16 27 12 18 23 19 45 31 50 44 16 32 13 17 21 21 15 16 
39 29 35 29 18 21 15 33 19 19 19 17 21 14 14 13 22 25 29 45 16 20 26 49 31 4 19 10 16 38 
42 35 29 25 16 25 33 45 17 47 14 10 14 13 14 22 21 20 22 19 30 27 9 16 36 18 16 16 13 17 
35 17 25 47 15 31 39 20 24 18 17 18 17 17 15 19 17 34 26 27 35 35 24 41 20 10 13 17 23 17 
33 25 34 30 19 38 25 39 8 11 21 25 16 25 14 16 37 27 20 13 30 23 18 38 16 18 8 18 18 26 
33 19 28 33 11 25 27 36 16 17 23 29 15 23 19 12 30 18 25 25 25 19 20 15 17 22 18 17 17 19 
34 22 16 16 8 38 32 21 14 25 14 23 17 33 13 23 36 8 30 39 39 32 20 44 36 13 15 16 19 28 
28 12 25 37 11 25 33 33 17 15 8 14 4 18 16 20 10 20 26 33 29 17 22 25 21 16 9 23 13 28 
21 28 22 21 17 19 39 33 19 15 21 17 7 14 8 10 32 22 16 27 28 38 31 39 42 14 10 22 15 18 
34 36 31 25 19 18 41 23 17 18 18 13 17 17 16 19 27 31 21 24 32 33 14 20 24 19 18 20 10 39 
50 40 22 18 18 28 43 10 20 29 18 22 12 23 13 22 20 24 27 28 24 27 19 18 32 8 16 20 8 13 
28 27 42 35 10 21 18 35 15 9 21 21 13 20 19 15 18 5 35 25 29 38 16 32 40 20 14 19 21 36 
35 31 28 31 14 31 22 38 17 19 18 28 12 17 23 20 32 25 13 33 35 37 23 26 36 11 13 28 18 43 
20 26 26 20 16 23 39 14 18 16 19 21 17 23 14 17 26 26 25 18 32 32 17 9 21 21 10 13 19 31 
25 46 26 26 19 22 24 19 17 39 11 22 19 29 15 20 34 24 13 27 28 20 22 26 19 8 21 19 13 49 
30 23 38 22 21 29 30 20 20 27 11 21 15 21 14 19 14 24 34 34 40 25 23 43 16 17 12 25 14 17 
44 33 43 26 20 17 38 30 19 30 19 25 20 15 19 15 14 21 29 23 35 24 28 42 33 23 14 25 11 33 
25 21 32 24 19 35 41 34 16 40 22 17 16 28 16 15 43 25 20 19 42 17 26 28 39 15 14 12 16 33 
30 21 22 23 9 24 39 30 17 31 14 20 21 25 14 18 25 29 32 26 22 32 18 26 33 17 19 16 19 40 
20 17 28 28 15 19 49 36 15 25 20 6 9 20 20 15 34 19 32 28 23 33 21 34 40 13 16 18 18 37 
23 24 29 23 17 23 10 24 13 27 19 23 14 20 10 17 26 30 33 25 27 17 19 34 33 14 10 12 10 32 
26 28 38 20 14 24 34 49 18 25 18 14 11 23 13 21 39 20 14 19 21 32 17 39 26 18 17 19 14 29 
47 16 22 32 9 25 31 27 20 25 20 22 8 18 15 12 36 23 20 21 37 28 25 31 20 15 15 23 14 32 
18 18 45 28 18 31 25 7 20 28 10 30 11 19 21 24 30 26 37 28 16 33 12 37 32 13 12 22 19 28 
32 26 18 29 16 13 28 32 16 21 20 21 20 25 19 16 21 23 28 21 30 20 23 36 23 16 16 17 11 35 
11 39 31 27 20 23 25 22 19 23 16 26 11 21 10 17 25 16 29 25 21 29 16 22 25 18 15 19 16 33 
33 33 56 27 21 34 26 26 16 27 16 22 17 27 15 18 19 17 21 26 10 29 13 30 35 6 19 14 15 34 
28 39 48 35 14 20 32 24 16 21 18 13 16 22 12 13 26 20 38 33 20 17 19 34 33 24 11 28 17 12 
34 32 32 18 17 27 30 34 10 10 19 24 12 17 18 9 30 32 33 26 28 38 17 35 19 20 16 25 10 33 
25 30 41 37 12 29 27 35 23 29 15 29 15 22 20 13 11 24 28 20 28 26 26 33 26 18 11 20 21 25 
17 13 25 26 21 17 35 42 24 25 13 21 14 30 10 10 25 19 25 28 27 11 26 25 20 15 16 18 10 22 
24 24 41 22 8 29 33 24 23 25 21 12 15 19 15 12 25 21 23 25 30 20 20 29 31 11 11 13 15 26 
33 18 29 28 11 22 32 12 14 43 16 23 16 16 18 30 26 15 18 10 24 15 13 27 21 13 15 27 18 38 
34 26 31 30 11 11 29 48 13 28 14 20 13 18 16 16 40 25 23 33 28 29 21 31 25 11 8 9 9 23 
17 40 35 31 19 26 24 25 18 36 15 22 17 26 21 17 12 19 30 29 26 30 22 29 20 17 5 17 12 28 
35 15 31 19 7 28 21 42 8 25 19 16 12 25 15 22 15 26 20 26 34 39 19 20 33 15 16 18 12 48 
18 33 20 20 12 19 33 24 14 19 19 19 13 19 14 15 32 25 14 13 48 40 25 28 34 13 10 10 11 22 
37 35 29 27 16 27 25 25 19 15 9 18 21 20 22 17 24 20 36 31 27 27 22 43 23 18 16 16 19 22 
26 23 28 33 16 20 52 36 13 21 22 17 11 11 15 15 39 24 35 27 23 26 20 38 40 13 15 24 12 36 
35 24 33 37 14 19 32 44 15 22 14 23 14 29 18 24 23 16 26 11 34 35 15 17 42 8 12 23 15 40 
27 32 41 33 15 23 48 19 11 17 16 28 16 23 15 16 20 32 31 10 29 40 31 24 33 14 13 26 21 27 
18 31 38 27 9 22 33 23 16 28 24 26 16 26 17 14 16 38 21 26 23 31 15 36 13 16 10 23 13 27 
4 16 47 22 13 20 30 23 13 25 14 13 16 20 11 13 38 29 24 26 16 17 27 21 19 9 15 31 14 29 
25 27 38 26 12 16 18 30 16 23 24 13 3 22 9 16 17 34 27 16 29 33 18 33 18 13 18 14 11 46 
61 25 20 21 8 26 18 38 10 28 16 24 5 23 11 19 48 28 21 36 40 5 27 30 27 17 22 20 10 43 
38 32 35 39 18 28 40 34 18 23 19 25 16 23 11 12 38 20 21 26 32 27 19 28 20 9 19 23 21 40 
39 49 36 27 14 24 34 39 14 31 13 20 16 14 15 10 41 9 30 25 40 21 19 41 32 11 15 25 14 16 
27 34 38 36 10 18 27 33 19 24 6 12 16 17 17 14 31 22 13 20 25 5 18 44 30 10 12 9 20 29 
34 23 7 19 12 13 38 29 17 39 15 28 14 19 16 16 25 35 22 28 26 33 15 18 33 10 11 22 14 30 
29 24 26 28 15 24 48 34 17 34 14 21 14 19 18 12 17 29 33 27 31 30 25 33 12 9 12 20 8 40 
27 28 38 25 11 20 31 27 20 22 18 11 17 15 21 18 23 20 15 18 25 15 25 26 25 9 21 27 14 46 
40 9 25 26 15 26 33 35 10 38 17 17 18 39 26 24 13 24 21 30 13 25 16 31 26 13 20 26 19 37 
47 22 17 26 13 22 28 32 12 33 16 23 18 23 10 10 32 24 23 20 16 26 24 36 37 7 17 20 18 27 
33 37 52 34 9 25 24 39 22 25 10 11 16 20 15 21 20 26 32 17 36 33 27 28 33 16 14 27 18 14 
28 43 28 25 14 22 30 33 15 27 7 25 10 28 7 21 27 21 25 36 48 14 25 27 27 19 18 13 12 25 
38 30 35 21 15 15 33 25 23 28 16 16 26 22 15 20 31 10 24 16 44 24 18 41 20 20 20 10 14 36 
14 33 40 29 7 28 35 20 14 16 11 18 15 20 19 12 33 20 25 32 40 24 25 6 17 19 20 11 12 32 
19 19 28 19 14 21 40 21 5 34 10 26 14 16 19 21 33 30 23 33 38 31 28 46 37 15 15 21 18 25 
11 28 32 14 17 17 35 35 20 22 20 24 15 14 15 15 44 25 22 26 25 32 24 20 32 15 17 14 23 30 
15 31 24 38 14 32 31 33 16 26 11 24 14 31 18 16 26 22 25 29 44 37 14 18 24 19 16 19 14 25 
54 29 23 11 21 29 27 37 18 30 25 28 5 30 13 9 23 27 44 17 32 21 30 31 23 14 18 25 7 26 
53 39 31 24 16 35 36 42 20 25 18 28 9 11 16 18 26 25 29 29 28 25 30 21 25 15 16 18 15 16 
31 33 49 31 17 19 30 25 10 15 15 15 12 13 17 22 20 31 40 31 23 28 21 40 19 18 16 25 16 32 
17 20 17 13 14 25 28 46 19 24 12 20 12 25 8 25 25 36 29 34 25 37 28 32 30 19 20 27 9 23 
46 20 23 17 16 20 29 39 14 29 11 15 16 33 13 26 21 24 31 23 40 24 15 46 24 18 8 13 9 26 
27 23 39 26 17 21 38 26 21 39 13 26 23 19 22 28 33 15 28 13 24 18 11 26 34 20 16 23 24 18 
25 34 30 29 19 15 29 45 9 32 23 27 12 27 16 17 28 35 38 32 18 20 28 19 23 12 15 34 13 27 
18 36 34 29 12 15 20 41 14 28 13 21 15 26 6 18 28 25 27 42 35 28 27 36 24 21 11 24 15 20 
46 34 25 26 13 7 26 25 19 25 21 23 10 29 11 16 30 14 25 18 33 16 16 26 25 15 15 20 12 36 
26 23 37 33 21 34 27 36 15 31 16 21 12 20 8 16 40 18 38 18 30 46 12 14 16 15 15 24 19 23 
37 32 20 30 12 18 39 15 25 13 21 20 13 22 16 23 32 11 21 26 27 36 11 35 30 11 16 17 19 17 
21 25 29 25 14 23 27 28 21 26 13 15 17 27 13 21 41 24 46 28 39 35 15 24 20 11 11 19 20 28 
31 24 19 37 15 14 19 30 17 22 13 14 17 5 16 16 25 28 28 25 34 37 20 37 43 15 16 13 15 24 
19 10 35 11 7 16 38 51 14 25 15 26 13 26 17 19 30 22 32 26 31 24 16 42 20 11 24 27 13 41 
38 21 36 35 18 31 34 34 12 16 20 25 14 23 19 32 23 26 21 37 33 24 19 43 31 18 25 8 16 47 
17 19 25 12 17 19 25 14 15 42 20 26 14 18 16 16 42 30 35 20 33 31 30 24 33 18 19 38 22 23 
33 25 21 27 17 29 33 32 8 33 12 15 18 23 14 11 36 27 34 27 33 30 24 40 30 21 19 20 14 18 
31 25 17 22 19 26 13 30 20 32 17 11 12 23 17 20 29 23 25 42 19 34 16 30 25 11 19 22 10 27 
36 25 32 29 16 19 35 38 10 27 15 22 15 10 15 11 30 16 20 18 26 18 24 26 24 19 11 16 18 43 
30 11 39 28 16 18 43 31 24 23 10 24 16 16 22 24 18 18 22 29 25 14 17 34 21 10 12 18 21 43 
24 25 30 31 17 18 40 31 20 25 16 21 21 21 21 13 27 31 17 23 20 19 10 18 20 14 15 19 11 33 
36 34 36 35 11 20 20 32 18 24 17 18 18 24 22 27 37 23 40 24 36 21 26 28 25 12 10 21 12 20 
44 9 22 25 15 27 35 23 14 32 9 25 15 23 16 9 16 27 21 24 30 16 20 24 28 18 16 24 22 58 
33 17 40 29 12 24 30 22 8 21 18 29 14 24 13 14 33 25 19 32 16 12 3 40 35 13 19 24 12 34 
45 17 22 17 16 25 17 33 13 29 17 15 18 20 16 23 27 8 28 26 37 31 16 28 20 6 21 13 16 40 
22 30 36 42 14 30 39 16 16 28 15 15 14 20 21 21 25 21 23 27 29 19 8 30 35 18 18 22 23 35 
41 13 32 27 19 32 28 30 17 35 18 13 11 32 13 16 28 20 18 23 30 33 15 16 23 15 16 19 7 21 
35 23 45 24 13 19 24 38 20 26 14 11 17 29 17 23 27 16 36 17 38 29 24 19 23 9 17 13 25 30 
34 31 24 16 14 11 37 27 12 25 18 21 20 24 12 12 35 26 22 21 24 18 14 3 36 19 17 14 18 36 
28 26 25 29 13 27 25 37 13 34 20 18 13 24 20 19 30 36 24 32 29 24 17 35 15 17 12 15 9 27 
24 36 31 26 18 24 23 20 27 17 23 21 13 21 10 16 32 18 38 23 36 36 18 34 36 19 12 25 22 30 
30 38 52 24 17 16 20 32 17 29 15 14 14 28 12 9 19 22 19 18 34 37 26 37 46 19 20 14 17 31 
17 39 39 32 11 42 17 32 12 15 16 24 15 22 21 19 41 31 30 20 23 40 24 37 38 14 11 7 23 36 
32 32 33 23 15 32 20 18 19 30 18 23 10 25 13 21 29 28 36 19 28 21 10 44 29 7 13 17 14 20 
37 29 35 33 20 28 9 19 15 26 13 7 21 20 19 17 25 21 38 30 35 23 18 17 21 18 15 20 14 26 
31 17 33 31 18 18 29 40 20 20 17 18 10 21 12 22 30 25 14 38 20 28 8 28 35 16 18 24 18 30 
16 22 26 26 18 22 27 37 19 30 26 19 13 14 11 20 29 25 21 23 40 17 21 30 22 20 13 17 13 23 
35 26 31 16 7 19 27 14 11 13 19 34 15 17 12 13 31 24 23 23 39 23 17 27 27 12 14 20 14 40 
24 17 6 36 17 21 38 35 10 31 17 19 15 22 18 27 21 27 29 26 23 24 22 23 24 13 10 24 11 23 
29 45 30 20 10 26 24 17 8 31 17 8 19 11 7 5 29 19 27 33 29 22 25 34 22 10 17 16 9 28 
34 39 40 21 22 26 40 18 16 22 19 5 14 22 20 21 22 20 25 28 22 31 18 47 27 14 13 16 12 12 
28 45 46 31 17 20 28 33 17 19 20 19 13 14 16 24 28 17 24 19 30 19 19 36 28 19 10 8 22 25 
32 21 36 41 10 19 19 21 21 38 18 19 7 26 17 21 21 31 12 27 27 46 13 40 19 14 8 19 16 24 
24 28 31 12 17 26 37 23 26 32 13 18 24 12 14 16 20 32 24 28 37 29 20 11 31 15 18 24 15 39 
19 24 36 27 20 30 18 29 8 19 9 16 10 27 14 23 35 22 34 18 29 32 19 23 17 21 9 16 24 26 
34 30 33 21 11 27 28 30 19 17 16 27 11 28 10 12 26 19 44 25 29 29 26 35 27 21 16 20 9 14 
25 37 20 35 15 25 24 29 14 26 4 19 16 18 15 17 21 30 23 25 42 29 16 26 16 12 16 23 9 17 
23 30 21 31 12 26 26 18 11 29 17 18 14 25 14 24 35 15 26 30 50 28 16 29 19 17 14 20 14 20 
39 12 21 19 11 28 27 44 24 24 19 26 7 10 16 22 6 15 24 18 22 20 37 35 20 12 11 29 19 21 
47 35 33 18 18 23 45 28 17 23 15 28 11 8 14 17 24 28 24 15 32 35 23 20 34 17 21 18 12 52 
21 27 27 33 12 21 38 37 20 22 17 28 11 20 12 15 26 21 35 32 34 28 26 36 33 9 21 11 21 27 
35 12 10 18 18 9 19 27 19 28 24 22 12 19 15 11 26 26 20 20 24 28 11 46 15 12 23 12 12 37 
35 31 37 23 14 23 27 19 21 20 17 23 17 12 20 22 48 23 36 27 36 28 20 15 23 20 14 21 21 12 
36 24 29 41 10 23 24 23 21 30 19 11 14 23 11 26 26 19 15 9 31 34 28 20 17 20 17 17 17 50 
20 41 32 15 16 24 31 30 16 18 21 15 2 25 15 7 15 28 18 25 36 23 16 37 13 22 13 21 6 46 
32 24 40 31 16 9 14 25 18 20 18 22 18 19 12 22 21 29 35 31 39 32 21 19 40 19 15 28 8 21 
24 36 15 32 17 18 36 22 23 28 21 11 20 22 17 20 16 21 12 28 28 21 21 36 20 24 15 16 13 35 
27 28 40 35 12 19 31 35 16 20 18 20 12 25 13 21 33 24 31 19 32 38 26 41 36 14 12 15 16 22 
34 30 36 25 15 33 25 28 18 38 13 16 10 12 18 17 34 29 35 12 20 12 16 29 31 9 17 26 14 36 
28 24 33 43 21 27 38 20 17 20 17 8 14 29 13 24 26 20 25 26 40 36 27 28 29 14 9 20 17 35 
27 32 31 24 16 14 42 38 18 20 17 25 14 20 15 20 16 23 31 28 27 20 19 13 42 18 24 31 22 42 
38 25 35 31 13 32 33 26 19 36 20 21 6 19 24 20 29 31 31 32 25 28 11 48 17 10 20 25 9 20 
40 15 35 30 14 25 27 27 10 29 14 24 13 34 12 10 17 18 23 21 11 19 19 35 34 11 14 15 13 23 
29 18 26 24 16 33 36 44 10 26 22 23 12 22 15 19 42 40 10 7 35 20 17 40 20 15 13 21 21 40 
44 28 19 25 18 27 37 31 12 36 21 14 19 17 9 17 34 14 37 27 33 40 22 19 36 10 17 16 26 17 
28 25 34 26 16 22 32 32 20 32 15 29 25 30 10 13 21 24 13 22 17 2 19 40 30 9 18 11 10 20 
31 23 36 18 14 26 32 22 8 17 12 7 12 10 13 19 17 12 30 23 29 46 3 44 20 24 14 23 15 22 
30 42 31 32 17 29 32 19 23 25 22 23 17 22 7 12 26 23 29 25 30 22 25 32 19 21 16 13 16 23 
27 28 48 17 17 25 33 29 13 28 18 17 16 22 16 14 20 14 29 31 24 28 24 18 28 18 18 19 16 9 
40 26 9 29 10 18 38 20 15 24 17 28 11 18 18 22 22 20 17 16 23 19 18 17 39 10 16 16 12 9 
24 43 19 25 15 30 38 35 15 25 10 30 17 21 12 14 20 18 22 23 37 27 18 18 32 8 13 20 13 26 
27 27 25 23 18 29 15 38 21 29 20 15 17 16 12 14 20 27 29 29 16 18 11 8 26 20 16 13 14 18 
19 25 38 26 18 18 33 38 21 23 17 25 14 18 14 17 11 22 25 25 37 30 21 26 26 16 10 15 11 31 
30 25 9 26 14 22 32 39 14 20 18 17 15 36 18 13 29 20 26 17 25 29 19 37 37 17 13 26 21 26 
33 21 37 23 14 9 30 22 17 18 20 14 19 24 8 15 26 34 14 22 43 25 24 32 11 18 14 25 15 33 
39 18 21 33 18 23 18 22 17 18 17 25 13 6 9 21 34 30 29 21 37 51 19 45 28 16 13 20 16 50 
22 28 17 14 16 23 32 23 15 19 8 23 19 27 15 23 25 25 22 34 25 44 24 45 34 21 12 20 15 31 
31 21 36 32 16 26 32 37 20 17 12 10 14 22 12 17 16 22 13 29 36 32 17 20 42 13 14 27 9 30 
27 46 31 32 22 31 38 35 11 21 16 30 18 21 17 16 32 18 19 39 57 9 22 19 25 16 26 17 17 22 
13 32 26 23 17 27 21 18 23 25 20 11 20 19 13 16 27 22 25 24 29 39 24 37 32 15 13 19 19 24 
28 14 45 16 10 25 38 39 14 27 18 24 21 27 13 11 39 26 26 16 30 20 31 45 32 22 14 22 17 37 
32 28 14 32 19 19 47 26 10 25 19 21 15 19 16 20 26 22 24 41 11 25 23 27 23 20 20 13 16 46 
35 18 46 15 21 24 42 17 18 22 13 20 12 28 13 22 27 23 27 29 32 16 20 33 22 24 22 16 11 21 
24 28 23 7 15 26 31 27 15 33 16 29 15 22 15 22 16 18 33 27 19 39 19 20 34 13 19 16 12 33 
44 45 30 28 16 22 36 20 21 24 19 11 13 31 10 23 21 22 27 22 31 21 21 32 25 15 20 20 16 32 
30 24 35 26 15 22 50 26 12 29 17 27 12 18 14 29 24 25 30 39 30 29 24 30 22 15 17 17 15 30 
35 29 37 18 11 20 30 36 13 23 8 15 17 24 11 22 37 24 34 23 43 30 22 25 34 12 17 25 18 18 
18 36 41 19 12 18 38 31 17 29 16 26 5 13 8 19 26 18 29 17 38 30 23 20 34 25 20 17 13 10 
30 21 30 36 16 16 24 16 15 22 18 25 17 27 12 18 32 30 20 26 42 22 16 25 25 16 12 16 9 26 
29 26 25 20 10 12 30 43 17 29 15 18 12 21 20 7 29 18 36 23 19 20 14 37 25 15 15 27 11 25 
34 24 38 20 18 25 27 27 3 19 14 15 18 22 17 14 15 25 33 24 14 21 19 31 31 15 15 20 12 27 
21 7 39 33 14 25 18 13 8 24 20 42 6 23 22 19 21 31 12 16 41 28 14 40 33 17 14 18 16 18 
40 30 27 38 14 13 44 34 15 31 8 26 19 20 18 20 42 15 29 21 36 15 24 30 19 12 23 20 13 30 
23 20 34 33 16 25 25 25 12 25 16 28 13 15 14 24 25 19 35 35 38 15 14 32 25 18 13 25 12 33 
3 15 36 40 15 25 27 26 16 20 19 17 17 24 12 18 29 25 13 34 27 40 17 13 28 16 13 14 16 34 
41 35 29 20 21 27 44 34 19 17 17 26 11 20 20 14 33 20 24 23 35 37 19 23 25 12 15 21 9 28 
37 9 29 29 14 17 28 32 15 27 15 11 25 20 8 13 33 21 32 27 26 25 6 40 31 11 12 24 17 33 
26 17 32 21 7 23 38 26 23 12 20 19 12 31 12 23 29 18 33 23 38 19 26 15 33 14 19 15 21 12 
29 26 40 20 15 14 18 40 16 28 17 22 13 15 14 20 34 28 18 27 43 32 15 20 26 10 15 21 23 13 
43 20 25 29 13 31 11 40 22 12 12 27 18 28 17 14 37 22 18 17 31 32 16 35 39 12 15 18 13 47 
33 17 23 19 12 21 46 33 29 27 23 21 18 16 12 16 33 33 30 14 36 39 23 30 21 11 13 16 18 42 
27 26 31 21 21 14 27 25 7 35 16 17 16 13 18 15 17 22 24 24 37 23 14 28 25 17 12 21 18 40 
25 33 32 20 22 25 45 34 24 24 18 22 11 28 12 10 34 20 34 20 21 16 11 26 28 13 17 22 15 30 
34 28 32 40 16 20 25 47 18 19 22 20 17 32 13 16 23 29 31 28 40 35 14 48 14 21 16 19 24 44 
12 29 35 26 17 27 18 33 18 27 10 20 11 27 6 23 35 21 32 19 39 22 20 30 32 16 22 29 17 37 
35 17 15 24 21 28 21 19 16 17 24 15 15 19 16 9 28 25 20 21 43 11 18 50 26 19 16 11 15 36 
22 34 37 25 16 16 29 11 21 28 9 27 16 15 10 19 18 26 40 27 21 27 22 39 28 18 18 20 13 21 
36 28 23 37 12 24 39 53 19 30 23 19 12 13 10 21 22 26 34 22 53 42 24 28 17 9 13 14 24 25 
25 19 47 22 9 18 30 23 14 18 15 24 14 26 8 24 19 35 27 21 27 19 24 32 42 17 11 18 10 26 
25 34 39 32 8 32 19 24 17 37 19 36 11 23 22 19 29 32 43 39 32 37 18 31 44 20 16 12 11 32 
26 29 36 34 22 15 21 53 16 24 19 33 17 25 12 16 40 31 28 21 28 23 19 15 27 10 16 32 13 27 
39 40 39 28 14 25 32 30 15 21 23 17 18 13 18 25 34 21 36 18 31 37 23 44 26 17 7 8 7 34 
15 31 31 22 19 40 12 36 10 20 14 27 14 12 16 19 37 24 24 30 18 33 22 27 21 21 22 27 19 17 
25 37 33 22 17 31 27 9 11 28 14 20 15 22 14 21 31 12 22 18 37 33 24 42 27 18 18 11 11 23 
6 24 36 24 18 22 27 37 10 32 17 17 17 14 14 25 26 31 26 29 32 21 5 26 33 17 21 22 12 25 
25 9 26 9 14 23 29 27 17 25 22 18 21 18 15 26 29 24 35 19 45 14 25 21 31 13 18 19 16 42 
39 21 24 24 22 25 15 19 19 20 17 31 17 28 16 19 21 18 13 22 28 19 29 32 22 15 10 19 9 49 
34 32 19 28 15 25 30 20 18 26 10 7 13 14 12 16 44 18 27 24 24 32 18 29 27 17 6 18 10 31 
25 37 34 29 13 20 25 14 19 28 14 20 18 30 15 3 24 19 15 30 22 17 25 10 24 20 15 25 20 31 
18 20 18 29 8 26 29 19 13 41 19 14 21 21 19 19 28 17 40 18 30 16 12 15 25 22 19 23 13 19 
43 21 28 24 2 21 29 29 8 26 23 28 12 15 12 16 35 18 38 31 13 15 25 33 20 10 23 30 16 16 
33 20 38 22 18 21 22 36 23 26 17 13 10 25 17 21 17 29 24 30 29 51 29 31 30 11 15 31 20 28 
25 16 37 29 21 23 33 31 13 29 10 24 10 22 16 20 29 25 19 32 33 17 22 38 40 11 13 11 9 37 
31 34 40 15 14 11 29 36 13 35 20 25 23 37 15 13 20 32 31 38 31 24 23 23 28 20 15 24 12 25 
34 22 24 28 18 29 10 11 25 27 18 14 11 27 16 20 40 19 25 16 33 18 29 24 44 13 18 22 11 39 
25 22 44 39 13 30 48 28 17 26 21 29 17 17 17 19 28 28 33 32 42 27 28 34 17 19 16 20 21 34 
39 29 33 22 17 19 50 45 18 12 17 19 7 25 18 19 37 25 15 34 25 31 21 26 19 13 19 18 12 29 
32 35 34 30 6 16 34 22 18 28 26 16 14 24 18 10 27 30 36 14 28 18 23 25 30 16 23 17 12 13 
24 34 27 10 14 20 31 36 20 37 19 6 14 18 13 19 48 24 25 29 31 17 29 37 27 14 17 24 17 26 
29 43 20 26 14 35 26 18 18 9 18 29 12 15 12 19 23 19 37 25 34 25 30 46 23 15 16 21 10 32 
31 27 23 35 17 22 21 33 23 36 18 24 17 13 10 16 15 21 30 25 36 36 15 31 29 12 19 29 17 32 
30 20 23 31 17 17 28 19 26 33 13 15 15 33 19 8 27 21 20 18 26 33 26 33 27 19 11 23 15 34 
28 26 35 31 6 23 13 34 21 29 16 18 15 12 17 25 36 28 34 36 30 17 26 34 30 11 15 25 13 22 
19 19 36 21 11 9 23 39 24 26 17 23 12 18 22 21 30 18 29 24 31 32 26 26 31 12 14 13 13 33 
30 17 30 26 18 21 23 26 12 30 13 16 19 20 16 15 33 20 28 34 19 23 17 41 25 16 11 27 20 18 
29 27 46 27 12 19 30 20 18 21 10 5 8 10 19 20 29 26 27 15 25 17 23 25 24 15 25 30 20 24 
21 23 37 24 19 12 39 44 16 30 17 16 22 20 16 19 30 29 28 28 19 21 12 29 27 13 13 14 14 32 
24 27 22 29 18 20 30 26 13 24 24 26 21 29 12 20 18 15 20 35 38 29 36 33 23 16 12 15 16 29 
32 23 33 22 17 29 31 21 18 15 20 29 15 18 15 12 31 32 24 26 26 33 17 23 32 14 16 14 13 34 
35 31 28 8 8 27 28 36 13 31 14 28 20 22 8 14 22 28 30 29 29 25 18 29 16 15 9 24 11 54 
42 30 47 24 7 21 27 12 21 22 17 19 11 17 19 10 33 20 20 32 19 26 14 11 14 10 12 20 17 17 
26 28 31 15 13 19 48 33 12 25 17 34 17 11 17 23 28 21 36 23 29 31 16 22 24 17 15 18 16 27 
38 41 27 32 11 20 24 24 15 18 18 24 16 20 16 23 28 16 25 28 34 25 29 36 29 12 18 17 13 17 
33 23 34 25 24 24 33 9 18 21 18 27 18 25 15 22 17 20 19 21 34 41 17 47 23 12 13 33 11 34 
25 24 22 21 13 26 32 36 16 13 17 20 11 30 18 16 17 20 34 29 40 27 26 33 25 18 13 11 20 51 
21 24 31 31 16 25 48 35 12 35 13 26 16 21 16 11 17 20 23 19 24 22 19 13 22 17 14 20 15 14 
46 36 25 20 8 26 35 28 20 20 19 22 9 20 14 29 34 32 20 24 44 16 16 31 23 18 14 22 19 42 
22 23 30 38 14 30 41 21 12 18 19 14 13 17 13 15 27 18 30 35 30 39 24 15 25 11 11 21 10 14 
25 23 34 18 11 22 41 39 13 17 13 20 18 26 13 13 35 21 34 29 35 19 27 32 23 13 15 20 14 35 
29 32 32 24 10 26 26 37 19 19 11 18 20 19 17 16 16 24 27 37 33 32 21 47 19 14 18 26 19 38 
25 27 42 18 13 23 35 31 13 22 17 28 16 24 15 13 19 29 11 25 28 37 17 23 32 24 15 13 15 39 
40 29 33 35 16 26 46 28 10 7 13 21 23 28 7 25 19 20 29 17 23 16 20 32 29 12 16 17 18 54 
17 29 31 39 12 26 23 33 19 27 14 28 12 35 14 13 26 19 18 27 16 29 13 21 33 15 9 21 16 34 
30 23 25 29 14 15 25 20 13 22 19 22 20 25 15 12 44 30 20 26 24 22 16 34 17 15 15 14 15 25 
31 33 29 19 9 18 38 35 16 26 16 27 21 19 15 16 38 21 25 22 17 35 23 16 41 22 12 24 17 24 
39 35 37 22 21 16 25 39 10 33 10 19 16 29 15 19 35 16 32 32 38 30 29 34 35 14 15 15 10 42 
28 31 39 26 10 24 32 31 14 8 17 31 14 25 14 10 12 20 17 19 12 32 21 20 42 18 18 17 20 40 
36 25 45 43 18 16 37 31 16 24 21 16 12 20 15 20 21 25 20 22 11 38 17 23 35 8 10 20 16 36 
19 38 31 35 18 18 19 34 14 19 9 24 10 30 15 22 32 26 37 23 40 5 15 6 31 14 20 19 13 27 
37 24 32 23 14 20 37 36 14 19 11 11 13 19 18 20 47 28 30 28 29 22 18 21 33 19 11 13 14 14 
23 23 42 34 15 26 34 21 19 24 20 16 11 13 8 22 30 20 28 22 31 17 17 14 25 22 14 30 9 35 
26 46 52 30 18 27 38 36 21 28 16 13 19 17 16 11 36 36 23 21 51 22 19 19 30 11 12 24 17 28 
24 40 35 21 16 18 42 19 6 33 17 28 17 18 16 13 28 5 28 30 37 20 20 34 28 13 13 20 13 48 
23 30 26 37 18 19 35 29 16 17 19 15 17 19 17 27 26 17 18 26 29 18 25 32 24 14 19 20 11 43 
29 26 29 17 11 12 32 20 13 31 19 15 14 22 14 17 26 21 33 27 42 29 21 34 27 12 18 19 16 28 
30 18 31 22 15 22 27 39 19 34 10 17 15 22 17 22 9 15 32 8 36 23 30 25 22 17 16 3 12 32 
28 21 23 18 14 20 27 13 11 25 21 17 15 26 14 19 24 27 36 21 29 31 22 35 20 17 19 17 14 16 
26 28 41 26 12 18 32 19 16 22 14 17 16 17 19 27 46 27 31 32 17 45 19 55 30 14 11 15 16 22 
29 14 15 27 17 29 28 33 15 31 15 10 17 19 18 19 31 24 22 25 31 25 22 34 23 19 11 22 15 15 
38 25 44 11 14 31 39 25 15 33 23 28 18 19 21 20 17 29 27 23 24 36 19 10 19 14 19 20 16 17 
30 30 53 19 15 24 40 30 17 23 10 32 11 28 14 16 29 17 23 24 25 25 17 7 17 17 16 9 6 19 
17 21 41 26 12 23 24 21 19 11 11 13 11 18 14 19 38 30 23 14 29 44 23 31 28 21 18 25 20 14 
33 34 43 28 19 26 28 32 10 18 9 24 9 28 11 21 28 24 26 28 45 26 15 32 27 20 16 21 25 33 
38 22 19 39 20 24 18 26 13 35 20 18 18 27 13 19 29 27 28 32 27 42 21 37 27 15 19 24 17 35 
23 18 24 25 10 28 32 28 18 29 17 27 16 17 15 17 21 20 24 26 30 10 24 34 29 15 15 18 10 38 
37 39 38 32 13 28 35 26 14 32 19 22 18 9 14 19 28 30 27 28 30 28 10 35 31 13 15 21 16 35 
31 8 15 14 16 22 25 47 20 29 22 29 18 25 14 20 27 5 28 23 30 39 27 19 26 11 17 14 23 44 
36 28 36 32 11 29 30 33 22 30 13 18 11 24 18 18 34 17 19 32 28 26 25 30 10 18 8 11 16 30 
19 31 21 26 12 14 38 26 19 20 17 14 19 22 11 23 23 19 28 29 31 32 17 22 31 17 12 21 19 37 
39 3 41 21 15 15 50 17 11 22 20 4 13 30 10 15 20 32 26 26 29 30 22 29 32 18 17 19 8 18 
36 21 13 28 10 17 25 38 18 32 18 17 15 24 8 15 44 4 37 38 19 9 19 32 29 18 10 24 13 25 
27 38 31 28 21 21 12 25 19 28 14 12 8 17 17 21 17 25 26 34 33 21 18 19 36 15 11 25 10 11 
34 39 26 37 11 31 29 22 18 34 15 26 20 21 9 16 38 27 15 30 32 18 27 36 32 13 14 23 9 23 
34 15 28 17 21 24 15 37 19 16 16 13 14 15 14 18 29 25 27 21 19 17 20 23 32 17 17 19 11 30 
19 19 40 14 14 23 35 30 16 15 18 22 13 37 12 19 36 22 34 15 34 25 24 13 15 17 15 12 14 35 
26 14 32 13 14 26 12 6 19 15 18 29 14 20 16 18 31 25 37 20 30 27 15 32 39 21 20 11 13 35 
38 41 16 23 15 37 32 17 13 17 20 14 12 28 19 19 33 29 22 39 28 17 25 18 29 11 13 9 16 27 
13 30 30 13 14 23 29 25 18 30 23 19 13 27 16 16 35 21 30 23 39 36 32 34 10 18 16 23 19 22 
39 13 35 26 19 27 27 29 14 28 17 24 24 16 11 20 25 25 23 25 32 34 28 34 14 17 18 16 9 26 
16 38 27 30 8 32 38 38 7 16 21 28 21 18 20 15 18 28 29 13 36 29 8 35 16 10 13 20 12 12 
25 33 13 28 11 25 26 35 15 37 16 16 15 24 20 18 26 22 33 31 46 17 18 27 30 16 17 32 7 42 
25 32 26 34 15 33 32 28 13 29 11 21 11 16 12 12 44 29 9 34 22 32 26 29 32 17 16 19 12 31 
31 15 35 8 10 30 32 28 12 16 20 26 18 18 22 16 16 23 26 24 45 22 24 38 18 8 9 21 9 22 
21 29 32 25 17 22 41 30 18 30 11 14 16 21 15 20 33 23 25 32 18 32 15 39 32 17 16 26 16 44 
26 16 30 27 21 47 16 19 16 25 22 23 13 33 16 12 16 20 24 30 38 35 26 34 27 14 21 20 16 30 
27 27 29 28 10 33 29 12 19 17 13 31 21 12 17 13 21 21 28 19 35 40 32 37 33 12 20 11 19 26 
34 22 40 24 14 19 24 46 17 29 7 26 17 14 17 26 29 33 26 21 32 35 16 22 31 12 15 8 16 23 
36 12 33 24 13 21 23 21 14 26 13 18 16 24 23 11 30 34 31 25 26 17 18 33 31 17 11 21 17 26 
42 19 26 22 5 24 41 30 18 21 20 23 15 29 20 18 36 28 25 25 24 37 20 31 9 16 19 11 16 37 
32 33 35 15 18 28 28 28 13 20 17 24 14 19 14 16 33 17 28 25 33 37 17 21 13 22 14 24 19 32 
22 22 27 18 22 13 13 50 11 21 17 23 14 22 13 21 22 21 34 36 30 26 5 32 38 12 11 21 7 14 
34 17 17 32 11 30 37 29 13 29 12 14 12 20 20 20 8 26 22 21 41 23 23 32 31 21 8 16 13 31 
25 32 36 20 17 23 26 25 24 16 18 16 16 25 15 13 29 34 16 16 45 20 3 40 25 15 15 22 16 22 
35 31 33 31 18 27 21 35 23 27 17 29 16 21 15 14 26 19 29 27 25 36 31 32 26 13 7 19 21 28 
18 18 36 44 11 14 33 25 17 34 13 20 16 27 17 15 38 25 34 31 39 19 20 20 17 12 14 27 11 44 
25 27 25 30 14 19 33 33 20 25 14 20 10 18 15 15 32 20 25 22 24 34 18 31 31 20 16 13 15 42 
35 41 32 21 10 18 19 18 19 26 16 7 15 33 8 14 25 12 24 33 20 23 13 27 4 14 13 14 15 20 
28 24 42 35 21 27 18 6 13 23 21 17 15 18 24 20 26 22 34 27 40 13 24 30 21 16 18 26 18 30 
34 30 23 27 16 27 33 27 15 31 19 27 17 21 16 22 12 24 42 12 23 12 13 25 13 16 21 22 8 26 
31 35 40 19 19 34 45 22 16 31 11 26 6 34 18 21 32 25 18 31 44 30 25 39 23 18 14 14 12 26 
33 25 27 21 10 22 35 35 22 22 12 17 22 20 15 23 35 33 24 22 23 27 12 18 20 5 20 16 17 15 
26 26 32 33 15 25 48 30 16 24 14 13 13 26 18 11 31 20 15 28 42 31 24 35 31 17 23 17 14 15 
26 33 46 31 12 35 12 14 18 12 24 20 12 7 12 13 26 29 35 24 16 27 25 22 48 19 21 21 17 30 
39 25 36 22 9 22 28 23 13 37 10 19 17 22 8 24 15 17 38 28 22 17 24 34 22 20 8 19 18 19 
17 32 27 17 14 20 41 33 17 19 18 7 20 17 12 19 24 17 22 20 38 25 23 6 20 12 18 25 14 22 
26 35 48 26 15 22 33 41 18 22 14 29 16 25 14 6 26 23 24 26 23 27 21 7 16 17 8 24 11 30 
29 33 23 27 17 25 18 30 10 27 16 26 20 23 10 15 16 31 26 23 33 29 26 31 32 22 15 16 13 28 
38 18 14 26 14 20 32 40 20 32 13 23 6 22 15 21 29 21 8 23 20 8 18 31 20 15 12 20 15 31 
34 25 32 22 8 31 39 42 17 20 11 11 20 18 15 10 19 18 20 19 38 34 23 37 31 16 14 23 12 27 
23 31 33 32 8 20 34 27 16 13 23 23 20 27 12 21 34 26 21 21 20 42 13 35 25 17 20 24 20 9 
31 30 34 29 15 30 33 21 17 21 15 20 7 30 20 17 39 16 23 29 35 21 27 27 35 17 18 22 13 33 
45 28 35 37 13 15 37 29 12 28 14 23 21 23 19 26 16 30 21 32 24 32 13 33 28 12 9 26 19 30 
36 25 39 28 20 24 25 22 12 20 23 21 14 28 11 29 23 26 25 33 31 21 15 33 17 14 9 11 18 33 
38 30 39 27 16 19 23 34 13 21 19 22 19 24 16 19 29 18 32 17 43 15 16 28 40 11 14 17 15 44 
31 30 37 26 11 29 35 21 17 32 14 14 13 18 13 19 22 28 30 21 35 31 24 24 26 12 20 15 13 31 
26 26 39 29 10 27 39 35 18 15 5 21 12 14 17 19 34 23 22 40 33 25 26 39 14 6 13 18 18 38 
46 35 36 29 13 26 28 38 16 25 17 27 14 10 15 23 24 30 16 18 25 30 32 21 16 13 11 24 16 29 
23 41 21 23 15 18 39 20 17 18 21 21 13 15 19 20 31 20 26 25 24 15 18 42 28 18 18 18 12 25 
23 27 41 32 26 22 20 34 13 24 14 18 18 18 17 21 27 29 23 26 28 33 21 40 28 16 18 29 10 52 
33 27 26 33 10 23 36 32 12 17 14 20 20 21 20 13 34 26 25 17 22 24 33 27 6 15 13 29 11 15 
29 30 39 27 20 21 37 35 10 23 14 22 14 29 12 22 23 29 33 13 26 27 14 24 44 22 19 19 15 45 
36 24 26 22 11 30 33 22 25 25 14 19 20 25 18 18 34 23 19 25 26 37 24 29 30 15 14 13 15 40 
40 18 30 28 19 14 27 36 16 26 17 27 19 23 6 26 12 22 11 29 24 40 18 12 23 13 17 26 17 33 
31 32 30 19 16 27 11 30 15 22 22 17 17 16 16 29 34 16 29 27 32 13 28 38 13 12 13 24 19 30 
18 34 37 19 22 26 35 36 22 22 19 16 10 22 16 20 20 27 29 22 36 26 19 57 26 11 16 15 21 20 
14 24 29 32 10 26 24 29 21 22 17 17 19 28 10 19 25 18 20 26 17 32 24 24 30 11 17 15 13 38 
31 33 46 12 14 25 45 31 15 30 17 20 18 21 19 19 43 20 16 33 28 9 17 26 21 17 11 12 15 6 
11 36 31 23 24 15 19 29 13 31 16 19 19 27 22 21 33 19 22 38 42 25 14 27 38 16 12 16 14 32 
33 22 19 15 20 19 37 42 19 19 17 18 20 17 17 19 33 29 35 33 30 35 23 29 31 12 18 20 18 40 
43 27 45 26 12 16 25 35 18 24 18 29 14 24 17 9 24 20 24 22 38 17 29 27 29 14 12 17 16 34 
33 36 30 42 19 32 58 25 17 18 14 21 13 21 15 23 13 24 30 21 33 11 21 25 24 10 16 20 12 31 
28 31 30 22 16 20 19 21 15 12 19 15 15 21 15 21 38 29 17 26 39 20 19 44 21 13 13 14 17 39 
21 38 38 24 12 19 27 20 16 27 17 16 16 21 16 22 35 26 29 28 17 26 27 24 25 11 13 12 18 26 
36 19 36 30 13 13 31 36 17 33 14 25 24 22 12 13 38 25 13 24 21 25 23 30 33 15 19 24 16 34 
27 22 28 29 13 22 26 36 15 32 17 16 13 26 19 25 29 24 29 30 27 32 17 22 31 20 7 21 8 44 
17 29 21 21 10 24 22 33 16 15 17 13 12 23 18 20 26 35 29 27 28 18 16 26 35 16 19 28 20 1 
23 26 30 36 21 28 38 40 8 29 15 22 7 23 21 15 20 23 39 39 59 41 24 37 20 20 9 21 16 28 
31 5 5 20 9 22 26 30 19 20 10 14 12 28 23 19 14 28 31 17 24 22 18 31 27 13 16 20 20 23 
33 8 22 26 15 25 24 34 20 30 10 15 20 31 19 17 30 31 26 29 34 35 24 29 29 13 19 29 14 17 
31 28 22 31 7 16 25 18 15 9 18 18 10 24 12 11 27 17 27 30 28 28 19 32 25 16 15 13 18 32 
37 18 23 29 14 26 30 16 18 34 12 32 18 22 21 26 32 33 26 28 18 25 24 43 34 16 6 10 17 37 
30 32 33 26 17 20 22 37 11 30 13 17 16 10 10 19 40 23 21 33 43 32 17 50 32 12 10 17 19 33 
33 14 39 31 16 26 22 26 21 34 17 36 14 19 19 19 20 24 14 37 28 37 24 33 19 19 17 23 20 30 
20 40 26 38 15 25 26 8 18 24 16 15 6 20 14 23 31 27 29 33 30 20 22 22 7 19 20 10 19 20 
37 23 50 18 10 30 28 43 14 13 23 16 17 19 15 30 36 18 22 28 27 27 7 32 13 10 11 20 18 45 
22 33 41 35 8 16 27 46 21 15 14 24 15 29 14 14 35 27 28 27 33 27 21 19 34 17 17 12 7 32 
17 23 36 27 9 30 7 26 21 18 13 23 17 22 20 19 21 26 26 19 27 13 13 27 12 19 18 13 17 28 
15 11 37 25 11 19 33 33 20 16 15 16 11 19 14 15 31 22 19 21 20 11 18 40 32 15 14 21 12 13 
12 25 29 38 12 18 19 22 14 13 16 17 14 24 13 14 34 13 23 25 32 20 22 20 28 19 23 17 13 28 
31 35 35 31 18 22 23 43 6 24 24 23 14 19 18 19 30 21 29 22 31 18 20 15 36 18 15 27 23 33 
41 25 19 36 16 24 42 28 16 21 22 13 18 15 17 22 25 29 34 19 42 28 17 33 32 14 15 28 16 26 
42 34 29 36 18 28 22 24 22 16 16 19 15 19 17 26 18 16 24 25 32 19 28 21 25 21 16 9 14 42 
35 33 44 23 14 12 36 38 15 25 11 23 13 13 10 18 25 24 24 23 24 19 25 19 40 12 26 16 23 36 
32 24 25 14 15 23 27 28 24 31 16 13 18 19 13 12 30 29 28 27 10 23 22 25 39 11 9 19 14 41 
36 28 21 33 12 23 40 9 17 35 13 23 11 14 17 12 29 37 16 22 20 25 27 24 40 20 10 19 12 33 
24 24 30 38 7 11 38 33 19 27 8 18 19 26 23 31 29 22 33 28 33 25 23 23 27 21 14 28 18 28 
45 25 21 22 17 25 31 27 19 15 18 19 14 35 18 18 25 21 31 28 40 24 23 26 44 18 10 18 11 37 
35 31 28 23 16 24 25 38 16 38 14 31 13 1 13 23 26 26 28 22 35 27 14 16 26 8 19 12 11 33 
28 50 25 23 19 18 26 49 17 30 14 25 16 17 14 17 19 26 19 22 27 20 22 16 28 10 17 36 16 7 
33 29 22 16 19 27 26 34 8 27 16 7 14 12 20 23 7 22 12 19 40 32 15 39 20 18 17 32 24 23 
36 25 36 38 7 15 32 44 16 36 19 11 18 15 15 19 23 29 30 33 27 26 22 34 20 22 15 22 16 14 
23 32 37 27 14 18 47 31 17 21 15 13 13 24 13 14 34 19 23 17 32 23 26 46 15 25 18 23 13 34 
31 28 33 34 12 15 43 24 17 25 14 17 13 19 20 17 22 33 33 33 22 41 18 27 36 8 16 11 18 40 
30 47 37 29 15 25 20 21 14 31 24 22 17 18 18 14 18 27 28 35 30 25 16 36 28 20 13 10 12 19 
48 30 28 28 17 22 14 29 13 26 15 22 9 12 9 31 37 26 30 34 24 28 15 46 38 11 13 20 19 33 
36 25 40 30 24 19 26 21 17 16 18 18 16 20 13 25 36 21 35 33 40 33 24 27 29 15 8 24 13 24 
25 26 33 26 11 25 18 22 16 27 13 18 10 19 9 19 52 21 27 15 30 32 15 22 36 14 14 24 12 26 
45 24 22 31 13 23 31 35 16 15 23 18 10 28 13 10 42 36 18 37 30 30 24 32 38 7 14 25 24 15 
28 23 36 33 13 22 44 42 16 36 15 16 13 19 20 15 17 21 36 32 31 30 22 38 27 11 20 19 16 28 
21 41 36 23 16 18 32 27 14 23 21 30 9 16 21 21 19 29 18 17 32 20 31 32 34 24 14 16 18 44 
21 38 38 30 14 17 21 18 19 21 21 21 16 32 20 18 20 23 33 31 22 34 26 30 27 18 15 23 14 35 
36 31 34 30 12 30 19 39 15 30 18 21 17 21 16 17 27 15 25 24 35 34 25 40 17 16 18 23 17 28 
19 23 45 19 13 24 39 43 23 15 18 14 10 17 10 18 32 15 25 24 36 17 19 11 34 10 15 19 18 33 
14 34 18 32 22 24 34 25 19 16 11 15 19 23 15 10 24 26 22 32 41 23 23 20 35 20 7 14 12 23 
46 25 33 34 13 20 31 27 25 19 16 14 18 25 19 14 37 13 21 28 40 29 35 32 28 20 10 20 13 27 
40 34 38 35 14 25 25 22 19 21 24 28 19 18 15 21 24 25 31 18 28 13 20 34 32 16 19 25 14 22 
23 33 38 28 14 29 49 35 11 28 14 21 18 26 14 19 31 22 33 23 38 26 28 32 18 14 12 21 12 30 
31 24 29 33 19 26 41 33 14 22 16 16 3 16 14 17 28 18 22 28 40 22 22 14 41 14 22 19 11 36 
24 31 29 40 11 24 20 16 21 17 12 24 14 24 10 17 23 16 33 32 45 40 20 38 28 15 19 6 8 34 
35 33 33 31 19 25 27 24 18 33 19 14 17 34 10 9 32 34 38 29 37 36 16 29 26 16 19 22 15 21 
42 25 30 8 19 21 40 19 7 32 14 28 15 24 16 11 30 17 27 39 30 17 20 29 40 13 18 15 17 22 
36 40 30 17 15 16 20 43 18 27 15 20 21 17 16 20 15 23 29 17 46 27 10 26 23 14 16 29 15 28 
36 43 15 25 21 29 10 31 15 26 16 4 17 21 13 8 19 14 28 18 35 17 11 26 11 16 15 17 11 22 
20 26 24 15 15 23 31 27 10 24 11 17 5 22 13 16 34 15 28 31 32 33 22 38 21 11 12 15 17 33 
26 33 36 26 20 18 43 26 10 38 18 19 12 26 19 15 18 21 27 22 27 26 11 10 35 17 11 19 24 15 
27 16 43 30 16 28 29 23 16 33 17 16 21 15 8 19 32 39 19 17 15 20 24 35 10 18 8 15 23 34 
19 24 32 48 19 21 28 26 14 13 12 17 12 16 8 13 36 13 41 28 36 32 19 38 29 14 20 18 14 28 
31 31 16 21 13 29 23 35 14 12 16 14 7 22 12 17 26 25 20 22 22 25 19 55 20 10 22 17 12 21 
29 19 25 22 17 24 36 35 13 25 17 29 17 10 18 7 27 26 25 16 27 38 19 23 28 11 21 16 18 41 
29 26 22 22 23 22 29 42 17 29 18 21 19 29 14 24 44 24 37 13 35 26 26 23 13 14 20 22 14 36 
31 25 32 37 14 25 35 42 17 20 20 21 21 18 7 33 36 27 22 24 22 24 27 20 41 12 13 21 21 20 
26 23 22 30 16 17 16 17 19 10 18 27 12 13 15 26 13 25 24 16 22 19 21 34 27 14 10 22 9 19 
25 40 24 30 16 18 24 28 13 25 15 23 16 21 20 11 22 24 28 19 38 37 22 17 46 16 16 19 16 33 
33 30 30 33 16 21 45 27 19 33 17 8 9 24 15 13 26 25 20 13 34 26 24 30 22 9 16 21 12 43 
27 30 35 25 15 17 26 23 11 12 11 19 11 18 14 19 29 15 19 23 34 24 24 20 14 16 16 32 9 42 
33 28 21 28 14 29 32 55 14 20 22 26 20 21 16 10 26 21 28 33 34 28 22 40 33 21 21 20 14 37 
31 22 37 39 15 25 22 31 16 38 10 22 16 20 18 22 30 16 36 19 31 18 35 37 13 16 13 10 18 29 
48 41 36 36 17 20 30 22 16 33 17 20 8 20 12 22 33 21 19 36 21 37 21 25 25 8 14 21 14 41 
26 37 15 23 17 37 31 30 22 32 15 15 8 14 15 20 7 28 34 25 31 14 23 37 40 17 19 22 15 46 
31 26 32 24 9 27 48 37 15 41 24 19 14 11 16 11 18 25 23 19 27 37 24 25 37 16 11 21 16 45 
40 25 34 30 8 13 29 44 13 28 19 34 19 20 15 16 34 32 25 18 28 34 26 52 25 18 8 13 12 39 
27 21 24 22 19 21 42 33 19 19 19 11 16 29 15 29 25 11 17 23 39 25 32 32 28 11 15 10 20 24 
38 10 28 12 18 36 39 42 21 27 11 25 15 20 12 13 29 36 30 31 37 27 23 44 29 9 20 5 14 29 
29 32 17 28 9 25 42 25 17 26 13 20 18 21 16 13 20 28 24 15 27 32 24 25 38 13 15 14 10 25 
45 17 39 21 21 25 26 20 7 18 21 12 12 29 17 20 30 24 26 23 39 17 20 5 28 15 8 7 11 26 
22 35 37 23 21 21 43 17 19 38 15 21 13 12 18 9 29 24 42 29 32 20 20 23 25 18 24 24 18 27 
43 21 32 34 18 23 37 35 16 15 12 17 21 21 14 15 13 11 19 34 23 27 12 29 21 16 13 32 13 10 
45 27 24 20 12 28 38 29 16 20 17 17 14 27 18 15 13 30 30 10 33 34 21 19 21 17 14 16 12 41 
25 18 24 20 18 17 35 43 14 24 15 21 12 15 11 25 27 23 24 25 34 33 28 33 27 17 13 17 8 11 
43 26 18 23 21 19 44 22 13 20 17 23 13 28 12 21 36 27 32 25 39 16 21 24 34 18 13 21 13 34 
27 19 24 34 8 17 24 28 19 36 14 22 17 26 15 13 14 16 20 20 35 31 21 27 10 22 14 32 19 42 
45 30 33 23 13 21 34 41 17 37 14 19 12 18 15 15 37 16 19 32 33 17 15 26 30 8 13 20 14 32 
35 33 35 19 11 15 31 27 13 28 18 22 21 26 15 11 29 21 17 27 40 24 13 43 21 21 15 11 11 25 
24 37 22 25 15 25 50 27 21 37 15 17 16 18 14 8 33 23 27 29 20 27 23 29 36 14 13 26 19 30 
32 36 35 35 17 32 39 21 14 28 18 16 10 12 15 16 38 19 32 19 26 29 14 39 28 14 20 6 14 42 
30 17 18 18 21 18 37 25 13 40 17 10 17 14 12 5 31 27 19 23 28 23 7 33 25 15 18 18 15 33 
38 27 36 37 20 24 36 17 19 26 10 18 9 29 10 24 27 14 22 18 39 31 28 42 30 20 22 25 14 35 
25 16 39 33 10 21 27 25 14 32 18 17 11 14 13 14 39 30 26 32 42 14 12 45 31 13 17 6 18 15 
27 25 36 16 13 17 23 34 17 29 10 33 12 18 15 6 25 18 29 16 20 31 17 20 20 16 12 24 28 42 
44 34 23 25 19 28 20 27 21 14 14 19 14 27 20 27 18 20 27 31 27 28 21 61 35 14 19 30 13 33 
35 22 40 25 12 20 32 22 15 15 8 18 15 22 20 21 35 18 30 32 39 28 31 44 26 16 15 21 14 40 
25 21 30 23 17 31 34 16 18 2 21 28 13 24 9 22 34 21 20 24 22 36 10 26 26 14 19 18 18 35 
26 26 45 40 16 22 39 19 10 25 16 14 20 23 18 18 31 19 27 27 36 24 23 39 31 22 15 21 19 19 
9 22 41 27 11 28 23 32 14 31 14 16 11 19 14 25 37 30 44 20 49 24 9 22 30 18 15 23 17 27 
28 19 26 28 12 21 26 41 11 39 21 20 25 16 12 21 25 23 21 23 31 19 10 28 20 12 14 25 19 35 
17 24 45 13 20 30 36 37 13 38 20 21 12 27 8 19 24 22 47 32 35 25 26 21 33 14 13 32 17 33 
14 33 15 29 19 28 33 53 18 26 18 20 23 28 11 25 28 29 31 35 39 39 30 22 34 16 15 17 16 35 
27 30 34 24 18 19 24 32 15 16 17 15 24 18 18 24 42 20 35 31 37 28 25 34 31 13 15 20 15 40 
33 32 20 33 14 15 28 34 12 29 16 25 15 13 14 22 40 19 23 21 30 40 24 23 25 15 19 23 18 30 
35 4 24 25 15 26 23 32 20 27 18 19 15 22 16 26 31 10 29 25 46 20 10 34 37 11 12 12 11 20 
50 29 33 26 16 27 33 39 14 30 19 5 14 22 16 18 32 32 19 21 34 47 16 26 33 7 12 29 14 42 
41 30 26 29 8 20 30 47 20 33 13 13 18 24 14 24 24 15 24 35 23 28 25 23 21 13 17 29 12 37 
36 38 31 25 10 21 21 10 17 27 13 11 13 23 17 11 42 20 15 29 36 25 20 33 17 13 16 21 11 39 
41 32 36 31 15 23 32 36 11 12 19 22 22 19 18 22 32 24 26 18 34 30 21 22 43 18 6 23 19 36 
31 9 12 21 10 17 30 42 24 24 13 17 15 27 11 17 22 22 26 35 29 25 17 23 32 19 13 28 18 34 
27 33 13 21 21 19 30 27 13 24 15 8 17 21 11 24 27 24 22 22 28 9 25 23 24 9 15 20 22 19 
39 25 33 25 9 27 40 18 17 20 7 23 14 21 11 13 21 14 23 32 30 20 21 21 31 16 10 23 22 32 
31 28 20 16 12 17 34 29 20 37 11 17 15 24 17 15 19 23 18 26 30 14 31 24 17 14 14 21 12 16 
19 29 33 28 17 20 32 44 19 25 21 18 10 28 14 14 33 24 23 25 38 47 16 21 34 13 14 18 21 51 
30 30 31 29 22 23 36 34 9 26 16 15 16 12 15 8 26 23 18 22 26 35 13 37 29 15 14 19 17 26 
40 35 25 20 10 28 40 28 21 18 19 16 13 30 15 14 14 24 19 18 43 20 30 27 21 9 20 23 20 29 
32 27 27 17 17 22 34 20 14 27 15 22 9 27 19 22 33 31 24 27 27 18 18 23 29 13 15 17 15 13 
36 31 35 27 11 28 48 32 14 36 16 23 14 17 11 15 26 14 25 36 29 34 22 23 30 15 19 24 14 22 
37 36 39 30 13 16 30 43 20 19 9 22 14 24 8 11 29 22 29 30 20 20 23 40 21 9 12 22 17 42 
18 13 15 24 15 25 34 23 18 18 29 11 19 19 12 18 33 26 28 27 23 38 23 19 26 16 16 30 21 31 
14 26 26 21 22 30 18 21 20 27 13 13 16 21 5 14 27 22 30 19 22 26 10 28 36 17 12 23 7 27 
33 27 36 29 14 27 32 35 16 26 14 16 12 20 15 23 30 22 34 19 32 19 16 34 30 13 15 21 14 3 
38 20 16 26 19 23 32 11 20 14 18 24 7 31 14 9 33 14 19 24 33 33 29 20 40 18 14 23 17 18 
31 36 19 26 10 31 26 24 20 39 17 14 10 23 24 22 16 23 36 28 29 41 17 36 44 8 8 7 19 13 
29 22 21 23 9 31 38 32 25 32 16 19 12 17 17 13 25 15 25 25 20 22 21 30 21 3 11 13 16 29 
18 38 39 15 21 27 28 38 7 29 19 19 14 30 9 18 40 21 27 22 36 22 23 53 34 18 10 11 18 51 
33 33 25 28 22 26 31 34 17 25 15 11 21 25 13 18 43 10 16 19 36 25 17 35 18 17 14 15 9 40 
38 32 27 29 15 21 20 27 10 32 12 18 15 18 13 20 40 22 27 19 22 36 26 19 41 21 16 16 12 30 
51 33 33 30 11 24 40 30 13 17 16 19 15 23 15 17 26 14 26 29 38 21 17 26 39 9 14 16 17 28 
43 12 27 27 11 33 38 50 20 15 11 19 21 26 12 15 21 25 26 22 23 21 20 37 24 9 17 18 10 36 
36 25 26 24 23 23 24 46 18 28 18 14 19 23 18 27 8 26 21 23 20 5 19 26 27 16 6 23 13 39 
29 32 33 16 10 10 41 35 11 24 16 20 21 12 10 17 24 23 19 23 49 28 18 31 19 18 14 16 17 30 
29 23 12 17 15 21 38 32 18 24 11 16 22 14 13 16 19 20 28 24 20 22 18 31 35 16 14 20 16 26 
34 26 40 25 13 28 29 39 13 22 15 19 18 31 17 23 17 22 37 31 25 34 16 41 25 4 16 11 17 44 
46 27 27 25 17 13 29 30 13 39 16 12 17 19 7 22 22 33 39 28 30 29 29 32 31 6 17 35 15 15 
36 26 25 19 14 23 30 6 17 24 11 22 12 20 17 13 28 27 24 32 5 48 16 38 33 14 19 22 21 21 
27 31 28 20 16 19 36 34 21 17 18 12 18 25 17 17 25 26 18 40 46 30 23 21 30 17 13 25 17 26 
27 31 38 21 25 24 24 38 20 20 17 22 9 22 19 16 31 18 26 34 43 31 19 26 6 25 14 14 14 22 
19 26 18 20 19 16 53 15 20 20 10 22 19 14 15 11 40 19 29 20 9 24 26 17 37 16 17 20 16 23 
40 28 46 26 16 20 37 21 12 18 4 15 16 29 15 12 18 22 22 23 35 39 22 39 32 26 13 17 14 41 
43 33 27 29 16 22 23 32 20 22 20 20 20 20 15 17 33 17 28 23 43 23 20 33 15 17 10 17 17 16 
34 32 25 25 16 25 35 26 20 24 19 16 18 19 15 19 27 23 23 16 19 26 24 17 33 14 14 29 12 9 
25 26 36 31 16 16 26 26 9 27 21 15 15 28 21 12 29 14 24 11 14 26 19 39 42 13 21 33 16 11 
21 30 21 21 18 17 24 45 15 27 15 25 7 25 19 24 26 23 29 33 18 36 21 22 29 22 20 14 11 36 
29 32 39 30 14 31 31 27 16 37 16 16 11 18 14 12 30 39 17 33 24 41 22 28 34 20 10 24 18 26 
42 27 32 19 15 31 30 29 9 25 20 26 18 19 22 14 22 34 31 20 31 23 14 35 39 14 13 21 14 43 
23 26 32 34 16 23 40 23 16 23 16 18 4 26 19 14 22 21 26 19 20 14 32 32 38 8 14 17 19 36 
24 35 34 11 12 22 41 27 19 28 21 20 19 23 13 18 28 27 32 35 17 25 25 40 31 11 12 24 10 29 
24 25 39 25 13 31 30 27 21 22 16 13 11 16 23 13 19 28 24 16 32 30 19 32 41 19 13 13 22 32 
16 30 10 30 19 25 38 37 18 30 10 16 13 20 12 22 22 29 34 34 34 33 23 46 39 16 12 25 18 25 
26 27 22 37 9 31 38 37 21 32 17 21 17 21 20 19 29 21 18 34 30 36 12 37 46 14 15 13 13 24 
24 36 48 20 8 16 39 10 17 18 14 20 20 25 18 19 30 26 18 29 32 28 21 28 18 22 18 12 15 33 
27 31 27 30 14 24 23 38 11 21 20 26 18 32 18 15 25 12 28 31 24 22 17 31 37 10 14 14 12 20 
25 18 16 25 17 31 58 23 13 30 21 28 12 24 13 15 31 19 24 32 38 42 11 39 19 17 11 23 11 26 
20 26 21 18 21 15 30 37 12 19 21 16 12 22 20 19 14 13 40 27 28 38 17 43 25 9 14 10 13 27 
25 13 36 22 13 28 28 25 10 31 17 32 19 21 6 13 44 40 23 24 32 22 21 16 24 6 15 12 8 39 
22 31 23 31 21 28 25 47 13 30 8 9 10 14 15 28 42 26 28 20 29 31 19 33 31 12 8 17 22 34 
23 9 23 16 21 24 32 23 14 13 13 38 15 13 11 14 26 18 23 31 28 36 12 17 21 13 9 12 12 35 
33 16 23 25 15 25 17 47 19 31 19 22 18 14 25 19 27 15 32 19 21 20 28 31 25 15 13 16 6 37 
25 16 44 16 12 11 42 8 13 28 19 26 20 22 15 22 35 27 26 18 47 22 30 31 27 14 11 17 18 39 
26 24 34 30 15 27 29 36 19 22 11 15 15 21 17 21 13 24 17 21 21 27 15 46 28 17 16 11 18 31 
19 23 33 25 14 30 32 33 19 27 20 20 17 34 17 13 13 27 29 35 25 29 21 33 38 19 19 11 19 29 
22 15 28 23 11 21 23 17 13 16 9 24 11 15 13 22 34 24 18 30 25 33 13 23 31 9 16 22 14 43 
45 28 16 23 16 25 32 47 10 24 24 29 16 23 13 25 18 24 29 26 29 37 26 29 31 15 12 27 17 47 
27 18 34 26 12 21 37 20 12 14 17 24 5 22 23 27 30 24 32 16 22 25 28 24 27 12 7 18 13 15 
36 27 18 31 9 25 25 29 18 26 15 14 24 21 15 26 44 24 35 16 29 12 16 25 27 19 15 20 21 37 
50 21 35 28 24 21 27 26 16 25 18 31 19 20 16 18 32 24 31 19 26 9 26 39 24 13 19 15 21 31 
30 21 31 16 13 15 40 25 18 29 11 14 15 21 22 15 24 32 25 8 55 24 11 26 23 19 8 19 13 15 
37 34 33 26 15 19 35 36 17 31 13 22 17 22 17 24 40 14 26 38 34 40 14 29 41 7 17 20 13 21 
38 25 32 16 14 25 27 36 11 15 15 14 20 26 20 12 24 13 27 30 31 15 18 25 31 17 9 17 15 25 
21 7 23 22 15 30 32 13 18 29 17 8 4 24 15 15 13 28 29 10 34 53 18 45 22 15 20 21 19 35 
21 13 27 47 12 15 7 42 15 21 22 31 17 23 13 12 21 27 13 23 25 21 5 40 32 18 11 23 6 32 
22 31 17 18 14 23 35 23 15 29 13 17 13 24 18 27 29 21 33 24 23 24 14 31 40 11 19 21 20 4 
27 17 48 24 13 22 34 35 24 44 18 26 29 18 16 14 34 21 23 31 24 39 18 46 18 16 11 8 15 19 
41 27 39 33 13 23 26 32 12 30 20 18 17 28 11 27 22 21 25 37 38 24 20 33 33 16 11 16 14 28 
42 29 32 22 17 17 36 38 15 32 18 19 12 18 11 17 18 27 34 25 30 32 31 25 29 11 10 18 17 29 
33 40 33 25 18 22 22 31 17 27 26 24 10 25 8 18 11 19 27 27 34 25 24 21 21 18 8 21 11 21 
21 24 20 19 10 28 55 18 13 35 16 25 15 14 15 23 38 31 32 37 25 26 21 30 26 14 19 26 22 30 
21 32 44 15 8 20 47 35 17 19 13 15 16 16 11 18 33 15 28 27 35 31 16 18 40 14 17 24 13 27 
22 41 35 34 12 30 24 12 18 18 9 23 9 18 17 26 18 25 27 38 34 23 21 14 27 19 9 13 16 33 
31 25 20 18 14 11 30 27 17 11 13 12 10 25 12 20 19 18 15 13 27 24 29 32 19 22 14 13 16 24 
25 29 36 30 12 28 27 27 16 16 15 31 13 20 13 17 37 27 28 31 38 35 15 35 37 25 14 22 11 32 
30 40 41 24 15 36 33 33 22 13 13 21 15 25 15 26 20 26 31 34 35 17 24 31 20 13 20 16 8 24 
42 26 26 33 14 19 23 31 19 35 19 20 16 17 20 24 19 27 31 27 31 34 13 41 26 18 19 24 19 34 
27 23 24 21 11 16 15 22 15 22 11 27 17 14 18 11 31 17 13 29 14 22 25 28 27 23 16 9 10 24 
15 23 25 29 21 26 49 34 12 24 20 18 13 15 14 14 36 25 34 29 30 27 23 32 22 15 17 24 8 25 
30 33 33 23 12 12 36 37 16 31 18 13 13 10 16 14 40 24 35 16 38 18 28 46 19 21 21 19 14 30 
41 6 25 18 18 25 28 31 10 20 15 29 16 26 15 16 13 28 33 18 38 39 19 28 21 10 11 18 13 21 
30 24 48 22 9 36 27 39 8 26 17 12 16 13 11 21 41 26 22 15 30 21 15 20 33 13 18 19 14 30 
28 30 21 37 13 20 21 30 19 18 19 21 16 21 15 15 30 30 31 21 38 19 29 39 24 17 13 20 14 34 
31 34 38 30 18 8 18 22 6 14 21 8 13 25 18 17 24 23 38 24 30 25 19 19 22 13 21 24 17 33 
22 33 24 20 22 22 42 18 17 15 20 21 17 8 22 14 30 14 18 26 39 14 15 36 27 14 12 19 13 25 
24 33 25 32 19 16 24 23 17 20 10 26 12 19 21 15 42 21 30 23 20 33 19 27 16 15 15 20 11 31 
28 17 29 23 17 17 42 25 10 33 17 14 16 25 12 15 51 26 28 29 27 27 9 37 31 15 18 16 17 34 
35 24 37 21 12 32 25 13 24 30 19 15 19 18 17 15 21 30 16 28 47 29 15 28 36 16 10 19 11 30 
26 28 33 16 10 24 36 28 14 28 16 19 16 17 14 21 36 26 43 16 29 23 22 18 29 16 12 13 16 22 
38 33 30 35 24 21 24 14 17 21 18 23 13 31 12 16 31 27 19 32 18 22 14 32 10 8 10 25 24 41 
41 35 43 24 18 17 33 27 12 24 11 14 13 23 9 16 19 18 36 28 29 25 10 21 22 17 18 22 11 23 
26 31 45 26 18 22 34 44 18 27 10 15 10 18 27 14 23 11 25 18 28 34 18 36 19 13 20 22 19 32 
44 17 18 35 17 29 43 29 14 26 13 16 20 14 17 21 37 21 16 38 12 38 26 22 32 15 20 20 8 29 
25 26 31 30 11 16 35 29 14 19 16 14 19 17 20 18 27 19 35 20 34 32 20 27 32 12 16 26 17 7 
23 19 26 24 12 21 24 36 19 18 14 18 20 27 21 18 22 31 25 25 32 30 23 26 26 16 24 24 4 16 
32 29 48 34 22 16 19 31 12 36 6 24 18 20 17 16 26 33 20 21 30 22 17 22 28 17 13 17 6 18 
25 36 47 16 8 34 38 24 15 30 20 25 7 18 14 18 27 24 25 37 27 20 27 25 26 20 15 12 13 27 

MachineCapacities:
MachineID Capacity
0 10
1 10
