NumTasks NumMachines NumScenarios
15 2 30
TaskDetails:
TaskID ReleaseTime ResourceConsumption SuccessorsCount Successors...
0 0 6 5 1 6 
1 0 4 6 3 2 3 5 
2 0 5 5 1 6 
3 0 9 3 1 6 
4 0 9 10 1 6 
5 0 9 3 0 
6 0 3 5 0 
7 0 5 3 1 10 
8 0 2 9 0 
9 0 7 7 3 12 13 14 
10 0 4 8 0 
11 0 5 7 2 13 14 
12 0 6 9 0 
13 0 4 2 0 
14 0 5 2 0 

16 39 29 19 12 25 17 23 18 15 13 25 25 29 13 27 11 17 19 9 15 23 9 14 13 19 33 12 24 15 
39 27 47 17 16 20 18 27 24 23 11 28 22 17 12 37 14 12 29 11 12 28 13 11 9 26 32 21 22 12 
20 31 25 23 13 20 12 17 23 17 15 30 23 29 6 38 22 36 29 15 20 18 10 16 15 11 31 16 2 26 
20 31 24 17 10 24 6 31 21 22 13 13 22 18 11 23 15 15 17 16 26 20 17 22 6 41 32 11 21 31 
14 7 31 18 16 24 17 22 20 14 11 21 31 26 18 33 7 27 32 16 12 24 16 10 16 28 32 22 27 16 
31 23 25 26 15 18 13 15 22 10 13 24 48 27 14 45 18 41 15 11 30 27 17 11 4 34 16 17 18 28 
23 16 29 20 8 5 13 19 23 24 13 3 26 24 9 27 21 15 17 15 17 30 12 11 11 36 28 13 31 16 
25 30 15 21 18 29 10 38 11 14 12 12 28 15 20 26 13 19 19 15 28 25 17 9 13 31 37 18 35 24 
24 33 26 21 11 22 16 23 27 22 10 11 24 19 7 30 18 17 25 13 35 26 15 16 10 29 20 7 21 22 
15 27 26 17 19 16 11 27 25 14 11 20 29 33 18 23 12 21 14 15 19 25 22 16 11 22 26 17 25 25 
30 25 20 18 20 18 11 15 21 15 10 24 29 17 13 35 15 24 19 15 22 21 16 18 11 25 20 23 9 24 
30 25 16 16 14 16 16 20 11 22 15 11 40 19 12 26 15 30 6 19 22 26 17 19 9 20 30 16 12 11 
16 20 23 13 15 22 9 29 14 19 14 18 45 30 3 34 12 21 23 17 14 35 11 12 10 20 8 15 30 24 
16 21 20 16 17 20 8 6 20 17 8 11 38 26 11 35 19 34 19 6 16 21 17 18 14 34 15 11 15 25 
24 29 15 16 12 26 19 28 17 14 9 19 22 34 12 38 15 23 35 19 16 29 15 14 8 18 24 12 13 29 
18 16 36 27 12 21 12 34 11 15 11 18 36 28 23 28 16 25 22 14 27 37 15 26 8 26 31 14 25 22 
21 34 32 18 14 20 16 21 7 22 13 12 25 28 11 22 18 35 19 18 15 31 19 17 10 34 39 13 17 18 
33 23 26 13 15 23 25 29 12 18 6 25 43 35 12 33 15 28 27 10 23 19 13 14 13 25 26 12 23 26 
20 31 28 18 15 9 8 17 21 20 11 15 29 18 19 32 19 12 23 15 31 19 11 15 9 31 28 14 27 23 
27 24 31 22 17 18 11 26 14 21 11 17 31 28 9 14 14 32 28 10 17 9 21 15 9 38 32 7 24 20 
18 29 24 18 18 16 12 16 13 7 9 11 20 25 14 22 11 43 32 13 14 29 6 5 7 21 36 18 19 25 
29 34 21 27 16 18 15 26 16 22 7 19 30 18 17 34 17 21 26 11 31 31 17 17 11 6 29 17 13 17 
16 30 27 17 13 9 17 24 18 14 15 28 44 40 14 38 17 10 18 18 25 22 12 13 16 23 35 17 25 21 
32 38 31 17 14 18 18 21 28 14 6 27 31 24 6 25 18 43 27 13 25 37 7 17 7 43 24 11 17 31 
17 23 11 19 12 22 13 24 24 10 8 13 26 27 13 23 17 39 38 11 19 19 20 9 9 22 20 13 13 26 
13 36 28 12 11 34 9 24 20 12 8 5 25 32 21 33 19 21 27 20 26 23 14 14 8 31 24 8 19 18 
16 21 12 17 18 22 12 19 18 10 13 14 27 27 25 27 16 36 35 19 19 22 14 15 8 25 36 21 14 27 
23 28 6 4 19 17 8 25 19 14 10 27 42 16 16 41 16 26 21 16 27 30 19 7 10 31 33 15 20 20 
12 28 25 19 12 26 16 16 24 8 10 25 11 21 14 28 18 14 23 11 16 26 14 12 12 33 32 8 16 17 
17 19 25 26 10 12 17 7 12 25 14 18 22 18 13 25 23 34 15 22 22 25 15 19 17 39 20 18 8 13 

MachineCapacities:
MachineID Capacity
0 10
1 10
