NumTasks NumMachines NumScenarios
10 3 100
TaskDetails:
TaskID ReleaseTime ResourceConsumption SuccessorsCount Successors...
0 0 1 9 6 1 2 
1 0 7 9 9 1 3 
2 0 8 2 9 0 
3 0 5 4 6 0 
4 0 10 8 10 0 
5 0 4 4 6 1 9 
6 0 1 10 10 0 
7 0 10 7 1 0 
8 0 3 5 7 0 
9 0 1 1 3 0 

18 30 20 26 28 19 30 28 39 16 38 25 19 43 17 17 35 26 10 36 30 17 20 28 17 28 23 31 17 32 
26 26 25 41 35 17 20 54 12 11 18 20 19 27 14 22 26 22 18 26 26 28 27 13 19 18 13 23 19 22 
23 26 36 24 21 13 20 18 30 21 31 19 20 33 17 26 27 20 24 32 18 54 27 25 34 10 13 33 14 24 
16 28 19 14 20 25 30 37 16 16 17 21 16 44 8 18 23 27 17 27 20 25 25 23 26 32 6 34 11 23 
15 27 21 36 30 18 16 44 31 14 29 10 24 43 18 16 34 33 22 18 27 31 20 23 31 22 31 33 19 22 
29 33 18 34 10 16 22 30 28 12 34 13 19 46 23 17 19 11 33 27 28 30 29 18 35 20 19 25 13 16 
17 40 25 29 16 14 36 40 19 8 25 21 22 32 25 15 21 18 16 34 29 38 27 21 34 21 36 38 23 27 
22 26 8 21 16 14 13 21 32 23 25 13 24 33 30 17 32 24 19 30 36 28 17 27 28 28 37 30 28 22 
25 27 29 37 19 27 19 30 26 14 42 11 24 39 20 21 31 30 12 24 30 23 26 34 20 4 31 33 14 39 
39 18 27 28 36 19 26 20 22 12 22 15 10 32 20 21 33 18 15 33 14 33 25 33 34 26 11 22 18 20 
24 25 29 19 33 24 29 31 31 12 32 10 27 15 29 17 24 15 19 20 21 17 17 23 15 32 29 38 12 23 
8 33 28 24 19 19 22 30 33 19 27 16 19 33 31 16 36 22 20 42 34 26 15 5 28 15 31 24 20 34 
30 23 24 25 24 15 32 29 29 11 43 16 22 39 21 19 14 14 15 19 23 33 29 36 24 24 24 41 14 14 
26 26 33 27 28 18 17 29 22 22 40 8 14 34 24 29 22 4 13 29 24 30 26 25 26 17 24 27 20 29 
13 23 29 27 27 20 36 47 16 13 30 23 17 18 29 21 38 18 23 21 16 29 23 22 28 20 25 31 23 24 
22 19 27 27 25 21 24 32 13 15 23 17 13 20 21 20 19 34 21 39 29 40 17 8 27 23 23 28 9 29 
22 18 26 34 15 24 36 37 31 19 33 17 19 39 29 18 32 20 25 25 32 41 31 29 22 23 25 35 17 26 
11 26 24 51 15 21 37 28 32 10 44 22 16 36 21 17 27 19 15 18 32 19 25 11 21 28 39 52 18 18 
11 22 18 44 13 20 18 24 20 13 22 22 14 51 27 21 27 12 19 24 23 27 31 30 9 18 16 19 23 35 
31 31 19 25 23 14 38 47 14 13 22 22 14 22 23 15 34 19 18 30 20 41 30 24 34 14 26 33 13 17 
20 26 28 40 25 30 37 29 34 21 43 13 20 18 21 8 16 24 13 24 24 28 21 24 13 22 20 23 23 23 
21 35 22 22 18 18 30 8 26 17 38 20 13 23 22 9 24 21 18 35 20 30 28 32 29 26 35 30 20 15 
35 30 34 27 34 18 25 29 24 14 27 19 14 25 27 14 29 19 21 23 29 22 23 27 28 37 21 21 19 25 
33 26 12 29 21 16 35 31 31 16 32 13 14 43 16 7 33 17 24 30 13 29 17 24 26 20 30 36 19 15 
10 31 21 40 24 13 33 28 33 16 44 21 21 37 26 18 27 17 17 38 18 27 21 30 21 14 15 44 13 19 
26 17 25 28 23 17 26 25 32 13 30 27 19 37 24 17 31 34 20 22 18 41 29 25 18 15 17 37 25 25 
27 26 32 19 30 15 32 38 31 11 27 20 12 24 24 23 40 15 26 23 27 24 33 13 30 23 38 28 20 26 
21 20 22 48 29 16 25 29 24 6 33 15 17 25 23 23 40 25 10 50 30 24 20 21 34 23 35 27 12 28 
22 20 30 14 25 28 27 8 36 16 30 13 10 29 26 22 13 13 19 30 29 30 17 30 21 19 27 40 15 31 
23 29 19 35 19 24 28 35 30 16 17 25 14 34 25 17 33 27 27 31 33 37 14 12 26 23 22 32 20 20 
25 44 31 33 18 19 26 24 15 21 33 19 13 42 14 16 35 21 14 31 23 37 22 30 42 12 16 19 27 27 
31 22 19 32 32 21 23 33 21 9 27 7 23 35 32 16 44 19 11 20 18 25 21 31 21 7 9 27 13 37 
21 33 33 31 23 17 14 26 32 17 30 17 22 36 15 25 32 18 19 27 26 32 28 40 16 22 32 13 18 26 
25 25 23 26 22 25 32 26 22 21 27 25 20 23 24 19 20 14 19 32 26 37 30 26 31 21 28 35 20 39 
35 33 27 32 19 12 41 45 34 12 15 21 23 40 14 7 43 18 21 25 20 39 17 32 32 17 19 20 17 21 
22 35 40 32 18 17 31 37 31 19 42 19 23 31 31 24 30 15 4 32 27 37 23 33 16 28 14 38 11 20 
20 35 24 35 21 16 34 25 16 21 43 20 13 30 24 18 33 26 13 25 13 33 29 15 17 15 26 26 14 23 
24 47 35 31 18 14 32 22 33 18 35 11 11 46 20 13 25 13 12 16 17 37 26 31 36 18 21 24 18 20 
24 21 34 13 13 16 28 8 23 16 34 17 12 33 22 20 30 21 18 29 16 13 25 32 16 20 28 18 17 23 
23 15 24 34 25 17 40 35 16 19 16 14 14 26 35 15 30 16 14 16 17 25 36 23 26 20 27 19 22 36 
21 40 24 35 22 15 28 37 25 19 29 18 19 35 26 17 27 5 19 21 31 40 22 9 10 20 29 22 15 40 
36 33 34 21 29 17 20 25 28 16 41 15 7 30 24 21 22 19 23 36 25 7 23 25 41 29 17 23 14 19 
22 23 25 24 18 12 23 16 17 13 27 27 25 29 20 20 7 20 29 39 19 25 30 33 23 21 22 18 25 23 
20 35 24 13 21 20 26 39 28 19 40 19 24 35 25 24 15 15 24 14 22 18 23 14 21 21 20 43 9 11 
22 33 23 7 24 12 26 40 17 6 32 27 13 31 16 30 34 27 23 25 18 33 17 28 26 23 38 24 16 37 
26 43 37 32 18 21 27 42 28 14 35 13 22 37 25 18 30 21 22 31 32 30 28 28 22 19 24 20 16 26 
20 39 24 22 27 14 26 17 23 17 45 19 18 33 30 18 21 19 15 25 28 28 24 21 20 12 26 30 22 18 
34 39 36 35 26 20 29 36 26 10 26 13 15 37 31 12 32 24 23 30 17 28 29 23 23 28 44 28 17 18 
30 44 17 22 23 13 23 27 24 8 21 21 1 29 36 16 17 15 16 44 16 33 13 21 26 22 30 33 14 30 
12 34 40 18 24 21 11 35 26 21 44 30 16 51 28 22 24 24 10 35 13 38 9 16 22 14 26 21 16 12 
27 36 21 28 27 16 25 29 25 18 30 22 7 16 18 18 14 25 11 22 24 47 25 26 19 28 20 24 12 21 
24 27 15 31 28 22 21 56 39 18 21 27 15 28 1 20 26 17 15 24 30 36 21 38 25 23 14 30 25 26 
24 47 17 40 23 20 23 17 15 14 35 17 13 27 18 14 19 20 13 27 19 29 20 17 29 13 18 23 21 15 
26 26 22 44 23 18 13 40 21 12 46 19 19 25 29 14 12 35 17 14 17 21 19 17 23 21 23 34 10 32 
23 25 36 29 25 16 33 22 31 13 22 14 16 27 13 23 27 20 11 18 20 35 20 42 19 12 13 12 12 19 
9 20 32 29 21 21 34 28 30 17 23 18 14 22 19 18 29 24 16 45 24 29 20 18 27 14 32 39 21 37 
22 29 18 19 28 12 30 33 19 15 33 19 16 36 24 23 20 12 24 29 30 35 19 31 31 19 24 29 14 26 
22 24 21 27 19 16 22 41 26 17 28 14 22 29 20 18 32 26 13 37 22 31 26 19 20 21 17 40 23 26 
28 22 31 36 19 24 19 30 29 21 49 16 14 29 31 5 28 30 15 39 20 39 24 29 26 15 18 28 21 23 
17 32 19 23 21 23 21 32 32 11 34 13 19 21 25 17 29 15 19 43 28 29 25 37 36 5 17 11 11 46 
21 25 23 16 23 16 28 41 19 15 35 24 9 29 16 14 28 30 16 25 15 35 21 22 17 26 23 23 21 14 
16 27 24 35 24 25 24 18 26 19 34 17 18 40 23 26 36 27 18 23 28 36 20 30 21 23 21 42 17 45 
20 26 28 24 25 30 18 22 16 27 30 22 12 40 9 19 45 20 16 30 16 35 20 19 28 15 22 15 13 22 
5 25 35 10 25 23 22 40 24 20 40 23 9 30 12 21 27 25 16 33 19 17 26 31 25 17 17 52 15 31 
29 29 26 49 28 14 21 35 47 13 35 17 12 36 14 19 33 4 12 20 18 47 15 29 31 14 32 44 18 20 
22 17 28 34 25 18 7 44 22 26 35 22 12 26 21 15 29 19 21 19 21 32 36 20 23 28 42 28 23 27 
15 32 26 21 20 31 28 39 40 14 34 23 12 42 30 19 35 28 22 21 23 26 25 16 28 30 14 11 19 35 
26 22 21 36 14 14 29 33 27 16 36 18 16 22 24 16 18 13 19 35 37 40 27 21 19 17 21 45 18 26 
27 36 34 10 24 20 15 17 17 20 38 12 14 38 22 25 22 15 13 33 18 42 26 39 21 13 25 26 24 20 
12 38 28 39 18 18 30 47 24 20 29 16 20 23 34 13 15 19 18 23 30 32 30 20 6 14 30 43 16 39 
26 27 20 41 31 10 30 31 24 11 28 20 14 19 22 36 21 21 21 24 25 12 14 20 25 20 31 30 16 25 
18 23 24 12 22 23 30 43 14 17 22 20 15 26 17 19 22 7 13 24 18 18 16 24 13 17 15 28 31 19 
25 47 23 22 8 17 38 24 26 22 25 14 22 33 12 17 35 24 16 28 18 30 26 26 20 10 28 43 4 25 
21 39 34 33 26 18 31 37 31 10 8 14 7 40 14 18 32 19 12 35 23 31 16 35 24 19 25 19 11 20 
24 34 15 30 18 15 17 33 28 22 29 11 24 38 17 11 11 17 19 31 20 26 34 21 31 27 33 35 19 18 
12 28 19 41 29 14 16 12 37 19 29 22 28 40 34 20 27 32 20 27 13 34 25 19 22 32 26 23 18 34 
29 37 29 19 35 17 35 31 18 25 18 23 21 35 31 16 38 25 31 27 21 29 30 16 18 18 18 27 16 18 
25 19 32 34 23 24 27 32 23 19 27 11 9 31 17 13 29 17 14 16 21 40 33 31 22 29 18 32 16 17 
18 32 23 29 17 29 33 46 30 22 25 23 22 25 24 21 22 19 25 33 31 35 29 19 37 19 26 37 18 23 
25 36 27 33 19 24 42 29 21 10 10 23 20 33 21 18 19 26 19 33 30 25 21 13 28 15 16 30 11 25 
27 24 13 30 29 25 33 34 24 16 23 15 11 51 29 15 27 18 20 27 17 13 24 22 20 15 17 42 7 22 
21 42 28 33 13 21 38 25 21 19 36 21 18 26 31 18 21 18 17 28 15 36 11 42 26 15 25 25 22 11 
29 33 33 21 10 13 21 29 27 16 32 18 11 27 19 16 33 26 15 37 24 32 17 33 41 37 16 18 24 16 
12 30 26 24 21 15 18 52 16 18 40 13 15 39 28 20 30 14 11 36 26 39 30 22 34 13 27 21 18 30 
21 34 29 44 19 32 22 16 44 16 25 14 25 30 15 16 21 18 14 23 14 15 24 17 34 16 20 28 24 25 
28 31 21 28 27 21 24 40 25 14 19 12 7 36 28 20 32 14 23 9 28 20 24 23 16 8 17 8 24 26 
21 32 30 35 13 21 18 25 27 20 33 29 13 25 27 19 33 11 15 33 27 16 22 25 8 24 20 19 11 24 
16 34 11 23 24 18 26 17 32 16 40 16 10 28 20 24 13 18 27 31 36 30 20 29 34 21 33 35 15 29 
30 33 22 18 23 15 29 33 31 20 29 11 16 20 20 31 42 18 25 22 16 42 28 30 30 29 27 35 16 21 
19 29 27 24 32 25 35 43 37 17 22 24 17 38 15 10 14 12 12 25 14 24 18 20 27 13 30 27 19 23 
24 43 23 19 27 19 16 31 21 29 34 19 7 29 17 16 30 25 16 29 25 37 20 26 17 16 37 21 18 32 
17 22 19 41 21 11 33 21 18 13 46 21 14 12 21 20 32 19 24 21 25 28 21 23 24 6 12 42 13 19 
22 23 32 21 28 9 29 37 36 23 27 21 12 21 19 19 21 32 26 38 23 39 25 30 25 34 37 41 18 26 
21 27 35 29 29 27 22 15 39 14 42 24 19 29 28 15 33 20 18 31 39 20 16 12 31 21 19 31 19 27 
33 29 23 40 28 11 29 37 18 15 32 15 13 23 19 28 26 20 17 21 19 24 27 20 30 25 13 28 7 21 
20 36 36 35 27 22 13 36 25 28 37 18 8 51 19 23 20 15 14 21 18 21 15 31 35 26 30 30 14 23 
30 31 43 37 22 23 15 39 17 21 41 11 22 47 26 5 16 15 24 35 28 22 22 28 34 30 28 28 18 29 
14 41 25 38 19 19 39 37 29 12 29 20 6 31 28 24 16 20 21 26 28 35 22 26 25 16 14 27 18 29 
16 23 22 28 35 14 16 40 39 15 33 18 19 29 14 20 34 20 20 32 23 37 22 22 33 21 39 15 13 21 
23 23 30 18 29 14 30 43 10 18 27 16 21 32 19 22 21 15 21 28 12 45 29 33 15 19 26 24 7 23 

MachineCapacities:
MachineID Capacity
0 10
1 10
2 10
