NumTasks NumMachines NumScenarios
10 3 100
TaskDetails:
TaskID ReleaseTime ResourceConsumption SuccessorsCount Successors...
0 0 9 9 1 1 2 
1 0 3 4 9 0 
2 0 3 7 3 0 
3 0 9 8 2 0 
4 0 8 4 3 0 
5 0 6 9 8 0 
6 0 10 4 3 2 7 9 
7 0 3 3 10 0 
8 0 6 2 6 0 
9 0 2 2 9 0 

27 18 34 20 16 30 23 18 26 32 37 9 11 23 15 21 17 17 21 19 14 12 13 36 36 19 23 30 29 23 
30 18 17 17 26 26 15 19 31 25 18 21 17 30 13 24 32 18 26 19 21 13 27 27 11 10 10 17 33 16 
44 33 25 15 14 18 39 10 35 26 44 17 8 35 15 24 20 24 18 22 22 22 36 19 24 12 21 25 12 19 
39 23 38 17 18 53 25 19 39 23 28 14 20 24 9 24 21 19 18 27 10 17 28 25 39 7 20 33 26 23 
41 14 28 24 14 29 26 17 37 19 45 10 15 15 20 26 21 18 19 15 5 21 34 11 34 21 14 21 18 20 
17 23 35 11 26 32 16 17 18 22 28 15 22 14 10 17 19 30 19 15 22 19 20 22 28 8 30 27 36 24 
19 32 35 15 18 25 29 18 26 27 44 15 10 35 14 15 25 12 14 21 20 20 29 25 23 18 22 19 25 21 
22 17 12 19 16 29 20 11 23 19 40 17 16 24 17 26 24 20 19 19 18 22 26 30 32 25 25 28 13 28 
38 31 23 19 24 22 16 13 31 25 43 21 15 17 15 25 17 24 27 23 18 12 10 33 16 19 19 22 19 22 
14 20 17 12 21 31 19 13 24 28 24 16 18 25 19 22 24 26 19 12 27 19 27 29 26 17 26 19 19 27 
23 17 16 14 13 29 23 18 32 31 25 16 18 18 13 25 28 12 29 18 14 20 25 31 33 25 15 17 36 15 
40 14 52 9 16 25 32 14 36 34 33 19 16 15 15 16 8 27 18 23 16 7 25 22 14 21 11 29 20 21 
32 17 30 11 12 34 23 25 37 31 31 12 7 28 20 15 33 36 23 19 15 19 19 23 24 28 23 33 12 21 
38 20 44 16 23 22 23 15 17 13 29 24 22 22 18 16 35 15 27 16 14 22 32 18 13 22 20 27 23 19 
34 28 14 16 12 14 28 13 18 12 42 18 16 21 16 21 26 12 34 12 21 18 22 26 36 14 18 23 19 29 
32 27 32 13 13 27 27 13 22 21 26 12 16 28 16 18 35 28 25 18 19 20 13 33 23 18 20 18 28 23 
19 26 39 21 13 24 19 11 31 15 25 17 23 21 15 18 19 35 27 17 7 20 23 25 19 9 23 24 21 28 
24 14 28 14 25 27 34 17 25 29 15 16 16 17 17 15 21 25 21 15 15 18 37 22 15 17 20 20 28 23 
26 28 32 10 25 16 6 24 39 28 25 30 13 21 11 13 34 24 18 25 20 18 29 21 21 17 15 10 25 15 
24 21 41 11 17 37 19 24 31 27 25 15 20 14 17 25 28 29 24 27 14 21 26 26 18 15 10 27 23 17 
17 25 26 17 22 22 35 20 32 33 29 13 13 23 18 15 23 35 23 25 17 10 40 29 12 24 20 14 23 27 
32 22 18 19 16 29 23 25 23 12 32 20 16 15 7 27 16 36 36 22 19 15 33 19 11 15 21 14 20 28 
21 14 36 17 17 30 22 14 34 17 22 11 7 25 10 20 24 17 11 16 19 14 38 21 26 19 26 26 31 28 
26 17 33 16 20 30 33 21 27 23 20 17 14 22 17 19 30 26 13 18 12 20 34 14 29 21 17 19 20 20 
13 20 22 31 18 23 7 12 26 29 40 14 14 26 14 26 29 23 28 23 19 15 23 18 31 19 14 23 31 27 
35 19 10 27 26 29 19 9 27 19 23 27 14 24 15 26 30 29 28 18 22 17 33 18 25 24 22 28 24 8 
33 21 47 17 20 23 28 11 24 22 32 24 12 22 11 21 17 20 18 11 20 15 23 17 25 22 7 11 25 19 
36 16 46 16 14 47 24 20 32 19 25 21 18 29 14 6 25 18 13 17 22 9 31 25 30 14 26 13 31 22 
20 20 25 26 17 16 20 14 15 31 30 15 9 25 17 25 25 24 30 14 20 13 15 27 31 20 13 23 13 19 
28 18 29 16 16 26 11 18 15 12 21 16 15 29 13 24 27 23 24 20 19 12 35 20 42 8 18 22 35 26 
18 9 27 20 17 34 12 17 30 27 25 17 5 20 15 30 21 32 18 13 20 14 30 26 32 12 17 18 33 29 
37 16 30 19 25 28 21 20 6 25 32 14 17 20 27 16 44 7 14 16 21 13 33 21 14 26 16 22 26 10 
39 19 12 20 19 25 20 19 37 19 34 24 18 17 15 19 25 29 38 19 20 7 26 24 25 19 24 20 19 29 
22 26 34 19 19 28 28 7 29 20 47 16 8 35 13 15 15 11 13 13 9 26 14 15 25 12 24 15 22 20 
26 15 23 18 11 31 24 19 29 20 25 13 17 24 4 19 32 22 24 20 23 16 21 20 7 25 8 18 25 23 
26 21 36 18 17 20 18 18 14 25 38 16 16 25 20 19 34 25 23 22 18 13 36 32 33 18 19 32 14 16 
41 11 33 19 27 40 16 24 30 21 28 25 16 22 10 24 18 20 16 15 14 19 26 15 18 13 25 29 20 35 
15 20 28 15 25 37 22 15 9 26 25 23 14 12 15 20 32 27 19 17 16 27 26 16 18 10 23 23 28 27 
19 16 36 16 23 21 24 9 34 23 26 16 18 23 15 20 17 23 28 16 17 14 14 22 23 20 17 22 26 17 
45 21 30 19 27 35 28 17 36 32 28 20 14 22 4 15 25 25 17 20 27 17 26 20 12 18 22 26 17 31 
33 22 14 9 13 21 21 11 38 16 29 16 17 22 16 14 32 30 20 29 8 13 28 18 27 26 26 32 26 23 
35 20 29 20 19 23 30 25 1 7 18 16 13 22 19 25 16 21 28 18 20 17 27 22 18 19 15 24 18 29 
32 23 28 11 13 36 14 15 36 20 40 21 13 29 11 21 19 23 13 22 15 26 39 26 37 15 12 18 25 12 
8 17 22 18 28 31 29 20 35 30 37 26 15 17 14 30 26 20 26 21 15 14 25 19 28 17 20 20 18 20 
44 17 44 17 23 25 24 16 30 29 25 17 9 30 16 18 27 20 17 20 15 17 26 20 25 23 9 13 19 21 
28 17 25 16 15 16 26 20 31 26 24 18 14 19 17 23 20 28 26 13 9 22 45 16 35 11 8 31 26 24 
34 21 27 27 12 26 18 8 31 21 33 24 14 22 20 24 22 29 17 14 14 23 23 26 26 17 24 22 26 10 
11 19 43 22 23 29 22 14 35 32 33 18 19 19 11 19 24 13 26 15 10 15 16 21 16 15 15 21 25 24 
29 20 12 17 24 26 31 21 29 19 30 19 21 20 20 18 30 22 15 19 15 15 13 24 27 22 21 21 27 22 
41 13 42 15 7 37 29 25 28 29 53 12 10 17 17 22 31 20 29 18 21 14 24 17 26 12 9 15 23 21 
31 20 40 21 12 23 26 17 22 17 41 15 16 12 17 19 23 31 24 14 4 17 24 27 27 21 20 21 14 21 
27 20 33 13 10 19 31 20 24 30 35 12 15 22 12 27 26 31 24 20 17 21 21 32 26 25 25 20 18 19 
40 13 35 11 15 22 14 20 42 29 41 15 11 13 15 25 23 34 15 24 11 13 32 16 40 18 25 25 16 28 
32 19 49 6 13 25 22 9 7 23 32 16 17 26 14 17 16 22 21 11 23 20 16 11 34 22 18 17 27 21 
29 21 19 23 15 23 30 16 29 27 33 24 14 16 6 26 35 18 25 24 24 11 31 15 30 31 10 15 21 25 
34 33 23 21 23 17 35 9 10 14 34 12 19 31 18 19 29 20 23 22 16 12 16 16 36 19 27 23 25 21 
8 27 35 14 18 17 19 16 32 23 34 14 14 21 16 29 32 32 27 17 10 21 25 21 38 20 25 18 21 19 
31 14 25 11 16 17 21 15 21 16 27 22 13 21 21 24 18 19 18 17 15 17 22 17 23 13 17 25 21 35 
31 14 11 24 17 20 22 23 18 36 27 16 4 19 18 7 33 35 10 22 15 20 31 19 20 22 23 27 18 18 
41 22 25 25 17 36 32 13 26 22 31 21 13 35 13 25 28 23 25 17 21 5 41 28 17 26 22 30 22 24 
35 19 38 17 18 25 20 22 25 26 13 13 7 10 22 30 29 29 27 21 7 14 24 30 11 15 21 14 25 24 
27 10 23 22 23 30 26 21 35 21 21 7 11 34 21 24 26 21 25 25 19 21 25 26 31 16 17 32 29 24 
45 21 33 15 31 20 26 14 33 19 23 19 14 22 15 25 33 15 22 15 13 16 29 23 32 24 20 27 23 22 
26 21 21 19 20 29 23 19 41 32 25 15 13 17 20 21 38 27 32 21 21 16 21 19 21 25 14 23 24 27 
24 15 18 8 18 39 12 15 40 18 29 10 15 35 20 13 26 20 20 18 13 22 18 19 36 18 23 20 20 23 
42 21 29 22 17 37 25 16 45 28 27 17 17 26 11 23 24 23 37 27 14 12 34 22 16 23 13 23 26 25 
43 28 30 22 21 12 27 21 43 30 30 17 20 21 11 19 16 33 16 19 23 16 30 25 23 20 23 22 23 21 
19 20 30 9 22 29 32 16 29 21 11 9 16 14 18 7 35 17 26 24 27 28 31 24 30 16 20 22 17 28 
35 26 46 9 15 22 21 9 36 19 25 21 21 15 14 20 31 16 18 24 18 20 16 11 21 20 22 28 21 28 
17 23 39 18 25 26 30 17 40 22 35 15 21 29 17 26 33 18 8 12 16 14 26 24 26 19 16 20 25 33 
35 17 24 14 16 34 26 21 25 30 38 21 15 12 14 26 20 31 26 12 22 16 25 21 24 20 21 28 25 30 
40 25 44 12 19 33 24 9 33 22 36 18 8 15 16 30 27 26 28 15 16 13 36 26 30 17 28 22 22 17 
34 20 25 21 15 28 20 17 31 18 33 24 14 33 18 29 24 19 22 15 16 21 35 23 29 24 20 17 26 23 
24 22 9 25 16 21 22 17 19 17 22 30 12 23 17 14 16 31 21 19 13 27 28 18 29 12 24 25 26 28 
22 23 41 29 17 23 29 15 20 24 15 23 16 20 16 28 24 15 33 2 13 17 38 28 25 23 22 13 38 24 
38 25 29 20 16 17 25 15 34 22 17 4 13 23 12 12 33 26 29 21 17 14 32 29 35 26 28 24 30 12 
16 18 25 20 25 32 29 20 8 28 27 15 6 19 18 11 39 46 17 24 15 10 22 21 31 22 26 22 25 22 
23 24 23 12 16 33 19 17 26 20 18 17 16 34 17 23 23 23 36 19 17 23 29 31 29 29 23 16 35 21 
49 19 48 21 19 38 28 9 24 30 26 15 18 22 10 20 18 36 21 20 19 24 17 19 22 15 10 18 20 18 
38 18 22 16 22 24 19 19 25 23 21 12 11 21 18 21 28 12 22 14 30 18 31 21 25 24 26 22 18 16 
27 17 45 25 16 38 21 27 29 24 41 15 4 23 20 14 20 28 18 24 21 15 30 27 32 15 13 27 39 26 
38 16 26 11 21 20 26 7 20 19 33 27 19 27 9 20 24 26 19 26 10 19 33 26 25 26 19 22 30 15 
36 21 32 12 18 44 26 17 33 34 26 12 7 32 12 12 27 23 21 15 10 22 22 20 42 23 27 21 29 21 
32 28 33 10 22 29 20 13 30 21 34 13 20 26 16 21 39 28 6 17 15 15 33 10 39 24 32 26 27 23 
37 19 24 12 22 40 25 15 10 27 29 23 11 22 21 26 20 20 13 23 11 10 28 21 28 19 21 16 26 16 
40 26 43 14 17 26 19 20 32 31 33 19 17 20 8 27 20 16 18 11 15 16 34 26 27 26 14 21 27 26 
25 28 35 13 25 25 36 23 24 14 39 20 22 16 16 29 31 20 24 15 22 15 16 26 31 20 32 24 22 21 
22 25 24 27 17 26 28 20 34 22 32 19 12 21 13 18 17 18 28 20 14 23 16 15 19 20 13 31 10 27 
31 25 23 17 16 21 22 18 30 21 26 16 16 21 17 19 32 20 25 26 16 7 32 23 21 13 25 32 28 20 
25 16 33 14 26 36 16 14 27 20 33 15 24 25 14 30 20 25 23 20 8 18 31 23 28 22 18 26 21 22 
6 11 24 13 29 30 23 19 21 30 33 17 18 21 17 18 26 36 25 18 25 13 40 18 27 15 32 26 29 23 
28 22 44 20 14 27 27 15 30 22 27 11 14 22 7 20 28 22 18 12 15 14 16 25 29 20 21 13 16 26 
30 22 21 24 14 31 16 12 29 30 26 20 6 29 19 28 27 12 32 22 22 16 30 19 15 15 20 19 27 21 
28 22 37 19 25 24 16 15 34 23 36 20 18 31 14 16 44 21 20 19 17 23 15 9 31 20 9 18 23 9 
41 22 38 22 25 43 20 12 38 8 18 10 21 37 12 18 41 38 20 15 22 13 26 26 28 28 25 22 18 27 
24 30 15 18 26 28 25 15 41 17 25 24 11 18 10 17 24 14 20 21 23 15 21 32 35 21 23 24 22 24 
27 14 38 13 20 21 18 13 26 19 12 17 11 14 16 25 30 17 13 26 21 15 29 19 27 19 34 18 21 18 
37 25 39 17 19 27 23 13 31 24 13 17 8 25 19 29 30 28 22 14 17 11 34 20 22 28 18 24 30 27 
35 10 36 20 15 17 13 23 35 21 45 23 20 26 21 25 38 34 11 23 7 17 34 18 21 17 27 8 16 7 
27 28 43 16 18 30 19 16 32 27 12 15 7 22 15 31 41 25 18 18 20 23 27 18 29 17 30 31 28 27 

MachineCapacities:
MachineID Capacity
0 10
1 10
2 10
