NumTasks NumMachines NumScenarios
30 2 500
TaskDetails:
TaskID ReleaseTime ResourceConsumption SuccessorsCount Successors...
0 0 8 5 3 1 2 4 
1 0 4 1 2 5 7 
2 0 6 4 1 3 
3 0 6 4 2 5 7 
4 0 7 3 2 6 9 
5 0 4 8 2 6 9 
6 0 3 3 1 8 
7 0 6 5 1 9 
8 0 7 8 1 10 
9 0 8 10 1 10 
10 0 10 2 2 11 12 
11 0 9 8 1 13 
12 0 2 9 2 14 15 
13 0 10 3 2 14 15 
14 0 4 9 1 16 
15 0 3 4 1 16 
16 0 9 4 0 
17 0 10 8 2 20 21 
18 0 4 7 1 19 
19 0 6 3 1 20 
20 0 5 5 2 22 23 
21 0 7 7 1 22 
22 0 8 3 2 24 27 
23 0 6 4 2 24 27 
24 0 3 10 2 25 26 
25 0 8 3 1 28 
26 0 6 4 1 28 
27 0 5 7 1 29 
28 0 7 5 1 29 
29 0 9 3 0 

25 15 27 26 20 22 18 10 24 25 34 13 23 34 29 21 29 10 16 29 16 33 14 11 34 20 26 18 12 24 23 19 35 12 49 25 20 27 12 16 31 24 17 12 18 29 17 14 6 17 24 27 16 23 17 22 13 15 10 28 
21 18 33 16 21 22 24 14 18 31 35 17 14 34 13 21 12 23 13 28 20 28 19 14 28 33 18 20 30 34 29 9 22 13 29 32 13 33 23 17 26 19 27 25 27 27 15 24 16 20 20 21 22 29 20 19 13 26 11 30 
26 18 33 35 13 9 20 21 26 19 17 20 24 27 12 14 26 19 12 35 23 8 21 11 31 49 14 15 19 21 17 30 20 21 28 14 41 30 25 18 17 35 16 21 22 26 14 18 12 22 18 28 16 20 28 19 17 23 13 42 
13 16 24 43 16 23 5 27 12 40 21 12 15 32 31 13 44 23 11 43 15 27 25 26 30 47 19 17 30 27 31 14 7 23 29 31 12 23 31 27 24 37 17 29 34 17 19 19 16 28 33 25 13 14 20 12 15 21 15 34 
20 13 22 25 14 25 28 23 22 28 29 19 13 29 24 28 26 21 7 24 18 24 19 24 23 39 8 18 28 16 21 28 16 9 24 34 18 26 22 21 26 15 24 13 45 28 19 13 12 13 35 27 21 21 20 14 15 24 15 29 
19 12 20 30 17 19 24 23 16 26 19 18 12 26 36 25 35 15 14 29 21 17 13 8 48 32 15 24 21 24 31 13 15 11 49 19 22 29 26 19 32 42 25 35 21 29 11 14 16 12 41 23 22 17 35 18 18 15 19 22 
15 18 42 18 11 11 17 22 19 32 40 19 19 24 22 26 42 25 16 38 10 20 18 18 23 33 17 12 22 44 12 15 27 21 22 22 29 19 27 16 46 18 26 31 30 31 11 19 15 18 28 25 17 18 20 16 17 21 16 26 
24 16 35 50 10 25 13 21 19 41 34 14 14 18 17 22 26 25 11 21 18 20 11 5 31 31 15 22 23 32 19 18 28 22 45 20 27 27 24 23 41 36 30 18 33 16 31 14 19 19 25 21 16 11 31 12 15 19 16 28 
15 23 26 13 28 11 25 22 18 23 27 25 20 26 14 32 30 22 14 33 13 11 15 22 27 9 29 15 25 27 33 16 30 23 43 32 30 38 20 18 15 31 12 21 26 26 16 17 13 17 31 32 12 28 28 16 16 28 12 20 
20 14 21 32 14 14 21 14 20 25 24 27 14 15 13 20 30 17 16 34 16 23 10 14 26 29 13 15 21 29 5 26 29 16 33 37 27 15 30 19 39 10 33 27 27 20 13 17 16 10 40 28 26 20 29 14 10 18 23 17 
16 13 24 33 14 17 10 29 20 19 30 16 20 26 13 37 24 22 8 23 24 17 15 15 24 24 18 25 23 10 30 22 23 17 45 36 32 34 24 10 30 31 21 23 26 18 23 12 28 12 33 22 17 20 34 14 7 16 12 28 
19 18 35 29 20 17 23 15 25 20 35 19 21 14 17 30 28 19 19 32 18 26 17 11 40 30 21 20 25 33 24 13 23 30 28 21 23 22 21 21 22 34 18 25 24 29 17 16 18 19 25 28 17 23 28 18 14 13 7 19 
23 11 28 24 14 18 20 24 33 22 31 14 13 28 29 22 26 20 17 28 23 21 18 17 30 29 21 22 29 23 17 24 23 20 40 23 33 21 24 12 33 31 24 18 31 25 20 17 16 23 28 23 11 24 27 8 13 21 14 26 
22 10 31 20 13 9 13 27 25 33 7 17 16 22 23 24 19 30 10 12 24 16 20 17 38 37 15 24 20 25 24 23 12 23 24 30 24 16 26 14 42 13 18 25 17 26 17 19 12 22 20 20 15 24 15 12 12 17 13 38 
18 11 15 33 14 16 10 22 16 24 40 18 19 20 23 30 55 26 17 19 20 26 14 16 32 31 18 7 8 30 33 17 31 15 28 33 26 15 23 23 30 18 11 18 20 20 20 9 21 19 29 17 22 11 9 18 11 17 19 14 
24 23 29 20 9 14 17 16 21 31 7 11 20 21 22 24 37 24 19 34 17 24 13 19 30 32 23 11 16 31 34 16 28 13 36 39 18 24 20 18 37 34 36 30 31 21 14 23 24 13 29 14 17 12 23 14 7 27 16 19 
19 12 35 42 23 17 17 16 20 18 24 15 19 27 14 32 39 26 17 25 18 6 16 20 34 36 23 27 20 27 15 17 16 17 41 36 13 30 28 31 28 18 26 9 24 31 21 17 11 21 29 30 16 9 22 14 16 15 16 27 
19 19 30 20 24 13 12 21 19 27 12 17 20 25 21 28 46 17 12 26 21 22 14 18 31 21 22 29 24 21 43 20 28 18 39 27 37 15 14 13 42 22 27 21 23 26 16 24 12 12 32 20 12 19 37 12 21 26 12 23 
19 17 36 50 17 17 20 30 24 16 27 18 22 14 19 20 25 12 12 37 15 17 15 5 39 37 22 19 31 22 50 19 21 18 27 42 29 15 14 16 26 45 22 21 26 24 22 15 21 14 21 33 10 23 28 7 13 22 19 32 
19 11 28 31 19 20 21 21 10 33 39 19 22 24 9 23 36 30 18 32 22 23 18 17 28 32 14 23 29 30 32 11 17 15 26 23 29 26 27 12 35 23 33 14 25 28 12 21 16 20 19 18 14 15 15 15 16 16 15 27 
19 5 35 24 28 13 8 35 13 31 19 16 16 19 22 36 30 33 12 37 22 34 10 13 22 27 17 19 24 34 6 18 28 18 37 26 34 32 16 18 25 28 27 15 28 27 16 17 21 20 19 20 19 15 30 21 14 9 13 34 
25 10 28 21 26 16 23 20 16 33 24 15 24 26 20 25 25 24 14 40 13 26 16 28 20 18 23 22 21 25 45 18 28 22 27 24 22 32 32 15 22 27 34 17 33 31 10 20 31 17 21 28 13 12 31 21 12 24 16 43 
12 13 42 44 21 10 20 26 19 24 18 15 25 24 22 25 29 16 17 31 8 31 19 20 27 33 18 25 10 35 41 19 23 12 24 37 24 11 26 24 24 32 28 20 32 16 10 18 11 11 36 24 14 19 25 14 12 25 20 24 
25 11 25 23 18 9 10 15 28 25 38 17 15 16 28 32 29 18 23 25 24 28 17 25 31 17 11 21 14 25 23 12 33 20 31 30 15 12 22 10 29 7 20 24 27 24 15 21 14 19 14 14 15 20 19 16 15 16 17 42 
15 19 22 30 15 17 16 23 15 21 18 21 13 14 32 34 42 16 14 15 16 21 15 15 21 25 7 13 20 28 20 14 32 16 24 18 20 25 22 14 29 29 18 17 31 26 18 24 6 17 39 18 21 13 28 10 7 18 13 26 
27 20 34 24 31 20 17 27 18 32 25 10 18 14 20 22 27 29 14 34 8 10 14 14 25 40 16 18 21 20 34 23 25 25 33 37 33 17 17 19 29 29 20 17 25 19 2 15 12 28 18 25 8 21 22 14 17 32 20 31 
20 19 29 17 19 20 27 19 18 37 38 17 19 22 28 14 27 13 16 18 19 21 9 16 28 32 14 20 25 27 27 25 37 22 30 23 40 19 25 22 38 42 17 26 16 25 15 19 6 14 20 15 17 28 31 23 17 18 19 36 
14 11 26 23 22 14 18 19 23 35 25 11 14 25 31 29 18 21 13 26 28 26 25 19 20 27 17 17 20 23 33 18 28 13 26 35 26 14 17 25 33 24 26 26 40 24 16 12 25 16 25 33 17 28 31 15 14 27 18 29 
22 13 28 11 18 22 18 22 15 34 11 7 19 22 24 24 17 20 13 47 21 19 13 15 35 36 12 22 14 37 23 18 29 33 22 22 14 33 16 14 28 38 30 26 35 15 10 17 25 26 27 24 15 13 26 13 22 27 11 34 
25 7 22 45 29 19 20 20 17 15 33 9 13 25 20 11 31 34 12 40 29 25 22 18 22 10 21 18 20 29 34 26 32 21 26 18 18 25 26 11 31 22 14 18 23 26 6 23 26 17 21 16 24 24 31 12 21 22 20 27 
17 18 25 33 21 14 11 19 28 22 32 9 11 22 26 20 22 31 13 16 12 20 17 20 31 27 26 15 20 27 29 16 34 21 37 28 43 16 19 20 45 28 15 14 20 24 14 15 15 20 20 20 8 24 23 16 14 9 6 9 
24 15 32 28 16 24 20 6 10 22 19 22 17 22 17 31 18 19 13 40 21 26 14 14 28 19 21 19 22 36 29 18 21 8 32 19 25 22 12 13 33 19 21 21 39 35 17 11 24 10 26 23 19 27 26 21 11 17 15 16 
18 11 33 22 17 9 17 14 21 15 29 16 27 22 20 34 38 16 22 32 16 21 16 12 32 28 17 18 23 28 14 20 20 18 31 31 32 27 25 20 27 28 5 20 38 24 15 12 17 21 35 11 23 18 28 8 11 30 13 33 
20 13 28 19 22 11 17 20 23 19 23 26 15 25 30 28 24 22 13 38 25 14 15 22 25 19 18 26 22 23 33 25 28 7 24 31 21 35 21 12 33 33 26 14 33 38 18 13 18 12 21 24 17 20 16 10 15 23 16 27 
20 12 20 4 32 16 21 23 14 22 30 17 12 31 33 16 30 20 17 28 12 12 10 16 26 17 13 22 21 22 39 21 32 22 30 37 32 20 30 17 34 17 29 29 40 27 15 19 25 14 36 15 12 14 26 10 11 33 17 13 
21 18 26 20 3 17 29 14 21 25 27 26 14 28 18 26 12 22 12 33 16 29 16 12 25 17 25 18 27 29 24 13 26 13 29 32 22 12 17 19 41 31 23 25 28 12 15 21 19 18 31 23 11 14 26 19 18 23 11 28 
16 17 36 38 16 18 31 26 22 23 25 21 17 27 21 18 31 31 14 10 27 19 18 19 35 35 21 18 27 26 30 17 38 26 23 24 20 23 26 17 19 32 16 19 34 29 11 28 21 16 30 19 18 15 20 18 15 30 7 49 
21 13 32 33 25 15 26 11 17 30 22 15 18 24 22 19 28 24 20 21 19 22 16 4 23 31 17 27 15 27 25 14 40 28 58 24 23 28 22 22 22 42 26 18 21 22 18 17 17 24 34 31 15 25 24 13 24 11 22 51 
10 13 37 12 19 24 17 18 27 23 23 18 26 26 23 34 34 6 18 22 14 13 9 10 30 27 30 15 19 26 31 19 25 21 26 27 30 32 24 18 19 4 21 26 17 22 17 21 27 21 29 27 21 18 32 11 16 28 15 26 
17 16 31 28 18 23 20 20 17 28 41 14 11 16 18 18 30 17 16 24 16 22 14 18 18 37 23 13 18 37 18 12 23 18 24 26 30 29 28 15 36 15 23 16 53 29 19 17 18 16 26 26 15 25 25 15 9 26 12 16 
10 13 21 25 17 25 23 13 25 14 38 22 23 25 18 24 18 32 27 37 27 22 16 18 29 22 7 27 19 27 19 12 15 16 27 46 28 32 8 19 27 27 27 9 19 37 20 11 12 23 31 27 23 18 20 16 17 21 16 18 
14 10 38 37 16 12 25 21 26 25 32 17 17 21 34 16 19 18 14 20 15 18 18 13 44 24 28 24 24 38 29 15 26 12 26 34 32 29 9 16 25 5 26 22 25 21 16 5 18 20 23 19 18 29 22 10 14 13 18 25 
18 17 30 53 28 12 19 22 31 35 28 20 21 29 21 30 45 31 11 30 20 17 10 25 25 20 19 23 11 32 33 17 30 13 22 31 18 30 22 14 39 35 20 18 22 18 15 23 19 21 27 28 12 22 24 20 19 28 8 26 
11 17 33 44 20 19 25 16 26 16 23 17 21 25 15 36 48 27 14 15 17 16 13 17 32 42 21 24 32 25 22 25 19 12 19 29 19 15 23 17 43 33 26 29 27 25 16 18 15 24 20 10 17 19 27 16 14 26 17 30 
10 12 17 30 22 18 18 21 20 20 28 17 7 30 6 22 30 19 15 26 13 16 17 15 34 29 16 21 28 24 32 20 23 15 29 28 29 39 24 23 24 29 40 10 29 31 17 18 11 19 38 23 14 25 32 22 19 23 14 26 
11 14 32 25 11 18 17 20 25 32 37 13 19 31 14 34 29 21 15 23 13 26 11 18 28 38 14 21 24 25 16 13 19 12 34 26 27 26 19 30 24 41 25 24 32 27 7 22 23 21 18 22 18 27 29 20 16 17 18 21 
18 14 28 35 19 5 27 12 33 21 17 12 19 28 27 28 31 14 16 28 17 23 12 12 29 42 16 16 16 29 21 13 23 12 41 29 33 31 23 13 34 19 15 34 30 26 17 14 12 17 29 26 18 19 35 15 11 18 12 36 
21 14 18 32 25 15 20 23 18 23 18 19 24 22 20 31 34 30 20 14 26 19 16 8 15 28 12 14 23 24 19 21 24 23 29 37 38 27 21 9 27 20 13 13 34 26 17 12 21 14 17 26 18 21 16 16 15 12 13 23 
21 15 25 32 16 19 23 15 26 17 35 25 26 45 20 30 29 20 15 37 6 18 5 18 19 33 19 17 32 25 20 18 24 15 38 34 37 29 23 17 36 38 18 19 19 36 20 16 17 15 29 13 17 22 23 20 14 19 13 28 
18 12 21 20 25 23 20 21 16 29 26 20 19 19 19 25 38 26 13 19 16 19 22 9 39 24 26 19 21 29 20 21 25 17 36 26 29 26 19 23 29 34 18 21 23 26 13 25 18 27 36 21 15 32 41 15 15 21 19 23 
19 13 29 46 17 27 13 17 31 24 36 18 18 32 26 18 27 25 16 22 26 27 12 19 28 20 19 20 17 28 25 25 9 19 21 39 22 24 21 9 33 30 30 18 15 25 11 13 28 24 15 16 18 28 37 15 14 17 18 38 
8 18 28 21 22 8 24 19 26 34 28 16 15 31 21 13 43 28 11 19 26 10 13 19 28 28 15 20 18 17 34 19 33 18 29 20 19 7 24 16 46 32 19 23 36 21 15 23 26 21 18 22 25 19 26 13 16 29 12 26 
25 20 23 10 25 19 33 21 30 28 25 14 22 29 15 25 28 16 14 31 12 16 16 13 27 32 20 19 4 19 53 19 15 17 24 36 26 22 16 20 32 21 26 21 28 15 24 8 32 22 18 16 15 22 21 12 13 24 14 24 
18 19 44 23 21 18 9 23 18 29 34 26 28 17 26 22 16 22 24 46 17 10 17 17 39 32 14 14 21 29 20 12 36 23 41 35 19 16 20 23 31 16 19 23 27 36 16 15 13 13 23 20 13 23 33 16 15 26 11 44 
18 12 39 39 12 20 26 11 21 29 33 22 15 32 20 26 18 12 10 31 23 16 20 30 20 39 22 17 21 22 35 23 31 16 39 36 17 15 19 17 18 36 44 15 27 25 15 20 29 18 28 19 16 18 35 18 13 16 20 18 
17 12 25 28 13 21 27 24 24 40 19 23 18 23 27 23 29 23 15 49 24 19 16 10 36 45 23 19 14 45 22 17 20 14 33 18 37 28 28 18 26 31 17 29 10 19 15 11 16 23 30 24 20 23 32 17 17 22 18 22 
24 18 17 37 11 16 18 24 22 30 20 8 16 27 19 21 20 15 20 30 17 24 10 15 35 28 7 12 31 36 29 21 28 16 40 31 39 20 17 24 27 12 34 21 24 25 14 20 9 20 26 15 20 25 22 18 13 20 7 17 
15 18 30 22 17 26 23 27 20 28 20 21 15 35 27 26 37 16 22 20 26 7 14 9 29 25 16 18 29 29 42 10 31 21 36 29 22 27 31 17 30 23 18 31 23 27 17 20 19 13 29 26 21 13 29 9 15 15 17 21 
28 17 16 13 16 15 18 12 2 24 23 21 25 28 25 22 29 19 18 10 19 14 9 21 36 36 20 16 14 21 28 12 30 24 46 28 29 26 13 21 30 16 21 28 30 18 15 18 20 25 19 21 12 18 27 19 9 31 3 30 
15 19 42 55 14 17 13 20 24 21 23 9 14 13 22 22 43 18 18 38 17 18 17 20 38 27 20 16 24 27 28 19 34 19 33 21 21 22 24 22 23 26 35 17 19 20 19 26 24 18 13 21 17 14 22 18 12 26 22 39 
27 19 27 38 17 21 19 21 18 22 36 15 21 16 27 24 27 22 11 30 19 18 16 10 20 33 11 17 24 8 39 22 26 17 31 35 30 31 23 18 28 31 38 23 27 18 17 20 21 16 38 41 23 28 40 11 11 28 15 31 
17 18 25 39 9 18 11 17 16 39 34 22 14 30 13 33 29 12 19 39 16 28 19 14 25 45 19 13 27 19 34 27 8 26 29 42 21 22 17 28 24 30 11 14 34 23 14 16 19 18 29 9 18 16 17 20 14 24 10 22 
25 15 16 25 12 24 12 22 28 39 22 23 20 23 13 29 40 17 11 40 19 20 12 28 20 29 16 20 23 27 10 23 37 22 39 24 10 17 20 20 23 40 13 24 21 26 18 17 26 22 26 22 25 31 28 18 13 29 25 23 
21 10 14 23 33 10 26 27 24 36 35 21 21 32 21 27 31 15 13 36 25 24 15 20 33 39 23 16 21 31 26 10 11 9 37 18 22 22 21 23 18 31 24 11 18 19 7 17 18 26 32 16 14 25 18 12 16 12 15 39 
24 8 25 31 27 21 14 13 11 22 35 19 11 18 19 43 25 16 19 33 18 21 13 15 26 21 13 13 18 25 34 19 30 25 18 31 28 32 23 28 14 19 27 15 39 33 22 16 17 15 29 8 22 13 20 21 20 30 13 35 
22 10 34 38 24 26 21 9 25 31 21 13 12 25 24 35 21 28 21 33 29 14 12 7 31 43 17 22 22 12 25 11 25 21 35 34 29 26 21 7 34 33 28 13 27 29 9 10 29 22 13 3 23 17 39 19 18 32 16 25 
21 12 28 35 26 11 18 25 13 26 43 18 10 31 24 21 29 24 17 36 26 25 19 26 30 23 12 19 21 31 22 17 29 19 39 37 32 31 25 26 24 28 37 27 22 13 13 8 23 24 23 24 20 24 22 11 14 16 12 33 
19 14 27 24 18 23 18 25 19 34 30 24 16 33 23 43 31 28 13 32 25 16 14 21 22 16 16 21 22 20 27 17 21 24 31 28 6 36 23 21 46 28 30 14 11 22 19 18 27 16 30 30 20 33 28 11 8 22 16 28 
21 15 19 37 30 17 12 23 25 22 22 29 19 13 11 17 26 15 14 27 15 21 16 20 36 41 16 12 26 31 47 9 24 19 23 20 32 30 21 19 25 35 29 11 23 28 13 16 19 20 32 31 18 12 38 14 21 19 18 36 
13 21 35 29 31 11 13 17 14 30 32 17 18 34 17 27 35 22 14 35 25 22 12 16 29 33 13 12 15 17 18 14 25 21 19 33 31 27 23 24 29 26 34 27 18 35 18 25 24 5 26 34 21 21 24 23 15 26 17 44 
17 14 29 22 20 13 24 24 21 26 37 18 14 18 23 25 41 20 13 24 18 26 12 10 31 36 17 20 22 35 30 17 22 12 20 22 31 16 22 24 26 19 7 24 25 27 20 12 20 14 16 13 8 18 16 10 25 22 8 38 
18 20 28 37 25 16 26 24 18 28 37 21 12 25 25 19 31 30 17 33 21 28 15 19 20 25 14 23 12 31 34 16 21 19 27 36 21 19 15 16 28 36 20 22 30 29 19 10 21 23 16 22 22 16 26 7 12 20 14 33 
22 13 31 26 22 18 16 17 11 14 19 17 10 18 18 20 50 33 13 49 22 19 20 15 18 46 16 9 28 23 20 17 23 20 47 23 39 23 22 16 27 32 20 27 43 21 19 20 25 26 24 24 19 22 17 17 19 15 9 27 
15 17 25 34 6 19 19 25 24 22 35 19 15 24 25 15 36 22 16 27 25 17 15 20 25 34 16 19 19 31 30 22 26 20 35 22 27 10 14 20 34 24 33 17 20 29 7 16 17 18 25 9 16 12 26 17 18 25 20 37 
15 13 46 34 33 19 18 16 15 30 24 23 15 30 33 22 36 17 16 45 11 31 13 21 27 36 18 21 25 22 16 19 24 16 18 18 26 25 19 19 10 29 23 27 34 21 16 18 11 18 28 29 15 20 21 15 12 21 11 29 
21 17 27 18 15 23 26 20 15 25 14 23 17 31 27 23 20 11 18 12 11 27 12 20 26 15 15 24 24 25 23 20 24 10 46 19 31 24 23 20 45 19 23 28 25 17 21 8 17 22 30 32 19 32 29 14 16 19 16 35 
19 11 28 39 18 20 14 19 22 25 28 21 24 34 23 23 16 22 14 26 18 27 18 10 23 26 23 18 28 13 24 19 20 21 49 38 21 14 16 18 37 37 26 30 18 7 13 17 12 24 29 22 14 38 17 11 8 18 10 31 
20 23 40 43 21 18 10 20 22 16 24 18 23 9 26 28 37 20 16 31 26 27 16 16 17 29 21 32 23 24 40 31 16 13 21 38 25 14 13 19 43 38 21 10 36 22 10 15 23 13 48 15 20 19 28 19 19 25 17 26 
21 18 7 23 18 24 17 17 20 16 35 17 16 31 19 31 27 25 16 37 20 19 12 19 35 36 11 14 17 24 22 11 22 23 45 23 21 29 23 25 40 18 20 23 31 17 14 15 22 23 25 23 23 14 30 21 11 24 10 29 
13 18 25 29 20 20 24 22 13 38 26 14 14 22 23 25 45 24 12 30 13 15 10 15 29 29 8 21 28 22 41 11 27 16 25 33 17 29 17 20 32 12 30 14 25 27 13 12 9 12 41 23 16 18 15 14 15 16 15 29 
21 14 24 18 26 25 17 25 17 19 20 23 21 25 28 26 22 16 13 29 12 30 16 16 25 42 18 20 18 34 21 21 32 12 14 40 32 15 21 15 41 35 22 11 30 9 11 12 26 12 17 25 24 15 24 15 14 22 19 15 
8 13 31 18 20 20 9 20 20 14 41 18 24 14 20 27 30 22 21 26 20 21 18 28 29 33 20 16 22 42 26 22 14 18 29 29 29 20 27 20 35 21 17 19 28 8 20 12 26 14 28 31 16 12 20 11 15 16 14 42 
23 12 22 49 20 20 23 21 16 25 22 12 24 27 30 42 26 21 13 27 18 21 8 15 29 29 10 18 30 19 58 17 22 9 15 26 30 21 14 29 38 34 27 18 17 19 12 12 19 30 35 22 20 12 32 19 15 24 17 17 
17 10 32 11 13 18 6 15 25 30 21 16 18 17 25 29 43 21 21 18 19 7 13 20 21 26 24 15 23 28 53 19 19 17 41 30 19 27 25 15 30 39 29 25 30 24 17 21 22 12 28 14 19 21 21 20 14 13 13 34 
23 15 28 19 23 15 18 27 14 31 9 21 23 32 35 25 37 28 17 30 21 28 19 18 41 39 15 21 30 36 13 14 21 12 20 22 30 19 24 14 39 19 29 23 29 21 15 27 18 12 11 28 9 20 23 9 17 26 15 34 
13 17 31 32 26 20 23 12 18 13 23 20 11 27 26 25 32 25 17 41 12 16 20 15 28 38 18 23 26 41 33 15 29 22 32 34 21 28 29 24 27 39 30 18 30 25 17 15 12 24 27 29 13 22 23 6 10 16 20 27 
14 19 33 33 17 22 29 23 20 33 45 18 14 35 20 24 25 20 20 27 11 20 15 12 22 23 27 13 15 24 21 23 34 14 55 29 15 15 17 29 22 30 24 13 21 22 19 26 6 17 12 20 21 20 26 13 9 15 10 9 
13 15 36 39 19 22 24 22 12 22 17 10 22 28 19 32 23 24 12 27 20 20 21 15 24 29 11 19 12 29 27 16 21 21 23 43 27 18 18 22 21 10 22 20 37 31 15 15 23 27 19 31 25 11 24 10 13 22 15 24 
19 13 38 32 13 17 22 21 29 44 32 12 17 30 21 8 40 24 21 40 12 11 8 20 36 47 22 17 20 33 32 18 31 10 25 20 24 31 8 18 46 17 29 23 45 34 10 20 19 19 25 27 17 19 21 21 13 16 22 20 
19 7 32 22 19 12 19 18 34 24 51 24 13 28 26 41 29 23 12 18 23 14 19 20 35 42 12 12 23 21 45 19 28 14 21 31 27 22 29 11 34 25 33 21 28 25 18 23 18 15 20 25 20 18 29 16 7 30 12 19 
25 18 27 29 22 26 9 19 23 23 22 14 16 34 28 41 26 16 19 41 10 8 12 12 27 24 18 15 28 19 25 29 30 19 10 38 36 24 24 15 34 23 19 16 36 22 21 23 29 21 35 22 20 13 22 15 15 26 18 25 
9 18 31 39 19 19 18 16 20 20 25 16 16 24 18 25 44 22 19 17 10 25 19 15 21 23 16 25 30 19 25 19 26 22 35 37 20 25 23 18 24 30 26 12 35 21 15 23 23 20 35 14 19 23 24 25 15 31 12 24 
15 13 48 21 21 31 20 17 18 26 31 20 13 31 28 30 30 12 14 40 20 24 18 18 24 11 25 14 21 31 34 18 27 9 47 32 25 27 23 19 33 33 27 29 48 30 14 21 16 22 37 18 18 18 25 14 16 14 15 38 
29 3 23 25 14 13 22 20 26 29 30 25 20 27 25 25 39 14 10 34 18 11 13 14 24 28 17 17 21 30 47 24 23 27 44 36 17 35 33 24 14 27 28 20 22 30 9 10 21 16 33 28 23 16 34 14 18 27 20 15 
17 17 26 27 27 11 20 26 30 27 23 18 20 19 19 28 4 22 13 12 22 6 10 19 28 16 19 23 27 31 37 9 35 15 23 28 22 39 23 21 18 27 21 14 15 17 15 18 18 18 19 28 23 24 20 18 14 30 13 19 
24 19 31 8 19 12 23 22 19 30 28 12 25 18 21 26 13 25 19 36 19 20 16 15 27 30 20 15 18 41 22 15 26 16 26 18 19 19 25 21 26 34 35 15 42 27 18 9 26 13 39 27 21 22 24 14 18 25 23 26 
14 22 21 23 21 18 14 19 16 25 17 12 18 24 22 33 23 13 20 33 18 21 7 25 27 22 18 21 30 21 27 26 12 17 18 30 34 24 17 14 38 44 22 6 32 34 14 33 28 22 13 24 18 17 36 16 9 28 20 31 
9 9 30 34 20 15 24 13 19 26 32 21 19 22 18 26 33 22 11 25 14 23 11 19 32 20 17 21 16 28 24 24 29 7 34 20 17 22 25 14 31 28 24 19 20 36 19 9 12 27 26 29 13 17 17 8 13 17 19 33 
32 11 30 43 25 14 19 22 23 15 20 4 23 20 31 32 29 29 17 27 19 27 17 13 23 32 15 21 29 12 37 8 28 7 39 38 28 39 14 15 28 34 20 20 19 28 12 12 19 23 28 24 16 20 17 14 12 23 16 27 
15 13 32 30 20 27 19 21 17 21 24 22 11 27 17 20 26 32 11 29 26 20 16 12 35 40 25 21 23 16 32 16 29 14 33 42 31 22 21 29 31 36 22 20 26 24 17 9 18 16 31 18 4 28 34 18 15 15 13 23 
21 19 32 42 29 18 23 21 20 15 22 17 20 11 29 33 27 27 11 24 15 24 9 16 25 42 16 20 18 24 40 26 27 23 36 18 33 27 27 20 31 17 11 18 21 33 16 22 19 20 26 11 17 29 25 19 11 29 13 30 
21 9 27 19 32 15 13 18 9 14 32 25 12 29 29 30 37 15 23 27 20 18 20 28 28 27 14 18 30 27 32 16 26 11 22 32 22 38 17 21 24 21 23 31 21 31 20 20 25 14 36 15 13 7 33 21 15 26 15 26 
31 11 43 23 25 16 20 21 22 25 27 19 12 15 26 22 38 13 12 35 15 12 18 9 23 36 15 17 17 29 17 13 28 16 22 30 14 28 30 21 46 27 28 18 38 26 13 18 13 13 34 23 17 16 25 14 15 16 9 26 
17 16 19 29 20 19 27 23 19 34 28 19 21 21 35 21 27 30 21 36 21 15 14 20 39 19 20 27 19 23 48 26 30 9 25 24 16 35 17 15 41 26 28 19 20 29 15 25 21 15 31 21 18 17 27 17 21 19 18 26 
19 12 16 27 15 16 14 16 20 24 24 17 18 21 19 23 32 30 21 40 23 21 12 17 33 34 14 8 26 27 34 27 23 12 33 19 23 31 32 18 39 32 19 20 23 17 17 25 29 18 35 24 9 24 19 23 11 14 11 28 
23 17 30 24 17 11 19 18 22 18 31 26 18 19 16 18 23 25 13 13 20 27 15 17 28 43 16 15 16 18 27 26 24 24 33 54 26 18 26 13 28 21 26 18 24 22 12 19 20 8 31 24 20 22 17 15 1 16 9 28 
21 16 38 43 23 20 20 21 15 26 22 18 9 23 25 25 30 25 15 35 20 28 11 16 31 14 24 11 30 19 12 21 20 17 34 34 30 20 25 24 19 28 36 30 42 29 16 17 21 22 39 30 8 25 29 23 23 29 15 36 
25 10 18 40 28 23 22 17 8 27 21 9 15 37 17 37 10 11 15 37 21 17 15 13 45 25 18 22 11 18 30 28 33 18 32 28 18 23 19 17 30 23 28 16 34 25 23 12 22 22 42 15 14 17 27 18 18 27 14 34 
11 14 25 30 13 23 14 11 22 30 24 15 9 24 7 25 14 19 16 30 26 17 13 16 21 38 20 15 21 29 35 21 28 14 28 30 22 13 16 24 35 40 35 20 28 18 22 9 17 19 37 19 20 20 28 13 20 32 18 14 
22 16 37 34 18 17 17 17 27 28 33 22 21 28 28 37 32 26 14 31 20 19 15 13 26 22 16 16 17 35 37 31 33 18 20 40 22 24 27 19 34 26 24 21 33 18 19 19 20 27 33 23 15 29 31 20 20 25 13 15 
24 14 39 56 16 15 16 20 23 38 37 20 24 22 20 22 32 23 14 39 20 31 8 25 26 20 27 23 18 34 33 22 24 30 22 25 22 40 28 20 35 11 25 15 23 30 18 15 29 30 34 19 19 25 19 9 17 13 19 37 
29 9 32 30 22 18 17 8 15 24 32 11 24 21 28 27 24 23 9 41 17 25 15 19 31 16 18 17 24 30 36 17 14 14 27 32 34 14 24 15 26 27 24 24 30 30 13 16 22 31 20 15 17 23 20 20 14 22 14 26 
26 18 37 20 16 15 21 18 15 28 13 11 22 23 16 38 27 21 24 36 22 27 23 16 30 39 22 25 17 26 23 24 18 24 17 26 29 18 35 14 41 15 17 26 27 18 19 12 19 24 13 23 14 28 26 12 23 13 18 24 
22 16 36 29 29 15 24 16 28 36 28 15 10 31 24 40 35 22 14 46 33 25 14 9 34 34 16 23 15 20 45 10 36 19 29 19 30 29 20 12 20 24 28 12 34 33 9 5 26 22 19 20 16 23 8 14 17 29 17 17 
13 15 23 36 23 18 12 18 19 35 17 19 14 36 30 25 30 17 12 32 18 29 20 21 39 41 14 20 18 24 27 22 24 15 36 27 27 17 19 11 30 22 24 28 21 21 13 24 17 24 24 29 19 12 23 15 14 17 16 21 
26 12 31 18 19 18 27 21 16 16 35 12 19 28 12 21 23 28 22 13 15 19 16 10 35 29 14 23 19 20 21 21 25 22 13 18 33 14 23 19 16 50 34 22 23 30 20 16 16 13 31 29 11 7 22 15 11 26 22 26 
23 16 14 29 12 16 28 16 13 39 12 19 19 33 33 8 22 9 21 43 13 17 21 18 28 40 22 20 28 27 28 24 22 9 37 30 15 21 21 23 26 36 30 23 21 26 22 13 5 14 22 29 11 23 8 19 13 24 18 36 
14 14 15 48 22 15 22 17 15 24 39 14 18 18 35 32 27 26 17 26 15 12 12 11 29 28 22 19 24 17 37 16 15 13 29 26 34 19 16 21 34 29 17 24 23 22 14 15 29 17 18 27 13 11 23 10 18 13 16 23 
14 22 28 32 23 23 19 14 21 34 29 19 14 23 23 34 36 22 20 30 25 14 18 25 34 27 20 22 22 30 22 18 22 14 29 36 11 34 20 5 30 29 24 28 19 13 20 17 19 15 18 23 22 25 39 20 13 22 16 23 
19 15 43 23 27 16 19 25 12 22 23 19 21 38 25 34 19 22 19 34 23 19 20 19 34 32 17 15 27 27 38 17 30 16 49 10 24 17 11 18 21 59 23 23 31 18 14 18 29 21 21 22 8 15 15 17 22 16 20 30 
19 22 22 17 13 24 24 12 15 24 30 21 23 25 24 25 17 22 20 25 18 16 14 17 33 28 16 27 22 23 26 20 22 21 19 38 20 20 27 19 46 26 24 23 24 31 12 17 22 12 19 22 12 7 19 20 14 19 13 31 
24 17 43 32 19 20 18 22 22 15 32 12 20 27 28 31 2 26 19 25 19 11 16 21 25 29 15 12 27 25 10 10 18 26 39 35 34 23 32 16 23 12 27 22 23 22 9 21 15 19 14 23 15 23 26 16 11 24 15 23 
29 18 30 21 25 21 25 16 23 35 13 19 10 25 25 31 27 19 11 22 22 18 10 18 24 22 18 19 23 19 32 22 31 12 41 14 23 23 22 22 32 16 30 33 23 14 13 12 17 25 29 24 17 20 18 18 19 21 16 35 
13 20 25 26 17 17 26 21 22 32 18 18 13 19 26 33 28 19 13 10 10 22 17 24 31 22 5 15 23 28 18 14 24 22 35 23 12 26 25 22 20 24 19 22 17 25 20 17 24 18 34 43 16 22 19 12 10 20 17 37 
22 17 33 32 12 20 14 27 15 28 29 13 19 17 20 34 12 28 15 38 13 33 21 16 16 38 15 23 23 34 20 18 19 22 34 33 21 33 32 23 21 55 27 11 10 29 12 14 16 14 25 29 15 20 23 19 11 25 11 29 
19 11 12 16 31 15 23 24 29 43 25 17 19 28 14 22 41 28 16 42 14 20 17 20 23 12 9 13 13 24 29 16 35 13 27 38 26 18 23 16 32 31 28 22 9 25 14 19 17 14 23 35 16 12 21 19 10 29 9 32 
18 18 28 34 19 15 26 14 21 26 14 12 16 26 30 35 29 23 10 30 12 27 19 23 32 33 15 21 28 27 15 25 19 15 25 35 27 20 26 22 22 19 35 24 35 28 20 18 24 15 28 20 18 27 21 8 20 23 21 24 
18 16 27 23 17 15 15 19 20 25 28 26 19 28 19 25 26 12 13 22 20 14 21 19 22 29 20 19 20 29 20 19 16 17 40 16 27 24 23 13 22 26 31 18 25 35 19 20 12 27 13 26 18 26 28 18 14 26 20 33 
22 17 29 51 26 24 21 14 27 17 22 17 15 39 14 25 31 18 22 22 18 22 16 24 45 12 14 17 17 38 33 14 26 15 33 22 15 23 22 27 32 26 35 15 14 19 19 20 17 22 35 23 14 11 34 11 10 17 11 30 
18 14 14 40 18 25 24 16 24 36 21 20 12 23 29 20 33 21 19 23 15 23 14 16 37 32 9 22 22 36 36 24 33 15 29 32 22 34 27 16 24 13 18 17 21 24 16 12 16 16 38 25 19 13 22 21 15 18 16 28 
27 15 32 27 20 12 21 17 25 42 36 25 22 13 30 28 28 30 17 23 19 14 14 26 25 12 32 22 16 18 38 28 28 12 26 40 30 19 17 10 24 29 26 11 30 22 14 26 21 17 32 24 18 26 24 12 11 27 14 22 
19 16 35 21 15 12 17 17 17 27 33 18 25 21 20 21 23 20 10 36 9 24 16 14 31 13 20 21 26 19 31 29 32 26 23 18 13 25 20 22 25 12 26 20 24 19 13 14 21 19 21 28 16 23 20 16 19 23 13 36 
20 9 24 32 22 21 22 17 24 9 31 19 14 12 26 42 29 23 19 19 18 20 10 13 40 31 11 25 15 22 31 22 17 16 51 27 28 29 32 28 33 21 23 18 22 29 23 20 32 21 17 25 13 10 24 10 11 27 16 31 
22 5 21 22 18 14 26 13 21 19 24 17 18 15 19 15 27 20 19 40 16 10 6 16 17 30 22 10 22 23 39 28 33 22 35 15 21 23 33 15 38 22 16 23 34 12 13 21 28 31 16 34 16 24 11 11 18 38 20 24 
12 14 45 43 24 19 21 22 20 31 19 26 15 27 17 12 26 19 17 28 16 29 23 19 13 24 17 21 20 27 38 26 27 18 32 27 24 37 23 13 54 40 33 25 14 16 14 18 25 21 38 23 15 29 23 16 11 16 19 8 
21 19 33 22 27 20 12 21 21 14 33 18 23 21 29 24 32 23 18 28 18 17 13 15 27 30 16 15 29 42 29 22 14 26 22 24 27 28 28 22 29 32 24 29 43 28 18 13 12 20 31 26 19 18 27 11 13 17 20 23 
15 16 24 47 21 18 17 12 18 28 20 21 21 19 28 33 44 19 16 44 16 22 14 21 42 34 17 22 15 28 18 20 17 15 30 36 16 26 19 19 38 32 20 14 26 12 6 17 13 19 40 18 16 17 23 8 13 13 16 35 
27 18 51 34 22 17 20 23 29 24 31 21 27 25 16 28 37 15 10 38 14 23 5 26 25 14 16 19 23 28 27 21 24 16 24 32 35 36 13 21 25 31 30 19 27 25 14 19 16 22 17 26 14 27 28 8 13 17 23 24 
10 17 23 26 24 17 25 19 10 29 18 22 16 23 18 27 29 14 15 19 18 25 15 15 24 41 17 12 19 17 32 23 25 18 22 27 21 19 30 16 39 13 25 22 29 15 9 17 15 18 17 19 21 6 26 8 17 14 14 36 
11 15 25 38 31 22 27 25 8 23 27 19 18 32 18 21 27 25 18 25 14 24 16 15 34 30 15 13 23 15 30 28 12 18 41 38 22 17 25 22 28 31 20 26 27 25 17 18 31 19 23 14 14 18 29 15 16 30 17 28 
17 13 45 15 18 17 17 24 14 21 20 17 16 21 24 33 23 18 14 24 19 26 8 17 14 35 14 14 28 32 30 13 28 19 37 39 29 27 31 21 31 22 50 9 22 25 16 24 16 26 23 23 24 25 17 15 13 7 19 35 
18 15 5 20 15 12 25 14 22 35 29 21 16 20 21 32 22 15 6 21 22 12 24 13 28 31 23 26 23 16 37 27 25 10 36 36 20 21 20 23 41 16 35 29 34 25 19 16 18 18 18 28 16 30 28 12 10 35 14 29 
30 9 18 29 31 12 22 17 16 24 18 17 12 16 15 15 18 22 9 26 27 14 18 14 20 48 10 11 26 17 21 15 35 17 30 30 33 29 21 18 32 39 21 23 32 27 23 15 14 24 19 22 18 26 19 17 18 27 16 21 
22 22 28 26 24 8 20 22 38 14 16 27 18 37 32 36 25 25 14 38 18 21 6 23 19 26 23 31 13 31 12 24 21 19 37 37 33 20 34 17 15 9 22 16 26 27 15 12 8 23 34 27 25 25 25 19 12 29 12 36 
22 17 7 17 16 16 19 14 21 27 31 20 19 24 30 26 23 33 14 36 14 21 15 13 22 27 13 16 20 9 25 22 23 23 28 42 24 30 17 14 21 23 21 20 34 17 16 20 22 5 40 20 21 20 18 15 22 14 25 19 
19 16 25 39 29 17 23 16 27 32 13 14 19 24 15 29 30 17 19 40 10 20 15 18 39 39 17 16 14 31 38 21 32 22 33 28 31 18 16 24 32 31 35 25 35 24 15 21 27 21 31 20 11 16 28 18 17 24 12 33 
15 16 24 40 14 22 17 27 18 14 36 19 20 40 25 16 38 15 8 30 11 24 15 26 36 24 16 11 26 44 20 10 25 19 35 28 21 12 22 9 32 41 28 17 28 23 15 19 28 14 27 16 14 20 27 17 16 20 12 29 
24 10 35 27 12 19 20 10 19 39 17 13 18 17 17 23 29 22 21 43 13 19 14 17 29 32 19 15 17 16 38 23 29 12 28 38 24 33 14 27 33 35 27 26 30 32 12 14 17 17 28 19 9 24 17 19 20 22 13 22 
17 13 30 34 19 23 19 17 15 28 17 15 13 10 20 7 28 25 16 33 18 17 14 13 28 28 22 25 13 27 29 23 20 34 29 31 17 18 30 22 29 29 40 18 28 15 14 11 10 18 23 22 20 16 27 18 14 32 25 39 
22 18 28 34 27 12 22 20 20 26 22 17 22 14 18 38 34 30 13 40 19 17 16 16 32 43 13 12 10 23 32 24 34 29 55 23 11 25 22 21 26 26 24 21 18 21 17 13 13 22 20 26 24 12 32 15 19 11 24 28 
23 15 28 47 16 9 17 10 12 17 19 19 12 30 29 44 42 23 21 18 6 31 12 13 37 26 9 18 6 23 33 23 28 15 29 29 28 31 29 14 31 29 9 9 32 19 6 3 12 12 16 24 11 29 21 19 13 27 13 37 
20 17 27 37 16 16 21 25 14 18 17 15 25 29 28 18 21 9 23 21 14 24 18 24 33 33 17 25 16 26 24 19 27 10 23 34 25 21 34 22 46 33 23 11 34 25 16 22 18 23 22 21 27 24 17 15 7 20 10 23 
18 15 29 28 25 12 26 15 10 20 41 26 24 24 21 33 33 15 21 29 20 22 13 16 32 24 24 14 28 21 27 25 21 12 35 21 13 23 16 17 31 31 27 17 27 19 23 8 16 19 26 22 24 19 25 12 13 23 20 29 
19 7 38 31 28 11 26 16 27 17 24 18 23 26 16 27 23 18 8 20 16 24 16 19 16 25 15 21 20 22 19 20 30 16 26 32 22 24 31 33 35 24 35 28 29 21 17 16 12 14 24 24 17 10 20 14 18 29 10 42 
18 13 35 34 22 15 26 14 21 20 23 18 20 32 32 33 33 3 14 39 16 24 16 10 33 25 14 23 18 24 38 21 10 26 29 34 32 22 28 17 32 27 25 15 24 34 15 29 28 22 33 17 17 22 24 16 13 23 15 10 
20 17 31 34 28 11 18 19 16 18 20 14 16 28 23 22 30 8 15 15 11 8 16 19 28 23 20 27 21 22 34 18 31 18 33 29 34 23 23 15 35 29 20 26 17 37 9 24 14 13 31 25 18 14 22 13 16 22 2 23 
21 11 36 28 17 19 14 19 15 20 30 16 14 31 25 25 44 22 16 37 17 16 13 25 35 18 14 19 17 22 43 29 30 19 30 46 33 15 30 6 28 25 22 28 12 23 15 21 21 17 26 14 14 26 22 15 11 22 14 28 
13 13 26 32 24 13 9 20 20 23 25 20 17 16 25 23 36 25 14 20 21 23 13 7 21 36 7 15 15 28 33 22 27 20 35 38 28 22 21 21 29 30 22 26 33 19 13 18 24 11 25 3 11 21 23 17 14 31 13 29 
15 15 30 23 25 19 22 15 19 26 35 20 20 14 12 22 14 35 27 34 18 23 12 20 38 23 24 18 12 19 25 18 46 16 28 15 14 18 18 15 19 31 21 17 23 9 12 9 18 11 26 23 22 15 27 23 12 11 17 29 
22 21 29 33 29 16 15 17 20 23 39 22 21 25 13 36 32 24 13 35 18 18 14 15 10 33 26 22 25 47 36 16 27 15 20 38 28 19 15 15 28 34 15 12 7 17 14 19 15 23 32 30 15 23 28 14 22 22 13 34 
26 8 24 35 26 17 21 23 25 21 29 23 21 17 22 35 36 23 8 40 18 28 13 11 24 29 17 14 22 20 39 24 29 9 41 43 23 17 17 18 43 25 8 15 31 36 13 13 32 21 24 25 16 21 21 13 14 26 12 29 
27 16 31 36 20 21 15 11 23 27 25 28 18 27 17 21 2 21 15 37 24 17 20 12 18 20 17 24 33 20 26 15 33 19 23 41 34 21 10 11 41 34 22 21 33 28 21 16 21 23 26 9 13 30 35 13 18 24 14 30 
7 7 28 19 21 18 14 24 23 26 32 10 17 25 26 6 29 17 20 30 22 18 11 16 30 30 10 20 29 30 28 6 35 21 38 26 12 27 25 20 39 23 28 19 31 23 12 17 27 28 29 29 13 6 34 15 10 26 23 34 
16 12 25 25 27 25 28 24 24 31 28 10 22 23 34 25 31 24 16 30 24 13 17 16 31 23 15 13 12 22 26 31 19 14 30 29 31 17 25 14 20 39 35 13 32 30 20 14 17 17 21 28 10 22 20 15 20 35 17 41 
6 9 23 10 27 22 27 19 18 13 33 19 22 29 18 38 25 13 12 36 20 20 23 11 28 16 15 26 4 21 30 17 30 19 40 34 16 17 25 15 34 25 26 19 14 24 12 17 20 19 37 22 12 30 34 14 9 23 13 58 
21 13 23 20 20 9 19 28 24 28 31 21 24 8 20 26 27 21 23 31 25 22 11 16 38 29 19 17 23 34 24 17 33 14 15 23 15 25 22 14 31 34 25 14 22 28 11 12 11 15 37 23 9 20 28 15 9 21 17 32 
16 14 16 42 23 17 22 21 19 16 32 21 15 34 26 27 30 16 24 35 14 18 12 19 31 27 23 15 22 24 33 14 33 3 32 33 22 29 27 19 32 34 13 28 38 24 20 21 24 19 33 28 14 24 28 13 18 19 12 29 
15 17 39 32 21 17 18 18 10 21 30 19 27 27 18 29 25 16 14 6 13 16 17 12 17 40 11 16 17 27 9 21 13 19 37 20 22 21 19 26 21 25 25 9 33 11 24 13 8 16 44 16 21 21 21 7 13 18 16 13 
21 8 29 29 15 15 12 23 18 17 20 10 14 13 18 23 32 16 15 27 22 20 12 16 28 38 15 13 15 32 25 20 27 16 35 27 26 27 17 17 43 22 25 20 25 26 16 13 25 11 27 20 13 23 24 20 11 17 12 23 
21 21 19 22 22 15 2 19 23 24 41 17 23 26 19 18 20 28 13 33 11 23 13 17 27 28 21 15 34 30 30 20 26 21 54 19 21 25 15 23 28 29 16 23 23 29 15 12 21 18 32 33 19 22 30 10 13 20 18 36 
25 12 19 24 25 23 21 15 11 36 22 26 20 14 10 31 18 16 23 29 24 32 19 8 24 30 18 19 21 34 37 12 27 23 23 40 35 21 23 15 22 26 32 20 22 28 22 10 28 29 27 17 19 18 23 16 11 22 15 37 
13 16 34 31 29 10 21 23 17 27 26 24 18 32 27 26 18 26 10 43 10 32 11 17 39 17 31 19 19 26 36 13 24 19 30 24 24 11 27 19 41 25 24 16 17 34 11 21 28 14 33 26 21 16 8 10 24 24 9 27 
16 20 27 36 26 15 16 32 20 24 24 23 17 17 12 22 36 27 17 25 19 12 19 18 31 19 23 15 15 16 16 26 21 21 35 15 17 34 30 17 39 24 34 17 17 29 12 9 16 15 14 12 14 10 26 10 17 22 15 30 
14 11 40 30 25 21 14 20 22 19 28 19 18 31 27 40 33 19 8 27 11 14 19 21 14 21 11 17 18 33 24 16 25 18 44 33 13 28 28 26 29 16 13 21 26 16 17 15 14 20 44 25 16 18 14 15 14 26 23 33 
21 19 24 41 16 18 14 19 18 34 37 17 14 32 23 20 32 9 13 26 27 22 20 21 31 18 9 19 14 23 39 14 18 19 36 40 24 19 29 27 33 24 26 21 35 23 23 23 34 22 39 14 18 29 22 11 11 16 13 23 
26 14 20 11 28 17 21 24 16 17 24 24 22 30 20 24 21 17 23 23 21 18 21 21 23 36 27 18 13 27 33 19 24 20 55 26 30 9 20 18 29 38 19 26 15 19 14 25 20 18 41 16 24 21 26 20 21 23 18 28 
14 16 34 28 9 20 22 16 17 20 20 10 10 35 18 32 32 19 18 32 15 8 14 14 33 28 11 13 20 27 31 16 30 15 28 35 28 13 25 20 39 22 30 19 21 34 15 20 28 21 29 17 19 34 28 7 18 21 18 42 
18 15 23 31 12 11 18 26 24 36 29 13 20 37 15 27 29 33 19 37 22 15 19 19 31 10 19 17 14 31 29 14 25 14 14 28 37 14 21 20 29 21 30 18 20 23 8 9 14 15 22 30 7 28 22 18 19 34 13 17 
27 17 27 23 19 20 23 23 16 21 29 9 15 18 39 35 34 17 7 28 23 17 13 16 22 35 15 21 25 19 32 13 17 19 31 22 18 18 17 19 46 21 26 13 19 19 15 13 23 17 37 24 24 10 19 9 19 25 14 35 
10 10 16 23 24 21 21 23 10 21 28 18 17 24 23 29 28 16 15 49 17 14 20 7 33 40 11 16 18 28 38 31 30 13 36 32 38 31 14 21 35 33 20 20 43 33 18 21 12 12 25 16 18 17 14 26 12 13 14 18 
19 14 34 26 18 26 12 24 17 26 16 23 15 25 15 29 32 15 13 36 22 11 23 24 33 37 18 22 24 30 41 13 20 13 22 18 33 29 25 25 23 27 29 17 9 28 20 29 19 6 21 23 23 16 10 17 17 17 9 17 
18 16 29 36 24 15 26 24 25 34 21 20 13 20 19 27 30 19 9 24 19 20 16 21 31 29 23 8 30 24 41 19 33 24 41 15 17 18 33 17 37 37 23 18 30 29 25 10 17 22 17 9 22 17 24 17 9 32 15 20 
22 21 25 33 21 21 15 20 15 23 21 17 18 37 14 30 28 18 18 21 28 21 16 19 19 22 16 16 32 22 46 24 31 13 37 20 13 15 16 20 31 26 30 26 28 26 16 25 23 15 34 26 12 13 33 7 15 15 15 35 
21 11 18 17 27 17 15 28 16 27 24 24 19 24 27 28 36 29 10 37 13 23 14 19 19 36 15 15 24 35 45 22 18 22 43 28 23 20 15 14 32 31 16 17 31 24 24 21 19 12 19 20 12 22 32 12 24 24 12 11 
23 13 17 20 20 14 19 13 15 26 30 10 14 27 14 49 23 30 16 38 16 16 10 29 49 31 18 28 21 28 32 36 28 9 23 26 30 7 23 6 45 39 31 15 38 31 18 19 20 25 43 19 22 21 37 17 15 15 23 30 
20 20 30 33 20 11 17 25 15 38 37 20 23 29 38 23 50 20 24 24 17 16 20 21 36 38 21 13 29 15 38 24 21 22 21 33 41 43 28 27 22 24 20 21 32 38 7 19 16 23 21 20 21 22 21 13 19 23 16 14 
11 17 20 29 30 20 20 16 18 42 27 16 22 25 36 36 13 24 13 35 24 21 11 14 32 21 17 14 22 26 12 20 31 25 29 36 27 28 15 20 25 27 25 24 23 30 15 26 10 14 22 19 19 23 26 17 11 27 9 16 
19 7 47 23 27 15 24 9 20 10 25 20 23 9 26 17 41 24 11 28 22 20 18 17 24 21 27 18 19 25 26 15 30 18 26 35 23 30 30 22 28 33 15 29 41 33 11 19 11 5 30 25 24 14 32 12 11 13 13 31 
17 12 30 29 19 18 23 13 10 30 27 17 23 24 19 35 24 21 18 35 19 22 14 15 41 20 18 24 14 29 13 23 28 17 40 48 34 34 30 16 25 21 29 18 19 28 11 23 4 17 30 20 22 21 25 13 15 15 20 24 
18 14 24 18 34 18 12 22 15 27 15 17 8 29 14 22 29 22 12 24 28 20 21 30 24 41 21 17 24 25 27 13 36 21 19 22 29 15 33 18 33 34 29 22 23 26 17 22 29 20 40 21 20 16 21 13 12 22 15 30 
11 16 33 44 25 15 19 19 24 34 27 8 22 24 13 21 30 34 16 30 18 19 15 10 28 40 20 13 30 18 27 12 37 16 34 28 18 20 27 22 38 24 28 17 26 25 12 15 19 22 33 26 16 16 35 15 13 22 15 30 
18 20 32 28 23 22 16 13 34 13 26 23 10 12 24 34 49 27 12 28 12 11 20 17 28 41 16 21 18 38 36 15 23 15 25 32 33 29 31 9 28 35 35 18 21 25 9 15 20 17 35 17 10 27 25 14 19 30 17 21 
25 12 32 37 23 24 10 16 18 23 15 13 15 29 24 33 39 23 12 22 20 15 15 13 26 43 29 11 12 26 20 22 15 19 20 26 33 21 22 25 45 29 18 23 40 32 12 10 12 15 24 24 12 21 26 9 12 12 17 30 
25 4 21 35 20 11 16 12 11 28 28 13 15 21 35 38 14 9 10 31 12 17 18 14 30 31 24 14 24 31 37 18 21 14 41 15 19 32 27 17 26 34 21 13 16 17 17 20 21 19 35 12 14 20 33 16 17 23 22 30 
9 16 27 24 20 18 18 18 22 21 22 15 11 33 21 23 36 23 16 23 21 21 17 19 19 38 21 18 27 35 22 30 35 21 28 33 32 36 34 22 31 17 31 19 26 18 22 11 18 17 23 18 19 22 15 19 15 23 12 30 
23 20 28 12 28 18 17 28 10 19 30 35 31 24 33 21 32 17 15 34 26 19 15 13 40 21 26 20 21 38 26 20 29 21 23 22 32 19 31 23 32 16 13 8 18 32 14 13 24 16 22 27 13 20 33 21 17 21 5 34 
23 15 28 21 30 16 20 12 12 35 30 20 26 16 10 31 36 19 16 17 19 21 21 22 26 27 17 17 20 31 22 11 27 16 28 12 31 15 18 16 26 23 38 28 31 31 18 20 13 15 22 27 13 18 29 15 18 22 23 28 
20 9 32 25 21 23 25 20 18 17 25 13 26 18 14 18 32 31 19 30 12 14 17 15 19 32 27 20 22 20 18 19 23 20 42 39 27 36 20 23 27 34 12 15 28 21 12 22 25 13 30 24 16 26 20 26 18 13 20 43 
16 17 22 35 28 17 20 16 8 16 40 17 18 17 20 32 21 19 17 26 20 18 22 27 34 26 18 22 29 22 37 14 34 20 51 30 21 17 33 21 23 32 19 19 27 20 20 19 13 19 14 34 12 30 33 18 15 14 14 33 
19 9 30 43 21 15 23 14 26 38 25 19 22 30 21 30 22 23 14 32 16 15 14 22 32 39 17 25 19 28 45 7 19 26 23 31 24 21 29 30 33 29 18 28 21 29 14 18 26 18 22 37 21 27 26 12 19 23 15 19 
31 17 35 31 26 14 21 29 23 32 34 17 15 23 22 22 15 37 11 34 17 21 17 21 28 36 13 24 11 28 19 16 28 12 38 19 13 29 13 19 40 27 23 9 30 29 12 13 13 22 33 28 20 18 21 18 15 20 19 25 
18 7 35 27 20 23 22 17 11 24 25 24 22 33 23 23 33 16 9 32 20 24 11 16 30 50 19 14 16 10 35 17 15 5 25 36 30 33 22 15 26 26 7 19 36 31 20 21 12 20 27 20 17 16 24 11 16 28 16 13 
16 11 26 17 19 14 22 16 24 23 43 14 19 19 24 24 23 17 17 27 23 22 12 23 31 29 17 28 28 36 36 21 38 24 21 19 43 29 20 23 23 24 14 11 23 19 11 14 18 21 17 35 22 23 29 20 20 16 11 23 
24 9 35 13 14 21 23 20 16 28 37 19 22 17 19 18 43 19 26 49 29 22 21 20 31 42 18 22 19 40 26 17 27 22 14 30 19 18 24 19 38 21 21 20 24 21 11 13 28 23 23 27 20 20 27 17 15 26 13 21 
9 10 31 22 19 21 15 14 23 27 20 23 17 3 17 29 39 16 14 37 20 27 5 23 37 31 17 18 23 42 31 17 33 20 25 35 20 26 23 23 23 22 24 13 21 11 17 19 16 12 20 13 20 11 18 15 12 26 21 36 
15 13 34 27 28 17 26 21 10 33 26 22 19 25 19 22 22 24 19 24 14 21 12 21 36 27 16 22 29 20 35 22 17 18 24 22 11 34 20 15 30 45 18 21 35 18 13 14 25 21 29 13 11 17 24 10 16 22 14 29 
16 14 33 44 25 19 20 19 8 21 35 12 10 22 20 24 26 21 16 36 15 26 16 20 18 32 15 7 22 30 31 20 29 18 54 44 29 38 11 23 34 38 18 24 31 17 15 18 13 18 19 18 13 25 25 6 15 16 14 24 
20 17 41 18 28 24 22 9 35 12 31 18 24 25 26 29 49 23 16 25 12 23 12 12 24 29 15 16 16 12 31 21 30 14 23 34 27 22 20 23 16 29 21 14 37 29 11 21 21 12 45 28 13 23 30 16 11 11 11 28 
17 11 13 20 20 22 28 26 20 29 22 18 23 23 26 31 16 19 14 44 18 19 15 18 17 37 23 15 26 31 23 14 28 18 35 26 29 26 24 19 34 26 23 36 28 18 13 16 33 25 14 26 24 17 26 11 12 20 12 23 
15 13 21 31 24 7 17 25 16 25 28 20 22 21 25 34 20 21 18 41 14 18 8 18 21 29 13 15 13 34 24 17 18 25 33 34 24 31 34 16 33 25 19 23 23 19 16 16 29 25 26 42 17 21 29 19 12 25 18 18 
20 17 29 31 18 12 28 29 12 16 21 17 17 31 13 19 39 20 14 18 17 8 15 20 23 45 14 19 37 17 19 21 21 25 41 19 28 22 23 21 17 18 30 25 39 30 13 16 24 27 40 19 9 17 21 16 16 18 13 26 
21 17 19 20 23 10 25 23 8 30 35 20 18 14 21 14 16 25 19 32 16 17 9 16 42 22 12 21 20 26 30 25 39 15 36 22 29 19 23 26 38 22 3 29 31 9 20 7 20 23 34 13 19 9 26 17 23 27 15 29 
21 12 30 55 19 23 33 25 26 33 33 14 24 24 27 17 40 18 24 37 19 19 21 13 22 27 8 12 37 15 40 18 13 24 26 41 29 10 19 12 52 23 20 17 18 26 14 11 22 23 36 19 19 20 24 18 19 22 18 21 
23 9 21 30 19 20 20 20 21 24 27 25 8 23 23 38 35 27 21 24 17 28 16 13 31 22 15 32 25 23 36 7 23 20 9 40 31 22 12 18 23 19 26 17 27 20 11 16 23 19 29 24 20 15 22 13 13 20 13 28 
17 19 32 31 22 17 21 17 18 22 23 19 15 24 17 15 51 18 21 10 17 18 15 12 22 29 24 24 17 14 27 17 18 6 38 44 25 18 22 10 41 33 17 28 10 26 18 11 28 16 25 22 20 20 28 8 11 35 16 41 
10 7 32 38 17 27 19 25 24 10 31 15 18 19 22 33 25 27 16 17 11 28 20 16 32 41 7 14 17 29 17 28 22 16 29 19 24 31 27 24 38 30 16 23 26 24 15 14 22 23 25 14 9 33 38 14 15 10 15 25 
17 9 20 38 9 20 24 25 17 10 39 16 16 32 14 25 32 23 10 3 25 20 16 19 27 22 21 25 34 33 30 23 38 18 26 38 26 20 28 27 36 41 22 19 22 35 19 16 24 18 28 21 17 17 30 15 15 26 16 28 
17 13 33 46 26 25 12 12 22 23 26 18 25 25 24 29 26 22 17 40 17 21 14 16 21 40 8 14 16 30 35 21 19 17 28 36 38 26 27 15 28 34 34 30 23 20 14 22 24 23 28 25 13 23 32 18 29 24 12 44 
21 17 33 43 14 22 14 18 29 33 32 15 18 25 18 35 32 20 14 39 20 22 9 14 25 25 11 20 14 26 20 11 22 29 27 27 20 29 24 18 30 28 37 17 28 37 18 27 12 19 25 29 16 19 26 7 8 24 12 21 
14 17 29 32 13 23 17 24 11 40 22 21 15 22 24 22 26 13 23 26 10 17 10 8 17 25 17 18 24 22 35 17 29 6 20 32 15 12 23 20 29 43 28 20 43 15 21 14 28 20 23 26 26 23 18 20 14 22 13 18 
19 18 17 25 13 22 11 20 23 13 30 18 14 21 28 23 33 20 13 33 16 9 10 17 28 16 22 21 30 38 37 16 25 14 31 21 29 20 30 17 5 19 26 28 25 28 22 9 26 19 38 17 17 17 22 4 18 24 10 27 
24 19 9 35 16 10 21 26 21 25 18 24 8 25 34 38 34 27 20 27 15 8 13 21 23 27 10 20 24 27 23 14 26 26 36 17 20 20 24 22 21 28 35 27 29 17 18 14 12 26 48 26 23 18 13 17 13 25 11 25 
22 19 32 29 28 20 17 12 12 28 46 17 21 34 19 24 31 25 11 31 20 30 15 13 15 25 7 15 18 20 23 32 17 16 40 28 24 25 31 16 18 43 21 23 14 25 21 22 15 20 18 21 22 18 32 9 8 16 15 33 
17 12 21 23 28 22 17 16 14 23 19 12 23 30 17 40 42 24 28 17 15 15 12 14 23 45 14 33 22 28 36 7 25 24 23 32 15 15 21 22 23 24 31 25 24 7 17 24 17 21 7 31 24 19 7 20 11 24 18 39 
19 11 27 25 18 13 31 12 5 17 22 14 19 33 15 18 33 23 15 45 16 18 22 12 9 44 24 17 15 21 49 20 24 21 30 22 40 25 31 20 39 22 22 17 19 34 20 11 17 18 26 21 13 19 20 13 13 30 21 25 
13 23 28 41 21 18 20 16 32 17 27 15 29 23 33 23 43 27 15 36 16 15 14 20 28 16 18 15 25 26 42 22 25 28 20 21 32 21 17 11 43 23 32 33 29 29 15 26 25 15 26 21 5 15 24 14 20 23 6 18 
19 12 35 35 8 20 12 17 16 18 26 19 16 28 18 34 30 26 12 20 16 28 16 26 20 21 19 18 28 27 36 18 4 23 35 31 24 25 21 24 43 27 28 25 24 28 10 17 26 16 20 41 16 19 27 18 15 10 16 35 
20 16 35 23 23 19 19 15 25 19 23 14 11 21 25 19 41 15 13 16 29 21 15 16 30 30 15 8 26 16 37 17 21 18 34 27 7 38 35 8 30 23 19 18 30 26 20 14 23 19 15 27 13 20 21 13 19 26 13 24 
19 15 11 25 16 20 17 22 42 36 31 19 22 18 24 21 19 41 19 32 24 22 16 19 29 26 20 11 26 29 52 23 21 18 13 38 26 19 21 32 31 8 16 17 34 22 14 17 16 23 35 23 18 9 21 15 16 18 20 39 
25 16 32 28 15 9 25 8 25 28 26 22 15 10 22 40 29 17 16 37 17 21 19 8 33 21 15 19 21 15 39 20 32 13 18 34 13 22 14 12 35 36 24 17 37 20 6 17 30 20 24 23 18 23 23 16 15 28 17 26 
20 15 35 45 23 25 18 24 15 25 25 15 22 28 20 14 33 25 17 19 11 20 11 19 29 38 18 12 25 21 32 21 12 16 27 27 25 35 30 17 34 20 17 15 39 25 21 20 15 16 34 28 18 17 23 19 21 12 12 35 
19 19 36 32 27 18 10 20 27 21 27 21 10 18 37 36 42 16 15 24 22 22 14 20 33 37 21 17 21 32 30 27 42 12 18 25 13 27 15 11 20 25 24 19 34 25 14 23 26 19 24 16 18 9 23 15 10 23 16 27 
17 15 39 37 26 11 14 14 23 29 26 20 21 16 20 18 40 30 20 30 32 14 14 14 18 32 22 20 15 25 28 32 30 24 41 23 21 23 14 11 13 34 29 15 31 13 15 21 22 24 10 26 16 21 26 9 16 14 14 44 
19 7 32 40 27 15 22 14 27 35 19 11 21 17 15 30 14 22 21 11 17 19 17 19 15 22 15 28 17 32 22 20 45 22 36 34 29 19 17 28 47 44 26 20 44 18 11 17 17 16 22 30 11 19 33 12 17 21 12 27 
8 13 34 35 10 23 25 16 18 35 21 10 24 35 22 29 26 14 11 25 24 20 13 25 32 33 22 24 31 20 42 13 18 21 27 23 21 29 19 16 12 26 28 15 17 28 13 17 28 24 38 20 17 19 14 14 27 30 15 29 
15 16 44 31 31 15 19 9 13 24 24 16 9 16 32 22 17 21 18 20 23 13 14 4 38 22 21 22 19 29 39 19 31 18 38 30 23 25 24 20 45 26 18 21 31 18 17 18 22 15 16 34 21 24 30 12 6 17 14 20 
20 9 19 38 19 24 27 21 26 32 34 12 15 20 24 29 29 13 16 11 21 25 15 12 31 38 16 19 30 29 33 19 31 17 31 26 23 26 16 24 35 25 28 19 31 26 15 23 17 23 11 25 19 21 28 13 14 15 14 33 
25 13 39 15 23 18 23 13 20 31 22 18 21 25 16 29 42 26 10 23 23 20 19 14 23 30 18 22 26 39 36 16 16 21 32 20 13 27 25 24 25 37 20 30 20 15 12 16 32 18 41 17 14 14 17 11 17 21 17 28 
11 10 22 15 18 19 20 23 24 26 31 20 18 35 20 16 32 18 16 24 18 25 19 24 22 41 16 21 14 17 35 16 35 13 29 27 17 14 23 21 9 21 14 14 27 24 17 14 19 11 32 23 15 13 31 11 12 23 9 11 
22 19 28 21 20 20 12 20 7 14 36 16 18 22 35 26 41 19 17 34 18 24 14 18 21 24 17 13 31 27 33 22 11 25 18 36 20 37 31 27 48 20 27 21 25 33 14 14 24 21 34 17 19 15 24 13 19 17 14 31 
14 4 37 37 26 22 18 29 15 27 38 15 17 28 28 30 35 11 10 28 21 21 19 27 22 41 17 17 20 14 41 15 25 18 33 13 37 23 16 14 35 25 27 19 21 28 14 21 20 23 35 21 18 26 23 6 14 18 16 19 
16 18 29 10 18 23 16 16 16 22 36 18 10 28 29 25 26 19 17 31 18 10 16 11 13 39 18 16 22 32 43 26 26 10 14 24 26 31 30 20 25 28 21 17 29 25 13 21 17 13 23 26 20 18 17 14 19 25 18 27 
23 12 42 23 8 14 14 10 17 22 15 24 27 20 25 30 26 18 16 38 15 20 16 20 12 32 16 4 26 38 19 13 28 16 25 26 30 8 23 24 19 21 22 24 21 16 12 23 23 15 43 18 14 5 30 19 19 10 20 37 
12 12 13 26 25 17 16 25 27 21 22 16 20 21 21 28 24 26 16 43 27 7 21 18 20 34 15 28 20 34 52 18 14 24 26 23 33 21 17 26 33 19 17 27 29 27 11 14 11 21 25 32 25 12 31 14 17 24 18 23 
14 13 27 18 25 18 25 16 27 18 33 34 16 20 14 19 20 22 10 49 17 10 13 16 26 45 8 18 17 25 33 10 12 18 23 29 23 36 21 22 29 33 20 16 38 8 11 20 25 19 30 27 23 14 15 17 18 22 17 24 
18 20 32 33 29 21 16 11 25 26 39 23 17 16 17 19 11 9 11 19 22 21 15 15 35 28 17 24 12 39 32 16 20 23 25 42 19 34 30 15 31 20 32 21 22 3 20 26 20 15 16 27 15 25 17 12 26 21 18 26 
20 17 28 42 13 16 24 22 25 33 28 14 19 17 29 23 29 23 18 30 26 26 15 13 31 36 14 14 30 26 22 17 40 22 29 24 42 19 24 24 42 33 25 12 18 24 14 13 15 21 36 40 17 28 34 17 12 25 10 40 
16 9 40 13 19 14 23 21 14 26 14 15 15 27 22 18 42 34 12 18 25 24 18 17 14 34 13 29 17 21 30 23 16 16 36 40 33 32 25 18 34 33 21 23 22 37 20 23 27 21 33 40 17 20 29 12 15 14 18 36 
23 17 43 34 28 25 17 21 16 25 38 6 14 25 22 28 29 19 18 25 14 13 9 13 21 26 23 21 19 25 34 15 24 24 15 36 28 19 23 19 23 41 35 15 24 19 13 20 24 20 11 24 15 23 20 15 14 17 15 32 
15 10 17 42 11 14 24 18 27 25 26 18 20 34 28 33 17 22 13 16 16 25 17 22 27 24 20 27 25 15 39 25 25 7 46 30 14 32 28 12 29 30 21 14 9 33 21 19 22 23 35 21 19 17 31 15 9 11 22 18 
19 19 38 31 20 17 14 15 16 24 22 21 22 22 28 22 15 8 20 36 17 15 10 28 20 14 14 15 10 30 26 19 23 19 22 7 23 28 32 19 41 32 36 9 28 23 19 17 25 17 34 22 20 18 19 8 17 7 18 30 
17 18 26 38 16 15 30 25 24 36 19 23 20 28 24 27 30 17 17 38 17 32 18 6 24 34 23 24 14 18 19 19 22 13 39 25 22 28 24 21 30 18 31 17 38 23 13 19 12 26 29 16 9 21 41 10 19 21 17 31 
21 14 36 44 24 20 26 23 26 20 34 8 19 34 22 32 42 22 13 38 18 27 13 8 26 12 18 26 25 11 34 16 23 16 12 22 29 33 21 15 23 39 37 24 24 22 14 17 12 27 16 23 24 15 20 14 17 13 13 21 
14 14 40 27 14 19 20 16 11 35 22 21 22 26 19 34 28 13 24 17 21 6 19 23 24 25 15 18 27 24 45 27 17 19 23 24 31 17 22 18 21 12 18 13 32 36 8 25 21 16 20 23 14 35 23 10 10 23 5 24 
20 10 15 31 31 17 22 15 29 27 19 17 17 20 25 26 23 22 17 28 23 24 16 20 29 28 21 25 30 32 21 17 25 23 49 37 14 18 27 20 21 26 21 24 30 24 15 16 14 16 16 20 20 3 34 12 15 26 7 25 
14 6 37 46 27 27 22 23 18 34 24 17 20 30 21 34 22 23 25 22 16 24 19 11 41 33 21 13 22 22 25 18 29 23 24 26 26 26 10 23 40 35 25 24 29 17 15 14 21 17 28 26 10 12 40 9 23 27 10 21 
21 16 20 43 11 16 22 20 19 28 24 12 17 19 33 36 27 33 10 31 21 31 13 19 23 29 17 14 24 31 25 21 39 17 7 35 31 28 17 24 33 32 24 19 20 26 15 24 22 25 34 33 14 13 18 13 21 19 15 32 
16 16 28 33 17 18 21 11 25 21 29 18 14 22 24 22 34 23 15 28 17 19 15 21 28 29 22 14 20 15 44 9 18 20 18 23 9 33 23 18 34 22 21 18 23 26 21 23 18 21 29 25 14 26 41 23 14 18 5 33 
14 12 29 49 27 21 10 19 19 29 30 15 12 10 21 35 34 27 12 42 16 15 17 12 30 38 19 18 17 40 26 21 14 17 52 36 5 27 23 16 37 39 17 22 16 15 18 18 21 16 14 30 9 9 16 10 18 14 12 23 
26 17 25 46 19 8 14 22 20 15 26 23 28 21 22 31 35 14 25 31 8 18 17 19 30 25 17 19 31 36 31 23 35 6 31 31 22 29 28 26 27 21 32 23 26 24 11 18 19 12 31 36 15 27 28 16 13 27 16 34 
18 15 9 26 20 18 21 17 29 42 24 17 26 17 18 31 17 20 14 30 18 15 12 21 26 33 22 11 26 25 20 20 22 23 48 32 33 37 31 18 36 33 15 16 17 25 12 29 21 17 26 27 21 25 21 14 12 27 16 21 
16 13 28 19 17 24 24 16 13 43 26 12 21 22 24 35 37 20 9 21 20 24 9 19 25 21 24 14 25 27 16 22 34 23 28 29 13 18 17 23 33 41 25 20 34 29 16 26 29 25 36 22 19 22 25 19 17 29 15 37 
21 18 49 28 31 17 20 30 26 24 35 17 28 28 28 33 31 6 19 29 28 26 18 19 36 15 24 23 22 35 11 19 30 10 20 22 31 24 27 23 38 30 30 20 44 30 18 22 14 25 29 13 18 12 24 20 24 13 13 28 
19 15 35 28 31 11 11 19 28 30 31 20 17 23 25 31 43 17 13 19 25 28 16 20 30 25 22 21 24 25 34 16 27 23 17 25 23 34 19 21 30 35 22 18 14 30 21 13 15 22 26 23 13 26 25 11 13 24 21 25 
21 17 28 22 12 18 22 18 25 23 32 17 15 31 15 22 32 20 19 34 19 8 23 15 25 32 21 20 26 30 15 19 19 25 41 31 13 13 28 16 22 37 26 16 22 11 13 19 17 14 19 23 10 21 35 13 17 12 15 14 
25 20 28 25 12 15 13 14 11 22 28 21 26 10 17 15 27 18 17 47 18 26 20 23 27 28 19 25 22 15 26 25 24 15 25 18 29 26 11 23 35 39 28 28 15 26 15 14 23 12 33 25 9 20 24 8 11 14 17 25 
16 13 45 36 23 14 15 23 19 25 24 23 15 31 26 17 30 23 14 31 19 21 10 9 30 37 22 10 22 32 23 16 37 22 19 32 25 25 13 17 18 35 31 28 28 25 15 23 22 17 25 25 18 18 32 15 15 18 13 30 
23 14 17 34 31 30 31 20 7 30 30 19 19 25 27 29 23 22 16 41 16 23 17 17 26 28 9 22 37 24 26 22 27 17 29 21 11 24 20 20 37 39 28 33 22 24 19 20 12 15 18 19 18 7 28 18 17 25 9 32 
27 12 22 37 24 17 22 13 20 27 35 23 22 24 19 31 42 19 13 25 20 6 14 13 24 31 15 22 31 34 37 20 26 19 51 33 16 29 23 16 35 45 21 31 21 16 16 18 10 18 20 18 16 19 24 14 14 28 12 30 
18 16 31 41 21 23 15 25 19 26 47 16 18 18 18 36 32 35 12 40 23 23 15 22 28 31 15 26 20 33 36 9 23 12 22 25 21 29 20 16 46 24 25 18 32 21 11 15 23 14 28 29 23 30 20 21 11 22 23 38 
16 10 19 34 26 11 20 19 17 22 39 16 18 30 16 18 30 28 13 27 19 14 17 11 30 39 22 25 22 31 32 24 21 29 33 18 30 35 26 17 28 26 30 27 26 22 18 12 26 26 28 32 22 12 20 16 19 15 10 25 
15 9 27 16 27 17 17 25 38 24 25 16 23 23 21 27 45 31 15 30 18 23 21 21 35 45 14 6 17 23 34 20 10 19 32 31 10 29 36 13 32 32 27 20 46 21 16 22 18 13 26 20 9 17 25 14 18 24 18 17 
32 13 20 34 19 14 20 25 25 45 23 6 15 29 21 21 37 21 17 38 24 26 13 18 26 29 20 16 18 26 45 26 15 14 18 37 19 27 22 16 27 16 31 10 27 25 9 21 15 22 30 19 17 33 31 11 10 20 10 13 
27 15 27 24 21 22 19 12 20 36 34 29 12 29 12 24 34 28 6 40 18 24 17 7 22 25 17 24 18 35 38 18 25 14 35 30 28 26 21 15 34 27 33 18 40 25 9 23 22 20 17 18 11 18 28 15 18 12 14 19 
27 10 31 21 25 21 23 11 28 19 27 16 22 18 29 39 16 22 5 41 10 33 12 13 37 25 15 22 25 25 30 24 34 18 41 27 37 33 22 17 25 16 31 26 25 25 16 18 21 12 30 23 14 7 23 6 10 28 17 30 
32 6 23 28 30 15 26 18 14 28 20 16 12 26 16 20 26 21 15 24 24 21 15 18 34 32 13 20 26 23 12 22 26 20 28 41 26 28 28 26 29 32 34 24 11 23 14 21 13 22 30 17 22 20 24 11 18 18 17 32 
16 19 21 40 10 25 13 23 20 42 22 24 20 37 13 20 28 21 12 35 21 15 16 25 35 32 25 18 18 18 35 24 22 25 8 26 25 39 27 26 25 23 15 19 35 25 14 23 19 23 20 24 25 20 27 18 16 21 9 41 
11 14 30 33 13 7 19 21 22 20 23 21 18 21 15 19 29 15 12 33 24 17 14 22 26 32 21 17 17 23 24 21 24 16 14 31 33 30 22 28 37 21 28 21 32 34 15 23 21 19 40 6 19 18 24 11 18 28 24 25 
23 19 35 49 25 17 27 13 25 31 34 27 17 16 18 24 22 8 16 35 18 23 24 24 24 28 14 26 18 22 32 17 10 23 33 28 20 26 16 9 28 14 29 25 28 9 17 22 10 21 25 22 15 29 22 14 16 18 13 23 
16 17 24 47 12 21 26 18 25 34 37 20 17 25 15 19 34 18 13 35 23 19 21 11 21 26 26 14 19 23 29 16 27 16 45 24 17 32 17 18 26 46 26 15 18 31 23 20 29 25 26 20 18 21 17 9 2 13 15 25 
20 19 37 57 25 7 12 16 19 29 29 21 25 26 24 14 27 24 8 25 14 30 16 26 27 23 15 18 29 35 18 22 34 11 28 28 13 18 26 16 16 32 23 11 15 34 16 23 19 16 29 20 15 21 24 22 14 23 22 25 
25 16 41 36 31 10 19 20 22 21 43 6 22 23 29 29 19 21 9 41 22 17 14 15 28 35 15 22 30 30 35 16 19 18 23 27 33 17 22 28 33 32 33 25 18 23 20 14 23 15 25 30 16 8 28 12 11 9 12 29 
23 13 22 38 10 19 15 8 12 34 30 16 18 29 27 27 27 32 15 29 17 22 19 18 31 36 21 12 31 20 37 12 30 24 37 43 30 21 21 23 12 34 26 10 31 21 17 3 8 20 41 20 11 29 20 14 14 31 11 31 
25 11 29 34 28 16 11 12 25 34 18 13 20 29 27 25 32 21 14 41 15 12 19 11 29 33 24 22 19 27 36 13 39 21 19 34 24 32 22 16 49 21 12 10 14 26 17 15 24 18 30 20 22 15 26 15 13 22 20 22 
21 16 24 41 14 17 24 19 25 21 15 28 19 22 23 21 32 23 23 43 9 26 15 8 36 36 10 23 24 25 29 26 15 14 28 22 28 28 14 19 35 24 19 25 25 21 16 17 13 17 20 28 17 16 16 8 13 23 16 26 
28 14 44 27 19 19 19 20 21 23 32 14 25 15 26 31 23 20 20 16 15 12 21 14 32 31 9 26 19 29 46 21 24 26 24 33 23 31 20 16 44 31 30 25 34 23 14 17 11 18 17 15 23 17 26 10 15 18 12 19 
9 14 43 21 27 34 19 23 13 31 41 22 24 19 23 23 26 22 17 34 18 24 4 11 30 19 1 18 20 24 44 22 21 4 42 27 21 19 22 21 27 33 27 8 41 23 12 20 6 19 24 17 22 14 21 14 12 18 14 31 
12 16 12 22 29 21 23 18 8 32 23 13 16 20 18 21 33 29 19 33 21 16 15 18 29 39 25 27 21 24 23 12 29 22 39 38 24 15 12 23 38 32 29 20 33 29 17 19 34 16 26 18 25 16 31 16 21 20 11 16 
22 15 22 35 18 24 5 25 17 30 19 24 8 30 22 29 24 12 12 38 18 24 12 18 40 30 11 20 18 7 40 14 13 28 37 43 21 31 27 12 30 37 21 24 41 28 21 20 23 24 29 17 30 31 37 10 15 15 13 32 
17 15 22 31 19 10 20 17 14 27 25 12 22 9 29 22 18 24 9 25 22 21 15 11 34 34 12 21 15 35 21 18 26 21 27 37 20 21 19 28 41 20 12 15 40 36 14 10 30 17 37 24 8 27 15 16 11 13 9 8 
27 13 28 36 19 25 21 17 15 20 17 15 12 23 12 34 20 30 14 34 19 15 13 16 13 27 17 23 17 28 25 17 31 9 19 42 23 16 20 16 43 23 36 16 30 24 14 13 23 16 23 21 10 19 35 18 15 25 20 34 
20 15 22 37 18 14 19 13 13 23 8 27 24 20 20 33 24 17 20 37 21 20 20 12 21 30 17 19 22 5 32 25 24 19 39 25 25 25 21 16 44 30 27 22 24 27 11 21 19 19 25 34 12 14 33 18 14 23 9 30 
18 24 38 36 23 17 20 24 25 38 24 24 24 20 22 24 33 19 13 29 26 14 11 26 24 25 16 17 13 33 38 15 19 20 34 14 29 35 36 22 17 35 21 22 22 38 13 7 26 22 43 19 16 17 18 15 20 32 13 23 
11 6 30 40 21 18 20 15 23 27 35 13 21 25 23 27 28 10 18 22 15 6 19 18 30 43 22 20 27 19 31 29 14 29 21 21 27 10 19 11 19 22 36 28 18 19 12 21 32 14 34 14 19 30 22 26 13 11 15 26 
25 6 25 28 14 19 17 26 20 27 36 21 17 31 19 22 37 22 18 29 19 21 17 20 31 16 17 22 28 33 49 17 31 15 17 25 20 18 16 18 23 26 24 19 20 35 16 25 25 15 20 29 17 31 27 12 6 25 22 39 
16 20 36 44 19 18 26 25 15 22 25 21 24 30 18 25 37 17 15 23 15 12 17 17 23 21 18 21 13 16 33 21 30 21 29 30 20 26 27 19 40 21 14 28 12 19 12 20 20 22 21 21 14 22 21 18 24 30 8 29 
24 13 32 38 19 24 24 25 26 31 38 23 19 24 14 13 35 21 17 24 12 11 20 23 25 30 17 8 11 21 27 27 27 14 38 36 31 28 26 16 35 40 20 10 22 33 16 17 9 17 15 28 19 17 15 17 9 24 20 16 
27 15 24 26 19 14 16 13 21 43 21 14 17 29 19 23 23 26 17 41 17 21 13 28 32 30 7 21 23 33 43 25 31 17 41 12 16 18 20 9 21 30 34 18 27 12 16 22 18 17 30 32 16 16 22 19 14 28 24 22 
25 19 21 25 15 18 30 22 17 31 22 11 20 20 11 27 35 22 22 35 17 17 16 15 30 22 19 22 14 32 20 13 21 19 23 28 35 29 17 12 25 33 20 12 32 21 11 15 18 21 25 25 22 34 31 18 15 35 9 23 
20 6 30 46 17 19 21 29 24 22 30 13 17 25 18 7 36 30 11 28 15 11 14 15 26 30 15 14 4 29 24 14 35 17 22 17 28 21 20 18 23 39 20 16 26 39 7 22 22 26 36 33 6 17 19 17 12 26 13 38 
26 19 28 28 24 9 15 14 19 15 29 9 18 18 23 19 32 16 25 25 17 32 18 17 8 30 14 25 25 31 18 19 34 21 26 13 10 22 16 17 44 35 34 25 24 38 7 15 25 23 9 8 14 28 15 17 12 16 14 30 
18 18 22 35 18 24 17 19 23 30 14 29 13 32 11 22 9 16 14 34 17 9 9 21 12 42 14 20 13 21 24 15 28 24 28 27 30 17 29 24 19 23 33 22 27 14 14 8 29 24 27 25 17 12 29 15 10 12 14 37 
24 21 36 45 14 15 14 15 34 27 24 20 14 27 19 29 17 29 21 31 26 18 16 26 27 27 19 14 10 11 30 13 32 15 24 28 32 22 24 28 22 34 21 19 32 33 15 19 6 17 27 17 18 18 20 13 8 18 15 46 
20 11 26 17 28 12 32 22 25 24 28 15 16 28 17 36 34 20 17 42 12 13 18 15 25 40 17 24 19 22 34 17 18 19 19 26 21 32 8 20 38 29 39 19 23 28 22 5 18 26 35 28 11 25 18 16 21 14 7 15 
18 13 39 31 16 21 25 24 26 13 24 12 25 18 17 30 35 17 17 45 25 16 15 17 23 22 31 25 26 30 55 20 34 13 23 18 23 28 23 23 40 25 19 22 28 21 12 21 11 18 22 19 17 23 24 13 12 18 18 36 
28 15 19 23 20 21 15 19 18 27 25 26 15 14 34 24 31 28 15 43 21 24 17 17 32 30 17 21 21 35 31 19 22 22 32 18 23 27 33 20 27 37 29 11 21 27 18 16 22 26 35 21 15 11 27 22 13 20 17 25 
26 22 30 10 20 14 15 19 16 21 18 9 12 23 13 23 26 19 16 40 20 20 11 22 40 23 21 18 28 26 29 23 24 22 28 42 15 28 22 14 40 36 16 17 32 24 17 24 26 17 27 16 16 23 22 15 12 27 18 33 
25 8 31 20 29 20 19 28 29 17 15 14 15 23 31 12 23 15 15 19 12 18 17 12 21 23 20 18 29 29 23 16 10 16 20 32 32 23 24 20 45 27 35 14 18 28 16 10 17 20 29 16 22 17 33 13 14 14 23 10 
22 17 31 42 28 10 33 19 31 29 35 24 17 39 22 43 31 20 16 16 32 9 18 11 33 39 16 15 28 26 37 17 32 19 18 37 17 16 28 17 27 14 37 15 40 22 21 10 24 22 31 23 16 17 28 22 16 20 12 26 
19 14 27 15 31 14 9 16 14 21 29 19 13 28 20 41 14 7 20 34 17 25 15 26 32 42 23 26 14 33 31 15 35 28 48 32 36 19 25 21 18 38 32 22 34 18 17 15 18 21 41 32 22 21 29 18 11 22 12 33 
19 15 36 49 20 18 10 24 28 27 31 21 19 27 9 22 39 26 14 24 14 19 17 20 13 38 15 21 19 23 16 18 26 21 22 17 20 20 16 18 25 35 21 23 33 15 12 10 17 21 25 28 11 20 28 15 14 31 20 22 
21 17 31 34 22 18 13 13 23 31 27 15 17 27 32 19 25 27 16 19 19 17 13 21 48 27 12 19 30 13 19 24 19 16 39 26 30 21 28 21 28 12 43 20 24 23 16 26 15 19 26 17 23 10 36 10 12 27 16 24 
21 17 26 37 27 19 29 22 19 29 32 22 18 21 21 22 35 24 11 29 19 24 13 21 33 42 17 18 22 30 30 11 23 21 23 38 34 27 25 18 14 32 24 16 32 25 17 4 14 28 35 25 25 15 33 12 13 21 13 42 
23 16 34 39 26 18 18 15 22 36 33 15 26 33 24 23 15 22 21 34 26 23 16 14 31 29 17 28 16 34 25 21 30 28 18 34 26 28 17 11 32 28 22 25 32 24 16 15 17 15 25 24 15 12 22 11 16 21 24 17 
16 11 16 28 19 20 15 12 16 23 32 16 12 18 14 30 38 27 13 29 24 19 17 15 37 18 30 11 25 27 22 11 35 18 23 25 22 25 21 23 32 30 17 22 13 29 13 28 23 18 35 32 7 19 19 18 22 18 10 44 
26 16 33 20 24 14 10 24 23 36 21 16 10 21 36 16 26 23 14 25 21 22 10 24 37 25 13 23 19 26 21 21 16 21 27 23 31 5 34 27 16 26 14 12 33 26 16 21 17 20 37 23 9 27 15 15 19 29 15 31 
12 18 33 33 15 20 16 24 21 26 28 18 11 15 21 21 37 24 23 48 16 28 15 28 20 18 18 28 19 26 34 17 31 19 24 38 26 30 27 21 7 22 18 32 20 19 20 14 20 26 19 21 23 16 32 11 17 35 14 24 
14 7 25 29 16 19 21 14 21 28 27 22 14 28 24 22 31 24 14 22 14 25 17 20 22 29 11 20 22 16 24 18 28 16 38 26 13 31 25 25 26 7 20 22 35 31 18 9 15 34 24 26 25 12 8 21 22 22 18 31 
22 12 25 28 23 25 18 18 17 30 34 18 20 34 18 14 21 9 16 34 12 26 9 20 39 42 15 22 23 45 28 25 19 21 25 21 42 24 15 26 52 47 24 20 29 26 21 19 21 21 27 7 24 20 28 14 12 17 11 26 
21 15 37 31 28 13 14 15 26 32 24 19 18 21 21 26 28 25 20 26 21 3 15 14 27 21 21 17 21 27 20 26 27 17 37 38 21 25 28 20 22 43 23 24 5 30 12 25 24 20 27 24 17 21 20 15 16 10 11 33 
16 16 20 45 21 10 12 26 22 20 36 19 20 26 19 17 21 23 12 18 14 22 24 22 39 31 10 20 22 27 21 16 28 12 37 25 22 27 23 24 41 29 22 22 19 26 20 20 11 18 20 23 12 24 23 12 19 27 15 25 
17 16 18 36 22 25 21 15 28 25 23 15 13 25 28 19 52 25 14 37 16 19 20 24 16 25 21 21 32 25 34 18 27 18 16 36 26 31 24 13 18 28 22 18 21 17 15 9 26 12 20 25 19 21 17 14 13 29 18 22 
17 20 40 39 14 16 12 18 29 20 38 17 13 29 26 22 38 9 24 35 27 27 7 21 21 27 25 19 28 25 35 19 33 34 23 16 20 33 17 15 35 36 21 27 34 18 17 19 20 20 37 29 19 13 31 18 21 31 15 22 
24 21 24 31 16 8 20 25 9 20 24 16 21 14 30 23 41 21 14 26 11 24 14 11 39 24 11 20 7 27 32 13 25 26 35 25 12 14 35 14 32 39 35 17 28 33 17 17 24 24 21 21 12 21 22 23 19 15 12 31 
18 15 11 39 18 13 14 17 14 27 32 22 13 25 15 22 22 21 12 21 27 26 15 20 22 28 14 15 11 21 15 17 23 12 29 34 24 21 23 14 20 27 31 22 33 16 15 13 28 16 42 13 30 27 31 15 9 23 15 28 
17 15 20 30 24 20 31 23 17 23 37 17 26 17 16 19 21 22 19 27 12 10 13 14 32 21 13 18 18 13 46 17 27 14 24 37 10 29 25 30 23 27 33 8 29 30 18 19 25 20 28 28 20 21 26 13 14 14 18 33 
20 17 31 18 33 25 20 14 16 25 21 21 19 21 27 24 40 13 15 26 18 13 12 21 41 21 21 22 16 27 32 22 27 25 35 17 33 20 17 15 33 24 19 16 8 20 19 21 35 15 8 22 12 22 15 9 7 26 16 22 
23 17 29 37 26 19 19 17 13 27 31 13 18 14 42 23 44 3 20 20 19 26 9 11 40 32 21 11 17 17 34 26 23 26 44 13 21 17 22 20 45 37 14 16 23 27 14 12 16 24 21 27 13 25 14 17 24 22 13 25 
27 12 32 41 18 5 19 20 29 26 16 23 20 25 22 23 19 18 16 37 26 23 16 14 18 25 25 14 30 17 24 13 20 17 42 35 25 14 11 29 28 27 29 29 41 18 24 22 21 28 40 32 21 28 22 16 13 16 18 39 
31 15 34 28 28 19 24 12 19 29 23 5 24 28 29 14 20 16 10 17 28 22 16 26 31 22 21 16 28 27 33 18 24 22 42 36 16 20 20 27 29 30 23 21 21 8 10 13 23 18 22 36 24 21 10 16 20 13 15 37 
22 9 43 27 25 15 21 17 26 32 25 24 25 30 23 27 25 16 22 32 16 27 14 18 32 29 10 21 24 27 15 19 26 25 26 38 34 28 25 13 40 28 15 14 18 19 13 16 21 20 33 29 16 16 25 14 14 33 19 36 
13 16 23 22 16 14 13 23 16 30 25 15 19 22 16 42 37 25 17 20 20 22 15 16 15 33 18 23 15 30 41 28 31 14 33 29 27 26 21 16 25 29 27 17 22 30 16 13 31 9 32 28 19 16 4 27 16 29 13 30 
10 16 20 41 23 21 22 22 17 26 27 24 20 29 29 19 28 13 12 54 21 22 14 27 23 14 20 17 21 27 41 9 12 16 30 30 25 21 28 15 46 20 32 18 34 32 20 15 21 13 20 27 22 31 16 10 18 26 15 42 
15 17 25 20 28 22 29 16 17 34 24 13 18 25 21 15 15 17 17 32 21 30 19 21 25 27 10 12 20 19 28 22 42 17 16 35 23 32 23 14 33 18 20 18 28 25 24 20 18 9 45 19 19 22 18 20 10 25 17 25 
19 17 30 35 26 18 26 5 17 28 8 21 15 17 25 23 48 23 21 31 18 22 16 19 50 24 19 25 22 26 45 11 27 20 41 20 17 30 20 25 19 26 30 22 21 22 13 16 20 5 33 12 20 14 35 18 20 34 14 30 
14 16 35 35 24 11 19 26 16 31 28 13 22 36 18 24 39 20 15 21 17 19 17 9 37 10 26 16 22 17 38 19 37 20 34 22 25 31 23 16 21 32 16 28 8 19 23 17 5 17 11 30 14 24 34 4 17 24 15 26 
6 21 35 40 29 16 21 21 13 23 22 20 18 28 28 16 30 19 21 33 7 28 14 11 28 28 9 17 23 29 19 19 16 22 24 39 19 31 33 13 43 24 22 15 46 24 13 25 11 16 20 29 12 16 13 14 23 17 11 25 
25 8 28 23 20 20 22 25 20 30 27 20 14 44 13 23 44 27 18 30 18 21 22 27 26 28 16 21 28 33 36 14 29 21 19 32 27 18 26 17 41 20 29 29 28 34 10 24 17 21 33 16 13 20 26 11 13 31 16 12 
17 12 42 15 13 25 22 18 18 30 31 16 20 30 26 31 45 4 18 35 20 22 12 16 29 31 16 17 26 20 21 16 28 13 32 24 26 35 14 23 8 23 33 18 24 29 6 25 23 14 36 14 19 30 28 19 17 16 16 31 
26 8 13 23 25 9 22 17 19 29 19 19 6 24 26 37 43 23 13 28 18 30 11 21 7 20 22 16 29 28 40 27 26 9 31 30 29 22 24 15 28 16 20 16 27 24 14 15 16 16 32 19 13 22 24 12 17 18 8 27 
15 13 31 30 18 15 23 21 26 29 28 17 22 22 25 13 26 20 18 31 21 22 18 14 41 22 17 19 11 30 18 10 21 22 34 27 37 19 29 18 25 32 21 16 43 18 20 16 18 11 25 28 12 19 10 14 10 24 21 22 
23 6 18 22 16 19 20 26 25 26 37 11 25 20 29 32 26 21 17 53 21 10 19 13 22 13 13 20 26 14 55 21 21 20 17 32 11 23 26 12 30 15 24 14 43 22 17 19 29 13 17 30 16 22 41 16 17 12 17 38 
22 13 23 39 21 17 15 9 14 23 23 22 19 27 24 16 41 31 13 42 12 15 12 18 29 28 13 17 28 22 12 15 16 15 14 27 14 15 23 24 31 21 17 22 33 17 12 13 25 18 38 17 32 32 26 12 14 26 13 31 
15 11 17 32 8 22 20 20 17 32 34 9 19 18 19 19 30 10 23 17 21 25 8 18 30 38 18 20 27 18 26 21 36 15 16 27 15 28 23 19 30 26 26 18 24 22 11 10 14 11 27 31 29 19 27 11 14 23 13 43 
23 17 22 39 17 27 23 28 27 18 36 14 20 25 25 30 35 21 19 37 28 19 14 13 26 26 19 20 21 35 40 14 12 17 20 24 25 30 21 16 46 37 20 21 22 23 15 19 11 21 33 32 24 24 17 17 15 5 18 34 
17 25 15 34 23 21 24 22 29 28 15 24 27 23 22 13 12 21 16 26 18 18 9 19 35 23 17 22 15 35 40 17 34 14 23 27 23 13 29 21 27 15 20 33 42 8 21 18 23 18 15 32 22 21 26 13 18 17 17 27 
16 12 20 18 30 24 14 23 16 15 27 20 24 28 28 17 23 10 16 30 19 22 15 29 38 31 17 23 19 14 34 13 30 27 32 50 23 29 26 10 35 49 28 16 33 19 16 27 22 11 25 28 24 20 31 21 12 34 13 18 
21 18 25 38 13 24 9 22 14 23 27 11 13 21 11 27 44 18 16 24 16 23 13 9 36 41 15 23 26 24 30 14 20 6 19 26 23 29 21 14 49 22 35 16 29 21 15 21 23 15 21 10 13 24 20 21 25 11 19 37 
22 17 35 38 15 21 14 13 10 20 19 14 18 10 27 21 35 27 11 27 16 7 6 10 32 27 17 14 5 25 20 20 33 17 49 24 28 22 21 12 34 28 15 28 31 37 15 17 20 19 34 27 9 19 25 17 11 15 7 34 
29 13 28 45 19 8 24 21 24 28 19 17 19 22 15 20 33 25 17 36 5 34 20 21 25 33 15 18 15 20 18 21 22 12 30 23 41 27 18 21 23 27 24 16 24 19 19 24 32 14 28 27 6 13 26 10 17 24 24 37 
21 20 28 23 28 12 24 20 24 27 17 18 29 18 21 29 14 22 18 35 21 22 14 12 25 37 19 21 27 29 24 12 18 16 48 32 17 28 24 21 24 31 16 24 18 29 23 20 18 27 27 27 26 25 19 24 20 8 20 31 
33 12 23 32 8 24 16 21 20 34 15 13 12 22 25 21 30 21 20 22 13 10 16 13 35 28 9 19 15 26 30 18 21 17 26 28 25 28 30 26 17 6 41 17 33 13 10 16 22 16 33 23 22 26 17 15 17 21 20 24 
21 13 22 40 19 19 18 20 22 36 17 12 17 36 25 10 33 21 10 26 24 32 14 27 34 31 24 23 18 21 25 23 23 21 12 36 34 27 29 23 31 27 14 19 35 20 16 20 22 8 19 20 23 14 30 21 7 19 16 35 
20 8 46 18 21 22 17 32 19 35 23 16 12 27 33 22 28 19 16 29 17 19 20 17 40 38 26 19 16 32 19 25 34 24 35 37 12 21 20 18 37 22 17 14 20 28 17 13 18 28 28 15 19 27 26 17 17 27 19 24 
20 17 31 38 24 15 15 19 26 31 30 11 14 26 17 19 16 24 15 29 13 18 19 17 35 26 16 27 22 12 38 25 24 17 20 31 29 24 23 17 27 21 41 11 9 22 16 17 19 17 42 20 22 22 27 21 9 28 17 25 
13 15 25 40 28 18 18 16 19 26 22 12 21 34 28 28 26 26 18 45 15 8 16 19 28 24 31 23 28 26 29 15 16 17 27 45 17 8 24 19 34 28 22 24 26 23 11 15 20 17 25 15 21 23 25 7 19 19 22 27 
18 8 17 33 17 21 21 16 19 35 25 22 23 22 26 42 40 21 18 52 13 20 17 25 34 34 19 20 25 27 28 24 33 18 31 22 22 20 16 20 17 32 27 24 42 8 16 19 12 17 24 25 17 16 21 15 13 21 16 16 
15 18 21 31 18 26 28 24 17 21 33 11 18 23 23 27 37 9 17 53 16 17 22 12 16 23 19 24 24 17 38 19 33 21 31 32 26 30 24 13 29 24 26 13 10 25 19 11 28 18 22 26 19 24 34 17 12 27 13 40 
16 25 35 23 12 21 24 17 25 18 38 27 20 12 13 33 50 28 16 24 18 12 21 21 21 24 20 17 26 24 20 29 26 16 35 19 39 22 24 15 39 24 26 12 28 28 14 5 20 23 35 26 17 14 22 16 15 23 10 25 
11 15 27 7 13 14 19 19 10 18 37 20 10 19 20 16 44 16 23 20 14 17 13 15 22 21 17 24 18 26 29 17 27 13 20 16 35 24 17 24 25 19 12 23 32 34 17 23 20 24 32 26 15 16 44 20 18 11 18 33 
17 12 38 32 23 28 17 29 22 16 20 12 8 21 27 34 28 20 12 34 13 24 18 16 30 20 26 17 28 39 21 15 20 25 31 24 16 22 15 21 27 19 16 28 33 17 13 16 25 12 46 20 16 20 27 8 14 26 16 17 
17 16 27 29 32 23 21 20 21 28 28 25 23 27 29 34 54 20 13 18 20 8 23 14 38 37 12 20 28 21 32 19 34 11 34 36 23 10 23 17 39 25 31 33 25 31 23 28 15 17 39 19 24 17 22 11 9 22 17 27 
20 20 25 39 22 20 21 14 18 22 7 17 13 31 18 28 22 13 14 30 21 18 13 10 31 34 10 25 29 27 27 18 23 22 47 28 16 23 18 18 28 26 35 16 19 32 19 10 14 14 30 18 14 11 32 16 14 29 12 33 
16 12 34 35 24 24 18 21 26 31 29 20 11 33 25 27 23 20 21 23 24 29 15 17 44 19 5 15 19 35 3 16 26 20 30 26 30 23 20 16 39 26 35 25 9 23 13 13 27 17 23 26 15 19 26 15 14 24 18 18 
11 21 30 21 34 12 18 21 23 16 25 21 21 17 17 37 43 18 16 37 28 8 23 22 30 18 13 7 24 19 34 25 38 10 43 30 29 28 24 8 36 25 10 30 32 19 19 21 18 15 26 27 23 23 27 18 12 17 18 35 
20 15 23 13 31 12 20 19 20 34 30 8 24 22 27 22 14 26 16 38 12 20 17 15 34 27 23 20 22 31 39 18 11 20 34 22 30 28 13 18 25 19 28 21 31 24 14 18 20 14 23 27 8 26 25 15 20 13 15 17 
21 20 35 30 26 18 13 7 19 25 43 25 19 34 20 26 24 22 12 36 17 30 18 10 28 18 15 24 11 30 33 15 14 11 35 31 18 28 25 15 32 29 17 17 19 23 22 21 23 7 2 13 17 24 19 14 15 30 20 21 
15 8 10 42 21 19 14 21 13 21 24 15 18 36 23 23 26 14 16 40 13 19 15 11 27 28 28 17 26 20 5 23 41 18 20 30 30 31 28 21 36 34 39 14 20 14 18 15 22 26 22 21 17 30 24 14 13 27 15 43 
19 16 34 19 18 15 26 26 22 30 21 17 20 21 19 36 35 19 19 29 15 9 20 21 32 34 20 19 20 30 31 26 27 12 33 34 18 17 24 21 33 24 33 25 20 21 19 27 27 11 19 27 10 17 34 14 9 22 17 25 
23 6 17 42 13 23 22 16 13 26 24 21 9 33 18 34 28 17 22 34 18 18 12 15 18 34 8 23 16 35 23 21 31 24 18 31 23 18 12 23 28 33 15 19 28 26 12 17 15 22 18 21 17 37 23 12 17 17 14 34 
17 10 13 40 26 19 21 25 32 12 26 13 11 28 15 25 26 20 10 27 24 20 15 27 25 45 13 25 24 22 27 24 30 15 25 39 19 10 19 11 37 27 24 22 27 15 21 15 20 23 10 21 17 23 24 16 15 19 25 24 
20 22 30 32 22 22 23 19 21 25 11 22 20 23 27 25 36 14 29 40 18 26 13 25 21 27 17 20 11 44 36 17 39 20 23 30 28 15 11 23 47 31 22 35 29 23 10 9 19 23 34 15 15 14 20 20 19 20 11 30 
22 13 31 28 19 15 27 24 16 38 20 19 24 17 31 32 19 14 22 22 22 20 13 11 26 45 10 17 26 31 24 17 27 19 25 33 25 16 27 28 15 19 19 15 41 28 12 18 16 27 16 32 19 22 30 19 15 25 19 18 
24 16 34 25 17 11 24 20 29 38 18 5 18 25 26 40 38 20 23 27 26 16 19 15 24 16 26 22 24 22 16 28 52 25 49 39 24 16 28 12 37 19 37 24 28 24 16 16 22 30 26 25 18 29 9 13 13 16 14 22 
15 8 19 26 18 25 17 8 24 20 31 19 7 21 16 21 27 22 12 18 14 10 13 15 32 36 17 20 23 8 33 22 23 14 32 19 22 12 30 18 30 39 16 22 33 33 14 18 24 29 26 22 20 13 18 24 10 12 16 17 
17 16 35 18 13 16 12 14 21 16 38 6 17 28 13 24 34 16 24 19 12 21 20 12 30 29 20 20 37 23 21 22 20 18 28 20 28 29 25 19 41 36 32 11 10 23 8 17 20 20 22 20 15 20 11 8 21 18 16 28 
10 19 32 27 23 23 22 24 21 32 7 8 20 30 23 26 23 17 17 39 31 30 16 17 32 45 18 14 27 24 33 17 24 20 35 20 15 27 25 13 33 18 23 17 31 25 6 22 13 10 31 25 23 28 9 10 14 25 13 30 
24 19 35 16 24 18 15 16 25 38 28 8 21 27 24 24 32 34 25 24 34 21 15 14 27 19 24 27 24 28 34 18 22 20 25 23 17 30 28 14 43 25 24 21 34 17 16 13 26 25 26 23 17 27 14 16 14 7 12 35 
16 14 28 26 20 13 21 22 16 19 37 19 29 29 21 24 30 24 15 37 10 17 30 11 19 27 18 18 8 34 44 12 21 21 23 21 25 25 23 20 33 22 17 31 28 26 18 16 19 22 28 20 14 31 28 19 14 14 14 31 
3 20 23 41 20 23 16 19 16 23 10 25 15 38 17 25 34 16 14 25 12 28 15 20 25 29 25 24 27 21 28 26 32 19 52 20 28 36 23 15 41 25 17 25 23 9 8 2 19 27 17 33 13 21 35 10 16 17 10 26 
13 16 52 16 23 19 14 19 32 24 41 15 25 14 20 28 26 25 7 16 34 22 12 14 29 22 30 21 25 12 35 19 25 11 34 32 20 20 18 18 36 13 26 20 28 18 13 20 7 19 27 19 11 22 21 8 21 14 12 37 
24 11 36 19 24 23 22 14 24 34 24 15 17 16 12 25 20 27 21 22 17 28 18 13 25 28 13 22 16 23 21 22 30 26 38 24 28 25 28 16 39 36 23 28 28 19 16 20 20 22 37 24 17 16 28 12 19 19 22 33 
22 12 20 47 30 18 13 14 16 33 19 22 17 22 24 23 23 15 12 41 22 9 14 26 22 27 20 14 21 26 26 22 33 17 28 31 9 12 23 14 14 42 33 19 38 18 15 29 29 15 24 19 24 23 22 14 10 17 15 31 
25 14 21 29 20 17 15 24 13 19 37 15 23 18 18 33 34 25 14 44 20 21 10 15 24 34 18 17 27 26 41 24 23 23 36 33 22 42 18 20 22 30 29 8 26 35 20 14 10 19 22 35 22 17 7 10 16 15 8 24 
23 13 32 33 7 13 17 19 24 6 45 14 13 22 24 19 26 20 11 22 14 11 15 27 35 19 28 22 12 19 38 20 26 21 27 29 19 23 13 17 43 23 21 19 31 38 18 16 28 14 25 22 23 25 19 18 9 33 22 17 
20 14 32 30 23 19 18 19 11 28 9 17 25 25 22 25 25 23 21 21 19 20 12 14 41 19 21 13 30 25 35 27 30 15 45 16 22 28 20 11 36 15 20 26 31 16 13 12 20 21 8 17 26 16 25 14 14 22 12 23 
20 18 22 22 31 17 15 26 22 24 27 19 13 24 18 22 22 28 23 20 25 19 15 25 23 22 17 25 24 25 48 18 25 8 27 22 28 29 8 19 29 31 13 10 28 22 10 14 33 17 19 22 22 20 27 1 12 19 10 28 
22 8 32 31 15 22 11 20 21 22 31 17 21 27 31 34 49 17 16 17 24 12 15 13 25 38 24 21 17 25 35 29 18 13 21 25 18 34 26 28 26 24 21 16 33 12 12 21 16 28 20 24 19 24 20 19 17 29 11 48 
12 13 26 44 25 13 11 24 19 18 31 15 16 25 17 21 21 29 16 19 19 17 15 13 34 29 14 11 19 32 31 21 41 22 22 44 36 32 29 14 38 35 29 10 23 28 14 29 20 19 20 27 11 23 26 14 15 20 18 23 
25 16 40 27 16 10 24 14 23 33 29 26 22 25 29 35 45 18 12 14 18 20 14 23 28 13 18 20 21 23 15 20 22 13 33 24 24 27 17 20 40 17 30 15 24 14 19 13 21 9 16 25 16 33 44 18 16 26 11 29 
17 19 19 26 21 24 19 19 17 23 16 11 8 26 31 31 16 16 21 15 20 25 20 19 29 24 24 23 23 22 37 19 28 15 32 37 40 29 20 12 23 30 33 24 5 27 20 27 18 16 28 25 22 16 11 20 12 26 17 21 
21 16 42 20 17 13 13 25 14 25 21 20 12 21 21 23 22 26 18 38 16 26 12 7 30 27 20 24 29 18 27 20 36 20 33 38 23 24 22 19 24 26 25 22 27 14 8 17 26 15 34 16 13 8 21 17 24 24 13 34 
23 7 24 34 28 14 21 14 6 26 26 16 25 21 23 18 28 14 20 36 18 19 16 3 25 36 19 10 26 23 22 18 32 17 27 35 18 23 26 25 24 24 20 14 36 20 19 21 33 16 25 26 10 24 21 15 16 18 9 36 
22 22 16 38 6 15 20 17 27 28 15 21 20 31 23 28 34 24 15 19 18 17 10 16 35 35 20 17 20 19 40 19 26 15 40 29 23 29 22 10 43 15 26 16 28 28 15 14 23 17 31 23 23 28 22 14 17 19 19 30 
23 15 14 44 29 19 23 23 22 22 31 17 17 17 25 35 32 17 19 27 26 15 18 14 27 25 13 18 16 33 44 22 22 14 35 34 21 19 18 10 12 36 12 23 39 19 12 15 19 14 24 28 18 20 20 12 15 28 12 30 
22 19 31 37 20 17 23 25 26 27 28 16 18 29 16 11 30 26 19 12 11 26 18 15 27 32 31 18 26 22 45 17 29 24 35 26 24 27 16 24 30 27 19 21 27 24 10 19 24 23 25 26 13 20 14 14 7 21 18 28 
25 22 38 28 15 17 13 15 25 25 25 25 22 27 18 29 28 28 20 30 22 10 15 19 36 29 16 25 30 21 32 23 32 12 41 20 24 16 14 23 35 27 14 9 34 19 12 12 20 12 37 18 18 25 25 15 9 36 11 29 
16 19 35 42 25 24 28 20 18 5 22 17 20 31 21 21 32 15 19 26 17 20 15 23 24 23 15 14 20 26 26 16 18 14 46 25 18 36 29 23 38 32 42 24 28 33 19 22 20 27 32 21 16 14 7 19 18 23 14 21 
12 12 13 34 22 12 17 17 21 38 28 15 19 26 32 28 21 14 18 29 20 24 17 25 29 33 21 14 26 16 31 23 30 18 36 30 30 24 15 22 28 32 9 25 12 27 15 18 24 21 23 33 14 18 32 16 11 19 14 27 
16 15 14 41 18 17 33 22 16 17 37 17 24 15 27 40 41 20 13 46 26 18 13 17 24 36 18 18 28 31 22 20 14 15 28 24 24 29 24 29 40 27 25 30 22 29 17 23 22 18 31 26 16 18 22 10 21 23 17 40 
19 13 40 31 13 12 19 6 28 24 34 15 17 23 19 30 33 6 13 25 20 27 18 17 18 20 20 22 18 21 22 25 22 12 40 33 27 27 17 26 18 28 19 27 27 21 21 18 32 21 27 26 15 32 21 8 13 13 15 27 
17 14 22 38 22 12 16 20 19 37 32 24 17 21 14 32 49 7 18 30 29 16 13 15 27 14 19 27 18 28 36 18 23 14 33 22 26 47 22 23 27 43 25 19 30 30 21 13 33 28 17 25 20 18 22 11 8 26 15 38 
20 14 17 20 25 24 23 14 31 16 19 8 12 20 27 25 31 17 10 23 14 24 12 11 33 22 23 20 21 22 39 17 31 23 42 18 27 26 9 21 28 36 20 26 14 10 12 21 18 24 22 31 18 13 21 12 14 18 15 28 
29 15 35 17 21 19 20 23 20 35 42 14 15 12 25 28 22 14 26 30 17 10 20 17 30 31 23 18 20 24 30 18 25 17 43 22 17 29 23 17 46 17 20 18 36 37 26 9 19 28 43 23 15 15 21 16 15 15 17 35 
21 14 20 28 17 12 20 5 24 35 42 4 21 19 18 24 30 25 10 46 20 33 14 18 38 21 24 21 33 15 32 27 17 21 40 34 28 7 17 18 30 26 31 12 39 22 14 20 19 10 32 33 20 18 21 13 17 29 22 49 
19 17 38 29 31 18 15 19 19 36 33 19 14 26 25 28 22 23 13 34 25 18 15 24 27 28 20 8 25 30 29 21 14 23 28 29 32 34 31 19 24 21 26 18 29 16 18 8 22 29 33 24 16 19 21 13 21 16 9 36 
28 14 35 39 12 23 28 27 13 14 38 24 18 23 24 23 49 13 10 24 21 12 14 23 27 26 22 21 31 27 31 20 17 28 46 30 24 27 30 17 38 33 17 14 27 29 13 20 23 23 33 29 17 23 11 16 8 34 13 25 
17 14 31 30 13 14 20 22 32 23 14 23 23 26 16 25 20 18 13 26 25 11 15 20 26 27 8 23 23 35 26 23 21 14 37 24 25 27 18 21 22 22 12 24 28 25 13 24 24 8 17 19 16 33 20 21 10 7 9 24 
19 14 22 31 12 18 14 25 16 25 24 19 20 31 24 24 33 29 25 32 11 27 13 14 45 27 9 19 15 32 25 20 22 17 32 34 23 24 17 22 43 21 19 18 21 25 17 18 19 22 38 18 25 30 26 7 12 17 19 24 
23 15 33 35 18 23 29 15 27 26 44 19 7 26 21 25 21 18 17 42 15 26 12 15 34 25 14 14 27 29 15 17 27 18 32 9 13 17 28 11 30 29 30 23 23 12 23 15 30 14 31 29 18 16 27 11 18 22 17 39 
14 13 25 33 20 21 23 23 16 23 24 11 18 27 23 30 36 13 14 32 10 22 12 25 24 19 20 29 25 28 37 32 27 20 21 34 38 32 16 14 36 26 27 19 23 15 19 25 31 17 29 16 17 20 29 22 17 20 13 19 
19 13 27 33 17 20 30 22 28 29 39 19 26 27 23 36 54 16 16 33 19 16 13 22 35 32 11 11 26 24 23 22 21 15 15 27 30 26 17 21 24 27 19 24 18 29 18 12 33 15 40 17 18 14 24 13 12 12 19 21 
22 17 29 18 21 27 30 20 23 23 26 22 14 13 31 28 31 24 11 14 15 7 25 17 25 29 23 26 16 33 37 5 23 13 38 33 21 15 26 27 41 17 14 24 31 34 15 15 18 28 28 22 19 18 23 22 11 16 23 35 
17 21 41 33 31 9 16 15 21 23 16 19 14 23 18 17 35 20 15 42 28 17 15 16 9 35 14 12 25 24 27 16 29 10 27 15 22 26 33 17 22 23 11 21 30 29 10 11 7 13 20 8 13 16 30 18 9 19 10 20 
14 19 34 21 30 14 13 21 22 8 22 20 11 31 27 34 30 26 19 34 15 17 11 14 43 34 18 11 33 15 35 22 26 15 37 46 26 39 15 25 24 32 37 29 40 23 20 21 14 27 38 28 22 28 38 16 18 32 10 20 
14 8 31 30 15 20 19 22 32 20 27 19 19 25 25 19 25 13 17 39 12 22 13 7 26 32 24 17 27 21 37 24 32 9 21 18 17 31 27 17 29 23 26 22 26 25 15 16 37 16 32 16 14 26 11 19 24 25 16 27 
15 20 35 39 20 20 16 10 18 28 39 15 27 15 27 29 26 22 21 30 15 19 19 22 37 31 16 19 19 20 19 15 30 11 26 26 12 25 14 13 47 30 36 17 19 9 14 19 16 3 30 24 17 8 34 16 17 16 17 32 
9 12 35 28 27 18 21 19 26 23 29 21 13 25 15 33 15 24 11 38 14 23 14 12 29 40 14 18 13 22 31 22 34 21 34 36 31 25 22 21 24 28 23 23 39 25 20 14 24 17 34 17 24 13 26 12 14 29 18 37 
24 18 18 24 27 9 15 17 15 19 24 21 17 19 22 27 43 26 15 15 26 22 11 20 45 35 18 12 24 18 43 22 20 23 27 35 27 37 23 18 30 40 31 10 25 19 21 21 18 18 19 33 12 26 19 16 17 19 13 36 
12 18 44 25 30 19 18 18 14 34 19 30 18 19 27 26 22 35 15 27 28 17 21 18 38 37 18 24 30 30 24 17 15 12 29 19 32 20 31 13 26 24 26 18 40 24 18 14 16 8 32 16 15 24 27 15 19 25 12 18 
20 9 27 46 27 21 15 35 28 28 17 11 15 26 22 23 23 21 12 28 16 19 16 11 28 30 16 21 18 30 51 18 22 23 44 24 5 17 27 21 21 16 19 26 25 24 16 16 17 15 24 20 26 28 33 12 14 20 12 30 
19 16 23 5 24 9 11 7 19 17 24 15 13 17 20 27 40 14 16 33 30 19 13 23 30 21 26 27 19 24 18 11 35 18 41 30 25 30 26 28 35 32 32 15 26 19 8 28 14 22 31 18 8 21 22 21 8 18 12 52 
23 13 18 23 19 6 18 14 21 13 31 17 17 30 17 34 20 22 13 36 23 11 14 13 22 21 14 20 20 36 39 22 18 18 32 20 28 22 27 22 30 32 26 25 26 29 20 17 15 14 25 28 22 32 19 19 19 25 12 16 
30 18 15 33 26 26 26 20 29 34 21 17 23 13 30 20 20 20 10 36 30 25 9 14 15 19 21 19 19 22 30 21 11 12 31 33 19 20 21 16 27 20 13 20 20 28 15 17 21 23 20 15 15 27 23 15 11 16 14 35 
12 18 22 26 22 12 11 15 22 14 29 13 21 19 15 17 48 25 15 19 21 15 14 18 33 21 19 16 21 28 17 29 17 17 40 29 17 21 24 27 25 26 25 24 24 29 15 21 18 16 27 21 16 17 20 12 8 18 18 34 
13 15 30 31 22 20 23 21 18 18 23 20 18 14 28 22 28 16 15 23 15 22 11 17 32 35 26 27 16 18 50 18 37 19 27 30 17 26 28 32 20 29 25 18 22 20 19 11 34 13 34 27 11 31 18 18 14 25 14 29 
18 15 23 12 11 20 24 19 41 11 43 23 15 21 30 31 27 20 14 48 11 24 16 25 41 25 19 18 22 20 43 15 17 13 24 29 24 25 33 20 9 24 38 21 27 26 20 21 20 17 18 18 19 20 34 12 14 19 19 18 
14 17 44 26 23 19 25 19 24 39 24 20 7 15 28 25 31 20 14 21 14 16 18 16 34 27 18 25 20 33 36 25 21 19 38 36 16 25 28 20 25 29 32 28 34 29 23 16 23 14 17 26 14 36 20 11 12 18 11 31 
25 16 34 20 21 15 10 10 16 17 32 14 19 21 22 27 39 28 15 27 31 17 16 8 35 31 17 18 25 29 40 19 24 29 28 20 18 29 25 19 23 36 36 41 27 13 14 17 20 22 27 15 13 17 24 13 13 27 12 24 
18 16 27 34 23 23 23 30 15 20 25 15 23 34 19 16 42 21 12 28 18 11 19 13 43 38 27 19 24 45 36 18 33 11 31 29 24 26 19 23 43 37 20 20 28 16 10 28 27 18 37 20 13 22 30 15 19 22 15 19 
23 15 29 33 32 22 24 21 22 17 45 17 16 21 26 28 18 14 15 33 15 29 11 16 19 29 10 23 27 26 35 21 31 17 38 34 33 20 17 22 45 26 17 32 37 30 12 13 30 21 35 25 14 23 35 14 17 28 10 32 
16 10 35 44 27 20 17 17 23 24 19 17 14 21 29 26 39 12 14 32 23 17 13 15 22 38 20 16 27 21 32 22 17 23 35 30 28 32 25 26 14 23 15 20 33 22 14 19 21 18 27 25 15 16 26 6 8 23 13 23 
14 19 20 18 30 29 20 27 24 29 29 21 10 34 19 31 28 25 18 18 19 24 17 27 42 28 20 18 22 25 29 16 17 18 16 33 20 34 23 13 15 19 36 20 31 25 20 18 22 26 30 23 17 19 31 17 10 25 7 22 
20 16 25 24 20 16 21 20 23 24 32 15 13 30 24 29 27 25 14 31 17 18 18 21 42 38 25 15 12 26 28 20 36 10 39 41 17 30 17 25 27 36 31 9 15 36 11 21 17 21 28 33 22 9 25 15 19 26 11 28 
16 15 15 36 22 22 12 20 19 28 21 8 17 19 15 22 42 24 9 23 11 21 17 13 25 32 15 14 22 29 23 28 22 18 35 38 31 31 24 19 38 41 31 14 28 38 13 17 25 9 16 25 13 11 11 13 16 20 10 32 
19 11 17 31 23 14 18 10 25 15 37 21 8 20 30 32 32 17 15 22 7 17 19 19 27 33 26 23 24 26 16 15 15 18 15 34 35 14 20 10 20 20 24 10 29 23 14 19 22 12 19 26 26 20 20 21 13 22 19 31 
25 16 35 18 26 23 13 23 11 28 41 16 21 26 28 34 41 30 16 36 20 9 20 22 25 32 18 13 24 21 48 21 41 15 40 36 21 32 24 24 34 25 27 24 37 22 15 16 30 20 36 29 11 13 23 12 5 28 5 34 
13 13 23 14 20 16 20 10 19 23 29 18 17 21 31 26 25 26 17 22 11 19 18 20 27 38 19 26 20 36 19 11 23 16 40 30 33 20 22 16 44 33 17 27 28 18 13 20 6 18 28 26 12 11 24 11 15 23 15 24 
16 7 33 41 16 10 17 13 18 22 27 22 11 32 26 13 47 26 14 31 24 35 11 24 39 34 17 24 17 32 25 17 36 13 21 39 13 27 23 22 37 26 21 28 20 17 23 18 11 22 34 24 20 23 28 17 13 29 21 28 
22 18 35 28 17 24 24 14 23 24 20 18 16 22 31 31 36 21 14 22 20 21 16 20 24 33 20 12 27 28 22 22 17 16 32 40 30 22 22 21 23 20 10 14 15 25 13 28 31 12 20 25 12 18 24 20 9 21 17 23 
19 20 37 20 19 20 22 26 24 41 26 25 16 24 21 24 19 21 17 26 16 19 20 20 18 19 21 16 17 24 18 11 22 30 36 21 29 27 11 17 22 28 7 26 28 11 19 13 18 25 19 24 13 24 25 11 17 11 14 17 
20 16 31 40 27 9 24 24 13 31 32 13 10 26 24 15 24 28 16 28 13 23 16 19 31 42 21 11 13 9 19 21 22 11 40 28 20 32 28 13 39 23 23 23 33 26 15 11 29 16 34 23 22 22 28 14 19 21 9 22 
19 7 22 42 31 21 27 18 14 36 15 18 12 27 28 21 26 22 14 29 26 26 21 16 47 27 11 25 26 31 28 21 16 16 35 21 35 26 28 18 26 35 30 16 7 27 19 19 23 16 38 26 16 12 20 11 20 35 20 36 
20 21 23 35 17 27 14 17 27 33 19 17 14 42 25 24 27 20 17 43 27 29 17 17 31 33 21 27 20 32 18 24 27 17 38 34 25 25 15 18 34 26 12 25 33 28 16 14 21 17 8 32 17 28 28 17 12 30 13 26 
19 19 24 27 11 11 18 11 20 20 25 24 8 36 20 18 32 18 16 32 29 20 14 13 24 19 24 28 28 23 14 15 20 19 26 27 25 18 33 24 29 35 24 16 14 35 21 20 24 14 33 17 11 18 35 18 11 20 21 21 
16 20 39 43 17 15 24 26 18 9 19 8 18 27 32 13 26 14 18 17 19 8 19 23 29 21 13 24 29 36 33 20 29 20 28 42 21 22 16 25 27 35 24 23 28 19 18 15 22 23 14 24 10 19 29 17 16 14 17 18 
19 16 24 40 31 25 14 19 18 31 23 17 22 28 24 40 35 18 12 45 21 26 21 16 49 19 17 17 18 26 24 19 30 21 35 26 33 26 17 25 28 13 22 24 41 26 18 16 15 17 13 23 20 21 21 13 11 22 19 31 
19 13 26 29 29 16 15 20 21 32 25 19 23 29 21 22 46 28 15 29 25 32 10 13 24 30 18 14 14 33 23 21 18 23 46 30 39 20 26 17 21 29 40 24 25 31 17 22 15 10 27 29 19 13 19 11 8 26 15 27 
26 17 26 37 20 20 15 21 24 34 29 17 13 29 14 43 25 29 12 26 27 22 15 22 26 29 10 20 20 33 36 18 15 17 31 40 22 9 27 23 35 27 23 19 18 24 15 25 21 16 22 22 11 16 16 17 19 29 18 27 
21 17 37 40 25 10 27 13 17 24 36 19 15 35 23 20 41 21 21 25 2 16 16 16 17 38 15 14 13 27 33 20 35 20 31 26 23 16 29 12 26 44 22 16 26 39 13 13 25 20 20 28 19 20 33 15 13 24 14 32 
10 13 33 53 20 20 15 26 25 30 44 15 20 30 11 25 18 23 10 50 23 29 11 12 34 30 19 15 18 32 28 20 26 15 23 29 25 7 21 24 15 25 34 24 13 34 18 16 13 25 48 16 6 26 29 11 15 27 15 33 
11 19 39 29 24 22 27 18 17 19 34 14 15 25 13 30 28 13 16 20 18 26 19 19 51 22 12 23 28 20 19 23 25 20 29 28 28 19 23 20 38 19 32 10 36 26 16 16 13 20 21 17 15 24 21 16 11 20 14 15 
18 15 27 32 18 16 23 13 10 22 23 15 4 18 21 31 30 16 12 40 26 17 14 18 30 35 21 18 17 24 25 22 23 13 49 12 25 22 24 12 31 25 35 15 11 25 15 16 8 10 49 39 22 22 25 18 13 23 16 30 
16 16 27 36 11 33 24 16 18 34 27 9 17 28 26 40 38 15 21 24 30 14 9 18 19 28 20 6 25 24 21 16 32 18 20 24 31 30 24 17 44 14 19 20 16 22 19 17 20 17 28 19 13 16 37 6 15 27 12 30 
19 12 39 30 14 18 17 21 38 19 28 22 12 31 26 24 23 14 18 39 14 18 20 9 26 32 30 16 12 40 28 13 20 23 46 20 22 30 22 22 22 22 11 29 26 20 15 14 25 18 22 31 7 21 35 14 12 24 15 39 
16 27 24 34 22 18 13 23 17 40 16 21 16 12 33 27 48 13 16 37 17 20 15 13 28 29 28 21 18 33 30 15 32 25 26 27 29 24 26 21 38 34 26 23 26 21 19 21 19 9 35 23 15 27 17 18 14 19 12 18 
27 13 22 37 19 26 20 15 23 22 38 19 16 22 14 33 25 27 13 35 19 21 8 16 23 14 22 20 20 19 11 22 26 22 40 30 16 21 23 16 33 20 25 21 15 26 18 22 14 11 22 34 10 22 27 4 16 12 18 22 
27 10 23 25 15 16 20 25 19 25 21 19 13 38 17 32 29 14 17 36 21 23 17 25 12 17 28 22 27 28 32 26 28 10 21 28 19 25 23 26 22 26 8 6 21 6 19 19 20 14 34 24 12 26 10 12 17 24 13 51 
17 16 19 58 27 15 12 21 21 25 34 19 16 24 18 25 36 21 13 45 11 20 8 19 13 28 14 29 21 31 36 17 43 17 43 13 23 22 30 25 34 19 19 8 16 32 15 20 13 19 28 34 14 22 32 10 14 19 18 31 
21 17 14 26 27 21 20 6 21 32 30 19 17 36 22 21 36 19 17 46 25 25 18 23 38 23 25 22 27 17 23 24 25 18 23 25 36 22 23 18 23 40 17 7 22 15 17 20 13 14 25 29 12 21 33 21 16 17 11 28 
21 17 23 27 17 19 12 15 16 24 43 24 7 21 20 32 41 21 19 24 13 25 16 18 41 37 13 14 22 23 22 19 29 16 39 39 20 29 22 18 30 37 21 23 13 37 15 22 21 21 30 21 14 25 21 8 18 16 15 22 
22 12 29 27 12 13 22 22 28 17 25 14 16 22 29 24 41 13 9 15 21 24 11 18 41 21 13 21 21 14 42 20 30 20 39 20 28 25 35 30 26 34 20 27 31 23 21 14 19 19 24 16 15 26 26 11 13 17 16 40 
27 16 27 27 15 11 16 17 17 27 19 14 9 27 22 29 36 21 18 32 25 27 6 12 26 35 14 12 26 19 32 22 27 18 33 23 29 29 16 22 33 36 22 24 24 34 17 24 23 17 27 31 17 22 28 20 10 14 19 40 
18 16 43 27 30 16 18 11 16 19 33 17 19 20 28 20 32 30 15 33 17 25 8 14 25 27 13 14 23 33 32 22 21 18 38 34 21 4 16 18 31 34 23 18 30 25 9 13 18 24 20 26 23 21 33 17 18 27 14 33 
19 9 20 36 38 15 19 23 24 33 29 16 16 21 20 34 29 15 16 28 26 14 12 14 30 16 23 29 32 29 8 23 20 17 26 26 35 30 22 21 28 26 22 19 25 35 21 19 14 17 36 30 22 18 26 14 12 20 16 23 
19 21 14 34 24 17 12 15 19 27 24 19 19 27 24 16 13 23 10 37 13 16 17 25 29 21 14 19 22 34 25 23 25 19 36 23 11 20 18 12 30 30 25 20 24 22 12 20 24 21 24 22 12 17 23 14 13 32 12 41 
23 13 35 31 31 19 20 27 18 24 32 20 13 36 23 32 39 31 9 35 22 23 12 7 26 27 17 24 27 25 53 33 36 23 20 48 27 32 19 15 23 35 31 27 34 17 11 24 15 22 29 24 15 18 38 17 13 20 9 27 
17 5 26 14 19 26 26 23 21 29 28 6 19 31 14 22 39 16 15 21 7 26 19 17 16 27 13 17 20 23 37 14 12 24 46 31 24 12 23 19 29 24 35 31 34 21 13 19 22 15 29 20 18 17 26 15 19 17 16 16 
23 22 34 42 18 14 9 15 22 22 17 8 16 27 29 36 27 30 14 36 29 12 22 13 24 19 15 14 23 21 27 17 33 18 16 16 21 26 19 11 22 17 28 17 26 15 16 22 28 14 40 17 15 18 17 17 3 21 15 32 
27 11 36 33 30 3 19 19 25 24 19 2 26 27 22 26 16 14 19 42 15 15 16 12 48 34 9 23 24 25 19 23 20 17 25 7 21 25 11 28 24 24 25 20 28 27 16 16 13 26 35 20 15 20 19 12 16 5 14 29 
5 18 36 22 16 22 18 30 21 18 21 16 25 15 20 21 25 19 13 30 21 22 23 7 20 28 19 21 14 27 34 14 31 12 32 32 27 28 18 20 48 18 38 14 16 27 22 14 19 13 19 29 13 27 34 16 14 29 23 21 
23 7 26 19 16 15 12 22 14 22 35 12 15 36 33 25 28 28 14 28 15 20 17 17 12 23 18 17 24 20 37 15 21 20 26 30 22 16 15 13 32 37 15 18 30 34 6 21 15 19 11 19 21 19 15 14 21 22 16 32 
10 20 27 33 20 23 14 9 8 26 28 16 19 31 25 27 38 16 20 30 18 20 23 2 28 22 13 18 26 23 17 18 23 18 38 37 27 18 18 28 38 29 34 20 30 35 18 14 23 14 31 21 14 13 5 14 11 11 18 36 
17 15 38 30 31 25 20 16 15 26 28 27 19 26 13 15 39 24 23 29 8 17 18 21 22 26 18 19 22 20 24 17 11 18 30 22 16 11 24 15 36 46 28 18 29 15 14 15 18 11 21 26 12 25 17 6 11 13 20 15 
14 17 36 36 27 17 22 13 26 41 28 18 9 12 19 20 33 23 18 16 23 15 31 22 23 32 22 19 28 29 36 25 21 11 28 27 24 20 28 20 20 37 19 25 28 26 16 21 21 23 18 22 17 16 24 15 15 20 17 45 
15 15 21 31 23 22 21 13 20 31 30 16 11 30 10 27 38 15 15 23 13 9 16 18 39 31 25 25 22 28 41 24 31 18 39 31 33 29 14 29 22 16 30 20 30 25 18 12 11 19 28 24 18 15 26 19 11 6 18 28 
19 20 41 25 11 17 23 29 27 31 20 17 23 26 28 20 37 19 18 17 18 19 22 12 28 18 14 10 22 19 22 20 29 24 37 25 26 33 15 16 13 30 27 17 37 25 17 14 21 19 33 29 22 17 32 14 12 24 17 22 
18 14 29 39 27 10 14 11 27 38 27 15 13 28 34 14 38 27 21 24 18 15 18 24 28 24 29 20 13 28 28 16 39 17 48 28 18 26 25 19 13 27 20 16 31 11 21 22 20 13 25 29 24 17 22 14 15 23 14 30 
27 11 35 24 20 22 23 17 20 18 20 20 10 25 18 30 26 22 9 37 30 16 17 18 22 23 22 18 26 21 43 17 29 23 18 32 28 22 16 18 42 18 26 21 37 26 11 21 23 13 50 28 16 24 22 7 14 22 14 19 
19 22 24 26 15 18 21 19 29 24 27 11 19 14 21 14 8 14 18 34 14 19 16 13 35 20 22 20 30 30 36 23 29 14 20 18 30 25 15 22 35 22 25 7 20 19 20 17 21 14 36 30 26 28 31 10 19 25 15 28 
16 15 35 31 30 20 11 30 13 31 26 9 18 31 13 18 27 23 13 20 15 26 14 14 24 26 20 13 32 23 20 17 23 17 38 27 25 36 28 24 26 19 38 28 40 28 11 23 26 23 33 15 19 27 18 13 21 20 19 29 
19 12 18 30 25 25 30 22 20 11 32 22 20 14 24 20 36 17 17 27 9 25 15 13 28 34 20 21 5 32 35 21 18 27 26 34 28 33 19 15 18 27 22 24 32 6 16 16 29 27 35 23 22 15 23 12 18 18 15 35 
19 15 50 15 9 19 15 13 16 37 24 23 19 34 5 26 27 17 15 24 24 22 15 19 23 26 18 19 22 49 19 18 24 17 35 28 18 21 26 35 25 10 16 18 33 40 19 16 20 15 26 27 13 23 17 16 13 8 14 25 
19 16 18 36 19 18 12 14 11 30 18 22 14 19 17 17 34 35 18 30 13 27 11 18 27 34 15 24 20 27 39 13 22 17 32 26 30 17 25 19 33 30 35 16 31 20 15 27 34 10 24 28 18 13 21 24 12 16 15 15 
7 13 34 43 18 12 19 17 6 23 26 15 18 37 29 14 17 23 12 9 28 10 13 20 32 35 18 22 15 37 25 23 32 21 39 43 17 27 25 20 21 19 17 14 25 25 17 24 24 21 12 24 8 18 28 15 14 22 9 24 
20 16 36 8 17 18 20 16 21 36 27 21 15 15 23 34 30 23 17 21 17 26 19 20 22 42 15 24 29 18 29 10 17 21 38 27 36 15 12 24 36 30 28 22 25 7 15 20 22 27 21 25 22 24 18 19 19 31 16 20 
21 17 26 18 23 23 24 21 12 14 35 31 17 15 14 23 35 20 13 32 6 13 18 17 40 35 23 14 37 26 34 19 19 15 23 27 34 18 15 11 33 25 21 25 33 39 19 14 23 10 26 32 20 12 24 15 17 18 9 33 
26 13 37 27 13 12 17 20 20 28 27 12 14 28 19 32 34 11 12 30 11 13 14 19 27 20 22 24 25 46 34 13 24 15 47 37 31 24 24 15 17 41 16 24 34 12 14 17 13 22 15 29 14 19 18 15 16 17 19 20 
16 15 25 32 27 14 18 27 20 34 48 9 15 21 14 33 29 22 10 12 20 26 8 22 21 15 14 21 28 27 25 10 25 14 16 47 21 21 15 18 33 24 30 21 37 24 10 21 28 31 31 15 19 17 24 16 14 30 15 26 
21 20 30 35 24 15 21 16 23 25 18 16 20 23 11 25 36 22 17 26 24 24 13 13 36 23 21 23 14 36 13 17 18 11 49 33 21 18 20 12 32 28 33 27 24 24 19 19 17 16 33 26 19 25 20 13 14 19 11 22 
19 18 36 27 21 21 23 23 23 18 12 18 19 18 25 30 42 34 13 14 17 21 13 14 36 30 12 20 26 38 28 19 21 23 49 18 26 21 24 11 20 24 12 23 31 28 16 13 21 18 28 13 17 25 29 16 15 26 16 20 
17 12 21 37 24 24 18 15 27 9 10 13 15 23 25 20 27 13 23 17 15 26 11 8 35 37 18 17 24 26 33 15 32 21 34 21 30 23 32 16 28 34 28 30 35 23 19 17 16 20 17 28 18 26 16 16 20 22 10 34 
17 16 28 25 30 10 22 14 24 24 42 22 19 17 32 28 25 16 15 20 20 26 31 23 30 37 22 18 15 25 33 15 26 21 31 12 41 38 16 21 26 30 27 9 28 18 16 18 14 13 28 20 16 27 22 11 3 13 14 33 
10 18 24 41 25 18 23 19 19 30 32 15 16 19 15 24 36 28 20 34 19 23 16 20 35 30 25 20 11 23 21 23 25 24 31 24 22 43 27 25 30 22 12 23 37 16 23 9 19 19 43 16 24 24 18 16 15 21 18 33 
17 15 29 29 18 16 21 19 24 25 24 17 23 23 22 35 41 23 15 25 20 23 9 20 17 29 25 11 24 28 21 19 30 23 21 31 33 22 29 18 35 27 21 13 21 34 21 19 20 24 25 16 21 19 32 13 14 21 10 36 
25 16 35 24 13 17 24 21 28 36 35 26 18 21 31 18 41 8 18 31 17 31 13 25 38 38 16 14 17 28 13 12 22 19 24 35 25 28 15 23 14 27 6 21 23 15 14 12 14 18 30 28 19 11 27 20 11 14 11 37 
24 12 25 33 22 10 14 21 19 29 31 19 23 20 20 28 26 18 21 28 21 21 20 23 36 33 25 11 16 22 30 18 30 18 29 15 35 38 14 18 34 20 15 15 29 16 13 13 23 15 11 27 15 17 17 11 14 23 20 24 
18 19 34 17 32 28 21 16 13 37 19 22 18 12 25 22 26 26 14 39 14 22 17 12 39 27 14 13 12 23 13 16 32 13 30 22 23 21 25 18 43 35 23 27 32 21 22 25 13 17 23 22 6 20 22 12 12 28 26 53 
15 11 18 24 21 21 15 28 24 30 21 21 15 20 29 25 22 14 17 18 20 21 14 17 29 28 15 27 25 22 28 8 11 15 20 15 21 25 32 14 22 25 38 22 23 24 9 15 18 15 28 27 20 16 26 13 16 32 19 24 
17 17 22 43 29 15 22 28 31 32 27 11 18 21 26 26 25 20 22 35 23 16 9 17 22 33 25 16 22 21 39 14 34 18 27 23 31 23 27 13 28 17 33 20 39 18 16 14 10 18 35 21 23 8 32 21 19 20 20 40 

MachineCapacities:
MachineID Capacity
0 10
1 10
