NumTasks NumMachines NumScenarios
15 3 500
TaskDetails:
TaskID ReleaseTime ResourceConsumption SuccessorsCount Successors...
0 0 3 1 9 3 3 4 7 
1 0 3 1 4 0 
2 0 4 8 4 0 
3 0 4 2 2 0 
4 0 6 4 7 0 
5 0 4 7 5 0 
6 0 6 7 3 0 
7 0 10 8 8 0 
8 0 9 3 5 1 12 
9 0 3 6 8 1 11 
10 0 2 2 2 3 12 13 14 
11 0 8 2 8 0 
12 0 6 6 2 0 
13 0 9 6 7 0 
14 0 8 6 8 0 

39 57 17 18 18 12 21 29 28 38 13 25 28 16 22 27 38 21 36 29 19 25 21 13 29 14 28 27 14 22 9 35 19 16 33 18 30 21 16 9 16 32 27 11 28 
29 37 21 12 21 21 23 23 13 25 17 17 30 14 20 33 18 10 31 27 14 33 24 34 29 20 9 40 13 24 13 25 19 12 38 19 34 13 23 12 12 32 13 20 13 
29 36 35 16 10 16 13 32 28 35 17 25 34 30 34 30 24 10 17 41 20 30 19 15 30 20 25 18 23 29 11 24 15 11 30 27 38 21 14 11 14 36 23 14 29 
18 35 28 14 25 15 13 29 27 30 18 25 33 22 20 32 35 25 27 35 23 18 35 24 20 23 27 26 25 26 13 28 15 18 34 19 23 20 13 13 24 21 18 14 34 
47 36 37 11 19 15 19 26 24 33 18 23 48 16 31 28 24 19 25 38 19 26 24 23 37 20 5 18 17 24 20 34 15 19 38 24 27 12 16 17 19 24 18 11 14 
37 25 26 16 20 17 22 10 29 35 14 39 26 16 18 28 22 15 27 23 21 22 20 14 23 18 23 30 23 28 12 28 16 16 36 7 16 11 10 9 21 10 14 19 20 
23 26 26 18 11 18 20 23 16 32 12 22 26 20 21 29 27 21 33 42 22 24 19 25 29 23 21 30 29 33 21 33 12 19 26 26 22 13 13 13 19 31 15 16 31 
28 34 37 23 18 12 25 24 33 27 21 27 15 14 11 15 22 7 27 49 28 36 12 27 23 20 11 44 16 28 13 30 18 18 32 22 28 17 22 11 18 40 18 18 22 
22 31 24 16 23 15 16 22 16 31 19 24 35 13 28 26 18 14 44 36 13 32 21 31 29 14 16 35 15 35 23 42 15 7 14 24 20 36 28 18 14 21 27 17 22 
37 27 24 12 24 15 23 30 32 22 16 33 23 17 17 25 25 13 39 8 25 29 23 29 33 26 16 32 22 28 9 21 12 19 29 22 19 15 21 20 22 31 20 21 27 
36 35 32 21 13 19 20 21 12 26 15 20 24 12 23 28 26 21 21 22 24 25 20 20 23 16 10 27 19 26 16 38 19 17 40 17 20 15 23 17 16 29 21 14 19 
28 25 29 16 11 15 32 24 29 22 16 31 29 15 33 12 36 25 29 31 17 15 24 19 28 19 13 26 22 25 14 45 15 12 18 22 22 20 14 11 18 30 16 12 18 
32 35 38 19 19 18 16 28 24 21 14 21 26 18 32 23 17 23 28 40 10 26 20 35 25 14 11 33 24 18 14 42 16 13 29 13 21 30 13 12 11 19 16 15 28 
15 21 21 10 20 17 10 31 21 31 23 7 26 23 21 28 22 13 24 28 19 19 17 27 17 10 21 22 25 35 16 21 14 17 30 20 31 17 21 13 17 24 17 10 23 
27 17 37 16 15 20 18 28 28 23 16 19 33 21 25 24 24 8 26 14 23 19 17 29 21 17 13 29 7 21 6 27 16 9 27 23 21 19 17 9 15 28 16 23 16 
22 21 15 21 18 17 8 30 28 12 18 29 26 14 38 16 22 16 21 22 12 25 19 29 26 23 3 32 16 26 8 48 10 13 29 21 22 24 16 18 8 26 20 17 45 
25 31 24 18 13 19 19 29 17 33 25 24 22 14 36 23 24 14 39 22 22 16 29 31 22 9 23 18 14 27 12 26 21 26 36 15 19 17 19 15 14 27 24 12 22 
39 25 17 21 17 24 17 20 40 14 9 36 39 11 25 31 26 17 27 32 30 19 22 28 22 7 20 22 15 26 18 15 13 23 37 31 18 27 17 11 13 18 22 13 27 
33 46 20 14 11 19 21 42 23 21 15 25 22 13 29 33 12 22 17 32 19 11 19 15 20 22 14 21 12 14 16 28 12 12 21 19 27 12 20 14 14 27 21 15 25 
19 20 17 11 14 22 18 19 30 33 18 31 18 21 27 20 24 17 34 38 17 27 27 14 38 8 16 34 25 17 15 29 16 15 39 18 12 16 24 9 17 15 17 9 36 
29 27 30 20 14 17 13 31 26 19 10 25 35 12 26 23 19 16 24 31 16 22 24 25 31 14 22 32 21 23 20 42 15 12 20 12 19 22 18 17 20 31 15 21 26 
34 30 28 15 20 17 16 20 19 19 13 30 35 21 34 22 26 12 23 28 19 16 19 25 28 9 23 32 19 36 16 24 18 12 25 27 22 27 9 17 9 15 20 12 26 
39 48 22 25 19 14 26 21 30 23 17 34 36 18 36 20 27 22 17 10 24 30 9 17 28 21 26 32 26 19 17 35 14 12 28 19 34 21 14 17 17 27 20 18 25 
38 30 36 20 26 16 16 18 29 14 20 41 28 19 20 30 29 16 13 37 15 22 26 12 34 18 21 22 18 24 18 31 25 22 41 16 27 31 16 15 17 35 17 16 18 
21 25 33 20 35 21 12 31 28 24 12 25 39 17 30 21 24 20 24 35 13 32 24 20 40 21 14 35 22 16 15 36 15 20 31 20 19 12 16 7 17 31 19 17 27 
32 30 24 20 19 17 13 30 26 18 14 28 33 28 26 20 30 19 10 28 23 15 19 27 25 15 11 20 26 18 14 31 12 16 34 25 23 19 22 15 22 19 16 13 17 
28 28 28 14 20 15 20 21 23 27 14 14 32 13 24 23 25 8 23 16 21 17 36 22 28 13 25 24 14 10 16 28 18 18 25 25 28 15 15 18 10 22 7 21 26 
52 34 23 15 22 12 19 22 11 27 11 39 27 23 31 29 24 25 41 41 18 37 28 31 19 18 12 29 17 19 21 27 18 14 38 17 23 17 20 10 9 13 13 15 17 
28 23 19 12 20 10 9 23 27 26 12 26 32 15 8 20 19 23 20 28 22 26 18 26 37 16 24 23 17 12 13 27 19 11 27 21 23 21 23 14 23 26 21 20 33 
31 35 34 16 10 15 19 25 15 26 17 30 26 23 33 18 23 25 26 28 10 26 21 32 26 7 27 35 14 13 13 20 13 15 28 12 25 20 26 14 15 21 25 14 26 
40 36 25 14 23 11 21 32 20 35 9 17 28 24 32 25 23 23 34 33 23 23 22 26 24 20 8 9 17 18 16 26 17 19 37 12 24 16 9 12 11 39 22 14 30 
20 17 35 13 16 8 23 28 28 44 13 24 33 17 30 20 41 24 41 37 21 22 14 31 33 6 15 18 30 29 16 29 16 12 24 12 33 24 26 11 22 15 16 16 17 
20 18 25 22 28 19 13 18 27 30 18 29 27 12 16 23 36 14 31 26 22 16 18 27 17 13 22 35 27 13 24 30 23 11 26 15 28 25 18 16 7 24 16 13 21 
32 42 21 13 25 21 15 34 19 21 16 20 33 14 15 18 22 14 25 19 14 22 9 17 31 14 18 35 22 15 15 38 10 21 37 37 37 16 22 12 16 21 22 20 42 
33 26 19 15 13 30 25 32 30 23 17 17 42 13 16 21 18 9 31 34 27 20 24 18 26 20 26 24 18 20 14 37 18 15 33 25 25 29 13 12 13 23 26 19 16 
38 43 25 17 22 11 15 29 34 11 16 28 17 14 24 16 27 23 24 30 21 22 21 19 14 17 33 30 20 29 14 27 17 14 25 23 35 23 26 16 10 28 18 15 23 
36 24 25 15 17 20 23 24 34 31 20 19 52 26 26 19 35 20 34 18 20 24 28 30 12 22 24 33 17 21 25 24 18 20 31 16 10 25 18 16 14 36 22 11 40 
27 42 21 19 20 12 10 15 28 25 16 33 13 13 21 26 21 22 26 39 17 37 19 33 34 9 20 40 20 27 20 20 16 22 38 25 16 34 22 16 18 34 11 12 34 
36 35 35 16 13 25 17 5 27 43 11 17 24 8 27 26 25 25 36 28 18 29 15 18 30 19 32 34 18 20 15 31 23 17 25 26 34 32 17 17 24 31 24 16 12 
35 35 32 15 16 9 22 38 39 19 18 21 21 25 26 24 32 20 28 36 14 21 18 23 24 18 18 34 11 27 16 35 13 18 39 20 41 20 25 8 11 24 18 13 18 
36 42 33 18 11 17 19 31 29 17 15 32 43 8 29 24 20 21 26 39 10 8 10 12 31 19 16 29 20 26 19 26 21 15 27 24 28 18 9 19 9 16 18 15 34 
24 29 33 11 17 11 15 31 18 32 10 11 26 13 15 10 16 11 21 38 17 27 21 26 23 13 18 26 16 24 17 42 8 20 25 21 40 15 24 20 13 23 16 16 27 
59 40 28 17 26 13 13 22 30 23 11 30 26 11 16 13 29 28 43 30 17 27 21 14 21 17 13 22 23 21 17 34 21 25 28 34 17 23 17 16 17 21 16 15 25 
39 39 26 21 26 11 19 27 25 24 21 19 29 17 25 6 11 19 34 20 12 27 19 25 23 21 19 25 11 24 18 24 19 12 26 10 19 24 20 17 17 21 13 13 20 
25 23 24 11 21 11 9 12 35 17 15 29 23 22 27 31 30 18 34 39 22 23 15 20 18 14 15 35 14 24 10 34 16 11 21 19 26 23 21 11 16 25 17 14 17 
30 31 22 14 16 21 17 23 30 34 14 17 22 14 41 19 22 11 25 25 28 31 14 27 30 14 30 39 21 27 8 32 11 14 25 3 19 17 15 19 14 31 13 15 34 
45 23 27 20 21 17 18 15 40 19 16 30 42 19 32 25 22 10 21 41 17 20 20 23 19 17 14 33 16 11 15 37 9 12 25 31 8 17 22 23 22 21 24 22 24 
25 39 17 16 25 15 7 17 26 19 14 38 23 17 23 25 31 16 31 30 16 14 21 17 25 21 26 32 24 23 18 31 13 12 25 16 20 17 17 17 18 29 20 11 29 
21 31 28 23 17 12 13 32 28 34 15 22 33 20 13 15 22 21 39 33 18 25 17 24 31 22 19 30 18 19 12 24 19 13 32 11 31 19 19 14 14 25 21 11 37 
36 19 35 12 31 21 14 38 14 29 13 38 39 13 24 23 19 20 24 35 24 22 19 31 28 18 19 31 19 29 19 22 15 10 21 17 15 31 18 19 13 19 16 13 39 
27 23 29 15 19 23 19 32 25 25 15 26 48 22 35 19 31 25 22 13 18 43 22 22 26 24 25 30 19 29 15 38 17 6 21 25 27 12 13 10 12 22 16 12 25 
37 28 36 17 14 17 18 20 26 41 16 27 29 21 23 16 23 17 24 39 19 27 25 30 20 16 27 27 24 14 19 29 14 11 26 26 21 13 18 7 11 19 18 17 25 
33 30 25 18 15 13 13 35 22 27 20 33 20 18 29 21 22 17 17 14 17 22 14 22 19 10 17 21 15 19 21 15 14 20 20 26 21 17 18 12 7 26 28 11 26 
36 35 21 12 15 17 18 22 32 19 14 29 27 19 19 19 37 16 29 42 13 21 22 27 21 21 14 34 10 16 23 30 16 13 38 23 48 19 27 20 16 20 13 9 24 
38 41 16 16 18 16 17 31 23 23 9 18 18 17 34 32 31 11 37 31 10 24 12 26 21 26 25 19 13 33 16 37 18 23 40 23 23 21 22 12 11 21 16 7 39 
36 36 28 15 17 13 24 16 27 40 18 30 29 19 20 20 28 24 25 43 17 24 22 30 17 15 29 31 18 29 16 19 16 18 36 19 29 17 22 15 12 33 27 23 20 
18 29 23 11 14 15 20 36 32 15 19 24 34 19 24 28 22 13 10 32 15 22 19 13 33 16 19 46 16 24 24 24 22 8 27 15 18 29 10 19 21 39 25 18 25 
43 38 26 17 20 10 8 16 30 28 13 17 42 13 30 31 30 19 29 31 22 30 26 23 30 15 19 17 10 9 18 35 15 15 32 24 24 20 15 21 18 28 25 17 30 
19 27 33 11 8 25 21 11 20 25 13 29 24 26 29 16 32 17 42 29 29 24 13 35 21 22 20 43 12 19 23 20 12 13 34 23 31 27 23 19 15 19 13 12 21 
25 33 23 17 9 17 13 34 39 28 15 22 16 12 29 17 28 29 25 22 21 17 13 27 19 8 6 26 6 30 26 32 15 14 19 29 30 25 13 19 8 30 17 11 21 
33 33 27 20 15 14 23 19 18 20 11 30 45 22 37 18 21 15 36 11 26 33 13 10 24 18 17 35 9 19 18 21 18 12 25 26 24 24 20 13 17 28 22 13 16 
26 16 27 18 30 13 16 17 24 29 21 20 41 9 22 20 29 12 41 30 17 30 18 34 20 12 23 43 16 9 19 21 14 8 32 22 28 8 18 16 18 25 17 5 18 
31 26 25 16 16 22 20 18 24 25 17 29 14 29 32 13 32 23 33 23 17 23 20 35 30 24 21 20 16 24 22 29 16 16 45 15 20 22 17 19 19 32 16 18 31 
23 33 29 9 16 16 21 28 22 24 15 27 26 21 27 22 24 20 25 43 14 21 32 24 20 14 14 37 19 17 20 25 21 14 26 10 28 14 15 13 16 32 21 13 17 
21 26 31 17 28 13 13 24 25 27 15 28 41 22 20 31 27 18 35 27 28 25 14 25 31 18 9 27 19 27 14 47 16 21 26 23 30 17 18 9 16 23 18 6 37 
30 32 27 17 23 17 17 23 28 21 15 26 25 21 24 22 20 19 18 42 17 26 14 17 18 17 16 37 13 23 24 20 15 10 29 26 35 21 13 13 20 28 15 13 19 
24 36 15 14 7 18 17 24 27 31 13 31 24 13 18 28 31 16 27 28 25 30 28 34 17 10 22 31 19 24 14 30 14 14 14 24 27 10 15 12 17 35 22 19 30 
33 25 21 17 21 11 21 28 21 37 14 38 34 19 30 19 30 16 23 40 23 32 16 21 22 21 16 47 14 25 18 29 18 20 25 15 24 23 19 16 15 26 21 14 6 
44 29 32 20 14 9 17 28 29 18 18 32 27 8 31 24 33 12 21 31 31 19 22 23 23 5 24 35 8 20 15 22 20 13 26 32 25 12 29 16 15 32 25 16 20 
48 29 20 11 13 6 18 29 30 31 12 38 11 7 29 33 27 22 25 38 20 17 15 29 21 8 26 18 11 19 17 37 7 12 27 22 25 19 14 12 19 26 11 16 32 
43 39 23 17 23 16 20 16 29 26 10 25 33 4 19 26 28 21 22 40 28 33 25 26 24 20 27 25 11 20 14 31 17 11 34 20 15 22 14 17 18 32 22 20 27 
52 27 24 22 30 19 20 24 21 26 15 31 28 8 19 25 16 4 33 39 27 28 23 32 24 18 19 31 21 30 14 15 19 13 21 15 32 32 17 16 15 28 20 15 20 
36 24 17 22 16 18 14 34 29 24 15 20 36 15 32 31 21 19 19 31 19 20 15 21 22 16 15 32 22 28 13 40 19 18 22 19 18 19 16 16 19 20 22 16 25 
37 48 11 12 21 15 19 27 25 24 14 29 32 23 31 21 30 15 43 12 25 16 20 20 34 23 11 30 12 18 11 45 18 16 23 14 22 15 14 17 24 18 12 8 19 
25 44 22 9 24 22 16 29 23 32 16 10 44 14 39 8 25 15 29 24 21 25 23 27 24 19 13 21 14 23 12 29 16 18 49 13 18 14 6 15 21 31 22 12 32 
23 36 24 18 11 27 14 19 29 38 11 26 32 19 31 34 27 20 39 3 19 24 13 34 31 16 22 24 14 28 18 26 20 21 33 20 14 24 17 11 20 21 20 8 19 
40 39 29 10 20 20 21 30 19 25 23 16 38 27 7 24 30 19 36 29 25 15 25 20 27 22 29 20 17 28 17 26 14 20 21 20 23 14 14 19 15 10 22 16 22 
18 23 22 19 26 16 16 27 12 35 17 18 31 17 32 20 13 10 37 24 23 23 19 13 31 19 17 33 13 33 19 19 19 11 21 21 15 30 18 9 12 32 21 14 30 
19 43 26 13 17 28 7 21 33 23 20 40 32 16 15 15 24 23 23 29 23 22 22 25 27 11 28 29 20 17 16 38 17 17 27 24 32 22 19 11 15 32 24 16 30 
42 25 20 15 27 18 18 25 28 27 16 13 23 16 27 21 32 16 33 34 13 22 25 35 24 17 26 19 23 26 13 30 12 10 47 12 21 12 15 20 16 29 19 9 39 
40 29 24 17 16 21 24 23 29 36 13 23 41 17 20 20 24 15 22 32 23 25 27 17 27 12 20 16 12 24 13 20 17 19 33 9 32 24 26 9 24 34 13 20 17 
38 43 36 13 10 22 17 25 34 38 11 12 29 18 32 16 28 23 34 39 11 20 23 27 34 17 22 24 20 21 21 24 17 15 22 17 16 27 18 8 21 15 19 19 17 
11 32 37 14 20 18 32 28 22 33 15 25 14 33 23 16 33 19 38 31 38 12 14 18 29 9 14 41 22 21 13 18 15 14 44 8 14 18 24 20 15 27 14 17 32 
41 28 30 18 21 18 5 23 25 24 15 26 24 15 32 21 32 25 13 41 19 19 29 26 26 16 12 31 16 18 11 20 13 16 32 22 30 20 18 15 18 31 27 17 22 
29 38 25 14 16 21 13 27 17 23 7 22 32 18 20 22 25 18 20 28 21 23 22 18 26 18 27 28 18 29 15 21 17 8 23 18 20 15 25 13 15 27 19 17 4 
23 37 18 18 21 13 16 23 34 29 22 26 28 19 27 31 21 20 33 33 11 18 19 35 32 16 16 41 22 21 13 29 19 12 24 32 27 25 18 24 16 23 14 7 17 
30 33 20 14 19 15 16 32 27 22 13 31 41 17 30 17 33 24 37 21 15 21 13 36 26 18 21 31 21 13 13 26 19 12 33 20 22 17 12 27 17 21 27 15 26 
28 28 25 13 29 23 13 34 7 27 14 21 14 19 34 19 24 16 35 24 13 18 14 11 24 22 13 29 16 22 15 34 11 13 40 9 34 20 24 15 19 26 27 20 36 
34 17 10 17 18 16 21 22 15 22 11 14 23 26 25 32 27 20 12 37 19 23 19 24 17 23 28 30 8 15 13 53 7 15 30 11 34 15 18 14 16 14 20 18 24 
39 29 23 13 30 25 14 19 41 39 18 45 23 22 27 20 31 20 18 35 25 21 19 25 18 18 16 22 17 21 18 12 15 22 34 21 35 25 19 11 15 31 16 16 32 
47 39 30 17 11 8 22 37 43 17 15 19 25 16 24 24 30 15 35 39 21 27 22 24 18 16 18 28 21 16 16 27 17 9 26 19 18 28 9 15 16 17 33 17 24 
18 22 34 12 27 22 14 27 27 13 18 28 18 6 12 17 30 22 36 30 13 27 17 22 17 20 25 29 27 11 16 30 12 21 28 20 23 23 12 8 17 26 21 11 37 
39 28 31 13 19 11 25 34 27 20 15 33 19 23 19 25 14 23 23 29 19 27 20 22 23 19 19 29 19 31 16 33 13 16 24 25 18 24 19 15 19 22 15 19 31 
20 30 42 16 12 22 12 30 8 17 17 22 44 26 20 23 28 19 8 56 18 22 18 31 30 16 34 28 13 20 17 20 11 12 16 28 19 24 20 20 13 28 16 13 19 
22 25 31 18 17 25 18 23 18 22 10 20 28 18 24 21 24 16 22 34 20 17 26 24 15 25 15 29 23 12 23 33 11 11 20 13 27 33 16 12 13 27 21 20 18 
31 32 24 18 20 16 7 27 24 11 15 32 17 27 29 15 11 22 29 29 14 23 17 14 32 11 14 26 11 31 16 24 17 14 39 24 23 22 19 12 23 26 19 14 23 
34 32 17 13 16 30 17 35 30 32 6 22 21 20 16 26 18 17 29 45 19 21 16 2 34 23 20 31 18 24 17 24 16 15 29 20 14 20 17 23 12 34 12 9 29 
15 40 21 15 11 22 10 27 22 45 23 20 26 22 24 13 41 18 34 34 15 25 19 20 30 12 25 25 28 25 11 18 19 17 28 22 16 20 21 6 5 19 14 11 21 
37 41 28 20 19 23 17 8 26 34 16 29 36 18 35 28 18 10 29 41 22 26 15 18 22 21 34 35 14 23 17 22 15 22 23 17 23 19 18 19 17 31 14 12 23 
41 31 12 19 12 10 9 37 25 34 13 21 26 21 9 16 34 14 30 34 14 26 21 8 16 15 27 29 13 19 12 37 15 18 35 31 28 20 6 22 13 18 19 20 17 
39 40 34 20 13 21 24 32 30 13 15 41 25 24 33 24 25 25 28 31 26 23 12 30 20 22 23 48 17 36 12 16 14 14 29 16 24 23 15 17 16 29 20 11 22 
48 34 29 21 13 17 11 30 25 39 20 25 25 9 34 16 22 24 36 37 19 24 23 23 29 18 18 26 18 18 15 38 9 13 22 16 27 13 19 15 16 28 22 10 7 
24 24 26 18 11 28 25 34 22 26 12 25 26 19 35 19 35 20 32 36 18 26 12 27 25 17 8 21 24 18 11 38 17 12 18 15 18 25 10 13 12 25 16 6 25 
42 19 24 15 17 21 16 13 35 27 20 27 45 19 23 22 27 20 23 14 18 33 30 19 21 18 22 28 23 26 21 35 21 16 21 19 26 21 13 14 17 20 13 13 25 
35 29 36 18 6 17 16 30 26 26 17 11 36 19 33 31 22 22 29 35 18 24 15 24 28 12 19 27 22 15 18 32 21 13 27 16 38 15 27 13 15 26 19 11 13 
34 20 17 18 9 15 20 36 32 32 13 25 15 16 16 32 24 10 40 42 24 26 19 25 30 22 9 36 8 31 18 18 19 14 25 3 28 18 19 10 8 17 20 17 29 
8 29 19 7 9 17 18 21 33 23 15 33 32 20 13 21 22 24 36 37 23 31 14 32 27 11 27 32 19 22 14 26 17 23 20 17 32 23 16 10 19 37 20 16 22 
31 27 19 12 19 8 24 22 29 38 18 40 16 19 33 8 23 24 25 32 26 25 28 17 24 3 19 24 9 16 11 14 18 17 23 19 24 15 17 15 17 24 11 19 38 
44 42 41 13 19 11 14 30 32 20 21 21 28 20 35 20 27 21 24 27 26 19 27 29 36 17 14 23 16 17 10 21 17 11 23 30 37 26 18 11 17 27 20 13 21 
38 34 16 15 20 15 19 29 23 13 20 33 39 25 36 19 29 19 29 47 17 22 20 27 24 20 22 30 18 25 17 29 17 18 23 31 29 22 20 13 14 21 3 15 40 
33 16 18 21 18 15 10 32 23 18 17 37 34 18 33 37 30 20 18 21 21 25 12 30 19 18 26 27 15 24 17 23 9 19 35 32 17 15 10 18 15 25 17 22 30 
14 28 25 19 22 14 15 25 26 21 11 38 36 24 30 30 17 20 20 18 24 23 14 20 25 23 17 25 14 20 21 24 20 18 29 24 15 27 21 15 8 27 20 20 20 
22 27 24 12 18 13 23 32 26 26 12 26 22 19 25 18 20 25 41 40 24 27 24 8 30 23 30 20 18 12 16 27 20 16 23 19 22 28 28 13 11 30 23 13 24 
25 28 20 16 10 14 17 31 25 35 14 38 19 19 29 21 29 19 34 27 13 48 18 29 26 18 16 36 22 25 15 20 18 21 30 16 16 26 21 13 19 19 23 18 17 
31 39 34 14 31 6 18 23 27 27 11 21 35 21 19 24 31 18 37 38 11 22 26 23 34 25 12 30 13 23 14 14 21 15 43 22 29 17 23 12 14 19 17 13 11 
44 21 14 17 23 29 16 15 24 25 18 18 29 19 21 21 28 17 34 27 5 26 19 17 12 15 21 28 24 17 8 24 13 18 38 21 27 27 18 14 13 29 24 12 24 
21 32 30 27 12 6 21 29 29 32 14 28 35 12 28 17 29 19 30 29 27 7 24 23 25 19 23 22 17 29 14 36 19 20 19 24 24 23 22 9 14 28 22 9 16 
28 27 21 22 19 12 15 27 24 38 16 29 35 26 27 21 28 12 31 21 14 25 16 21 21 12 24 35 14 23 23 24 20 12 39 21 18 22 11 17 10 22 14 14 22 
48 10 26 19 13 15 16 25 13 30 17 18 22 20 30 22 25 25 27 15 12 28 13 18 29 25 23 26 13 15 19 34 7 9 13 4 16 21 19 11 19 22 21 17 8 
48 21 21 19 13 14 20 20 21 29 15 29 36 15 31 23 23 18 36 28 23 28 13 24 22 18 22 23 25 32 13 22 16 18 32 14 19 19 20 22 15 17 21 13 26 
9 21 31 14 27 20 23 27 26 30 9 32 21 19 34 13 23 18 27 39 10 23 13 27 23 6 18 33 16 17 13 19 19 7 18 8 18 21 25 14 14 33 23 20 28 
24 42 38 18 12 19 22 25 26 17 12 31 34 16 29 14 34 21 29 30 11 37 16 19 39 10 15 46 17 16 13 26 16 12 36 22 35 20 17 26 16 20 19 12 21 
24 28 24 11 16 19 19 23 25 17 13 20 22 23 18 21 28 18 33 22 33 39 18 19 42 30 29 33 16 27 20 26 11 10 32 14 16 23 22 16 22 30 18 19 28 
30 40 35 7 25 13 20 28 20 32 16 26 30 13 26 14 26 21 32 29 15 27 30 39 36 12 20 35 23 19 14 16 10 18 23 25 24 19 17 19 19 31 19 14 33 
29 32 27 14 19 17 10 31 39 17 17 36 27 25 24 19 21 22 16 31 13 21 23 10 14 19 25 19 12 22 17 42 16 10 23 21 26 31 13 12 8 30 21 18 21 
42 31 27 15 17 14 24 33 31 14 21 27 26 16 14 25 17 22 24 35 25 27 15 22 30 23 13 39 11 23 20 39 14 11 30 22 22 15 13 21 9 14 11 13 22 
35 38 24 22 21 22 26 34 27 24 15 20 23 31 19 27 27 11 32 16 23 19 17 18 32 23 21 23 18 28 11 8 13 18 38 19 23 19 27 15 10 32 11 12 35 
20 32 33 14 22 8 16 38 31 40 20 14 27 12 24 30 25 26 40 15 11 21 23 30 24 13 24 36 3 25 20 20 14 19 38 24 26 24 11 12 12 19 20 16 19 
41 33 19 20 17 26 15 15 25 29 15 34 25 20 25 36 16 15 42 27 24 25 21 30 20 12 12 26 19 36 21 31 16 15 21 22 11 13 9 8 20 20 10 14 23 
48 29 21 9 12 15 13 26 24 31 14 19 31 13 28 19 33 21 26 24 27 41 23 31 27 8 21 23 19 23 19 30 23 16 26 17 13 26 23 18 11 15 22 8 28 
15 41 32 21 15 6 14 15 28 16 13 40 23 21 24 15 13 24 11 28 32 18 18 23 17 19 19 22 18 20 13 24 17 25 33 26 17 21 15 18 19 19 25 12 21 
26 32 27 15 17 14 19 31 32 28 21 39 24 16 20 24 29 19 32 23 27 22 13 23 23 13 20 35 24 27 14 23 19 12 29 26 20 17 22 20 18 31 23 15 19 
6 32 30 26 23 23 20 29 16 14 13 22 28 14 28 16 21 17 41 21 13 31 12 30 25 20 20 37 10 26 10 29 14 19 19 14 28 24 15 12 9 27 12 17 38 
47 30 40 17 15 19 18 34 23 26 12 27 20 26 27 38 18 15 33 16 22 30 24 12 9 17 15 21 11 28 14 35 13 14 25 23 37 18 20 18 11 27 12 17 28 
43 28 16 18 19 20 25 34 35 28 18 22 35 13 21 23 17 27 26 32 26 22 21 39 27 22 22 15 18 34 17 24 15 13 20 14 21 19 13 15 15 12 17 14 28 
21 30 31 14 14 14 17 18 23 29 11 36 16 19 19 24 29 15 16 22 32 20 4 17 19 16 19 31 22 28 12 20 20 10 36 19 28 12 27 6 13 20 20 6 23 
39 18 21 10 19 10 17 31 15 25 10 30 18 15 22 28 32 25 26 34 26 26 26 17 19 18 15 21 18 17 9 33 12 13 38 19 25 28 18 17 7 33 14 16 30 
46 40 19 23 22 15 19 15 18 31 11 35 45 21 10 16 22 22 28 23 25 22 17 31 30 15 25 30 16 27 13 30 6 19 31 17 28 8 27 20 13 18 16 10 27 
29 32 23 12 12 13 20 14 24 18 20 28 29 22 25 21 20 21 42 27 13 27 20 21 27 25 19 23 18 32 16 11 19 13 34 19 29 17 20 16 10 38 16 15 29 
29 28 22 18 9 20 25 28 33 30 13 24 32 26 24 19 38 17 35 23 25 19 25 25 19 28 15 35 7 25 17 38 16 16 28 23 22 23 22 16 15 30 17 10 22 
17 34 16 18 13 13 22 20 13 32 10 33 6 21 28 6 10 22 27 26 23 29 23 29 26 15 23 38 17 27 10 30 18 18 29 7 26 9 18 16 14 24 25 11 15 
36 45 30 13 20 9 18 26 16 32 14 23 25 16 25 24 28 12 22 27 32 30 14 26 25 7 26 18 17 23 14 35 26 26 32 13 26 21 12 17 16 29 21 8 16 
25 29 16 15 15 19 12 34 24 24 16 20 39 14 27 25 22 28 35 19 13 28 28 27 18 23 20 20 21 18 21 34 22 13 30 17 35 23 12 23 12 33 21 13 24 
16 35 24 15 13 19 9 26 24 24 7 18 22 25 29 32 24 23 22 42 23 46 14 38 24 19 23 41 17 32 14 32 15 9 20 21 28 24 16 7 12 27 14 9 24 
35 33 18 17 15 22 22 26 29 31 11 29 23 23 28 16 29 19 35 16 28 25 12 16 28 12 26 22 15 13 19 42 10 12 20 17 32 31 17 13 11 9 23 16 24 
26 33 42 15 14 19 12 32 29 30 13 33 35 24 28 10 25 23 25 29 12 17 22 14 27 14 20 9 17 27 22 21 15 16 33 22 20 15 16 9 16 24 11 12 38 
12 35 27 13 18 15 20 29 30 2 19 31 18 26 21 20 21 15 30 38 19 22 22 31 24 20 31 19 15 13 9 34 16 11 31 17 38 23 13 12 19 35 16 16 29 
34 27 30 20 22 9 14 13 22 20 12 36 38 17 23 22 21 12 39 39 12 37 11 10 33 6 13 32 17 24 16 40 18 12 32 16 36 13 14 12 16 34 16 21 17 
33 36 27 16 18 11 22 18 16 19 19 24 35 17 27 28 18 16 28 22 23 32 26 35 19 14 13 20 20 20 13 32 11 13 25 15 29 12 29 8 15 23 18 19 29 
33 23 21 18 19 22 22 25 7 16 7 28 32 23 32 22 30 27 23 37 26 32 24 23 20 23 20 34 23 27 11 39 19 19 46 18 37 10 19 17 12 31 9 7 27 
28 24 26 19 12 28 19 28 43 20 10 22 38 22 35 19 20 14 41 29 20 29 18 22 30 20 27 16 25 21 18 29 12 14 27 21 24 25 18 11 16 36 21 19 21 
20 37 16 15 14 15 18 18 30 25 12 17 34 27 39 24 29 12 28 24 17 12 19 46 13 25 22 32 15 15 12 33 14 13 55 18 28 25 17 10 19 17 18 20 37 
16 38 13 20 14 24 21 30 27 28 19 33 33 23 20 28 23 12 29 23 20 24 21 14 34 17 25 29 20 36 16 45 12 15 19 27 29 23 18 17 18 22 26 14 28 
31 11 28 14 18 20 18 30 39 27 13 17 40 16 25 14 18 12 33 25 22 9 12 19 33 17 21 38 9 34 8 50 17 17 28 21 31 15 29 13 10 33 21 19 30 
45 23 30 9 13 14 20 24 35 26 19 35 35 21 32 32 35 25 35 20 36 25 24 37 28 21 24 45 16 34 17 17 10 19 39 23 28 11 19 19 17 30 14 16 34 
32 20 23 16 26 15 26 25 34 31 11 37 37 10 39 30 32 12 37 16 20 15 22 32 25 14 13 30 14 19 22 15 22 19 23 27 39 28 19 25 7 30 23 12 27 
21 25 34 14 23 14 17 28 35 19 9 22 34 21 28 24 13 18 25 34 18 35 19 22 26 10 10 34 23 20 17 31 18 12 28 30 27 15 15 15 22 29 19 19 29 
26 43 23 15 16 18 9 22 16 29 10 25 28 11 26 32 19 20 33 37 17 30 19 21 32 11 24 32 23 14 16 29 15 20 24 24 16 12 20 14 17 25 23 16 33 
43 37 26 8 11 10 17 38 20 23 16 31 24 20 17 22 36 11 40 35 29 26 37 32 27 20 23 31 12 22 21 28 13 11 21 22 22 15 19 15 11 11 22 14 23 
48 29 28 7 13 20 15 28 23 18 16 23 26 20 28 29 10 17 40 53 17 33 11 20 20 21 28 35 20 26 19 33 11 15 26 21 25 20 16 19 17 23 19 21 28 
26 39 19 26 24 13 19 43 14 22 16 30 24 21 17 28 15 12 30 23 26 27 14 27 32 25 11 15 18 30 21 19 9 14 27 24 20 12 18 16 16 28 17 10 23 
24 24 26 17 16 24 26 33 19 27 10 29 14 14 30 23 22 28 25 42 13 19 17 18 14 23 25 29 19 22 15 22 22 17 18 16 12 15 15 16 21 41 15 10 11 
21 35 32 8 11 22 11 20 14 24 10 29 33 13 33 26 21 21 23 26 21 25 19 35 17 22 20 30 15 23 18 40 13 21 28 21 26 23 16 8 13 25 13 17 17 
21 31 23 6 15 20 13 16 22 33 10 17 31 14 17 24 26 20 45 34 25 39 26 13 13 10 15 24 16 32 16 36 16 16 41 23 24 20 10 11 13 29 16 21 31 
30 31 26 17 16 18 9 27 28 48 17 26 35 16 26 17 20 15 21 31 13 28 15 20 37 18 27 27 25 18 14 18 19 13 30 16 16 19 16 15 18 18 21 13 24 
29 30 28 10 18 22 15 33 37 22 14 29 32 21 33 14 32 11 43 22 15 25 16 19 18 17 23 26 15 30 18 10 21 11 15 22 12 24 17 14 16 35 20 17 33 
34 32 25 13 15 12 20 35 35 22 13 26 32 23 31 18 25 25 27 27 22 26 18 28 34 16 22 41 21 19 15 27 18 14 23 20 18 1 15 12 15 6 23 13 31 
21 11 34 15 17 23 24 13 21 36 13 38 26 20 37 25 15 20 18 17 28 17 27 23 21 16 27 31 13 29 13 27 15 12 33 28 19 31 19 17 14 20 18 20 36 
18 34 16 21 17 23 23 27 33 31 13 27 25 19 37 9 25 16 20 33 19 18 16 24 39 14 20 44 15 19 12 34 20 15 30 19 25 20 13 19 20 16 13 11 30 
33 43 30 15 23 14 24 23 24 25 18 30 19 22 27 32 32 15 40 39 17 27 21 36 25 21 25 27 15 13 12 29 16 11 41 17 25 9 22 25 15 27 16 15 24 
13 42 22 17 25 19 24 26 19 30 10 30 44 23 28 23 26 28 35 27 17 20 10 18 23 26 12 26 16 16 16 32 15 12 32 19 30 21 19 14 13 21 19 11 23 
24 23 31 17 16 12 19 32 28 17 21 34 20 16 18 22 21 17 33 17 29 22 20 30 18 20 12 25 17 23 16 39 14 20 19 14 14 27 14 19 19 13 18 15 31 
40 26 38 13 17 15 18 36 35 29 10 33 37 20 21 19 20 21 35 36 22 29 16 17 23 24 11 45 13 22 13 24 16 17 25 25 21 8 21 16 20 33 18 16 23 
26 33 30 15 20 23 18 18 18 26 13 42 28 21 37 27 36 10 24 17 18 22 18 11 27 21 21 23 8 29 19 38 16 12 11 31 18 28 23 18 21 31 13 9 26 
14 39 36 20 19 15 14 31 19 35 16 25 21 16 42 15 27 7 29 20 31 31 21 33 18 20 18 21 15 32 19 33 16 10 32 31 27 18 18 13 11 22 15 13 27 
36 19 35 17 21 16 22 35 28 16 17 37 35 15 17 22 23 11 34 22 23 30 20 24 12 28 21 34 10 20 16 32 18 14 35 32 22 24 25 12 14 24 28 23 10 
36 33 32 16 17 21 15 21 28 29 10 33 32 17 25 30 31 22 36 42 29 20 21 18 32 16 15 20 22 14 17 20 17 13 27 19 30 20 25 18 18 19 8 18 36 
22 40 22 5 20 15 14 30 20 22 16 24 22 16 22 25 25 20 22 37 22 25 29 16 20 20 27 32 20 32 14 29 16 16 37 26 17 9 10 10 21 23 20 6 15 
17 44 36 11 16 27 16 24 36 24 4 12 34 25 32 22 25 20 34 15 27 34 20 24 22 11 36 21 22 15 12 34 21 12 18 31 24 27 14 18 22 20 17 13 25 
22 7 32 19 16 16 15 24 29 20 15 17 34 15 33 25 30 19 38 25 34 28 32 33 21 16 16 34 22 26 18 33 15 18 38 18 33 19 12 14 21 27 12 12 32 
26 32 22 18 19 11 20 18 30 21 14 16 30 15 21 16 11 26 15 31 25 27 15 19 27 16 14 20 12 32 18 27 13 12 22 24 24 18 19 11 12 42 6 9 29 
25 29 17 23 21 15 10 19 25 25 12 30 36 10 39 25 25 21 33 13 22 30 25 23 27 26 27 42 11 14 16 34 15 21 25 27 28 18 26 22 13 19 16 11 21 
25 35 26 16 22 14 12 19 20 23 14 32 14 19 32 15 29 21 38 32 18 19 15 34 25 19 26 27 12 38 20 19 19 23 18 26 22 28 14 12 16 26 21 16 23 
35 27 4 18 18 19 12 24 21 26 10 13 32 22 21 26 31 14 32 36 22 30 22 34 25 19 20 24 21 24 17 19 18 14 33 14 14 22 19 23 14 33 15 21 14 
35 17 23 21 19 17 18 34 22 13 25 25 16 21 33 23 22 20 21 41 14 15 23 18 26 16 22 17 19 17 14 26 8 13 29 25 23 17 19 5 14 23 16 23 16 
24 20 27 11 20 14 16 25 36 23 19 34 34 15 26 19 23 15 31 39 16 17 20 27 19 14 12 27 18 27 17 31 21 14 24 26 39 26 21 12 18 19 13 17 6 
40 23 23 21 17 25 13 38 24 24 16 21 44 17 26 10 36 21 27 63 21 22 18 23 18 18 26 12 23 11 14 27 16 16 24 33 14 17 24 13 18 39 22 17 16 
32 36 23 11 20 20 19 47 17 25 21 28 34 15 40 21 30 13 23 28 14 18 24 17 22 14 20 30 22 30 16 26 10 14 31 24 21 20 16 10 11 37 18 10 33 
30 26 26 16 17 18 12 32 19 33 8 36 35 9 26 25 12 19 31 34 15 27 19 33 23 20 26 24 14 32 10 12 18 13 15 9 23 11 13 12 12 25 26 11 32 
36 28 19 21 23 28 16 20 35 19 18 38 31 15 41 21 17 13 22 22 11 31 21 17 18 14 22 25 26 25 16 14 12 12 26 18 27 22 21 14 14 23 17 21 22 
25 37 28 11 22 20 15 26 27 28 9 25 47 20 27 17 34 21 29 28 23 32 26 13 20 19 19 24 21 20 14 36 23 12 33 34 31 25 12 10 14 15 14 14 32 
48 15 28 20 21 17 27 22 15 23 7 23 34 20 24 20 23 14 25 42 27 28 20 13 23 20 25 30 14 22 16 35 15 17 30 24 19 11 2 14 21 33 9 10 37 
24 37 20 12 17 17 15 28 32 30 17 26 22 11 29 25 21 22 30 37 25 22 8 18 24 19 16 27 15 15 19 31 18 15 38 28 24 26 19 18 22 22 19 14 25 
38 29 28 14 16 20 18 25 18 39 14 35 21 15 23 25 18 11 32 23 19 35 28 22 22 19 14 28 21 29 11 30 15 20 34 15 22 16 16 17 18 33 17 21 18 
30 22 41 20 21 17 12 35 25 29 14 23 17 20 27 18 21 13 30 16 26 33 23 25 21 18 13 14 16 13 19 28 19 16 32 20 16 13 22 18 20 24 27 13 23 
24 33 29 11 15 10 11 32 31 26 13 1 21 24 19 19 23 18 30 35 30 30 15 24 24 12 15 21 20 26 8 28 10 15 29 8 25 12 19 15 15 25 18 16 22 
25 13 33 11 18 12 16 39 20 16 18 35 35 23 32 26 17 9 37 39 26 30 23 24 27 16 19 41 18 23 12 28 20 12 14 20 26 34 20 14 25 32 17 14 28 
36 41 23 18 17 22 22 22 25 39 14 33 29 17 18 29 20 13 38 15 24 20 18 20 24 23 15 25 16 17 13 31 18 12 25 25 15 25 18 17 13 33 15 17 24 
16 41 37 18 23 21 19 27 24 38 17 30 36 25 31 24 18 24 24 29 8 26 19 26 19 20 16 28 17 25 14 32 14 15 29 23 28 19 22 16 18 27 19 23 27 
34 24 33 18 22 19 17 28 16 33 15 37 21 18 22 21 24 21 32 37 17 18 18 22 21 20 19 17 19 21 17 27 14 6 33 20 33 12 20 17 18 13 14 12 21 
29 31 27 16 28 16 14 32 22 23 19 33 34 6 32 18 19 16 37 57 17 26 23 32 18 29 23 32 18 18 14 23 16 10 33 16 8 26 23 18 22 15 18 18 14 
14 23 16 15 17 13 12 20 18 38 20 40 12 15 17 26 30 27 20 26 23 25 19 27 28 24 25 24 23 19 11 36 23 17 25 14 25 26 22 12 7 23 17 14 36 
38 20 35 20 24 3 18 27 29 22 21 35 18 29 40 17 22 17 30 41 28 26 15 27 17 14 28 26 20 30 17 23 19 12 22 18 18 20 25 22 13 24 19 12 30 
26 39 31 15 23 24 21 27 23 26 11 31 30 19 39 29 21 15 13 12 22 25 29 26 25 15 13 25 22 19 16 21 15 13 41 23 13 23 18 18 13 11 19 18 12 
27 21 29 10 19 18 26 28 17 27 10 41 29 14 44 22 29 17 33 26 16 28 28 35 30 18 18 28 18 22 13 51 21 18 31 22 34 20 15 16 13 20 24 15 28 
23 36 40 5 16 8 22 31 32 29 20 20 33 21 26 18 28 27 32 29 19 28 16 8 9 23 16 26 28 36 15 24 19 18 29 16 25 24 10 16 16 28 18 10 16 
29 39 25 14 22 23 22 17 20 24 10 18 39 30 11 20 20 18 55 57 32 30 15 19 30 23 12 31 24 33 20 31 17 13 36 22 20 22 26 12 14 25 26 11 26 
38 19 22 16 20 10 26 28 17 13 24 28 24 12 26 14 27 11 16 22 15 22 28 27 49 12 21 35 23 22 11 40 18 12 26 25 20 21 22 14 12 28 12 18 17 
26 30 29 15 14 15 14 31 29 31 19 35 12 21 22 28 32 20 22 33 19 25 14 32 31 9 16 27 17 37 11 46 12 12 28 21 21 23 16 16 17 30 20 10 33 
36 48 10 17 22 16 17 30 20 22 18 13 30 14 23 19 21 16 26 46 22 38 27 37 29 23 16 26 17 24 17 34 10 20 34 24 34 19 16 12 11 31 20 11 18 
27 32 22 23 22 22 18 22 15 45 12 30 25 20 31 33 35 19 32 35 23 18 34 19 38 22 19 34 22 28 13 39 13 15 14 21 23 21 13 17 17 28 22 14 10 
17 23 38 23 20 12 23 28 31 18 14 46 16 18 23 24 29 20 18 30 13 19 16 31 17 7 28 9 20 20 15 35 12 16 19 23 26 14 14 17 23 31 17 17 27 
26 41 17 20 16 22 16 28 15 33 18 25 21 24 30 20 34 22 20 31 29 27 11 22 24 18 25 36 22 28 21 41 16 13 24 10 20 23 19 19 12 28 15 16 26 
34 23 17 17 24 10 13 26 37 20 17 31 42 23 38 22 20 17 51 16 25 26 23 33 30 15 19 23 13 17 16 30 15 17 24 19 26 28 26 10 18 21 17 13 23 
23 21 16 20 18 15 22 28 33 33 18 20 35 14 30 13 29 24 29 31 17 30 22 28 16 15 23 26 11 14 14 23 16 10 34 16 29 27 10 15 14 29 16 16 20 
24 38 20 18 18 23 11 33 33 43 13 26 30 21 35 20 20 22 32 30 19 29 18 27 26 23 24 28 12 22 16 22 16 10 41 23 21 14 19 20 9 26 22 11 32 
34 46 28 16 15 15 22 32 28 23 22 27 25 13 30 16 35 11 34 28 24 23 21 20 23 12 25 26 18 28 13 32 16 16 42 9 20 17 9 13 4 19 26 19 23 
26 26 31 16 25 23 20 33 24 14 11 27 33 22 34 12 19 21 31 15 16 27 16 32 22 28 15 34 22 26 17 29 17 17 31 22 15 15 15 14 13 38 13 16 16 
31 31 23 13 15 12 23 23 27 13 11 31 26 16 22 17 19 17 30 39 20 32 29 30 23 15 17 27 20 14 9 34 18 17 31 29 18 11 15 20 21 20 15 13 16 
29 30 23 11 20 18 17 25 17 38 10 26 16 20 16 20 25 11 37 24 14 32 28 37 26 11 24 34 15 13 20 43 13 19 28 19 28 29 18 15 12 27 13 11 19 
35 17 27 20 18 23 18 28 26 29 15 28 41 11 30 31 24 24 24 29 14 17 16 26 32 14 28 26 17 16 21 34 18 18 31 11 21 21 24 16 13 21 13 10 21 
39 35 33 15 16 17 18 30 28 23 15 31 38 19 26 30 35 7 19 33 10 30 7 29 17 19 21 31 23 30 21 39 12 17 17 33 24 23 26 15 17 31 23 16 22 
44 36 25 24 18 16 18 20 39 34 9 23 23 15 22 31 21 19 21 32 18 33 19 16 25 18 23 24 19 37 14 37 18 12 28 13 18 8 19 16 23 35 21 20 21 
29 18 28 25 13 13 22 19 32 26 19 26 27 21 24 10 28 25 22 45 16 20 20 9 20 22 16 18 24 16 14 29 22 12 27 12 37 20 15 20 15 24 16 17 14 
21 22 26 26 17 24 13 32 18 34 7 15 47 16 28 26 21 14 26 39 21 24 10 16 16 28 17 29 22 14 19 17 9 11 27 12 17 15 13 13 13 23 18 12 37 
28 20 22 22 14 21 15 22 43 31 13 41 38 21 23 22 22 22 18 35 12 34 17 13 24 8 19 26 16 14 24 41 18 15 42 19 21 18 20 12 11 20 11 13 22 
40 27 23 14 20 24 20 27 38 16 10 29 14 18 22 21 21 15 20 16 17 26 16 40 27 25 22 32 17 18 20 34 19 16 41 21 23 22 22 22 3 20 21 18 25 
37 31 34 17 18 23 19 22 28 31 16 37 17 12 32 32 28 21 23 18 18 18 27 13 28 22 16 33 24 18 17 38 18 14 24 14 16 29 19 15 12 19 14 18 27 
26 39 38 15 13 16 17 40 16 34 13 30 17 20 25 20 33 22 25 37 23 25 19 23 20 25 16 28 13 26 12 19 19 17 19 17 27 11 26 12 19 21 16 18 11 
40 43 25 17 19 13 17 15 32 18 19 32 27 10 36 26 22 17 49 37 19 28 16 24 29 17 15 29 14 23 14 25 17 13 37 21 23 17 11 16 14 17 4 12 25 
29 25 35 16 25 20 22 24 17 32 14 21 38 25 17 25 15 17 24 39 15 29 26 20 26 18 27 22 18 23 15 42 20 10 37 22 16 20 17 12 18 24 8 18 28 
14 30 21 19 17 25 17 30 34 31 17 15 41 21 40 32 24 22 30 41 21 23 13 15 30 16 14 25 15 23 14 44 14 14 25 25 49 23 22 15 17 19 16 16 20 
35 45 20 11 11 14 12 25 21 20 9 41 27 20 14 21 18 19 36 14 26 27 16 23 28 15 19 37 17 16 21 31 19 14 35 24 16 16 15 13 10 38 14 16 36 
29 21 24 19 21 16 19 26 25 33 18 32 29 23 24 13 23 17 37 26 24 15 21 27 29 22 26 20 14 26 23 19 16 13 27 19 24 23 13 14 13 23 18 15 21 
19 30 41 16 17 17 20 19 29 26 17 19 35 25 35 24 24 26 31 32 36 21 19 26 29 22 20 34 20 32 17 26 13 23 27 24 36 22 20 19 14 34 12 13 28 
38 30 20 22 13 12 24 26 33 22 11 28 44 24 34 31 31 20 29 31 25 28 14 33 40 14 17 35 22 23 12 45 19 19 28 5 11 26 19 11 18 32 11 23 21 
35 18 25 16 21 23 11 21 21 21 16 24 17 19 29 19 29 18 34 20 13 14 21 25 28 27 10 26 16 32 20 38 23 13 14 17 31 31 13 18 10 34 14 20 30 
22 29 14 19 11 17 11 36 38 42 13 23 14 17 30 17 32 19 18 30 26 23 17 34 22 13 20 40 17 21 17 21 27 12 27 21 16 24 20 22 20 33 14 20 24 
21 33 17 19 12 20 24 16 34 19 9 21 40 12 4 5 29 14 37 38 11 28 31 27 18 21 13 48 17 29 13 28 13 16 30 19 20 24 12 15 20 44 10 8 20 
37 33 25 18 12 19 25 34 26 21 15 34 30 22 24 34 28 23 27 26 17 28 22 15 24 18 20 14 19 16 10 31 22 14 42 21 11 31 17 19 16 30 14 7 27 
31 2 20 14 28 15 20 19 27 26 18 22 25 17 33 28 29 17 22 31 25 20 34 27 32 11 13 26 15 30 15 12 12 19 32 17 32 12 22 11 12 24 30 22 29 
38 38 24 12 16 24 17 34 24 29 16 25 6 18 27 21 34 16 33 45 5 42 19 24 41 26 3 35 17 27 13 26 21 5 29 24 12 20 18 15 15 27 23 17 25 
31 38 38 21 15 12 20 23 27 25 8 9 41 25 28 28 32 12 17 33 17 32 27 31 34 25 23 31 16 13 20 33 10 15 25 14 28 28 9 11 15 22 16 16 31 
26 23 20 17 10 16 21 27 16 32 15 24 21 16 14 26 32 18 27 9 19 44 10 25 20 24 20 22 17 24 13 31 21 11 25 29 33 12 17 15 16 25 21 16 31 
30 38 32 15 15 16 21 35 34 26 25 40 16 12 28 23 22 14 41 28 21 33 28 22 31 23 18 32 15 28 16 19 18 12 23 25 31 18 12 13 18 22 18 18 28 
31 32 28 12 11 15 16 15 22 16 16 26 23 22 28 21 22 16 28 45 13 27 4 30 26 19 17 26 15 14 14 24 16 19 38 16 30 30 18 15 16 27 18 22 19 
21 39 31 14 18 11 16 28 30 25 11 31 46 15 23 18 21 22 29 30 12 22 25 26 25 27 32 37 11 28 16 27 12 13 20 14 23 11 12 17 16 26 17 15 35 
38 23 24 24 13 7 17 27 41 27 15 30 37 15 20 25 19 15 35 39 22 16 23 28 31 19 27 25 17 20 20 35 14 16 31 7 36 34 22 10 16 26 13 10 25 
37 27 28 18 11 15 22 18 15 28 9 19 7 20 30 21 32 20 31 42 28 16 22 22 25 10 29 15 22 6 16 16 16 13 45 16 36 19 19 12 11 20 20 17 30 
25 34 29 23 16 13 29 14 19 31 20 37 35 17 24 27 19 15 20 13 16 16 18 16 18 20 17 28 16 22 16 27 14 14 23 14 24 23 18 15 12 16 20 17 21 
39 29 25 11 22 19 16 26 28 17 20 32 33 14 12 23 23 10 31 30 17 20 27 36 30 19 21 22 21 30 14 38 12 12 32 10 21 23 20 16 14 28 25 16 31 
30 42 28 16 12 20 14 28 28 21 21 29 45 20 13 22 36 9 39 34 18 29 16 26 21 16 9 32 23 26 13 28 19 15 28 25 19 24 18 19 17 26 16 10 14 
22 39 33 20 21 19 5 17 16 13 13 31 14 12 23 31 24 13 38 19 25 27 12 23 23 15 24 31 17 31 16 38 12 20 22 9 22 24 15 12 14 25 14 16 34 
33 22 19 17 20 17 15 31 24 16 20 23 28 15 35 20 14 20 33 30 13 19 19 29 26 16 13 41 23 23 21 29 13 14 30 22 24 24 17 22 15 18 27 17 30 
32 24 37 10 20 21 20 20 19 35 11 17 34 15 22 25 18 18 11 32 19 19 19 19 36 21 25 35 23 22 12 30 16 14 35 20 21 14 15 12 22 25 9 10 31 
35 34 12 18 17 14 13 37 31 23 20 20 23 11 13 29 30 17 21 25 19 29 16 17 28 24 16 44 13 23 17 34 10 10 37 24 16 11 20 9 13 20 18 19 38 
33 20 44 21 24 16 22 25 37 23 17 24 39 9 21 26 19 21 35 22 19 37 14 38 24 12 12 40 10 20 22 30 14 8 44 18 23 33 18 12 13 26 20 18 22 
33 31 25 15 16 17 18 24 21 19 13 18 32 14 24 16 34 15 28 32 12 19 15 29 22 21 22 38 14 25 7 29 17 14 32 21 25 12 16 14 16 30 14 11 27 
8 29 28 14 22 21 22 23 7 29 21 21 23 20 39 22 27 12 22 38 9 35 22 21 16 3 20 34 21 20 18 20 23 9 34 21 17 23 22 14 16 33 28 24 30 
40 26 26 11 16 16 21 26 33 26 17 21 24 24 25 30 27 17 25 29 12 24 10 30 39 9 17 26 13 13 15 31 17 13 32 20 25 10 19 9 14 25 24 20 13 
32 42 27 18 24 13 24 28 35 27 18 27 48 14 21 26 27 19 22 21 17 13 11 8 31 11 11 22 27 25 20 22 18 15 9 25 15 24 24 17 17 30 15 17 31 
39 48 11 18 15 20 17 21 27 41 14 21 14 11 28 19 30 25 23 38 26 27 21 23 11 9 20 20 18 16 8 26 15 21 34 24 24 18 13 16 17 32 18 24 34 
20 20 28 14 16 15 28 34 13 29 15 36 21 21 28 21 27 13 19 27 21 42 30 29 23 18 29 16 19 23 9 38 18 18 31 28 34 15 16 8 11 23 17 19 26 
21 32 37 17 17 15 19 28 23 34 15 24 10 18 30 26 18 15 34 32 20 29 25 13 23 15 23 21 5 15 16 34 16 19 40 30 17 25 20 21 13 16 18 14 21 
29 22 23 12 21 21 17 21 25 28 16 24 34 23 28 27 27 21 34 26 30 13 21 19 29 15 18 30 12 28 19 35 17 25 26 16 25 20 27 14 14 35 11 13 28 
24 17 21 14 18 20 18 49 33 20 14 36 30 17 21 18 31 17 52 31 28 33 21 37 26 21 15 20 23 29 12 32 17 13 30 25 25 20 20 16 11 30 21 17 31 
31 31 25 14 17 22 20 27 25 27 7 27 21 12 31 19 27 21 32 24 31 27 26 23 27 11 17 27 7 29 17 26 18 17 24 15 32 17 15 17 16 17 9 7 28 
25 22 27 12 18 24 15 22 30 29 8 31 25 16 31 21 29 20 31 28 11 28 20 25 13 19 21 31 18 16 17 30 11 13 34 8 16 19 14 17 23 22 10 16 31 
27 40 31 23 20 20 20 26 30 21 16 21 31 22 28 37 34 16 21 35 24 28 19 13 14 12 27 26 19 15 16 21 19 16 37 18 16 20 24 12 19 13 26 11 29 
10 37 21 13 14 12 24 15 19 28 13 32 18 19 31 26 22 3 33 32 29 22 9 28 22 19 20 36 16 30 22 39 15 21 32 14 31 22 21 11 21 17 10 18 30 
31 26 42 21 13 16 21 24 24 30 13 24 32 22 31 25 26 15 30 25 10 27 10 21 20 9 28 30 20 37 18 17 18 15 34 22 29 18 22 17 14 22 19 20 14 
26 25 39 12 14 16 24 30 23 21 16 33 27 16 38 11 21 13 35 25 23 28 14 18 22 15 19 36 20 14 23 34 17 19 15 13 28 32 23 22 21 29 26 17 31 
37 20 29 16 19 11 16 30 24 32 18 22 32 16 32 18 26 25 18 34 14 20 29 19 25 23 13 31 25 29 16 30 20 20 28 10 33 31 9 12 15 16 16 10 25 
38 34 32 18 22 13 18 38 27 21 3 17 36 30 29 23 20 9 31 45 18 13 22 27 13 11 21 52 12 29 13 21 11 4 37 9 17 20 21 10 16 23 17 16 35 
20 37 23 12 21 15 17 21 31 31 9 37 19 14 26 19 22 20 38 28 18 28 13 28 44 10 19 42 17 30 20 34 14 16 33 25 24 17 22 9 17 31 23 15 22 
20 29 20 17 25 17 23 17 17 26 15 31 30 16 29 18 22 22 28 29 12 29 19 18 18 10 21 26 17 31 8 24 18 20 34 18 32 13 14 10 17 20 19 19 27 
22 30 30 21 7 14 14 35 28 39 13 15 43 22 22 20 17 20 30 20 24 11 18 30 24 27 17 37 11 28 15 39 12 12 28 13 25 16 17 20 8 26 17 13 23 
32 38 20 14 18 16 20 21 35 25 19 13 16 17 25 13 28 20 52 32 22 24 32 25 12 18 26 26 13 25 12 31 20 13 35 19 15 28 7 18 15 14 18 13 17 
26 27 38 15 16 15 22 29 27 32 11 33 17 17 30 26 19 25 15 35 9 22 24 15 27 19 13 26 21 18 19 35 15 8 32 25 17 22 22 9 19 33 14 20 26 
11 39 21 23 18 14 25 33 18 21 17 34 23 14 12 21 14 21 39 28 20 20 21 16 24 19 23 30 14 9 20 28 18 16 42 23 26 25 19 17 17 36 27 13 25 
34 20 26 17 15 22 14 15 42 27 20 17 26 12 21 13 22 23 22 33 16 23 27 8 22 13 25 32 14 18 17 29 9 19 21 22 26 18 15 10 10 24 8 23 25 
22 32 23 15 18 19 21 32 40 29 12 22 15 15 26 25 13 20 35 12 17 31 18 15 26 19 22 31 14 14 17 41 14 15 18 17 27 18 22 10 25 29 25 13 36 
39 40 30 17 20 22 25 24 32 33 12 23 40 27 25 32 28 17 30 37 32 13 16 32 30 20 36 39 24 32 21 39 9 17 25 13 15 10 15 16 16 24 7 12 25 
29 37 32 10 22 17 20 28 12 16 25 39 28 17 44 14 25 20 29 26 17 32 30 28 31 22 31 20 18 17 14 30 20 11 28 14 29 17 16 16 15 21 22 21 26 
19 41 27 14 18 16 25 24 36 39 19 18 42 19 19 23 20 18 41 16 19 22 16 23 26 10 18 28 27 19 10 19 12 11 16 12 26 28 15 10 13 23 16 12 36 
5 39 25 17 15 18 18 31 28 29 14 18 16 26 27 31 26 24 42 31 29 25 17 31 18 19 15 13 21 21 23 21 14 15 24 15 17 9 22 23 17 28 22 9 28 
30 21 25 18 11 24 18 36 25 25 12 17 27 6 32 20 27 25 29 40 20 22 29 29 23 23 14 29 22 18 13 35 16 17 28 21 32 24 21 19 15 25 25 19 24 
27 16 28 15 11 18 3 22 25 30 19 23 30 17 25 29 23 25 28 29 15 21 22 27 34 13 13 35 14 20 15 28 17 14 41 31 21 10 7 13 12 19 27 17 34 
26 32 14 23 18 21 21 28 40 26 17 19 35 9 25 28 27 18 31 30 28 36 7 38 12 16 10 20 22 24 12 33 18 17 17 19 26 17 21 14 15 38 13 9 17 
33 35 25 13 17 15 19 21 33 27 13 19 42 19 24 28 21 5 38 33 23 20 27 21 13 23 16 30 21 21 19 33 16 14 33 26 25 15 15 23 8 36 13 18 16 
30 29 16 20 22 20 17 22 36 18 13 25 29 23 33 29 19 23 29 20 14 21 6 28 26 15 17 27 20 20 10 31 17 15 27 11 34 21 26 11 12 11 20 15 15 
39 19 21 18 23 11 14 29 27 24 13 34 32 17 19 25 14 8 30 17 24 14 10 15 15 16 11 19 17 12 12 32 20 6 29 23 28 19 13 11 11 32 20 14 39 
28 9 26 16 22 14 20 24 29 16 13 21 20 11 17 19 30 14 33 36 21 10 20 20 26 19 18 18 23 26 14 33 11 10 27 15 26 22 23 22 15 24 15 13 22 
24 20 23 12 16 26 22 33 13 19 12 32 34 25 23 22 21 16 37 39 26 16 26 18 21 11 28 15 16 15 15 26 21 14 35 14 17 17 18 20 17 12 26 12 32 
16 26 33 15 14 15 16 30 27 22 23 26 36 19 34 13 18 18 40 40 19 24 28 21 19 16 14 31 24 15 25 24 14 23 24 16 12 17 17 17 11 24 15 14 33 
40 37 20 14 24 18 19 28 25 26 13 28 24 17 29 28 35 13 24 36 24 22 22 13 41 15 18 31 19 22 15 22 16 14 25 25 18 16 22 16 13 24 16 8 30 
41 34 34 24 24 18 14 11 28 16 21 21 35 21 32 15 27 19 8 29 18 18 13 14 12 12 28 34 30 33 17 44 19 15 32 14 11 34 10 13 15 35 7 6 15 
32 22 31 16 22 15 19 28 42 31 20 19 31 17 31 34 39 21 29 21 22 28 16 18 30 24 21 29 9 21 18 22 17 15 36 18 8 14 29 16 19 28 22 20 20 
37 24 31 14 21 17 23 25 26 30 20 29 25 25 20 13 15 18 30 13 21 25 18 36 25 13 17 38 18 17 14 35 16 17 20 20 22 7 18 17 14 20 13 13 17 
25 23 29 15 12 24 11 20 12 25 15 15 28 19 27 17 29 13 32 32 29 27 28 37 26 16 15 42 21 13 19 25 8 12 29 23 24 21 18 15 12 22 20 7 22 
23 37 29 19 16 23 22 23 27 28 14 29 41 19 21 17 22 18 29 48 22 39 25 27 15 13 15 29 18 24 9 19 19 21 22 25 24 23 12 18 10 28 18 12 22 
23 41 29 11 22 22 21 23 32 20 17 22 26 26 33 21 13 22 30 27 33 17 15 30 23 19 18 37 12 26 20 32 15 17 30 17 22 20 20 18 14 29 8 18 27 
29 25 25 10 13 24 7 37 21 19 19 30 24 25 24 36 21 13 35 32 25 20 24 35 9 20 20 42 27 22 13 16 16 18 33 25 19 27 19 15 13 20 19 7 20 
22 11 21 20 11 26 12 25 19 23 18 26 23 13 14 24 21 17 19 37 19 28 25 29 36 21 22 36 15 18 16 42 20 17 37 19 25 7 16 18 19 21 21 19 33 
20 36 16 19 22 23 21 35 19 27 16 43 26 15 41 30 21 10 27 34 20 25 17 19 17 21 23 22 22 16 20 30 14 12 31 24 15 22 10 21 14 24 15 15 22 
35 14 34 22 19 21 15 40 25 28 17 40 29 25 18 22 31 13 29 30 31 27 19 29 26 27 19 40 26 9 19 42 22 18 41 28 20 16 15 17 9 26 12 11 33 
56 23 36 17 17 22 12 29 30 12 11 34 32 18 21 31 21 12 33 25 24 32 27 24 10 8 30 16 13 29 6 30 14 22 21 23 21 17 24 19 16 31 6 11 32 
33 35 25 14 25 15 20 38 26 29 17 46 22 13 30 30 41 20 26 36 17 12 24 23 28 17 20 28 20 23 18 26 18 13 36 16 34 13 12 9 19 24 13 13 37 
39 26 20 16 28 19 20 24 31 18 13 19 29 16 18 31 23 17 30 21 21 41 13 21 33 19 18 30 20 23 11 29 20 11 15 25 27 22 21 9 9 40 21 19 26 
23 22 20 17 14 33 27 25 32 26 14 23 50 17 26 23 33 10 32 43 24 10 17 22 31 19 23 33 11 18 8 36 13 13 28 23 22 17 14 11 24 32 17 18 18 
24 38 26 14 17 13 15 35 37 31 15 39 25 9 21 32 31 20 19 32 23 28 28 16 24 20 19 36 16 21 13 23 13 14 28 26 19 34 24 23 16 24 10 21 26 
34 28 30 9 21 16 20 34 29 32 12 18 25 17 18 24 34 8 37 46 25 23 23 27 19 14 13 34 18 23 11 38 17 7 25 25 20 25 19 17 8 18 20 15 28 
30 46 26 10 14 13 8 34 22 19 17 33 26 17 23 10 18 17 26 26 25 20 15 28 27 13 22 17 18 26 18 35 16 16 20 15 26 9 10 20 9 30 22 27 48 
31 27 21 12 21 13 22 23 22 22 20 33 22 26 27 27 14 19 31 34 21 11 15 34 24 18 12 31 23 20 19 35 14 18 11 11 35 19 22 18 18 15 19 15 26 
35 24 34 13 20 15 19 34 19 35 19 33 27 19 46 17 22 11 31 20 12 23 17 24 21 12 10 12 21 17 23 20 14 8 31 22 22 23 19 17 10 16 8 4 29 
36 32 18 17 19 14 22 26 22 28 8 35 51 27 25 19 19 14 28 39 26 23 18 11 24 14 8 38 21 20 17 21 15 16 24 21 32 18 23 19 18 26 22 17 24 
22 29 21 19 11 27 17 24 30 16 17 28 12 15 21 22 28 18 49 41 23 40 13 30 30 17 22 34 21 20 20 12 13 9 20 19 15 17 11 14 24 13 13 12 25 
36 48 23 12 20 12 24 32 32 28 19 20 39 22 9 19 26 23 32 41 13 23 17 14 22 21 24 30 16 13 15 18 18 10 45 25 27 21 18 16 12 16 23 8 16 
30 40 21 8 22 19 8 26 26 17 13 32 40 14 10 26 29 22 26 19 23 26 27 16 18 14 34 23 22 16 11 31 8 20 37 26 24 15 23 14 15 29 27 12 12 
32 38 12 17 14 23 15 20 24 19 17 34 39 19 30 19 23 13 42 43 8 31 19 9 21 8 24 21 14 24 20 30 21 16 26 15 30 20 18 12 14 40 8 18 33 
26 23 24 16 14 21 8 19 37 34 15 24 28 12 32 36 20 21 32 33 15 33 29 27 28 17 13 24 18 20 16 41 11 11 24 22 13 13 15 14 7 29 20 19 19 
27 32 24 12 25 23 22 27 36 23 16 27 30 9 24 30 18 14 23 30 17 28 18 25 20 24 16 22 17 25 14 29 14 14 30 24 25 19 27 8 19 18 21 22 21 
35 34 33 23 19 20 10 18 25 32 19 30 38 15 30 21 36 25 25 33 16 31 24 26 22 18 16 25 12 22 8 20 19 12 37 19 25 20 22 18 26 13 27 21 28 
35 23 30 22 16 11 27 23 33 15 12 33 38 20 29 24 28 19 35 32 29 28 19 27 28 23 20 41 22 20 14 25 19 14 32 21 30 22 21 16 20 27 22 14 21 
48 34 30 16 11 21 21 27 34 35 11 8 33 19 25 24 28 19 19 36 12 27 28 17 23 19 12 26 22 13 19 24 20 21 37 19 8 18 14 21 12 23 23 8 25 
27 35 25 17 16 19 26 15 18 26 16 34 34 17 32 28 27 11 16 37 19 40 32 19 27 24 22 32 17 29 12 25 18 5 32 12 21 21 16 23 10 26 17 23 23 
30 28 23 12 18 11 19 37 17 14 14 22 33 16 29 29 21 15 28 10 29 26 28 32 25 28 23 50 16 27 15 36 13 21 15 5 14 8 19 17 17 32 13 17 33 
27 35 20 20 19 15 19 29 17 33 16 32 29 26 25 19 22 23 22 28 24 18 8 19 31 10 25 35 16 30 15 25 13 14 17 19 33 23 20 16 15 17 25 17 25 
20 44 20 13 19 18 14 21 21 32 8 33 24 14 32 11 15 16 34 25 5 30 25 28 21 11 16 32 23 7 15 38 15 6 19 21 39 22 18 13 15 33 29 10 25 
26 25 29 14 11 15 18 24 22 31 21 38 22 11 23 16 20 13 47 23 29 24 19 39 25 15 30 31 23 26 16 36 17 15 26 29 21 25 16 23 19 27 19 16 21 
40 38 25 5 20 21 21 29 28 26 18 25 13 18 34 34 21 19 35 22 17 34 24 26 25 20 14 20 16 20 15 24 20 14 28 16 34 22 17 20 15 28 16 13 7 
26 27 25 18 15 16 22 24 29 30 11 42 36 22 31 22 22 22 27 27 20 31 20 22 25 16 24 24 15 23 11 32 15 17 33 19 30 22 12 16 16 35 22 16 12 
32 28 41 10 18 25 18 36 23 24 10 28 29 13 27 25 19 13 33 22 26 19 9 26 29 10 14 38 9 24 14 29 19 20 35 29 27 24 16 18 12 12 23 19 22 
24 35 29 9 21 17 15 9 20 24 14 36 30 24 27 23 32 24 31 40 25 36 28 35 30 14 26 35 20 27 12 26 13 12 10 22 23 21 15 22 16 20 20 17 22 
22 29 30 15 16 23 11 26 27 31 15 42 20 19 25 20 27 15 24 30 22 16 23 22 27 13 11 22 25 19 16 19 15 8 7 15 18 18 23 18 18 29 14 14 34 
14 48 23 16 20 7 16 33 36 41 17 41 25 7 34 23 35 22 18 20 22 29 8 27 38 14 25 33 10 15 17 27 14 11 36 19 25 25 26 14 12 23 19 11 31 
8 25 25 18 16 16 20 26 28 18 13 26 32 17 27 22 14 13 37 34 11 34 11 24 21 23 26 20 9 15 20 26 15 20 25 14 32 14 17 11 15 28 21 18 27 
36 31 29 14 13 18 17 37 34 17 13 16 22 19 24 27 40 19 20 31 23 18 25 18 26 17 11 32 22 18 13 34 10 12 17 21 15 20 12 20 9 27 16 15 21 
24 26 29 14 14 9 26 24 18 27 15 38 34 20 22 24 31 12 32 12 9 18 31 27 20 14 27 42 23 11 20 40 12 8 38 27 27 25 18 8 13 32 14 15 19 
6 36 26 21 19 11 23 18 22 14 13 33 36 28 22 20 21 22 33 23 9 19 14 23 21 12 15 26 16 27 20 38 9 15 27 15 18 20 14 20 13 9 15 19 26 
31 15 29 12 22 15 19 26 17 26 9 30 19 12 21 23 13 14 31 25 24 25 28 23 17 18 28 39 19 12 16 36 16 18 34 21 18 26 17 16 19 20 17 15 37 
16 5 32 11 19 22 22 30 24 21 13 23 27 23 37 11 27 23 32 41 10 27 17 19 22 21 13 29 23 24 13 22 17 14 23 18 6 24 18 18 4 11 28 21 28 
24 35 23 18 25 9 18 24 29 23 7 38 30 17 18 21 20 22 46 17 15 27 27 24 30 13 15 32 22 12 19 32 23 21 26 20 18 24 19 6 13 13 19 19 25 
27 21 34 19 27 14 11 25 28 24 14 36 33 25 28 22 18 23 41 22 15 28 27 18 24 10 23 19 23 25 16 29 16 18 18 17 29 27 17 11 22 32 17 11 29 
36 19 29 16 19 17 6 21 36 18 11 23 22 22 37 21 25 23 32 18 26 20 12 19 29 16 21 36 9 15 15 29 16 11 36 24 24 21 27 14 12 32 14 18 17 
30 28 24 17 18 14 16 19 22 26 12 17 19 13 36 29 30 19 26 14 23 22 18 21 28 16 30 31 16 30 18 24 22 18 25 28 20 13 17 18 22 10 17 17 22 
26 9 18 14 14 12 14 18 33 26 9 39 25 17 19 23 20 11 25 34 22 21 14 20 22 17 17 27 14 27 23 28 9 19 23 32 8 13 9 13 14 24 25 26 25 
33 37 37 17 22 15 15 27 19 30 11 32 19 10 26 28 28 24 33 49 8 19 24 20 26 15 18 44 21 22 18 36 11 13 17 23 4 27 16 24 17 17 19 17 30 
14 36 34 16 22 11 22 18 26 16 19 41 8 11 19 25 17 19 41 36 27 20 26 35 19 22 32 48 22 20 19 22 13 12 39 28 26 20 26 12 14 19 11 15 31 
19 28 21 9 20 5 13 30 22 33 15 23 28 8 31 33 29 20 34 34 16 13 19 23 29 26 15 44 16 21 20 41 18 12 35 17 15 30 20 15 16 10 21 17 10 
32 43 22 11 23 18 14 26 31 21 9 29 32 22 20 26 32 23 28 25 21 24 23 23 14 16 12 25 23 24 22 45 16 17 26 22 29 14 19 20 15 25 15 16 16 
36 27 21 16 25 16 13 40 22 29 11 21 41 29 32 23 20 17 32 23 18 35 28 29 23 14 10 31 14 21 19 49 19 12 35 17 27 22 13 9 13 20 25 12 23 
29 27 28 17 11 20 19 10 31 17 11 21 29 19 32 21 22 20 24 34 20 28 26 29 26 17 20 37 11 16 10 22 18 15 38 12 24 14 27 22 13 20 11 23 16 
36 37 15 11 17 18 17 24 10 20 5 32 24 21 28 29 20 14 27 28 20 28 18 19 43 22 27 15 15 27 18 7 12 16 22 8 16 13 17 18 10 29 30 10 31 
29 32 24 9 9 17 11 36 26 27 14 28 23 21 43 28 11 17 38 16 22 28 15 32 12 19 20 29 21 27 17 34 14 15 31 16 20 22 18 11 19 16 9 13 20 
43 24 18 11 25 16 4 20 20 26 11 11 12 23 27 26 20 17 24 14 6 32 25 26 16 16 24 39 16 21 17 33 19 18 35 25 10 21 27 13 10 21 13 12 14 
45 37 24 21 11 27 13 42 25 23 17 30 30 18 20 26 24 20 17 24 20 29 25 11 24 25 13 18 21 28 20 33 19 14 21 17 17 11 14 12 18 18 21 14 20 
33 25 29 8 10 10 18 36 30 22 13 24 20 18 20 31 24 16 30 15 23 27 32 16 36 10 21 26 12 17 7 24 16 11 34 9 20 29 17 12 15 28 11 16 24 
40 42 23 18 31 20 26 19 29 31 13 29 30 15 19 26 30 15 35 43 19 13 17 15 23 8 16 17 23 34 17 15 20 8 38 23 24 19 23 10 19 23 16 19 27 
34 11 16 14 11 12 19 35 25 25 12 34 34 16 29 26 30 22 37 34 28 29 9 14 26 17 18 30 23 20 17 36 20 12 29 18 8 22 21 14 12 22 21 22 35 
33 2 31 15 23 15 23 15 35 31 12 20 31 16 25 24 17 14 45 38 10 15 26 35 33 12 13 26 16 28 17 35 18 15 23 23 26 28 14 7 18 17 16 18 30 
31 20 33 17 17 22 20 9 29 34 16 41 24 25 15 12 26 18 30 33 13 23 17 23 36 17 13 18 8 14 16 30 23 12 39 21 28 31 13 30 21 14 11 8 19 
27 34 19 22 15 14 19 32 28 23 18 23 30 10 22 16 26 25 27 35 19 31 28 21 20 14 22 33 17 23 21 38 11 21 33 21 15 12 25 23 17 27 25 22 19 
35 20 26 17 17 20 17 27 31 18 15 12 30 28 15 18 18 10 39 30 17 24 17 29 36 12 21 22 16 12 15 42 13 20 34 21 20 22 22 16 10 34 14 16 24 
22 9 26 16 19 16 17 30 39 39 15 18 27 12 16 28 11 19 26 24 13 32 13 31 19 15 26 36 10 26 11 23 16 18 32 17 27 12 15 12 16 28 16 12 34 
15 26 36 19 20 26 14 28 37 21 16 37 48 17 23 25 34 20 35 43 22 32 18 33 29 17 19 14 24 33 16 23 10 7 30 20 25 25 20 8 13 33 19 18 23 
19 29 29 14 23 13 17 32 23 9 12 35 34 18 27 19 17 14 31 11 27 28 17 23 24 17 11 26 28 19 17 38 21 17 35 26 21 18 19 16 11 16 22 15 30 
34 40 29 16 14 18 27 25 37 27 18 25 27 16 35 18 12 21 36 34 13 30 14 27 20 21 11 31 21 12 23 45 14 10 14 19 20 23 16 18 22 13 4 16 31 
24 28 16 12 19 15 21 28 19 31 17 29 41 18 29 28 20 23 29 30 14 22 20 24 15 29 24 40 16 21 12 33 8 18 21 28 35 16 11 20 13 20 27 17 22 
34 43 31 10 14 21 14 27 18 27 18 33 42 19 32 26 32 12 31 37 19 24 23 26 28 18 23 31 17 26 22 18 13 17 27 22 22 27 15 12 19 20 19 17 24 
27 44 30 18 18 21 21 34 34 22 18 27 27 14 33 24 23 18 28 19 20 35 25 21 27 21 21 46 27 35 18 22 18 19 35 24 19 15 15 15 11 26 17 8 37 
33 20 27 16 19 29 15 32 32 26 10 15 27 19 18 14 15 23 28 19 20 13 25 31 24 28 23 17 18 21 10 31 17 1 31 12 19 20 20 20 16 18 19 15 26 
19 42 18 18 17 14 19 32 28 28 15 14 28 16 29 31 37 20 38 41 28 38 29 30 37 10 22 30 14 28 18 12 19 13 31 15 14 5 14 15 14 19 18 10 22 
25 47 23 17 19 24 16 28 22 34 10 21 35 21 17 35 37 17 28 38 21 20 25 25 14 21 17 38 20 31 14 37 23 18 34 21 11 15 9 19 13 25 22 15 30 
9 21 21 12 21 10 20 14 28 29 15 23 20 13 34 22 27 12 35 45 24 25 24 21 16 11 20 36 25 23 13 38 15 15 39 22 18 15 23 15 18 29 25 20 21 
22 35 29 17 17 10 15 24 22 35 12 25 18 12 13 30 22 22 36 22 23 37 10 25 13 14 20 33 17 12 17 41 17 11 43 19 20 26 12 8 14 18 21 16 18 
37 29 12 23 17 18 16 13 27 18 16 28 31 18 34 20 22 28 23 35 20 12 19 28 28 11 26 18 22 22 7 28 15 9 34 15 26 14 15 26 20 27 11 17 34 
33 21 22 12 15 12 14 29 33 27 19 37 23 24 37 21 36 20 26 18 10 25 26 13 22 18 26 23 19 27 19 28 20 17 28 40 28 27 22 21 10 30 19 13 26 
45 22 26 9 11 14 17 31 18 31 15 35 29 16 31 20 35 25 23 44 22 24 19 28 16 17 21 25 13 26 11 25 11 12 22 30 22 28 20 8 11 22 18 14 17 
33 35 21 10 17 21 15 17 13 19 7 18 28 17 34 34 27 21 32 27 25 25 17 20 32 27 23 19 20 19 15 27 19 20 29 27 23 19 25 9 16 32 15 10 10 
35 41 25 9 24 18 13 24 32 41 16 32 31 18 24 19 15 19 43 46 16 34 12 16 18 24 24 26 19 23 13 34 13 10 33 28 12 17 15 19 17 17 22 20 29 
36 30 18 12 8 19 22 33 19 32 13 15 39 25 26 35 16 21 25 30 25 25 17 23 27 22 13 29 8 25 16 42 20 20 31 22 9 20 20 21 17 25 17 19 31 
23 47 35 16 15 12 16 23 33 24 17 42 44 16 30 22 26 20 26 33 10 31 36 22 30 19 23 23 20 19 17 30 17 13 36 23 28 21 23 17 17 28 20 17 36 
32 44 28 17 17 17 14 37 37 25 13 22 23 13 21 27 29 17 35 48 20 23 6 21 39 22 10 19 12 24 13 19 16 21 29 30 36 20 29 11 18 20 17 16 31 
31 27 21 20 16 12 18 25 19 29 11 28 36 18 27 28 25 14 33 29 7 27 13 24 34 16 29 43 12 22 19 46 18 10 32 25 23 16 21 11 13 26 18 14 24 
30 47 26 18 17 15 18 41 23 36 13 21 27 20 17 27 14 10 32 28 20 28 14 18 40 20 15 30 15 23 25 28 12 9 33 10 24 19 24 11 19 31 9 19 34 
43 31 21 21 17 9 19 38 26 29 12 33 36 16 19 26 22 17 13 26 32 24 20 29 33 20 22 26 8 19 16 17 13 13 32 24 27 32 26 15 9 18 21 17 29 
22 29 21 24 25 25 24 36 21 22 17 13 24 19 26 31 18 15 34 24 5 25 12 25 33 16 18 32 21 29 20 22 16 12 32 15 34 30 24 20 13 24 15 9 36 
33 27 20 23 21 18 9 24 20 29 13 35 31 15 26 38 23 19 31 39 28 16 22 22 33 11 17 27 17 12 20 38 18 22 26 17 38 21 24 8 16 16 14 22 37 
28 28 26 12 19 22 14 28 26 21 17 33 35 21 21 24 22 17 43 25 26 28 25 14 26 17 20 29 14 25 16 34 18 20 32 14 21 23 19 15 16 31 15 14 31 
24 18 14 17 23 20 18 27 33 20 17 29 22 11 37 24 24 26 33 25 26 21 14 25 30 17 19 36 17 28 19 33 17 16 22 21 29 19 15 18 11 26 16 17 18 
37 35 31 19 16 15 16 33 28 36 18 25 37 19 24 24 27 19 28 35 14 33 25 18 29 8 17 31 14 24 20 32 8 16 29 14 26 31 11 20 11 23 19 16 22 
35 39 23 9 16 11 19 26 22 37 15 30 28 19 31 24 16 19 32 33 23 26 26 23 17 16 22 41 17 19 13 31 13 12 23 20 14 17 22 23 12 16 21 14 18 
29 41 25 15 11 24 18 26 13 40 21 29 21 14 21 18 30 21 30 15 11 29 19 33 18 15 22 29 21 27 11 25 15 17 34 29 28 17 22 8 9 36 11 24 30 
18 34 28 19 20 19 23 46 20 40 20 39 21 8 21 25 29 10 33 26 24 18 28 17 33 18 12 25 19 21 15 24 20 14 22 14 22 23 27 17 15 19 19 14 19 
18 18 31 12 17 21 12 29 37 29 14 27 20 13 36 27 20 16 24 40 25 39 13 22 21 22 20 37 26 22 15 20 17 18 25 11 21 26 24 13 14 37 15 17 28 
26 33 25 17 22 20 14 29 32 27 9 34 28 14 28 23 25 14 38 26 18 26 20 28 25 9 11 32 21 25 18 29 20 20 31 26 8 28 14 15 17 21 16 12 20 
16 35 31 18 22 10 21 20 31 23 11 18 39 11 13 32 29 19 24 39 33 19 20 18 26 17 5 38 19 9 22 26 12 10 34 23 16 23 15 18 12 19 21 13 29 
41 29 30 18 19 16 20 23 23 24 12 41 38 10 24 22 23 18 31 29 17 30 23 20 29 19 21 36 23 18 13 16 13 16 28 22 34 19 12 12 12 20 5 13 15 
24 41 18 10 20 14 21 4 22 32 21 27 42 21 35 34 30 28 26 22 26 32 16 20 26 23 18 39 6 23 17 19 19 19 33 16 27 13 27 22 13 29 16 3 19 
23 52 21 9 28 22 6 28 17 28 14 41 24 27 27 15 16 22 34 39 28 20 26 30 24 8 26 20 16 32 14 29 14 14 33 14 19 14 17 12 20 19 12 15 20 
36 36 32 23 17 18 25 34 17 23 16 34 44 24 30 28 34 25 21 36 15 15 7 17 24 13 27 33 18 27 15 26 20 9 38 12 25 11 18 12 16 32 18 15 16 
41 42 35 14 18 12 17 24 18 25 14 29 25 19 17 30 20 19 33 54 3 32 13 27 13 6 19 38 17 29 18 19 20 15 31 17 26 33 15 19 16 9 19 17 28 
20 32 12 21 19 22 30 25 23 28 11 34 37 18 28 10 26 22 32 38 16 30 21 23 14 18 19 24 18 21 15 30 20 10 19 29 22 21 18 7 14 21 19 14 24 
29 19 16 15 11 17 22 22 23 31 21 12 18 13 53 21 27 30 34 8 28 25 18 10 32 8 21 20 24 18 16 38 18 12 22 21 29 28 18 17 23 22 20 14 27 
20 20 23 9 19 17 14 34 20 24 10 27 37 18 26 27 20 25 24 31 20 28 22 22 34 20 13 28 15 24 19 27 19 13 25 17 31 13 13 19 12 21 15 21 25 
33 36 27 14 22 15 15 19 29 25 14 18 29 12 23 32 25 20 35 21 18 19 7 32 24 13 30 25 18 33 19 39 16 16 48 12 13 25 13 11 14 20 23 12 17 
36 31 30 9 17 18 20 27 21 32 17 20 35 26 30 18 30 20 38 27 16 29 18 19 31 18 18 21 19 17 19 16 19 13 23 13 13 19 20 12 14 29 14 8 10 
20 45 27 18 27 13 23 31 32 34 22 14 33 14 28 23 24 17 19 29 18 38 23 19 16 14 23 17 14 22 20 17 14 15 39 30 5 19 13 20 14 27 15 11 24 
35 14 46 10 24 14 17 42 28 33 15 35 34 20 27 22 46 20 21 26 26 27 23 24 28 17 21 32 25 20 21 37 17 16 6 18 14 3 11 17 12 26 20 14 34 
43 4 23 20 32 18 20 14 15 33 13 10 35 16 21 27 27 11 49 15 26 20 31 23 30 16 20 16 18 12 13 38 14 17 49 16 25 8 13 14 11 35 25 7 25 
27 29 23 17 14 10 20 35 27 19 16 17 23 20 24 14 29 11 28 45 23 24 18 25 32 16 11 17 30 18 16 22 12 16 30 24 31 13 18 21 13 25 14 17 28 
31 38 11 15 23 10 24 30 30 40 16 23 26 14 29 31 35 16 26 34 33 24 16 38 16 20 12 27 24 22 20 20 10 16 31 14 26 24 21 15 7 33 14 23 24 
39 26 22 17 17 17 24 22 12 25 20 30 22 21 35 19 23 8 21 16 23 16 14 23 24 23 9 39 15 30 14 29 19 18 25 17 22 12 19 12 15 21 8 14 31 
39 33 29 16 7 23 13 22 23 21 11 19 28 7 29 28 25 14 25 22 20 21 16 19 27 21 19 38 18 21 18 29 11 19 26 23 20 11 15 15 12 30 15 13 14 
15 30 19 10 14 22 14 28 15 27 18 32 28 20 18 29 19 19 28 23 9 27 23 28 34 12 25 31 16 23 14 23 17 21 36 20 19 15 22 12 20 28 18 16 22 
26 29 18 16 25 11 11 27 25 20 20 29 25 20 29 24 23 22 16 31 13 28 15 26 41 15 21 14 23 23 22 26 22 10 29 15 15 13 12 21 5 29 21 12 29 
14 22 22 15 5 24 16 23 27 39 17 21 22 8 27 25 33 13 37 25 16 19 18 29 29 15 2 37 21 24 22 31 14 12 35 24 17 19 26 14 14 23 18 12 29 
30 16 15 12 21 17 16 29 21 29 13 31 21 13 37 15 31 19 26 24 19 29 3 26 24 13 33 14 18 26 15 27 16 18 16 27 31 21 23 9 17 37 19 20 28 
7 9 21 17 12 6 25 34 36 24 18 30 41 19 25 22 17 15 11 17 15 18 21 18 17 18 24 28 14 18 22 45 18 12 28 17 23 15 19 12 20 33 21 15 14 
40 37 15 15 17 14 23 25 41 35 16 11 35 15 37 22 22 14 45 47 12 28 21 19 30 4 15 22 18 16 14 24 9 17 36 16 35 22 12 18 11 6 12 12 27 
41 39 31 15 14 16 12 35 28 36 17 27 21 22 31 24 15 13 32 34 25 35 12 16 29 16 17 29 14 24 17 18 22 13 21 19 17 19 20 16 13 22 18 14 30 
50 34 30 16 17 22 9 29 27 19 13 28 41 17 30 29 14 18 25 28 33 28 11 22 28 17 27 19 20 20 15 36 13 13 28 20 29 18 19 16 9 21 30 20 12 
34 37 30 18 30 15 19 25 20 24 15 22 32 16 20 22 14 21 41 33 16 17 13 28 26 28 20 28 18 17 13 17 10 15 18 21 18 27 16 16 17 22 23 14 10 
21 38 33 13 22 8 13 28 29 17 12 18 18 26 20 12 23 24 23 49 19 39 26 23 19 18 19 28 14 14 16 23 10 19 14 20 22 26 13 12 8 22 13 22 21 
11 27 20 16 18 18 22 36 33 17 17 41 29 15 40 28 26 20 37 32 3 17 15 25 33 16 26 33 18 13 17 26 15 17 32 12 23 24 17 18 20 24 28 18 29 
30 39 23 14 23 18 21 27 17 31 22 41 26 22 23 14 19 22 35 34 19 13 27 23 21 18 24 40 19 22 13 22 20 13 17 9 18 8 10 22 13 29 14 22 23 
35 30 27 19 17 23 23 27 31 21 17 21 24 19 33 19 26 26 38 35 34 28 20 24 20 22 18 34 22 18 13 30 12 15 39 15 18 20 30 16 17 31 18 19 26 
32 44 33 21 16 23 5 22 33 32 23 29 25 23 22 27 16 16 37 40 30 29 19 23 18 21 17 38 18 17 16 37 8 12 17 28 29 20 13 17 14 34 18 14 25 
38 37 28 11 9 13 20 23 37 17 17 31 28 16 28 27 28 23 28 35 19 19 9 39 39 23 25 32 9 38 6 25 17 21 29 15 36 25 19 14 16 19 19 17 31 
20 30 41 15 19 27 21 34 35 36 16 30 39 14 26 23 19 17 40 30 22 30 22 21 43 18 19 20 16 12 12 32 11 22 32 11 26 21 20 8 8 10 20 14 26 
30 27 27 15 10 27 12 27 37 31 15 18 25 28 14 12 22 20 36 34 23 22 12 28 23 15 20 37 14 23 17 28 11 19 25 22 37 20 27 12 13 21 24 15 23 
31 18 40 18 16 11 15 22 30 20 23 32 18 15 19 25 29 12 29 25 15 24 22 20 31 20 16 45 22 23 18 29 12 16 25 23 42 27 18 12 11 27 23 10 25 
29 37 30 17 23 17 21 36 8 38 13 27 39 25 27 33 26 15 27 28 23 22 23 31 43 28 14 29 18 23 13 41 14 13 28 30 33 20 21 17 10 31 13 9 26 
27 35 23 17 20 10 15 28 28 21 14 18 35 24 20 27 21 21 30 39 24 22 24 14 15 17 30 31 23 16 11 19 19 13 38 20 32 28 12 16 11 25 22 13 20 
26 22 34 13 16 10 16 27 22 22 19 36 31 23 29 27 20 26 22 37 21 6 26 26 27 9 24 16 20 21 16 38 15 17 28 25 17 16 24 18 20 22 14 5 21 
17 35 28 22 14 18 12 12 17 31 10 31 47 25 28 20 37 19 27 29 24 24 15 29 34 6 12 21 23 19 15 22 11 17 31 13 27 28 19 18 10 29 19 11 26 
19 38 29 21 14 9 23 22 22 24 18 28 38 9 16 27 38 24 17 25 25 23 17 15 19 15 14 41 22 26 8 26 21 16 35 19 18 10 22 19 20 17 15 11 28 
28 14 21 13 26 21 21 38 26 35 21 11 19 23 32 18 26 15 34 44 8 24 25 22 32 7 16 49 27 26 20 45 16 13 37 23 28 29 14 14 13 11 16 8 26 
36 27 26 14 17 12 21 30 39 32 14 44 26 19 28 19 23 21 21 25 31 25 17 32 27 26 24 29 15 32 10 29 14 12 39 28 20 20 27 14 17 24 11 12 26 
21 26 33 15 18 13 15 28 25 20 19 30 32 19 21 13 13 14 33 23 18 22 23 20 18 24 28 32 16 23 16 31 17 13 29 20 38 28 13 17 15 10 22 15 25 
29 22 28 15 24 30 17 21 24 27 16 31 24 27 25 26 24 18 18 31 6 29 14 32 22 19 19 23 15 24 20 29 23 17 40 16 25 25 21 9 14 15 18 7 26 
24 35 35 16 20 15 15 28 32 27 14 33 21 18 37 12 22 16 23 24 21 37 16 40 28 18 30 36 13 18 25 18 15 14 18 17 22 21 25 15 16 33 26 13 27 
26 24 25 19 17 17 14 26 18 19 12 17 27 21 29 26 16 20 27 31 31 43 30 17 22 23 26 31 16 31 23 22 22 18 29 14 36 30 19 20 13 24 20 8 26 
28 24 37 13 28 9 23 27 44 26 8 31 31 20 19 24 22 22 45 30 23 32 19 32 35 25 21 30 18 21 17 28 11 21 25 22 19 9 19 8 14 21 19 11 25 
42 27 30 15 21 19 19 24 18 35 19 23 32 20 22 20 18 22 19 24 25 26 26 6 16 13 26 49 29 28 16 24 13 16 23 23 16 11 14 12 15 43 12 10 32 
17 35 22 16 14 9 25 25 23 24 22 38 18 12 19 29 27 12 31 20 11 19 18 34 30 19 33 34 12 23 10 24 13 15 24 16 18 33 21 17 10 17 20 16 27 
33 40 25 15 25 17 19 21 18 25 6 26 12 19 31 27 24 19 32 29 19 26 24 28 25 18 31 34 24 19 15 23 17 15 35 28 35 20 19 13 17 36 23 23 34 
43 27 12 20 22 24 14 27 25 27 13 31 11 18 34 31 33 13 36 34 19 30 31 28 23 17 25 41 16 18 16 22 17 12 32 24 30 18 15 17 12 33 12 18 19 
28 27 24 14 20 22 16 28 31 25 8 19 38 14 31 31 35 19 30 29 28 20 21 23 25 18 25 23 17 17 12 29 15 17 32 26 22 28 20 11 14 29 17 11 19 
11 28 18 19 6 25 16 36 25 31 20 14 29 17 17 21 22 21 22 28 28 37 20 19 24 22 19 27 20 20 15 25 14 16 28 16 23 17 15 18 22 27 17 13 20 
38 37 37 23 22 19 17 23 28 13 16 51 10 22 8 31 19 16 23 39 15 19 25 28 31 17 24 41 13 18 20 30 15 8 34 15 24 26 24 14 8 17 16 18 22 
36 35 25 20 14 16 10 29 31 33 18 12 36 15 23 22 18 11 21 26 17 29 28 25 19 14 13 42 19 16 20 27 12 12 26 22 26 19 15 12 20 26 18 8 36 
41 24 30 10 24 18 27 14 27 13 16 32 27 16 18 21 21 17 25 16 15 23 11 25 25 12 16 23 18 15 6 31 20 10 18 15 17 34 23 19 7 35 18 17 22 
37 25 24 14 21 13 27 23 33 40 17 17 29 7 25 24 36 15 24 36 16 33 10 28 29 18 18 21 25 18 17 18 22 17 30 20 27 10 12 22 13 41 19 15 31 
21 35 33 6 27 14 19 31 18 22 17 23 33 11 29 22 17 11 18 38 24 29 16 20 26 22 19 32 12 22 12 30 15 15 28 20 35 24 10 9 11 35 24 13 24 
24 31 20 12 20 15 17 30 27 18 12 28 36 15 34 21 10 24 34 46 23 28 19 13 34 14 21 35 22 24 12 42 16 19 37 23 26 24 11 14 12 19 22 13 26 
25 42 25 18 19 22 19 17 17 21 13 39 49 19 21 25 33 22 28 41 29 29 15 15 26 15 23 31 15 17 18 29 22 13 18 16 23 18 18 19 16 25 17 19 32 
48 31 30 14 25 19 19 19 22 32 12 34 22 20 21 14 30 7 15 31 23 18 28 28 22 21 17 25 20 9 16 19 20 17 24 26 20 15 18 15 17 21 12 18 14 
42 29 23 18 11 18 16 37 38 30 10 15 36 19 20 17 15 18 31 16 19 26 32 20 16 24 13 30 16 24 7 26 23 23 19 20 23 10 12 19 14 29 19 11 25 
33 36 47 17 15 14 15 39 37 21 16 21 30 27 34 24 12 25 32 18 15 12 29 21 27 11 7 25 20 22 17 28 15 2 35 13 36 25 14 24 15 18 16 14 40 
28 26 29 15 24 20 17 29 30 27 8 48 34 15 29 16 26 16 42 31 28 24 15 27 25 17 24 25 21 24 19 30 16 17 15 18 25 13 15 18 18 24 23 10 30 
36 44 26 10 14 21 21 27 26 26 14 33 26 14 25 18 14 6 31 48 23 25 27 20 23 17 19 35 22 29 17 27 6 14 32 14 17 15 20 12 4 21 18 15 31 
34 36 44 11 15 14 19 42 37 26 13 26 28 12 24 29 33 21 32 37 17 15 22 25 25 20 21 22 18 10 19 24 16 15 32 14 22 22 9 14 22 27 10 20 19 
33 41 25 12 16 15 15 29 25 13 12 32 30 19 30 20 21 26 23 15 16 17 24 15 22 13 24 27 16 20 23 25 19 9 39 26 28 27 21 15 10 20 14 19 20 
16 38 29 15 15 19 19 17 23 21 17 17 39 16 23 28 30 16 28 24 19 26 22 28 14 13 30 19 19 24 18 31 14 13 27 28 27 16 17 19 19 38 25 7 16 
38 20 31 14 18 12 10 25 17 18 15 38 40 25 32 17 36 18 42 32 15 33 21 33 16 14 24 23 18 23 24 19 13 16 33 29 21 17 14 20 7 36 17 6 19 
33 33 28 12 18 15 4 36 33 28 7 28 17 26 24 16 15 12 36 41 24 27 27 24 14 21 25 38 14 12 18 30 15 13 31 10 23 21 29 22 22 21 23 6 23 
40 42 34 16 27 12 19 16 20 22 18 37 25 12 36 23 26 15 6 27 10 19 25 26 41 24 19 38 28 29 22 34 23 17 28 16 21 17 21 21 16 19 15 13 26 
44 29 26 17 18 17 15 15 27 29 15 23 14 18 19 39 29 17 36 34 34 11 16 23 18 15 21 23 18 24 18 34 18 16 20 16 30 25 17 10 12 17 18 13 31 
44 43 19 18 17 11 18 26 30 20 7 29 32 29 21 24 39 19 41 13 20 24 15 16 25 17 12 16 17 25 16 29 5 14 35 21 10 25 15 12 14 19 12 9 20 
34 29 26 12 22 17 20 20 32 25 17 33 24 16 22 35 20 13 19 41 17 18 17 6 40 21 22 22 10 11 17 31 9 12 41 21 26 13 20 18 15 26 28 14 26 
38 26 27 25 18 15 18 12 28 26 5 35 23 15 25 21 15 10 19 38 18 20 17 34 19 12 24 31 14 32 18 25 18 16 40 18 20 17 14 15 20 26 21 10 22 
25 36 25 22 21 23 19 21 16 28 15 31 47 15 38 13 24 17 26 17 22 33 17 35 22 21 22 45 16 18 16 16 12 13 38 19 35 15 21 18 10 26 14 15 16 
38 38 38 16 18 19 21 23 31 29 15 23 30 19 27 30 23 17 29 36 9 23 17 32 33 24 24 34 22 7 9 25 20 13 35 32 7 20 12 21 22 19 20 15 28 
35 19 38 20 13 18 21 32 27 29 12 21 38 17 23 23 35 15 26 26 18 32 22 29 32 20 6 24 18 17 18 29 17 13 23 24 35 25 21 17 17 26 11 20 7 
36 23 32 11 15 22 13 27 35 25 15 23 14 14 15 43 28 9 31 22 17 23 18 29 27 14 22 36 24 17 19 35 22 14 22 11 33 21 15 14 16 24 17 15 23 
23 19 25 11 17 21 11 14 31 23 18 34 15 13 30 35 26 24 29 27 15 32 15 8 27 19 16 26 9 15 19 15 18 19 38 29 21 6 15 19 14 8 17 16 22 
19 27 33 12 22 19 23 30 14 20 23 20 26 12 25 22 30 15 31 40 19 15 22 26 35 18 19 24 17 22 17 27 14 18 21 25 20 16 28 18 18 27 16 17 30 
34 35 35 10 21 18 19 31 37 24 7 34 29 21 33 12 18 24 19 35 21 20 28 19 32 20 19 35 21 22 8 27 18 12 12 28 30 15 14 5 16 21 13 19 37 
22 24 24 16 11 8 16 20 18 34 19 20 40 16 19 14 24 22 41 32 14 18 16 23 18 28 17 40 19 17 15 28 10 10 33 18 16 16 24 17 14 16 14 15 26 
14 36 17 13 21 19 21 26 19 23 12 23 31 12 31 18 32 23 22 24 16 18 19 16 24 16 7 21 21 22 18 35 16 15 17 23 9 16 13 19 21 27 27 12 34 
37 25 26 24 14 16 17 30 25 23 14 23 25 24 24 30 35 15 25 33 36 20 21 23 23 12 27 25 13 21 25 37 19 17 27 20 28 13 15 12 9 19 17 19 13 
24 22 26 10 18 15 22 27 34 31 15 24 57 14 28 16 21 20 42 30 20 28 26 4 20 12 26 30 16 22 14 39 14 16 23 26 16 34 18 20 21 15 24 16 16 
34 23 35 17 20 15 20 30 33 34 10 27 27 25 16 18 15 9 35 41 8 13 12 19 28 20 34 23 14 31 12 37 12 13 37 22 26 21 18 20 14 24 24 19 30 
26 23 22 14 18 18 18 37 25 28 16 26 28 23 26 19 34 13 35 43 21 27 23 7 18 9 24 35 13 34 13 37 13 19 36 28 21 21 22 21 14 42 22 20 25 
38 37 26 15 12 26 14 21 32 26 13 17 29 24 35 27 29 16 35 21 19 22 30 15 23 21 24 33 17 29 13 17 24 14 30 17 21 23 21 11 17 21 9 17 12 
38 43 36 9 20 9 24 40 17 38 20 17 29 20 27 27 16 18 16 22 20 27 21 43 28 4 10 25 14 28 15 28 18 19 40 18 29 20 26 22 14 28 15 14 26 
30 33 26 16 13 27 13 32 43 27 16 23 23 16 27 25 27 8 17 21 15 31 22 32 27 17 11 37 14 23 18 24 14 17 28 11 8 27 15 22 17 30 25 16 31 
22 37 20 22 25 17 21 28 23 22 15 25 26 17 23 23 7 20 32 29 12 35 12 29 22 20 24 37 17 18 11 20 15 17 18 15 28 20 11 10 16 25 10 20 19 
24 35 38 24 15 21 17 31 37 17 16 27 32 13 31 16 22 24 23 17 16 39 21 29 27 19 26 34 12 21 25 28 18 15 29 20 26 34 8 12 16 16 21 20 41 
36 22 34 16 26 19 18 28 31 21 16 24 38 17 19 22 16 16 26 33 22 24 6 22 33 21 18 22 10 19 20 36 17 13 30 9 25 10 20 16 18 34 26 14 24 
34 43 38 22 15 21 11 27 26 35 14 28 27 17 32 24 20 19 32 30 8 29 13 27 27 14 22 27 10 21 23 25 18 13 30 9 20 22 25 15 19 26 18 16 22 
35 36 17 18 10 17 15 29 20 30 18 23 27 15 21 24 20 17 37 23 29 30 25 22 18 9 18 21 13 19 12 27 13 19 27 23 24 20 14 17 15 23 19 13 24 
23 44 39 18 16 23 15 30 26 32 8 26 18 20 18 23 15 18 32 37 23 23 19 15 32 15 15 24 18 22 16 38 14 23 24 10 22 24 9 18 17 15 12 15 25 
29 16 30 13 14 13 22 32 22 25 16 36 30 19 28 30 24 21 33 36 20 38 23 16 33 21 19 35 13 26 14 27 12 12 27 24 27 25 18 16 16 28 18 17 22 
25 28 33 16 19 15 14 25 32 18 22 26 53 22 30 26 29 16 20 29 12 24 26 17 23 17 18 17 16 16 13 27 13 17 46 13 36 23 15 21 13 20 12 11 26 
31 26 27 17 18 18 15 33 32 33 11 32 33 21 34 26 18 12 28 16 29 32 20 46 22 19 8 29 24 19 26 36 5 20 16 28 11 17 15 9 15 25 16 14 12 
28 30 32 15 25 12 13 26 35 33 15 24 33 22 18 28 13 4 22 48 28 31 12 27 27 15 25 32 21 25 17 34 12 19 41 20 34 21 19 25 11 24 3 21 20 
18 25 20 16 26 20 24 33 8 27 14 21 18 22 14 23 18 22 34 47 16 28 24 25 39 16 24 28 7 30 16 17 21 18 18 19 15 23 23 17 13 36 24 15 21 

MachineCapacities:
MachineID Capacity
0 10
1 10
2 10
