NumTasks NumMachines NumScenarios
15 2 10
TaskDetails:
TaskID ReleaseTime ResourceConsumption SuccessorsCount Successors...
0 0 5 2 3 4 6 7 
1 0 8 3 3 4 5 6 
2 0 7 10 0 
3 0 8 10 0 
4 0 10 5 0 
5 0 7 4 1 7 
6 0 5 6 0 
7 0 2 3 0 
8 0 3 5 4 11 12 13 14 
9 0 9 6 1 14 
10 0 3 2 1 12 
11 0 7 4 0 
12 0 8 7 0 
13 0 4 2 0 
14 0 2 6 0 

11 13 21 24 24 24 22 24 16 44 19 16 22 27 11 10 13 9 16 10 12 13 17 17 11 26 9 24 24 24 
15 7 25 23 20 23 21 12 30 33 22 24 24 20 11 16 17 13 5 14 20 6 16 25 21 19 7 19 31 20 
21 11 26 29 18 21 11 13 25 43 24 9 14 2 8 18 27 12 25 15 11 10 16 9 16 24 10 21 26 24 
20 3 21 27 21 19 9 27 12 23 21 18 17 24 12 25 31 15 30 11 18 3 18 20 18 9 13 18 18 11 
18 13 21 19 12 13 23 11 29 18 32 32 18 25 14 14 19 10 27 11 17 11 21 23 21 23 15 19 37 15 
18 8 14 28 21 24 23 29 28 26 19 22 31 17 9 12 37 6 22 9 16 14 21 17 15 21 13 21 23 11 
15 5 17 29 5 26 17 17 19 24 22 32 18 17 10 20 10 9 27 13 16 8 24 21 17 24 11 25 10 21 
32 7 26 28 21 22 27 15 16 47 19 33 23 24 6 20 16 11 27 9 14 9 19 22 20 23 12 26 22 21 
18 11 19 26 23 8 21 11 24 13 30 22 23 27 8 17 18 9 28 13 13 11 31 22 21 30 10 18 14 19 
29 8 21 20 18 20 20 15 15 23 25 22 22 26 10 18 10 7 21 9 26 16 31 12 21 19 11 26 26 11 

MachineCapacities:
MachineID Capacity
0 10
1 10
