NumTasks NumMachines NumScenarios
15 2 10
TaskDetails:
TaskID ReleaseTime ResourceConsumption SuccessorsCount Successors...
0 0 2 8 1 2 
1 0 4 4 1 4 
2 0 9 7 0 
3 0 5 3 1 4 
4 0 6 1 0 
5 0 8 3 2 12 14 
6 0 5 5 3 10 13 14 
7 0 1 4 2 13 14 
8 0 3 2 2 12 13 
9 0 2 6 1 12 
10 0 6 1 0 
11 0 8 2 0 
12 0 8 7 0 
13 0 3 8 0 
14 0 6 5 0 

28 29 20 28 19 24 14 19 25 32 12 20 23 15 11 19 21 27 23 39 19 12 7 11 32 15 12 13 13 24 
34 43 27 13 20 29 22 14 26 25 11 13 14 11 25 22 14 28 17 20 35 17 20 13 21 14 7 35 10 15 
35 27 23 30 16 13 23 27 21 19 12 16 27 14 27 20 14 19 24 35 27 16 13 12 27 11 8 22 28 19 
31 18 13 29 18 21 37 22 22 25 12 19 24 10 16 27 15 39 26 43 40 9 14 12 30 11 10 27 29 15 
29 30 13 19 17 23 22 23 22 25 15 24 19 21 21 21 9 30 28 23 33 11 14 17 19 12 12 18 26 11 
27 29 22 31 17 28 14 27 29 34 13 19 27 15 8 21 21 30 24 34 33 8 22 11 14 13 7 22 17 16 
29 36 32 27 25 26 15 35 24 31 17 14 19 10 16 12 20 28 18 30 33 13 20 6 7 11 10 26 27 16 
40 47 19 18 26 10 25 14 28 32 9 25 27 19 10 21 13 34 19 17 36 16 16 16 22 9 14 28 20 16 
20 29 38 7 22 20 34 26 30 18 14 27 20 11 10 18 12 29 29 28 33 15 17 8 26 7 10 35 28 19 
27 40 20 29 19 20 38 28 26 25 10 18 24 14 10 22 19 25 28 16 17 5 18 12 13 17 11 14 26 20 

MachineCapacities:
MachineID Capacity
0 10
1 10
