NumTasks NumMachines NumScenarios
30 4 30
TaskDetails:
TaskID ReleaseTime ResourceConsumption SuccessorsCount Successors...
0 0 2 3 5 1 0 
1 0 4 10 6 3 2 5 7 
2 0 3 2 6 6 1 7 
3 0 9 4 3 1 1 7 
4 0 4 2 5 10 0 
5 0 8 5 10 8 0 
6 0 5 1 9 1 0 
7 0 9 9 7 5 0 
8 0 9 7 7 8 3 18 23 27 
9 0 5 2 6 4 4 24 26 27 28 
10 0 4 3 5 8 2 21 29 
11 0 4 6 6 1 4 20 22 26 29 
12 0 3 1 1 5 3 24 26 28 
13 0 4 9 3 9 0 
14 0 7 7 8 4 4 24 26 27 29 
15 0 9 9 2 1 2 23 27 
16 0 5 8 9 2 1 24 
17 0 4 8 2 6 2 26 27 
18 0 5 4 3 9 3 20 22 29 
19 0 4 2 8 1 0 
20 0 3 3 2 10 1 28 
21 0 9 6 8 5 2 24 27 
22 0 2 9 10 6 1 24 
23 0 5 5 8 6 0 
24 0 1 5 7 3 0 
25 0 5 8 7 2 0 
26 0 4 3 3 7 0 
27 0 7 4 8 6 0 
28 0 8 4 4 2 0 
29 0 7 6 4 6 0 

34 15 6 18 17 29 24 30 9 10 18 18 12 26 18 13 21 24 29 35 22 19 29 30 16 16 23 10 26 20 36 11 19 24 14 28 9 10 26 18 16 16 34 32 25 14 16 19 18 13 26 27 14 12 18 17 27 11 24 39 15 26 23 15 29 37 26 13 17 22 35 15 2 25 25 19 22 29 16 21 33 13 10 18 5 19 10 24 20 42 12 26 21 29 20 15 19 18 30 21 39 17 24 22 20 36 11 31 31 37 29 18 35 18 11 9 34 28 9 19 
37 28 14 22 27 26 29 28 23 14 13 23 15 27 8 27 20 10 32 18 33 32 37 21 30 22 15 22 28 28 30 21 18 22 22 39 21 12 31 30 15 19 22 18 32 16 23 16 32 23 21 34 15 16 28 17 20 18 28 32 21 20 21 16 26 34 30 25 23 25 29 16 15 24 17 20 31 19 8 21 23 18 12 29 19 23 12 25 26 24 10 17 14 12 10 24 29 30 32 15 24 13 20 11 34 24 16 25 31 32 29 19 33 20 35 10 30 33 29 19 
39 25 14 20 8 16 33 29 15 16 14 6 21 23 21 40 26 27 43 24 10 37 33 18 14 37 24 17 29 34 41 14 21 11 17 18 24 15 19 25 19 17 23 19 21 27 15 9 12 24 22 23 11 17 12 26 22 24 22 23 24 27 18 22 26 33 24 38 16 33 26 6 32 18 21 16 23 25 12 23 18 23 19 24 19 27 15 20 28 33 22 19 20 18 33 24 25 34 26 20 28 13 24 13 20 22 13 28 11 42 26 18 31 14 24 18 16 14 22 9 
39 28 15 26 18 18 26 18 21 13 8 19 5 33 14 34 18 24 36 27 22 35 21 23 26 29 18 27 15 25 31 14 30 15 15 24 12 7 28 24 15 22 24 9 28 13 17 15 37 19 19 26 23 18 35 23 23 25 19 19 26 29 33 11 21 34 24 24 18 19 32 21 24 29 16 8 23 19 11 15 26 25 16 12 11 22 14 20 24 18 8 29 13 15 15 16 30 20 21 26 29 14 22 15 16 36 19 31 30 29 34 21 6 22 19 12 21 16 17 18 
36 30 20 31 20 25 39 12 18 13 21 17 14 38 18 30 12 18 22 33 28 22 20 14 13 35 18 25 28 41 37 24 26 17 17 33 12 17 19 31 22 10 12 22 15 28 10 12 23 8 23 23 8 23 45 21 18 27 18 39 9 27 35 11 36 42 38 21 6 30 10 21 16 16 17 31 24 24 13 35 23 24 14 14 23 14 14 29 32 18 16 31 8 31 30 17 20 26 33 19 19 17 17 20 21 32 29 14 4 31 25 35 36 16 16 19 32 24 16 9 
26 15 14 34 18 12 18 12 19 19 15 18 13 33 16 21 16 11 38 13 29 31 27 21 11 20 27 23 20 42 29 17 28 29 13 15 16 13 25 16 19 22 14 14 19 19 20 18 19 16 33 27 18 13 36 24 27 18 19 45 28 35 31 18 44 22 21 17 19 22 40 19 12 22 21 11 17 24 23 31 29 9 21 27 15 22 14 37 30 36 12 15 23 36 19 12 28 29 14 18 32 13 19 19 41 23 18 46 21 37 29 12 21 19 26 12 29 27 17 16 
33 20 17 21 16 29 29 33 20 21 11 29 16 29 18 36 12 23 55 31 29 22 20 10 10 20 23 18 19 42 33 24 24 18 8 36 23 24 21 32 20 23 27 28 24 22 23 16 35 16 20 23 18 31 20 15 19 11 28 20 17 33 21 18 32 24 25 21 27 28 21 9 15 23 30 25 29 27 20 41 30 9 17 35 11 11 23 32 23 22 18 44 23 32 15 18 26 29 22 22 38 18 16 15 24 21 15 19 29 19 32 14 21 16 28 11 31 22 16 5 
32 33 20 27 25 16 42 47 25 12 6 28 20 24 11 32 22 25 27 35 20 29 27 24 18 25 38 23 7 33 23 19 14 24 20 26 17 10 26 30 21 12 33 12 29 22 17 12 31 20 27 36 14 22 29 21 16 19 21 45 11 31 13 8 16 36 24 19 11 28 31 11 28 14 21 19 23 17 14 29 35 18 26 21 18 25 19 23 26 18 14 30 19 16 21 27 30 33 18 18 33 18 17 19 31 24 14 28 38 30 34 26 28 23 24 11 33 28 17 12 
26 24 9 23 13 27 27 29 16 19 7 22 8 30 13 35 10 15 28 38 40 30 32 20 31 31 21 31 24 27 37 17 15 16 19 25 8 12 18 25 18 20 15 27 36 25 23 15 16 21 25 17 11 21 30 22 21 18 30 41 27 27 27 10 38 25 30 36 29 21 21 20 30 33 35 12 17 17 16 44 19 18 14 34 23 28 13 29 18 42 9 38 18 27 22 18 44 38 39 29 31 20 18 24 37 24 15 27 17 20 30 20 37 23 32 20 23 23 26 17 
20 15 8 28 11 27 19 33 18 16 17 27 23 37 18 47 24 19 34 21 18 28 11 23 36 20 12 17 23 27 19 15 18 20 23 38 10 19 26 22 22 12 35 28 19 12 21 12 18 15 37 27 11 17 32 30 19 20 14 22 25 29 24 19 13 27 33 12 18 21 43 16 24 12 20 20 19 22 14 32 23 13 18 8 20 26 12 12 21 25 11 27 32 19 23 21 29 20 31 16 7 15 12 22 18 21 22 24 31 24 27 19 21 24 16 6 28 17 7 13 
37 15 19 21 17 23 32 20 23 17 16 27 9 33 14 26 26 20 32 30 26 35 20 22 24 19 18 13 15 28 34 23 30 15 10 31 14 21 23 15 14 22 25 16 25 15 15 12 12 20 13 19 15 7 24 31 24 18 14 43 20 51 29 10 50 34 39 20 23 18 20 23 34 18 23 16 15 29 12 42 34 14 18 17 27 23 11 27 21 28 15 15 16 18 29 22 20 14 27 19 25 9 18 21 22 19 19 26 16 23 28 24 19 25 20 14 20 28 13 12 
35 37 15 23 14 26 17 31 20 14 24 11 19 27 14 38 35 13 39 22 31 39 20 26 24 20 14 21 21 28 28 14 17 22 19 19 15 23 28 25 19 17 29 19 29 22 26 9 22 18 13 29 16 18 19 26 17 33 14 23 30 29 27 16 39 40 22 27 12 16 37 15 31 30 34 7 31 28 9 31 40 21 13 22 21 22 12 25 20 48 14 18 19 23 25 31 32 32 21 22 35 11 25 25 16 18 16 30 23 24 24 16 24 19 14 16 26 33 18 18 
38 19 16 22 18 30 31 28 16 17 23 31 10 27 14 38 23 15 44 13 26 14 15 13 17 24 13 23 23 27 38 22 16 19 16 29 16 19 19 24 21 18 21 30 14 16 17 9 20 15 28 38 13 22 23 27 24 21 22 37 30 27 37 16 33 18 34 24 17 22 29 19 25 13 22 18 28 19 14 52 31 21 19 28 23 21 21 17 23 26 16 20 28 28 32 27 23 13 31 26 35 13 13 19 11 30 22 27 32 14 33 22 23 14 32 13 17 16 20 18 
22 29 17 20 23 13 25 35 21 18 15 29 23 30 13 29 21 18 32 24 33 32 36 16 18 13 16 12 21 26 32 17 31 16 22 15 16 14 22 20 19 11 23 17 28 22 23 17 31 17 20 30 14 25 11 26 17 13 30 20 19 11 30 18 44 35 30 22 15 24 36 13 27 15 11 17 27 6 20 35 33 25 20 13 27 26 14 27 29 21 12 19 25 22 22 14 19 28 7 19 25 10 15 17 37 20 14 32 23 36 24 17 32 15 20 12 31 14 22 16 
11 29 9 23 22 25 33 25 13 15 15 12 22 14 15 21 19 13 45 41 36 17 33 12 21 21 23 14 22 31 32 14 30 17 28 34 26 20 23 21 20 12 26 9 24 16 16 14 16 12 20 24 11 17 31 24 19 23 14 19 17 23 22 13 44 29 25 24 15 19 14 17 30 19 24 10 23 27 16 26 50 14 25 11 19 25 8 29 22 34 15 22 25 22 48 28 37 21 50 22 30 17 19 18 28 19 33 31 9 25 53 27 22 18 11 21 28 27 24 21 
24 26 21 14 25 25 50 45 17 22 16 32 20 30 17 15 31 13 22 18 20 18 33 21 27 20 17 17 15 32 29 12 25 18 21 25 17 6 16 25 7 20 28 25 25 18 9 20 23 21 28 20 6 25 35 28 19 20 16 35 29 35 14 17 30 35 36 24 25 23 27 20 30 17 19 18 21 28 3 46 33 22 22 27 37 24 15 34 12 23 15 26 28 24 22 23 46 38 29 11 17 13 25 21 12 13 14 44 39 33 11 13 30 14 29 15 24 9 15 13 
35 19 8 29 19 34 17 36 22 12 31 27 10 36 16 30 21 17 42 16 22 25 29 19 23 37 25 14 29 22 28 18 22 24 27 21 24 19 22 17 23 10 28 25 24 20 20 21 32 13 17 34 17 14 15 30 28 15 23 35 19 30 21 19 40 28 21 22 22 12 32 16 30 31 26 17 20 22 13 29 28 20 14 15 23 25 19 33 29 23 15 29 18 34 31 27 36 20 32 24 49 9 24 19 34 20 15 31 26 29 18 16 35 12 32 19 19 22 16 15 
25 21 14 23 22 18 22 18 19 16 18 22 6 26 12 46 28 18 36 27 21 31 41 21 14 23 22 24 30 24 42 9 18 16 26 27 11 9 27 30 14 11 25 11 16 12 12 14 15 11 20 21 16 18 16 23 32 20 19 28 24 4 26 19 19 8 28 21 22 22 33 13 8 14 24 30 27 17 9 35 28 12 10 20 23 24 14 35 25 20 9 24 22 24 25 7 46 25 32 31 30 20 22 14 20 6 20 47 27 43 42 28 30 19 20 9 22 22 19 27 
24 22 13 30 14 29 38 28 21 13 15 23 15 41 19 17 14 19 27 32 18 31 30 24 24 31 19 21 23 30 23 23 26 15 15 20 24 13 16 16 4 10 18 23 26 24 15 13 25 17 16 33 14 22 16 27 28 18 19 17 24 30 26 16 25 20 24 29 19 19 23 13 24 24 15 18 29 24 17 33 24 16 19 26 18 14 17 31 20 38 17 18 19 20 30 16 33 21 42 23 35 18 18 20 27 27 16 36 8 17 23 26 35 14 16 9 31 24 19 15 
30 22 20 27 16 23 23 29 14 14 17 15 20 14 16 39 14 12 21 23 26 24 31 16 28 17 9 15 32 25 30 19 21 26 13 28 16 14 39 23 16 12 13 21 26 15 24 15 26 21 31 23 15 12 23 17 25 23 18 28 28 33 38 6 43 30 41 15 10 20 27 5 20 26 23 14 21 16 18 17 25 17 11 30 18 25 9 20 12 24 17 30 10 26 10 18 36 21 28 24 41 16 26 25 28 36 21 22 24 18 20 23 33 21 24 6 24 21 13 23 
32 38 20 36 18 12 35 22 21 11 20 26 20 27 12 25 28 26 45 27 14 27 42 23 22 18 25 23 35 13 27 18 23 14 22 35 18 15 21 30 19 13 21 29 13 24 14 10 24 18 22 31 14 12 38 25 33 15 14 31 24 39 23 14 30 37 5 21 18 12 27 13 7 22 16 13 16 23 17 38 30 25 14 21 8 29 13 22 20 17 15 23 15 42 27 26 33 21 36 23 32 18 18 17 34 22 20 35 22 25 28 20 20 23 16 11 35 23 25 13 
25 37 11 29 8 29 15 42 20 4 16 22 16 31 17 25 30 4 19 39 16 22 23 16 28 27 18 23 14 25 23 12 21 18 22 30 19 18 33 32 18 22 22 21 22 19 22 12 29 12 14 19 18 20 55 21 27 10 27 20 31 29 21 15 42 47 37 28 13 17 8 10 24 24 42 6 18 29 20 23 34 21 20 17 34 22 17 28 28 22 12 19 25 17 25 20 25 18 35 25 35 20 23 21 30 31 19 19 28 24 31 15 24 20 27 17 22 13 14 9 
21 22 16 23 19 24 30 23 20 16 21 16 14 32 15 35 18 19 25 29 47 22 34 15 19 28 17 14 19 23 31 18 23 29 23 31 24 19 24 25 19 16 15 17 23 13 22 17 22 22 20 34 12 21 36 30 27 22 25 21 16 27 20 20 29 28 28 18 10 24 37 20 17 24 23 22 24 12 15 36 44 13 18 20 9 33 15 38 15 27 13 12 24 37 21 21 43 31 27 21 19 13 18 20 29 21 25 34 23 32 25 15 26 15 14 17 29 21 19 12 
18 22 18 31 11 13 30 26 14 11 13 23 24 31 20 30 10 23 28 31 24 22 25 16 18 21 9 22 25 45 37 19 20 19 21 24 19 17 17 31 20 22 27 16 15 28 14 11 28 12 21 22 19 21 31 15 22 18 17 35 27 46 17 6 30 36 36 27 18 33 29 11 29 31 16 25 23 27 19 28 21 19 25 19 14 25 13 23 32 18 10 25 24 31 31 24 39 24 34 19 6 20 22 23 20 20 17 39 14 30 26 26 24 20 18 14 35 16 19 13 
32 19 15 23 15 29 18 26 22 15 12 19 17 28 15 37 30 14 40 41 30 29 27 15 23 23 26 12 28 28 47 17 19 2 17 20 20 17 24 11 20 14 27 28 19 13 17 13 24 18 22 25 8 18 15 22 35 11 27 12 26 31 15 20 21 28 21 18 22 20 20 15 45 35 17 28 28 13 12 30 23 19 23 25 26 20 18 11 20 29 13 20 23 17 43 12 14 28 37 14 36 21 22 16 23 27 20 34 17 27 28 20 18 20 17 12 9 30 25 21 
36 22 16 23 24 20 20 19 11 13 18 27 17 19 12 30 14 14 33 19 31 46 25 14 21 26 15 11 23 29 29 12 25 13 21 52 22 19 29 22 19 19 23 11 33 24 23 19 31 17 24 35 13 19 31 23 25 24 19 25 11 42 26 21 23 31 36 24 18 31 37 15 27 23 17 17 30 19 19 26 31 20 14 26 27 17 18 34 31 33 17 26 27 26 26 28 23 14 30 17 39 13 20 19 24 34 17 25 30 36 18 22 4 19 17 21 18 18 24 24 
23 13 16 39 16 13 20 34 16 11 12 16 9 19 14 33 27 32 39 38 36 30 20 20 25 21 22 12 18 33 41 15 19 19 15 33 18 16 38 32 17 15 22 30 24 11 20 16 26 4 28 32 9 11 26 17 25 16 26 13 30 39 27 20 14 31 22 19 19 30 22 16 22 20 17 16 27 15 17 18 24 11 16 18 23 30 17 17 25 32 16 23 18 30 36 26 18 19 24 25 47 9 11 17 23 23 16 34 15 21 45 19 33 26 21 17 22 22 6 16 
19 5 15 24 14 22 29 24 21 8 20 13 20 19 16 27 27 25 25 38 32 16 22 19 12 22 22 23 31 32 24 18 15 14 24 33 22 20 41 19 18 15 22 24 19 20 14 17 36 3 26 27 18 13 22 23 30 22 22 30 20 28 20 18 21 35 27 19 25 12 30 16 20 19 18 15 33 25 15 35 37 22 23 19 16 20 11 35 20 28 16 17 27 16 29 13 37 24 28 18 18 13 17 21 16 21 45 50 17 25 29 13 29 15 31 10 19 28 17 22 
26 36 17 24 11 15 34 24 20 21 14 18 18 15 11 38 26 13 18 30 30 46 37 15 19 33 17 19 10 34 27 22 24 17 23 22 23 17 16 26 20 14 18 19 11 16 22 18 41 16 25 30 13 21 26 26 27 19 24 33 24 32 28 18 39 18 10 9 24 21 23 11 29 22 19 21 38 15 13 32 37 24 10 12 22 17 9 28 17 46 17 27 15 24 24 21 51 21 32 22 18 18 24 12 26 26 15 18 21 34 29 18 22 19 19 14 27 27 17 19 
25 26 16 36 19 33 26 27 21 22 8 17 27 19 16 40 46 22 38 30 28 11 26 11 24 23 18 12 19 24 10 13 12 17 21 32 14 15 15 16 9 20 30 21 22 15 16 16 18 17 13 28 17 15 12 25 21 18 32 28 28 22 40 11 25 37 36 16 18 21 22 16 31 22 18 23 13 20 12 25 38 14 11 13 23 28 22 15 24 34 11 28 12 21 23 26 25 19 24 19 34 18 22 18 30 22 18 48 37 32 34 20 41 18 18 16 32 17 19 12 

MachineCapacities:
MachineID Capacity
0 10
1 10
2 10
3 10
