NumTasks NumMachines NumScenarios
30 2 500
TaskDetails:
TaskID ReleaseTime ResourceConsumption SuccessorsCount Successors...
0 0 4 8 5 11 16 17 18 20 
1 0 2 9 2 7 19 
2 0 4 10 2 13 20 
3 0 3 2 1 16 
4 0 9 7 1 16 
5 0 3 7 2 17 19 
6 0 9 4 1 16 
7 0 4 2 1 17 
8 0 5 7 1 12 
9 0 8 3 4 10 16 17 20 
10 0 3 2 0 
11 0 9 2 0 
12 0 1 7 1 19 
13 0 2 3 0 
14 0 8 6 0 
15 0 1 6 0 
16 0 4 6 0 
17 0 7 4 0 
18 0 4 2 0 
19 0 4 5 0 
20 0 3 1 0 
21 0 5 1 1 29 
22 0 9 4 1 29 
23 0 7 8 1 29 
24 0 6 10 0 
25 0 1 6 0 
26 0 6 8 0 
27 0 3 9 0 
28 0 8 7 1 29 
29 0 4 3 0 

19 21 30 30 21 32 36 12 11 29 13 32 19 23 13 13 18 17 23 17 14 23 22 12 7 23 25 20 20 22 22 28 46 21 24 27 18 25 32 20 15 19 29 25 16 30 22 24 17 30 15 37 36 23 27 24 15 19 19 10 
13 21 14 38 6 22 22 16 29 27 21 40 19 25 19 20 31 25 19 31 5 34 31 19 20 35 24 25 26 17 12 16 35 23 15 22 21 30 5 23 25 25 34 28 32 25 18 24 11 20 18 14 49 28 20 21 20 17 49 45 
15 9 43 27 40 47 22 17 7 37 14 37 20 29 21 14 22 11 19 20 16 30 35 23 24 33 25 19 29 20 22 27 31 18 18 20 25 27 15 23 25 17 17 27 33 27 31 23 13 19 15 30 21 26 15 22 14 19 29 17 
19 25 38 43 22 20 20 18 27 34 13 34 23 13 11 17 25 19 29 27 15 34 21 21 25 28 15 13 30 15 17 16 35 20 19 15 24 17 28 19 21 21 19 26 19 24 32 17 19 6 18 24 34 23 31 19 19 24 36 19 
17 21 17 30 26 28 22 18 30 36 11 20 12 23 10 21 18 19 22 22 10 39 34 18 24 43 16 20 28 29 27 24 28 19 24 23 13 24 33 23 23 20 20 19 36 34 31 22 24 39 19 27 32 16 27 13 23 14 8 21 
19 26 24 32 31 22 21 13 39 32 14 37 22 19 23 18 40 40 12 19 25 19 30 16 9 28 13 14 26 8 27 28 20 24 18 36 34 18 29 24 24 10 14 28 22 35 21 14 14 22 23 22 23 21 27 14 16 21 33 16 
19 18 32 36 42 33 26 17 32 25 14 44 22 22 15 16 45 33 16 22 21 38 34 18 21 25 26 14 30 22 30 31 31 16 9 12 28 22 18 26 26 19 14 44 29 28 24 22 12 23 17 21 37 23 18 22 27 22 34 19 
21 30 19 25 22 32 25 20 29 13 12 32 16 18 12 8 25 25 27 38 11 20 31 13 32 49 12 16 22 16 25 34 12 15 28 25 11 15 25 16 23 16 21 24 21 34 24 15 15 22 13 25 44 26 12 22 16 22 16 18 
14 27 26 32 38 39 26 5 30 24 20 43 18 21 21 14 28 34 11 36 16 48 29 15 26 22 27 16 18 26 8 27 33 30 22 25 24 19 21 32 25 15 26 41 31 29 8 17 18 24 15 20 30 23 27 28 6 21 24 19 
16 21 21 27 15 32 28 14 19 36 12 22 21 23 27 21 39 29 20 39 9 15 22 16 25 39 14 20 43 24 25 31 20 29 15 16 25 18 28 23 25 18 27 38 17 24 30 27 14 27 12 29 37 30 24 24 17 23 27 19 
19 10 29 34 20 35 30 16 33 33 14 24 24 25 11 12 15 26 22 19 16 26 30 20 36 38 11 18 20 21 16 26 15 20 8 23 22 21 27 27 18 19 38 29 18 44 16 21 23 24 14 41 31 32 22 28 17 7 28 10 
11 24 17 28 39 23 35 13 20 13 13 31 23 23 16 17 9 25 12 38 21 32 14 19 16 32 22 15 18 23 28 29 30 25 6 37 18 22 23 23 28 15 25 21 30 19 25 22 15 18 22 22 15 31 16 10 27 20 24 18 
17 21 12 36 35 39 23 12 23 24 16 34 16 20 18 15 19 6 12 33 20 19 43 13 16 37 23 21 24 17 14 31 18 15 19 24 13 23 30 20 35 23 15 39 18 24 28 12 12 19 24 26 50 22 19 20 18 21 21 31 
6 29 33 33 41 21 29 14 24 27 15 21 27 20 16 13 25 16 28 22 15 26 33 8 15 38 16 22 30 18 14 17 16 18 16 30 23 32 13 24 25 19 23 20 32 30 20 27 15 17 19 22 45 16 13 18 19 21 26 24 
19 26 16 30 25 20 16 6 20 32 19 36 12 40 13 12 46 33 25 34 14 24 25 21 23 30 21 13 17 18 12 24 20 25 14 18 25 24 24 22 19 11 16 13 17 18 19 25 16 28 20 29 34 21 20 31 18 16 26 20 
14 26 26 34 48 21 16 12 29 39 14 35 17 25 11 8 26 29 22 27 19 32 22 17 16 25 18 17 16 23 24 26 30 23 22 21 17 31 20 27 14 14 22 32 20 40 22 29 9 27 18 14 31 24 20 22 24 19 33 25 
19 21 24 24 14 12 20 16 27 16 19 38 18 24 12 13 30 12 13 29 11 14 20 11 11 25 17 13 16 26 17 20 21 19 16 29 19 30 32 12 14 12 16 21 24 26 27 13 17 12 13 8 20 22 19 26 15 25 31 42 
13 40 21 39 34 26 20 16 41 30 21 39 18 28 17 21 15 17 20 28 14 28 30 20 24 35 14 14 21 20 21 39 19 24 9 41 21 27 31 22 26 22 15 38 25 32 21 24 15 23 9 23 22 25 18 26 12 18 14 28 
16 11 24 31 22 31 25 17 25 21 22 24 23 25 20 13 34 27 22 23 18 34 19 12 22 4 37 17 33 14 19 17 25 19 21 20 30 22 22 18 26 14 14 25 20 16 21 22 12 17 17 43 37 29 21 23 17 24 40 21 
22 31 25 25 10 25 13 20 28 22 21 26 20 22 18 13 27 34 18 32 14 24 38 15 27 50 24 15 15 32 25 26 17 18 15 33 26 20 24 27 19 18 7 51 33 31 22 22 7 28 9 33 26 16 25 22 18 6 28 17 
18 25 23 28 30 14 13 21 24 22 13 23 18 34 20 17 52 22 21 27 14 16 46 12 18 38 8 17 32 23 20 35 17 18 28 35 22 24 22 22 24 17 14 27 25 30 27 19 23 36 17 27 21 39 20 18 15 17 32 30 
22 23 24 27 29 24 9 18 32 41 9 24 14 31 17 18 28 19 10 18 12 32 29 14 21 18 18 14 26 19 20 29 27 20 11 35 32 14 28 27 21 31 20 24 14 36 11 30 19 27 14 23 35 24 20 25 19 10 21 19 
18 26 22 30 35 23 30 16 32 24 12 51 16 31 20 17 29 15 25 28 17 39 38 13 29 31 20 20 15 11 17 31 22 21 20 32 24 23 29 27 32 18 25 38 19 30 19 18 23 27 17 9 39 37 22 21 13 15 23 31 
11 24 30 28 47 23 24 24 26 21 17 26 22 20 17 8 37 21 21 33 15 47 34 17 21 29 21 20 23 8 9 35 21 17 15 29 25 8 22 19 28 12 24 42 28 33 26 21 23 25 21 26 29 30 18 14 16 14 32 22 
10 21 24 24 40 16 25 12 28 34 15 19 13 21 6 9 45 15 32 37 15 20 34 13 9 21 19 18 29 23 21 26 25 18 18 19 24 37 20 25 11 19 25 20 20 36 20 19 17 28 9 23 12 18 14 17 14 16 43 25 
27 33 29 23 11 41 37 8 41 20 16 28 21 21 19 26 29 14 23 28 9 45 25 18 20 20 20 18 18 23 21 34 25 26 19 26 20 26 19 25 29 19 18 31 30 32 17 21 19 32 18 17 15 30 12 16 11 21 24 22 
14 23 32 45 27 24 14 16 27 29 22 38 12 23 16 6 24 21 24 20 14 28 52 11 16 26 27 10 27 22 16 25 17 14 7 31 26 15 16 17 25 9 27 34 13 28 28 33 13 24 20 42 33 28 11 19 19 14 39 24 
12 19 19 25 42 26 28 18 28 34 20 34 18 30 28 19 41 31 23 32 12 19 20 14 26 30 25 20 19 15 24 36 23 12 8 25 18 19 16 12 25 27 18 28 21 31 20 25 7 26 18 16 17 37 23 13 20 20 42 23 
16 31 37 21 35 30 27 14 28 29 21 43 17 32 20 27 44 28 30 34 11 35 20 25 22 20 23 17 32 24 19 28 29 16 18 25 17 13 27 22 29 28 24 16 23 19 26 24 21 28 10 22 44 20 15 12 21 13 21 18 
15 30 16 18 31 43 18 20 31 32 10 40 20 29 19 24 30 33 19 39 16 30 33 22 18 25 25 23 23 26 20 35 30 25 9 20 29 25 20 25 18 16 25 32 21 28 31 14 10 24 16 18 20 35 20 26 21 20 24 21 
17 26 34 26 27 39 34 17 28 26 16 46 19 23 19 16 30 40 22 37 15 24 40 17 40 12 19 15 28 24 16 23 23 12 20 19 19 20 22 26 15 13 16 35 26 30 16 20 16 31 17 36 23 38 23 27 17 14 24 26 
17 33 20 30 30 28 20 14 33 15 7 37 12 16 20 15 35 15 33 12 12 24 31 17 16 13 21 19 22 10 14 20 27 16 28 24 25 18 19 21 23 27 26 16 26 28 32 21 15 26 14 17 26 17 23 13 22 13 28 18 
20 31 28 35 31 44 14 10 31 24 9 29 10 20 18 16 36 23 29 29 8 17 19 22 20 35 30 14 24 20 18 19 41 17 16 34 31 25 32 13 22 21 23 32 24 39 29 19 13 20 9 11 31 35 33 17 20 27 34 19 
28 27 27 25 26 15 24 16 28 34 16 39 17 25 19 15 27 17 15 33 14 28 32 15 19 29 6 16 30 18 31 34 26 13 16 12 9 26 18 19 29 19 19 35 29 33 17 20 26 32 16 36 13 22 20 27 20 10 28 23 
17 19 33 37 26 26 27 19 22 20 16 25 17 19 16 26 20 29 21 27 12 31 37 16 19 23 22 29 36 19 22 21 14 16 20 19 23 25 23 9 21 14 26 18 23 26 28 17 22 30 17 5 25 24 27 24 11 15 32 33 
17 22 22 28 35 26 33 11 16 29 15 40 15 18 18 13 32 23 22 38 18 29 27 18 13 27 23 14 20 32 14 24 15 17 24 37 24 26 32 25 17 19 12 28 22 38 30 26 13 25 10 22 41 26 15 28 16 21 17 33 
22 44 30 17 15 34 26 8 24 24 16 26 15 29 12 17 26 24 12 37 20 32 21 16 17 38 12 14 24 26 18 34 36 20 20 27 16 29 24 21 21 13 21 43 12 24 17 23 22 25 13 27 35 33 17 17 18 12 21 20 
16 18 35 42 31 20 22 20 32 17 20 27 22 21 14 19 19 16 15 35 18 33 29 18 15 32 18 20 18 15 18 29 23 15 19 19 14 26 22 28 15 20 20 24 30 19 25 33 23 15 21 27 42 22 32 14 23 16 29 10 
16 32 31 26 34 24 13 9 3 7 13 28 14 23 24 12 29 16 21 28 16 30 38 20 15 31 22 23 34 19 21 25 21 24 17 22 25 27 10 22 21 16 10 28 24 17 16 21 23 28 17 16 35 31 24 12 25 21 23 28 
14 30 21 28 23 40 19 16 35 30 16 44 29 23 21 16 27 25 25 44 15 46 36 11 30 37 20 12 23 10 26 14 18 16 17 29 18 18 23 22 29 20 24 33 22 29 17 21 16 23 15 19 22 35 22 13 18 16 17 34 
18 30 33 40 46 15 17 15 26 19 17 46 15 25 17 21 37 18 21 27 18 25 40 18 12 34 21 25 15 16 28 30 14 22 8 30 22 17 17 31 21 26 31 23 13 9 19 36 13 39 24 29 45 13 20 17 9 15 47 27 
20 27 33 33 27 20 26 19 17 23 18 29 26 21 23 15 38 15 18 29 11 20 29 19 20 37 26 10 20 32 12 25 25 12 14 32 22 27 26 23 20 21 20 28 19 34 11 15 7 26 18 14 37 14 22 21 7 16 24 15 
21 29 25 28 27 35 35 7 25 31 13 35 17 20 13 18 21 20 23 18 16 21 18 16 30 30 20 15 12 9 14 22 19 13 15 28 25 23 21 25 28 4 24 35 15 19 25 29 23 26 16 16 21 24 20 19 9 23 43 22 
10 18 24 25 30 24 23 17 31 25 17 34 25 23 10 5 23 30 18 27 19 18 38 13 11 13 30 17 23 24 27 33 23 18 12 30 31 22 21 22 29 21 21 31 23 31 25 12 20 23 16 13 34 19 17 19 15 18 34 20 
16 18 21 28 18 18 26 19 33 17 7 27 20 29 16 16 30 12 25 20 19 20 33 6 23 25 15 7 31 14 19 29 20 15 15 24 28 23 26 20 29 20 28 29 24 24 26 22 12 28 13 45 20 15 33 19 29 17 23 32 
16 27 37 38 35 23 27 13 25 21 20 21 14 34 13 14 32 18 30 27 13 9 23 11 21 17 18 13 25 24 2 38 27 10 28 31 15 20 26 19 11 28 24 30 15 45 23 23 22 25 18 31 36 19 17 20 21 14 35 16 
11 18 30 36 31 23 23 19 20 22 18 32 34 23 17 20 23 28 26 34 21 27 38 11 20 39 17 13 38 29 13 20 23 19 13 38 20 35 32 20 14 20 14 35 29 36 4 26 29 31 14 25 25 17 18 21 18 11 24 28 
13 32 34 29 34 36 17 12 33 28 22 27 23 25 31 23 28 30 18 34 9 42 24 12 23 23 7 12 20 28 7 36 14 20 17 18 20 16 12 23 21 28 26 36 24 34 28 25 13 30 15 27 47 24 27 11 8 21 28 22 
19 21 22 29 29 24 37 18 34 29 15 21 21 18 12 18 42 28 32 35 21 16 46 17 21 31 24 19 18 30 13 23 10 18 17 26 14 30 12 27 21 30 25 46 21 46 20 23 28 25 10 32 26 28 20 21 21 17 10 22 
21 21 34 24 27 34 25 11 23 20 10 25 23 24 21 15 32 20 15 27 13 18 14 15 18 22 29 15 12 18 26 32 24 23 11 18 30 32 18 23 30 11 25 21 13 31 19 22 25 25 15 30 37 27 12 17 33 18 19 34 
14 14 35 29 47 34 35 19 32 24 22 38 20 30 15 19 32 17 23 38 17 15 28 16 26 10 25 17 16 30 12 33 22 19 13 22 16 18 12 14 16 13 30 29 15 21 22 18 19 17 16 14 26 27 9 13 9 23 37 40 
18 38 31 21 28 34 28 6 34 27 12 33 24 27 11 13 21 24 31 32 16 20 20 13 19 31 19 13 22 11 30 32 27 16 13 22 15 25 35 29 16 12 12 36 18 35 17 26 25 34 14 12 36 22 15 22 18 14 28 19 
10 23 34 20 43 28 12 11 18 34 14 3 16 36 22 14 28 28 24 34 17 29 32 18 11 20 26 13 29 11 20 23 38 16 15 19 21 15 27 19 15 18 17 30 25 32 20 26 19 19 21 27 39 41 17 23 17 19 24 10 
16 35 28 23 28 29 22 13 26 19 21 30 11 26 15 8 40 20 22 40 13 26 32 7 19 10 21 17 25 22 13 34 25 18 15 22 26 29 21 12 26 16 20 30 20 29 17 14 15 26 24 13 27 15 21 14 22 12 13 30 
16 23 35 25 26 26 14 10 36 25 15 21 21 20 14 19 32 19 29 17 12 20 27 14 17 29 10 11 11 17 27 25 8 17 16 19 17 28 16 18 22 16 20 10 16 26 23 22 3 34 11 22 27 28 22 22 15 13 6 26 
11 32 33 32 31 21 24 14 22 22 14 42 13 32 18 20 31 25 21 23 23 25 33 13 18 30 13 11 19 21 18 26 29 15 21 29 25 27 26 21 27 17 27 45 21 21 22 19 11 34 17 20 34 31 22 20 13 15 29 24 
13 27 22 35 28 20 17 18 19 20 11 40 15 32 13 15 26 19 29 13 10 39 37 23 6 32 9 20 18 11 19 31 19 14 19 31 20 27 21 18 26 9 16 29 26 22 17 15 17 21 13 27 22 19 11 24 21 20 28 24 
11 15 27 25 23 39 20 26 20 11 12 19 25 34 15 13 36 19 19 37 14 21 21 16 25 32 22 10 19 27 24 38 32 8 13 29 25 25 24 23 12 23 24 45 24 37 11 14 13 14 15 26 22 29 22 17 9 17 17 28 
13 21 33 38 13 34 21 9 32 32 18 24 23 26 13 32 8 25 21 10 15 20 29 17 28 25 8 20 21 13 29 25 38 21 17 23 22 21 25 24 23 17 32 23 29 28 37 22 17 30 15 32 35 19 17 20 28 21 34 10 
19 20 21 22 30 25 23 9 16 9 19 37 25 27 26 22 31 22 18 21 13 35 11 19 17 21 21 18 16 30 16 17 20 14 19 13 19 36 18 18 19 16 24 40 23 38 19 15 10 26 20 17 31 22 20 20 20 17 43 26 
16 14 23 17 33 14 22 17 42 15 22 19 16 27 18 15 20 32 10 34 17 34 33 14 22 36 17 21 20 24 23 21 22 14 21 33 15 18 25 16 15 20 21 24 27 34 25 20 13 30 18 19 25 26 9 15 17 18 29 29 
20 25 32 37 22 26 24 9 29 17 12 29 18 25 25 15 29 27 19 24 12 9 40 17 24 20 21 18 32 24 22 34 24 14 17 27 20 11 26 32 27 29 15 19 24 14 25 20 12 34 20 26 29 29 28 25 24 21 18 32 
14 27 21 14 32 32 20 23 26 19 19 37 9 30 20 26 25 28 28 16 20 22 34 11 18 38 13 3 19 22 14 18 15 21 9 25 22 21 25 26 22 23 21 22 17 24 18 30 8 18 17 31 25 20 19 21 35 23 39 23 
17 35 38 29 23 30 28 14 38 18 21 34 13 25 20 22 37 26 21 20 10 29 30 14 30 45 29 13 32 24 28 25 31 21 20 22 18 28 30 12 25 22 19 19 21 38 23 19 20 23 18 21 26 25 16 15 17 20 33 28 
16 21 18 43 12 23 12 23 25 27 15 25 14 23 8 14 25 31 30 29 17 24 27 21 15 23 30 10 23 14 32 33 22 16 10 23 22 12 20 24 30 12 31 17 10 33 27 14 11 26 20 28 45 18 10 13 23 22 11 34 
16 27 15 42 15 30 19 19 40 21 21 22 24 27 11 16 29 27 18 20 24 29 28 19 29 28 21 12 16 26 20 28 24 28 19 25 26 24 32 13 22 15 26 37 18 42 21 23 9 36 15 29 22 23 23 20 9 16 25 29 
15 31 20 19 30 28 19 19 31 32 19 21 20 28 18 11 24 23 17 31 13 2 36 19 28 28 37 15 14 21 20 43 22 22 21 36 18 29 26 28 25 17 25 20 24 35 17 27 8 16 15 21 33 21 26 19 25 30 20 19 
23 33 27 22 27 23 29 10 16 35 12 30 17 41 21 13 33 16 18 34 16 38 42 18 23 23 14 24 25 21 14 17 29 18 18 36 19 24 28 25 23 21 19 21 24 18 29 20 20 16 25 21 20 18 28 26 16 17 28 18 
18 25 27 43 41 32 31 15 25 32 23 42 24 45 17 14 30 29 28 23 16 47 26 20 30 33 18 14 16 20 29 28 24 18 10 34 18 21 18 18 34 16 30 23 31 29 13 22 26 42 16 27 29 19 14 22 14 20 38 34 
18 28 27 29 47 45 27 16 24 15 9 35 18 37 25 20 42 22 16 38 21 27 27 8 14 31 14 14 17 20 13 16 20 24 13 21 29 24 23 14 27 19 28 26 33 21 16 23 21 26 16 31 35 24 24 15 11 10 26 33 
11 22 13 32 25 34 28 8 31 16 15 45 14 22 20 11 22 23 20 32 15 25 28 22 19 31 28 16 27 24 13 17 34 9 12 20 28 18 34 16 21 20 32 10 34 36 19 22 17 24 19 15 40 26 32 11 15 33 29 28 
12 18 24 33 28 38 15 14 34 22 13 25 32 23 18 16 22 21 31 27 8 35 28 16 23 26 15 15 18 36 21 7 20 22 17 23 35 33 27 11 16 21 18 23 24 36 30 17 23 21 17 17 14 36 16 20 18 21 25 12 
15 16 15 22 11 22 25 15 27 25 17 29 22 29 11 18 29 18 31 36 15 29 33 13 28 26 15 19 19 9 14 30 27 14 20 25 16 38 21 12 30 18 19 26 23 31 18 9 14 22 12 25 20 37 23 12 21 28 15 42 
13 15 25 31 27 29 40 15 44 21 22 39 22 12 24 21 31 28 19 33 16 32 35 11 29 38 12 16 26 15 20 31 43 15 21 17 24 28 20 25 15 21 19 36 16 32 16 23 7 25 16 21 21 28 17 19 20 16 26 32 
14 18 19 18 30 26 26 15 12 25 17 30 22 46 18 17 34 22 18 45 20 28 17 11 26 31 25 9 22 21 16 17 22 17 15 25 26 23 24 12 13 22 8 48 15 53 24 33 19 23 18 22 21 14 26 12 22 17 26 24 
18 29 22 39 25 25 26 17 28 3 19 19 21 28 23 11 23 23 27 32 12 16 17 11 24 17 31 18 19 15 28 10 26 15 17 31 14 21 14 14 27 22 30 22 25 33 27 14 14 29 17 29 48 20 14 23 13 14 25 24 
10 34 19 28 22 28 26 7 39 39 11 20 15 22 21 19 30 22 32 30 8 30 41 19 23 21 16 20 18 15 29 21 29 19 19 19 26 17 35 26 10 22 24 18 22 16 26 9 14 20 22 23 30 30 8 20 15 17 28 23 
10 19 28 28 30 28 24 11 36 30 21 29 12 27 9 15 37 24 25 24 12 13 19 14 11 31 19 25 29 29 24 36 21 22 24 28 28 20 27 14 17 13 23 20 15 27 25 27 13 29 16 27 38 23 8 21 17 20 27 30 
16 25 25 25 30 18 16 15 29 27 16 38 17 14 24 10 34 16 24 29 13 29 15 13 28 17 16 18 21 24 16 31 11 16 18 13 28 16 20 21 21 24 22 39 8 35 27 24 11 27 7 20 28 28 23 17 17 21 27 23 
18 29 30 40 33 23 24 13 22 25 12 24 22 31 22 21 16 27 16 21 17 41 38 26 13 32 20 11 22 12 11 26 17 18 7 22 29 19 33 23 21 16 28 41 24 40 19 25 16 21 19 30 23 23 19 22 13 21 38 26 
20 23 24 29 17 30 16 9 4 18 16 37 21 25 21 16 32 18 20 20 10 31 24 18 17 13 27 13 26 26 24 33 27 15 19 16 16 23 23 15 19 17 28 22 23 29 26 21 14 23 17 19 24 19 25 12 17 21 38 33 
14 38 24 21 24 25 26 8 23 33 17 35 13 35 18 18 40 34 18 35 11 23 28 13 24 25 17 22 27 20 26 14 25 26 18 21 26 19 24 28 31 10 27 43 19 36 23 10 17 29 18 26 30 26 21 19 19 18 13 18 
19 23 14 33 37 23 26 22 29 19 17 34 22 31 20 23 32 22 18 36 19 22 21 8 23 23 24 25 43 21 16 17 25 25 10 19 23 28 25 20 27 20 23 32 17 30 24 21 18 44 17 30 19 18 16 24 22 26 10 33 
18 19 29 29 29 41 22 15 49 14 12 29 28 33 12 14 37 18 16 18 8 14 40 15 26 40 14 15 30 24 15 33 15 20 12 32 20 25 13 19 27 14 32 18 32 19 23 14 22 19 10 26 21 33 22 9 14 26 29 9 
23 37 29 19 20 26 12 21 24 25 22 33 18 28 18 21 27 24 21 26 12 24 43 15 15 35 19 18 32 17 23 30 18 24 25 28 16 23 21 27 25 24 11 25 34 23 24 25 11 19 8 21 15 23 31 14 23 23 21 21 
20 24 31 18 29 23 17 18 27 30 15 22 15 27 12 19 35 4 28 33 13 20 19 12 22 18 16 20 29 29 34 30 17 24 17 36 21 30 14 20 20 20 23 45 16 24 13 27 20 25 19 18 20 18 26 16 21 16 22 22 
17 34 18 27 30 25 25 17 22 23 6 34 12 31 14 20 29 28 22 25 14 38 22 16 23 20 28 11 18 18 20 29 36 19 12 24 22 30 27 11 28 15 30 44 17 22 18 7 19 21 17 29 19 22 14 14 14 11 21 24 
18 25 31 13 32 22 26 14 14 26 15 47 13 25 19 23 27 17 27 53 8 9 19 7 25 34 18 13 16 26 12 22 27 23 14 31 9 15 20 16 9 17 27 23 19 42 33 9 15 35 18 34 40 31 26 26 25 21 29 25 
13 30 23 34 31 29 31 16 22 41 15 25 18 27 18 20 35 20 25 45 13 30 28 18 17 22 10 13 28 6 25 18 24 21 23 25 30 19 11 20 27 16 23 22 14 31 29 23 30 22 16 31 39 22 30 22 20 23 27 22 
20 21 34 39 38 29 11 17 23 24 6 24 26 21 17 15 38 21 22 37 21 23 27 15 19 33 20 15 28 31 12 33 29 30 18 44 25 31 9 24 19 24 30 46 24 20 17 25 21 23 19 22 31 28 23 23 16 21 26 25 
16 22 30 33 26 43 23 14 18 23 21 39 14 27 21 12 31 26 32 33 9 35 23 10 22 22 12 13 15 12 21 12 31 23 11 23 19 33 30 17 15 13 14 22 22 35 22 25 24 28 15 22 38 20 33 23 18 16 21 21 
18 23 20 36 30 19 20 23 36 27 18 32 14 23 17 17 29 26 24 30 13 28 31 19 23 41 14 17 13 23 23 25 35 15 20 25 20 23 30 31 24 19 15 16 26 20 23 31 13 35 21 23 18 28 23 22 21 23 39 41 
15 30 23 22 37 48 40 22 36 22 21 22 18 14 10 17 40 27 25 35 19 26 30 14 21 25 19 11 29 19 16 23 32 14 14 16 24 23 28 21 24 9 21 20 26 31 16 20 23 15 19 30 28 26 18 17 9 15 31 33 
19 15 19 39 20 35 27 15 18 26 25 29 18 32 10 21 39 30 23 29 7 30 18 20 20 37 22 19 15 20 26 33 12 19 22 21 22 15 26 13 20 16 17 43 14 31 20 20 27 17 15 20 27 22 17 15 17 20 32 18 
14 23 16 44 34 26 22 21 31 35 11 28 24 32 9 13 33 20 14 29 13 24 32 14 27 31 23 14 23 12 22 31 28 10 19 30 26 20 23 20 28 18 29 22 18 12 14 15 26 22 18 16 27 22 28 15 16 15 23 35 
17 43 22 39 34 29 23 22 30 20 21 11 22 32 14 16 21 23 11 42 14 35 17 33 17 43 11 14 17 31 16 28 38 17 22 26 21 26 29 24 26 20 24 24 25 26 23 20 20 20 16 25 29 32 19 15 20 15 33 17 
22 23 34 18 24 31 23 23 29 22 20 31 21 30 21 18 41 14 16 23 17 14 33 25 28 18 20 14 20 31 19 26 21 15 16 35 22 26 27 22 8 15 29 43 28 26 18 22 18 30 19 19 29 11 24 22 17 21 23 29 
20 22 29 31 36 36 21 18 20 25 16 14 26 31 13 21 22 23 19 38 16 38 37 22 25 24 28 13 19 33 19 11 27 6 16 17 16 20 35 21 19 20 30 26 16 26 16 14 20 20 18 21 21 29 21 10 23 22 8 32 
16 28 21 49 36 22 21 19 16 33 19 32 16 28 23 18 11 29 26 29 19 28 18 19 15 45 10 16 14 10 17 16 15 19 21 30 22 30 26 23 22 17 17 24 27 29 29 41 12 19 17 29 42 30 22 24 19 22 31 27 
17 13 42 39 22 21 26 21 22 30 16 18 21 22 17 16 28 17 25 29 11 26 29 22 20 38 25 7 21 24 19 35 32 27 10 19 12 29 18 29 24 17 21 21 22 40 33 27 14 22 25 37 35 39 26 17 18 20 21 25 
11 34 44 28 22 37 29 12 41 20 19 25 20 17 18 15 29 20 24 55 15 22 27 20 13 49 9 17 22 25 16 23 25 15 19 35 24 30 14 23 27 22 35 7 24 23 16 23 14 25 22 24 40 34 17 30 9 14 29 17 
14 25 16 39 29 36 30 12 29 22 21 39 25 33 23 16 15 21 20 32 3 23 14 19 13 34 14 19 36 26 20 35 32 15 22 29 32 27 18 28 19 21 24 34 19 27 23 25 14 24 20 22 34 23 16 16 23 16 14 23 
13 33 28 37 36 25 21 10 23 22 12 40 25 21 20 22 27 24 27 24 14 27 33 19 25 42 17 15 14 21 26 27 31 13 10 26 13 27 16 24 17 20 22 28 21 38 15 21 17 23 17 27 39 26 14 15 19 14 9 28 
12 28 38 21 19 39 12 11 45 12 20 15 19 23 16 22 22 13 11 19 18 24 24 15 28 40 11 22 15 33 24 33 28 19 21 31 24 27 29 26 17 22 19 29 15 33 22 26 18 19 17 20 21 21 20 27 21 19 30 21 
20 39 39 20 17 23 22 18 20 26 19 36 21 17 28 24 28 33 23 45 12 32 36 17 20 48 15 12 22 12 26 24 26 21 18 27 27 25 22 24 32 11 24 43 10 30 23 13 18 13 16 18 31 42 11 17 17 16 31 21 
16 32 24 19 28 31 25 7 29 15 19 14 22 26 15 19 24 35 16 23 17 41 36 9 27 21 23 21 19 18 16 12 11 12 25 36 22 29 15 32 9 19 35 42 23 42 18 25 10 37 21 34 15 18 20 17 9 12 28 15 
16 20 18 7 27 22 36 18 25 15 7 10 18 23 18 17 39 19 29 19 20 35 14 14 11 36 11 16 9 19 11 23 31 12 19 26 15 29 16 24 19 16 29 13 29 36 21 24 21 24 20 42 16 17 8 14 31 14 23 18 
21 31 22 25 31 29 18 12 25 20 11 34 29 30 20 18 28 21 26 22 8 37 32 13 21 43 10 11 23 21 23 29 23 27 23 24 19 13 17 11 21 11 19 32 19 13 25 28 15 31 14 28 37 28 26 25 21 14 26 35 
18 24 27 27 29 26 33 7 44 24 10 19 26 21 19 25 29 30 27 40 17 36 28 16 18 35 13 20 21 24 20 20 20 29 21 25 18 28 14 12 32 17 11 31 13 35 29 25 13 23 17 26 23 32 11 26 16 10 25 20 
10 16 21 15 42 19 26 17 42 31 5 28 23 31 10 26 28 23 16 32 16 25 38 14 30 40 30 17 20 13 12 22 35 25 15 26 30 20 15 24 20 15 24 27 13 40 27 16 16 18 9 36 39 7 11 14 16 26 26 34 
20 24 26 15 31 25 30 23 29 28 15 40 16 23 16 18 23 29 20 29 15 32 21 11 28 26 25 14 21 20 24 25 28 20 10 28 17 24 15 30 28 23 25 23 18 44 21 23 23 29 16 31 17 15 17 21 13 22 17 11 
11 24 33 28 46 16 35 12 32 29 13 31 12 28 25 15 36 31 24 29 13 13 13 10 20 11 15 18 20 23 24 27 21 21 21 4 20 32 35 27 30 22 11 3 20 31 26 10 26 25 20 26 45 23 8 9 16 18 32 22 
20 35 21 31 13 38 37 19 30 24 19 29 22 39 19 26 22 34 16 43 11 24 34 22 23 30 15 13 22 25 23 33 37 15 17 25 11 23 18 34 5 20 19 42 31 35 28 15 22 19 12 20 39 19 18 23 25 20 44 22 
21 31 21 21 33 35 20 13 30 17 17 23 12 24 19 15 36 22 16 18 13 37 33 15 27 33 30 17 26 20 17 34 11 16 17 21 35 29 22 19 24 21 20 20 25 31 32 27 19 32 19 23 29 38 20 12 18 4 25 25 
12 30 12 30 27 35 28 15 25 31 15 29 27 37 23 11 29 21 28 27 16 43 32 16 27 33 18 22 18 19 27 19 22 19 11 27 15 29 29 9 12 10 18 30 28 28 23 21 18 21 25 29 29 24 13 13 20 18 19 12 
22 40 28 21 31 42 14 11 15 19 19 42 20 18 25 23 20 20 25 39 10 29 28 13 24 30 20 10 23 31 20 24 11 18 14 18 28 20 27 26 20 12 24 23 20 26 27 28 24 34 14 28 37 24 26 17 17 18 37 32 
13 28 25 38 9 35 28 12 20 26 15 32 24 24 14 14 36 21 24 25 3 20 34 17 26 41 8 13 27 26 11 21 24 20 13 31 15 24 20 9 15 26 17 33 19 28 17 16 24 13 13 12 35 18 17 26 7 17 31 31 
17 24 15 15 21 25 26 15 29 20 10 34 21 27 19 14 41 13 15 27 25 26 35 14 17 45 28 17 27 24 19 31 24 22 15 26 13 18 26 15 29 14 11 38 12 54 23 22 7 18 22 32 13 23 23 21 20 12 23 18 
25 30 39 37 24 41 23 22 24 23 13 23 21 17 14 14 31 24 20 31 14 41 39 15 22 20 24 20 18 21 30 28 19 12 13 21 26 30 21 29 20 15 33 42 25 35 24 23 13 21 14 31 33 29 13 13 20 14 23 27 
18 30 19 35 27 28 19 15 33 17 21 28 15 32 9 17 24 17 16 31 17 29 23 11 25 28 22 11 18 17 15 24 17 15 22 21 24 20 14 25 19 23 20 35 20 27 27 24 16 19 15 14 49 23 23 16 7 20 14 16 
15 17 30 33 28 31 29 24 36 30 14 28 19 25 16 13 14 8 16 25 19 28 37 13 20 15 9 15 21 13 24 29 15 15 12 21 20 35 27 26 25 18 20 23 24 41 27 19 10 31 9 32 16 8 17 16 18 11 19 22 
17 27 27 29 25 27 27 15 38 25 15 38 24 25 17 19 26 22 17 12 13 42 22 15 31 33 24 22 11 14 18 34 14 21 17 20 18 16 30 23 14 22 12 41 30 22 20 14 17 31 15 33 14 28 16 28 20 10 29 37 
18 23 32 36 26 34 13 10 16 34 16 38 16 24 17 25 32 39 18 29 13 21 36 14 18 19 19 21 19 11 27 28 13 13 10 31 12 30 17 11 24 19 22 12 22 24 24 18 15 19 16 38 17 19 20 13 20 12 27 19 
9 27 19 30 22 30 22 12 23 15 16 40 17 26 22 13 22 22 23 13 25 24 30 11 20 29 18 23 21 19 9 34 32 16 8 28 25 28 15 16 27 24 29 23 31 21 23 18 16 29 14 10 34 15 22 21 16 23 22 4 
18 28 29 43 12 24 21 19 16 31 11 23 18 27 15 18 7 27 23 31 16 33 23 17 14 46 17 17 10 24 31 18 31 23 23 21 34 23 17 17 14 18 17 20 31 37 31 29 19 22 18 32 40 32 16 21 16 18 21 12 
19 32 33 33 39 18 28 17 10 22 14 24 19 26 17 28 26 19 24 20 17 36 28 17 16 29 22 20 24 17 17 17 30 11 13 39 8 28 24 28 31 19 27 30 19 35 26 18 19 28 14 23 32 28 17 20 11 12 18 16 
20 19 29 30 31 22 21 18 42 27 21 43 19 7 17 27 32 19 16 16 15 16 37 11 26 22 24 16 35 29 24 28 31 17 10 34 13 27 19 10 19 19 25 40 35 26 19 20 10 17 21 24 29 29 7 15 21 10 23 26 
16 27 26 39 29 28 30 16 23 28 9 27 21 25 26 18 23 37 21 18 15 32 21 12 26 37 22 21 14 21 21 21 36 21 17 16 18 27 25 23 13 22 25 28 23 29 19 22 8 29 9 14 31 16 28 23 12 10 20 23 
15 23 14 42 41 19 20 18 30 24 14 16 24 44 10 22 40 33 17 38 5 31 44 20 14 15 18 17 23 35 15 24 30 22 14 13 27 28 14 25 23 23 18 40 15 10 21 35 21 25 18 32 31 21 18 17 17 23 22 27 
12 17 27 21 36 22 29 13 22 28 18 26 24 18 12 16 23 35 22 32 19 41 25 22 19 42 16 20 18 23 13 32 32 25 11 27 26 30 28 27 22 15 23 39 21 33 28 20 19 32 18 16 44 20 25 20 18 19 30 30 
18 15 35 29 29 25 28 12 51 30 22 20 24 27 15 14 23 18 26 28 16 35 39 18 15 15 24 14 38 18 18 25 23 7 17 31 31 32 32 23 26 15 20 34 29 34 15 19 20 29 19 29 34 25 20 21 17 18 31 18 
15 23 12 36 36 41 21 16 30 14 17 18 13 22 18 16 35 14 16 26 10 29 24 21 23 30 21 13 22 21 28 9 18 15 25 30 39 31 23 17 29 15 15 24 20 28 27 31 18 26 14 28 34 24 1 16 13 14 28 19 
10 23 37 19 33 28 17 12 34 21 22 27 19 30 28 11 17 18 20 29 16 36 19 14 30 28 20 18 31 27 21 20 16 16 19 30 23 19 17 17 22 23 20 51 27 33 24 19 19 24 17 30 23 32 14 15 16 16 24 25 
15 8 22 41 19 31 29 11 36 13 15 27 27 13 11 26 27 14 26 28 18 32 25 19 20 21 31 14 28 17 14 34 25 25 15 21 12 34 19 20 22 15 12 15 21 13 17 16 12 19 12 19 39 17 32 13 13 18 42 30 
19 25 8 38 23 20 24 13 20 37 11 26 25 30 13 23 25 24 14 30 13 24 11 8 23 31 13 13 29 24 18 29 16 21 13 25 26 22 25 28 33 15 25 16 26 30 20 24 21 39 19 31 13 24 25 14 24 21 13 27 
6 34 15 39 28 35 10 21 27 22 21 37 20 26 6 13 37 11 26 28 23 26 28 26 23 39 28 14 17 31 21 39 34 22 22 10 18 36 24 17 22 10 17 27 21 18 20 22 10 28 10 25 41 22 29 13 16 25 23 30 
13 37 31 22 17 24 19 24 25 18 16 38 7 15 20 17 31 24 18 29 14 26 18 19 25 13 11 16 36 18 20 21 33 23 12 32 12 34 28 18 28 9 34 21 34 31 32 24 23 29 17 32 22 24 20 32 19 29 28 25 
13 32 20 17 25 27 22 18 27 23 14 29 26 36 15 21 28 31 21 30 16 20 36 23 15 34 15 11 27 20 12 19 27 16 24 26 22 24 21 33 37 27 18 17 23 32 17 20 17 32 19 21 31 22 24 11 12 20 46 37 
15 22 32 28 28 35 22 18 24 34 7 48 26 33 16 15 30 11 27 31 14 31 30 18 20 29 26 17 28 16 26 31 19 22 18 29 18 19 28 13 27 18 23 21 12 35 22 10 19 28 16 31 39 28 32 20 21 16 33 13 
23 22 21 22 26 31 24 18 24 19 19 28 13 20 12 8 32 12 17 31 20 33 23 25 13 29 24 13 20 13 13 28 31 7 6 12 31 31 22 28 21 17 19 36 13 37 27 22 14 17 16 22 51 26 25 13 19 22 39 25 
17 17 31 36 30 48 19 17 28 17 22 36 20 26 22 15 34 20 15 32 18 36 46 23 15 21 18 16 16 12 16 35 23 15 12 24 32 20 34 24 39 21 21 35 22 34 25 24 27 35 14 18 18 39 22 13 18 14 38 33 
17 29 22 39 30 38 25 12 19 41 19 21 16 17 21 22 20 18 26 39 14 39 33 19 15 18 21 17 13 20 24 32 26 17 20 24 25 19 20 15 32 28 23 46 24 16 28 24 17 23 18 26 30 31 23 21 14 24 39 22 
22 39 22 28 25 24 21 22 30 31 17 32 22 21 20 9 33 20 24 30 23 24 42 16 18 25 22 20 20 26 12 33 27 27 13 29 14 32 29 8 32 12 17 18 16 17 15 24 24 29 20 20 25 37 15 27 23 18 27 31 
15 27 24 32 37 22 16 13 24 33 13 23 25 20 11 20 36 25 16 24 10 16 27 21 31 40 22 16 24 22 23 26 26 23 15 26 18 27 25 16 21 21 15 22 16 35 28 18 23 28 18 16 33 26 29 30 14 20 33 10 
15 24 27 37 28 21 19 11 17 13 17 27 14 16 12 15 32 19 17 38 13 33 28 21 19 42 29 12 22 18 35 30 24 20 13 15 30 24 31 19 18 25 22 21 15 32 29 21 25 25 23 17 30 27 23 16 25 18 35 20 
14 27 20 20 21 24 20 13 33 9 13 43 20 31 17 19 14 26 20 11 12 19 22 16 15 35 16 17 15 17 11 22 14 14 3 38 27 24 31 15 26 19 15 32 37 39 25 13 13 16 16 17 30 24 16 5 22 24 28 36 
14 26 33 16 38 21 27 17 14 25 15 40 21 36 24 26 16 24 26 10 17 31 26 15 19 32 21 20 20 10 24 26 22 19 22 15 36 17 25 18 18 18 18 21 29 36 25 20 20 30 20 25 34 38 17 22 16 7 27 23 
17 22 14 20 39 19 12 9 12 23 18 21 21 25 20 15 34 26 21 28 16 38 34 17 27 22 14 21 23 20 25 24 27 18 29 31 20 25 16 31 26 19 28 32 24 22 30 29 15 34 15 30 30 29 19 12 15 17 24 19 
18 22 35 32 43 24 23 4 30 20 18 30 19 29 28 19 20 21 30 38 5 26 27 14 33 26 18 18 26 30 21 31 25 19 17 22 27 22 19 26 17 16 32 28 31 48 27 22 21 16 14 22 25 22 29 13 14 13 22 17 
13 26 14 23 32 25 26 14 19 26 19 43 19 36 24 13 27 34 26 6 21 38 32 9 23 42 31 11 20 32 29 33 20 15 28 33 15 29 24 17 33 16 23 13 10 32 25 20 26 26 11 27 32 23 19 11 11 18 24 34 
15 20 30 34 24 39 27 13 23 23 15 37 21 29 12 13 42 14 28 19 20 7 33 18 11 41 11 17 26 18 14 19 27 21 12 24 18 29 13 19 21 17 16 31 28 46 17 28 17 18 18 20 30 40 21 3 22 26 31 23 
12 42 38 28 30 28 25 13 23 30 18 34 25 16 12 28 36 24 26 33 11 29 25 21 29 39 19 19 39 14 26 28 24 14 26 14 18 28 28 24 33 13 21 32 18 42 14 21 20 15 17 21 35 16 20 17 14 8 34 12 
18 20 17 45 31 27 21 8 33 27 22 22 24 18 17 16 35 25 16 21 13 19 29 17 19 27 17 11 19 26 20 34 16 14 10 28 24 24 18 19 34 18 17 28 27 24 22 14 16 18 15 25 36 31 22 18 25 19 24 17 
17 31 29 23 20 17 27 15 26 16 19 37 16 20 25 17 15 31 17 28 19 24 21 9 17 35 24 19 24 28 30 30 23 18 15 28 18 29 20 22 27 24 28 24 26 32 24 27 14 14 12 33 29 19 28 24 18 19 38 30 
26 25 21 35 24 38 37 16 25 18 12 40 8 38 29 22 46 26 17 40 10 26 25 16 9 46 28 10 6 16 11 30 43 23 24 27 6 22 19 23 19 19 24 30 26 19 19 18 20 27 9 22 39 18 23 21 26 20 19 29 
24 32 26 37 27 40 22 9 19 27 20 24 11 22 12 15 7 25 21 34 14 26 41 18 37 34 24 12 39 15 20 36 15 11 15 27 25 22 23 21 20 19 34 26 11 22 23 19 21 20 15 22 23 29 15 15 25 21 32 22 
14 27 23 15 38 37 17 10 21 26 15 39 20 34 15 10 30 23 29 37 14 30 22 16 17 43 12 17 22 20 10 26 30 12 14 14 26 19 22 22 13 21 23 29 25 32 34 21 13 21 19 38 33 27 23 26 21 32 26 20 
16 19 27 8 25 18 21 16 31 4 24 33 21 24 14 16 29 29 21 21 10 27 38 20 20 31 26 20 19 11 20 18 26 16 12 37 28 27 18 18 23 21 20 20 22 27 23 16 16 13 15 18 25 14 22 21 21 13 30 20 
11 24 40 32 27 13 28 9 30 21 22 27 33 21 13 7 27 32 23 36 17 32 23 20 17 52 26 13 20 24 18 24 13 13 18 22 19 16 17 26 21 26 29 13 25 23 17 20 13 28 23 19 41 24 32 21 23 6 31 23 
13 23 21 29 23 24 25 13 29 26 17 43 19 30 13 18 40 28 19 37 16 29 30 17 13 41 23 10 12 21 17 25 34 22 20 29 28 20 25 15 19 16 22 23 18 36 33 20 22 27 16 25 26 35 12 23 15 25 31 19 
12 14 22 33 21 44 18 21 32 28 11 29 18 17 8 20 31 28 25 40 20 40 19 11 27 35 19 13 23 27 18 28 20 24 17 26 21 23 13 20 29 18 22 35 12 27 26 27 27 32 19 29 34 33 30 21 18 19 26 29 
13 33 25 18 30 32 28 15 40 23 14 35 17 13 17 13 22 22 13 26 20 33 40 19 11 26 30 17 29 26 17 28 20 23 16 22 25 28 16 23 22 30 21 32 5 28 8 12 14 23 14 34 29 36 12 17 23 17 15 26 
17 26 26 22 23 36 23 12 38 28 10 25 14 29 19 22 19 31 21 24 10 37 35 16 25 40 13 15 23 26 30 38 26 18 16 24 18 21 8 30 21 12 26 33 20 31 30 26 16 36 19 23 26 37 27 19 15 21 28 29 
13 22 26 41 30 17 19 14 24 21 25 26 10 32 15 6 31 11 32 41 18 30 33 11 12 44 25 21 38 10 17 21 24 25 21 21 21 24 14 19 25 18 24 28 23 43 30 24 14 15 11 15 40 23 33 17 14 10 29 37 
7 16 14 37 16 32 15 21 23 18 15 21 19 17 13 18 35 23 29 38 9 23 33 18 26 37 15 21 18 16 34 17 5 13 15 27 28 30 18 31 18 14 15 46 27 28 33 14 15 27 12 13 31 20 22 21 15 26 34 17 
19 20 28 23 28 24 11 11 18 33 19 32 23 30 26 21 27 25 21 36 17 17 43 11 16 28 11 18 29 20 29 24 22 20 15 22 21 22 19 24 32 20 35 25 30 28 19 23 16 20 15 23 14 27 16 29 19 12 28 21 
12 18 26 32 29 15 27 23 42 21 16 29 28 31 22 21 28 16 24 29 10 41 29 16 23 28 12 15 20 21 17 13 28 16 11 27 30 20 8 29 22 25 28 30 19 36 19 28 16 29 17 17 33 20 19 14 22 22 43 29 
20 29 22 28 24 43 16 10 22 32 17 39 26 28 14 26 35 18 28 20 9 34 36 19 22 22 30 13 17 15 23 18 24 23 17 19 16 15 29 24 9 18 19 20 28 17 28 24 21 21 17 18 14 17 24 12 20 14 33 25 
12 28 28 34 25 24 15 10 27 26 17 32 17 35 19 33 30 20 13 14 14 33 37 16 24 32 31 12 27 19 21 28 14 22 13 39 18 19 33 18 15 22 24 37 18 44 24 25 13 17 17 33 27 16 16 13 21 25 23 30 
20 23 12 43 24 18 20 7 24 35 17 29 19 29 15 25 40 22 14 28 25 27 21 14 23 22 16 19 36 23 17 28 9 15 19 14 24 22 24 14 13 17 24 29 15 17 10 23 20 23 10 23 27 24 22 15 18 23 35 22 
16 20 27 25 32 27 20 11 26 29 20 37 14 23 15 15 11 26 20 40 15 7 23 19 26 33 18 23 16 18 30 17 17 19 17 17 21 13 16 18 20 14 30 25 23 34 23 24 14 22 10 33 29 11 26 18 16 22 31 22 
14 35 38 33 25 30 17 16 41 35 14 41 13 26 16 18 25 29 26 22 12 31 33 23 15 48 15 15 22 27 21 30 21 16 16 24 25 18 22 23 23 14 23 27 23 48 30 20 15 35 18 19 16 20 12 13 18 18 22 22 
15 25 22 34 25 20 16 19 31 18 16 35 18 24 22 15 39 25 19 27 24 24 24 22 33 29 37 16 27 13 22 32 31 23 22 31 28 22 17 22 29 29 17 26 23 23 31 26 10 14 18 18 24 22 17 17 24 21 30 18 
17 15 17 24 29 31 18 17 45 21 16 25 17 37 22 15 27 32 26 27 12 22 30 18 12 12 17 17 15 24 22 30 19 24 13 21 25 20 30 24 31 20 24 10 17 30 11 23 17 16 14 26 37 16 18 24 21 11 30 7 
16 23 20 29 35 23 24 14 35 32 16 26 13 23 22 14 30 29 21 34 14 39 22 14 15 22 23 16 19 23 24 31 28 11 21 16 27 29 21 18 14 28 17 36 20 37 18 28 26 33 18 39 19 20 23 12 11 17 26 26 
21 32 28 30 36 7 19 15 29 24 16 29 22 27 14 16 28 20 18 24 12 25 23 20 22 19 25 18 20 16 26 28 25 22 21 15 21 21 24 25 21 19 22 50 18 33 18 24 23 13 18 16 30 19 20 13 16 20 27 21 
12 35 24 23 23 30 24 17 22 24 20 26 20 35 22 18 27 19 32 27 13 19 23 14 25 55 24 18 34 31 24 24 31 23 20 24 26 15 25 15 20 14 28 27 17 38 22 31 23 34 18 23 13 20 22 17 24 12 38 17 
15 27 22 29 21 31 19 8 25 29 25 33 15 21 24 14 43 19 23 28 15 23 23 23 18 18 18 18 19 10 19 35 30 19 13 15 23 10 20 18 22 19 13 12 25 18 27 28 18 27 12 35 28 16 7 16 15 16 31 9 
16 29 24 31 15 25 10 10 21 17 18 35 19 24 23 15 31 17 19 12 19 31 24 22 26 23 17 23 17 6 8 31 27 24 18 13 23 31 25 13 29 28 23 32 22 35 16 26 8 21 13 32 29 24 15 22 14 26 28 38 
19 30 29 35 18 10 27 21 33 24 8 27 16 16 13 11 40 19 24 15 9 23 19 13 23 30 24 13 25 17 24 37 15 16 10 32 28 24 31 25 14 24 7 5 18 24 23 20 9 32 15 31 20 26 28 24 16 21 40 28 
16 26 35 38 35 38 36 19 26 28 11 25 15 30 21 14 37 19 19 25 19 38 25 16 13 32 17 13 18 13 22 21 3 19 19 33 18 40 22 25 24 22 28 29 27 15 19 26 14 27 22 33 20 17 13 5 22 22 11 13 
19 21 21 21 35 24 25 14 28 24 17 27 18 30 14 20 36 41 34 40 10 17 35 16 29 34 21 17 27 15 20 22 30 23 17 29 26 20 19 26 20 22 29 27 26 13 16 22 21 19 18 20 36 18 25 22 12 24 26 34 
21 34 31 40 30 41 21 17 23 28 9 28 10 17 14 14 33 31 17 21 18 31 34 15 23 13 20 14 25 25 21 33 14 17 17 24 18 25 24 21 25 14 17 32 33 31 22 29 16 37 20 18 25 20 16 25 14 14 37 25 
18 29 22 38 23 27 22 16 25 24 14 26 20 17 16 16 15 5 15 43 9 45 16 14 4 33 17 23 20 22 23 25 44 20 13 29 21 18 31 29 11 21 21 40 27 33 21 25 12 30 21 37 25 13 31 19 20 24 20 28 
15 25 29 29 38 43 19 12 14 23 18 24 16 25 23 24 26 24 18 36 6 23 25 17 21 25 21 29 25 20 22 39 24 18 24 16 20 19 29 34 18 17 21 31 24 39 20 22 15 30 12 25 23 28 19 21 12 21 38 26 
17 32 37 23 38 33 24 12 28 31 12 28 23 39 7 22 39 24 22 40 13 24 21 7 17 37 6 15 25 10 17 32 23 26 19 25 27 27 21 17 26 14 23 30 25 38 19 24 17 29 14 23 26 26 13 16 12 14 34 21 
17 24 12 35 13 17 24 14 31 37 20 36 18 35 12 26 32 23 23 26 16 35 26 18 22 34 31 13 26 32 21 35 27 18 15 30 24 24 16 23 14 20 18 15 25 27 22 21 13 15 16 29 28 26 17 17 24 14 34 21 
20 40 16 45 37 33 26 13 41 28 14 23 19 27 17 19 36 31 23 31 16 26 21 18 19 28 25 22 24 20 23 18 18 16 23 20 22 21 34 29 21 26 22 32 27 24 19 41 25 22 25 18 22 21 17 12 9 26 40 20 
20 10 14 24 47 38 32 16 33 24 16 42 19 26 17 21 37 34 28 33 11 33 20 12 20 20 31 16 22 25 23 18 26 16 21 30 18 18 17 19 29 10 26 22 11 14 22 25 10 26 23 24 33 7 14 17 26 23 24 22 
14 23 25 32 36 37 23 13 37 24 7 23 25 29 12 15 22 27 21 27 17 26 46 15 21 35 19 24 20 15 17 32 27 21 21 33 16 24 28 25 17 20 25 38 19 28 25 18 21 28 16 30 10 24 28 20 10 16 29 21 
11 25 23 39 31 34 28 25 34 28 12 39 15 31 19 13 31 22 15 23 15 30 30 14 31 41 25 18 17 25 27 26 38 14 20 17 22 25 7 25 18 15 21 31 20 44 21 11 18 31 17 20 40 21 14 18 19 26 19 20 
18 28 31 42 26 25 26 14 27 28 13 29 24 16 9 20 18 27 21 34 12 42 27 8 21 36 24 12 20 16 25 28 19 12 22 25 27 26 29 20 32 24 23 20 30 28 37 29 15 28 11 21 27 18 12 21 15 25 37 23 
20 23 29 38 27 24 32 12 40 20 13 33 17 26 15 19 19 23 21 28 14 26 32 24 16 27 26 10 20 15 26 23 23 23 28 18 22 28 17 20 25 20 27 25 34 32 29 25 9 36 20 20 18 33 22 16 19 24 27 29 
15 12 19 27 34 18 29 17 24 38 17 27 21 26 7 14 35 16 34 31 20 41 23 12 22 22 9 24 28 21 22 29 29 8 21 12 21 27 29 22 15 33 24 30 11 38 16 17 15 15 22 27 31 35 20 21 18 17 44 21 
12 19 18 29 33 30 24 16 44 25 18 30 24 14 23 16 18 11 26 27 20 28 41 13 19 13 18 17 22 17 34 22 22 25 16 34 24 17 16 14 24 30 25 12 20 23 18 24 14 22 16 29 19 6 23 30 13 20 24 27 
17 27 20 40 32 33 18 17 29 27 17 41 14 25 19 17 21 29 32 37 14 28 26 14 17 42 25 11 22 26 26 26 17 11 17 21 26 18 20 25 21 15 19 24 25 28 27 22 18 27 19 20 23 58 18 20 22 16 14 26 
16 21 30 26 37 37 29 16 35 26 23 22 20 30 9 22 19 32 20 38 11 35 8 11 23 35 24 17 16 26 24 24 18 18 22 20 25 35 24 29 14 15 25 31 29 33 28 12 15 30 18 20 24 15 13 26 18 18 33 35 
24 27 28 37 20 38 30 13 31 33 22 28 17 25 17 15 26 33 22 30 15 34 26 20 10 47 18 18 17 22 22 20 17 20 20 29 15 25 29 16 22 22 20 16 26 39 21 26 18 28 15 27 25 12 34 11 18 22 28 28 
15 25 20 43 38 27 26 6 25 30 20 9 24 21 15 13 36 43 34 37 11 25 28 13 22 23 11 13 17 19 31 31 22 23 16 24 34 25 21 9 40 19 27 26 16 37 22 22 20 17 18 18 29 9 21 20 22 25 41 23 
19 19 26 34 30 24 23 21 31 16 17 35 22 27 22 21 23 16 29 26 19 35 25 19 17 31 7 14 15 25 28 27 16 9 21 19 16 28 28 17 29 18 32 15 28 24 22 14 14 25 20 25 27 17 21 28 17 10 29 26 
12 22 22 33 22 21 25 16 20 35 15 20 21 30 19 12 26 35 17 23 18 35 25 15 25 31 19 14 27 10 24 33 20 15 11 26 20 25 25 24 28 8 24 31 26 34 24 21 27 19 18 27 52 21 18 15 9 18 30 27 
17 29 24 31 19 30 25 14 34 31 14 38 23 37 18 13 30 14 11 39 8 40 38 17 27 34 26 11 27 13 22 26 18 24 17 19 18 22 29 16 26 18 15 20 13 25 24 28 29 29 17 28 20 22 20 17 18 24 24 41 
19 28 28 18 20 17 25 25 25 32 24 33 19 36 15 15 21 20 38 13 24 28 46 11 40 11 19 19 25 24 16 32 17 11 15 22 15 20 31 9 21 11 33 26 26 34 27 10 14 39 20 24 33 25 13 27 21 19 38 23 
10 38 26 35 18 32 32 13 15 25 17 40 12 16 25 21 29 11 26 25 24 27 23 11 23 18 31 10 13 22 22 16 21 21 17 30 27 23 29 18 19 26 23 27 27 31 18 23 19 32 12 38 34 31 19 19 23 23 23 28 
24 24 23 35 36 37 17 19 13 31 22 32 6 24 21 13 39 5 24 14 14 25 24 19 20 22 18 12 29 27 25 22 21 12 17 27 22 16 33 23 23 18 17 49 17 22 21 23 14 32 16 31 35 25 24 17 27 16 15 16 
16 26 29 22 27 35 28 18 18 14 20 31 24 23 21 11 21 13 26 43 15 29 13 10 29 34 15 18 24 21 28 33 25 19 17 24 24 22 17 18 17 25 29 28 20 22 15 16 12 16 17 14 35 26 19 19 19 7 34 28 
20 31 28 35 36 31 29 8 42 24 15 35 14 22 19 11 30 18 16 36 20 24 26 23 36 33 6 16 21 17 14 19 19 25 12 31 20 24 23 20 21 24 24 34 23 22 27 28 9 23 18 18 14 26 29 19 18 17 38 26 
13 16 32 38 24 20 15 14 36 39 12 34 22 29 16 32 27 21 19 33 18 33 14 21 10 26 24 18 31 29 14 29 19 19 20 30 20 26 42 19 30 23 17 34 25 24 23 16 15 33 19 24 24 28 9 29 17 12 39 35 
14 20 20 25 16 21 27 15 21 24 17 29 18 24 20 13 31 13 23 44 20 19 23 19 22 27 17 27 26 25 29 31 23 16 20 27 24 28 32 18 23 25 25 40 24 21 27 11 18 27 14 38 21 15 22 15 17 16 25 27 
20 26 26 26 27 37 19 18 31 25 17 29 12 26 14 12 8 29 27 32 18 43 29 16 26 45 15 15 29 15 17 20 25 18 19 27 18 33 19 26 28 16 20 36 6 31 21 16 14 26 23 23 28 30 21 18 12 22 25 28 
15 26 15 35 32 21 21 14 42 10 22 25 25 14 13 20 24 21 20 23 18 32 29 10 17 35 30 19 29 24 23 18 23 23 20 25 32 21 18 19 20 30 26 43 33 18 21 22 11 21 19 28 35 32 19 18 16 15 25 25 
15 28 26 34 19 28 35 18 40 29 21 37 20 26 16 11 30 15 25 38 7 35 15 16 28 33 2 14 37 29 17 27 28 14 19 20 18 25 24 16 23 17 20 35 23 29 12 31 12 31 18 28 34 20 16 13 16 11 19 23 
12 24 22 10 33 35 33 13 26 25 16 33 21 26 19 19 33 18 30 42 13 30 33 23 25 33 18 13 35 22 23 33 13 19 20 27 11 23 16 20 22 21 22 9 20 18 21 16 16 27 14 25 39 31 15 11 20 17 16 24 
17 27 27 31 34 21 24 12 29 24 19 46 17 25 17 19 36 19 21 25 18 35 26 14 19 27 16 14 25 27 8 20 30 19 12 27 9 22 26 29 13 23 27 35 32 33 30 20 22 20 9 29 49 22 34 26 20 12 20 23 
13 26 16 36 29 24 19 15 30 22 16 19 26 30 4 12 30 33 17 18 17 34 30 16 21 29 16 17 24 25 25 28 30 20 24 10 33 23 14 16 20 25 14 35 21 43 18 28 15 20 13 19 34 23 19 20 16 13 42 27 
14 29 23 36 23 38 22 19 35 34 14 31 18 15 11 21 45 14 32 32 12 22 35 13 24 26 20 20 31 21 22 16 37 21 17 27 24 25 9 26 17 29 22 41 25 48 23 18 7 18 18 21 39 22 28 27 18 23 31 21 
11 24 22 28 28 27 19 8 24 30 13 33 19 26 21 18 45 24 20 17 15 31 35 14 19 26 25 13 27 14 26 20 22 20 14 30 20 22 16 27 12 19 27 30 13 23 18 24 18 24 14 53 39 31 28 18 21 19 29 10 
12 21 26 29 30 43 35 17 31 26 19 24 19 31 12 23 15 26 26 32 13 28 47 22 17 44 15 17 27 27 21 20 29 21 18 31 16 15 21 25 28 28 26 29 19 19 28 19 17 26 24 15 35 33 20 24 13 23 34 27 
17 17 28 14 17 34 17 13 29 33 19 22 14 32 15 15 32 42 14 26 15 34 37 24 29 24 22 24 28 21 25 31 34 10 7 28 25 16 12 28 29 20 26 18 22 43 21 23 20 36 9 24 17 25 17 21 23 11 23 18 
21 35 21 29 22 25 15 9 38 31 18 44 14 9 25 18 22 21 32 34 16 28 32 13 24 17 20 7 27 18 20 33 29 15 16 25 26 31 22 20 21 15 13 29 11 39 17 20 14 20 14 33 19 23 26 13 16 18 17 27 
20 25 15 24 17 36 20 13 39 25 12 25 23 28 11 20 32 15 18 22 17 25 18 14 19 35 19 13 18 10 19 18 33 18 20 25 19 19 20 13 23 31 29 43 7 29 25 20 12 31 23 18 35 33 17 22 9 29 33 22 
21 10 39 33 22 34 31 12 21 22 13 34 17 21 15 20 40 28 22 39 23 24 23 18 14 46 17 17 24 18 14 27 26 25 16 37 26 19 23 11 10 29 24 36 22 22 24 27 15 27 24 26 33 21 11 20 23 20 29 23 
21 23 23 36 26 38 28 11 26 25 11 23 18 17 19 19 30 39 26 31 20 26 26 19 20 40 16 15 20 36 25 37 36 15 5 21 18 12 33 24 20 26 28 30 24 27 23 18 19 37 17 28 22 20 27 17 21 7 30 23 
18 15 23 34 36 35 25 19 16 13 20 16 18 36 15 22 33 24 20 40 9 16 44 14 19 28 15 14 17 14 24 28 17 16 17 14 15 20 19 15 30 19 17 26 31 28 15 24 20 29 9 18 32 27 21 12 23 23 28 36 
12 38 15 27 24 12 17 14 24 18 15 49 23 21 5 13 31 29 20 27 14 36 34 14 22 34 15 21 16 28 22 29 12 20 16 33 21 29 20 25 25 24 17 23 13 15 25 24 19 36 16 38 20 30 11 14 15 21 20 34 
14 33 34 21 38 30 23 27 14 17 15 24 16 21 27 23 31 36 21 42 13 31 23 26 23 36 5 17 14 22 31 25 30 29 22 25 20 19 17 13 29 23 26 15 24 39 23 19 19 32 14 29 39 29 19 25 18 14 20 8 
12 14 18 25 32 22 22 17 35 30 25 28 14 37 22 16 32 22 18 38 17 34 11 14 31 35 20 16 28 16 20 30 27 14 7 19 20 22 16 18 14 26 27 39 14 22 24 23 11 29 9 37 38 31 27 27 20 19 22 33 
21 31 18 34 25 19 12 16 31 25 17 19 26 23 14 13 27 18 8 19 14 31 28 16 10 38 21 12 21 18 24 24 34 16 8 26 20 20 26 19 31 22 15 16 8 32 25 22 24 10 21 27 26 22 36 16 20 24 36 19 
12 19 32 21 41 25 24 7 10 28 10 33 21 19 25 15 28 16 25 22 13 26 9 15 25 44 19 14 29 23 22 26 33 16 13 25 25 29 33 13 36 18 22 40 30 22 28 19 15 31 24 20 34 22 13 19 22 16 36 5 
10 31 34 38 22 8 21 13 32 32 13 36 17 17 15 9 25 28 25 29 17 42 28 11 21 25 16 12 35 27 19 16 28 20 26 25 23 20 17 20 17 11 16 22 24 24 19 14 14 18 16 18 16 23 21 22 19 19 27 19 
11 36 19 30 27 21 35 13 31 28 20 26 17 23 19 13 52 25 20 37 16 47 35 16 19 33 21 18 22 23 17 31 23 18 14 29 27 30 19 38 22 18 24 11 21 31 30 29 13 27 22 38 28 13 19 28 14 14 36 23 
17 22 19 36 22 20 19 13 22 28 25 21 18 30 17 14 25 32 23 43 15 37 18 14 11 19 22 19 31 25 30 32 23 18 13 22 25 29 19 8 9 14 17 33 25 21 29 15 14 16 17 22 37 29 16 9 22 19 21 22 
16 32 25 26 21 27 25 15 41 23 21 36 15 35 18 10 25 24 30 32 15 18 11 17 23 32 8 13 21 15 17 37 25 13 13 34 24 20 26 18 31 20 22 31 25 25 19 21 15 20 19 29 35 23 32 16 23 22 37 27 
10 24 16 45 34 21 31 9 24 15 10 34 24 26 17 9 24 24 27 22 13 24 39 13 29 37 14 14 16 31 40 24 15 14 14 28 16 28 29 14 34 19 33 25 12 23 24 24 17 27 19 16 19 35 26 18 14 21 13 27 
15 18 27 25 26 30 20 20 39 39 21 33 27 34 20 21 16 20 15 35 16 30 39 16 37 18 10 15 22 32 20 31 32 10 19 15 25 22 32 28 22 11 16 18 22 16 18 24 19 16 14 19 53 20 7 21 12 14 17 41 
16 25 18 28 31 28 28 19 25 29 18 17 20 30 6 13 20 21 26 7 18 20 26 23 26 28 29 19 33 21 28 25 13 20 13 43 27 17 26 18 24 20 20 26 15 37 9 20 16 16 14 35 38 21 19 15 13 17 25 27 
19 23 24 22 50 23 19 14 30 21 14 44 12 12 20 22 31 26 18 27 12 22 35 13 18 25 6 12 17 16 9 24 35 10 11 39 31 19 15 20 24 12 23 30 16 38 21 14 26 25 20 19 30 13 12 20 22 21 36 33 
19 26 27 22 13 32 19 18 25 12 9 14 11 26 23 18 33 32 20 26 10 28 19 18 16 24 19 20 38 21 19 13 14 15 10 35 27 21 16 22 17 16 32 24 22 39 19 19 10 20 18 25 25 18 25 23 16 17 24 31 
17 21 20 15 37 36 25 20 16 32 10 28 20 27 29 13 38 30 20 16 16 35 22 15 20 53 21 20 20 21 15 21 18 14 19 36 29 27 30 21 28 14 21 51 27 24 22 13 9 28 13 23 11 15 14 25 17 13 28 42 
20 22 34 27 23 22 15 13 24 33 23 26 21 26 13 17 13 12 27 38 16 41 28 14 28 42 25 11 24 23 18 31 34 16 17 13 23 17 15 16 12 22 20 20 29 40 24 21 14 10 22 23 30 29 17 25 17 3 15 25 
22 32 33 35 24 23 19 9 29 20 16 21 13 20 18 27 34 23 25 41 16 39 22 13 11 22 12 15 23 20 32 15 34 18 19 20 26 16 21 21 22 14 17 20 24 16 9 16 15 32 15 29 33 18 22 28 16 21 29 18 
12 27 36 43 29 38 31 8 26 43 20 40 11 20 27 22 19 16 28 25 20 41 19 18 17 33 25 19 24 7 15 27 24 20 20 12 17 20 31 23 24 18 16 27 21 25 22 21 11 24 14 18 27 10 28 14 21 19 29 27 
16 30 6 30 31 21 33 14 26 26 19 31 26 34 14 9 26 26 30 29 16 31 38 21 26 16 18 19 22 34 23 30 23 19 17 20 25 19 20 29 18 25 23 33 20 24 28 9 12 42 15 20 25 20 12 24 22 11 34 22 
22 23 24 38 13 25 18 16 18 25 26 29 24 33 6 14 32 18 28 36 20 19 24 10 25 23 21 10 27 26 18 37 26 17 13 27 15 18 26 20 11 19 26 17 18 31 15 10 10 19 16 34 28 12 24 9 12 25 35 14 
22 25 18 25 27 25 20 14 24 17 15 37 15 36 16 9 41 16 23 20 11 26 31 16 13 33 18 12 20 19 14 25 37 15 19 29 32 19 17 21 13 13 34 36 25 24 18 22 14 32 20 44 30 31 21 4 17 21 30 28 
16 26 28 17 18 30 29 23 30 20 10 24 17 31 17 14 23 28 28 40 9 25 36 15 24 33 19 10 23 24 30 34 21 25 18 28 14 26 21 14 27 20 29 36 26 40 35 24 20 29 12 13 18 30 23 19 22 21 29 30 
10 38 22 35 34 32 23 17 17 25 14 31 14 26 17 19 28 27 14 33 16 38 17 17 18 34 18 20 14 30 10 30 22 29 12 18 21 22 25 26 21 16 20 30 16 30 24 24 21 17 22 30 5 25 12 24 14 18 26 26 
19 12 18 23 29 30 14 13 20 34 21 33 23 18 15 13 17 22 18 39 16 38 16 13 27 39 36 10 35 27 12 28 38 11 19 27 16 38 27 23 13 27 28 33 33 26 32 16 18 33 21 35 28 14 18 18 20 15 40 26 
15 23 29 34 16 38 38 16 33 19 21 35 13 16 17 17 26 23 12 30 13 27 19 18 20 20 16 15 34 19 17 21 17 27 17 22 27 17 19 29 29 24 23 18 23 28 35 27 24 27 13 24 37 22 23 16 16 6 18 19 
18 23 20 29 20 28 26 17 19 25 17 40 15 20 22 7 31 28 22 31 13 19 21 19 11 49 21 20 22 13 17 31 28 13 16 19 26 34 22 21 18 16 25 28 19 21 22 28 16 33 16 28 27 23 22 22 15 13 37 16 
12 34 27 31 30 30 26 15 25 29 19 30 24 16 22 13 29 25 26 19 11 35 23 18 19 20 28 15 25 12 11 25 22 15 17 30 28 35 21 38 14 21 18 31 24 7 25 15 7 29 21 24 32 18 23 25 26 18 35 27 
17 15 13 27 19 40 28 14 27 12 19 34 15 34 18 19 45 19 29 18 4 32 33 19 24 38 16 14 16 17 11 29 24 19 15 30 16 18 13 25 18 14 27 28 10 28 16 23 20 11 22 20 20 35 28 15 21 20 26 25 
13 11 20 29 32 14 32 23 18 35 15 31 19 36 13 13 16 10 20 27 14 25 10 18 22 13 26 17 21 19 22 21 37 23 14 25 26 28 29 24 23 16 31 25 20 12 23 25 19 34 14 29 36 27 10 16 17 19 21 24 
18 33 26 39 34 31 26 12 24 26 15 26 23 18 14 11 38 5 34 29 13 24 27 16 14 27 15 18 19 20 31 40 31 24 6 17 21 15 15 29 19 17 17 42 24 36 17 22 16 20 15 11 19 17 12 17 18 23 42 32 
10 29 25 23 21 33 22 18 29 17 24 20 31 27 20 8 32 21 19 26 17 20 31 11 13 22 23 14 19 33 27 26 18 20 20 17 30 30 18 14 21 20 25 33 24 28 30 21 8 22 9 26 33 31 22 26 21 17 8 8 
19 33 25 34 25 35 31 17 21 23 17 22 20 35 6 23 31 19 37 36 13 31 16 14 25 48 23 10 19 41 24 20 7 16 24 9 28 30 28 22 23 14 22 48 16 36 24 25 19 32 19 17 36 32 20 13 26 17 30 30 
23 29 14 23 25 34 31 18 42 42 20 23 15 23 13 22 42 34 33 33 12 21 30 15 16 14 17 16 26 19 22 36 24 24 20 19 27 15 26 25 22 20 17 26 29 26 27 16 14 53 17 22 40 31 32 28 26 12 30 27 
20 13 24 31 37 16 30 17 30 34 22 36 16 31 14 18 28 8 21 39 8 43 27 19 28 37 24 12 27 6 14 30 22 19 18 31 38 31 20 11 13 22 20 26 19 38 17 26 8 20 13 20 24 33 13 23 7 20 16 36 
17 31 25 29 33 16 19 6 23 21 12 43 16 29 19 9 22 27 32 16 16 26 28 22 22 33 19 21 15 14 20 18 20 23 17 21 31 29 22 20 22 20 20 31 17 29 23 15 17 28 20 19 32 22 24 17 21 13 26 39 
15 15 23 28 28 34 25 19 48 16 13 28 16 32 17 24 45 27 29 31 13 24 29 13 21 50 21 15 14 24 16 27 8 21 6 26 23 21 30 16 25 26 31 27 33 19 19 11 15 12 15 27 24 26 19 18 20 10 29 29 
18 24 27 36 29 31 19 10 21 32 16 24 17 17 18 22 25 12 16 32 16 22 23 20 23 32 12 23 28 34 24 29 10 27 14 36 22 22 20 27 23 4 23 33 22 33 17 22 20 13 12 11 40 27 7 20 23 12 24 18 
19 25 17 24 42 16 31 9 27 20 12 9 18 22 10 17 34 16 22 18 13 23 21 16 21 29 26 18 26 26 25 18 32 19 27 19 27 24 26 31 15 4 22 20 24 17 20 21 14 22 13 25 26 30 18 23 16 20 25 23 
13 28 37 35 21 27 15 7 23 9 19 17 6 37 17 26 23 13 25 27 13 21 33 18 22 34 12 13 20 17 24 23 26 27 18 35 26 17 36 21 21 15 20 19 22 21 13 17 18 20 13 26 16 28 18 28 19 20 18 26 
17 27 27 24 19 30 26 13 18 22 10 42 20 40 16 16 22 28 25 33 21 20 26 14 29 40 9 14 30 25 17 35 30 21 22 33 23 28 12 21 13 16 30 38 18 34 31 27 15 25 17 30 53 22 16 15 19 20 43 28 
14 35 21 39 14 36 21 16 22 15 14 31 17 18 17 15 21 20 26 34 20 32 14 19 18 33 15 19 20 31 29 21 15 10 18 32 35 15 16 19 17 19 22 44 33 28 22 24 20 34 11 22 48 20 23 22 15 22 27 37 
12 32 17 29 21 16 10 14 46 38 9 23 26 27 19 24 23 25 25 23 19 27 30 12 9 40 23 13 21 35 22 37 23 20 27 28 19 27 14 13 17 20 26 36 24 36 19 18 22 25 18 24 42 29 16 25 16 11 31 27 
7 28 22 34 24 25 14 14 24 13 14 36 19 29 20 23 35 13 12 19 16 39 31 12 10 36 12 19 31 18 23 19 6 25 18 13 18 21 21 22 12 24 23 32 21 39 24 24 15 25 22 18 18 7 10 18 18 12 26 32 
18 30 42 22 11 34 22 13 23 24 18 34 9 28 17 12 33 34 28 38 16 23 49 16 22 36 21 15 17 27 18 24 25 32 20 21 18 33 26 28 22 24 24 25 22 36 26 23 24 20 19 19 39 25 26 15 17 17 17 26 
12 25 34 22 28 29 20 12 15 37 10 24 20 34 13 13 35 20 26 44 15 27 24 17 10 38 14 16 25 19 18 34 19 16 27 33 32 23 23 17 16 11 15 27 31 43 27 19 17 19 16 38 29 28 16 25 25 14 14 21 
14 17 28 36 39 18 29 11 29 18 12 40 12 26 15 17 26 34 23 24 19 19 26 18 26 21 14 16 14 17 25 28 32 18 26 6 28 19 21 24 25 13 7 36 23 39 31 25 20 28 23 12 37 39 10 25 18 17 27 39 
19 32 22 27 42 31 37 14 23 17 17 20 17 26 22 10 46 36 19 48 20 50 23 14 15 34 27 10 30 15 17 18 21 22 13 30 30 19 31 34 28 18 17 52 23 19 23 22 11 19 20 20 19 22 25 25 12 22 28 19 
12 16 30 36 28 41 17 25 38 15 14 18 24 16 11 25 18 15 14 28 13 33 35 22 23 9 19 17 27 15 13 21 31 13 17 32 20 12 23 22 27 19 34 23 14 16 26 39 24 21 14 13 32 19 16 18 20 16 30 26 
17 34 18 33 37 26 28 17 28 31 17 22 32 24 15 17 15 37 18 22 19 20 34 13 15 24 10 14 21 24 18 31 17 17 19 17 26 26 28 23 9 24 15 47 21 28 27 11 8 38 15 28 30 14 22 19 21 15 19 31 
15 27 42 20 25 44 23 17 31 29 18 29 21 16 24 14 23 36 18 13 18 40 30 17 18 51 25 16 27 14 18 26 27 22 18 27 24 23 21 18 19 20 20 33 25 34 9 4 24 31 8 23 29 23 15 24 16 23 36 28 
13 20 36 38 25 3 27 17 22 34 16 32 14 37 14 18 40 19 26 22 18 22 32 20 19 20 18 11 31 15 22 20 19 15 20 18 13 22 20 15 13 27 18 18 22 33 9 18 10 26 14 23 43 32 22 26 16 11 39 21 
13 30 25 26 26 30 30 14 28 25 17 16 27 23 22 17 28 12 12 27 18 36 34 13 21 38 10 17 13 27 23 25 22 7 10 26 19 20 29 34 12 17 18 48 31 52 38 24 20 30 15 28 15 25 16 12 15 19 12 25 
20 20 22 33 46 50 27 15 41 26 12 39 19 35 20 23 13 13 20 36 3 21 24 11 37 27 16 19 8 10 22 20 20 18 22 17 16 15 32 28 30 18 26 32 40 17 22 27 22 34 11 24 31 32 11 21 19 21 24 27 
15 23 27 35 35 32 29 9 20 38 19 26 20 29 17 15 24 27 24 34 13 27 42 15 30 28 22 13 28 23 5 13 19 23 7 26 21 32 16 27 31 27 19 18 16 36 7 24 8 30 13 32 47 31 16 22 11 20 26 31 
5 17 21 22 29 31 21 15 39 24 8 39 19 30 11 13 28 35 19 31 13 36 21 21 17 34 20 13 14 18 20 29 22 20 19 18 32 24 18 22 18 15 24 36 27 31 29 29 10 14 11 30 45 15 31 22 19 18 33 30 
17 44 14 35 26 31 23 15 31 16 14 18 12 36 21 21 26 29 9 30 15 38 28 16 13 26 15 17 10 19 25 20 14 12 13 14 25 23 19 21 17 17 18 29 33 34 11 15 14 19 15 13 25 14 12 15 13 19 21 24 
16 39 24 32 24 27 24 10 30 19 13 24 24 25 18 20 35 38 16 24 18 50 13 11 15 26 13 15 28 28 28 32 30 16 22 29 23 20 19 16 18 16 16 27 23 26 25 17 22 25 12 21 26 17 20 20 22 23 27 21 
15 17 27 27 29 22 23 13 32 18 19 29 19 23 18 17 22 29 23 16 12 17 34 12 27 17 20 15 19 15 24 27 6 14 26 44 23 26 19 25 15 16 14 32 17 19 19 21 17 30 22 28 26 18 18 24 13 16 34 14 
17 26 35 28 25 28 12 10 36 17 22 23 18 18 22 17 15 32 28 23 9 19 22 12 23 26 15 16 22 21 26 33 10 12 16 32 24 32 27 25 24 23 17 29 28 14 13 19 19 30 14 14 39 13 31 16 8 18 30 20 
16 22 28 30 23 29 24 16 36 25 17 37 16 21 13 17 17 14 18 33 21 28 16 22 19 19 9 21 26 23 15 25 29 19 25 24 19 24 14 25 22 24 27 27 31 44 25 18 13 32 26 9 43 30 22 21 16 18 25 36 
15 32 33 26 27 22 14 12 38 27 18 34 18 22 13 19 17 20 14 47 12 22 28 19 23 37 13 21 24 19 34 41 24 4 12 10 15 32 14 15 26 18 15 41 32 39 21 22 16 17 8 28 28 25 16 11 21 14 30 27 
15 23 36 33 13 21 30 18 38 30 8 27 23 31 11 14 30 22 26 24 16 22 33 9 13 15 24 15 16 25 24 19 38 10 10 24 20 15 15 21 30 21 18 32 26 39 13 23 15 32 13 21 17 29 14 12 16 4 33 36 
14 23 33 26 34 42 25 19 36 39 12 42 19 23 20 19 34 23 26 33 20 32 31 22 22 35 28 23 27 31 19 28 36 18 20 13 9 27 25 25 25 14 20 24 30 24 16 22 13 28 11 26 35 17 20 17 18 18 23 26 
17 32 26 40 30 48 28 23 37 24 9 34 23 34 17 24 35 38 25 30 19 16 25 13 28 29 12 17 25 16 13 35 15 13 20 24 18 25 28 15 24 16 10 24 25 29 31 20 27 27 22 28 33 30 30 18 22 18 24 24 
24 25 18 31 35 36 18 8 29 41 15 36 17 26 17 17 24 29 36 19 14 22 23 9 16 25 23 18 27 17 25 26 27 14 10 38 19 9 20 34 22 18 24 27 24 25 20 18 11 18 13 22 27 31 17 22 11 19 26 28 
14 20 33 13 35 15 31 13 42 27 13 22 15 23 17 20 33 22 26 22 19 21 20 10 10 20 15 15 19 27 15 32 20 10 14 23 17 21 20 11 18 20 22 31 16 34 35 20 10 17 6 32 22 27 15 19 14 20 17 22 
10 26 23 29 38 40 21 22 21 39 18 22 27 22 16 16 33 31 23 35 13 26 26 18 18 41 19 14 25 8 15 27 26 23 25 36 28 30 22 31 17 26 22 28 24 17 24 29 19 17 16 27 39 22 19 27 12 24 29 21 
9 28 24 25 24 27 22 13 23 24 19 17 23 35 13 15 31 12 19 30 18 45 46 21 28 31 40 19 21 23 8 34 18 16 14 17 17 26 20 23 23 14 28 23 21 33 13 18 11 22 17 28 41 15 19 19 22 18 27 12 
17 34 30 31 16 26 23 10 29 21 18 39 19 23 18 25 18 25 30 27 17 20 23 17 31 31 20 17 11 15 19 24 18 11 15 31 24 22 28 16 21 24 32 40 20 38 12 18 10 18 12 20 33 24 18 16 22 11 22 34 
20 30 33 45 18 25 22 15 36 31 12 40 22 25 16 10 31 32 22 20 8 18 33 17 18 28 31 14 24 1 18 30 20 21 8 21 25 25 30 13 27 15 23 27 23 39 15 28 21 15 14 23 42 30 15 19 18 5 30 23 
14 21 7 26 43 30 34 20 17 14 15 35 14 28 13 10 26 42 26 41 11 36 26 12 23 33 7 15 31 25 16 27 21 14 10 14 22 25 22 19 22 20 23 36 20 20 15 17 24 28 17 27 29 36 18 18 13 15 35 25 
15 27 18 27 42 26 18 29 40 23 23 24 22 35 21 12 32 26 30 31 13 27 38 22 25 39 25 5 25 24 19 44 31 11 24 25 26 20 24 19 24 10 23 27 17 30 32 30 21 34 17 20 43 29 22 17 17 19 36 27 
21 30 24 29 25 25 23 11 8 13 8 54 12 30 23 10 24 40 34 17 22 17 40 22 17 27 21 13 17 23 14 30 32 12 14 15 31 30 34 26 28 18 30 15 20 35 27 19 26 12 21 22 31 19 22 21 11 23 31 24 
17 20 26 47 25 11 27 14 27 36 10 15 17 33 15 19 34 16 14 20 21 42 17 6 17 12 22 19 25 10 17 26 27 24 18 25 22 20 23 30 23 12 25 26 11 33 14 25 18 23 18 39 30 31 20 27 14 15 37 24 
17 22 33 11 27 21 22 23 32 34 9 28 20 23 17 15 33 23 17 30 17 34 30 17 27 30 16 19 25 13 21 16 27 23 15 18 24 17 27 17 21 18 31 28 32 28 17 24 21 24 18 20 24 33 19 20 19 22 29 27 
17 18 13 22 4 27 18 13 10 27 15 28 31 15 15 18 29 32 24 30 19 40 21 9 20 24 13 12 16 21 17 29 28 14 17 41 16 28 22 28 21 13 34 30 11 22 26 23 12 20 21 22 18 21 20 28 18 21 33 20 
15 30 33 23 15 27 20 17 38 25 15 22 22 25 13 8 38 27 30 13 14 29 35 16 29 12 26 11 19 24 17 9 31 24 13 28 26 32 18 29 27 25 30 30 23 42 29 15 17 27 16 24 22 24 18 18 21 20 24 20 
16 27 30 23 25 4 23 14 42 23 16 17 28 31 9 18 34 13 13 34 17 34 26 17 11 42 21 17 23 19 18 28 31 17 11 22 14 27 20 24 23 22 26 21 18 30 25 15 22 32 15 26 27 26 19 12 14 13 28 34 
7 20 23 21 32 25 28 10 22 37 10 17 15 22 14 11 33 16 13 31 19 36 47 19 35 36 17 15 27 21 17 25 19 16 19 37 31 27 25 21 23 17 14 19 17 30 40 23 16 9 10 27 25 21 28 22 13 15 26 10 
8 28 18 40 30 42 14 14 12 21 10 27 14 29 10 14 28 31 28 36 14 28 33 19 21 27 21 23 22 22 12 36 17 32 30 18 17 21 16 27 22 28 32 41 22 37 31 20 14 20 15 33 30 26 29 18 16 26 39 32 
25 35 22 19 15 31 17 16 25 25 12 15 25 19 17 21 20 35 21 24 18 33 21 20 26 31 10 19 31 15 25 24 24 10 21 40 20 29 23 18 16 16 12 10 29 30 23 22 19 22 12 27 30 30 26 22 22 27 27 22 
10 40 29 19 38 12 27 12 21 27 11 29 20 34 16 22 35 20 32 29 21 29 34 18 31 16 11 22 26 18 24 26 24 18 17 28 13 16 28 30 30 18 24 41 29 48 16 22 17 30 16 32 19 28 22 14 12 17 27 26 
12 10 21 30 31 36 26 12 24 34 16 27 19 34 22 20 16 8 20 9 13 27 21 20 17 10 26 22 19 19 26 34 18 32 16 15 22 18 20 27 17 23 24 41 27 23 22 16 20 33 13 14 41 10 22 17 17 17 29 26 
20 23 19 32 33 21 20 21 24 30 13 33 29 28 14 22 36 23 25 27 21 31 25 14 22 16 21 17 22 28 14 15 28 22 18 34 10 22 13 15 28 29 21 50 23 37 24 7 23 26 19 25 44 39 18 20 15 15 15 29 
20 17 20 24 25 25 14 14 20 34 15 51 18 23 24 14 14 8 24 23 17 27 17 15 27 5 15 17 25 18 19 16 30 13 14 41 11 27 14 32 23 24 12 25 22 41 10 25 18 31 24 29 29 29 7 24 16 21 12 30 
18 31 32 30 36 14 13 9 19 21 19 43 19 25 15 16 28 36 27 23 17 32 18 17 15 35 30 15 36 29 17 24 21 20 13 23 27 22 29 17 32 20 19 29 22 25 29 24 17 18 17 25 39 25 18 22 24 23 33 32 
23 27 21 23 19 28 28 20 25 25 11 21 18 18 17 11 20 24 22 22 16 34 30 13 12 40 26 17 21 20 36 29 22 18 19 23 25 29 23 25 8 27 23 34 20 35 20 23 22 33 17 21 20 16 19 17 17 21 14 27 
15 21 33 28 32 27 25 13 29 40 21 32 16 23 10 13 37 14 28 26 5 27 28 11 21 23 11 11 22 23 26 18 15 21 18 29 23 16 23 20 22 22 21 37 22 27 27 27 26 34 6 31 21 29 11 18 30 26 11 25 
17 16 24 24 27 38 18 27 24 24 18 41 19 25 25 9 32 9 20 28 14 14 38 20 12 52 29 28 25 9 23 17 13 20 14 28 32 17 27 26 19 15 26 34 11 30 23 31 20 20 17 31 32 26 29 19 20 18 38 34 
15 24 37 26 27 19 21 9 29 27 17 32 22 23 6 13 27 28 17 31 15 26 30 16 20 33 13 10 20 22 14 20 13 19 14 42 29 27 24 19 28 11 16 27 17 22 27 21 22 28 15 37 12 29 25 28 21 25 33 14 
14 21 18 22 23 17 26 13 35 14 16 49 10 31 14 18 26 14 21 20 19 27 23 13 19 50 25 11 26 16 21 27 19 21 15 15 25 25 24 16 26 23 5 38 29 37 26 15 18 39 17 24 32 14 17 26 6 12 26 30 
21 26 35 30 26 23 21 12 39 21 18 32 25 35 21 22 41 26 13 27 20 25 33 25 26 24 19 7 31 30 15 31 25 25 12 26 21 21 32 16 20 28 23 24 29 28 17 18 16 19 9 24 19 36 16 13 16 17 36 22 
15 28 18 36 39 21 22 19 24 34 18 20 16 22 21 26 21 38 26 24 17 42 23 10 22 19 15 20 28 21 24 30 34 18 17 22 12 28 28 23 25 20 16 32 16 23 23 30 18 12 20 32 26 26 23 13 19 18 34 21 
21 27 28 32 20 19 25 21 18 14 18 33 28 31 19 20 37 17 21 36 15 36 24 19 16 34 21 12 28 16 17 24 19 22 27 21 29 12 22 24 29 11 8 32 23 10 11 21 13 23 12 29 36 17 16 16 25 20 32 23 
17 15 25 17 36 20 18 14 26 39 18 32 19 23 11 12 31 30 22 23 19 21 17 19 20 37 22 14 24 27 13 28 28 25 12 29 17 19 21 15 28 23 24 34 23 24 24 20 16 23 22 25 50 27 20 22 17 20 39 26 
20 25 20 40 27 24 32 20 29 14 15 30 26 36 14 8 33 18 23 40 10 27 43 14 23 23 10 18 22 30 8 29 24 16 14 28 23 16 17 19 20 21 19 38 25 28 31 21 15 22 20 23 26 27 20 17 21 9 28 17 
17 36 17 33 27 36 24 10 24 23 20 35 19 32 14 23 18 21 20 47 15 34 43 17 26 28 21 18 17 26 14 25 12 23 8 25 11 24 27 5 27 18 18 26 27 23 17 27 12 17 16 26 42 26 22 35 23 26 27 18 
16 23 23 24 31 38 19 19 10 15 14 36 19 20 11 21 33 19 14 36 20 18 21 16 28 47 24 17 12 15 24 26 20 22 17 29 25 24 25 18 11 14 13 36 33 30 17 29 22 31 12 8 27 14 13 8 14 19 9 16 
11 27 19 23 28 15 33 15 36 17 11 28 22 14 16 20 21 28 12 21 16 20 29 15 28 21 9 12 31 21 11 23 20 19 31 30 21 25 21 10 28 18 33 19 9 33 17 30 17 17 14 34 39 36 22 17 11 13 33 27 
10 30 31 27 29 29 23 16 34 30 11 21 20 26 17 6 26 23 17 28 11 34 17 17 12 30 22 16 11 14 16 21 17 15 23 37 16 14 17 26 19 17 29 11 21 9 18 30 20 25 15 31 37 22 27 17 16 21 23 29 
19 20 29 14 27 13 16 9 28 17 10 42 29 29 13 18 33 24 24 47 14 20 35 17 16 46 21 16 17 14 27 20 30 20 18 13 25 17 32 23 24 17 22 28 19 28 24 18 17 21 16 22 17 35 23 13 19 29 26 15 
16 32 25 44 20 37 26 16 39 26 16 23 18 17 19 22 21 19 23 33 15 33 25 18 21 31 23 20 24 19 12 29 37 22 11 15 26 25 29 14 31 11 23 29 20 17 27 21 24 22 20 31 23 21 13 21 19 10 16 22 
16 25 25 32 29 28 29 18 23 19 19 40 10 24 16 18 32 17 24 37 12 11 28 14 13 46 11 12 25 9 27 36 42 10 7 38 18 14 23 16 29 19 20 36 16 37 24 28 15 30 15 25 30 17 28 22 17 15 25 35 
9 26 31 28 32 32 20 16 27 22 12 25 17 11 19 15 29 19 30 26 20 28 35 15 9 24 16 15 20 27 19 29 23 18 21 29 20 34 31 15 30 19 17 32 10 32 21 27 16 37 17 28 32 21 20 26 26 24 18 10 
13 31 22 12 22 24 28 11 42 10 17 46 13 28 17 22 24 11 20 9 18 30 23 14 22 26 22 11 19 24 29 33 21 14 21 29 28 24 27 34 14 21 26 20 14 27 27 31 11 30 15 32 40 17 18 11 22 13 12 24 
18 25 29 25 31 28 30 12 30 37 18 31 20 40 13 12 27 34 23 26 18 26 30 19 14 23 26 15 25 21 12 27 22 22 19 15 14 7 30 22 18 18 31 32 33 40 26 18 13 13 19 28 31 18 13 20 16 15 27 26 
16 35 45 32 28 25 22 16 29 38 19 38 18 32 10 12 32 20 16 15 11 21 28 19 9 33 12 4 16 19 25 13 28 20 26 29 24 28 14 23 18 24 24 30 28 33 27 12 18 19 15 17 41 20 15 22 18 21 20 29 
13 23 31 34 29 29 26 15 33 18 18 33 23 18 16 24 19 19 16 32 11 28 28 8 20 34 31 10 26 26 18 39 23 22 16 19 19 17 11 17 30 20 22 39 18 23 24 10 14 28 21 29 30 21 12 20 9 18 25 22 
15 32 22 30 26 34 27 19 34 25 12 33 10 16 28 18 32 25 23 20 18 21 28 17 24 36 21 16 17 23 23 19 29 17 26 20 20 17 21 30 19 22 20 9 28 28 16 39 7 37 13 22 31 21 20 19 22 22 30 29 
11 8 35 38 27 41 26 20 30 27 14 42 13 33 6 22 33 19 24 39 19 26 19 18 26 35 31 24 4 17 10 34 5 13 23 24 22 15 20 38 22 21 30 28 32 39 14 16 18 25 17 34 22 21 18 24 24 13 25 28 
13 33 17 41 30 7 28 16 46 13 13 34 17 28 21 19 35 28 25 32 19 24 38 11 19 32 16 13 22 21 26 27 34 24 14 18 28 13 25 31 23 16 15 50 27 55 21 22 14 25 13 23 16 26 25 21 17 20 26 14 
13 31 27 14 33 30 21 13 25 22 18 21 18 19 17 17 33 34 20 41 14 21 25 8 12 26 21 11 23 20 27 17 25 18 15 31 22 24 16 13 28 19 19 29 15 30 21 19 19 28 15 27 23 23 30 6 21 11 34 30 
17 18 29 33 34 24 17 16 16 24 17 58 22 28 20 31 26 20 28 38 17 32 11 15 6 24 34 12 30 18 26 24 27 26 23 39 22 22 24 24 27 17 9 43 26 49 15 23 23 16 11 27 22 17 15 16 16 18 20 15 
19 21 24 25 16 33 13 16 28 28 17 42 20 11 22 20 29 14 28 32 22 25 24 18 28 41 26 15 20 13 27 26 28 12 16 22 31 20 17 20 28 14 15 15 22 37 24 27 20 21 7 23 22 27 20 16 23 27 32 23 
18 19 32 23 30 36 22 10 15 29 22 22 26 31 11 16 23 32 24 17 12 37 23 15 20 26 26 20 14 6 20 26 18 20 20 37 11 30 21 19 26 18 14 43 22 25 22 24 23 23 18 34 21 30 20 19 14 18 45 19 
22 26 15 28 16 27 24 12 30 10 14 30 21 33 18 16 37 20 32 41 11 21 38 15 28 28 24 14 23 19 25 30 27 11 19 35 31 20 19 9 22 25 21 28 20 27 20 10 13 28 21 25 21 24 37 30 15 14 26 16 
11 27 21 15 23 35 27 13 18 31 22 32 22 29 26 15 27 22 15 34 16 41 22 18 19 27 20 23 23 26 22 35 28 25 12 22 26 25 31 17 21 22 17 41 27 29 24 24 4 27 18 24 37 31 29 17 22 16 44 11 
12 25 30 28 21 24 27 22 35 33 23 34 16 20 19 15 30 17 23 31 4 36 34 18 25 17 29 17 12 31 22 34 21 13 14 34 30 21 24 22 8 14 18 10 16 35 30 18 19 29 15 18 26 10 17 14 14 11 26 16 
14 21 8 21 24 28 21 16 42 15 17 18 17 12 22 12 13 19 28 22 12 45 10 23 29 22 25 18 22 22 20 36 40 12 20 21 33 17 18 26 25 11 17 40 18 25 24 27 17 26 23 16 22 21 25 18 11 9 22 19 
9 21 36 32 11 33 28 13 20 16 18 35 21 34 20 22 30 33 20 35 10 43 26 21 20 34 25 17 21 21 18 32 28 16 18 20 30 24 16 27 20 20 27 35 18 41 24 23 14 30 20 22 23 24 15 26 22 21 22 27 
18 27 14 30 30 35 32 15 19 27 17 21 20 20 9 19 15 25 19 39 10 29 34 10 10 20 17 17 26 19 24 24 27 13 13 18 20 18 18 18 23 15 24 37 26 25 28 26 17 24 18 15 11 21 12 20 10 17 15 18 
12 22 11 16 24 27 14 12 45 29 19 40 17 39 18 26 6 17 28 26 16 19 29 22 25 22 14 19 36 22 17 25 24 14 17 26 28 28 18 29 24 19 18 29 22 23 19 17 18 32 18 25 39 28 18 21 11 21 43 27 
18 23 41 39 29 29 18 15 23 23 16 37 22 23 12 29 12 30 37 20 13 25 29 12 28 39 27 8 29 15 11 19 24 18 19 31 19 35 20 29 38 22 18 40 29 31 24 37 13 20 22 26 27 18 22 11 20 17 22 28 
18 28 16 21 20 32 21 22 43 28 11 36 16 37 14 13 13 35 14 18 16 21 23 12 25 25 30 14 24 14 17 24 24 16 9 19 23 25 27 23 24 17 21 18 23 31 27 13 13 28 14 15 25 22 22 25 18 23 26 26 
19 16 25 32 24 24 31 14 33 27 23 32 21 26 21 25 36 18 11 34 9 34 28 19 15 32 9 14 26 19 17 25 29 17 14 25 20 17 20 28 12 22 24 38 24 25 29 25 19 19 12 14 28 36 17 22 13 12 40 24 
19 18 14 29 33 24 14 15 34 26 18 41 21 12 17 14 41 37 21 19 11 25 31 16 24 45 29 9 23 15 27 36 15 8 8 22 19 20 27 38 21 17 24 30 25 32 27 16 23 16 15 21 34 23 18 21 15 21 14 24 
13 30 28 13 34 44 16 10 44 28 16 20 26 19 19 17 35 12 30 29 12 25 27 17 27 31 12 21 28 29 20 27 14 26 17 23 27 23 18 21 32 24 19 16 18 30 22 29 16 21 22 16 33 32 26 20 15 16 48 16 
22 24 33 28 35 32 24 13 11 26 20 31 27 16 20 16 20 24 9 36 17 26 21 12 20 18 21 17 22 14 26 33 19 13 17 25 4 20 41 26 12 14 23 28 28 11 21 29 20 30 18 24 20 36 16 15 20 13 27 5 
17 20 29 19 38 35 19 19 33 28 19 14 26 33 15 28 21 19 21 14 12 30 34 16 19 19 30 14 37 29 17 25 28 24 14 32 25 17 27 9 16 20 23 18 24 26 23 16 25 25 18 11 32 28 13 27 18 12 19 26 
25 10 29 13 28 31 23 22 25 29 18 33 19 38 5 21 23 20 16 28 22 31 42 11 24 27 27 15 22 14 17 22 19 17 19 30 35 27 21 19 14 16 15 22 24 34 27 16 12 26 23 30 45 23 22 23 19 19 18 25 
19 25 25 22 28 31 21 10 29 26 10 20 21 26 15 21 33 23 17 23 27 19 34 14 20 20 16 16 25 13 28 30 26 14 15 18 10 26 20 20 19 20 16 24 24 19 14 21 15 32 17 26 39 37 22 30 17 12 29 16 
12 21 28 35 33 17 16 9 29 26 12 33 10 29 23 16 42 19 18 21 13 20 24 13 26 4 15 12 21 26 25 24 32 26 11 14 24 24 33 28 21 27 29 25 34 19 24 30 19 28 19 25 18 28 23 22 23 6 38 31 
16 28 20 18 28 8 32 14 37 23 13 45 11 21 14 12 22 22 21 15 15 30 45 21 20 19 13 18 16 20 13 13 24 17 22 27 28 19 22 27 24 26 18 44 24 20 31 31 16 25 17 24 33 28 18 16 18 11 40 39 
10 29 30 16 34 40 22 15 34 24 12 37 20 22 13 21 28 19 23 21 16 32 34 14 11 32 21 17 22 38 17 21 25 10 19 21 16 14 38 27 25 25 18 10 15 26 26 22 22 26 14 20 33 15 19 18 16 19 30 23 
11 29 19 33 21 21 16 10 34 29 13 35 17 19 15 19 35 26 25 13 15 21 41 17 19 35 23 18 27 25 17 17 22 27 18 29 30 27 9 21 24 16 29 30 17 27 30 34 8 20 16 34 28 28 32 14 16 13 17 29 
14 20 17 19 34 33 14 15 28 31 15 44 22 28 20 19 29 7 24 16 13 30 36 19 25 25 34 19 24 23 16 27 24 15 22 21 29 21 16 28 28 12 16 32 29 24 28 21 1 30 21 25 15 26 25 16 21 18 32 19 
16 20 29 38 21 23 28 12 27 27 22 41 14 24 15 12 33 22 27 12 12 27 40 23 21 24 22 11 15 15 25 9 27 20 14 19 28 8 26 20 17 27 18 17 30 43 23 25 14 21 21 21 31 22 13 18 24 15 24 26 
18 18 15 19 18 20 31 22 29 26 17 20 20 18 14 18 32 14 26 24 20 34 29 12 18 35 18 21 17 21 20 10 31 24 17 20 27 25 21 21 17 11 27 35 18 51 22 21 13 24 23 29 39 16 21 32 23 12 10 20 
10 33 13 31 35 22 28 17 24 25 14 36 16 22 9 20 32 19 28 47 13 23 23 11 26 24 13 20 24 18 24 47 19 22 16 18 11 29 22 26 25 25 29 23 16 32 24 21 17 25 20 23 35 25 17 29 18 18 32 16 
12 28 30 38 37 21 21 15 6 27 17 30 17 35 12 22 23 23 19 23 13 19 23 17 23 31 14 12 16 31 22 26 25 14 23 17 22 30 29 17 30 16 28 34 26 29 27 27 19 26 18 22 29 21 27 9 9 16 21 24 
25 24 23 26 31 29 20 15 23 29 17 34 19 35 21 15 35 30 24 33 11 29 31 10 24 42 30 18 30 12 12 22 21 17 13 23 26 33 23 11 10 22 13 27 19 24 29 11 8 29 13 10 27 28 27 32 16 21 31 10 
16 11 26 30 29 30 22 16 23 23 21 39 21 27 13 9 40 30 31 31 8 29 20 13 24 32 19 19 15 16 18 24 26 18 20 23 19 27 25 20 25 20 27 36 26 27 27 15 25 23 22 18 16 22 28 19 19 11 15 18 
14 19 28 30 34 48 25 6 19 20 15 29 18 28 20 19 41 26 18 42 14 22 35 16 18 41 15 19 25 18 15 34 22 19 12 18 20 29 14 17 23 19 17 28 21 46 18 16 20 30 21 24 34 33 21 18 15 14 23 24 
24 28 24 30 23 25 19 22 34 23 18 35 17 24 13 14 37 26 22 21 15 19 19 20 26 26 20 17 26 24 17 23 22 16 14 16 28 23 23 16 21 17 20 43 9 32 35 20 9 23 16 24 35 22 30 11 21 22 37 19 
11 19 24 36 21 26 30 9 21 7 12 39 12 32 16 16 25 32 21 26 12 46 22 17 16 27 22 16 12 15 32 28 36 16 19 41 22 14 22 28 21 14 16 37 19 17 12 22 19 23 17 33 29 23 16 9 6 19 28 41 
14 17 11 46 16 14 21 17 34 20 11 28 16 22 5 12 38 8 31 46 18 21 16 18 29 41 22 13 31 24 14 27 24 21 23 19 35 31 27 15 28 18 31 15 27 43 27 20 13 28 17 16 29 22 9 27 20 22 30 28 
16 25 26 17 17 24 27 15 16 19 10 22 15 47 13 11 33 26 24 31 9 13 33 18 23 21 26 16 28 23 28 31 17 19 15 31 34 33 28 17 29 20 17 26 9 31 35 28 16 26 12 44 32 36 24 21 11 20 23 34 
16 19 26 22 34 24 27 10 32 19 16 33 14 24 17 13 24 23 20 25 13 40 19 14 15 24 9 5 37 11 27 17 38 16 27 30 21 19 24 28 13 18 17 29 24 17 31 25 18 22 6 26 30 23 14 16 18 15 32 25 
17 10 22 47 19 8 20 18 11 15 15 33 13 39 15 6 33 25 18 28 11 34 30 11 18 42 27 17 20 13 22 27 38 18 14 29 16 27 28 25 44 15 16 49 8 37 18 21 4 40 14 36 32 23 19 21 20 9 30 22 
23 8 25 23 38 23 23 15 34 30 18 29 29 26 27 14 30 15 33 25 17 27 26 14 25 22 25 18 19 23 11 15 31 20 20 32 20 29 24 31 18 17 24 41 19 25 24 23 12 22 11 24 18 26 19 23 8 20 32 33 
17 29 24 29 20 15 28 15 27 13 16 49 10 29 14 16 33 19 25 23 17 34 34 12 9 28 24 12 19 23 18 18 22 22 18 21 28 25 25 25 24 20 17 41 24 29 24 20 24 25 22 25 17 29 23 18 12 17 35 24 
17 38 28 15 31 13 34 18 22 27 19 16 17 20 14 21 35 31 23 24 15 42 29 15 25 34 32 15 25 7 20 20 25 8 29 27 20 27 19 21 21 13 19 28 27 35 26 24 20 32 17 28 35 23 28 16 21 14 20 26 
20 24 21 30 24 42 22 25 34 25 17 35 22 21 11 13 39 20 11 32 13 40 31 15 19 39 18 15 21 20 29 14 24 21 22 38 19 25 31 31 25 13 9 35 21 26 27 26 16 20 18 24 6 26 19 21 12 24 39 41 
15 28 25 25 30 14 23 8 41 41 23 6 17 40 13 20 26 41 27 16 7 31 29 21 21 33 24 17 16 13 21 27 12 11 12 39 33 18 18 24 25 25 26 28 16 43 18 19 17 31 18 25 27 24 16 11 10 12 55 13 
11 35 26 34 35 33 20 15 20 6 16 44 15 32 15 23 34 17 21 26 17 29 31 20 16 35 25 17 21 31 29 25 14 13 8 30 31 22 28 20 29 13 24 36 19 20 13 19 22 24 18 15 34 24 27 20 19 16 40 18 
21 26 27 31 26 37 18 15 39 34 25 23 18 26 11 17 29 25 24 21 20 22 37 24 18 24 15 17 20 27 29 26 34 13 14 25 28 23 23 19 17 32 28 32 16 20 15 26 22 20 7 21 34 34 28 18 20 20 43 24 
18 34 32 36 46 33 28 14 33 31 16 32 23 35 8 10 19 17 15 33 11 28 19 20 26 27 17 10 29 10 23 30 20 17 19 26 20 16 19 24 30 23 35 32 28 12 28 20 16 25 14 35 33 20 20 22 18 18 23 23 
12 10 30 28 26 23 23 18 16 18 14 25 22 28 23 16 38 17 24 26 10 17 25 24 10 22 20 21 23 21 25 33 25 20 12 13 21 22 23 11 20 21 21 19 20 35 27 32 14 22 23 25 32 30 20 20 23 17 27 12 
18 23 13 36 41 21 17 24 16 34 16 12 27 34 15 10 29 35 13 32 16 39 25 15 25 35 19 16 15 17 25 27 28 21 13 32 29 14 17 16 16 18 26 36 30 29 14 18 16 9 16 29 40 29 19 17 15 13 28 27 
14 22 30 30 39 31 31 13 28 15 16 43 16 31 24 17 49 19 25 27 14 16 37 20 23 32 19 21 12 22 27 29 18 20 11 21 23 33 12 29 19 24 23 40 29 37 24 23 15 12 6 23 44 19 10 14 15 18 27 19 
14 19 16 34 23 34 21 23 28 23 23 26 22 32 21 13 35 17 23 29 19 32 29 16 7 34 18 17 13 24 23 39 18 17 12 22 29 35 31 22 19 12 28 32 24 29 7 13 21 27 18 25 32 28 19 12 26 21 28 31 
18 15 12 29 35 21 19 8 31 20 13 31 14 15 11 8 17 34 30 27 14 38 23 12 16 15 31 18 27 7 19 28 19 23 16 27 12 21 25 21 30 22 13 36 15 40 24 21 20 27 17 16 21 35 24 32 20 25 11 18 
19 34 26 20 28 42 31 12 23 35 14 26 17 18 16 20 23 10 12 23 20 37 30 14 21 42 8 15 29 25 19 36 30 12 14 27 29 11 23 18 24 18 20 16 19 23 13 15 13 31 24 24 32 22 16 18 18 17 37 19 
20 27 19 29 37 33 22 16 16 16 16 15 24 17 17 13 30 15 20 29 17 33 30 13 20 31 15 20 29 18 30 32 23 13 15 24 11 25 28 20 11 25 22 20 16 23 15 24 16 35 15 36 38 27 13 19 13 20 28 27 
12 20 29 20 34 14 17 22 26 21 14 26 24 30 20 5 30 31 33 29 20 26 21 18 25 39 19 18 22 25 24 16 33 15 18 32 27 33 26 22 8 22 25 22 9 31 23 28 22 22 17 36 35 26 19 24 20 17 19 26 
15 25 31 28 26 28 16 16 24 22 19 29 13 25 12 21 34 22 23 16 15 38 37 18 18 24 26 12 25 14 19 17 14 13 21 22 32 18 28 23 24 14 24 27 16 26 25 21 20 37 11 26 25 24 20 23 18 19 16 32 
14 19 40 21 29 32 12 13 33 15 15 18 21 28 9 16 18 26 26 33 15 37 27 19 23 37 24 15 21 27 25 27 14 14 21 30 27 21 26 18 34 13 13 20 13 25 29 25 19 30 16 23 45 26 26 23 17 17 26 22 
15 19 17 30 32 21 24 15 38 31 13 37 9 25 22 21 34 25 26 25 16 30 42 11 13 35 26 22 19 23 25 15 43 16 16 16 31 23 17 20 23 23 17 34 31 21 24 27 20 26 22 33 41 21 22 26 17 21 14 22 
22 35 22 33 19 20 37 16 20 16 11 38 25 34 15 21 29 20 19 30 16 42 40 21 19 31 21 9 32 18 23 26 14 18 23 22 27 19 29 22 17 21 20 41 24 30 14 25 22 25 22 12 32 22 18 21 7 16 29 27 
18 26 21 35 26 35 28 12 32 13 22 22 26 16 7 21 26 27 19 38 7 39 25 16 17 18 19 16 22 15 24 26 34 21 19 25 17 13 23 19 29 30 32 42 20 29 25 28 18 38 18 13 44 36 12 10 15 8 20 32 
17 14 25 34 25 15 24 11 37 21 18 17 16 37 9 11 25 23 26 35 17 32 33 15 15 36 6 18 20 16 23 40 13 25 16 19 16 15 18 15 17 18 23 40 25 33 16 11 17 17 18 21 51 31 33 17 17 18 36 22 
18 30 36 38 15 32 17 13 35 26 18 35 21 24 14 29 12 21 27 27 17 25 29 16 12 39 26 15 14 14 20 18 27 14 21 17 25 25 33 29 21 8 20 19 21 23 22 21 20 28 12 18 26 32 27 26 19 14 22 26 
20 11 24 31 25 41 18 11 36 21 28 40 22 41 18 20 21 15 21 21 17 25 26 18 18 34 25 9 23 20 26 10 25 18 17 18 11 18 23 21 30 19 21 30 20 31 34 26 16 33 16 24 26 14 16 12 24 9 30 18 
15 28 21 19 11 18 22 17 34 37 19 28 12 16 20 20 37 8 14 23 12 33 36 19 22 27 16 11 20 24 14 21 23 29 14 18 18 26 22 19 31 19 23 31 13 13 20 21 22 15 14 26 46 33 15 12 26 19 37 38 
19 28 26 50 37 30 32 17 33 38 18 28 15 31 14 15 20 29 16 15 14 22 21 7 21 36 18 14 25 12 22 15 23 12 11 28 22 25 22 24 23 18 24 37 31 14 22 12 32 27 20 33 21 19 19 18 21 20 24 17 
17 29 29 38 35 31 25 19 29 19 19 35 21 35 14 9 31 30 24 27 9 29 39 6 25 29 25 15 24 15 16 16 20 21 14 24 24 33 15 21 36 16 16 52 34 26 17 25 13 19 18 38 40 38 16 22 15 16 38 23 
18 28 29 30 29 35 27 16 21 25 14 31 4 6 8 21 36 32 15 36 16 51 20 17 26 24 12 12 29 18 21 36 34 16 13 18 14 27 24 21 29 27 20 26 15 19 32 25 18 29 21 29 41 20 18 27 9 18 34 28 
13 19 25 42 17 23 30 18 15 32 10 31 28 34 13 24 15 20 20 39 14 29 21 17 27 31 31 20 9 24 23 32 24 25 22 31 25 20 31 27 34 27 26 37 34 44 28 23 29 37 14 25 32 25 25 29 22 14 38 12 
16 29 25 22 29 33 21 15 13 17 18 32 14 19 11 22 39 21 24 23 14 35 18 16 28 50 10 12 18 15 22 38 21 16 21 25 21 20 17 22 24 15 32 29 17 33 15 25 27 28 12 27 27 16 19 19 19 18 30 28 
15 18 20 34 32 24 28 16 25 33 18 30 21 21 14 18 34 26 22 36 16 34 30 15 33 25 13 17 21 18 26 35 23 19 20 24 23 15 25 20 33 24 20 45 28 42 23 19 12 24 20 19 23 28 11 15 18 16 22 32 
20 21 22 29 27 34 23 10 37 23 18 37 18 20 11 15 25 14 19 20 17 30 31 9 15 38 24 18 29 23 28 21 10 21 20 22 25 27 23 25 25 25 12 27 19 43 23 8 21 27 24 26 40 19 21 12 11 18 26 28 
18 21 34 28 33 17 25 18 37 31 17 28 21 24 24 21 29 19 33 40 16 39 39 28 21 32 17 18 28 33 30 21 35 15 15 30 26 22 31 28 20 14 36 26 27 33 28 18 24 18 16 42 28 13 18 19 22 23 41 23 
16 16 32 28 26 23 20 20 23 32 9 28 27 35 21 11 36 26 26 23 15 24 36 10 19 36 16 17 21 19 8 35 21 22 13 30 23 29 21 14 24 18 22 13 26 26 31 27 11 16 15 30 36 21 16 25 21 20 36 28 
16 25 19 45 15 29 24 13 28 20 15 34 17 36 16 20 26 27 25 29 21 8 25 14 29 29 26 20 26 23 14 35 23 23 17 35 14 17 18 21 24 20 13 16 37 29 28 15 17 9 18 43 41 30 29 16 16 23 19 30 
17 21 27 32 34 40 19 9 26 41 13 26 18 39 15 18 13 27 25 33 17 8 24 13 27 53 26 15 29 26 20 21 16 19 13 29 27 15 21 19 26 12 30 21 15 26 22 12 15 26 15 21 33 22 12 17 19 19 26 27 
15 33 20 30 37 29 18 16 24 21 12 37 17 17 15 14 30 24 16 17 10 34 28 10 30 41 25 15 31 19 25 26 31 13 11 19 29 28 10 19 17 20 22 41 15 50 28 17 11 26 24 12 11 23 21 20 21 13 25 19 
21 13 42 17 17 20 22 12 33 17 15 30 18 24 23 14 41 31 22 40 16 35 36 19 13 26 25 18 29 22 26 18 9 22 12 23 16 20 19 16 18 21 20 33 17 19 33 25 22 22 13 25 31 19 15 12 15 18 22 29 
15 21 30 25 35 36 43 15 23 29 12 23 16 20 20 19 30 21 13 30 11 20 18 16 10 27 11 19 24 18 24 29 20 16 20 12 19 21 24 22 19 14 28 21 25 17 20 29 20 22 16 34 27 20 17 11 18 17 16 26 
12 17 35 30 35 21 29 12 14 25 18 19 22 24 9 17 31 29 26 42 14 19 23 14 22 32 31 14 23 22 20 21 19 14 15 26 31 25 17 32 19 15 21 52 15 24 14 21 5 32 11 26 46 34 34 23 14 15 29 22 
19 34 29 41 22 24 33 17 16 20 18 27 15 27 20 22 35 31 32 23 13 22 26 15 29 38 29 17 22 14 31 30 22 23 16 33 27 26 35 28 17 14 28 28 17 34 16 11 16 17 14 31 22 23 20 24 20 18 25 18 
18 24 27 33 27 32 30 16 28 28 21 23 20 20 15 22 38 23 22 26 11 32 22 12 23 46 20 12 18 22 26 27 37 11 12 16 20 32 24 22 25 19 13 25 23 12 27 12 19 18 12 16 33 29 22 20 25 21 29 35 
15 16 21 35 23 22 23 10 31 21 12 21 24 17 23 17 31 25 24 22 12 36 32 18 10 27 30 12 16 19 23 20 38 19 16 7 16 23 31 23 31 16 14 29 17 26 34 19 12 30 14 23 35 15 19 13 11 21 27 47 
13 32 23 30 23 34 28 19 32 26 15 39 19 25 13 28 28 29 27 29 26 22 38 12 17 35 24 18 25 25 30 26 26 11 26 39 26 18 19 21 26 25 15 38 30 26 29 22 12 38 15 22 26 20 22 24 17 10 18 23 
12 27 35 26 29 33 20 16 28 34 13 21 21 15 13 14 41 21 19 34 16 28 14 10 22 39 17 15 24 26 27 27 20 21 15 18 16 21 27 25 12 27 23 43 10 38 27 8 19 29 14 29 22 18 19 20 23 12 22 36 
16 19 23 26 37 19 23 16 20 18 19 24 21 9 17 12 10 19 18 28 21 35 28 21 20 28 23 15 20 25 24 37 28 20 10 33 27 25 22 21 32 15 27 3 20 35 25 29 21 18 21 29 12 20 14 14 14 19 27 29 
14 20 12 23 30 25 30 9 14 32 15 38 19 29 13 18 38 25 26 14 14 41 41 15 25 25 5 12 34 18 23 22 24 24 10 14 29 36 31 16 22 6 31 11 36 33 22 24 25 23 22 27 46 15 25 23 23 23 22 9 
19 18 7 20 24 26 21 10 34 25 17 28 17 41 17 11 11 22 32 17 21 31 32 17 11 22 14 20 22 24 19 26 28 12 8 21 24 20 25 25 23 17 20 27 21 34 14 19 20 34 16 34 18 26 16 9 21 15 27 24 
21 21 19 29 34 9 23 16 28 25 21 14 15 18 19 14 33 36 33 36 18 28 34 11 20 34 20 15 20 12 20 25 12 12 14 12 35 25 15 11 20 11 20 23 17 21 25 23 12 17 13 33 41 32 19 23 24 12 25 20 
14 16 26 13 43 29 21 11 33 34 18 33 14 29 21 9 11 27 34 36 16 20 23 21 24 28 9 13 37 24 12 22 23 10 22 18 25 28 33 26 24 21 27 29 14 21 33 22 20 27 12 23 36 26 20 21 23 12 35 24 
15 28 23 42 27 30 16 15 35 20 7 34 21 30 17 20 25 23 23 25 19 31 24 10 30 23 13 15 28 18 22 26 28 23 26 31 14 26 21 22 33 7 31 29 18 23 26 23 16 20 19 25 38 33 26 15 26 19 36 31 
14 29 21 18 26 25 18 18 17 17 22 38 15 35 11 15 32 30 27 32 13 32 31 22 15 37 18 21 31 21 18 12 24 16 13 22 24 20 21 22 21 20 18 30 27 39 23 22 17 27 15 42 49 23 21 21 15 18 42 19 
22 35 20 41 32 32 26 14 29 26 10 34 20 18 21 18 29 14 34 17 11 27 51 14 20 41 21 16 27 25 15 21 31 18 17 32 15 22 21 29 18 22 28 36 21 44 20 17 12 29 18 36 22 19 24 22 19 15 31 19 
13 26 23 34 36 34 19 13 22 25 12 17 22 26 25 6 29 14 21 34 13 26 34 17 27 25 19 14 19 6 23 23 20 14 17 25 20 24 24 18 32 19 28 31 21 23 26 19 10 12 19 14 13 22 22 21 22 21 10 31 
14 17 14 21 27 32 28 11 29 19 14 35 21 40 9 20 35 34 18 18 12 31 37 11 22 34 19 20 14 25 11 11 18 23 14 32 22 27 30 28 18 15 21 23 29 25 32 19 14 10 18 14 35 29 13 19 21 19 35 28 
14 28 28 28 35 23 16 13 33 38 17 20 14 26 11 15 32 26 9 27 14 20 33 17 16 37 21 22 23 25 8 18 23 10 17 17 17 27 19 8 16 21 29 49 14 30 24 23 9 21 12 22 27 26 14 22 20 19 50 20 
20 14 18 27 31 17 25 14 34 20 15 25 19 26 12 24 24 25 19 44 12 30 28 7 30 16 41 22 23 16 29 19 32 12 18 15 25 21 21 26 20 25 22 26 17 49 20 23 19 17 21 22 22 12 5 19 20 17 22 33 
24 24 27 24 36 16 20 19 47 24 9 45 18 45 14 17 35 18 29 42 14 33 36 16 22 48 12 20 13 20 18 23 23 20 20 31 24 24 37 21 16 22 22 34 25 33 23 20 14 35 16 22 37 33 16 12 14 13 24 27 
18 22 26 41 17 25 25 11 23 12 20 40 19 15 18 23 45 24 26 30 17 26 23 16 22 13 19 21 23 25 23 29 20 12 19 27 28 21 22 18 19 22 26 31 36 32 17 13 13 26 12 9 19 25 25 19 22 19 14 30 
8 27 31 21 46 38 18 17 33 28 14 22 18 23 15 23 36 18 29 34 20 34 19 14 24 17 20 20 18 9 19 23 22 14 18 35 23 30 27 28 26 20 15 23 12 22 20 23 17 19 18 10 54 22 17 22 13 14 30 30 
15 35 24 40 33 27 22 16 24 30 14 21 17 24 18 12 31 17 21 27 12 17 32 16 17 17 20 30 29 25 27 14 27 29 14 16 17 15 21 20 15 18 28 29 31 28 22 15 13 25 15 18 22 29 14 22 14 15 26 29 
19 20 9 27 30 31 37 15 23 26 21 31 24 21 21 25 25 13 14 47 11 31 21 20 14 41 11 17 28 14 27 26 7 22 21 26 30 23 24 21 11 13 20 27 29 27 15 17 16 16 19 25 35 28 13 20 9 18 24 12 
22 23 31 33 24 30 27 9 17 33 14 20 22 22 16 18 25 35 20 25 20 28 18 16 19 51 30 9 32 19 9 39 27 15 16 30 18 24 25 26 20 15 22 34 22 41 23 7 18 21 12 29 35 21 18 28 12 16 33 23 
20 32 29 22 40 22 35 17 23 23 15 41 17 18 13 13 37 26 15 45 15 21 35 14 20 16 20 14 24 23 27 25 12 17 20 11 24 17 26 23 20 15 22 27 16 27 25 17 14 15 16 37 25 34 18 14 12 25 35 20 
19 27 24 40 34 21 21 21 23 38 18 37 23 24 28 11 33 24 27 30 12 15 34 10 18 34 24 21 34 23 4 33 13 17 18 30 22 21 23 21 38 9 18 38 18 24 22 25 16 26 8 23 27 38 20 24 23 22 27 26 
14 35 20 20 25 31 29 19 29 25 13 20 15 42 21 8 29 28 20 37 16 28 21 23 25 41 17 16 28 14 26 34 27 20 12 22 13 16 26 26 22 15 14 26 20 32 21 17 20 22 18 20 37 18 18 20 24 14 29 18 
18 19 15 28 51 29 20 13 33 28 13 27 24 24 14 23 24 17 9 36 10 15 19 19 29 29 25 25 27 26 18 22 27 22 15 15 15 26 29 28 22 22 22 24 29 21 18 20 12 19 13 20 39 30 27 23 14 19 32 29 
17 26 27 22 29 28 21 12 15 23 19 41 26 22 23 12 32 25 22 29 15 19 16 21 13 47 23 15 20 24 22 23 25 20 15 16 21 16 22 35 22 16 25 31 30 21 26 23 12 43 16 22 35 22 25 18 19 16 28 11 
18 35 29 33 11 34 32 13 36 37 16 32 16 28 16 14 31 28 22 42 20 24 22 12 28 14 25 13 23 16 16 21 41 17 22 25 16 22 24 21 21 21 22 33 15 20 21 21 23 26 23 26 36 28 14 17 11 18 43 18 
16 21 22 16 35 27 21 20 20 38 14 23 27 32 21 15 28 30 29 31 21 30 21 16 21 32 32 19 33 20 13 28 24 14 18 33 17 23 32 18 21 10 22 19 17 33 15 28 14 18 18 30 41 12 17 15 20 19 30 20 
11 27 14 19 20 18 22 18 29 21 12 44 13 25 19 15 29 16 18 22 8 30 29 16 20 32 12 18 21 18 18 29 19 23 14 38 23 26 22 18 25 11 23 39 19 35 23 14 10 18 11 38 39 39 8 29 11 24 16 35 
16 31 13 23 29 15 30 15 9 31 18 38 25 25 14 9 32 19 18 23 12 21 24 10 11 25 27 18 10 20 23 30 30 23 22 25 23 21 13 24 23 12 26 47 28 25 27 21 8 35 10 21 41 24 16 16 20 10 32 18 
23 28 13 35 30 14 27 6 34 24 15 44 30 27 14 15 30 18 28 32 22 39 24 18 11 13 32 15 28 15 16 18 20 16 21 33 15 24 36 14 23 24 23 30 23 25 18 24 24 24 20 20 38 10 10 18 19 20 42 19 
16 31 15 44 28 43 18 12 31 26 20 28 9 31 24 17 33 30 2 23 23 31 27 15 19 23 6 20 23 23 17 32 33 22 20 22 17 7 24 18 19 13 19 38 27 34 26 21 10 25 12 26 32 25 13 18 23 19 26 14 
15 31 29 31 32 31 23 23 33 19 11 36 15 12 19 16 35 27 14 38 12 30 29 21 26 39 32 18 26 37 21 14 29 25 15 23 27 28 22 27 16 20 24 32 15 15 32 20 12 32 16 36 17 31 21 20 13 16 35 6 
11 14 4 21 19 36 21 20 40 29 12 13 26 20 13 20 40 20 28 12 7 28 31 17 26 21 18 13 27 21 10 29 21 23 24 27 29 13 30 19 16 27 21 23 24 29 20 20 16 30 20 26 39 33 15 7 18 7 26 42 
18 21 23 29 33 22 17 12 28 28 13 30 17 34 13 23 36 21 23 18 18 23 22 17 19 45 21 18 27 22 23 34 24 21 12 13 27 24 30 19 15 20 26 34 27 22 18 16 18 17 23 28 44 25 32 19 12 10 28 21 
15 35 18 39 24 34 19 13 40 26 15 30 8 41 14 21 27 14 26 15 16 28 16 17 16 26 21 17 23 19 25 23 22 20 19 27 18 19 24 26 23 16 25 34 17 37 16 17 19 29 13 23 9 15 15 10 20 14 32 27 
20 23 38 28 20 30 16 19 31 30 19 41 27 17 14 16 22 28 18 25 13 40 18 15 23 36 23 18 21 13 18 40 14 16 13 32 21 17 24 27 19 22 26 39 26 26 16 24 17 28 19 18 24 26 19 27 26 18 31 21 
8 19 33 10 18 24 22 12 23 18 16 15 11 33 18 24 34 22 31 25 22 26 28 17 21 13 15 17 29 20 9 34 28 11 14 30 22 27 23 12 29 17 24 43 11 31 19 30 6 12 17 19 18 25 22 13 30 18 30 38 
22 20 25 29 20 17 19 9 35 17 19 29 20 27 17 21 36 19 21 38 13 32 34 22 28 23 11 8 26 17 18 22 20 28 21 19 20 23 25 13 9 18 35 25 22 24 18 17 15 31 15 11 28 35 27 32 23 24 30 21 
17 18 24 38 41 33 33 20 25 37 23 25 19 36 14 20 30 35 27 33 10 28 14 8 19 42 16 23 17 21 14 24 21 18 13 30 21 22 22 23 19 12 10 26 12 26 27 15 26 31 19 27 9 30 22 20 22 10 23 23 
22 20 22 36 29 12 15 19 28 18 15 29 18 18 14 20 26 20 20 31 10 27 16 15 29 20 18 15 24 12 15 27 25 11 18 20 25 16 14 15 18 23 18 18 27 28 12 22 16 28 15 21 36 19 19 25 23 15 35 11 
21 32 16 20 34 43 23 8 21 25 16 29 23 31 19 9 35 31 36 35 19 29 37 17 21 50 8 17 19 9 20 14 22 16 15 27 24 25 22 22 13 25 26 14 23 20 23 23 13 23 19 32 34 15 13 20 20 17 34 38 
18 9 24 25 31 30 8 12 27 14 19 42 22 22 24 14 30 32 7 36 16 20 24 16 22 25 19 11 19 28 15 22 23 19 22 22 13 10 24 28 17 22 21 31 35 22 20 24 17 15 23 23 28 16 14 20 18 18 46 22 
20 27 34 29 15 32 26 19 22 19 17 27 12 29 8 15 35 29 34 26 16 21 27 12 24 36 23 22 26 13 25 25 17 16 11 30 27 19 18 15 15 22 23 45 19 24 32 22 23 23 13 22 42 11 19 22 21 15 29 19 
17 29 28 45 39 40 35 18 24 33 20 27 15 22 14 14 27 30 19 29 17 30 20 16 21 18 16 20 19 19 22 26 31 12 22 27 27 26 17 18 39 16 31 43 33 33 20 15 18 35 17 23 35 22 24 20 13 14 28 23 
15 27 10 8 35 33 13 12 36 33 10 47 19 29 17 12 33 19 23 17 23 20 38 15 21 27 22 19 13 19 24 26 24 18 25 26 17 15 31 27 24 26 18 45 26 23 20 21 23 23 15 23 22 18 17 26 13 16 33 25 
16 21 27 28 17 38 22 15 38 21 21 28 16 24 9 20 38 33 29 40 12 28 31 8 16 32 30 19 28 20 18 35 17 23 17 29 22 27 15 27 22 9 16 23 23 43 21 18 15 15 20 39 47 31 20 24 19 12 20 26 
15 20 12 43 33 24 17 15 29 23 16 20 25 16 17 16 34 11 17 39 12 17 22 20 29 32 16 19 30 19 17 22 40 15 14 18 13 18 21 20 25 28 22 23 25 21 22 21 18 27 16 10 31 19 20 21 19 18 20 25 
16 25 31 27 45 26 20 24 22 33 17 47 15 29 11 21 44 20 14 48 22 34 27 10 20 34 16 14 32 17 12 35 25 18 17 32 24 17 39 24 20 18 29 33 24 23 22 21 13 19 16 37 34 30 28 17 16 18 32 22 
19 34 23 37 45 53 31 19 29 30 18 41 23 27 19 31 19 30 31 35 9 31 25 18 23 23 16 15 19 13 14 36 17 18 11 24 24 38 25 14 23 19 27 33 24 25 18 25 18 38 24 27 16 31 17 22 17 23 35 32 
18 26 23 22 22 16 24 16 25 29 20 26 27 22 25 17 29 25 25 36 19 23 16 11 13 26 39 19 25 30 14 20 19 22 14 34 22 18 30 32 18 23 26 34 26 26 14 12 21 29 14 12 27 23 12 17 29 20 27 22 
11 27 31 48 32 31 23 14 22 25 24 46 26 20 17 13 30 23 14 28 13 21 37 17 20 30 25 19 25 17 18 28 35 18 22 36 19 16 37 22 20 27 22 41 28 41 24 16 20 21 21 28 50 27 23 8 13 17 30 33 
15 27 22 28 23 19 21 17 33 27 16 21 27 36 19 10 27 15 21 19 18 25 26 23 29 39 13 16 25 23 19 39 14 20 12 30 15 19 25 12 22 33 24 20 23 47 20 17 16 13 14 32 42 24 11 16 15 15 42 33 
18 13 16 41 38 41 21 18 39 15 18 57 19 17 10 11 27 16 24 55 19 28 30 26 15 25 14 21 40 16 27 15 24 21 19 25 22 29 20 16 23 19 28 29 24 26 25 21 15 21 20 37 25 23 20 17 14 17 18 27 
16 31 29 30 29 17 18 17 30 29 15 41 9 17 17 17 28 19 19 20 21 34 37 18 18 29 19 19 22 23 26 28 20 17 15 17 13 11 31 23 10 19 20 38 19 27 28 20 12 25 10 26 33 16 19 15 23 19 43 36 
6 26 34 38 21 27 19 15 25 19 16 28 21 26 10 18 29 19 16 18 16 25 27 25 11 40 28 19 19 22 32 28 16 23 20 34 18 29 20 19 20 20 25 34 16 31 26 29 17 26 17 36 36 21 15 14 17 15 31 24 
17 28 7 17 38 32 23 15 35 28 21 21 7 32 15 12 34 25 23 23 14 26 30 13 19 38 15 10 26 23 17 36 29 20 9 28 16 25 24 18 14 26 24 23 25 34 18 27 15 30 13 25 20 28 11 23 28 23 34 24 
14 27 29 29 40 36 15 13 21 22 8 39 18 26 15 14 38 29 26 26 14 23 17 23 18 34 19 18 19 23 18 35 19 18 11 25 24 19 28 20 16 20 22 17 30 25 29 20 9 30 10 19 40 16 23 26 20 18 37 25 
16 32 17 35 19 24 23 18 39 28 14 16 12 30 33 19 39 20 19 26 12 35 43 16 27 40 29 16 11 15 13 32 30 20 18 29 31 31 37 34 30 18 27 33 11 34 35 16 16 23 13 22 40 28 19 19 30 16 40 31 
15 26 28 24 26 15 34 17 23 34 18 19 20 30 27 23 22 24 27 18 8 30 35 18 14 18 16 11 19 11 24 32 17 22 17 36 15 25 18 19 10 17 24 40 21 30 33 20 23 18 13 11 31 28 34 12 16 23 28 31 
24 27 18 26 32 33 23 18 38 12 17 36 18 18 17 11 33 14 22 30 10 33 36 13 12 19 13 20 22 21 19 27 22 16 10 24 26 17 16 25 33 19 10 34 19 25 19 18 7 20 20 16 23 29 17 17 21 12 29 21 
12 24 33 28 31 38 28 12 18 13 21 32 23 27 25 9 38 27 22 32 15 20 29 17 26 29 19 22 21 18 15 17 5 19 20 42 32 20 36 23 20 19 17 33 22 49 26 23 17 30 14 33 38 34 16 17 26 14 20 35 
12 8 32 32 26 27 23 12 29 23 15 19 7 17 19 22 37 30 25 28 13 41 22 18 25 36 27 19 15 15 11 18 40 19 10 25 30 22 26 22 25 12 33 25 17 39 30 23 9 37 8 25 24 19 13 31 12 18 25 28 
21 25 23 36 29 11 24 14 28 30 15 48 21 35 18 29 30 27 17 24 13 24 16 9 30 42 18 11 31 26 11 31 17 18 15 29 13 18 24 18 23 20 19 47 16 20 23 25 10 49 17 20 36 32 24 15 20 17 35 29 
19 33 13 26 39 35 25 11 20 30 18 24 21 19 14 11 35 24 10 34 12 23 25 17 16 35 21 21 30 26 20 33 26 10 21 23 36 28 22 23 22 27 16 27 31 25 19 30 23 25 20 11 26 17 22 21 20 17 31 32 
17 29 42 21 32 23 15 8 35 22 10 50 16 18 19 21 27 26 21 27 18 40 40 19 32 27 24 17 15 20 25 23 32 20 16 31 21 16 19 26 12 25 29 27 25 55 23 23 16 25 14 18 24 31 23 16 20 15 33 28 
21 29 29 34 10 31 28 20 25 20 16 34 22 35 9 17 37 26 20 32 9 27 39 20 24 12 13 11 24 35 27 29 27 17 9 25 26 30 22 28 26 27 17 42 12 31 22 31 20 19 18 22 30 15 19 16 12 22 28 22 
20 24 34 19 15 26 8 20 24 27 16 27 14 29 23 9 36 26 25 24 20 10 24 17 24 30 12 18 19 20 9 18 34 13 22 21 21 25 24 19 9 23 26 33 18 25 14 11 17 23 22 38 28 24 23 17 20 14 26 18 
12 15 23 40 33 26 31 20 23 29 15 26 23 28 22 24 24 27 16 29 18 25 12 15 28 17 22 12 17 17 26 22 15 14 12 33 22 33 25 26 13 15 21 34 15 40 24 20 2 32 19 22 34 26 11 26 18 27 28 11 
14 23 38 22 34 27 21 17 36 29 18 38 24 29 21 18 33 30 16 21 4 27 30 12 20 43 27 13 31 28 15 31 19 22 22 27 21 18 36 30 15 11 7 31 24 38 25 18 26 25 16 17 46 29 15 16 9 21 38 18 
21 13 14 48 33 19 24 14 27 21 23 33 19 22 17 14 26 20 22 23 5 23 32 16 12 39 25 22 30 15 19 18 20 11 16 15 22 11 20 19 15 19 13 28 25 38 9 25 15 31 18 17 45 26 23 14 19 16 13 28 
23 8 12 20 34 23 14 6 16 27 10 21 26 24 29 24 23 30 22 34 11 25 31 17 27 32 17 24 26 18 24 26 17 13 21 31 22 32 20 25 30 24 18 35 19 30 30 26 10 31 28 26 20 28 22 13 19 19 20 25 
18 28 27 35 31 26 30 13 23 18 11 40 15 35 14 19 30 34 30 38 15 26 52 22 19 24 14 17 26 19 16 16 28 21 21 16 21 29 25 31 20 18 10 39 17 35 24 19 17 19 8 25 28 28 18 25 17 11 27 34 
14 32 19 21 26 25 17 16 33 17 14 24 22 6 20 11 26 18 21 25 14 14 18 12 16 46 17 9 19 20 23 17 32 28 21 23 23 17 21 33 20 19 27 24 30 20 23 18 20 27 14 16 42 32 22 20 17 13 31 30 
18 34 24 19 25 21 23 9 28 31 18 30 18 20 22 19 35 20 9 39 15 23 23 14 21 31 23 18 10 17 17 20 26 16 14 19 14 19 25 32 21 23 19 40 22 28 18 28 20 22 15 19 33 23 19 15 14 27 37 25 
16 22 17 28 17 20 14 16 31 35 13 44 19 22 22 20 45 21 26 21 18 31 30 14 29 30 22 10 24 18 28 30 27 17 17 20 27 18 11 19 21 16 27 29 17 42 23 26 22 23 22 24 39 18 27 24 19 20 37 42 
22 34 39 23 33 27 14 11 21 29 19 38 27 25 9 23 37 21 23 28 19 32 21 15 16 30 18 12 23 25 33 18 24 24 19 6 27 23 23 22 14 28 15 21 11 34 28 20 23 24 15 26 27 47 18 16 18 28 36 21 
19 22 26 28 26 22 30 15 26 20 16 44 15 24 18 19 23 15 24 28 17 25 24 17 24 40 25 15 22 25 11 15 26 19 27 30 25 13 16 31 17 9 19 26 22 35 18 23 18 23 3 24 17 39 17 24 11 15 36 15 
19 17 21 25 42 42 30 14 31 26 15 40 15 26 19 18 38 9 14 34 16 30 27 17 29 25 23 10 30 30 26 3 33 20 17 20 20 19 21 10 17 15 23 41 18 35 13 29 13 28 15 27 27 19 26 20 23 16 26 22 
21 13 18 29 28 22 24 18 23 28 15 49 18 28 21 17 25 35 25 29 17 30 33 22 22 25 26 12 28 27 20 19 31 27 17 22 18 18 23 18 18 26 16 32 25 50 24 23 18 34 12 19 20 23 14 20 18 21 19 30 
17 18 33 34 29 32 27 14 31 23 14 43 19 5 19 18 26 18 25 42 11 29 36 7 17 38 26 17 25 21 17 30 28 9 24 16 24 28 23 27 28 17 27 32 19 43 30 36 18 13 19 19 27 19 19 24 14 7 35 28 
8 21 25 18 33 34 14 16 22 25 22 35 14 12 27 10 35 16 35 30 16 29 25 16 32 22 12 9 17 25 20 29 16 11 19 26 25 23 30 34 25 18 19 36 30 28 9 19 12 36 16 27 12 10 14 18 17 14 28 15 
15 29 21 19 40 33 30 21 23 29 19 14 26 24 26 21 35 18 22 18 19 24 24 11 28 44 19 11 22 20 25 17 29 13 13 27 17 18 17 24 25 14 24 26 18 27 21 15 22 29 2 20 45 25 21 23 12 9 29 21 
19 29 19 23 23 23 19 15 13 19 12 25 25 29 7 16 27 41 14 28 4 34 22 19 34 19 20 21 20 24 24 24 18 17 25 29 21 12 26 18 19 10 21 38 13 33 20 19 14 15 16 22 25 26 26 20 11 10 21 21 
14 28 25 31 44 21 18 24 30 15 13 41 16 34 21 18 32 33 17 23 16 29 24 15 17 44 16 13 25 23 21 27 16 18 21 21 21 20 18 19 24 14 23 41 21 30 27 19 17 27 18 22 32 11 19 17 18 27 49 20 

MachineCapacities:
MachineID Capacity
0 10
1 10
