NumTasks NumMachines NumScenarios
15 4 100
TaskDetails:
TaskID ReleaseTime ResourceConsumption SuccessorsCount Successors...
0 0 2 7 3 8 1 2 
1 0 10 9 3 5 1 3 
2 0 2 5 9 4 1 3 
3 0 10 6 10 7 1 4 
4 0 9 2 8 7 1 5 
5 0 4 8 5 8 0 
6 0 1 4 2 9 2 7 8 
7 0 9 5 9 8 2 9 11 
8 0 7 2 5 10 2 9 11 
9 0 5 5 10 7 1 10 
10 0 8 2 4 1 1 12 
11 0 4 9 3 7 2 13 14 
12 0 8 10 9 3 2 13 14 
13 0 2 6 1 2 0 
14 0 2 6 7 9 0 

24 18 18 16 22 35 29 28 28 17 30 34 17 25 21 15 30 16 22 15 22 28 13 21 32 32 22 25 28 15 29 11 16 11 22 16 19 26 5 19 23 20 26 23 23 44 11 21 3 11 22 37 26 23 25 13 16 21 22 35 
22 20 16 15 19 25 11 29 18 23 25 35 20 15 33 17 34 12 33 24 37 30 10 16 26 30 13 40 30 18 32 20 14 21 19 16 21 30 23 13 33 9 37 26 19 30 16 11 32 19 22 19 33 13 20 22 18 16 29 18 
11 22 20 16 31 38 28 27 22 25 17 15 27 24 35 22 17 10 38 28 28 42 13 17 21 33 20 40 31 25 21 18 12 15 15 12 30 24 26 20 38 11 20 35 17 42 20 17 34 8 15 28 19 12 25 20 12 33 26 35 
24 17 19 17 17 27 23 24 30 30 31 20 23 26 36 19 29 20 22 9 34 30 11 20 41 20 15 32 40 22 36 23 16 20 21 14 20 9 25 15 45 22 34 31 20 25 6 22 33 33 9 19 29 22 21 14 27 26 31 21 
26 18 13 14 26 36 33 22 30 24 33 36 19 16 31 15 24 11 33 19 25 30 10 18 45 25 12 21 29 20 26 18 14 19 20 14 16 24 10 20 22 11 16 30 13 28 19 18 42 31 17 35 31 17 22 15 25 21 23 37 
29 15 15 23 25 33 31 32 5 24 38 12 33 20 29 10 25 15 25 23 30 24 9 21 23 47 19 29 43 11 23 3 19 12 14 16 16 16 20 15 21 14 34 20 25 30 24 16 9 18 21 27 22 26 23 16 26 25 22 29 
14 22 38 20 21 45 19 31 42 28 7 34 21 25 19 15 40 19 26 17 35 28 14 17 21 32 16 24 27 20 19 24 13 7 16 13 24 27 24 23 20 10 14 28 19 14 17 8 32 20 6 45 5 28 35 15 23 27 26 26 
31 13 19 31 25 32 23 29 40 2 25 13 20 19 40 18 35 17 31 18 44 38 11 19 43 27 22 36 29 14 29 10 8 28 23 9 18 19 25 16 25 18 20 17 26 30 22 16 40 20 24 40 34 30 39 24 15 17 32 26 
22 21 14 15 21 27 17 19 35 31 32 25 30 22 40 12 24 16 27 15 26 26 13 12 19 25 14 30 44 15 36 23 13 20 13 11 21 34 6 20 36 17 30 29 20 34 10 22 26 22 24 21 32 22 23 13 20 20 28 25 
20 25 17 21 18 31 20 29 42 29 17 17 24 16 39 18 23 23 34 19 29 19 11 10 32 24 16 40 35 12 46 22 14 16 23 18 29 24 20 19 19 13 25 26 21 22 9 11 22 19 17 30 18 35 39 15 19 23 31 35 
28 21 20 17 13 22 23 22 33 28 27 27 20 25 24 17 28 16 12 33 20 22 11 19 40 38 16 36 33 9 35 14 16 25 18 14 43 33 12 23 28 14 35 23 19 26 14 23 24 33 21 25 24 12 28 10 28 30 26 33 
17 19 26 10 28 27 24 28 32 22 33 30 19 15 21 16 23 15 23 27 29 31 7 20 38 23 15 29 43 21 32 27 7 18 17 12 24 31 14 24 29 12 28 14 25 45 23 9 33 26 20 35 31 10 19 11 19 22 34 45 
7 15 25 8 19 39 27 20 21 25 19 14 22 27 30 16 28 16 34 12 39 9 11 21 21 33 13 18 34 26 30 25 6 24 17 18 36 26 16 24 29 16 38 36 23 20 15 23 21 17 15 23 20 20 33 18 23 22 14 23 
13 24 19 13 14 24 19 28 39 19 20 25 22 21 15 25 27 15 34 23 31 33 12 11 27 27 23 13 22 23 32 19 21 20 18 13 13 34 21 12 39 12 15 25 16 35 21 15 35 18 18 34 29 28 30 20 19 30 32 18 
30 20 36 7 21 32 20 28 19 37 27 24 22 23 35 18 25 18 40 18 26 18 11 18 28 50 15 21 26 15 29 15 15 23 20 16 18 18 12 15 37 17 32 38 30 31 15 18 28 22 14 26 28 26 14 14 14 2 28 20 
23 31 19 23 28 23 24 32 29 31 33 23 24 21 35 22 21 18 22 23 33 32 21 18 37 8 22 31 30 22 40 22 13 27 18 12 27 22 23 22 26 22 28 35 17 44 9 10 37 25 19 15 32 17 15 20 20 33 23 29 
10 23 28 17 24 26 28 38 27 30 36 34 16 26 23 18 23 17 25 18 36 22 13 18 30 33 14 38 31 22 26 29 15 18 19 9 26 33 11 22 39 12 20 22 23 33 20 21 36 26 18 29 32 21 25 12 20 32 22 18 
23 18 24 24 20 38 27 24 38 23 38 32 14 17 48 20 32 21 33 19 32 43 18 14 40 15 11 30 44 23 35 26 27 9 19 11 25 23 23 24 17 14 33 17 16 30 12 19 25 25 24 44 14 22 34 19 25 32 8 35 
30 27 15 20 21 22 28 20 33 25 28 32 18 24 19 9 24 17 32 17 21 29 15 17 33 35 20 38 24 18 18 19 19 21 10 19 28 28 28 19 28 18 28 23 15 31 14 18 17 22 22 24 21 21 28 20 20 23 21 35 
25 16 22 24 20 36 27 25 35 31 18 25 24 24 38 11 20 11 16 27 22 27 17 19 29 32 13 24 44 16 32 23 15 11 12 5 11 13 16 18 18 13 27 25 19 27 4 20 40 20 23 33 49 7 36 20 14 16 26 28 
18 17 32 23 21 16 22 22 34 25 24 23 25 31 30 24 19 21 27 14 35 31 12 18 25 24 18 24 22 18 33 24 20 27 11 15 18 24 20 11 13 7 25 26 16 19 16 18 20 24 24 35 37 18 32 20 24 32 11 28 
23 14 36 16 14 32 29 47 29 32 25 44 26 24 36 20 10 20 37 25 26 35 8 16 38 50 15 21 35 25 37 17 22 31 14 15 20 32 23 12 43 13 38 31 20 33 13 17 31 21 11 30 17 15 43 20 22 23 23 15 
27 19 21 22 27 20 22 30 24 35 24 37 31 24 24 18 18 21 25 13 25 35 17 16 27 25 15 38 18 12 25 17 17 24 23 13 29 26 24 14 43 13 37 25 18 38 24 22 17 23 21 24 31 27 38 15 22 26 34 24 
23 20 22 17 12 28 14 33 42 33 13 18 10 26 19 12 31 17 32 18 28 33 16 14 37 24 15 36 15 18 31 22 21 28 17 21 19 29 15 19 38 16 27 34 20 29 13 20 33 17 21 35 21 22 34 17 19 35 16 31 
22 20 31 24 27 35 22 10 32 18 6 36 17 21 23 6 29 12 35 21 20 24 10 18 35 27 14 9 32 17 29 8 20 30 13 17 21 33 25 14 20 16 9 25 28 37 16 20 21 17 19 34 21 11 19 13 23 28 29 25 
27 26 35 12 12 25 18 31 39 30 20 8 21 27 29 12 25 20 29 30 24 35 22 15 42 25 18 26 29 13 38 26 18 28 20 16 31 23 17 21 28 15 28 15 19 30 19 29 27 27 18 37 25 33 17 14 18 26 43 41 
27 14 22 19 15 32 23 24 23 32 34 25 16 26 27 16 25 13 32 27 35 17 16 14 43 37 16 27 36 12 36 15 14 8 26 11 32 31 29 11 32 15 19 32 17 38 24 26 25 18 19 25 26 20 31 11 22 24 27 31 
26 18 30 22 22 31 22 46 40 23 31 35 28 29 17 23 16 22 18 27 22 29 20 10 32 34 6 30 36 18 24 24 15 14 19 19 29 28 29 15 30 17 16 17 16 39 19 22 31 8 29 11 23 23 34 18 21 36 20 24 
30 22 31 24 15 42 17 26 24 16 30 7 14 18 35 21 29 23 12 10 16 31 9 20 33 31 21 36 20 18 40 20 17 18 15 11 23 24 22 12 32 20 31 25 15 37 18 20 38 30 13 20 45 22 23 15 24 20 26 32 
21 16 21 25 16 36 19 15 32 20 31 23 26 28 37 14 26 19 32 19 40 27 13 19 10 26 10 16 42 20 36 17 20 25 10 14 32 22 22 21 31 17 13 35 22 33 19 25 43 27 16 30 32 20 11 13 23 15 39 18 
20 15 25 21 19 22 21 22 27 24 30 26 26 20 18 18 28 18 29 21 25 32 18 16 34 8 9 30 33 15 16 22 11 19 21 20 28 13 29 17 32 18 15 22 21 30 16 20 29 21 20 21 12 14 23 21 20 18 23 34 
21 17 28 14 17 35 32 16 33 14 33 37 13 21 20 14 28 19 29 20 24 30 21 14 27 35 11 12 29 27 32 21 17 19 12 17 32 14 15 18 34 11 13 29 24 32 13 20 30 22 14 28 26 22 16 14 18 20 26 13 
18 17 16 24 31 44 18 15 38 21 32 17 16 21 26 17 25 16 25 24 25 20 15 18 28 37 16 40 26 21 32 30 15 18 13 24 32 37 21 15 27 16 33 28 22 27 15 10 19 23 21 22 27 10 47 11 21 36 23 15 
18 21 14 13 13 23 16 34 35 25 25 22 36 25 26 11 22 17 17 12 37 21 23 17 22 30 22 26 22 19 28 27 17 25 19 11 28 39 22 17 25 18 22 32 20 45 11 10 24 26 18 26 42 32 27 23 22 27 14 36 
28 21 35 18 25 23 32 32 22 6 15 29 27 24 25 18 19 16 35 29 26 29 14 21 31 36 17 20 25 11 28 18 11 14 12 11 14 27 25 26 26 20 42 29 10 25 6 24 41 19 29 36 16 30 44 17 20 20 27 21 
29 17 19 27 24 19 19 33 26 16 23 33 11 30 31 18 23 17 27 13 42 29 15 23 27 20 19 33 15 14 30 24 20 17 21 13 24 14 30 19 34 17 31 35 8 30 13 16 28 36 18 28 21 20 36 11 32 22 39 23 
18 18 23 20 29 21 16 42 29 22 32 36 22 13 28 16 34 20 38 25 28 26 5 13 38 4 17 9 16 21 22 18 20 15 22 7 31 31 27 22 20 8 30 28 7 33 19 29 31 30 11 32 42 19 28 17 22 36 28 30 
9 11 27 17 28 34 27 16 35 19 21 27 17 13 23 20 26 13 27 16 24 25 15 21 31 43 16 19 14 12 35 6 21 19 10 8 19 19 18 16 51 13 20 33 27 43 14 16 22 19 16 41 18 18 31 16 16 26 21 38 
28 19 17 21 19 22 13 15 31 36 22 32 14 19 36 13 27 18 26 25 40 16 16 18 31 21 14 20 34 12 43 18 18 15 21 17 23 21 25 23 17 12 30 27 27 58 25 25 23 9 18 23 18 17 27 11 22 29 23 23 
22 23 19 13 18 14 18 35 25 19 27 38 25 13 4 27 30 19 28 11 45 35 13 24 41 32 14 33 40 20 35 13 14 21 21 16 23 16 26 21 42 9 31 28 17 29 11 16 22 32 19 31 33 22 10 18 20 17 37 19 
25 19 21 10 22 35 16 23 24 27 31 31 29 22 20 17 30 13 37 28 22 17 18 12 18 23 14 22 17 16 23 26 12 6 23 12 25 40 26 24 39 15 6 29 20 29 9 18 40 20 25 29 28 15 27 21 22 26 40 30 
31 20 27 14 15 37 18 41 45 9 30 27 9 32 42 16 22 18 40 19 37 20 15 19 23 14 19 29 24 27 33 16 16 9 13 17 34 33 32 17 36 14 24 34 17 29 17 12 9 24 32 28 28 23 29 23 30 23 30 42 
22 24 27 25 8 19 22 26 25 27 36 28 20 32 18 17 36 14 30 29 17 31 17 15 25 51 14 26 44 14 30 23 14 26 13 11 17 20 9 17 27 11 34 31 18 31 12 17 30 18 8 34 20 23 26 16 17 24 26 16 
28 18 37 9 26 52 12 27 33 18 43 34 27 12 24 14 16 19 29 24 39 21 13 20 29 31 14 29 30 16 13 22 12 21 24 11 33 26 16 3 25 14 29 32 16 36 17 21 28 20 26 27 27 22 39 22 13 40 25 27 
21 22 25 13 34 27 22 47 38 22 30 26 25 24 18 14 27 17 42 18 30 23 7 16 27 28 15 30 7 17 8 27 16 22 24 14 23 22 17 16 28 12 31 13 19 14 23 22 43 23 11 13 26 18 23 17 10 17 20 18 
33 18 19 26 26 45 30 28 29 21 13 22 27 28 45 16 29 12 18 6 36 16 16 19 29 19 18 21 41 10 33 12 16 17 23 17 21 23 27 22 37 13 28 22 11 33 19 21 32 6 15 27 28 14 34 15 20 19 38 23 
34 14 31 27 16 22 22 10 28 23 30 28 26 22 15 17 11 13 22 18 15 28 14 17 42 33 7 35 26 11 29 16 16 22 29 21 27 30 20 20 23 14 35 25 12 37 17 25 19 21 3 21 44 18 31 13 19 23 18 30 
24 16 23 17 15 34 35 22 22 21 24 38 19 27 31 14 10 18 32 14 25 14 17 16 30 34 26 29 30 16 24 26 20 17 6 17 19 21 27 13 38 12 23 28 18 42 16 19 29 24 16 29 23 9 23 15 22 23 24 25 
26 21 41 15 23 28 30 42 29 20 21 28 19 24 23 15 32 11 33 30 21 33 12 16 30 37 5 26 50 12 32 22 11 24 22 16 17 24 17 13 11 16 24 13 19 22 24 23 44 30 23 32 29 30 27 11 12 27 31 28 
27 22 13 19 28 26 20 23 29 22 22 33 25 24 23 13 29 10 43 12 20 29 15 9 34 17 22 32 27 20 22 21 17 20 20 7 26 21 22 13 33 19 31 37 18 40 13 23 33 28 16 53 22 23 37 19 25 29 43 32 
21 19 26 16 22 37 25 25 33 15 28 37 17 11 27 18 26 15 18 21 18 31 10 13 24 26 20 39 46 12 38 21 12 26 15 9 19 22 22 16 26 14 32 21 16 18 20 16 40 19 21 22 43 30 41 12 20 15 24 26 
16 13 26 17 14 25 24 36 28 35 25 31 25 16 31 19 25 24 47 19 16 31 17 11 42 42 17 29 33 13 23 32 14 25 13 19 30 38 22 16 24 22 31 27 17 24 26 24 25 15 7 32 31 20 35 15 17 23 26 24 
15 19 27 20 19 27 21 24 41 33 23 26 28 30 26 23 17 11 23 24 35 27 9 20 31 24 15 22 26 17 29 20 8 21 8 20 22 20 17 20 35 8 28 32 17 26 18 24 37 19 11 34 16 23 24 15 17 29 37 41 
22 28 28 29 20 16 18 31 33 24 28 36 19 19 40 22 16 21 17 19 33 30 17 22 47 23 20 35 18 19 30 27 16 14 10 10 30 21 17 19 33 15 22 29 12 38 17 17 34 36 15 33 38 16 37 12 21 26 38 41 
22 20 21 19 23 35 40 13 25 32 33 49 22 29 14 23 23 18 27 20 21 26 10 10 24 21 15 30 27 17 28 26 16 12 26 15 21 26 28 13 42 13 29 32 9 41 12 19 22 13 14 34 27 23 18 22 20 26 50 39 
23 26 11 21 24 24 34 33 37 28 40 27 32 15 7 16 31 20 27 23 20 26 15 10 32 31 15 21 31 12 24 18 16 7 13 14 22 14 30 17 38 17 32 26 20 39 18 17 23 26 14 29 31 23 22 13 18 40 26 16 
10 19 25 30 24 36 20 32 19 30 25 26 26 38 25 19 36 16 38 30 29 21 18 11 16 46 17 19 36 23 36 20 12 28 20 19 33 17 20 16 20 14 26 26 21 29 15 12 23 21 12 28 24 19 30 9 18 23 27 27 
30 22 25 17 31 22 11 33 39 16 13 24 38 22 23 10 30 19 38 18 32 25 16 14 31 34 17 24 29 20 36 28 7 18 24 17 30 16 15 11 43 18 33 34 14 57 11 15 30 28 14 24 17 12 24 26 18 29 28 33 
11 19 28 23 20 23 10 21 37 30 36 19 13 22 25 13 37 18 18 15 31 23 16 20 26 33 13 21 40 12 25 21 12 19 9 11 24 29 25 17 35 13 17 17 18 19 14 22 31 23 18 26 30 25 35 13 22 25 15 25 
22 23 24 20 18 29 16 10 37 24 13 31 26 26 17 10 17 23 21 32 29 19 14 17 31 34 12 24 50 19 25 21 13 33 15 19 19 24 31 17 12 21 39 28 10 4 11 20 33 19 18 31 29 24 38 23 18 22 39 35 
26 20 25 14 19 40 25 31 33 26 20 25 12 26 43 14 22 9 26 18 22 27 17 17 26 28 14 15 34 16 12 19 19 20 18 12 33 18 17 11 40 14 19 30 14 50 19 16 37 20 16 33 28 23 23 19 24 23 9 32 
12 22 11 19 23 38 27 25 34 17 28 3 23 16 35 17 17 20 22 30 27 40 11 10 25 31 22 28 38 16 19 13 12 29 19 12 12 22 21 17 29 16 28 17 22 22 18 13 38 24 17 14 32 16 32 19 15 18 42 33 
22 22 28 19 22 14 26 40 28 37 17 27 27 17 34 26 21 21 34 16 28 42 15 10 21 36 18 22 28 13 41 17 15 21 23 14 24 33 28 19 35 9 24 23 18 34 19 12 27 21 17 34 20 17 21 25 16 24 10 28 
19 19 30 23 15 45 29 18 37 31 31 24 24 19 28 17 21 11 29 17 36 30 21 11 17 39 18 20 24 22 35 23 17 18 12 14 23 22 30 16 26 12 18 32 16 36 18 19 34 25 34 24 28 32 35 17 20 41 30 26 
31 20 15 23 15 29 15 41 27 20 40 18 24 23 10 17 23 19 34 27 37 25 16 19 28 11 16 26 30 21 26 17 18 21 23 12 23 19 18 14 30 18 28 21 23 25 17 13 26 25 23 15 34 20 26 11 19 31 16 16 
19 24 30 18 24 26 22 20 27 22 36 11 27 22 29 20 24 12 38 11 19 31 9 14 31 29 15 21 21 22 27 30 9 20 21 15 10 28 19 25 18 15 22 19 19 38 21 21 34 19 21 22 20 16 15 12 21 28 19 32 
23 16 26 12 13 28 24 37 24 12 23 30 20 27 21 18 30 24 40 21 23 25 20 13 21 17 16 27 40 16 22 27 14 17 25 15 16 26 36 23 42 19 30 24 11 28 20 17 26 26 18 30 32 24 19 20 25 18 27 20 
21 24 24 13 21 43 26 40 34 29 32 28 12 24 33 14 39 23 23 23 43 30 12 22 21 35 16 37 30 9 28 27 15 30 20 11 33 29 17 18 36 15 36 38 14 19 8 17 48 20 13 36 37 24 26 12 24 15 25 23 
18 15 23 21 22 31 18 28 26 37 25 26 36 32 38 19 17 14 26 27 32 15 10 13 20 42 18 36 20 13 19 25 18 22 19 23 32 31 5 17 23 10 25 22 11 40 15 13 34 18 19 35 33 26 26 21 14 43 20 20 
21 23 25 11 28 27 25 21 24 28 24 15 31 32 16 18 21 13 34 20 27 33 14 17 36 21 13 26 45 24 32 17 16 23 17 8 18 21 21 18 34 20 30 22 17 34 16 25 30 23 24 36 31 17 37 10 19 25 22 30 
16 13 28 12 29 21 21 35 24 29 34 8 21 17 37 14 26 16 35 13 37 31 15 22 22 30 21 32 28 18 42 28 12 12 18 17 28 24 29 17 30 13 34 19 23 36 22 12 32 23 21 21 19 19 26 14 23 22 29 32 
9 18 24 18 21 24 2 27 26 25 24 33 25 35 28 15 31 26 25 30 25 25 18 18 35 17 25 26 20 12 36 11 14 24 10 14 25 36 23 18 28 8 29 26 18 11 15 21 37 21 24 29 27 22 30 16 24 34 28 17 
21 24 38 20 25 26 30 24 40 29 38 32 27 24 34 17 31 19 25 13 26 35 16 10 36 25 24 31 18 26 28 12 11 26 18 8 40 14 36 21 44 14 39 32 22 24 13 17 50 33 17 25 30 22 32 17 22 43 25 18 
24 17 13 22 24 29 19 38 28 28 24 27 22 7 24 14 19 16 40 11 17 24 12 17 23 30 13 30 30 22 39 18 13 29 16 17 38 35 25 23 22 17 21 22 26 23 8 23 17 23 20 34 30 4 31 11 18 19 29 15 
26 19 22 15 21 15 14 20 28 34 13 32 22 30 21 23 35 14 26 32 35 20 14 18 34 29 18 25 40 29 42 26 11 14 18 16 24 29 23 12 34 12 25 39 20 40 14 23 23 24 20 33 23 17 18 12 20 25 19 21 
30 17 35 21 32 21 16 28 15 23 39 38 32 30 28 19 17 8 19 7 19 33 8 12 28 29 19 28 35 16 36 24 19 28 26 9 25 31 31 19 12 13 22 27 19 24 15 18 34 31 22 25 14 11 21 13 23 17 30 31 
24 27 28 15 26 44 31 23 27 19 11 29 25 26 33 16 29 18 33 22 34 26 10 24 32 19 17 19 38 14 48 26 18 20 14 14 37 23 24 13 6 15 24 30 11 34 6 21 48 11 23 29 27 17 30 15 21 31 19 30 
26 28 25 18 23 19 27 16 26 35 20 29 30 44 23 18 24 16 28 29 27 34 19 15 23 24 14 30 18 17 44 34 16 26 11 22 26 23 27 21 31 17 29 22 14 40 13 17 35 40 21 42 17 7 31 22 21 18 35 34 
35 23 20 14 18 31 25 25 25 23 41 18 14 18 35 14 12 20 28 16 42 46 15 19 15 26 21 17 32 12 37 19 19 16 21 10 17 21 24 14 33 21 13 25 20 40 23 8 27 24 13 39 31 12 34 14 19 31 20 17 
21 17 33 18 15 28 16 25 33 28 27 39 21 21 35 15 20 18 45 25 34 33 17 14 15 27 11 30 26 16 54 22 16 23 12 13 17 31 16 18 32 11 28 20 14 37 16 17 21 17 19 30 31 9 32 23 13 23 10 38 
13 14 14 17 22 26 23 29 37 24 22 27 20 20 31 17 18 14 29 19 36 27 15 16 29 10 10 28 21 22 27 19 19 31 12 13 21 20 24 18 18 21 36 34 24 42 15 19 37 24 21 28 21 17 14 23 19 29 24 23 
20 24 32 25 23 32 26 30 34 24 19 29 17 10 21 7 35 22 29 17 46 26 18 20 29 44 23 28 30 16 31 21 11 21 15 22 22 20 27 23 34 10 22 12 18 41 11 19 52 23 18 46 25 20 36 13 16 26 40 32 
31 18 10 20 12 28 20 41 34 31 27 19 22 20 50 27 31 10 30 28 40 31 13 13 39 47 6 32 23 14 41 18 15 11 10 9 35 39 18 17 44 13 27 22 22 34 15 19 22 27 15 33 28 16 19 21 24 29 31 29 
28 20 14 11 25 18 27 24 33 18 20 26 28 30 34 19 21 18 15 16 29 25 19 17 47 25 11 32 25 25 23 31 16 26 25 16 27 25 29 15 22 9 23 38 22 28 20 20 25 26 28 34 22 35 21 15 20 13 38 13 
15 17 27 21 29 35 17 25 30 20 19 31 26 13 21 25 25 22 32 17 28 28 14 11 31 51 18 17 43 18 29 27 18 29 22 11 20 19 23 13 33 17 29 21 18 30 22 21 28 16 20 38 33 31 33 14 14 26 42 35 
24 16 18 16 16 20 20 35 39 26 26 29 31 21 39 11 15 15 20 18 35 23 19 19 21 30 13 30 27 21 45 27 17 27 17 16 22 39 23 18 28 15 25 19 22 31 16 22 18 31 15 31 28 21 18 19 12 13 26 30 
26 16 38 19 28 25 15 48 14 32 19 22 22 26 38 18 32 18 41 10 26 34 17 20 33 35 13 38 21 7 22 37 10 27 23 9 32 28 32 17 20 8 20 24 18 9 15 6 27 18 17 25 22 19 8 13 30 24 21 19 
27 21 25 15 15 14 19 31 27 31 23 23 22 27 28 18 25 19 37 18 16 22 18 8 17 38 19 16 53 19 24 16 15 20 20 13 27 23 16 32 22 11 26 29 19 45 13 4 27 20 16 36 21 25 24 15 26 24 31 31 
19 23 14 17 12 34 28 24 24 19 34 22 23 34 33 10 33 14 23 19 36 15 13 8 40 31 14 21 14 21 27 14 19 23 14 21 23 26 15 16 48 14 25 27 13 44 21 16 31 25 18 26 30 20 26 10 26 23 23 35 
21 16 21 15 17 21 22 18 40 7 36 8 27 23 18 17 25 15 27 23 35 20 13 12 17 35 18 23 29 21 30 25 9 32 16 15 37 19 2 15 28 14 25 29 20 39 14 26 30 20 11 31 39 11 33 14 14 16 20 30 
15 25 33 5 26 39 30 30 18 23 34 31 28 19 30 22 27 11 29 5 31 22 16 15 30 21 18 19 39 22 21 31 16 28 20 16 19 24 26 26 21 17 27 15 22 24 12 10 29 32 15 24 32 27 25 16 19 22 22 22 
20 12 17 17 17 24 36 29 42 25 30 24 21 18 20 14 21 23 20 26 21 19 15 19 12 31 11 31 23 26 28 10 17 28 12 5 9 41 15 14 35 12 25 31 14 38 18 13 34 32 20 26 40 5 33 13 27 26 33 29 
29 15 23 9 25 34 22 30 23 32 40 22 21 26 16 13 23 16 31 14 22 33 13 13 20 17 17 22 39 19 19 21 19 13 28 19 21 22 23 20 25 10 24 23 21 23 14 25 25 17 29 21 32 20 24 13 11 34 32 19 
20 26 14 22 15 29 23 28 27 28 21 27 24 19 34 10 35 14 32 18 28 29 10 15 20 36 18 31 22 19 30 12 15 21 22 29 26 43 27 21 26 18 31 35 23 40 15 5 35 9 13 10 25 26 30 15 20 35 28 29 
24 25 18 20 17 34 19 42 35 26 19 21 10 22 32 13 32 24 36 19 28 11 18 16 34 38 17 22 30 21 43 20 12 20 19 18 35 25 18 12 29 10 11 23 24 32 16 18 34 20 12 34 16 25 28 17 11 31 10 33 
22 13 22 26 16 31 23 15 31 24 26 19 24 23 31 11 29 16 27 13 26 19 8 22 8 27 15 21 21 15 37 35 19 21 12 14 20 26 9 14 39 12 26 37 12 17 19 24 34 29 21 38 23 14 37 21 14 42 39 15 
28 14 14 7 15 20 20 27 42 27 47 34 23 4 18 17 30 21 32 20 30 25 15 20 29 37 10 31 35 8 43 21 17 23 16 16 29 32 20 21 32 22 35 24 29 43 13 9 22 28 17 34 24 14 24 16 16 33 19 19 
24 13 17 11 26 22 23 16 28 20 32 37 10 28 32 16 26 15 40 24 33 24 11 7 24 32 13 25 22 15 23 24 18 13 18 12 27 12 27 17 34 12 27 25 18 31 22 13 12 16 20 29 29 12 32 18 12 22 19 12 
23 27 22 12 35 36 27 26 18 21 28 27 21 30 14 24 27 19 16 24 33 24 13 13 27 33 16 33 51 3 14 29 16 22 14 13 22 38 13 20 25 17 34 36 19 41 18 19 20 21 15 31 34 19 14 15 16 24 13 40 
25 11 32 18 23 23 17 33 47 11 28 20 24 19 33 23 24 18 32 18 21 28 9 17 19 29 16 35 26 19 34 16 10 24 13 16 30 17 15 17 33 19 27 25 23 19 20 23 12 23 7 37 30 11 31 13 26 7 3 27 

MachineCapacities:
MachineID Capacity
0 10
1 10
2 10
3 10
