NumTasks NumMachines NumScenarios
25 3 30
TaskDetails:
TaskID ReleaseTime ResourceConsumption SuccessorsCount Successors...
0 0 2 6 3 5 3 5 6 8 9 
1 0 5 5 5 6 3 5 6 7 8 9 
2 0 7 7 10 3 3 8 9 
3 0 9 3 3 0 
4 0 9 7 4 3 5 8 9 
5 0 3 7 9 0 
6 0 3 6 7 0 
7 0 8 4 4 0 
8 0 2 3 2 0 
9 0 3 7 1 0 
10 0 5 7 3 4 15 16 19 24 
11 0 8 6 6 3 18 19 20 
12 0 2 8 2 3 18 19 20 
13 0 2 9 2 3 15 16 18 
14 0 1 8 9 1 19 
15 0 2 8 1 1 20 
16 0 9 6 6 1 20 
17 0 3 2 4 0 
18 0 5 2 3 1 23 
19 0 3 7 2 1 22 
20 0 6 10 8 0 
21 0 4 9 8 0 
22 0 7 1 3 0 
23 0 7 6 7 1 24 
24 0 2 7 8 0 

10 13 14 34 22 29 13 23 32 29 29 23 18 12 21 20 31 37 18 8 16 19 10 18 25 25 10 9 10 13 23 21 20 22 9 17 26 16 14 12 14 13 13 14 11 9 16 32 8 12 16 31 11 11 22 42 20 14 10 20 28 15 9 10 14 32 19 24 26 14 18 10 22 29 20 
19 13 17 13 27 20 8 29 26 23 24 25 16 13 20 15 24 31 26 11 9 24 14 19 24 23 9 16 17 30 15 17 16 29 10 22 20 31 13 11 22 17 10 16 15 13 12 27 11 11 10 26 15 14 22 14 15 28 14 20 23 11 13 15 4 26 20 31 27 12 10 6 20 22 11 
17 9 15 27 28 20 11 8 33 29 22 29 22 10 17 44 30 37 21 12 24 18 11 41 24 17 4 11 19 13 14 23 20 17 16 14 22 39 11 11 16 18 8 16 11 9 15 18 14 18 23 22 8 10 24 5 22 21 8 25 4 19 10 13 10 4 11 16 26 12 11 15 24 20 11 
16 12 5 36 21 24 12 15 16 27 34 28 10 10 18 34 41 30 28 10 15 25 17 21 13 21 11 14 16 30 22 18 14 28 10 23 21 27 13 7 16 18 14 14 11 9 17 25 6 9 11 27 9 15 19 28 17 39 10 31 17 31 10 13 19 35 15 27 19 8 17 12 25 27 12 
9 5 7 32 29 24 10 28 29 27 31 20 19 8 20 47 21 25 27 10 16 23 15 24 40 23 8 11 18 35 15 11 13 19 3 11 21 28 11 9 20 15 8 10 19 18 25 27 10 18 13 30 10 20 30 23 15 37 12 19 17 22 11 12 18 15 12 22 20 12 18 6 19 27 16 
11 11 15 26 36 26 12 20 7 38 32 15 17 15 27 39 43 30 19 17 16 10 9 21 14 24 6 8 6 21 16 32 23 25 9 8 20 31 10 12 8 22 12 18 10 20 13 20 8 12 13 8 18 25 10 22 15 13 18 20 22 26 16 13 25 28 14 32 44 18 16 11 27 14 18 
13 7 7 30 19 20 11 27 18 32 30 17 22 15 22 15 39 36 22 11 24 24 14 31 19 30 16 10 6 24 14 32 22 22 12 17 24 34 14 13 25 12 10 21 10 13 9 21 10 11 23 23 14 15 12 27 22 30 11 21 28 33 13 12 19 21 16 31 35 17 10 9 26 22 15 
16 7 17 35 40 18 12 32 36 30 39 7 16 19 7 32 17 32 19 5 18 37 9 21 28 19 14 15 13 20 17 27 22 29 9 26 26 22 13 7 23 17 10 11 10 20 13 32 12 22 16 35 10 19 23 26 15 29 10 11 31 19 7 12 31 15 17 29 35 18 18 14 22 27 15 
16 9 16 31 31 21 19 20 26 25 35 14 16 13 16 34 39 36 22 6 21 33 12 20 34 26 9 13 16 22 20 43 14 36 9 19 22 32 10 8 17 14 13 18 14 11 17 23 6 11 20 32 13 17 9 27 18 17 16 25 19 43 15 16 14 27 12 15 27 10 14 14 32 22 20 
10 7 17 26 23 19 17 31 25 32 35 16 22 17 22 35 14 16 25 13 20 14 15 30 32 14 11 10 10 30 14 32 16 12 10 11 13 19 10 8 23 11 17 10 8 19 17 13 11 9 22 32 12 15 14 20 15 30 16 19 17 29 11 17 22 33 13 27 21 10 14 12 18 20 17 
11 11 13 14 26 7 10 19 23 21 38 18 10 14 25 30 30 25 26 9 14 25 16 39 18 16 15 16 15 30 17 33 18 25 13 7 5 29 15 13 18 14 12 16 12 19 14 21 12 18 15 10 15 13 13 20 13 35 10 11 28 34 9 16 16 26 13 28 26 4 10 20 14 24 19 
13 9 13 23 16 17 11 19 20 7 25 32 23 10 19 29 31 32 26 13 17 21 13 29 34 26 6 13 11 30 15 36 19 16 13 7 13 28 13 10 18 21 10 17 15 17 14 25 15 19 13 34 13 19 18 22 11 39 16 23 31 28 10 14 22 14 15 45 16 10 13 12 23 31 8 
15 15 11 20 29 27 11 34 28 29 24 12 15 11 20 15 34 27 18 9 23 27 16 24 14 25 10 13 14 25 11 24 26 20 10 14 26 35 16 11 25 19 10 12 6 17 15 33 7 16 13 37 14 17 25 27 21 33 6 19 13 27 13 12 23 22 17 33 30 17 15 12 14 20 15 
10 11 14 22 23 12 17 20 19 32 25 21 13 18 21 18 26 35 29 7 10 25 12 34 42 27 2 14 17 25 16 19 25 20 11 27 13 18 18 12 20 17 11 23 10 18 10 36 10 15 21 34 21 14 18 27 18 24 9 25 21 22 5 10 32 34 6 25 31 10 10 9 22 26 15 
14 12 12 33 25 17 10 31 30 24 29 20 16 21 26 35 31 26 24 7 7 25 16 35 26 27 10 11 18 17 22 28 13 17 8 14 34 31 12 16 18 21 10 16 10 18 14 20 7 17 13 40 10 13 20 28 15 22 15 15 22 37 6 15 21 25 12 26 28 11 15 7 19 26 8 
17 16 19 19 23 18 15 17 28 29 37 26 14 22 24 19 30 33 21 15 14 27 12 29 15 29 9 11 16 26 19 42 9 15 12 12 27 18 10 11 9 8 7 16 12 12 18 25 12 18 12 19 11 13 24 23 16 40 9 30 14 29 14 16 16 23 16 44 21 8 20 17 21 19 19 
14 12 12 30 21 22 13 29 37 36 29 26 19 19 30 30 30 26 21 10 21 16 12 34 29 16 9 12 15 36 23 41 22 17 7 7 16 30 10 15 17 21 12 19 9 19 10 26 17 5 15 43 14 20 18 19 16 26 12 12 26 40 9 4 19 30 18 38 29 11 20 10 25 16 18 
16 13 9 30 28 23 17 23 20 23 34 21 11 9 30 42 23 41 28 8 16 21 10 27 19 17 11 13 16 22 18 32 25 23 14 14 24 21 8 9 16 8 12 23 6 16 11 22 9 7 19 37 9 7 26 31 9 29 22 24 3 30 9 14 19 15 10 17 20 10 16 7 28 38 16 
9 7 15 25 19 17 12 27 23 30 37 13 11 16 27 24 36 19 25 15 18 23 15 30 21 21 13 17 17 27 14 26 18 23 15 19 18 27 15 11 16 18 9 12 8 16 10 40 12 15 11 24 11 13 26 8 18 18 8 39 20 24 9 19 13 26 23 34 33 13 25 12 25 21 17 
19 16 12 39 20 28 12 31 21 29 43 17 12 12 21 28 27 24 16 12 14 26 11 53 9 13 14 14 12 25 26 22 21 23 19 17 18 22 14 10 16 17 7 17 11 15 12 25 7 16 13 28 14 17 20 20 24 25 15 18 32 24 8 10 23 28 24 35 22 19 19 10 38 33 14 
15 10 9 17 25 13 10 26 38 36 32 24 19 20 11 29 26 32 19 13 6 27 12 9 22 19 10 17 17 19 21 35 25 22 15 20 10 23 13 15 16 15 11 13 13 14 21 30 8 11 14 48 13 17 18 29 21 35 17 27 24 27 17 18 20 11 15 11 28 14 19 8 24 28 13 
14 13 15 31 20 25 14 17 28 36 33 25 22 21 19 30 32 25 23 10 22 22 15 22 34 28 10 11 23 19 21 13 19 25 14 15 27 31 14 10 23 19 8 20 12 24 16 24 11 13 15 28 5 11 26 23 18 44 14 34 26 15 12 14 19 30 14 31 31 9 20 16 24 12 19 
10 5 12 37 24 19 12 19 18 32 27 22 22 19 17 17 35 30 17 9 19 14 10 39 23 21 11 12 14 19 13 31 16 19 8 27 26 22 12 4 21 17 11 13 18 12 14 31 10 13 15 43 13 13 18 11 27 7 21 29 18 18 11 13 24 24 14 21 15 15 15 12 26 25 18 
14 9 16 27 26 26 11 30 27 31 38 21 15 13 27 13 29 18 27 11 20 22 16 26 17 17 14 10 14 19 16 29 15 28 8 26 27 38 7 11 16 13 10 15 7 13 12 26 8 15 14 26 8 20 27 20 20 32 12 27 30 22 16 13 23 28 16 24 12 12 15 10 31 9 13 
8 10 2 34 28 26 15 24 23 42 22 11 20 14 24 42 26 24 17 7 17 20 9 51 24 24 9 10 17 20 21 33 18 32 8 8 13 17 13 10 15 12 9 16 8 6 20 22 8 14 8 18 10 13 30 30 22 34 15 23 14 29 13 12 14 23 21 22 24 13 24 15 26 15 21 
9 8 8 26 24 19 14 29 21 35 26 22 17 19 12 44 37 8 16 13 23 19 18 26 33 16 15 14 8 18 18 28 17 31 11 10 16 27 14 11 18 13 9 18 13 15 16 12 9 20 15 20 12 14 19 13 22 18 9 28 21 33 9 20 16 26 12 11 29 9 13 13 35 33 20 
13 10 17 30 33 19 12 31 35 23 30 15 21 15 20 30 30 19 22 7 13 25 10 16 28 22 8 9 13 29 16 37 17 19 9 18 26 23 8 12 10 19 12 11 13 12 16 25 11 9 20 25 12 20 15 31 17 21 8 18 14 29 13 12 12 24 9 37 33 17 15 12 28 29 15 
16 13 12 38 31 25 13 27 40 35 23 29 9 13 25 25 31 13 21 8 21 31 13 23 15 26 10 6 22 36 11 29 14 10 15 31 15 27 12 8 12 15 13 21 12 18 13 32 11 12 17 34 14 9 30 24 13 30 15 34 13 26 11 10 25 35 22 36 28 12 13 12 18 28 16 
17 8 10 7 22 19 16 15 12 20 30 17 15 20 27 30 33 35 24 8 17 13 6 28 20 26 4 14 20 25 16 28 18 15 8 16 31 36 10 15 8 19 11 14 7 17 20 19 14 15 13 30 7 16 24 32 22 44 21 23 26 27 14 3 23 33 15 29 30 13 13 10 24 10 16 
9 12 9 31 31 19 13 23 29 29 44 25 17 9 26 39 23 37 28 13 10 30 20 31 28 17 11 10 15 34 18 41 16 30 12 19 17 30 12 14 18 21 12 17 15 15 18 30 10 13 16 22 7 13 17 18 19 26 6 23 20 26 11 12 19 39 12 15 20 18 17 12 22 27 20 

MachineCapacities:
MachineID Capacity
0 10
1 10
2 10
