NumTasks NumMachines NumScenarios
25 3 30
TaskDetails:
TaskID ReleaseTime ResourceConsumption SuccessorsCount Successors...
0 0 9 3 7 4 8 11 15 16 
1 0 9 4 4 5 9 11 12 13 15 
2 0 3 4 3 7 4 5 8 9 11 12 15 
3 0 10 2 5 5 4 5 10 12 14 
4 0 6 8 1 3 13 16 17 
5 0 3 8 5 1 19 
6 0 7 2 4 3 13 14 16 
7 0 3 8 8 3 15 16 19 
8 0 4 7 1 2 13 14 
9 0 6 1 9 1 19 
10 0 7 4 8 2 15 18 
11 0 3 5 8 0 
12 0 7 2 9 1 16 
13 0 9 9 3 1 19 
14 0 9 4 8 0 
15 0 6 6 5 0 
16 0 1 6 4 1 18 
17 0 6 6 6 0 
18 0 4 7 9 0 
19 0 8 8 10 0 
20 0 4 5 3 1 23 
21 0 7 9 1 1 24 
22 0 5 9 5 1 24 
23 0 9 3 3 0 
24 0 3 9 3 0 

25 11 19 14 12 24 29 48 16 13 16 9 32 25 29 29 25 23 9 18 6 17 18 19 13 18 35 12 26 13 14 14 9 34 32 31 13 17 22 35 17 18 14 17 25 24 12 17 22 25 15 5 21 14 11 17 35 27 15 11 25 23 29 9 18 9 19 15 22 19 17 10 38 21 37 
20 24 26 18 14 25 26 20 30 28 15 6 34 18 25 29 16 20 19 26 10 13 16 24 12 29 31 13 15 14 23 20 14 40 21 24 11 28 14 24 16 36 8 8 18 20 15 21 18 24 35 19 28 14 9 17 32 29 13 5 25 17 21 19 10 9 7 10 22 27 44 19 28 16 22 
12 21 29 26 17 19 23 27 35 21 12 7 31 24 11 18 17 22 17 32 17 15 21 26 16 17 35 13 11 11 22 22 7 33 24 26 15 32 20 6 12 31 10 16 19 18 15 17 24 22 19 15 34 11 8 19 35 23 19 14 22 18 34 18 28 12 24 5 24 16 30 16 22 19 25 
20 14 22 20 16 28 29 30 13 18 7 11 23 35 32 20 9 37 13 9 18 17 29 28 17 41 36 13 33 18 12 33 9 17 33 26 12 19 20 16 14 26 12 12 16 16 9 15 25 37 16 10 31 15 9 22 33 33 16 12 34 26 12 13 32 7 24 10 15 10 26 8 28 14 23 
27 21 28 14 14 21 36 27 34 15 14 8 18 33 20 24 31 22 18 28 13 15 17 19 15 17 32 14 17 13 23 28 6 19 26 25 10 17 9 35 9 19 9 9 15 22 17 13 16 37 20 11 31 10 13 15 38 33 20 11 40 19 25 24 34 10 20 6 16 14 24 5 14 28 23 
30 23 21 20 15 27 31 29 30 15 11 10 34 24 43 25 16 16 24 20 5 23 26 31 12 16 23 13 30 14 27 33 7 43 22 26 16 29 24 20 19 26 10 12 19 11 14 14 21 36 14 23 26 14 15 21 14 23 18 9 13 19 28 25 31 14 23 11 14 19 30 8 13 24 33 
26 12 15 17 18 29 27 21 39 9 8 13 30 33 10 22 16 21 22 34 15 13 23 18 15 12 27 5 14 13 8 32 11 15 22 27 13 25 34 33 21 28 17 14 11 13 18 18 25 27 13 19 28 6 13 18 22 29 11 12 18 20 23 11 14 9 22 11 17 21 26 20 34 29 33 
20 28 20 13 28 29 19 35 17 29 15 11 19 15 17 31 16 17 29 22 12 19 31 32 14 20 29 12 34 11 21 25 8 18 18 14 9 26 13 11 24 10 11 13 14 13 14 22 11 24 20 12 23 12 8 23 26 21 20 11 27 12 18 15 18 13 13 15 22 28 21 17 50 18 28 
20 19 25 16 16 9 26 18 25 11 16 13 31 36 27 29 23 18 23 26 14 21 17 24 15 26 9 12 32 17 15 16 7 23 34 14 11 22 20 23 13 35 14 12 13 11 14 16 18 23 15 12 31 10 10 10 37 32 16 12 28 21 21 12 44 11 19 11 23 19 29 9 38 30 12 
23 13 20 14 15 27 25 24 44 22 13 10 39 30 19 29 8 18 14 23 26 23 31 26 15 37 33 12 15 17 16 26 10 21 21 19 18 16 12 23 16 23 12 15 18 14 11 17 21 41 32 11 31 13 13 8 25 30 16 6 16 21 29 21 32 16 23 11 29 17 21 10 32 16 22 
18 25 16 7 20 26 24 25 32 25 14 18 43 35 28 16 17 29 24 37 18 23 16 34 14 30 24 20 27 14 16 32 10 5 22 24 20 17 2 26 20 14 13 18 20 15 13 23 23 32 32 13 36 15 11 18 27 26 27 10 27 16 24 15 24 8 13 8 20 11 13 16 26 19 20 
23 12 14 13 20 13 43 22 29 12 13 12 31 36 27 23 10 18 22 7 19 22 21 31 12 25 35 17 7 15 22 19 9 25 37 16 9 15 19 24 22 23 12 10 13 16 9 22 22 10 23 12 29 16 12 16 25 35 17 6 27 18 24 20 24 11 20 15 15 8 33 12 45 16 18 
14 15 17 22 12 25 36 22 26 15 12 12 31 39 27 26 28 15 17 12 17 15 23 23 9 46 13 14 37 15 21 30 11 33 26 14 13 17 8 15 26 28 11 15 18 9 14 16 13 38 28 15 28 12 9 14 14 40 19 12 20 23 21 6 24 9 18 9 23 19 44 8 26 21 23 
24 19 18 15 11 17 27 32 42 22 11 13 39 23 21 30 20 25 19 27 21 22 22 30 13 28 29 17 33 12 30 24 9 28 17 23 14 28 18 26 18 31 6 13 18 16 16 18 16 35 10 20 36 9 13 15 24 29 14 13 20 25 21 20 18 10 15 10 21 18 23 14 30 7 38 
15 23 28 23 18 27 27 40 29 7 15 18 29 22 46 25 18 11 17 16 12 16 14 27 11 41 40 18 22 12 30 22 11 47 31 25 9 27 18 29 26 10 10 10 15 18 12 17 16 33 22 18 34 16 7 16 28 21 11 17 17 10 16 22 37 11 17 11 19 15 36 12 42 22 23 
13 32 19 14 13 18 34 31 27 15 13 13 19 21 27 27 25 30 7 33 15 12 11 25 19 22 34 13 35 17 15 27 4 12 22 15 13 14 16 22 26 42 7 12 14 6 17 26 22 28 19 16 25 12 16 16 34 12 16 6 23 12 30 16 23 7 11 9 12 19 28 13 27 23 36 
22 25 27 21 19 23 24 24 41 20 9 6 39 35 21 30 20 30 23 27 15 14 24 26 13 21 31 14 22 16 14 13 5 39 12 18 14 15 17 16 25 13 14 14 25 12 12 24 15 38 14 13 18 17 10 21 29 25 18 8 29 15 23 17 36 8 12 12 16 29 16 12 19 20 39 
16 36 25 14 17 12 40 30 35 15 11 8 34 11 30 20 20 11 8 11 14 24 20 24 14 24 25 17 21 9 16 38 11 29 24 23 11 23 15 21 23 29 9 13 28 9 9 16 18 34 28 19 35 13 10 12 23 32 17 11 20 14 22 17 26 15 28 9 21 25 28 8 13 25 26 
11 20 14 13 11 19 42 34 22 16 11 13 31 40 34 23 17 17 19 18 17 15 27 18 10 27 34 15 20 13 17 22 14 28 25 22 13 21 13 25 24 12 9 16 23 20 10 32 20 24 23 15 18 12 10 18 38 27 11 8 31 12 20 14 24 9 22 10 15 15 30 13 24 24 34 
24 24 24 23 14 26 31 30 28 22 12 7 33 33 40 24 27 20 19 29 14 15 24 30 8 33 21 13 30 16 17 26 9 36 20 19 11 25 14 20 21 25 11 11 20 14 16 22 12 29 28 14 22 6 7 16 25 39 24 12 12 7 17 23 13 9 10 9 28 14 25 6 32 24 18 
17 24 20 15 18 15 36 15 21 12 13 8 27 43 26 25 6 26 25 21 17 18 17 28 17 27 33 9 26 13 12 28 15 25 25 27 17 26 18 25 23 23 8 12 31 11 13 22 16 21 33 10 24 13 14 13 45 37 27 11 27 18 22 17 33 7 11 11 12 10 28 13 41 27 38 
21 18 17 20 15 25 33 44 25 21 12 9 32 36 31 14 17 15 21 29 15 7 20 26 9 28 30 8 12 18 21 20 7 26 32 28 15 14 18 23 22 24 7 14 19 19 12 11 14 49 24 14 20 10 10 24 21 35 16 7 16 15 21 20 25 12 25 13 25 19 29 11 44 33 16 
20 23 23 13 16 14 32 18 28 13 7 8 29 30 20 17 16 13 16 33 14 19 13 26 16 19 21 10 32 10 16 32 10 42 34 21 12 15 18 16 24 33 8 11 18 19 14 31 14 16 18 16 43 12 14 20 20 23 19 6 16 19 22 17 34 12 24 12 20 21 34 13 21 20 32 
17 13 18 16 13 13 23 28 3 16 10 10 40 38 27 20 28 32 6 20 11 17 33 21 13 31 30 9 23 11 18 18 16 28 25 12 13 29 19 18 17 31 10 18 23 7 11 19 19 36 21 14 28 9 5 18 27 42 18 17 17 19 24 18 29 10 15 9 22 21 28 14 33 20 32 
23 19 18 14 9 21 30 37 38 15 14 12 20 37 44 19 12 3 15 30 14 7 23 25 16 34 40 14 21 15 22 24 9 35 16 15 19 23 24 34 19 33 10 17 13 15 15 17 22 34 26 15 18 12 8 14 17 14 19 12 15 18 14 15 39 8 26 9 24 20 14 15 28 15 41 
18 28 19 10 12 21 27 24 33 21 11 8 37 36 40 22 19 19 25 25 18 25 24 32 13 37 16 14 34 17 17 20 13 28 38 20 9 22 18 21 13 14 10 11 12 21 14 24 20 33 32 16 23 10 16 19 32 22 12 5 28 20 21 23 22 8 32 8 20 28 30 14 52 21 38 
23 24 24 23 16 27 22 27 28 13 9 12 31 33 35 26 13 30 22 28 8 15 15 23 11 27 27 10 15 12 23 19 8 22 13 13 14 24 21 22 19 28 10 10 23 11 16 22 18 34 6 20 40 12 8 24 11 18 15 4 28 16 13 16 22 12 14 13 28 16 16 8 22 24 40 
24 19 11 10 23 20 31 25 26 16 16 12 38 28 42 25 24 11 21 29 16 15 21 33 10 47 34 16 28 12 28 35 9 29 29 21 14 28 29 29 28 36 8 17 16 24 11 15 10 27 23 18 39 13 12 12 33 18 13 14 24 14 22 8 21 4 18 6 18 24 32 16 23 25 32 
25 25 26 16 11 29 43 19 26 23 11 9 24 50 22 37 19 20 19 28 17 14 20 29 15 28 29 15 24 8 20 28 13 8 18 15 9 21 21 29 18 25 13 15 8 17 10 16 27 19 11 15 20 11 8 12 20 27 20 11 18 21 30 18 16 8 15 7 20 13 43 12 21 18 12 
22 32 28 20 21 16 30 22 31 12 17 7 22 21 19 27 32 21 24 25 12 23 22 29 11 29 38 12 30 13 13 27 11 31 32 26 12 16 11 14 17 27 13 12 18 12 15 16 22 20 24 20 26 14 12 14 23 24 15 10 22 25 13 22 28 14 24 6 21 18 30 13 30 22 24 

MachineCapacities:
MachineID Capacity
0 10
1 10
2 10
