NumTasks NumMachines NumScenarios
10 4 10
TaskDetails:
TaskID ReleaseTime ResourceConsumption SuccessorsCount Successors...
0 0 3 3 6 3 1 4 
1 0 7 5 3 3 2 2 4 
2 0 6 5 4 9 0 
3 0 8 2 7 1 0 
4 0 5 7 7 3 0 
5 0 9 10 8 8 1 9 
6 0 3 10 10 2 1 9 
7 0 3 2 1 4 0 
8 0 5 9 7 8 0 
9 0 6 8 10 6 0 

23 28 25 24 13 13 25 16 14 14 12 31 39 20 19 28 18 36 25 15 7 23 27 27 13 33 19 13 27 14 14 10 22 22 15 20 15 26 19 25 
28 32 12 20 9 13 15 36 25 9 18 24 8 15 13 29 19 28 35 25 16 29 20 29 11 33 6 19 27 12 14 14 34 15 15 17 12 26 34 20 
22 22 18 24 12 15 12 23 28 14 31 24 20 18 9 40 21 35 24 21 25 37 14 30 13 22 12 17 36 15 10 13 35 15 15 9 8 27 28 24 
23 30 13 17 17 14 28 32 27 8 22 30 32 22 23 28 23 32 26 14 24 29 15 36 8 32 20 9 18 16 10 14 22 20 12 26 18 25 26 39 
35 31 21 13 9 12 25 16 22 6 28 43 30 17 20 36 18 26 21 19 13 27 25 31 9 31 20 18 40 19 9 19 26 22 12 15 12 27 30 29 
35 26 25 30 13 13 6 27 28 11 23 32 31 14 14 48 22 26 26 18 30 38 10 30 9 19 22 14 22 16 7 15 26 22 21 8 11 16 23 20 
32 27 18 24 12 13 26 30 18 7 17 31 16 14 16 44 8 36 20 11 17 46 29 29 9 18 15 11 23 15 7 12 24 13 14 15 14 18 23 17 
27 27 18 23 19 12 21 22 23 10 25 14 21 14 23 32 14 14 19 22 36 27 26 39 7 41 16 18 21 13 9 16 37 19 10 9 13 9 22 29 
15 23 20 27 12 8 26 19 35 13 27 37 24 19 20 29 18 31 28 23 18 23 14 19 13 26 12 17 26 24 8 16 34 11 15 22 12 20 24 27 
22 32 17 22 14 12 27 22 30 12 28 12 23 11 19 34 21 17 26 18 28 27 25 24 11 27 21 17 27 16 9 14 19 15 12 19 10 18 32 24 

MachineCapacities:
MachineID Capacity
0 10
1 10
2 10
3 10
