NumTasks NumMachines NumScenarios
10 4 10
TaskDetails:
TaskID ReleaseTime ResourceConsumption SuccessorsCount Successors...
0 0 3 3 6 10 2 2 3 
1 0 7 6 1 7 0 
2 0 10 9 9 7 0 
3 0 5 3 5 4 0 
4 0 2 10 3 6 0 
5 0 6 9 3 8 2 7 8 
6 0 2 5 3 3 0 
7 0 5 7 7 1 0 
8 0 5 1 10 7 0 
9 0 7 2 5 2 0 

28 4 7 7 19 30 18 8 36 13 11 17 15 20 19 26 15 19 29 18 17 22 33 23 19 20 33 11 15 17 17 29 17 44 28 22 33 25 17 10 
46 5 14 14 20 30 14 9 34 19 25 16 23 17 25 29 20 8 21 17 21 19 16 17 13 26 31 10 13 26 4 23 21 33 23 23 15 15 20 10 
29 8 10 22 18 30 25 14 19 18 11 14 24 18 32 18 11 20 17 21 4 22 31 20 33 26 36 8 12 19 22 25 15 36 30 19 32 17 21 13 
26 11 12 20 15 31 17 8 29 19 32 15 26 7 25 22 13 18 17 23 15 17 16 9 16 16 43 9 10 12 26 30 18 30 35 27 14 11 18 10 
15 7 10 9 13 26 23 8 25 14 10 11 23 21 16 28 13 8 29 19 27 35 32 23 31 21 20 10 10 36 19 10 27 22 33 14 22 17 26 13 
41 12 15 17 21 25 29 8 28 15 24 20 24 20 21 25 13 14 22 15 16 19 33 20 19 22 29 8 14 16 28 21 17 31 16 14 17 11 19 9 
25 10 8 14 11 36 19 17 27 22 33 11 33 22 29 32 12 17 29 23 22 34 29 5 27 16 44 5 7 19 15 29 18 35 23 14 23 16 7 8 
31 9 12 13 11 26 13 6 28 10 27 16 22 19 24 25 13 14 23 19 37 10 17 9 24 22 19 11 12 27 37 31 13 22 23 26 29 21 10 9 
24 9 15 11 17 28 15 10 30 27 17 9 25 15 31 21 15 17 15 16 28 15 29 23 30 23 20 7 8 24 30 20 6 36 34 15 34 14 23 7 
43 10 18 8 11 37 3 11 34 26 33 15 22 17 17 25 14 25 33 23 31 36 19 21 25 14 29 9 15 18 24 24 16 24 26 6 32 12 21 7 

MachineCapacities:
MachineID Capacity
0 10
1 10
2 10
3 10
