NumTasks NumMachines NumScenarios
20 4 100
TaskDetails:
TaskID ReleaseTime ResourceConsumption SuccessorsCount Successors...
0 0 7 9 2 6 1 1 
1 0 5 5 1 4 1 2 
2 0 2 1 8 6 1 4 
3 0 2 9 3 2 1 4 
4 0 3 8 1 2 1 5 
5 0 4 4 3 9 2 6 7 
6 0 8 10 8 5 3 8 9 10 
7 0 1 2 7 8 3 8 9 10 
8 0 5 7 8 8 1 11 
9 0 9 6 5 3 0 
10 0 6 5 9 4 0 
11 0 2 2 6 4 0 
12 0 3 5 3 9 2 14 16 
13 0 5 6 9 4 1 16 
14 0 5 7 3 3 1 15 
15 0 4 5 1 3 2 17 18 
16 0 6 9 1 1 2 17 18 
17 0 2 4 3 2 1 19 
18 0 9 3 9 7 1 19 
19 0 5 2 7 10 0 

16 17 17 20 12 20 35 19 19 33 18 17 20 27 28 22 22 33 18 22 9 37 22 19 25 14 22 15 22 21 16 19 17 37 25 16 17 37 16 23 6 14 20 20 46 23 28 21 24 26 13 21 27 21 22 28 26 23 26 15 36 39 15 16 17 29 37 26 28 12 19 23 18 14 23 37 20 18 25 34 
27 20 25 20 8 24 31 20 22 41 20 24 34 25 20 20 25 27 21 24 13 24 15 20 13 16 26 30 37 30 22 29 19 42 24 16 11 14 31 17 21 21 44 20 31 16 24 16 13 14 23 35 29 13 18 30 18 20 40 20 42 27 32 9 23 13 40 30 33 19 31 22 26 20 23 42 40 21 22 14 
19 12 43 17 8 28 28 23 23 28 6 23 33 23 24 29 29 23 23 41 19 16 15 25 13 29 20 31 28 25 10 35 19 38 28 25 16 22 18 21 7 14 24 35 45 21 23 23 21 31 30 27 19 24 14 22 8 23 32 20 25 11 17 11 16 13 17 24 22 17 22 20 34 18 24 28 15 14 25 42 
24 26 28 19 17 28 36 29 19 34 16 13 20 35 28 22 22 23 22 39 25 17 11 39 11 18 11 21 11 13 20 27 9 22 47 23 23 28 28 12 10 19 23 28 21 12 22 19 29 35 40 35 19 19 20 20 22 19 35 24 10 27 26 15 17 20 17 21 20 13 23 29 29 15 19 26 45 21 23 31 
26 20 30 21 19 25 23 24 29 19 16 13 32 26 27 17 22 19 20 30 23 27 18 40 20 25 22 32 27 26 17 31 21 26 37 19 21 22 21 9 16 27 33 30 15 20 25 9 27 19 27 22 30 9 19 15 25 23 27 21 27 24 19 16 19 3 29 22 26 19 41 34 28 27 16 26 34 23 22 27 
18 12 35 9 13 31 17 16 28 25 10 37 21 24 26 27 19 27 40 29 23 10 20 33 23 28 15 20 25 31 21 25 25 33 27 29 25 21 33 15 9 20 30 31 30 31 33 20 23 31 31 35 26 24 17 26 35 22 25 28 34 29 25 14 20 13 22 30 22 16 19 19 17 18 13 13 34 31 14 31 
24 14 39 17 11 35 24 33 18 28 14 19 26 25 15 18 33 26 21 24 10 28 18 29 15 25 17 24 31 18 8 18 16 36 23 24 14 17 30 10 21 27 34 29 25 23 21 25 7 4 39 18 24 28 31 39 14 17 19 23 29 27 29 14 21 17 26 19 22 20 36 21 36 23 13 34 27 20 20 33 
26 21 28 14 18 36 10 38 20 24 15 28 26 15 16 18 27 25 18 31 18 30 14 23 28 38 22 15 25 18 23 20 21 38 29 7 22 29 24 19 20 12 26 24 26 30 33 15 22 33 23 23 23 15 19 24 17 17 32 22 48 22 29 14 20 8 42 21 23 13 7 21 26 22 22 17 23 18 12 42 
31 15 33 21 12 48 35 32 15 22 20 17 16 11 22 25 21 33 34 23 16 22 13 34 19 20 27 30 27 28 18 21 29 29 18 21 25 23 27 18 21 25 22 17 29 17 20 13 22 31 29 37 11 20 35 22 22 21 31 30 46 33 16 11 12 15 37 23 36 13 17 21 14 31 19 26 33 24 23 35 
23 21 32 18 20 35 26 44 17 22 11 18 26 21 27 31 20 23 17 28 17 26 13 29 20 26 24 10 12 17 27 22 14 20 30 26 15 27 29 14 21 26 25 25 21 12 17 17 28 21 26 22 22 19 15 27 32 27 27 39 17 26 23 19 18 23 24 32 13 21 33 22 36 19 16 21 26 26 17 30 
23 12 13 15 16 34 27 26 19 33 20 14 19 16 12 22 23 29 21 24 10 16 11 32 19 27 32 21 38 33 23 26 25 31 29 37 17 12 22 20 24 19 34 30 20 21 19 13 22 30 26 36 33 17 27 26 27 22 18 30 41 36 28 16 22 16 24 28 13 18 22 29 24 22 5 34 6 16 13 32 
18 18 38 16 19 35 18 37 10 40 19 16 27 5 26 15 35 27 23 18 23 19 18 27 19 29 20 27 24 13 22 32 17 35 16 18 22 24 22 19 20 21 29 17 27 22 27 14 15 34 28 46 29 19 19 23 18 24 21 24 18 23 17 18 19 18 32 37 24 16 30 21 38 29 20 34 40 18 24 30 
21 18 31 13 19 22 21 29 23 7 21 26 29 27 20 9 30 20 19 30 20 19 14 13 25 21 23 41 18 32 25 17 10 43 28 29 18 25 30 19 22 15 26 40 40 31 13 16 11 27 22 32 34 14 15 21 10 17 29 18 34 20 23 20 31 27 19 31 18 7 24 26 28 22 6 35 26 23 25 36 
28 16 17 22 13 27 34 15 15 31 17 15 34 28 23 22 13 19 10 28 22 24 14 24 22 25 21 27 30 17 24 28 14 23 18 20 12 27 35 13 9 11 29 43 24 18 23 16 26 20 27 40 37 11 17 15 20 15 27 28 37 37 29 22 22 21 29 31 20 15 38 27 38 20 18 25 35 19 3 40 
12 32 37 17 15 42 41 33 15 32 18 20 33 16 26 25 26 29 39 23 14 17 10 35 20 24 26 19 29 20 14 17 24 30 27 31 17 26 35 20 15 14 9 14 39 18 12 21 9 17 26 17 29 20 18 22 14 18 20 28 23 27 35 16 18 19 20 32 27 17 35 28 23 24 14 44 38 15 25 32 
22 18 24 22 15 27 28 18 23 29 14 24 20 23 19 10 13 30 32 29 20 26 18 19 13 20 38 13 43 42 28 28 17 26 23 31 13 13 26 20 15 15 33 30 41 32 25 12 20 31 36 19 16 24 29 26 21 15 38 13 42 25 31 13 17 23 32 26 26 11 25 28 14 24 15 31 39 12 26 14 
27 10 31 14 20 35 22 37 15 22 25 21 20 9 25 15 25 20 35 31 13 19 8 27 25 28 25 24 21 28 8 23 18 28 25 8 15 33 26 20 21 19 27 23 34 10 25 18 24 31 15 40 22 23 16 19 7 18 18 23 28 29 30 17 20 11 20 27 21 12 25 30 34 14 8 25 47 35 25 19 
29 23 39 19 22 25 29 28 11 23 19 17 22 8 25 25 30 31 37 21 25 29 14 27 24 8 20 28 23 28 15 25 19 43 41 33 19 20 13 17 22 22 29 26 37 11 30 11 17 37 14 28 27 18 13 27 28 19 21 29 30 17 49 21 24 16 32 36 23 15 39 36 34 18 17 24 21 22 17 27 
20 19 24 16 25 28 40 41 14 40 25 20 27 19 28 21 27 28 12 30 24 29 13 27 16 36 27 23 41 23 17 25 30 37 26 26 21 36 37 12 13 7 34 44 23 16 14 13 17 30 35 38 23 22 10 30 16 17 20 15 31 22 26 13 28 17 29 26 25 10 25 37 22 17 21 39 24 16 21 48 
27 27 40 22 11 33 26 35 19 22 28 23 25 21 16 20 23 29 17 25 17 29 12 28 11 18 25 33 23 25 20 20 23 27 25 34 18 29 35 19 12 16 25 30 34 21 23 24 20 22 31 22 30 20 25 28 17 26 33 31 8 32 42 8 20 20 28 22 25 14 41 38 32 15 13 27 16 26 30 34 
21 18 21 17 15 28 29 16 25 33 18 23 11 27 27 32 29 18 28 21 23 26 14 35 20 28 15 19 33 24 18 21 19 31 28 21 18 17 30 32 23 31 30 37 31 26 21 25 23 34 26 24 38 26 16 20 18 23 19 27 17 13 24 17 23 16 46 23 30 11 32 33 20 19 27 44 33 20 14 34 
31 17 45 12 13 34 31 17 15 33 15 25 16 17 20 12 23 23 18 34 21 26 8 40 31 17 22 12 39 33 19 31 25 26 19 25 24 26 44 18 10 21 24 36 22 29 27 18 19 33 12 27 23 17 25 17 25 13 23 21 30 28 33 19 20 18 28 23 25 11 28 20 26 10 24 35 26 26 23 37 
21 13 31 23 20 37 29 31 13 45 11 18 26 35 18 11 25 21 18 33 23 29 17 35 8 25 20 25 37 24 12 26 27 32 37 27 24 17 37 13 14 22 42 30 29 8 20 8 20 22 26 30 18 19 8 20 19 27 30 15 31 23 18 16 11 19 22 43 30 15 26 30 19 15 18 21 28 23 18 43 
22 23 16 10 11 14 30 35 19 32 20 14 25 16 12 17 24 28 30 21 21 23 18 20 23 15 25 33 61 38 20 27 21 42 5 30 19 31 22 13 18 19 35 24 35 18 24 13 11 18 16 32 29 18 22 36 21 26 17 25 37 33 26 11 19 5 27 30 12 16 22 23 25 21 36 21 28 25 23 15 
15 18 31 23 15 43 35 21 10 19 28 18 17 18 20 18 25 24 30 27 22 29 17 32 18 16 23 27 34 14 22 29 20 25 23 31 21 20 27 11 19 19 20 20 24 21 21 19 20 18 24 29 13 21 15 27 26 20 23 28 35 22 35 13 4 16 23 39 30 17 14 28 10 20 12 24 17 22 18 23 
22 29 34 27 18 27 22 23 15 38 20 27 28 28 19 17 25 6 29 29 24 24 19 18 33 23 27 41 44 27 14 20 13 31 35 26 15 15 17 21 20 17 33 31 28 20 26 22 14 12 33 28 27 25 16 22 29 21 40 17 26 27 32 13 20 15 23 26 16 14 37 28 29 31 16 22 37 22 28 39 
29 12 20 20 18 25 30 32 22 23 17 33 30 29 25 26 28 27 33 24 10 27 10 36 7 25 22 28 29 15 13 25 16 47 30 22 25 30 27 14 19 11 24 27 34 14 28 23 20 14 34 41 16 25 31 27 24 28 25 29 43 17 23 13 27 7 22 29 16 12 34 23 26 16 17 20 36 26 20 23 
25 18 19 16 13 38 33 19 20 36 21 19 29 36 18 26 20 30 27 33 22 26 18 23 19 38 32 31 23 22 20 26 27 24 16 32 15 27 28 15 21 12 41 22 22 12 28 25 14 25 23 19 35 21 24 21 12 18 22 22 26 31 22 23 21 30 36 34 28 13 29 23 12 9 17 27 24 19 20 40 
31 11 35 19 15 32 26 25 16 38 26 26 21 19 18 16 27 26 19 28 20 9 14 23 10 29 14 30 28 16 18 20 20 29 27 26 18 30 28 17 22 17 34 11 28 28 20 15 8 29 32 10 25 10 21 28 15 24 28 23 32 23 19 21 26 23 41 24 23 19 24 38 31 15 20 31 39 21 12 43 
26 25 42 21 18 27 20 22 23 24 17 23 48 29 34 14 23 18 38 26 24 24 11 30 22 23 30 24 25 30 26 23 20 35 27 32 17 37 43 4 20 12 31 44 27 28 24 26 21 27 23 22 19 14 21 26 20 28 27 22 18 24 21 16 20 15 24 24 28 11 21 32 30 22 25 25 36 23 20 37 
25 15 26 15 20 35 27 4 23 24 15 23 23 20 19 10 15 16 28 34 18 27 23 36 11 20 24 26 30 17 18 24 7 20 38 34 13 28 37 23 15 19 39 41 41 26 22 18 19 19 37 22 44 20 16 30 16 24 32 35 30 36 19 18 13 13 15 34 42 14 29 21 16 16 18 25 48 27 27 42 
20 16 18 16 18 30 43 22 25 29 15 23 21 15 31 18 29 22 26 28 14 25 24 32 13 21 21 36 27 43 13 25 26 32 32 35 16 32 25 12 18 12 23 32 26 30 25 14 21 31 36 27 18 22 26 25 27 26 20 19 33 41 27 15 20 20 33 40 13 19 6 20 23 38 27 39 46 26 13 35 
28 7 34 9 19 19 20 36 14 26 18 23 17 16 22 34 17 24 21 22 20 37 10 25 35 20 21 39 31 17 24 22 16 19 15 38 14 30 33 15 27 21 33 15 30 17 20 7 20 17 28 23 29 15 22 7 9 27 35 24 29 17 39 20 17 11 21 15 16 13 48 20 23 23 21 22 30 27 25 40 
23 20 25 19 16 34 30 30 19 19 17 20 29 20 22 26 21 24 11 36 12 15 16 26 17 20 27 24 17 24 13 22 3 44 33 33 21 27 26 14 9 20 33 38 19 20 23 15 24 34 41 34 31 30 21 9 15 6 23 20 26 27 26 18 23 20 22 27 35 11 19 35 25 28 27 10 31 18 25 33 
27 23 21 18 19 28 23 20 11 20 11 21 31 22 27 25 21 29 19 21 25 20 9 33 20 30 14 18 28 23 23 26 20 33 30 39 26 17 37 13 13 16 29 30 16 20 25 24 23 24 36 4 25 24 27 15 33 28 26 21 24 27 26 16 20 13 32 30 26 17 16 36 32 16 25 24 35 10 23 24 
34 20 18 17 13 31 26 23 21 29 19 17 40 26 28 23 24 18 31 32 18 24 18 23 26 17 19 22 13 24 8 23 26 23 38 24 13 25 34 14 10 20 25 35 14 28 22 17 23 26 25 34 40 17 34 15 15 19 28 30 22 31 32 18 17 23 28 26 12 15 27 27 28 26 20 17 29 25 16 33 
22 18 22 15 14 24 19 34 25 23 20 22 25 16 21 42 22 22 11 28 15 26 23 23 16 22 20 26 36 29 25 15 18 23 29 27 13 41 30 20 16 14 26 28 31 21 28 13 16 26 26 32 23 16 24 31 15 23 23 14 39 39 26 18 21 21 14 37 26 15 13 30 19 23 22 32 28 26 18 33 
26 17 18 7 18 26 24 14 20 41 30 26 28 27 21 24 12 20 12 32 20 33 15 30 26 14 30 33 37 24 17 13 14 25 20 10 22 27 30 20 16 19 13 31 25 27 30 22 22 21 21 10 30 14 20 18 19 18 29 24 21 34 36 8 17 16 32 20 32 20 14 32 22 20 20 16 40 28 28 30 
40 19 21 25 21 36 26 38 22 34 22 16 27 23 22 26 17 18 25 34 14 23 13 19 10 27 26 37 42 23 9 17 22 29 28 27 8 34 37 14 21 11 33 31 37 25 18 17 15 24 19 36 29 12 25 31 29 30 23 26 24 29 19 12 17 13 22 23 17 18 45 28 19 25 19 28 31 16 18 26 
30 4 31 25 11 24 32 33 12 31 24 21 29 23 29 15 22 18 39 27 14 32 14 47 20 29 25 19 32 20 13 23 24 29 28 27 17 16 36 21 23 13 21 35 34 16 15 19 24 25 31 21 43 17 28 29 23 10 20 15 33 29 33 17 25 20 23 24 20 19 7 26 18 29 15 28 11 24 15 48 
30 20 25 20 13 40 32 24 22 43 19 23 22 3 30 34 27 24 35 20 18 24 14 25 22 27 21 25 39 20 20 15 28 44 35 28 25 17 31 17 21 9 18 35 38 20 25 19 23 17 26 36 22 10 24 17 27 18 41 29 47 25 20 14 13 15 41 30 15 24 45 21 21 21 14 39 25 28 24 52 
30 11 36 26 16 29 29 33 24 36 18 24 26 19 18 19 23 16 21 19 22 20 21 31 23 25 15 32 31 24 17 19 27 26 33 42 15 23 34 21 25 22 27 30 32 19 21 17 23 25 23 34 36 15 14 24 27 23 31 22 39 30 18 19 21 15 22 29 18 16 20 33 25 39 17 12 27 22 13 57 
25 9 34 9 19 17 37 26 21 30 20 26 22 21 21 21 18 19 29 35 16 24 12 20 16 17 19 13 27 16 20 29 11 34 18 13 24 38 18 14 20 14 15 22 24 23 25 18 19 20 25 25 29 28 13 32 17 16 26 16 15 23 35 18 21 19 33 29 20 23 41 26 35 26 20 21 32 28 19 37 
37 22 28 21 17 22 43 46 17 23 21 27 26 20 19 27 26 39 37 28 18 16 17 50 25 16 13 27 39 39 17 17 25 31 27 37 8 24 28 17 19 19 19 27 21 21 27 17 22 16 21 45 28 20 22 12 26 13 34 27 34 24 28 18 24 11 23 24 32 14 23 12 26 18 31 28 29 24 7 25 
23 20 26 11 12 44 30 8 22 33 15 23 20 30 9 30 25 18 28 22 17 24 9 28 19 18 24 29 13 22 17 17 31 31 13 28 24 26 21 24 25 13 17 25 27 28 23 11 15 12 19 34 38 30 17 13 24 20 23 19 42 29 35 16 22 16 20 28 31 14 27 38 18 25 14 20 35 21 23 34 
17 18 23 13 19 32 37 24 20 26 23 16 20 27 34 20 34 28 29 20 20 28 16 26 15 20 28 24 27 36 20 19 17 22 26 14 18 11 25 20 17 25 37 31 46 28 24 16 15 23 17 27 41 16 22 14 26 16 36 24 31 19 38 22 11 23 22 44 9 10 18 26 16 21 13 29 39 21 18 34 
22 26 38 19 15 23 28 37 19 32 18 18 27 31 28 18 27 30 27 34 15 36 19 23 15 36 18 32 40 29 26 23 17 29 33 9 22 33 31 16 29 21 16 29 16 11 32 12 35 27 48 40 14 20 13 21 26 16 26 6 21 23 37 14 13 20 37 23 26 19 31 12 20 21 13 29 31 32 17 44 
23 17 22 15 11 36 25 34 25 58 32 18 28 24 19 24 11 19 14 17 15 38 21 35 23 28 25 30 28 25 9 33 24 36 30 18 19 23 32 15 17 16 22 21 29 20 28 20 28 23 25 36 36 23 29 25 31 22 26 10 24 28 30 10 20 30 39 23 31 19 26 24 26 20 13 17 18 20 29 28 
18 20 26 24 19 25 43 42 21 34 16 24 26 17 14 22 23 23 27 39 17 36 12 35 21 39 18 30 28 19 23 21 11 39 18 31 11 15 28 26 11 23 37 35 29 29 22 17 26 20 31 30 35 22 15 13 13 23 19 23 25 20 34 17 16 26 27 31 24 15 26 42 33 20 27 21 30 28 16 31 
30 8 28 16 14 42 19 18 27 29 18 7 24 21 28 28 16 22 26 37 22 22 10 19 31 17 25 29 32 28 19 26 16 24 31 21 28 15 26 23 19 18 24 29 19 14 23 16 16 22 27 33 28 26 19 11 23 23 23 21 29 17 27 14 20 11 31 16 19 10 8 33 16 17 18 39 26 20 26 12 
28 21 41 11 17 26 21 23 19 40 28 21 26 29 14 29 37 23 22 23 15 29 13 22 29 27 26 25 27 19 17 33 33 36 19 19 12 21 21 20 17 14 24 20 27 23 16 15 19 19 33 28 33 19 23 12 29 12 37 26 35 35 25 16 12 21 16 25 16 20 31 18 25 18 24 29 38 21 30 15 
28 23 22 22 15 37 35 30 23 28 27 26 28 23 23 17 20 22 36 16 22 20 14 35 21 24 14 24 24 14 21 20 14 26 36 30 22 26 27 18 18 16 30 28 36 29 28 11 27 16 26 20 41 21 14 33 25 11 28 14 30 17 32 11 17 14 31 30 25 14 26 33 39 13 25 41 33 30 26 53 
17 11 33 19 21 25 18 29 20 49 27 21 21 19 31 27 29 27 25 28 21 26 14 34 22 31 30 33 35 22 26 30 17 40 31 30 13 20 31 25 22 18 30 13 31 25 31 15 19 29 22 37 13 14 16 17 26 19 15 23 41 21 28 15 17 15 20 11 36 14 34 14 34 32 22 32 25 25 27 26 
20 27 24 18 17 26 40 24 28 9 16 27 32 33 21 30 19 15 27 15 11 23 17 16 28 21 22 16 25 26 13 32 18 30 24 33 18 19 30 17 21 14 29 21 34 21 21 19 14 15 37 24 30 17 7 21 10 19 26 21 39 31 31 18 14 23 27 14 26 14 35 34 27 23 16 22 38 31 16 21 
21 18 17 16 17 15 28 31 25 44 14 19 24 18 21 22 10 36 40 25 14 30 13 27 35 30 32 29 32 11 18 30 26 29 30 37 12 22 28 21 20 26 22 25 32 9 21 22 23 17 42 30 29 10 20 38 23 24 24 19 41 33 36 19 24 17 20 32 25 11 15 28 27 12 19 28 18 18 21 34 
24 12 31 18 20 28 38 25 20 30 22 31 16 16 27 24 21 18 25 21 20 28 11 18 31 22 20 24 32 27 13 12 22 20 11 14 18 31 23 14 22 8 38 27 40 15 17 14 19 26 34 29 28 20 21 31 17 25 16 18 29 32 28 16 16 16 40 37 35 10 33 42 26 14 2 20 31 22 26 27 
23 15 27 19 15 39 27 24 15 24 26 10 26 12 25 29 27 32 36 19 10 27 21 38 31 23 32 29 18 21 23 33 22 33 40 30 14 23 26 14 13 7 35 15 46 25 20 13 5 33 7 32 23 12 22 20 27 18 21 22 31 15 31 16 15 8 30 21 19 14 31 27 29 21 16 45 42 23 21 37 
25 23 39 17 15 23 29 38 20 39 13 22 32 20 30 25 15 37 23 25 25 24 12 27 23 20 23 28 22 29 22 28 20 22 41 16 19 17 31 19 32 22 27 28 31 23 25 15 28 23 45 42 32 30 17 21 28 23 23 29 31 38 33 9 14 16 27 27 18 14 29 26 32 19 15 41 33 28 14 30 
13 24 44 17 21 34 22 26 16 31 26 14 32 26 22 29 37 14 14 20 21 21 14 34 12 21 23 27 16 17 22 21 23 23 33 30 14 41 33 24 24 30 24 20 33 36 27 11 24 33 23 45 32 16 16 19 17 15 22 16 27 17 42 11 27 15 41 33 26 13 41 17 31 11 22 17 39 14 24 46 
32 18 36 19 14 24 38 25 12 22 15 25 16 13 17 25 23 13 24 36 16 25 12 39 19 26 36 16 35 30 13 27 31 30 35 23 21 11 33 11 14 6 29 30 28 22 20 22 16 32 29 15 19 23 17 14 23 24 25 23 16 23 31 13 18 27 38 16 29 11 21 25 25 12 28 31 27 20 12 39 
19 17 19 21 18 25 34 42 22 32 16 18 32 16 23 19 18 24 24 30 5 25 21 15 6 31 20 23 23 24 26 24 32 29 39 40 23 18 30 15 21 10 21 23 23 19 14 22 16 20 13 30 31 8 13 23 18 18 27 16 47 27 42 13 26 17 12 18 21 14 40 24 9 32 16 44 33 25 18 37 
23 8 21 13 16 30 38 33 18 40 13 19 15 20 7 24 28 12 31 26 18 35 26 34 27 19 29 36 30 20 24 33 13 47 32 38 13 21 19 19 12 20 30 30 41 28 18 13 19 33 23 32 36 19 25 41 18 15 31 14 37 31 44 19 18 14 29 29 18 19 14 41 34 10 18 26 37 32 15 37 
26 15 32 18 20 45 24 20 21 26 18 25 24 10 29 33 9 10 31 26 15 25 23 15 24 22 30 21 28 27 22 20 22 10 31 24 15 30 31 13 26 16 26 25 32 28 22 22 29 22 20 20 26 14 17 31 28 31 30 31 35 13 18 20 25 28 30 45 23 19 22 29 23 24 19 22 37 17 9 17 
33 23 29 19 11 30 33 30 11 40 8 27 20 21 23 21 21 25 22 18 14 41 16 27 36 22 25 32 29 19 15 17 23 26 34 23 13 12 30 18 11 15 35 33 25 21 17 26 18 17 28 19 16 28 20 30 21 14 9 15 41 29 19 17 20 9 27 25 14 17 24 21 32 23 13 26 37 16 14 26 
26 19 39 19 18 29 30 40 21 27 18 23 21 31 20 30 20 24 29 16 17 27 22 39 27 24 28 27 25 27 18 16 25 40 23 21 13 21 33 16 11 15 13 36 27 24 22 17 29 32 41 28 33 4 19 32 22 14 14 20 25 22 21 14 24 16 36 22 26 18 41 25 27 21 31 38 32 14 16 38 
20 23 37 8 18 35 30 38 16 37 18 20 29 17 10 26 24 7 28 20 17 27 19 23 23 31 41 23 35 35 16 24 24 34 33 29 12 20 19 15 18 16 18 43 42 15 28 15 24 19 31 38 39 25 24 24 28 21 35 29 22 27 23 22 20 8 25 19 17 9 22 32 17 20 13 40 49 15 18 26 
25 12 34 18 16 37 29 21 18 36 21 17 14 27 14 20 19 19 16 29 22 19 19 30 24 29 26 30 31 24 20 27 23 34 26 29 27 22 17 21 17 11 45 29 31 23 17 19 24 17 16 46 28 24 12 19 27 21 28 18 32 25 25 13 25 21 21 27 30 15 22 29 24 16 21 28 45 24 19 41 
11 16 32 20 16 29 32 29 21 30 9 25 23 21 31 19 29 13 7 23 17 29 14 41 15 29 18 22 31 19 18 18 18 25 27 21 19 38 38 23 30 11 20 19 37 29 22 25 19 23 11 25 26 17 25 17 24 18 26 21 17 13 21 25 25 8 35 16 20 15 23 30 27 22 21 27 23 17 25 37 
30 14 40 16 22 44 32 20 18 32 20 22 22 15 21 21 24 24 30 24 25 15 15 45 24 23 9 37 7 29 19 25 16 27 26 15 20 25 39 13 13 17 25 16 22 20 26 14 26 30 29 27 32 17 20 26 38 20 31 16 33 28 35 16 17 15 28 29 30 12 34 34 19 22 9 28 39 17 3 26 
26 10 28 16 17 35 34 33 17 35 19 16 17 26 22 14 32 26 36 29 11 32 11 19 19 19 16 24 26 24 20 26 28 29 36 25 24 26 25 20 20 16 29 14 30 11 25 8 13 21 27 23 26 18 17 23 31 16 23 31 25 19 28 19 15 15 37 22 25 22 37 25 34 29 17 24 20 21 15 25 
25 13 38 12 9 32 46 28 12 19 17 14 28 21 20 15 27 19 31 32 20 20 11 34 15 21 32 22 35 23 29 23 33 33 28 12 14 18 34 16 20 11 39 26 21 19 26 13 32 15 39 23 30 17 7 22 23 19 15 26 30 20 30 10 25 18 33 30 18 16 23 36 36 10 19 30 26 23 8 22 
22 13 20 18 13 17 12 31 10 36 27 31 16 26 19 19 22 14 18 31 21 13 17 15 11 26 21 45 15 36 18 27 18 40 26 18 21 28 18 14 14 16 40 15 31 9 13 13 26 30 29 28 38 16 19 17 22 22 27 29 25 27 43 19 13 29 21 26 18 15 41 38 31 18 21 40 37 27 10 21 
27 28 32 23 15 33 38 20 24 41 27 20 24 26 24 3 23 18 27 29 15 27 9 21 24 31 25 39 49 28 10 22 34 22 30 21 17 28 31 24 22 28 43 24 33 16 11 12 21 21 41 38 30 22 20 21 24 29 25 23 28 21 17 14 14 15 22 12 27 9 36 17 19 17 22 18 31 25 16 37 
11 21 26 20 18 18 19 33 16 43 14 23 42 12 34 32 15 33 26 20 21 17 10 38 31 31 20 33 16 23 10 20 13 24 26 36 10 15 19 10 20 10 37 29 24 22 29 13 30 15 19 24 36 27 14 34 27 19 23 22 37 26 14 16 21 26 23 19 27 20 29 24 25 19 25 31 37 20 22 39 
30 19 22 21 14 17 20 12 27 37 13 28 27 25 22 32 24 20 13 31 18 21 17 28 18 22 21 23 45 31 22 18 17 39 21 24 19 35 35 15 13 14 22 24 38 22 10 10 18 17 21 32 27 9 22 21 26 15 29 24 38 23 26 16 19 18 25 25 26 17 12 26 33 28 18 21 32 32 16 30 
28 21 41 5 16 24 23 14 16 23 15 23 25 17 23 24 31 31 43 30 16 25 15 48 18 25 28 15 25 15 24 25 9 21 25 29 12 22 24 22 20 26 25 21 27 30 25 17 27 31 38 23 20 23 19 24 28 27 16 29 35 27 21 21 18 14 14 27 28 20 20 20 30 26 14 32 20 30 23 31 
23 21 34 17 15 28 30 37 23 30 14 21 24 22 12 19 29 26 42 27 18 21 17 30 11 17 28 15 42 26 27 8 12 29 12 26 15 33 36 17 23 18 22 21 21 21 26 12 19 23 49 36 28 14 21 29 24 14 19 21 38 33 38 19 18 21 34 12 26 19 38 34 38 17 35 14 31 18 18 33 
11 14 17 15 15 27 37 36 20 26 22 17 22 12 16 28 25 11 21 26 13 27 17 23 16 29 35 36 36 20 18 30 27 14 28 22 22 29 26 17 18 15 46 24 25 23 29 19 16 26 24 21 26 18 13 19 19 26 24 18 39 26 25 17 27 18 34 21 23 14 40 44 28 5 32 27 21 8 19 28 
25 16 16 12 16 37 18 41 12 20 13 21 18 26 21 27 31 14 15 27 8 20 21 43 24 19 19 38 23 8 23 19 13 32 26 14 16 31 18 19 23 15 29 32 26 26 24 22 18 29 22 34 12 29 23 28 30 11 28 28 27 26 31 14 13 25 27 33 31 20 17 25 22 15 14 24 29 15 23 26 
30 19 36 11 17 19 26 36 13 34 19 23 32 19 22 18 21 30 28 24 27 20 10 27 20 21 10 40 32 33 15 15 21 19 19 20 22 25 24 14 23 15 36 36 13 15 17 5 27 20 35 23 29 24 20 32 15 25 16 28 26 30 30 17 24 15 28 29 29 9 27 26 26 25 18 24 24 14 10 29 
21 18 29 13 12 28 33 30 14 40 25 27 26 25 24 15 17 21 28 30 15 23 18 25 29 21 17 42 28 29 17 24 12 31 39 9 24 22 26 13 16 18 33 27 38 17 28 15 27 26 39 29 27 19 17 30 12 26 35 20 37 30 24 14 25 16 32 28 39 16 20 18 28 18 25 40 31 23 18 29 
24 21 30 16 22 35 37 33 15 31 19 18 35 24 33 21 27 16 28 21 20 25 17 32 19 16 27 26 37 26 18 30 27 23 29 41 19 29 24 20 17 22 29 42 30 23 28 17 19 20 22 36 37 19 24 34 11 28 12 14 37 26 35 14 22 21 36 35 18 19 40 24 19 24 14 20 31 10 15 32 
35 20 25 24 16 32 32 45 27 31 21 24 15 28 31 27 25 24 27 38 21 25 14 19 21 29 16 26 20 11 24 27 12 26 31 16 19 30 32 14 22 12 32 20 29 18 18 18 23 32 7 27 29 18 21 26 20 13 23 27 25 28 16 13 14 18 14 40 9 16 27 23 27 21 19 38 27 24 10 18 
21 25 29 25 19 45 33 29 16 29 17 10 29 22 15 20 18 8 23 24 22 24 13 30 24 29 30 20 25 36 14 27 23 25 9 27 13 30 41 20 29 16 17 30 29 12 20 17 9 16 31 26 23 15 18 32 19 20 24 16 34 27 25 10 17 20 24 32 24 15 21 17 13 26 14 21 16 19 17 33 
20 25 20 20 16 34 19 30 17 28 18 24 26 26 30 13 35 12 23 30 20 23 18 23 20 9 25 23 32 9 21 12 14 28 28 27 25 29 24 8 21 18 32 22 33 18 24 17 25 19 9 38 25 20 15 24 27 14 17 18 25 18 4 15 18 14 27 42 23 14 41 21 28 16 26 23 40 20 22 21 
25 17 33 18 15 30 31 36 30 35 20 26 30 29 25 16 14 4 26 32 30 26 16 15 15 44 20 31 44 25 16 20 5 20 30 29 18 23 39 14 8 25 49 40 30 14 16 21 10 18 31 37 39 18 18 11 37 31 37 25 27 13 23 12 26 17 24 28 31 14 28 21 23 25 16 30 36 22 23 25 
14 17 26 10 10 23 17 20 18 18 17 28 16 21 28 25 31 13 32 25 15 28 16 27 26 26 26 31 36 24 19 21 17 17 31 21 14 20 24 20 17 11 31 23 9 17 33 28 18 30 23 22 16 29 28 23 17 25 34 20 20 24 29 18 12 19 13 29 32 13 33 21 36 25 9 41 44 20 18 45 
22 13 37 13 13 21 42 22 24 27 18 20 32 25 22 26 25 20 30 33 11 28 9 20 23 23 21 32 29 27 13 13 21 33 27 21 20 28 33 14 25 22 6 11 25 16 26 11 17 27 19 36 35 22 16 15 18 20 34 25 42 27 28 17 20 15 29 34 25 15 22 31 14 15 20 24 30 19 28 32 
22 25 16 14 13 34 36 34 27 31 18 14 24 19 27 20 14 22 16 31 23 28 12 40 20 31 24 24 26 30 19 12 19 28 31 25 20 15 15 19 19 21 19 31 25 26 24 35 24 29 31 34 24 23 9 20 15 13 33 32 35 25 30 20 19 22 37 14 35 12 34 21 28 15 19 22 19 24 26 12 
20 19 24 8 8 23 45 30 19 34 19 25 22 14 20 31 29 23 25 34 10 19 20 20 17 16 24 27 28 26 12 22 21 22 28 27 15 26 36 11 12 16 38 29 27 25 9 15 23 7 18 28 23 21 17 5 31 21 30 19 27 25 41 13 20 9 33 28 21 18 26 25 23 15 16 29 24 26 24 32 
29 30 33 16 15 36 29 31 26 30 17 15 19 26 27 14 23 27 26 22 20 27 14 36 25 31 26 30 20 11 19 18 14 32 27 34 14 13 37 13 19 29 37 21 21 26 24 21 25 34 40 32 23 15 21 23 27 16 12 17 38 32 38 10 17 15 24 26 26 16 33 34 19 19 23 19 35 20 34 20 
23 13 30 18 19 22 26 22 30 39 29 20 27 20 17 25 20 32 18 5 22 16 16 26 29 53 18 30 39 28 26 14 16 40 32 18 14 24 23 11 24 14 29 29 40 21 16 16 19 24 29 30 33 16 21 18 13 9 32 19 36 37 25 17 19 26 33 43 20 12 16 27 28 20 16 29 29 29 27 28 
27 22 32 19 17 22 41 26 20 21 15 23 24 24 14 15 15 9 31 13 14 27 25 29 21 29 21 38 28 24 21 15 22 30 32 12 33 21 20 15 19 18 23 37 21 28 33 10 26 22 23 42 35 19 29 32 12 20 9 15 28 26 33 21 23 9 32 21 17 12 24 28 15 29 13 36 18 27 20 28 
33 17 26 17 12 31 19 31 19 26 14 26 16 27 23 30 20 21 26 30 26 17 6 29 19 19 28 29 23 34 27 16 24 16 32 30 17 25 25 19 19 22 16 22 35 23 20 19 15 23 32 31 33 18 13 20 30 20 30 19 32 17 17 19 20 24 34 24 22 16 15 22 25 23 23 24 31 14 26 25 
26 15 25 17 16 27 26 36 27 19 20 28 27 23 21 22 21 23 30 24 21 33 11 28 21 36 29 10 30 21 28 25 30 22 15 20 11 25 35 12 15 23 23 35 40 19 24 22 20 26 38 19 23 29 21 17 29 5 25 23 38 23 16 20 13 13 15 20 23 20 41 32 30 32 15 25 43 19 25 9 
31 27 37 29 23 30 30 14 20 33 14 32 31 19 37 20 20 37 21 14 18 38 12 30 29 22 15 23 17 18 16 37 23 36 17 22 16 19 27 12 16 19 23 32 21 19 25 17 18 14 27 33 30 22 23 26 32 26 25 26 21 29 21 13 21 12 22 36 34 15 28 20 20 23 28 24 30 35 18 22 
30 20 32 17 13 21 24 26 27 36 15 30 32 27 31 22 22 23 19 25 21 22 19 40 18 19 17 33 28 36 17 26 29 34 25 30 29 11 25 18 13 16 14 33 16 14 28 18 19 18 29 20 35 16 23 32 21 27 25 33 24 24 15 15 19 19 20 30 23 13 25 32 19 27 16 34 22 6 24 29 
21 21 28 20 19 31 30 39 24 20 18 15 19 37 36 22 19 23 22 29 17 21 13 33 18 27 18 12 37 23 14 13 15 45 31 27 23 24 18 17 20 11 38 21 23 18 23 22 18 26 35 35 36 19 18 16 22 16 18 24 31 35 37 18 10 17 17 28 20 17 28 23 28 25 23 27 41 15 20 29 
21 12 35 9 17 30 26 31 20 51 19 14 21 22 29 19 25 26 19 31 22 22 14 16 14 29 20 31 15 24 20 31 15 33 19 15 17 17 26 14 25 20 27 24 23 26 25 20 23 26 30 33 33 24 19 31 28 18 22 37 17 21 5 20 16 22 32 30 24 17 22 26 23 23 17 30 27 30 14 17 
11 29 20 9 27 27 24 41 23 38 17 21 17 25 30 21 30 23 34 27 17 21 9 45 29 31 27 23 36 24 21 20 20 34 25 16 13 32 26 12 17 9 38 12 25 23 27 16 19 27 34 41 38 25 14 24 33 17 26 14 22 24 30 13 17 19 34 34 15 30 30 30 24 15 21 21 32 13 28 24 

MachineCapacities:
MachineID Capacity
0 10
1 10
2 10
3 10
