NumTasks NumMachines NumScenarios
15 4 10
TaskDetails:
TaskID ReleaseTime ResourceConsumption SuccessorsCount Successors...
0 0 3 7 6 10 0 
1 0 5 7 4 8 1 2 
2 0 7 6 6 6 1 4 
3 0 3 7 2 5 0 
4 0 4 3 7 6 0 
5 0 6 4 7 1 4 11 12 13 14 
6 0 8 4 3 10 2 12 13 
7 0 5 4 1 3 0 
8 0 7 7 9 4 2 12 14 
9 0 6 2 4 8 1 12 
10 0 4 10 4 2 0 
11 0 5 5 6 2 0 
12 0 5 3 2 8 0 
13 0 8 8 8 5 0 
14 0 4 6 4 6 0 

10 26 11 4 15 18 12 7 31 19 32 21 17 25 18 20 18 25 30 20 24 16 21 37 26 24 25 24 10 12 14 9 15 24 27 11 21 33 14 26 30 39 17 22 16 19 20 15 17 27 12 24 19 12 25 37 21 17 12 10 
12 12 13 17 16 12 22 10 31 44 26 34 8 24 17 28 19 36 30 23 21 24 19 29 29 31 26 17 10 14 15 10 9 32 25 10 10 32 21 17 35 31 17 24 18 12 21 16 21 11 18 28 13 13 14 24 8 15 26 15 
9 17 9 17 25 7 22 8 27 29 37 32 17 26 12 22 12 30 13 7 32 11 10 28 23 33 23 14 8 10 5 8 10 38 32 7 18 31 19 37 8 31 10 16 13 20 25 8 18 16 20 14 15 11 19 40 27 16 25 13 
14 3 17 16 17 18 16 8 28 41 24 22 21 31 10 20 11 21 25 26 33 26 15 36 28 23 16 15 14 14 8 7 13 19 28 11 15 30 22 29 19 47 5 19 20 12 24 16 11 25 20 27 10 15 20 40 21 12 24 12 
9 14 11 14 11 16 27 10 24 20 25 24 13 21 13 16 20 23 39 18 28 26 13 43 32 24 25 16 6 17 7 10 14 24 23 12 18 29 29 18 15 14 9 18 23 12 20 8 29 22 22 20 10 7 16 36 35 21 22 10 
20 13 14 15 15 10 10 10 27 32 24 36 11 23 21 25 20 29 24 19 18 33 12 18 26 13 15 12 9 11 9 14 10 29 11 12 16 13 23 32 20 30 12 10 26 16 13 11 22 25 21 28 13 14 17 19 23 19 28 10 
10 18 11 13 15 13 18 5 23 29 24 18 12 23 23 23 20 17 31 22 19 13 12 21 16 18 26 20 12 13 4 8 11 17 19 15 13 32 28 28 28 36 11 32 20 13 22 19 13 24 16 26 13 11 19 37 11 24 30 13 
13 15 12 16 19 18 22 11 34 23 34 23 11 24 8 19 5 24 50 14 19 19 13 25 24 22 27 14 9 12 7 9 13 25 22 18 17 30 30 30 31 35 12 24 20 20 20 15 23 22 16 20 11 6 9 20 29 12 25 20 
7 14 6 12 14 12 7 14 19 29 18 29 24 22 18 24 9 8 22 21 27 42 24 27 27 16 15 8 8 9 6 7 17 21 17 14 14 33 18 28 35 32 10 16 24 15 30 14 24 24 14 26 8 14 10 34 14 12 23 15 
8 13 7 13 16 9 25 7 17 28 31 23 14 14 10 28 19 27 8 12 23 29 12 30 15 20 29 13 13 16 8 6 10 30 12 7 8 44 22 35 28 34 16 21 13 16 32 12 24 17 21 17 11 11 14 12 14 18 23 16 

MachineCapacities:
MachineID Capacity
0 10
1 10
2 10
3 10
