NumTasks NumMachines NumScenarios
15 4 10
TaskDetails:
TaskID ReleaseTime ResourceConsumption SuccessorsCount Successors...
0 0 4 8 8 4 1 3 
1 0 6 2 9 8 1 4 
2 0 6 7 9 4 1 3 
3 0 8 6 7 10 0 
4 0 8 2 2 7 0 
5 0 2 8 7 6 4 10 12 13 14 
6 0 9 4 4 3 2 13 14 
7 0 6 3 10 3 4 8 10 11 14 
8 0 9 5 10 4 2 12 13 
9 0 7 9 4 4 1 12 
10 0 9 7 3 7 0 
11 0 6 6 10 10 2 12 13 
12 0 6 5 5 4 0 
13 0 8 5 6 10 0 
14 0 4 9 9 7 0 

15 12 26 37 31 19 15 19 18 25 14 10 10 32 15 16 13 21 32 14 10 27 26 26 14 19 15 28 20 10 13 18 13 17 21 20 27 26 13 14 19 25 10 10 11 28 16 26 29 12 37 29 15 20 17 41 22 7 29 23 
25 18 41 28 29 11 14 13 14 36 19 8 13 27 9 25 20 18 31 14 15 14 15 25 18 24 27 23 26 6 12 13 10 18 11 19 23 12 10 17 13 25 6 11 34 19 18 16 31 15 20 22 13 25 16 24 17 7 23 22 
17 19 24 34 30 15 20 11 14 25 17 9 19 21 19 16 11 21 27 7 18 38 18 30 16 26 29 30 17 17 17 17 18 23 31 11 22 21 10 22 30 19 11 7 33 36 26 2 25 18 32 23 16 22 23 27 26 7 27 20 
13 1 19 33 28 23 13 16 13 17 9 13 17 28 11 13 11 28 31 18 18 16 30 5 19 24 21 19 31 14 14 12 15 25 28 23 20 35 14 15 18 22 10 12 21 28 24 12 18 18 18 12 7 31 21 32 16 9 18 13 
16 12 13 22 33 15 16 30 17 31 18 11 22 20 13 26 15 25 31 11 11 27 26 27 18 22 30 26 23 16 13 6 11 21 32 14 14 24 17 11 22 27 8 7 24 25 24 28 22 29 23 25 15 20 6 21 12 13 32 16 
16 16 24 26 19 11 10 15 11 25 14 10 39 33 10 22 13 18 32 16 17 33 20 34 21 22 60 24 25 10 14 9 14 14 33 15 33 38 16 18 17 32 13 11 31 29 18 25 14 11 35 22 13 21 12 25 19 11 15 13 
17 12 38 21 33 17 18 18 17 25 20 13 30 34 19 18 10 19 23 20 11 19 31 33 14 18 12 27 25 13 12 14 14 22 23 25 14 27 15 21 30 26 12 13 31 18 20 12 21 17 13 29 8 20 16 29 16 9 25 24 
18 20 23 23 33 19 20 10 10 27 15 14 10 25 15 18 13 22 21 21 11 28 9 39 14 24 8 18 26 13 14 17 8 19 19 22 28 20 10 16 20 20 11 7 12 20 13 31 15 16 19 32 11 24 12 16 10 13 28 25 
15 19 20 21 39 13 19 20 16 17 10 12 36 40 18 20 14 20 31 17 7 21 25 25 22 14 39 26 13 12 12 9 12 22 25 21 14 21 12 21 26 21 11 10 28 23 22 19 14 18 21 18 15 18 12 21 24 8 14 21 
14 14 24 25 27 21 8 15 6 13 15 16 12 19 14 18 16 20 21 19 10 27 23 24 10 8 29 8 23 11 16 3 15 11 21 13 19 19 6 13 17 16 8 10 20 23 17 9 21 14 18 29 12 24 17 22 25 9 20 25 

MachineCapacities:
MachineID Capacity
0 10
1 10
2 10
3 10
