NumTasks NumMachines NumScenarios
15 2 100
TaskDetails:
TaskID ReleaseTime ResourceConsumption SuccessorsCount Successors...
0 0 3 6 2 5 6 
1 0 3 9 1 5 
2 0 7 4 1 7 
3 0 2 3 1 7 
4 0 7 1 0 
5 0 6 2 0 
6 0 7 7 1 7 
7 0 9 8 0 
8 0 5 3 2 11 13 
9 0 2 3 1 14 
10 0 4 2 0 
11 0 4 7 0 
12 0 4 4 0 
13 0 1 9 0 
14 0 6 3 0 

24 43 14 21 28 25 18 20 14 13 20 23 32 22 29 20 17 42 19 17 24 12 19 30 35 20 32 14 18 22 
26 12 17 29 32 26 19 31 24 17 11 17 32 26 31 10 21 32 22 28 13 23 23 13 13 16 27 22 10 17 
14 24 24 21 38 13 26 28 25 9 15 28 33 18 28 25 15 12 22 23 36 19 12 27 29 12 12 14 17 15 
17 29 21 12 29 22 16 28 18 21 12 15 52 13 30 27 17 14 22 9 21 21 26 36 19 6 20 16 26 23 
18 27 7 21 45 20 14 28 29 14 16 21 42 20 25 15 29 29 31 27 36 19 19 20 38 11 31 16 21 12 
21 26 13 17 40 25 15 28 29 19 20 8 33 6 25 24 16 29 36 18 20 15 15 26 32 19 23 19 16 13 
15 33 17 27 29 24 24 25 30 18 15 18 21 15 25 23 13 31 19 16 31 8 16 32 37 19 36 19 10 11 
27 21 12 16 11 24 15 23 18 10 14 15 28 11 17 9 17 24 22 19 24 11 27 19 26 22 40 14 7 16 
21 38 21 22 28 18 18 36 20 18 17 24 24 29 24 26 18 20 13 25 19 17 22 16 25 10 30 16 22 12 
20 37 17 20 31 22 26 19 18 17 12 18 36 12 25 17 13 23 35 18 26 16 17 26 24 10 26 19 14 9 
27 35 30 22 35 21 7 21 23 14 15 13 24 21 31 16 17 23 35 28 24 14 25 35 34 8 14 12 13 13 
12 41 25 24 41 20 11 28 20 15 20 26 33 20 13 33 18 30 31 19 20 16 17 26 30 23 34 16 9 14 
23 17 11 20 38 13 19 29 15 19 13 20 15 17 11 13 25 34 22 15 29 15 26 38 34 15 25 16 12 16 
31 19 20 12 15 20 13 16 23 17 23 22 31 19 24 22 14 28 26 18 32 15 14 33 39 11 27 18 18 17 
5 14 13 26 22 20 23 26 28 21 18 14 37 17 24 20 9 36 29 23 27 14 18 31 30 12 26 16 16 21 
27 17 22 19 40 17 16 15 18 15 13 15 24 21 12 25 14 21 22 29 36 14 18 23 22 19 29 12 21 18 
20 21 26 22 24 19 20 17 17 13 23 20 37 15 28 27 23 25 26 7 14 12 16 36 16 14 27 11 20 14 
27 27 23 23 36 26 19 27 18 15 21 13 21 18 21 23 14 34 35 10 37 15 15 36 24 12 33 14 17 20 
25 21 22 21 14 18 20 24 28 14 13 23 40 21 21 19 19 18 17 23 14 17 15 26 31 22 37 14 13 19 
14 38 19 16 17 19 20 25 31 10 11 22 36 18 35 31 26 31 29 16 17 21 25 29 6 7 38 17 10 23 
18 24 22 22 40 29 19 31 28 6 17 14 17 14 38 24 22 22 33 15 30 9 20 16 28 9 43 13 12 15 
17 32 26 24 40 5 19 16 22 4 14 13 31 24 19 27 16 31 21 19 26 12 18 28 30 22 32 11 24 16 
11 31 15 17 16 28 16 28 21 17 18 17 36 12 33 24 14 24 15 14 33 9 17 29 28 13 25 9 21 16 
29 29 24 17 42 30 16 29 21 19 16 13 30 14 42 25 29 18 26 23 25 10 15 26 27 10 39 16 16 19 
18 30 22 24 45 15 13 30 19 12 15 13 24 16 20 25 25 31 13 10 20 13 18 34 19 11 32 15 9 18 
17 22 10 21 26 29 12 30 13 12 5 16 32 16 25 31 20 28 27 25 15 14 23 13 26 17 33 23 16 17 
16 27 24 29 34 26 19 28 26 22 18 22 28 20 22 23 18 15 27 19 26 21 21 18 28 14 27 12 15 17 
19 29 12 29 18 28 8 41 28 11 18 21 37 14 21 21 27 25 22 15 13 16 20 10 31 16 28 13 18 19 
25 35 19 14 33 30 16 20 29 17 17 15 30 28 19 24 15 25 27 32 24 12 23 27 16 12 23 14 12 18 
9 28 16 10 33 34 6 13 26 18 12 24 14 22 22 33 19 19 33 9 26 15 22 39 20 17 29 16 12 14 
22 23 20 27 40 25 20 26 14 22 17 21 31 22 26 33 19 22 19 16 15 6 24 1 28 15 26 17 14 22 
23 36 13 15 25 23 21 25 22 17 16 10 40 20 28 32 20 26 29 13 26 23 14 17 29 16 29 14 17 17 
15 22 12 19 12 14 20 20 20 17 12 18 26 15 19 26 9 38 29 22 32 18 25 31 23 15 32 14 18 16 
37 17 17 22 31 26 17 26 24 10 16 18 51 16 26 20 25 27 20 18 28 15 15 28 24 11 30 13 16 11 
14 22 21 29 37 24 8 22 14 19 18 14 30 16 36 28 24 22 29 22 23 15 14 16 13 13 33 13 11 20 
26 20 20 26 17 11 28 31 21 20 14 27 27 15 17 26 24 25 21 15 25 23 20 27 30 17 30 22 16 16 
22 32 20 18 37 18 14 30 26 20 17 18 21 13 24 16 20 25 25 31 24 15 22 30 27 23 35 17 11 20 
18 37 28 20 27 11 13 31 32 22 12 13 24 14 20 26 20 22 21 23 14 7 22 21 35 13 27 21 21 21 
23 25 15 31 39 19 24 26 19 12 8 9 34 19 26 35 18 33 27 15 29 16 18 17 28 19 28 17 24 16 
14 21 21 23 35 18 18 28 25 17 17 16 23 18 29 28 18 23 22 11 23 26 10 19 37 19 28 9 20 13 
17 27 23 23 18 23 20 24 35 23 16 15 27 14 23 29 20 36 25 19 30 15 20 38 27 18 22 15 16 17 
16 25 22 27 38 16 20 27 27 19 17 17 28 10 25 18 22 33 24 27 19 16 12 24 37 10 30 12 21 12 
18 28 15 23 27 20 14 35 27 11 14 16 25 16 29 29 17 26 17 11 27 9 14 7 35 13 14 15 8 16 
14 33 14 19 16 32 22 20 24 17 14 16 25 23 19 28 12 23 26 16 18 23 19 22 27 19 32 21 19 12 
12 27 22 23 22 26 21 21 24 13 14 15 45 17 27 16 27 17 25 36 26 17 15 26 21 22 37 14 17 13 
17 21 14 32 16 9 20 27 26 14 17 25 36 26 24 30 23 32 18 21 30 8 15 21 30 9 32 19 19 14 
13 33 15 22 25 20 13 15 19 13 10 18 28 23 29 19 33 24 35 24 17 20 18 33 18 16 22 21 14 18 
20 24 26 30 24 13 19 14 36 15 18 23 25 10 30 16 15 31 35 18 25 15 20 27 23 20 26 13 26 15 
17 19 18 36 38 22 5 31 24 15 16 13 22 19 27 26 21 31 33 14 27 13 24 17 30 17 22 14 17 23 
21 30 21 12 25 27 13 24 21 17 23 22 19 17 32 27 30 36 17 8 19 16 15 26 26 14 17 9 15 12 
23 28 11 19 24 21 8 17 23 19 10 8 24 23 31 26 25 28 25 25 19 17 21 28 26 14 22 16 13 14 
29 23 18 33 25 31 15 10 29 20 21 17 24 13 25 28 25 30 17 22 30 11 11 22 24 19 17 10 19 13 
22 37 13 15 28 15 15 30 22 19 19 21 34 16 31 20 35 32 29 21 24 19 10 29 20 13 22 13 20 14 
34 22 18 26 33 29 12 34 31 15 19 12 31 25 31 26 36 37 30 15 30 14 19 21 18 15 35 14 20 13 
15 29 16 20 34 26 3 17 16 15 14 19 26 15 26 17 29 39 25 24 4 16 12 15 21 7 30 15 17 15 
25 23 15 30 45 19 23 27 24 15 19 25 47 13 38 30 18 24 21 22 22 17 23 35 29 11 20 11 25 14 
15 15 29 23 36 14 15 28 25 19 16 15 31 13 30 26 19 19 25 15 23 11 21 32 33 14 32 20 18 16 
13 23 20 12 43 26 24 29 27 11 19 22 28 21 32 24 27 15 17 10 28 17 12 16 26 11 16 19 18 9 
16 28 17 24 39 24 14 13 22 16 8 17 39 17 38 26 11 16 23 21 24 10 17 22 25 22 20 18 22 13 
14 28 16 29 29 14 9 38 18 18 20 17 36 12 10 22 12 18 28 30 24 14 18 29 32 10 20 16 19 9 
21 23 14 37 27 23 17 33 23 17 21 15 42 27 27 19 20 27 24 17 29 17 20 18 26 15 35 17 13 5 
23 25 23 21 28 24 17 27 19 20 17 18 38 18 30 22 13 18 38 22 20 19 21 24 29 15 21 9 22 19 
23 27 17 19 43 16 10 40 22 17 16 13 21 20 30 16 23 24 33 20 20 18 21 24 35 12 22 20 21 14 
16 22 15 22 23 30 10 20 18 13 10 19 37 17 24 23 23 21 34 26 26 25 14 25 35 12 32 13 16 14 
14 35 23 16 14 23 16 23 15 18 15 14 26 23 25 26 25 7 16 16 27 21 17 20 33 19 39 18 25 19 
24 48 9 13 36 12 23 35 20 23 16 23 35 20 18 30 23 10 18 15 21 15 9 31 28 7 30 22 13 20 
24 26 24 20 11 21 17 26 18 18 8 21 27 26 18 19 18 28 16 17 30 13 18 23 38 12 27 18 18 22 
20 38 25 19 15 15 20 20 26 19 17 18 22 17 36 23 11 26 24 11 27 16 18 34 27 9 21 8 20 13 
10 24 14 28 22 28 15 14 23 20 19 21 38 27 42 20 16 45 25 23 18 18 16 43 33 8 31 13 11 18 
14 30 13 19 20 20 25 21 27 15 19 19 14 8 25 28 19 22 32 26 22 15 23 35 17 13 27 18 11 11 
19 24 21 13 40 23 17 15 15 19 22 21 36 23 18 33 29 14 23 28 24 16 18 38 15 18 32 19 17 17 
26 36 23 26 16 13 18 23 23 13 9 12 16 26 27 18 25 27 15 26 25 18 12 11 37 17 24 18 12 23 
19 35 25 25 6 11 16 28 26 14 11 20 33 17 23 25 16 13 28 20 26 14 13 20 24 19 31 9 23 14 
18 29 16 25 45 24 18 29 19 17 16 18 27 18 31 23 12 29 34 24 36 20 16 25 36 6 44 16 10 14 
22 24 5 22 45 24 21 14 33 14 11 17 39 20 29 19 13 19 24 28 30 20 17 23 18 8 31 14 28 20 
21 22 18 32 20 23 9 26 29 17 16 15 25 13 30 35 20 21 21 15 30 14 22 22 28 14 31 21 18 19 
22 23 27 31 32 18 21 33 22 20 15 23 29 8 26 26 23 21 10 21 31 10 13 22 19 17 37 15 12 20 
16 28 20 18 30 16 14 25 32 17 17 19 28 24 20 34 17 31 26 19 18 14 2 20 31 21 26 13 23 12 
24 28 9 12 44 15 13 21 27 19 10 22 27 12 33 22 27 24 22 8 14 12 18 20 20 14 32 19 24 18 
23 16 20 18 29 26 13 18 19 17 10 16 38 20 30 12 16 37 29 15 29 16 7 40 19 17 40 9 18 19 
23 27 14 17 36 24 20 21 18 17 13 14 36 10 27 16 16 37 24 15 21 16 17 34 26 19 25 12 7 17 
22 36 2 18 38 29 10 34 23 16 15 18 22 20 28 23 22 39 32 19 13 14 15 28 18 23 20 16 13 13 
26 24 16 22 34 34 11 27 33 14 12 23 27 16 39 18 21 31 16 17 25 13 23 25 27 12 21 20 16 26 
24 23 20 29 41 20 19 24 23 18 10 23 31 17 26 28 21 27 28 14 35 18 15 21 26 14 33 18 21 20 
20 26 20 16 30 25 9 19 27 15 9 26 48 19 36 20 24 19 26 16 19 19 28 23 21 10 36 14 17 15 
24 23 19 25 28 23 18 4 21 15 12 16 25 12 31 24 22 28 19 18 24 19 22 32 16 16 31 11 18 16 
28 30 19 5 26 27 16 29 28 10 18 16 21 16 12 19 18 22 39 22 33 8 15 25 26 16 21 11 16 13 
23 28 23 25 32 29 23 21 20 23 15 21 20 19 13 20 18 29 24 23 14 21 12 32 21 18 20 17 19 13 
24 13 15 20 38 36 13 23 25 20 6 30 32 25 34 24 10 40 15 17 11 10 18 32 39 5 32 19 19 12 
23 33 13 33 38 34 19 34 25 19 14 16 36 11 30 20 21 18 21 23 24 12 22 29 27 18 18 23 12 20 
21 21 20 28 13 26 29 24 32 20 13 20 46 23 30 18 13 37 32 16 16 17 17 24 16 11 19 11 17 18 
30 22 12 22 37 23 9 27 29 17 17 17 29 28 30 24 26 21 15 23 19 20 12 20 35 18 37 17 13 13 
17 31 18 13 48 19 22 30 16 10 14 16 23 18 33 27 10 26 13 17 28 20 22 30 17 19 30 18 17 16 
24 31 10 23 35 27 14 23 23 20 16 24 29 21 29 18 12 35 14 18 26 10 20 24 19 12 34 14 15 15 
22 31 15 15 38 17 18 32 33 6 15 25 23 21 20 25 20 17 30 16 21 12 13 29 25 14 27 13 18 11 
12 23 17 26 28 15 9 30 26 13 13 18 29 23 26 21 18 23 25 18 24 11 27 25 17 11 31 23 11 11 
25 13 17 17 20 23 14 22 14 15 16 21 20 21 22 30 28 18 21 16 18 20 18 26 26 15 33 13 10 15 
26 33 20 19 28 19 14 20 26 19 12 23 15 17 27 31 25 40 21 24 19 18 19 24 16 17 30 9 11 12 
26 31 16 23 31 22 12 14 30 15 12 20 25 17 29 20 26 30 13 17 16 19 11 20 44 8 28 15 17 19 
26 36 18 24 22 8 13 18 25 13 16 21 35 12 31 29 24 30 29 24 36 16 25 23 23 16 23 12 14 16 

MachineCapacities:
MachineID Capacity
0 10
1 10
