NumTasks NumMachines NumScenarios
15 2 100
TaskDetails:
TaskID ReleaseTime ResourceConsumption SuccessorsCount Successors...
0 0 7 9 1 5 
1 0 6 2 2 7 8 
2 0 7 4 1 6 
3 0 10 5 0 
4 0 7 5 0 
5 0 5 4 0 
6 0 7 8 1 8 
7 0 5 8 0 
8 0 4 4 0 
9 0 6 8 0 
10 0 9 9 3 11 12 13 
11 0 5 2 0 
12 0 6 2 0 
13 0 2 5 0 
14 0 10 2 0 

23 30 21 23 21 25 15 18 23 19 19 16 29 8 22 21 14 13 8 22 42 22 16 23 17 23 29 33 26 13 
20 28 23 22 18 26 5 25 37 11 17 14 27 20 30 19 16 20 11 16 31 16 17 27 34 19 13 28 25 18 
17 19 29 20 19 28 29 21 26 17 19 19 35 14 16 19 21 12 18 14 25 24 17 13 23 11 24 13 34 16 
30 18 11 25 12 25 16 18 14 21 23 26 36 8 28 18 15 18 12 19 38 18 17 18 21 14 23 21 18 11 
30 29 21 35 21 35 24 35 20 20 17 32 28 21 31 30 16 11 12 21 37 17 10 23 29 19 22 27 27 17 
22 2 33 26 22 29 30 27 23 22 14 25 32 29 27 19 14 15 9 16 24 17 13 15 28 20 25 28 23 16 
17 24 18 18 22 36 8 25 40 29 19 22 34 16 34 24 11 17 23 23 37 18 10 29 32 10 27 26 28 11 
27 39 28 32 14 22 17 24 33 21 23 22 34 14 22 30 22 13 15 26 39 15 12 23 30 21 41 20 12 17 
15 19 18 28 18 33 21 35 26 28 15 34 28 18 25 23 26 18 16 19 37 11 19 21 20 14 26 22 27 13 
17 26 20 21 23 24 19 26 38 39 21 28 18 20 11 25 19 16 18 33 29 15 18 36 34 17 15 15 17 29 
21 24 34 16 16 40 23 20 17 29 23 27 13 23 41 15 17 13 18 19 25 18 14 12 25 19 31 16 19 14 
17 10 15 27 13 18 15 19 34 13 23 30 20 15 22 19 26 19 13 20 43 13 17 28 28 31 27 41 27 18 
16 18 19 34 19 33 11 32 21 32 23 37 32 22 35 21 31 13 22 21 38 20 17 23 24 23 29 27 14 17 
29 29 24 12 18 15 14 40 8 25 27 22 24 21 33 27 17 17 18 21 38 17 17 35 35 18 19 27 18 13 
40 31 17 29 26 21 22 21 34 31 19 37 37 21 24 33 12 7 12 21 26 10 19 32 33 15 19 28 24 9 
27 36 21 16 10 26 20 30 28 31 21 32 34 15 31 29 25 16 13 20 27 15 15 22 20 13 14 23 14 12 
25 27 24 24 14 35 24 21 35 31 15 21 21 19 21 25 19 18 21 22 59 21 19 41 13 9 26 34 15 15 
33 14 24 31 21 23 20 24 19 24 20 21 29 20 26 28 16 14 14 15 35 16 19 24 17 16 26 26 26 11 
34 31 32 22 7 27 22 19 23 34 13 32 43 14 34 23 18 19 19 19 45 14 14 27 25 7 22 24 21 20 
16 29 29 24 19 26 26 34 24 19 22 18 31 22 30 27 25 16 20 22 27 11 15 18 22 20 30 28 16 16 
24 27 23 40 9 18 27 21 32 21 19 24 36 11 31 28 20 15 23 25 45 18 9 14 29 28 29 20 14 13 
26 34 13 28 25 26 25 12 20 26 14 15 26 24 27 30 16 15 17 23 26 20 14 27 19 20 23 26 23 16 
26 17 25 47 11 39 27 25 26 35 13 27 12 30 24 25 34 12 16 18 15 10 17 22 25 21 22 33 11 11 
17 21 26 21 11 25 27 24 23 13 21 23 27 25 30 27 17 16 11 12 35 9 14 27 18 20 34 33 17 13 
28 20 21 19 14 40 7 31 21 21 22 36 37 27 26 18 24 16 15 21 31 16 15 24 21 21 24 33 19 9 
16 34 25 28 11 46 22 14 26 34 20 20 13 21 35 26 22 18 16 16 34 18 17 29 34 25 17 20 24 17 
28 21 28 30 7 21 27 26 28 23 15 25 45 21 24 19 20 16 18 17 46 15 13 18 31 15 28 37 26 12 
20 28 21 10 16 37 19 35 24 31 20 22 30 22 33 25 22 9 20 16 34 13 15 29 28 20 13 23 25 10 
12 22 17 22 13 25 19 23 22 20 26 33 28 11 24 22 25 9 13 22 30 15 21 25 22 24 27 34 23 10 
28 27 21 22 20 19 26 18 27 34 14 29 35 16 34 36 20 14 13 29 33 15 16 21 32 22 15 15 13 14 
23 15 16 36 25 22 14 24 28 17 13 36 39 12 22 23 20 16 18 22 20 15 18 17 37 20 22 19 13 18 
19 27 20 25 18 20 15 26 36 29 20 41 31 18 37 29 24 12 15 21 29 15 15 32 17 13 22 19 24 18 
25 34 24 28 11 40 16 32 23 42 13 26 26 11 29 25 20 15 13 19 32 11 14 26 25 25 13 28 15 23 
29 20 27 30 1 38 19 30 31 15 18 25 37 15 26 26 13 13 12 20 28 21 25 29 28 23 17 25 30 11 
24 23 18 25 16 32 28 19 14 32 13 40 42 19 27 28 21 11 15 24 24 13 17 29 22 17 26 19 15 14 
25 39 25 25 27 22 20 11 24 19 11 28 24 17 34 18 19 7 13 21 34 11 8 15 36 19 27 25 21 17 
19 35 12 23 24 49 14 18 25 14 14 27 15 10 25 23 12 17 13 11 26 14 13 17 27 21 16 33 24 24 
28 19 29 24 17 26 21 40 28 28 25 28 20 24 25 29 13 12 19 12 3 17 16 21 27 18 23 28 19 15 
12 37 31 22 16 19 18 26 24 22 25 22 21 26 26 26 29 20 14 17 26 12 14 16 25 22 24 23 17 11 
24 44 19 16 13 37 14 19 23 41 11 17 19 24 37 17 8 12 15 25 28 17 17 21 32 18 32 38 26 19 
24 30 24 8 15 25 31 28 12 22 14 50 42 16 25 38 29 16 16 18 32 16 14 20 29 20 26 33 24 15 
16 15 27 19 14 31 30 21 27 29 21 28 20 22 38 23 16 10 16 9 32 13 21 33 26 23 24 25 17 14 
26 16 14 29 13 26 13 17 34 33 19 24 41 16 27 17 18 17 18 13 39 20 20 19 30 26 18 20 29 23 
25 23 31 28 22 34 25 29 19 28 15 17 30 12 38 31 21 13 16 14 27 15 16 26 27 22 20 26 23 18 
30 27 20 8 9 24 16 25 31 38 20 27 34 15 36 25 21 17 15 18 32 23 23 13 36 23 19 19 25 14 
22 17 23 20 24 31 20 15 35 23 10 17 27 7 35 17 16 21 19 12 29 17 15 19 23 22 13 16 19 16 
14 27 17 29 4 35 14 13 24 26 6 34 30 16 41 25 16 19 19 21 28 22 11 27 32 27 13 33 11 14 
22 29 20 8 14 15 11 16 12 18 14 25 14 17 39 27 18 13 26 19 15 16 21 24 19 27 9 21 22 20 
29 18 15 26 19 25 21 12 13 18 10 15 20 36 19 26 19 13 19 16 32 7 14 18 25 30 26 33 16 20 
27 27 10 33 10 32 24 21 35 20 24 34 38 16 21 18 7 13 21 13 25 15 12 14 20 25 12 32 27 17 
21 34 17 12 21 21 24 27 30 13 22 25 37 29 45 15 11 13 17 16 22 11 9 21 29 28 28 22 16 12 
12 31 21 19 25 17 24 30 24 29 12 34 24 15 30 20 21 14 17 25 35 22 6 21 32 23 21 22 20 13 
26 36 23 20 12 28 25 12 31 26 20 28 13 10 27 41 26 19 17 13 24 17 20 22 10 25 24 14 13 17 
18 27 14 24 19 29 11 20 15 24 14 14 37 14 37 19 14 16 21 21 18 8 11 20 21 17 24 26 9 16 
32 15 22 18 22 34 29 27 21 16 16 34 21 12 16 35 18 11 14 25 24 12 16 30 24 17 19 35 21 20 
33 30 30 16 19 27 19 20 19 25 24 15 18 6 6 28 22 15 10 14 23 21 14 17 27 6 27 19 17 18 
20 24 27 22 13 19 26 26 25 32 21 26 20 8 23 23 21 14 15 19 26 20 13 14 27 15 9 16 20 18 
20 29 21 17 20 40 9 19 19 35 8 28 30 21 22 30 29 15 14 12 33 10 18 14 26 3 24 28 30 12 
14 35 21 17 14 28 31 26 21 25 10 23 30 19 26 21 22 17 17 20 32 9 11 26 27 19 23 27 28 15 
22 40 23 24 15 34 12 24 25 20 17 36 21 20 26 13 17 12 18 18 45 9 11 28 26 20 32 20 34 12 
29 23 33 27 16 24 17 22 30 27 15 20 25 20 35 34 8 13 18 27 29 23 15 26 27 18 22 25 22 17 
36 27 19 21 12 11 15 31 32 26 16 22 25 15 19 32 23 19 18 14 14 16 18 22 29 25 18 15 35 15 
29 25 10 21 17 27 16 29 34 21 18 37 29 19 35 27 22 14 19 21 28 16 8 22 23 5 15 23 7 22 
24 31 25 36 22 39 18 21 27 33 27 26 30 21 19 28 14 12 16 24 34 12 21 12 15 29 17 26 9 18 
23 23 29 30 18 21 14 23 14 21 17 23 25 21 4 21 10 16 20 21 30 13 16 18 20 21 20 30 10 15 
33 31 18 27 15 24 26 26 27 25 7 13 26 14 30 22 12 14 14 18 46 16 17 24 33 18 33 24 20 13 
20 43 20 19 21 22 20 22 29 22 21 29 43 10 15 12 22 16 12 19 25 9 17 30 25 28 12 14 25 13 
28 40 15 15 30 18 14 25 21 22 17 23 15 15 25 25 18 6 16 12 30 12 11 10 33 21 26 19 26 10 
27 17 15 31 16 29 18 12 21 20 20 20 31 16 29 30 20 17 11 24 14 13 5 15 25 32 6 34 22 20 
16 33 27 18 20 21 18 17 22 21 13 19 26 9 43 31 24 16 22 19 31 11 12 21 15 22 25 18 11 20 
23 20 5 21 12 26 18 16 32 26 16 30 29 17 39 18 22 17 13 27 14 10 17 16 25 15 19 23 23 21 
22 31 22 37 16 9 5 15 29 20 18 17 45 9 13 24 12 17 22 24 24 16 14 26 29 10 19 34 23 16 
16 29 21 20 11 36 28 38 29 25 25 20 18 20 22 13 21 13 15 14 14 20 20 28 32 15 23 22 11 18 
20 20 21 21 8 37 16 32 35 26 19 32 34 20 31 24 10 12 18 22 31 19 20 14 26 16 30 33 17 10 
10 29 10 30 15 23 27 23 19 21 10 21 40 18 36 26 33 19 18 20 30 17 16 35 31 20 21 29 12 16 
12 27 18 10 16 24 8 23 34 27 7 33 29 13 28 25 15 16 20 18 26 16 13 25 31 20 19 31 20 1 
28 27 19 23 13 33 25 38 20 32 22 25 13 19 34 32 33 15 18 17 35 11 12 17 20 20 30 31 12 15 
30 16 37 21 24 27 26 12 31 26 17 25 33 17 30 20 24 15 13 19 31 6 20 24 21 12 25 21 10 16 
28 34 24 32 10 22 18 32 28 21 8 25 19 14 28 23 38 16 18 24 36 10 20 27 39 21 24 20 20 15 
15 27 14 21 21 27 27 21 28 33 22 25 11 26 28 15 21 16 17 16 26 12 19 25 13 25 19 25 14 8 
23 25 18 22 11 25 21 18 25 22 17 30 28 17 37 28 19 23 18 11 32 15 19 21 34 15 23 26 29 17 
28 42 27 28 9 22 16 25 20 16 17 22 15 8 8 21 24 14 19 20 14 14 23 32 24 27 19 30 9 19 
15 30 16 28 20 20 16 16 19 29 18 27 19 19 16 29 19 17 18 11 36 12 14 31 34 26 16 26 27 17 
21 23 12 18 19 30 17 24 22 42 13 32 34 20 35 28 27 18 10 21 42 20 22 31 28 29 17 31 30 26 
30 29 16 21 13 38 16 16 29 30 21 19 19 14 25 26 10 17 16 28 39 11 11 26 19 18 34 24 29 13 
21 18 29 32 17 27 26 27 27 33 18 21 28 14 34 28 4 23 16 19 30 12 17 28 35 4 30 29 16 9 
24 18 13 22 16 29 15 23 26 20 17 24 29 14 16 24 36 10 17 16 26 15 20 24 21 21 22 36 31 13 
26 26 42 23 16 30 18 23 13 26 20 17 34 15 37 22 21 13 11 22 24 17 15 31 31 17 29 27 22 18 
24 30 15 18 17 24 24 22 14 29 14 21 23 25 29 30 12 20 16 23 24 19 22 26 29 21 30 27 22 6 
23 34 27 21 16 36 19 31 29 39 12 18 34 19 21 23 20 13 14 14 28 8 16 29 25 10 23 28 15 13 
17 22 14 31 11 31 6 19 27 21 23 32 41 20 43 25 27 16 14 15 28 13 16 19 21 23 16 26 22 15 
30 28 20 24 15 36 16 24 28 16 26 27 27 21 25 24 24 11 24 15 32 15 12 20 18 22 16 30 17 17 
20 42 23 31 10 35 22 25 23 17 18 35 21 14 38 24 22 17 21 13 38 14 17 16 22 23 29 24 29 19 
30 30 23 16 13 34 17 29 18 28 20 21 25 9 33 28 27 14 15 24 34 13 14 28 26 15 25 19 26 13 
23 29 23 26 19 30 24 23 25 23 19 6 14 6 22 20 18 17 18 26 29 11 20 20 13 21 12 15 20 12 
21 26 18 25 20 27 24 26 33 20 17 17 38 18 29 30 32 14 22 20 42 14 13 21 23 10 34 20 19 21 
25 27 22 29 16 30 12 19 34 20 14 20 31 18 33 23 11 11 12 26 32 19 19 21 27 18 21 27 23 11 
16 29 31 30 20 27 24 26 35 32 21 35 34 14 42 19 23 12 19 21 40 13 13 27 20 35 28 29 17 18 
26 34 20 26 20 31 19 29 24 30 14 36 38 11 32 24 17 13 19 19 38 16 19 14 27 28 25 17 25 17 
27 38 17 27 21 24 17 27 19 27 14 35 26 12 28 26 15 10 23 23 32 18 13 17 35 18 22 22 31 16 

MachineCapacities:
MachineID Capacity
0 10
1 10
