NumTasks NumMachines NumScenarios
30 4 30
TaskDetails:
TaskID ReleaseTime ResourceConsumption SuccessorsCount Successors...
0 0 5 7 6 6 1 2 
1 0 5 8 7 8 1 3 
2 0 8 2 6 5 1 3 
3 0 9 8 6 8 1 4 
4 0 6 4 3 8 1 5 
5 0 4 1 1 4 2 6 9 
6 0 8 1 5 7 2 7 10 
7 0 9 6 9 9 2 8 11 
8 0 8 6 8 6 0 
9 0 2 2 1 7 1 10 
10 0 7 5 3 8 1 11 
11 0 4 7 8 3 0 
12 0 6 9 4 5 1 13 
13 0 6 7 5 8 2 14 15 
14 0 5 4 10 8 1 20 
15 0 2 8 9 2 2 16 17 
16 0 7 10 7 6 1 18 
17 0 9 6 9 5 1 19 
18 0 5 2 4 2 2 19 20 
19 0 3 2 9 3 1 21 
20 0 2 3 8 3 1 21 
21 0 3 10 4 7 1 22 
22 0 4 5 2 7 2 23 24 
23 0 4 8 8 8 1 25 
24 0 9 5 2 7 1 26 
25 0 9 9 4 5 3 27 28 29 
26 0 1 7 3 4 2 28 29 
27 0 4 1 4 9 0 
28 0 1 6 4 9 0 
29 0 5 2 3 10 0 

20 42 34 10 23 20 4 20 17 41 13 32 18 20 21 38 33 23 14 13 29 20 18 20 19 19 18 20 27 23 35 19 28 45 29 23 18 8 34 23 27 20 24 24 8 17 20 24 15 30 15 18 45 13 18 16 15 28 18 16 26 30 18 4 11 21 23 20 21 19 16 20 24 16 26 20 28 37 17 23 19 26 11 20 16 17 22 27 26 18 18 29 22 21 26 28 23 19 12 25 26 23 19 19 18 18 27 28 16 8 11 35 26 32 24 39 15 16 18 11 
16 27 19 22 21 15 29 16 16 23 14 27 11 31 13 22 19 30 23 18 34 19 22 13 10 30 31 24 41 29 26 13 17 25 22 33 43 13 29 19 20 16 16 27 21 25 23 25 27 26 24 22 23 16 14 20 33 24 22 14 26 34 25 10 15 15 26 14 31 23 21 13 23 31 25 2 18 31 29 30 20 22 26 23 25 19 19 13 14 12 17 28 25 17 50 7 30 11 13 24 15 21 17 19 15 22 42 15 29 11 33 21 26 22 20 42 20 10 25 18 
21 36 28 14 17 30 24 21 25 43 14 30 14 27 21 37 27 29 16 16 28 15 20 34 14 18 16 32 43 33 27 24 16 36 23 22 22 26 19 24 17 16 17 34 24 24 31 17 28 19 12 17 33 13 21 24 24 25 16 14 21 32 40 22 13 16 18 16 22 22 19 20 25 25 30 23 14 36 24 21 21 28 26 1 16 12 22 23 19 21 15 28 22 23 39 26 24 15 12 43 17 18 17 12 15 8 40 27 17 22 23 16 23 14 31 7 20 14 15 26 
20 29 39 20 33 26 19 15 18 39 19 21 16 24 5 28 30 27 15 17 26 13 13 18 18 26 15 29 15 20 40 23 20 41 17 40 21 17 23 27 24 16 23 34 6 30 31 15 14 46 24 14 25 10 12 18 37 28 17 8 19 36 13 12 25 15 8 22 25 9 15 13 26 31 26 25 25 40 16 19 18 19 18 29 4 18 24 12 16 10 16 23 30 15 21 23 27 17 22 28 31 22 24 20 18 12 26 27 30 35 37 27 23 19 34 32 11 14 21 27 
18 22 17 21 22 21 18 19 19 32 17 25 11 29 20 29 33 38 10 12 24 31 14 23 21 19 22 7 32 26 33 14 34 23 23 33 21 21 11 24 21 15 20 34 14 22 30 32 23 30 22 13 30 24 22 23 32 19 25 26 16 36 38 12 17 19 24 28 18 5 26 17 11 20 36 24 29 28 39 28 9 14 29 24 16 15 32 16 27 16 12 25 32 14 39 20 25 5 21 25 19 15 25 15 18 14 33 24 23 15 27 32 23 25 18 32 20 12 12 23 
27 48 38 14 27 24 25 16 13 32 22 26 6 25 14 27 27 23 19 15 36 15 19 11 12 22 25 19 43 38 32 23 25 36 24 18 19 19 28 29 32 23 15 27 12 19 43 27 33 32 13 16 29 13 23 20 20 26 15 24 23 20 12 26 21 11 28 29 26 8 27 40 22 28 11 28 28 24 26 23 19 20 25 32 16 14 25 22 34 21 18 21 21 22 26 26 30 15 18 25 26 18 13 12 25 10 29 28 23 11 30 15 32 19 14 9 16 13 25 20 
11 33 37 23 24 18 19 19 15 24 17 26 24 17 26 27 18 33 8 16 26 33 9 10 15 28 24 18 28 23 12 23 20 32 21 21 35 15 29 19 14 16 21 25 21 25 20 38 16 15 23 16 23 9 27 21 22 19 8 28 25 33 27 16 20 19 21 30 19 21 20 26 22 32 26 25 29 27 23 38 19 25 29 31 23 8 14 29 26 15 23 12 27 22 31 12 36 13 24 29 22 20 11 15 18 18 27 40 24 21 33 34 13 33 26 37 6 17 32 9 
13 12 34 13 31 17 22 16 19 47 21 21 29 32 16 29 18 31 12 19 18 18 21 13 12 32 23 25 33 36 39 26 29 29 21 37 40 14 35 22 24 13 20 19 18 23 24 26 21 32 20 19 23 26 19 38 21 25 13 18 29 23 30 15 9 18 25 19 35 13 21 17 20 29 28 33 23 28 35 39 15 25 22 16 7 15 44 24 22 21 17 24 14 18 42 15 27 11 19 39 23 19 20 13 22 16 22 22 13 44 37 34 23 16 10 27 13 11 29 24 
20 63 29 13 29 34 24 12 18 24 17 34 14 28 16 41 36 40 19 17 33 22 20 29 18 28 17 27 26 25 33 20 30 18 22 17 27 10 26 35 24 22 20 33 17 28 30 23 23 23 17 23 23 13 23 17 35 33 28 14 9 25 38 5 19 19 30 27 17 18 19 20 17 31 29 23 26 35 32 19 10 28 29 42 12 13 19 16 28 12 13 22 32 11 38 22 23 16 20 39 14 20 20 28 20 16 26 23 29 39 35 20 21 28 33 30 16 13 25 24 
24 28 17 13 25 18 13 17 15 23 18 33 13 25 19 32 41 12 18 22 41 20 15 27 19 27 13 19 35 30 35 18 21 24 22 26 28 17 24 30 20 13 20 31 21 21 33 21 27 32 24 16 7 11 18 25 21 28 25 12 19 28 30 24 15 18 24 13 20 22 26 29 32 34 21 18 20 28 27 25 19 13 29 31 12 21 34 22 5 16 13 18 25 26 25 17 31 15 16 25 23 20 23 18 26 17 27 42 31 35 37 22 22 45 17 29 14 21 16 12 
19 42 31 9 29 19 29 9 26 23 17 29 24 19 28 30 18 6 14 15 27 37 22 34 15 24 27 22 40 39 26 16 21 25 20 30 21 22 17 20 9 17 21 17 23 22 30 34 16 18 26 21 32 22 24 25 30 22 30 15 20 28 24 13 14 28 15 15 32 23 26 19 30 25 27 31 19 25 15 33 11 22 18 27 13 11 29 28 25 12 15 29 26 15 39 12 22 8 18 19 25 23 17 23 17 9 16 24 25 20 24 34 13 38 30 24 21 17 26 27 
19 32 32 10 34 24 23 20 21 33 20 17 25 33 14 36 14 35 13 17 25 19 16 19 18 24 22 25 31 16 24 11 10 25 21 36 48 13 27 29 18 13 10 29 20 20 36 31 14 25 19 9 21 24 10 29 34 18 11 20 14 40 39 28 24 26 35 34 17 27 27 29 41 29 24 26 21 24 35 26 13 28 22 20 16 16 28 19 36 13 16 31 27 24 24 32 19 16 18 23 13 24 29 12 21 19 17 27 20 25 42 21 39 24 23 20 20 14 28 9 
24 19 25 12 18 31 17 16 22 38 18 28 22 21 21 21 28 46 20 18 31 17 17 19 17 27 27 23 29 20 27 12 23 34 14 35 27 21 36 26 9 12 23 36 14 19 12 13 12 28 22 22 24 17 10 25 28 23 19 14 4 18 32 17 18 17 32 12 27 23 12 26 28 30 34 25 21 22 14 24 10 20 19 20 22 21 21 21 22 19 16 25 34 25 18 27 29 15 17 20 27 12 29 14 31 18 42 32 26 14 26 25 29 11 17 27 16 15 22 21 
20 27 29 18 27 26 16 12 21 21 13 27 17 26 7 44 15 36 7 11 32 26 13 30 15 26 20 23 38 40 22 27 20 26 27 34 31 16 30 28 17 12 22 24 14 27 19 27 10 24 24 20 29 16 22 24 23 27 11 19 20 32 34 19 14 17 20 23 16 21 21 27 30 24 36 17 35 17 32 28 16 25 25 27 14 21 38 26 31 18 17 31 29 20 22 21 33 20 18 34 27 17 29 24 26 17 25 38 34 22 38 26 32 33 24 27 12 17 36 23 
21 26 35 18 37 7 26 21 17 32 19 15 9 9 16 21 41 34 16 14 24 28 19 21 10 25 26 31 22 25 11 27 21 36 23 38 24 4 26 19 25 18 19 19 17 12 31 31 28 28 18 18 25 22 20 26 23 27 16 20 22 35 31 12 15 22 14 22 26 24 7 17 16 22 25 12 16 22 28 22 12 21 17 24 14 11 20 38 29 11 19 21 25 19 28 27 15 19 12 37 22 13 28 28 18 17 24 23 24 34 16 26 23 25 37 22 21 16 23 20 
9 20 31 13 40 17 19 6 25 27 17 21 23 18 27 29 37 34 8 11 21 24 10 24 13 26 19 20 31 23 23 17 22 25 22 36 19 16 23 28 28 14 21 27 26 29 31 23 5 28 11 8 38 17 17 27 18 17 19 12 18 31 15 10 8 19 20 19 27 28 19 36 8 28 12 26 18 28 29 21 14 28 16 27 16 13 18 19 17 27 14 18 28 18 31 15 28 20 15 35 23 16 19 18 14 12 19 25 46 10 35 32 33 29 26 35 7 10 39 22 
16 12 34 4 23 14 18 14 23 16 21 28 18 20 24 19 24 24 20 16 25 28 19 23 16 16 5 23 27 26 40 8 22 32 25 26 30 13 18 29 17 13 22 19 19 11 17 33 19 25 20 18 36 14 8 16 33 34 19 19 12 33 24 13 18 24 29 20 19 18 18 37 29 26 51 10 28 28 22 21 18 27 19 32 15 15 26 19 20 14 21 21 22 18 35 28 44 11 19 28 14 14 28 19 16 20 26 34 48 34 27 26 33 25 14 38 23 17 19 24 
18 21 14 20 33 22 11 21 10 28 27 22 21 22 24 17 27 21 18 20 33 26 25 23 17 30 24 19 36 22 42 13 18 33 14 24 38 13 11 41 26 14 14 16 19 24 29 18 19 27 21 18 10 12 26 21 27 18 25 11 23 26 20 9 19 23 19 16 25 25 16 24 33 34 30 43 10 24 31 25 10 18 26 22 19 17 30 19 19 9 15 35 25 24 22 18 40 17 19 41 25 15 17 22 24 12 22 29 16 24 15 31 26 27 14 42 17 14 17 15 
20 41 29 21 41 26 25 13 31 37 19 26 15 15 20 36 27 29 17 12 22 27 18 7 8 13 28 19 32 10 39 16 15 26 23 32 18 5 36 20 12 23 19 23 25 23 35 24 28 23 22 14 19 13 17 26 22 25 17 20 29 25 28 19 16 12 17 14 25 17 21 33 29 25 16 33 23 30 8 19 10 23 23 21 20 20 21 13 18 18 17 15 18 21 30 17 20 22 22 30 29 16 14 11 19 12 27 29 19 29 17 40 25 24 31 33 19 6 29 34 
11 36 22 19 29 26 21 22 13 33 13 23 23 19 28 21 36 24 17 21 22 27 19 18 14 26 18 18 46 25 30 24 38 35 21 39 36 13 20 23 14 20 8 27 24 36 31 34 25 36 12 17 29 25 18 25 17 19 26 15 20 19 14 16 13 18 30 17 30 26 20 22 18 35 25 26 23 27 32 39 15 13 17 20 16 3 29 22 24 13 16 29 33 16 33 20 29 20 13 25 8 17 23 17 21 14 20 27 42 21 32 27 24 41 10 21 23 14 21 25 
18 19 41 14 18 24 9 24 20 15 32 9 17 31 25 32 28 25 24 27 33 30 15 20 15 22 19 13 24 27 43 26 9 32 20 41 21 20 31 31 14 11 17 24 24 33 46 11 7 30 20 17 33 15 20 25 27 31 26 11 23 29 15 16 12 14 19 32 22 6 18 23 29 18 27 32 16 20 28 25 14 14 11 31 13 21 33 13 30 19 17 22 29 14 32 16 27 15 19 38 22 17 25 20 19 20 31 22 17 19 24 26 32 23 21 36 13 12 17 11 
18 33 18 16 16 21 20 14 32 32 25 16 15 17 20 27 25 30 16 20 21 14 23 24 21 33 12 26 31 16 33 19 15 25 16 10 38 15 32 28 26 15 12 30 17 20 22 29 30 30 20 14 39 25 22 13 21 35 27 18 16 25 23 22 12 28 27 18 35 32 9 26 21 19 18 30 31 25 28 30 14 15 18 21 17 14 32 28 22 10 9 34 17 21 28 18 31 10 9 23 24 20 14 19 24 15 29 33 23 24 26 25 21 51 38 27 17 16 30 23 
15 4 37 24 33 19 18 20 8 36 23 28 17 21 8 34 18 16 20 12 19 32 20 28 16 26 22 11 25 23 36 9 20 29 24 33 37 13 22 10 26 14 26 27 12 11 29 30 20 25 20 23 22 21 9 27 19 24 11 10 16 17 31 11 16 19 29 16 38 18 12 18 26 29 37 17 24 24 38 33 13 23 12 24 11 14 24 24 29 12 14 22 24 16 31 24 23 14 16 25 22 19 14 27 17 22 23 29 22 31 30 43 26 32 26 26 27 13 24 14 
30 28 29 21 29 30 16 21 20 37 23 27 18 23 21 27 36 38 18 18 32 24 19 18 12 34 18 23 20 31 35 18 15 20 15 27 18 12 17 24 16 17 15 34 13 24 37 19 27 23 19 8 23 5 18 25 28 31 23 20 19 38 11 14 15 29 17 33 12 30 19 24 39 21 28 19 22 29 20 22 19 5 13 29 15 8 25 19 13 24 10 26 20 12 21 20 22 12 8 36 28 8 19 21 28 21 25 26 21 28 37 23 12 26 19 30 15 15 12 19 
16 38 22 14 33 34 15 16 17 35 16 33 13 27 19 28 24 44 18 13 40 22 21 26 15 28 13 24 24 19 28 15 25 14 15 13 43 21 9 23 20 11 20 23 21 19 21 24 21 9 10 14 26 20 11 15 13 22 22 25 8 19 39 7 14 21 23 29 16 20 21 13 21 26 37 20 29 35 25 21 20 39 24 24 22 14 26 8 18 18 18 34 28 14 27 25 28 14 17 23 23 11 23 15 17 9 21 17 31 25 19 15 25 16 26 22 11 13 23 20 
17 39 19 16 22 17 23 12 10 29 20 16 14 32 9 27 25 38 13 11 29 29 10 35 19 18 17 20 44 24 29 11 22 26 12 31 33 19 32 25 18 7 17 35 14 35 22 29 24 30 22 20 29 14 28 18 25 15 28 22 22 26 24 24 15 9 27 30 32 29 13 29 34 34 22 32 18 44 26 19 17 23 24 24 16 13 35 24 20 17 10 23 26 18 27 25 34 9 34 30 19 11 21 26 23 16 13 35 20 25 20 27 23 37 37 39 16 13 21 20 
16 25 36 10 40 34 22 18 24 25 18 31 16 19 15 23 32 37 19 24 18 30 17 23 15 29 13 15 30 17 34 14 25 10 19 12 20 12 32 24 22 13 20 19 38 27 30 27 15 15 25 16 39 14 23 25 14 26 18 9 21 30 14 12 13 23 26 13 16 24 15 25 16 27 12 17 19 35 29 21 16 18 35 16 14 14 15 15 6 13 18 29 13 16 26 15 25 14 19 25 29 23 21 14 15 14 29 26 21 18 10 16 20 36 35 15 17 13 21 16 
24 40 48 13 26 43 20 16 23 22 27 27 21 41 11 29 34 25 15 17 40 32 13 11 8 12 11 24 15 29 38 12 11 24 14 20 31 15 15 6 18 19 7 18 24 22 32 20 23 27 24 15 21 9 19 28 28 10 15 18 17 44 39 20 9 19 34 13 30 18 21 15 30 44 35 22 30 45 15 28 14 27 25 27 13 19 36 17 18 15 21 31 19 18 30 26 29 14 12 31 11 17 21 20 12 21 15 23 17 25 30 29 28 30 18 39 17 10 24 16 
12 37 26 23 31 31 16 13 27 8 19 37 26 26 11 22 14 23 24 30 27 19 11 14 21 26 16 18 13 17 34 20 30 34 19 21 26 13 27 29 26 14 11 23 22 42 37 13 18 47 34 17 30 16 20 18 26 26 17 19 15 43 30 16 17 23 23 21 30 24 21 37 28 41 26 27 25 14 27 28 14 14 19 21 11 19 26 23 24 8 13 21 20 21 19 13 17 23 15 40 24 10 14 26 16 12 19 25 19 23 24 37 21 36 38 41 20 11 21 24 
32 32 49 16 12 21 36 14 22 33 20 37 12 23 24 24 23 31 11 15 27 15 25 33 21 18 26 28 25 18 35 15 14 34 13 18 27 15 25 32 31 10 23 22 17 24 31 32 29 33 18 22 35 20 23 28 39 31 17 22 25 7 27 15 19 21 19 22 33 27 23 18 27 38 40 31 19 21 29 23 25 25 38 28 16 7 41 18 17 15 15 16 16 14 15 24 23 16 26 18 26 15 12 23 23 19 34 19 24 26 19 24 34 16 12 31 17 21 24 31 

MachineCapacities:
MachineID Capacity
0 10
1 10
2 10
3 10
