NumTasks NumMachines NumScenarios
30 4 30
TaskDetails:
TaskID ReleaseTime ResourceConsumption SuccessorsCount Successors...
0 0 3 5 7 4 2 1 2 
1 0 8 3 7 5 2 4 7 
2 0 5 3 4 4 1 4 
3 0 7 4 3 6 3 5 6 7 
4 0 4 5 9 5 2 5 6 
5 0 9 9 6 3 2 9 10 
6 0 9 4 8 2 2 8 12 
7 0 3 3 8 5 3 10 12 13 
8 0 2 7 3 7 1 14 
9 0 3 2 6 10 3 11 12 13 
10 0 5 1 9 7 1 14 
11 0 5 5 7 10 1 14 
12 0 7 2 6 4 1 14 
13 0 4 6 3 6 2 15 18 
14 0 10 7 8 9 2 15 18 
15 0 2 6 8 8 1 16 
16 0 4 8 8 5 3 17 19 20 
17 0 10 6 6 4 2 21 22 
18 0 4 6 8 3 1 20 
19 0 5 6 2 4 1 21 
20 0 7 4 3 5 1 22 
21 0 5 7 3 1 1 23 
22 0 9 9 2 8 1 23 
23 0 5 6 6 2 0 
24 0 7 8 3 9 1 25 
25 0 2 7 2 9 2 26 28 
26 0 6 6 7 2 1 27 
27 0 2 8 2 6 1 29 
28 0 2 9 4 2 0 
29 0 6 1 10 3 0 

20 33 22 24 17 30 25 27 31 37 15 19 14 10 32 20 15 12 13 28 17 10 27 14 38 13 14 24 16 34 24 16 15 16 21 17 22 39 9 12 24 34 19 37 26 10 24 20 15 21 20 25 17 25 18 19 32 15 35 24 33 29 16 22 21 13 30 19 34 13 27 43 21 15 27 41 19 10 23 25 24 14 24 30 23 14 15 14 27 17 39 27 32 23 34 20 32 8 18 35 9 34 37 21 24 32 19 41 22 10 20 33 20 22 31 10 25 21 29 53 
21 17 19 14 16 24 35 22 27 24 24 37 26 16 20 23 33 41 18 15 28 16 38 19 36 14 27 35 18 25 22 11 19 34 9 15 25 16 22 23 17 24 19 30 21 18 14 8 30 20 30 26 17 34 28 16 28 15 27 18 24 26 18 24 20 59 24 17 23 8 14 31 23 33 16 16 24 11 19 38 27 12 24 31 7 20 26 25 32 22 22 22 31 25 36 24 12 15 26 24 19 27 39 27 15 29 31 22 32 30 24 18 23 23 22 20 21 5 24 22 
19 27 19 23 14 26 17 25 32 33 29 14 20 8 30 19 21 30 9 7 23 16 14 20 30 10 29 42 19 31 16 33 15 19 16 13 27 31 25 13 27 28 14 19 29 22 27 24 19 30 39 22 24 21 21 15 32 19 28 20 23 13 18 39 25 29 24 29 32 13 20 32 30 31 16 46 22 18 31 30 47 24 19 26 13 21 28 17 20 29 21 19 25 41 25 20 9 12 26 23 12 35 37 18 15 23 25 19 25 32 28 27 25 23 24 25 18 19 23 31 
15 24 13 28 25 20 21 44 19 24 27 29 26 16 37 33 31 36 12 17 22 13 14 19 30 17 30 32 25 35 15 33 9 20 17 17 18 17 24 16 27 21 12 25 38 19 18 20 25 21 12 25 25 27 26 7 45 36 36 15 20 32 10 25 25 26 20 24 36 16 31 32 26 35 17 44 26 15 8 37 27 23 18 26 10 7 16 12 13 25 25 33 30 33 23 21 11 13 33 28 10 32 37 29 21 14 40 47 21 41 30 20 26 29 8 16 18 21 16 43 
20 19 20 29 19 30 26 35 25 25 19 35 22 16 18 31 31 41 11 22 21 12 46 14 46 19 34 28 26 39 17 34 16 16 10 12 25 29 13 25 27 34 6 29 28 16 20 14 24 24 32 22 24 42 23 22 22 23 42 13 29 25 23 32 9 28 40 24 29 21 18 48 30 35 17 51 25 18 24 13 48 23 8 17 30 10 40 10 15 25 28 26 22 23 26 12 15 22 23 19 18 33 34 37 19 33 12 31 31 30 38 27 21 28 10 16 16 22 22 19 
9 22 25 18 24 32 26 32 27 26 22 34 27 10 32 16 24 31 12 22 23 18 17 21 30 9 24 29 21 28 24 39 14 19 9 19 13 23 16 17 28 32 14 47 32 24 22 15 21 12 19 35 32 37 25 17 29 27 31 23 32 36 22 17 32 36 21 16 30 15 32 21 22 19 11 13 22 17 38 19 50 18 20 23 6 12 21 17 25 31 24 19 29 36 28 28 17 15 30 18 20 26 30 31 12 27 25 20 28 23 34 22 17 25 12 16 5 27 18 23 
18 32 10 15 22 18 21 24 25 31 34 13 4 18 31 18 28 29 13 25 32 25 37 17 21 15 24 18 20 22 10 16 9 11 6 18 30 28 15 18 32 18 20 23 35 9 16 20 26 12 46 28 28 30 20 12 20 18 36 11 29 25 18 26 20 25 25 14 22 21 19 33 23 28 23 27 26 20 26 29 31 16 24 16 18 19 14 22 23 21 9 33 30 35 38 38 16 19 23 25 17 26 33 25 12 25 33 25 33 22 28 17 16 28 19 16 14 15 18 46 
18 22 29 24 18 23 30 40 20 34 25 15 17 15 16 27 28 33 18 20 17 13 33 11 17 22 19 14 9 30 27 38 10 12 15 15 24 13 17 19 30 15 11 24 16 17 15 20 23 22 29 20 44 13 23 15 24 23 31 19 28 16 9 31 10 42 17 19 24 21 21 30 30 25 20 31 21 17 29 33 37 7 19 19 11 18 34 16 13 26 15 20 22 30 25 34 22 11 33 21 19 32 26 34 18 22 15 31 31 42 33 41 23 20 21 17 20 16 5 37 
14 21 22 25 22 28 28 27 24 38 29 34 18 19 35 24 22 22 16 29 37 22 29 16 34 15 25 34 17 21 15 24 12 24 14 12 37 23 17 16 25 32 15 17 38 20 15 11 20 14 14 41 31 12 33 21 33 14 30 20 30 23 9 35 23 31 25 28 36 22 22 45 34 17 25 28 22 12 20 36 21 8 17 29 21 12 27 5 20 26 29 42 30 45 25 38 22 21 23 11 14 14 31 26 17 37 32 28 24 23 37 18 19 23 24 18 19 11 32 28 
28 9 34 41 15 30 25 22 27 36 25 17 22 15 27 26 23 29 15 15 33 23 21 19 34 12 21 38 13 35 23 36 21 28 13 20 24 18 24 29 28 28 17 39 41 23 10 18 22 16 42 27 35 33 24 24 37 21 26 21 14 34 17 25 22 46 6 16 24 21 9 32 23 16 14 30 16 21 30 34 22 9 14 33 21 13 21 19 25 17 14 26 39 11 25 17 22 9 34 37 15 23 21 31 19 27 32 17 37 23 15 24 20 29 30 19 22 24 16 11 
13 31 18 27 14 20 36 33 39 19 30 49 21 17 16 27 20 23 17 22 28 16 33 8 27 15 29 26 20 46 19 30 12 21 12 17 17 31 20 11 14 35 15 30 44 14 19 18 23 12 21 32 20 27 19 19 23 26 20 21 26 19 19 17 14 47 31 25 21 10 17 17 35 16 37 48 10 18 35 29 40 13 18 33 24 20 36 19 26 25 27 30 39 21 27 32 13 16 21 16 13 18 29 30 17 25 16 33 30 46 23 15 29 22 24 15 22 24 26 34 
21 24 9 27 29 26 28 25 20 35 24 23 30 18 28 14 31 34 10 13 28 14 26 8 13 14 26 23 20 23 35 33 18 15 9 27 32 30 23 28 27 27 22 30 32 23 15 14 15 21 19 35 33 34 15 17 45 32 38 16 27 25 16 19 16 45 16 26 24 15 20 32 29 18 16 18 17 24 17 29 39 15 15 23 12 18 28 19 26 26 28 33 10 36 23 27 17 13 43 23 16 28 30 42 8 17 34 31 19 29 37 27 13 28 20 17 15 16 29 31 
16 27 11 10 15 27 43 20 37 35 23 41 23 13 27 21 24 31 19 24 28 12 31 18 30 8 27 15 21 37 20 20 18 10 20 12 22 18 13 13 37 31 9 26 42 15 16 16 24 19 31 38 24 16 28 13 25 30 19 3 27 25 14 44 23 44 24 16 41 18 23 23 29 27 32 37 22 18 30 17 4 22 30 26 19 20 21 20 23 16 26 16 27 25 33 34 19 20 33 27 14 16 32 16 20 28 13 15 27 33 25 41 24 29 23 3 12 26 21 29 
24 22 14 16 22 19 35 24 32 45 34 19 18 10 33 22 29 38 17 15 34 16 26 14 26 15 23 25 8 40 30 33 15 26 18 23 25 19 15 24 18 22 15 29 22 14 18 18 18 15 26 32 18 36 21 21 25 16 29 17 33 23 15 18 22 20 26 19 38 16 21 37 29 22 31 22 22 12 25 15 32 12 21 23 13 9 17 17 22 20 31 20 37 27 43 31 10 5 19 20 20 36 22 31 15 37 27 26 45 47 38 25 20 14 20 18 21 29 36 32 
24 25 8 19 26 7 18 25 26 31 38 29 21 16 30 16 35 40 13 19 31 18 39 20 35 16 37 29 7 14 19 32 7 18 17 20 34 18 21 11 33 22 21 33 17 21 16 18 15 22 50 35 21 24 23 6 19 27 25 13 17 20 14 29 21 34 30 15 39 7 24 25 33 28 19 24 15 20 32 44 30 17 13 16 20 13 29 20 27 23 26 28 30 33 39 31 18 18 20 19 10 33 22 16 11 23 36 38 20 16 33 15 22 24 11 21 10 19 14 57 
16 15 29 17 22 22 21 27 19 39 33 29 24 27 25 22 18 43 13 19 21 21 32 13 33 15 37 18 20 25 16 19 9 32 17 22 22 27 23 11 26 21 13 33 22 13 20 14 27 17 33 38 34 38 17 14 23 30 27 18 27 18 27 24 31 31 22 21 33 17 19 38 18 16 19 27 19 14 28 32 21 25 22 16 12 22 24 17 32 21 26 19 37 34 16 34 13 12 29 11 15 37 35 27 18 23 30 20 17 29 43 15 15 17 13 10 19 31 25 33 
24 28 15 26 24 29 32 33 30 38 32 34 5 10 26 27 28 23 15 11 26 19 41 8 28 19 27 21 15 41 25 50 18 27 10 21 20 19 19 16 24 33 20 24 22 13 13 14 27 20 22 25 21 25 27 15 19 27 29 17 43 31 11 29 16 41 24 17 35 18 23 25 12 34 25 25 20 15 16 39 24 22 21 22 16 21 28 18 25 26 17 31 17 21 35 26 19 13 29 30 18 17 35 26 12 23 33 24 24 51 42 32 25 21 20 19 7 16 16 21 
16 37 19 19 25 15 33 24 14 29 20 36 20 9 26 13 31 24 19 19 23 15 23 14 32 19 30 28 20 31 23 30 17 19 12 22 29 22 21 18 18 35 16 25 36 16 17 24 25 19 33 32 27 20 17 13 24 34 28 12 39 14 9 29 18 28 12 15 31 12 13 23 31 20 20 33 21 17 16 28 31 18 16 24 15 15 34 18 21 9 32 30 19 33 19 16 29 15 18 13 19 40 22 27 20 26 44 18 24 35 26 39 16 17 21 25 17 12 17 24 
20 22 22 17 19 18 21 38 37 19 33 25 15 23 34 21 19 25 12 19 25 16 34 13 25 18 23 30 14 6 20 36 24 13 15 4 17 23 29 21 27 25 15 27 28 15 20 14 22 27 15 39 24 27 21 18 34 24 27 21 31 19 14 17 25 46 29 28 50 15 23 30 33 27 26 34 20 12 22 46 33 4 21 18 10 17 26 8 19 29 13 22 42 29 15 29 17 13 23 27 8 34 31 29 14 26 18 29 37 21 29 30 21 22 21 15 20 11 26 37 
20 27 14 16 16 19 43 19 26 23 23 20 24 17 33 12 25 32 19 30 26 11 27 16 31 18 34 39 12 24 22 30 18 24 11 23 27 31 19 21 20 30 13 37 36 23 14 28 20 9 43 27 29 27 17 19 20 26 18 27 25 20 22 34 23 31 27 17 20 23 27 22 19 14 18 31 13 14 20 14 23 12 17 22 17 10 30 23 25 20 26 15 27 31 20 13 25 12 24 23 11 36 32 31 9 30 35 32 24 16 31 19 15 27 25 21 10 24 27 50 
14 32 15 24 27 23 29 21 26 37 31 30 25 21 16 30 19 35 22 16 32 20 38 14 29 20 29 28 23 35 25 37 16 15 9 17 25 22 18 19 30 28 13 11 29 14 12 19 16 24 33 33 14 11 24 11 26 31 40 12 28 18 14 26 24 24 25 26 27 11 14 21 22 25 27 36 27 10 21 32 28 9 24 12 18 20 26 25 22 16 23 22 39 28 28 25 24 18 22 11 18 29 40 29 17 24 26 26 20 50 27 21 26 22 26 18 10 24 18 32 
21 24 29 13 25 18 24 37 34 25 34 32 15 20 15 27 20 25 16 21 36 14 30 13 34 14 22 34 13 35 20 30 8 11 13 24 23 27 15 12 27 28 19 33 49 17 7 17 26 14 14 14 24 28 14 18 27 27 25 28 15 22 11 41 19 39 15 27 35 12 19 32 25 26 26 36 20 20 8 44 29 15 18 22 13 17 19 14 21 21 28 21 17 31 29 40 12 12 24 16 14 36 23 30 9 21 30 29 27 25 33 24 23 31 21 12 20 21 24 46 
24 24 27 37 12 19 29 25 16 31 34 28 29 19 25 23 28 31 8 20 27 15 35 10 27 20 10 34 20 25 27 33 15 13 15 25 19 5 32 16 15 28 17 34 30 16 22 22 17 17 26 33 35 15 11 15 35 16 23 29 27 23 12 36 22 42 22 13 41 19 22 28 20 24 23 24 19 17 33 27 23 12 19 18 14 15 30 15 24 28 20 17 33 25 29 22 10 14 27 29 13 22 27 36 12 30 28 25 42 42 36 25 35 19 17 14 17 19 20 19 
18 24 15 7 23 17 34 18 24 28 35 39 28 14 21 25 16 30 17 22 32 11 33 12 31 16 20 22 20 26 33 36 17 13 4 13 12 27 15 23 19 24 17 23 31 20 20 14 10 25 26 25 31 40 4 11 35 18 29 22 12 21 13 42 25 36 33 21 35 19 42 30 25 30 26 34 25 14 18 20 36 18 20 31 19 17 21 19 20 24 37 24 23 29 18 13 18 15 23 21 13 37 38 25 17 28 23 32 27 32 23 24 31 29 16 10 28 10 24 38 
12 21 26 9 22 18 18 18 21 37 21 43 19 13 25 32 18 15 18 16 11 22 42 14 43 15 40 19 20 27 27 37 9 18 15 19 40 21 20 17 32 22 17 23 29 17 18 18 17 17 41 22 40 38 32 14 41 40 36 25 26 35 15 20 19 28 28 32 24 14 26 24 29 36 32 32 4 19 22 26 21 17 19 27 13 12 17 29 21 29 28 25 44 36 39 27 15 17 47 22 18 34 19 26 21 30 34 37 10 30 31 16 32 14 23 20 16 29 22 36 
15 20 15 26 21 27 36 35 41 31 29 19 18 21 38 19 23 25 20 34 12 18 25 12 31 18 26 31 24 36 29 18 16 12 10 25 25 24 6 16 29 30 14 43 22 19 21 17 20 12 32 43 33 23 19 23 27 29 23 19 14 29 17 25 23 41 18 21 27 24 24 15 12 23 21 30 17 16 19 27 46 11 15 20 14 15 26 15 17 13 36 21 31 27 28 34 12 18 24 21 16 40 31 31 16 35 25 27 33 35 34 31 17 25 9 10 17 23 25 28 
23 25 22 16 25 17 38 21 17 33 31 22 20 17 12 28 33 37 14 16 26 18 19 15 23 17 7 30 18 44 28 31 15 16 17 17 32 37 18 21 29 26 17 21 28 15 23 15 33 22 33 29 19 11 13 16 37 28 30 21 21 18 21 31 17 17 26 22 27 14 16 14 26 6 22 35 18 14 19 41 18 18 13 21 7 21 33 17 30 21 18 29 31 29 30 17 24 14 30 21 15 39 33 28 13 28 21 34 24 25 29 37 27 15 18 14 15 18 18 38 
30 20 18 26 20 21 21 17 25 24 42 30 17 13 23 15 28 23 11 21 20 23 40 13 30 15 29 42 22 48 15 28 20 9 14 21 30 24 16 14 26 26 16 46 37 16 21 21 31 16 26 34 33 31 21 13 20 26 21 23 17 16 16 28 23 28 42 9 10 18 15 20 36 22 33 25 19 21 25 34 29 22 10 9 20 15 28 13 26 27 25 12 29 28 27 33 12 24 30 10 16 38 12 23 17 33 34 24 39 39 38 34 21 27 14 16 20 20 18 29 
19 31 15 26 24 28 4 30 20 40 14 26 30 15 25 17 40 34 13 16 21 19 33 19 27 14 13 21 17 37 3 28 14 25 8 13 25 28 8 19 26 7 17 13 31 18 19 27 22 24 41 33 31 43 32 18 28 31 35 16 26 14 15 28 21 31 33 18 29 17 25 26 14 26 26 37 14 12 27 43 26 19 32 16 13 8 25 24 21 27 29 24 38 13 36 23 19 14 19 17 15 35 27 36 14 14 17 29 27 46 39 28 32 32 15 15 18 19 20 15 
19 21 17 25 19 28 36 21 21 32 29 26 24 19 20 18 43 43 9 15 19 11 30 14 37 15 17 34 17 18 19 20 15 30 20 9 23 25 27 10 33 16 14 5 15 9 21 17 23 1 10 7 18 28 24 13 32 30 30 19 20 17 12 22 18 31 23 28 23 13 19 23 29 19 24 38 15 11 27 27 38 13 15 20 18 12 10 16 27 31 18 32 35 23 39 22 18 16 11 25 14 23 31 26 12 25 28 24 21 30 24 20 30 27 14 14 19 23 29 35 

MachineCapacities:
MachineID Capacity
0 10
1 10
2 10
3 10
