NumTasks NumMachines NumScenarios
30 4 30
TaskDetails:
TaskID ReleaseTime ResourceConsumption SuccessorsCount Successors...
0 0 7 4 9 2 2 2 3 
1 0 3 9 3 3 2 2 3 
2 0 1 6 6 8 2 4 6 
3 0 2 8 2 4 2 5 6 
4 0 2 5 4 5 1 5 
5 0 8 9 10 1 1 7 
6 0 10 3 5 8 1 8 
7 0 3 3 7 7 1 8 
8 0 4 9 5 6 1 9 
9 0 2 2 4 3 1 10 
10 0 10 6 7 4 0 
11 0 1 7 5 7 2 13 14 
12 0 2 8 7 3 1 16 
13 0 9 8 6 10 1 16 
14 0 7 4 9 5 1 16 
15 0 5 4 10 3 1 17 
16 0 6 8 4 7 1 17 
17 0 2 9 10 1 3 18 19 20 
18 0 2 3 5 6 2 21 22 
19 0 6 9 7 8 1 22 
20 0 5 9 6 9 1 23 
21 0 2 10 9 3 2 24 26 
22 0 4 3 7 10 2 23 26 
23 0 6 3 4 5 1 24 
24 0 9 5 8 4 2 25 27 
25 0 4 5 9 2 1 28 
26 0 4 3 5 1 2 27 29 
27 0 4 6 2 2 0 
28 0 6 5 10 2 1 29 
29 0 6 4 5 4 0 

22 8 15 24 21 28 20 19 32 17 29 25 23 17 24 23 19 18 26 39 18 26 31 38 21 26 31 22 26 20 16 30 16 30 16 26 14 14 25 31 11 34 26 13 36 23 19 21 21 27 22 35 11 22 19 17 18 23 26 9 20 16 24 27 41 25 19 22 24 41 24 25 19 20 41 12 22 20 20 28 20 24 34 31 29 36 21 45 23 18 31 21 22 16 28 17 29 24 18 17 27 37 16 18 20 33 37 14 19 25 23 26 12 38 31 13 9 13 23 9 
23 26 24 29 21 21 10 20 31 24 23 28 16 9 22 18 33 23 23 27 23 20 26 35 20 29 16 27 39 10 19 19 16 37 20 13 22 16 20 35 33 24 25 23 17 14 12 14 32 28 16 31 20 28 26 18 28 19 18 13 16 11 13 13 40 29 22 31 18 35 19 27 18 28 21 20 28 23 18 33 24 27 36 25 14 27 40 34 24 14 35 25 20 17 38 10 29 21 17 28 23 28 12 29 28 45 29 17 31 29 24 27 21 44 29 15 25 23 22 35 
12 15 18 22 24 28 19 13 15 19 23 30 26 20 36 26 20 12 32 28 17 20 34 29 23 39 25 20 18 13 23 19 17 27 18 21 13 17 9 27 26 34 21 22 38 12 13 17 34 29 23 33 26 21 20 15 18 21 18 15 13 17 22 25 14 25 19 33 40 29 12 41 15 16 10 29 14 27 32 13 13 28 26 13 11 23 37 20 17 13 25 14 21 11 26 22 20 19 19 32 6 31 18 20 27 23 24 19 21 28 27 24 13 29 33 18 20 14 14 20 
13 24 9 15 24 32 20 9 31 15 22 38 18 14 15 23 39 20 18 31 15 16 28 34 21 20 26 25 32 11 39 28 17 16 14 33 25 18 18 26 29 22 28 17 40 24 11 22 19 21 22 25 12 18 16 9 36 13 25 12 19 19 21 21 43 27 21 11 27 29 23 33 19 29 28 17 18 28 38 24 21 34 27 15 24 25 16 33 17 20 25 13 17 35 28 20 33 26 24 8 16 30 24 30 21 13 21 18 26 14 25 33 17 19 40 25 22 18 19 18 
26 25 12 16 18 24 22 16 9 21 43 28 19 11 34 11 22 24 23 38 18 18 25 21 35 32 31 14 9 8 39 23 20 35 18 27 25 19 7 39 34 14 29 27 19 14 14 12 47 31 25 26 23 22 28 29 30 20 22 16 14 23 14 25 31 17 10 20 16 39 28 27 12 14 31 19 12 12 26 36 14 23 27 15 28 40 33 24 14 19 21 13 18 24 14 13 27 9 10 24 17 24 14 28 15 26 28 20 11 17 25 26 12 24 24 14 31 15 27 36 
23 30 12 10 14 16 20 14 28 23 36 21 20 15 24 12 26 16 36 33 13 15 6 32 25 22 27 22 32 14 19 22 20 25 21 22 24 20 18 26 20 17 23 14 49 28 11 10 30 32 26 18 27 12 24 20 29 23 26 17 23 20 17 7 38 25 24 17 30 15 22 28 19 29 34 25 23 12 30 31 15 18 25 21 22 18 46 29 13 23 10 27 14 22 7 12 29 24 12 19 17 22 17 36 27 21 19 22 31 27 19 20 14 23 41 8 22 21 24 31 
13 20 13 20 25 19 25 11 25 22 29 20 23 14 35 24 23 11 43 34 20 15 22 40 22 27 21 20 24 14 34 27 9 33 19 23 21 24 18 22 19 13 30 22 28 21 12 17 40 25 21 32 15 26 32 14 20 17 14 25 20 24 17 8 24 19 21 21 33 25 16 19 13 33 48 25 14 16 31 28 21 19 10 32 32 26 38 32 10 23 24 19 18 18 19 11 28 18 22 28 12 31 18 24 20 23 13 19 14 24 19 27 13 40 31 21 17 11 24 33 
23 33 14 19 27 21 21 15 38 16 17 28 14 12 34 22 30 26 18 22 21 16 23 46 24 43 13 12 32 18 7 33 24 24 16 17 21 10 15 33 13 25 32 27 25 26 17 15 30 34 4 36 13 22 9 6 17 18 16 25 14 27 23 24 36 19 16 29 30 13 29 36 15 29 38 12 19 15 19 25 15 19 25 22 32 17 45 8 13 25 31 21 26 37 26 17 30 22 18 27 13 16 19 24 25 35 16 21 32 16 30 19 18 32 35 19 25 16 25 22 
28 34 15 25 24 21 21 19 31 16 22 18 26 15 42 20 28 17 16 29 9 12 34 22 39 37 22 27 30 16 32 23 20 23 17 21 12 8 20 16 27 31 34 19 20 11 16 18 33 37 24 25 18 15 23 19 10 16 30 21 17 3 25 18 35 23 24 32 49 16 14 35 36 23 42 20 23 33 36 32 20 19 24 19 20 15 36 23 16 17 30 25 18 33 36 13 19 31 18 24 8 32 20 19 26 15 31 20 33 14 27 25 12 29 29 19 31 18 13 23 
13 26 17 23 28 25 18 19 24 23 38 41 28 22 30 15 18 19 12 25 14 13 39 15 31 22 24 20 38 16 22 25 19 33 16 24 17 22 20 35 25 22 32 25 41 13 16 18 18 29 27 33 16 15 15 17 29 7 14 19 19 20 27 16 29 19 22 9 21 28 16 39 27 22 17 32 16 20 29 18 17 21 29 26 19 26 39 17 18 27 30 17 19 25 23 18 18 23 11 24 18 29 13 34 32 16 19 12 19 17 19 24 27 22 12 12 25 22 17 27 
25 31 14 26 17 6 21 16 25 20 39 22 28 19 35 9 26 20 27 16 10 17 32 27 22 26 19 26 41 5 13 29 14 39 18 14 20 23 21 33 31 33 37 16 29 21 6 16 36 29 16 39 25 13 33 8 13 10 30 14 19 16 21 31 25 14 26 40 10 30 34 24 27 22 42 25 6 23 31 36 19 21 30 22 26 18 35 23 19 23 30 20 12 18 25 9 26 32 24 27 19 20 14 30 20 22 13 25 30 32 28 15 17 27 23 15 25 13 22 20 
16 14 22 23 27 22 20 20 34 36 25 25 22 16 24 27 25 16 34 33 20 18 17 28 25 32 14 8 28 15 26 36 19 33 14 23 16 24 16 25 38 25 38 25 35 25 19 19 28 30 25 20 19 34 13 14 20 18 35 19 21 27 20 31 22 19 19 33 21 35 19 47 25 31 24 18 29 26 16 29 17 25 27 23 20 9 31 24 20 23 23 19 15 25 21 18 21 24 14 17 3 22 15 16 29 23 13 24 16 24 21 17 11 34 27 14 29 13 25 21 
26 20 14 35 16 27 18 13 24 24 38 30 24 11 48 16 16 14 14 19 17 18 17 43 25 26 21 21 28 13 27 19 17 25 15 23 16 20 14 25 18 25 13 22 40 13 12 19 19 31 31 21 19 27 21 24 23 11 21 24 14 23 10 25 24 27 22 25 13 13 30 34 15 22 22 34 22 28 27 27 24 13 33 21 31 30 25 38 17 17 32 18 19 18 23 17 18 24 17 22 24 12 22 10 20 16 23 26 26 18 27 26 6 49 35 14 24 6 22 5 
12 27 14 23 34 15 11 20 28 22 26 30 26 23 21 23 24 16 42 25 18 24 23 41 35 29 32 27 39 9 43 11 13 30 20 16 28 18 24 26 13 21 11 13 26 13 13 11 24 36 22 19 24 23 20 22 27 25 34 17 15 29 18 30 29 27 28 33 34 17 13 31 17 12 37 24 32 15 15 33 21 25 31 17 20 33 28 36 22 17 22 17 29 18 18 18 17 12 15 28 21 30 20 34 15 19 27 18 27 24 23 17 16 27 33 18 27 17 19 14 
22 31 16 18 21 17 18 22 26 29 24 10 19 15 42 21 39 23 18 28 16 17 32 37 16 27 22 27 21 21 18 15 18 23 13 19 17 16 18 28 31 20 37 17 26 17 20 17 36 30 29 31 22 28 26 18 27 18 39 14 17 24 13 32 35 17 39 25 30 26 31 37 12 18 30 17 15 15 30 32 15 37 26 21 17 18 26 32 15 26 31 9 9 20 20 14 23 20 19 26 17 27 13 31 26 25 13 24 27 32 36 11 19 28 58 13 20 9 20 18 
14 26 17 34 40 32 21 19 29 19 28 28 14 12 20 23 30 16 16 23 12 19 26 27 22 23 23 25 27 12 16 22 13 37 13 21 14 17 14 30 17 26 22 23 33 18 20 18 25 18 29 31 16 23 28 22 35 14 27 26 11 13 18 20 36 15 27 26 30 22 15 26 17 19 34 27 14 30 9 28 26 21 22 15 35 25 20 17 15 29 29 21 9 32 23 22 23 15 12 27 32 37 17 32 28 36 21 18 45 28 28 31 12 37 35 14 24 19 33 34 
28 31 7 26 28 13 15 19 22 19 26 42 17 22 36 22 22 17 14 31 13 15 12 23 24 16 15 24 19 21 23 17 19 46 20 29 18 9 13 26 29 22 37 18 34 9 16 7 20 12 32 27 27 17 25 12 27 14 27 18 21 21 22 10 28 29 20 26 27 41 26 46 13 26 24 18 18 13 36 28 15 40 26 24 35 23 27 28 21 24 33 19 17 24 37 16 32 28 20 23 24 35 14 19 19 26 23 21 34 34 37 21 13 31 37 14 26 8 20 22 
20 29 17 21 37 24 15 20 18 21 34 25 20 18 27 18 26 28 15 34 14 23 28 28 22 34 14 22 28 17 30 32 14 35 16 22 18 29 20 43 36 18 36 22 27 15 17 14 35 27 12 24 17 23 25 12 21 18 26 17 18 11 22 19 28 22 12 27 24 30 19 35 17 19 28 22 23 31 39 32 16 19 31 23 17 24 33 19 10 17 41 14 15 26 34 15 9 16 12 32 20 9 25 32 26 26 21 18 27 7 28 19 15 18 20 22 20 18 23 23 
24 25 16 7 20 21 16 11 36 24 24 27 24 17 27 14 14 21 32 30 8 21 36 32 24 27 24 27 38 17 25 29 17 16 14 23 24 18 14 26 25 35 33 18 8 21 11 15 26 17 33 11 25 12 26 25 26 16 5 15 11 12 22 36 36 22 12 27 33 17 25 44 25 23 25 19 11 17 18 23 17 11 38 16 26 20 49 21 18 19 26 13 18 27 26 18 35 31 13 23 16 25 19 22 25 16 25 13 25 13 10 26 18 23 24 12 24 13 34 33 
16 14 9 26 26 28 26 23 31 23 32 39 16 10 20 23 23 20 33 20 20 20 11 17 26 33 21 20 34 11 30 22 12 35 16 28 11 22 21 15 27 30 20 19 52 13 14 22 41 46 31 28 23 21 28 19 33 18 21 16 9 16 19 17 26 18 31 20 26 27 27 15 18 20 39 40 24 19 29 35 18 21 23 24 27 31 31 26 19 20 27 25 22 32 17 16 27 28 19 29 10 41 11 31 27 16 34 20 39 25 32 29 8 23 34 18 32 26 25 25 
13 21 16 17 20 21 22 16 27 17 33 15 24 15 28 18 21 11 39 23 17 10 39 34 30 30 20 32 31 13 29 26 17 28 17 17 26 10 12 34 35 31 23 22 20 28 12 14 35 25 21 25 18 18 21 8 23 15 16 17 17 20 28 22 28 23 20 34 41 23 25 47 18 26 39 29 29 15 32 34 31 17 38 24 27 38 38 26 19 22 17 20 14 18 27 16 28 21 22 30 30 23 19 34 15 31 27 20 31 32 16 19 8 30 33 16 36 17 24 19 
27 22 16 30 19 18 22 15 29 26 29 40 13 11 33 28 24 15 49 27 17 16 36 21 13 29 16 31 28 17 14 15 16 27 21 29 20 21 11 17 15 37 36 25 32 22 19 12 43 32 19 26 17 16 27 24 19 17 22 20 24 19 21 22 39 26 8 35 22 19 20 40 18 17 52 24 11 18 22 28 28 13 37 31 18 36 34 31 19 18 32 25 27 25 21 16 23 26 22 32 19 31 16 24 19 19 10 17 34 20 20 12 10 17 51 14 34 17 21 26 
25 17 18 25 26 22 17 14 12 19 38 14 9 13 25 15 27 10 42 22 13 16 45 22 29 12 28 24 43 15 27 21 16 29 26 25 21 12 19 27 19 15 28 15 33 12 17 10 17 40 28 33 27 19 20 23 10 17 27 17 12 29 19 27 26 16 16 24 27 43 25 17 21 31 37 28 13 27 28 28 15 20 17 10 20 52 8 41 18 15 23 14 21 28 40 11 23 10 23 26 27 16 23 23 20 12 32 19 18 22 13 29 23 26 38 15 12 21 17 23 
31 29 16 17 24 7 16 16 23 11 24 34 23 20 27 24 10 24 26 29 15 8 27 26 23 29 25 27 35 15 35 37 15 29 21 26 19 15 20 23 23 22 29 14 26 20 15 21 30 36 21 23 23 16 23 25 29 20 10 19 21 28 22 20 29 24 21 25 31 32 26 35 23 21 29 20 27 24 30 24 30 21 31 28 25 28 45 35 10 21 34 16 11 23 33 22 20 18 16 26 15 11 13 23 16 27 16 26 17 31 18 21 13 25 26 15 25 15 20 27 
20 25 17 23 32 14 20 19 28 21 28 30 17 15 20 22 40 21 35 24 16 19 31 29 22 26 12 22 21 22 29 23 11 19 18 26 24 21 20 29 34 35 34 15 23 13 15 22 34 33 17 34 31 17 22 9 18 18 21 26 16 24 17 28 18 19 27 32 31 16 17 29 24 28 45 14 15 31 17 21 18 24 32 11 24 39 30 37 20 34 29 23 23 28 26 16 23 22 12 36 24 11 14 29 16 24 18 23 44 21 18 21 10 32 15 15 37 24 21 17 
18 26 18 23 17 12 15 18 30 17 47 37 16 19 19 24 20 23 35 16 18 22 32 30 21 33 25 26 18 20 30 35 17 28 17 17 25 19 17 17 23 28 21 31 32 16 14 11 24 34 33 16 20 19 23 21 35 20 19 20 19 25 22 25 29 22 28 33 31 4 18 19 15 22 37 36 19 16 13 26 19 18 21 16 22 24 42 15 17 31 34 13 7 13 25 16 24 23 14 28 23 25 16 36 21 37 10 26 31 25 20 25 15 33 12 9 33 15 25 33 
31 15 15 23 16 30 15 17 28 14 20 35 31 14 18 22 24 21 24 16 10 18 32 37 8 30 14 33 36 19 28 27 16 17 12 23 17 15 11 26 26 23 30 17 27 21 10 16 44 42 28 36 17 31 16 11 16 20 24 19 15 28 24 32 19 21 17 24 19 30 26 23 21 29 25 24 12 20 26 29 18 12 29 15 13 28 35 30 5 14 24 14 16 26 14 15 30 26 18 27 25 38 14 19 17 22 17 14 29 31 25 34 17 23 27 14 36 17 22 24 
29 24 11 11 17 15 27 19 33 26 33 33 12 13 20 19 28 22 55 18 12 27 23 24 22 29 24 15 30 20 21 24 17 37 22 23 31 15 15 29 16 25 22 20 26 18 17 13 22 17 35 29 22 24 23 16 27 19 23 26 19 23 9 25 27 20 19 31 37 31 19 21 23 27 20 19 19 23 23 26 24 22 27 18 21 9 37 41 22 17 38 14 15 24 24 25 24 12 18 26 28 32 19 35 28 25 25 15 27 14 20 21 20 17 13 12 25 13 21 22 
33 28 20 21 31 28 16 24 9 17 23 37 18 19 37 31 21 16 25 14 22 16 30 29 21 30 24 24 36 19 27 16 13 21 21 27 26 20 19 32 22 19 28 20 20 21 17 16 42 31 21 21 21 39 40 13 15 22 17 20 8 14 18 10 37 9 31 39 26 13 20 43 24 33 29 18 10 23 19 27 16 15 19 18 27 20 46 24 13 27 21 16 15 16 31 21 26 22 22 21 16 24 14 24 16 30 18 14 32 22 23 27 12 35 44 16 34 16 13 29 
16 22 14 15 26 28 20 10 27 15 19 35 21 23 31 17 28 20 20 31 19 18 26 25 35 28 23 19 32 10 22 18 18 19 12 26 19 26 18 21 43 26 25 14 15 12 18 21 23 33 15 21 9 18 32 16 19 19 24 15 19 10 19 21 37 13 24 42 46 14 26 29 21 17 28 20 22 30 14 21 15 18 14 21 27 37 30 24 12 19 20 10 32 14 32 11 28 30 28 29 27 30 26 37 21 26 16 24 21 30 25 27 25 22 25 19 19 8 31 21 

MachineCapacities:
MachineID Capacity
0 10
1 10
2 10
3 10
