NumTasks NumMachines NumScenarios
30 2 10
TaskDetails:
TaskID ReleaseTime ResourceConsumption SuccessorsCount Successors...
0 0 5 9 3 8 17 18 
1 0 5 1 7 13 14 16 17 19 20 22 
2 0 9 1 5 13 20 22 23 24 
3 0 2 9 7 12 13 14 15 17 19 23 
4 0 3 5 5 14 15 18 21 22 
5 0 6 4 4 17 20 22 23 
6 0 1 2 5 17 18 19 21 22 
7 0 7 8 5 19 20 21 22 24 
8 0 3 3 5 19 20 22 23 24 
9 0 9 3 3 20 23 24 
10 0 4 9 3 14 21 23 
11 0 2 3 3 20 22 24 
12 0 7 2 2 22 24 
13 0 5 3 1 21 
14 0 5 6 1 24 
15 0 1 5 2 20 24 
16 0 7 4 1 24 
17 0 7 3 1 24 
18 0 9 4 1 20 
19 0 2 8 0 
20 0 9 7 0 
21 0 9 7 0 
22 0 4 6 0 
23 0 8 5 0 
24 0 3 2 0 
25 0 4 8 0 
26 0 2 5 2 28 29 
27 0 7 8 0 
28 0 5 6 0 
29 0 2 3 0 

24 17 5 3 29 11 9 14 30 27 32 32 16 18 21 20 21 11 18 13 16 26 20 24 18 21 15 14 30 33 27 28 9 17 24 17 20 13 17 18 20 28 17 27 10 32 25 46 18 36 31 28 41 15 25 18 19 12 10 29 
7 20 19 22 29 37 15 13 12 19 28 15 14 18 35 17 6 18 23 12 31 29 10 20 18 13 12 24 27 30 15 26 30 24 28 18 20 28 12 16 16 30 26 26 13 40 12 22 17 27 18 26 25 23 14 36 29 18 21 24 
18 35 17 19 22 31 21 13 11 12 45 31 12 22 32 29 11 24 21 20 29 27 23 36 12 13 18 12 13 34 27 31 31 26 31 16 11 13 14 30 32 27 42 19 15 30 22 5 24 41 18 20 18 18 21 14 28 14 24 24 
26 22 25 14 34 15 23 11 19 23 30 30 14 25 21 27 20 24 15 17 28 28 18 28 17 18 18 18 30 18 21 27 34 32 23 7 33 10 18 29 27 27 26 27 14 19 28 28 28 13 33 32 17 35 15 22 20 15 18 28 
25 17 9 29 26 35 16 20 31 30 23 37 19 26 29 16 13 26 17 22 26 19 14 20 19 19 11 18 18 37 24 30 39 19 19 13 26 24 12 26 23 21 31 17 20 28 23 21 32 35 24 22 28 29 13 22 18 22 20 8 
9 35 20 29 34 24 25 23 11 17 22 39 14 19 31 13 22 13 11 18 25 21 14 27 18 6 29 28 29 41 37 27 21 18 29 17 22 24 18 37 13 24 15 29 20 21 25 31 23 36 29 32 21 31 13 20 33 18 16 24 
19 39 17 29 47 19 24 26 24 18 34 28 13 8 25 11 16 27 18 17 26 20 16 31 23 18 25 18 29 24 18 20 27 20 19 18 11 27 18 33 28 25 29 20 21 33 26 18 11 34 15 24 12 21 10 31 33 17 21 33 
26 22 13 20 26 20 36 18 23 19 23 28 10 22 43 12 16 12 15 26 19 30 17 23 14 16 22 16 22 27 25 26 27 24 24 17 23 22 15 44 18 43 29 19 17 21 14 17 29 26 27 24 26 12 14 12 23 18 25 20 
11 36 11 13 24 25 29 28 31 22 33 23 12 20 30 13 26 19 15 22 28 23 14 19 24 14 15 17 16 26 20 30 39 15 24 24 33 16 8 24 27 21 38 22 27 23 24 20 15 25 25 32 23 30 7 13 32 20 21 25 
19 31 21 31 28 37 28 20 36 20 32 26 5 23 22 22 20 10 20 19 24 28 23 19 22 6 20 19 23 35 24 14 26 16 29 21 21 23 10 30 22 23 17 29 21 27 34 32 18 17 19 24 35 13 16 28 41 10 30 24 

MachineCapacities:
MachineID Capacity
0 10
1 10
