NumTasks NumMachines NumScenarios
30 2 10
TaskDetails:
TaskID ReleaseTime ResourceConsumption SuccessorsCount Successors...
0 0 7 8 1 20 
1 0 2 6 2 12 19 
2 0 5 6 3 12 18 19 
3 0 10 10 2 14 18 
4 0 5 4 3 14 17 19 
5 0 8 9 2 13 20 
6 0 10 9 2 18 21 
7 0 5 3 0 
8 0 4 4 1 19 
9 0 9 1 2 19 20 
10 0 2 8 0 
11 0 3 10 0 
12 0 1 9 0 
13 0 9 2 1 19 
14 0 5 1 0 
15 0 5 8 1 20 
16 0 2 4 0 
17 0 6 6 0 
18 0 6 2 0 
19 0 6 8 1 21 
20 0 5 6 0 
21 0 2 2 0 
22 0 3 1 3 26 27 28 
23 0 9 2 0 
24 0 5 10 1 27 
25 0 5 9 0 
26 0 9 3 0 
27 0 3 4 0 
28 0 6 10 0 
29 0 2 4 0 

20 19 20 24 36 22 30 17 25 15 16 34 33 27 24 23 16 31 8 31 18 45 22 14 26 7 17 13 37 16 13 23 27 28 17 32 19 26 17 29 12 18 38 12 31 24 6 15 23 16 15 18 29 34 30 25 25 37 19 25 
13 21 21 16 21 23 14 11 10 10 11 19 27 24 25 27 23 32 20 27 28 32 26 12 31 16 30 9 31 19 13 29 14 24 19 17 17 27 25 25 9 27 16 14 26 23 21 19 15 17 12 17 28 26 28 33 35 19 20 19 
11 17 31 33 35 28 26 22 8 16 12 33 18 23 22 15 39 17 38 29 16 30 25 14 22 17 10 14 29 19 20 30 51 26 21 24 13 25 22 33 11 24 31 14 20 22 17 10 7 20 10 18 28 32 34 34 24 23 31 13 
16 22 23 14 19 22 32 15 11 9 19 26 25 32 28 21 23 23 30 13 34 42 16 16 32 12 22 12 18 37 26 18 27 23 23 38 15 32 31 35 20 37 29 16 21 24 17 15 19 13 18 13 45 16 22 37 21 27 26 17 
5 15 13 24 24 13 16 16 26 17 17 35 24 6 32 11 22 18 29 44 14 34 27 12 28 20 11 15 32 28 12 30 37 14 25 24 15 19 35 23 17 31 26 18 34 13 15 16 28 10 11 13 27 24 9 29 28 32 19 15 
16 10 31 15 27 24 19 14 22 30 14 42 24 24 22 17 27 29 18 23 24 23 18 16 20 10 20 17 43 15 13 21 23 24 21 24 19 33 13 29 12 23 17 17 34 19 17 17 25 21 17 20 31 17 30 39 12 30 28 17 
15 26 20 18 23 18 33 19 22 8 13 23 18 34 13 35 22 16 25 20 16 25 21 14 30 6 17 13 29 31 12 29 43 24 27 30 18 18 26 18 11 24 34 21 19 23 13 11 21 15 17 25 22 19 34 30 29 27 34 14 
21 16 17 15 20 32 42 17 19 20 7 20 29 19 19 21 33 25 16 37 17 36 12 12 24 15 25 17 31 32 16 34 19 27 18 28 14 31 30 36 20 32 14 23 34 15 13 13 20 10 24 24 44 26 42 15 36 25 10 20 
11 19 25 26 32 24 38 19 21 13 13 28 27 32 23 21 24 27 14 34 25 18 18 20 24 13 21 23 29 14 15 18 41 23 12 25 12 30 19 24 16 23 31 19 25 18 13 15 20 15 17 20 36 21 28 30 21 31 21 19 
11 19 19 30 20 27 29 20 22 16 10 25 19 28 10 15 30 25 25 15 18 30 26 16 22 16 20 15 35 2 17 19 18 22 20 30 17 18 29 20 10 26 13 13 31 19 14 17 18 14 15 16 31 27 12 20 30 29 27 15 

MachineCapacities:
MachineID Capacity
0 10
1 10
