NumTasks NumMachines NumScenarios
15 2 1000
TaskDetails:
TaskID ReleaseTime ResourceConsumption SuccessorsCount Successors...
0 0 3 1 2 3 5 
1 0 1 5 2 2 3 
2 0 9 4 2 4 5 
3 0 8 7 1 4 
4 0 10 6 1 6 
5 0 1 6 1 6 
6 0 6 8 0 
7 0 3 9 1 8 
8 0 8 7 1 9 
9 0 4 3 3 10 11 12 
10 0 8 5 2 13 14 
11 0 1 2 0 
12 0 2 8 1 13 
13 0 4 8 0 
14 0 4 6 0 

14 21 23 26 12 19 37 42 21 16 21 17 21 25 33 25 29 30 18 25 12 12 21 22 36 16 36 28 16 41 
21 41 19 23 19 11 21 60 28 20 18 15 17 30 38 26 16 32 21 28 22 15 34 15 22 24 13 17 20 45 
26 27 31 21 11 15 11 29 20 28 13 15 21 18 36 27 19 25 31 29 27 8 25 23 37 20 24 19 22 35 
35 22 30 19 22 18 34 22 29 18 18 19 23 26 52 40 14 32 19 22 21 20 25 24 26 18 18 11 24 12 
35 9 21 27 15 21 17 31 19 22 11 6 24 31 16 23 17 22 27 19 21 26 15 22 16 24 41 14 23 28 
35 27 25 31 20 21 28 38 24 29 19 15 24 25 27 29 23 33 18 42 12 27 18 19 29 24 36 22 17 27 
35 18 26 16 18 17 18 20 17 19 25 25 18 9 26 25 19 27 24 39 16 13 25 23 34 25 16 20 12 30 
39 16 23 7 15 22 14 37 26 11 12 16 24 36 35 32 20 33 19 20 21 17 27 23 49 22 19 27 22 33 
24 18 24 31 16 19 26 42 10 28 21 15 12 24 28 29 13 31 18 21 29 13 22 29 34 13 30 14 23 13 
23 19 13 16 14 13 34 34 32 24 24 20 23 28 21 31 21 17 20 33 23 21 24 20 27 26 26 21 21 30 
42 22 21 22 16 19 20 22 27 22 22 12 20 15 30 30 17 28 18 26 9 15 23 19 24 19 35 26 16 28 
50 17 32 20 7 19 23 22 21 13 15 13 19 18 22 20 15 14 16 29 38 13 30 32 14 17 26 20 13 26 
26 16 18 10 18 16 21 38 11 18 23 30 31 21 28 37 21 28 18 31 35 18 22 13 25 23 32 16 17 35 
44 30 34 22 23 10 18 37 17 18 13 19 26 23 27 32 20 30 24 4 24 13 34 32 42 23 23 22 19 25 
28 40 24 23 17 9 22 38 18 26 18 13 16 28 18 41 22 20 8 37 37 18 26 25 20 24 38 27 18 28 
31 22 26 31 24 16 12 24 31 15 13 21 16 20 23 38 7 24 16 19 31 10 32 23 23 32 30 34 15 45 
23 16 25 30 19 16 26 24 11 12 23 11 20 22 30 18 13 31 23 25 30 16 36 23 26 18 36 6 14 34 
30 21 37 26 11 17 30 21 27 24 17 17 20 24 21 33 18 34 16 41 29 13 19 26 23 27 38 27 20 24 
26 19 17 25 19 19 40 17 29 35 19 22 13 28 30 35 19 20 30 26 27 12 37 14 36 20 34 25 22 25 
38 19 26 24 21 18 19 37 16 15 15 25 12 14 29 27 11 30 13 24 34 12 19 22 32 24 20 34 16 38 
24 13 20 21 29 19 27 31 15 22 22 29 21 14 23 38 16 26 15 34 9 17 23 33 23 27 27 8 22 35 
22 25 31 22 26 11 13 42 30 22 24 19 21 28 31 33 20 26 19 18 27 17 38 32 20 30 32 21 10 27 
28 21 22 21 14 18 24 35 32 15 20 17 24 18 35 34 21 20 24 27 29 16 21 23 28 21 18 23 13 21 
40 28 18 12 15 17 26 31 36 14 9 10 11 25 22 27 19 24 31 15 24 22 27 30 24 21 23 22 10 37 
45 23 39 24 19 18 35 35 30 18 11 30 29 31 9 37 20 21 20 23 29 14 23 16 25 17 13 35 19 16 
47 21 16 14 25 15 25 26 17 15 21 23 14 28 36 11 20 23 19 25 20 16 11 24 17 31 38 34 25 38 
21 21 20 20 13 21 17 31 26 19 21 24 23 17 30 24 11 14 9 13 25 19 25 25 32 31 37 27 6 34 
37 26 23 20 26 13 17 33 21 18 16 19 23 26 26 25 22 40 15 28 29 12 18 29 24 25 27 22 22 26 
26 28 26 22 19 5 24 56 18 28 17 25 14 30 38 22 20 19 15 24 17 12 22 27 29 30 33 23 15 30 
18 23 20 19 21 16 29 38 22 24 11 11 25 17 37 33 24 23 19 30 30 13 30 21 44 24 21 21 14 25 
40 24 31 17 16 19 8 29 18 18 19 25 23 29 10 31 21 26 19 36 42 20 27 17 18 19 28 25 24 24 
26 13 31 20 14 10 24 17 19 21 17 17 15 27 24 28 22 30 18 42 31 19 29 30 28 33 37 23 20 20 
35 10 22 17 19 18 29 35 36 17 20 12 14 18 15 26 17 35 15 35 21 20 20 14 22 34 21 18 16 29 
30 21 31 28 9 16 22 24 27 15 19 23 11 19 29 24 19 22 20 37 27 21 24 30 15 16 34 26 16 38 
36 36 29 23 24 18 30 27 17 19 19 9 8 34 33 15 21 29 21 22 24 15 20 22 18 40 32 21 18 34 
32 12 31 18 20 19 22 33 22 23 15 15 13 37 25 33 10 31 12 40 26 16 33 20 27 34 29 22 9 36 
26 23 30 20 21 10 20 46 39 28 17 23 19 22 16 35 10 24 23 28 35 11 38 19 39 25 44 15 13 35 
24 17 15 20 26 19 31 21 27 21 16 24 10 21 34 20 22 22 27 30 12 16 20 24 4 26 21 19 16 17 
23 21 28 15 19 13 29 17 26 24 12 23 18 23 10 31 22 19 21 31 13 14 35 26 34 24 45 22 20 29 
29 17 32 22 18 23 23 34 28 26 20 21 14 28 36 23 19 33 26 32 22 13 22 31 35 33 35 23 12 38 
31 14 29 18 15 19 23 30 36 13 9 21 24 18 29 23 14 25 17 30 14 19 28 28 24 21 12 26 24 26 
26 30 24 16 16 17 27 13 30 30 13 18 11 19 33 16 18 29 14 14 32 20 16 25 34 24 25 22 17 28 
26 32 26 28 14 17 28 25 33 20 19 16 27 26 23 29 12 27 21 34 21 18 27 22 38 27 25 26 24 19 
26 21 28 25 8 21 27 32 16 22 14 21 22 19 39 25 13 41 26 23 23 21 40 25 20 23 37 27 24 18 
36 24 26 17 26 22 29 27 22 18 21 29 14 29 30 34 21 25 23 32 27 14 30 30 18 25 29 21 17 29 
24 14 14 14 19 19 22 24 18 18 21 21 18 30 18 27 6 37 15 36 23 11 38 17 35 23 28 23 26 31 
25 21 24 17 25 19 27 27 22 14 20 21 8 20 27 26 17 28 30 26 32 10 28 30 16 30 32 25 13 25 
33 25 37 31 14 15 30 24 20 16 25 22 18 32 31 31 12 15 21 29 29 22 25 24 40 27 48 30 23 42 
37 23 36 19 11 12 37 43 26 24 27 10 18 29 40 32 16 34 22 36 19 11 29 29 30 20 39 33 24 28 
25 37 19 30 27 24 35 39 20 21 23 20 21 17 30 17 20 24 21 28 35 21 38 20 35 25 26 19 18 31 
22 13 32 29 14 15 18 31 30 10 20 14 8 22 28 34 19 32 22 37 17 21 10 17 39 26 24 23 16 27 
25 26 27 11 14 19 34 29 24 22 17 9 18 27 40 29 24 20 18 38 18 13 34 24 45 6 21 19 19 29 
29 19 26 12 22 18 28 44 29 21 21 8 10 23 20 20 18 30 18 30 15 18 26 26 20 27 37 21 16 31 
26 17 24 33 18 17 24 14 12 16 13 17 18 25 28 41 14 21 10 27 38 14 25 26 22 16 31 33 16 22 
33 10 25 33 20 14 16 22 19 17 13 14 18 25 23 38 21 25 17 30 21 16 25 15 37 26 33 24 19 48 
30 16 27 32 22 18 28 33 27 21 22 10 6 24 23 28 20 27 9 28 22 17 28 20 12 24 27 26 9 27 
31 21 17 16 9 16 20 38 26 18 7 25 18 30 18 36 19 32 13 38 31 17 28 25 37 27 36 9 17 17 
35 22 25 21 13 18 28 24 21 26 13 20 22 18 41 31 20 28 19 40 28 21 21 24 35 27 23 26 18 31 
41 20 22 38 17 12 35 32 31 20 16 12 21 26 20 31 14 34 16 39 26 14 36 20 23 21 16 26 14 20 
36 17 20 14 16 15 25 23 24 22 19 15 13 21 36 29 17 21 21 26 34 17 27 21 34 23 36 27 14 42 
38 29 51 18 20 11 22 18 21 26 15 28 16 14 19 33 9 22 16 50 27 17 14 26 20 40 36 20 13 27 
26 21 27 22 13 15 27 31 18 23 20 19 11 30 36 19 15 31 15 37 31 16 32 18 26 20 31 23 22 32 
27 17 31 31 11 16 36 29 28 14 20 25 20 28 25 22 25 18 16 34 21 7 23 22 31 26 26 31 19 9 
26 21 35 35 17 23 18 24 15 22 16 20 23 12 37 27 20 14 17 34 39 22 23 24 21 25 16 27 18 27 
39 18 27 20 25 17 28 19 25 19 26 28 18 18 28 35 16 25 29 32 35 11 17 14 40 29 41 30 26 17 
26 18 15 25 22 14 25 4 26 15 19 23 18 37 25 39 24 21 10 24 20 14 25 21 35 33 17 19 23 25 
11 26 37 27 15 17 24 28 26 29 13 3 19 18 26 34 22 38 19 35 27 11 36 22 42 18 43 28 14 22 
27 25 25 15 23 9 8 22 5 25 12 25 14 28 31 25 18 23 12 27 23 13 26 22 28 28 34 23 17 34 
29 26 23 28 16 12 14 22 7 29 24 15 11 17 22 24 23 22 16 31 20 11 27 28 28 35 46 24 25 39 
31 24 13 30 24 11 35 26 16 19 19 17 17 28 26 26 15 15 21 25 20 17 22 29 29 19 29 25 15 48 
40 29 23 31 20 20 18 34 11 18 18 17 31 18 19 18 18 30 18 22 47 11 25 23 26 23 36 13 15 36 
27 30 28 21 12 20 15 39 26 18 21 19 19 22 41 38 21 19 16 24 41 15 29 10 38 33 45 9 17 25 
28 16 25 24 12 15 21 25 30 14 23 18 26 31 37 21 12 35 19 36 31 11 23 28 22 29 34 29 24 29 
15 16 28 21 19 11 23 25 23 26 24 22 18 23 18 33 22 16 11 20 27 8 26 27 21 21 24 22 7 22 
31 19 38 27 13 22 22 27 30 20 19 19 9 28 32 30 20 42 23 23 25 19 22 12 31 34 23 30 15 44 
38 29 33 31 17 15 20 40 5 23 23 20 15 33 26 30 13 29 11 7 23 19 31 28 34 25 24 28 16 10 
26 8 11 26 24 12 18 37 29 27 24 14 15 21 20 29 21 28 17 23 31 15 30 13 41 22 27 20 17 25 
21 17 28 26 17 21 27 37 11 33 12 14 14 25 25 12 19 31 19 30 29 12 25 27 35 33 56 22 19 24 
32 15 24 21 20 11 21 41 30 30 28 26 17 15 31 21 24 25 14 32 6 14 25 22 30 26 17 27 17 14 
32 18 15 21 19 12 33 17 21 17 17 27 11 27 16 18 22 19 24 24 32 20 25 30 34 30 28 17 10 24 
23 15 24 21 20 13 30 29 41 26 17 11 19 24 27 26 27 35 24 35 30 21 12 33 26 26 21 25 18 31 
41 21 23 21 9 12 15 27 28 26 25 10 34 29 31 25 9 26 22 15 16 20 37 23 36 40 36 27 34 17 
34 17 29 24 7 14 26 29 34 18 21 18 23 33 20 17 11 25 17 25 39 14 36 23 28 23 31 23 13 19 
25 19 36 21 13 19 20 26 31 28 23 19 19 15 41 34 13 21 13 34 29 7 17 27 29 34 48 22 28 26 
43 26 28 28 14 10 18 39 23 17 15 21 19 27 18 30 12 23 16 35 26 11 27 10 32 30 25 19 21 15 
18 19 31 26 16 14 22 35 31 8 18 15 25 30 25 42 6 22 19 15 25 10 29 26 28 25 29 28 12 24 
35 21 31 25 16 23 12 34 19 20 15 22 17 26 13 42 17 29 24 37 20 8 17 24 32 29 29 19 19 25 
41 23 33 32 19 14 32 33 21 28 21 12 22 32 22 17 19 15 13 46 33 11 30 17 34 32 11 34 16 24 
31 20 19 16 15 20 23 29 20 11 23 23 17 25 36 28 8 27 10 37 29 11 18 24 30 34 20 23 22 33 
44 23 23 27 7 17 30 16 31 31 30 17 17 25 27 34 14 33 10 18 23 18 32 28 22 29 36 33 23 47 
24 26 25 33 16 14 37 38 31 13 13 18 11 28 24 29 14 13 15 35 23 11 30 18 40 25 40 27 18 29 
23 21 32 22 20 20 16 30 21 25 22 18 26 22 21 36 11 33 24 22 34 12 37 24 22 31 40 29 15 30 
22 30 25 29 18 22 14 23 23 14 16 17 20 24 25 35 16 33 23 14 16 22 39 31 19 33 23 22 19 34 
36 10 18 25 16 9 18 32 24 23 21 14 13 20 21 22 16 32 16 31 26 16 25 14 29 25 28 32 16 28 
40 22 34 25 22 15 23 18 27 23 20 28 23 22 30 38 13 28 17 17 27 16 27 20 29 18 27 21 16 19 
35 15 18 32 22 14 23 39 34 17 20 21 19 19 34 38 15 32 22 29 33 8 35 24 38 13 36 18 14 27 
42 22 26 26 26 16 32 28 31 17 18 9 25 25 32 31 22 17 16 44 15 19 14 20 16 19 36 20 18 37 
28 20 19 25 16 20 32 39 12 23 17 26 15 29 26 15 21 35 26 39 14 19 42 28 20 11 42 23 14 34 
9 25 34 32 24 19 17 26 23 25 20 17 12 40 24 34 17 31 9 40 36 17 36 29 26 42 42 35 27 5 
23 18 42 20 15 21 26 20 23 10 22 18 15 32 29 34 20 19 24 15 28 23 20 13 38 26 10 18 13 43 
37 13 24 29 13 23 10 33 23 29 23 18 18 36 36 36 10 27 25 29 27 13 32 24 23 32 44 20 24 32 
38 26 19 32 18 16 29 31 32 24 28 19 18 31 27 28 18 39 19 32 12 14 30 19 39 22 35 24 18 29 
40 19 14 19 14 21 20 19 31 22 26 21 19 26 47 24 26 29 26 31 27 10 16 24 33 28 30 18 16 14 
34 13 33 17 20 20 28 35 21 19 24 19 18 29 40 40 20 28 25 38 25 20 28 21 33 26 25 21 25 34 
37 26 31 14 12 12 17 29 24 13 16 21 21 26 17 25 26 22 19 23 13 23 35 13 25 25 45 20 22 26 
25 17 22 24 15 19 26 36 22 15 21 14 25 28 29 30 10 17 12 41 24 15 25 14 21 24 31 18 15 36 
17 22 26 14 21 23 14 27 18 8 20 13 17 26 23 19 19 32 24 30 29 14 34 19 35 27 29 17 15 15 
38 29 26 20 10 16 19 29 11 15 22 22 17 18 25 29 15 41 20 27 27 17 19 25 45 28 10 23 19 11 
34 24 29 28 12 16 30 18 12 22 11 17 14 24 38 22 15 22 22 46 16 17 29 24 28 32 25 21 20 26 
37 15 33 26 16 16 15 39 20 27 26 30 14 18 32 34 23 32 21 33 18 10 30 21 38 32 52 38 17 32 
31 18 28 27 19 21 23 18 21 30 20 21 17 25 35 34 11 39 13 33 32 18 18 20 28 34 33 28 13 20 
36 17 23 19 9 14 12 20 32 20 20 26 7 19 26 28 19 33 22 39 15 15 26 21 37 23 28 22 11 32 
25 21 35 20 20 15 22 37 21 18 19 21 14 31 24 47 15 22 7 22 17 18 22 22 52 34 30 24 22 24 
38 14 29 19 13 12 34 38 23 20 21 20 21 14 31 29 13 27 15 32 26 13 23 21 41 24 23 20 7 33 
25 27 20 27 18 15 30 28 17 20 15 18 10 21 41 36 17 26 29 25 25 10 28 26 34 26 41 16 19 23 
18 18 21 28 16 11 17 45 25 12 25 15 23 23 21 34 22 29 12 31 26 24 28 22 26 18 21 30 18 34 
23 17 15 32 16 17 31 31 34 29 15 20 15 19 38 25 16 19 21 31 14 15 33 17 31 29 12 22 6 32 
10 16 12 26 17 14 19 45 31 27 19 28 16 34 32 44 22 15 23 18 33 15 31 31 50 17 34 19 19 22 
36 30 23 25 18 20 22 14 25 17 20 17 19 33 23 31 13 27 21 31 32 18 36 24 32 17 42 17 15 27 
18 26 23 29 17 17 24 30 23 12 29 21 11 29 24 26 17 15 15 28 37 19 27 15 32 20 19 17 16 24 
33 23 28 30 15 18 26 19 24 13 17 22 18 22 31 36 9 29 10 30 29 24 10 9 27 18 26 29 6 28 
42 15 25 16 30 14 31 32 33 32 18 16 17 15 21 36 14 37 21 23 27 13 33 28 36 28 44 28 14 27 
35 21 25 26 23 25 25 33 17 9 18 23 15 27 42 22 19 26 16 30 31 19 35 11 33 21 39 27 18 27 
25 27 23 31 21 16 22 23 19 31 20 21 23 19 24 18 10 26 17 35 24 19 33 22 10 21 44 24 14 20 
27 10 31 29 10 18 16 33 19 24 15 17 21 20 25 31 16 23 26 26 15 12 29 15 39 19 27 19 15 37 
41 21 18 13 14 14 31 36 17 25 21 16 19 31 22 28 11 36 18 33 33 18 25 24 29 29 34 22 14 32 
53 17 28 17 28 16 23 35 33 29 19 17 19 30 30 42 19 13 18 27 26 24 23 34 37 16 37 23 15 31 
41 11 26 31 19 11 23 8 39 25 31 17 21 19 33 33 20 33 18 30 23 21 34 26 22 24 41 17 20 17 
25 32 26 24 19 14 24 14 11 18 23 18 13 19 24 17 19 19 16 24 13 26 31 30 26 27 29 25 12 30 
29 17 24 23 22 24 22 29 9 23 17 12 16 27 30 37 13 15 28 36 42 14 32 19 16 28 28 26 22 25 
17 14 27 17 19 13 22 38 20 15 22 23 16 32 27 25 30 20 15 16 26 18 24 26 28 32 12 22 12 30 
35 14 36 28 30 18 42 31 26 26 15 19 13 23 29 15 24 14 15 29 24 11 31 35 35 23 14 26 20 41 
34 27 14 25 22 9 24 38 32 23 20 17 24 23 22 20 15 22 26 34 18 17 27 29 23 29 26 19 7 27 
23 15 35 30 18 19 18 23 21 15 12 16 25 23 31 15 20 37 23 31 36 20 25 24 20 23 46 29 20 33 
25 9 28 17 13 19 24 33 17 21 21 21 14 19 33 41 19 27 17 26 23 11 21 22 25 15 31 23 18 25 
26 23 24 27 20 21 20 35 24 16 16 13 19 20 28 28 13 35 16 26 28 18 15 16 28 21 37 24 11 18 
29 13 24 18 17 16 27 34 30 27 20 11 10 27 18 22 3 21 27 22 27 21 28 24 37 25 23 14 17 26 
20 22 27 16 12 16 33 17 28 7 18 12 26 28 35 58 8 35 26 32 26 16 26 22 26 29 38 23 13 30 
27 23 23 30 16 16 17 52 27 15 19 15 23 17 28 23 16 17 9 28 17 20 25 24 26 29 35 22 12 23 
29 18 17 12 22 19 20 29 14 10 22 18 16 33 30 23 13 33 8 16 24 12 29 28 35 15 12 26 23 24 
42 24 25 18 13 10 31 28 37 34 24 25 24 26 43 24 10 25 20 32 31 17 28 21 25 27 36 25 26 31 
31 20 26 24 12 20 19 21 36 13 23 14 19 32 23 27 17 25 17 40 31 21 14 29 26 25 22 38 9 27 
34 13 29 12 15 18 22 40 34 18 11 20 16 14 28 8 16 19 23 28 35 16 23 30 35 21 18 19 19 32 
23 26 15 21 18 18 29 49 19 22 25 19 15 28 21 29 20 24 20 24 21 11 29 20 29 18 27 26 20 36 
23 15 14 29 15 14 33 15 33 25 11 15 24 32 38 27 22 25 26 23 32 12 29 11 28 13 39 16 21 40 
33 21 22 22 10 16 19 44 35 19 19 23 27 18 28 33 17 32 21 27 26 21 24 22 18 30 29 25 18 12 
33 18 26 21 15 12 24 40 22 23 20 23 20 25 23 32 19 29 19 30 15 20 13 17 25 30 28 37 16 32 
27 21 29 17 11 25 17 42 30 33 24 7 29 15 17 27 13 24 13 25 30 20 11 31 22 32 26 24 16 17 
46 12 32 22 14 19 29 36 36 18 30 14 30 34 41 28 14 30 14 30 19 11 34 20 27 32 22 26 18 39 
26 28 28 23 18 18 32 25 29 15 11 24 25 35 40 28 23 30 21 27 23 8 25 18 23 23 33 13 4 36 
16 29 22 15 21 22 14 25 23 27 10 14 20 17 26 33 16 20 18 30 18 18 26 35 48 36 28 28 11 39 
35 20 30 25 25 16 23 32 25 24 16 20 26 33 27 32 12 29 21 25 19 17 15 25 30 22 28 10 23 32 
40 7 23 39 18 17 18 40 31 14 24 21 18 30 28 26 21 28 19 25 12 17 22 16 31 33 13 20 20 13 
41 17 36 28 24 19 18 41 29 6 22 18 19 26 30 21 20 24 10 30 28 13 30 28 37 19 25 26 24 33 
13 16 24 31 14 8 11 46 28 19 25 15 12 29 30 38 15 22 30 29 25 22 20 24 31 28 23 22 19 30 
40 21 35 25 12 23 27 35 20 19 14 14 10 19 24 27 25 21 24 33 31 9 38 14 34 24 37 10 15 32 
20 20 31 23 14 14 20 26 18 12 21 16 12 21 28 26 13 28 20 25 26 14 25 26 38 32 29 29 16 23 
13 23 15 18 16 20 17 21 21 15 19 18 16 35 42 18 8 19 22 28 24 11 25 23 40 40 39 34 20 29 
36 21 26 34 17 14 15 16 25 10 22 15 17 33 20 29 21 39 18 29 28 12 8 25 18 31 17 25 19 31 
22 16 20 29 15 16 14 29 30 19 18 8 15 28 37 40 26 32 26 29 28 21 18 22 30 28 16 19 8 31 
29 27 17 35 15 21 16 24 13 27 22 25 26 30 19 24 14 21 23 34 24 16 25 23 38 25 36 12 11 22 
42 16 25 25 21 12 29 45 38 24 9 17 13 25 39 22 24 17 10 40 18 19 27 28 26 24 37 37 19 23 
42 28 25 30 27 16 33 19 23 20 23 22 15 34 38 30 10 35 10 26 27 18 22 27 15 27 28 24 9 24 
37 22 17 13 19 25 21 47 22 22 28 13 13 26 22 31 13 26 12 35 26 11 25 26 24 17 38 32 29 39 
16 21 23 17 12 14 28 16 29 15 15 12 12 28 27 28 18 21 20 24 17 17 22 21 31 22 37 17 20 24 
21 25 15 28 21 10 25 25 35 38 11 17 16 19 41 30 23 27 16 40 36 11 26 18 31 9 30 27 18 17 
36 16 29 19 15 11 11 42 22 20 12 27 18 32 21 33 26 25 19 35 25 12 17 28 21 7 36 24 17 38 
26 22 20 17 9 11 32 41 22 14 12 15 11 22 27 35 20 29 20 40 18 14 17 20 32 31 38 16 16 14 
23 5 25 26 22 16 43 25 20 18 21 18 8 32 38 19 12 20 25 31 28 16 33 26 27 24 24 21 10 27 
29 21 34 23 17 13 21 25 28 16 22 10 18 21 28 11 19 46 24 26 24 9 22 23 26 38 50 24 18 35 
40 20 24 23 19 15 29 19 24 17 24 20 13 25 33 15 17 36 22 37 17 14 27 22 33 28 22 24 18 26 
38 25 32 20 25 17 27 17 21 24 10 13 16 18 17 28 22 20 22 46 22 9 18 13 29 32 40 25 22 21 
37 13 16 21 13 24 26 37 21 17 21 34 17 20 25 36 14 38 18 26 18 18 27 29 34 31 41 21 12 25 
34 17 28 23 8 25 15 24 17 22 18 20 19 30 24 30 9 34 22 31 29 18 26 8 25 34 29 21 17 29 
33 16 23 29 14 22 28 10 21 22 10 13 19 27 19 35 16 29 23 27 27 17 26 16 27 20 41 15 8 31 
31 24 11 17 15 16 24 37 23 41 22 29 24 31 28 42 9 47 19 21 40 16 15 26 38 21 42 32 20 40 
21 14 35 22 17 17 18 24 35 23 18 16 27 27 30 35 18 33 17 22 24 19 33 29 33 35 37 12 15 48 
20 22 45 21 14 16 32 12 30 11 15 21 18 25 30 34 11 20 26 32 26 8 31 22 15 28 32 24 17 36 
35 25 12 25 10 26 32 25 23 22 19 29 14 14 40 44 28 30 13 30 27 16 26 22 20 18 39 36 14 33 
33 19 27 21 17 18 19 29 12 22 23 17 25 33 25 25 20 39 15 36 24 14 16 23 44 23 9 17 18 24 
28 18 41 11 14 19 10 35 41 21 18 17 13 32 28 27 25 35 15 44 39 11 13 32 18 34 18 20 9 27 
20 13 28 22 8 18 16 39 24 17 16 19 21 21 15 37 15 34 18 37 17 20 21 26 13 27 18 22 18 39 
31 25 25 29 27 17 29 20 21 17 25 16 13 32 26 27 18 28 12 32 14 19 15 10 33 25 41 23 19 34 
37 18 33 30 14 22 34 44 25 23 26 23 18 23 29 27 13 27 34 34 33 11 24 21 24 24 38 24 12 22 
29 16 25 21 22 15 21 14 24 7 10 25 19 17 32 21 7 33 10 14 26 13 35 17 36 25 44 20 16 38 
48 21 23 22 11 17 17 26 26 24 15 26 27 40 25 13 18 26 19 39 18 15 41 19 30 24 32 28 19 27 
25 26 24 23 16 13 31 24 37 26 11 19 17 28 22 22 14 32 15 33 18 19 25 14 34 14 32 28 12 26 
29 14 27 23 17 15 17 23 28 20 17 24 18 32 31 22 17 8 18 31 17 20 39 23 29 25 33 25 18 23 
19 19 36 14 20 17 19 25 21 19 20 21 22 24 32 23 16 27 24 12 35 14 20 18 28 30 34 31 15 20 
35 17 23 23 11 22 28 17 15 23 22 16 16 19 29 29 9 16 28 27 30 20 30 21 28 24 15 29 14 35 
25 9 28 23 21 16 26 8 17 14 16 2 27 22 22 14 17 28 14 29 26 10 26 17 19 26 23 29 28 48 
26 30 24 33 17 14 35 17 26 27 21 15 19 20 31 36 20 24 19 26 21 14 31 40 24 28 23 28 22 28 
34 27 28 22 22 10 34 17 18 23 16 19 18 17 38 38 23 29 19 22 22 16 16 18 28 19 20 26 24 24 
38 20 26 20 12 20 28 38 25 14 21 24 16 32 27 25 13 26 22 42 8 18 22 18 31 25 28 22 17 34 
26 19 24 21 5 17 23 31 25 21 28 25 18 25 24 48 13 33 17 28 31 14 15 23 43 21 26 25 15 42 
25 7 21 19 21 11 20 29 30 26 19 23 24 24 18 27 17 43 31 20 31 11 27 18 27 36 23 22 14 44 
21 15 24 20 21 15 31 33 32 30 15 18 21 29 36 30 7 13 3 23 27 21 32 26 39 27 14 18 12 35 
18 23 19 35 16 13 21 30 20 20 16 23 16 22 25 30 10 31 26 34 25 12 18 19 35 32 36 26 6 10 
21 14 28 27 19 10 22 37 21 9 23 21 17 24 32 35 28 32 22 29 27 17 24 23 21 28 15 15 10 25 
24 22 33 31 18 15 22 21 21 27 18 22 21 34 36 16 15 25 18 45 28 18 39 20 29 32 18 18 17 22 
43 24 21 32 10 18 28 29 25 22 14 13 23 17 33 32 14 32 13 36 18 15 16 26 13 28 41 24 26 39 
32 16 22 19 24 18 26 49 23 13 20 26 12 28 21 22 17 17 16 30 27 11 34 22 26 23 19 28 15 18 
29 19 21 17 14 19 23 25 28 19 8 11 21 28 25 30 20 27 31 23 18 20 24 37 51 20 16 16 14 41 
19 28 14 20 20 17 32 19 37 13 36 18 25 23 8 35 14 5 20 30 26 10 30 17 47 13 31 24 12 29 
39 21 12 28 14 22 24 29 22 20 18 26 19 37 36 20 12 32 17 22 19 18 25 32 15 22 36 25 21 23 
37 13 22 16 22 12 20 29 30 21 13 17 18 40 8 31 20 23 9 25 25 14 13 29 36 10 27 29 22 34 
20 22 14 22 12 22 21 14 19 27 17 23 16 18 27 33 16 33 14 37 11 14 13 17 31 40 34 28 25 25 
46 22 22 12 16 13 25 33 33 26 23 18 18 24 24 21 22 34 26 34 30 13 21 32 36 26 41 25 18 21 
23 13 26 21 14 8 33 50 23 25 27 16 20 39 15 42 23 23 12 38 27 19 19 25 35 31 27 18 10 31 
8 27 27 21 28 19 20 34 33 18 11 24 21 25 38 38 17 32 28 18 21 12 10 16 36 29 38 17 20 28 
24 26 22 31 15 17 32 27 24 20 9 27 17 25 35 30 15 19 24 23 24 10 17 33 30 23 36 27 19 23 
44 16 21 27 20 14 33 46 26 19 19 29 20 22 20 27 17 27 17 33 29 14 24 19 39 38 31 17 18 23 
40 10 24 22 15 14 19 21 17 21 14 13 20 34 12 29 18 22 27 33 32 17 32 22 11 15 35 18 14 10 
23 17 20 19 18 17 27 31 21 23 14 22 17 18 31 32 19 28 17 20 24 9 22 22 39 23 32 26 15 25 
28 21 31 41 18 8 24 34 33 22 13 22 10 38 37 37 15 20 15 32 15 18 31 23 27 26 12 22 22 19 
19 19 22 24 20 15 16 28 16 18 20 22 26 34 22 30 20 22 18 31 8 24 37 22 24 34 23 17 17 22 
25 24 16 22 11 15 15 38 29 27 15 13 23 22 42 30 11 13 17 31 24 16 19 32 10 23 30 14 14 13 
16 23 14 26 15 9 23 41 28 26 12 12 12 20 10 22 19 24 19 35 22 13 25 30 24 12 43 23 22 31 
20 22 24 11 17 15 23 29 26 22 16 16 27 21 15 36 18 36 24 20 14 18 20 23 26 19 29 25 27 19 
16 18 8 18 13 14 30 31 33 12 21 18 22 34 29 36 15 18 23 33 32 13 14 15 36 28 37 36 17 23 
31 23 27 26 10 15 29 36 17 27 14 12 19 23 38 33 13 25 14 26 28 25 32 26 43 28 36 24 24 31 
38 17 29 27 19 20 30 28 23 18 15 29 30 20 21 34 35 27 23 44 39 7 35 24 36 18 39 31 25 33 
33 21 26 22 16 14 24 28 10 17 23 26 12 25 33 36 21 30 18 45 31 16 32 20 27 31 30 20 27 29 
32 22 23 28 20 14 16 27 28 11 17 20 25 21 36 27 14 25 5 29 23 16 38 25 40 37 34 36 22 23 
44 16 18 11 17 12 23 18 14 15 27 20 10 20 38 20 16 19 23 27 27 25 26 30 23 29 26 13 16 23 
20 16 20 29 18 19 30 46 29 18 24 13 18 15 31 21 17 23 24 18 19 14 38 26 40 38 52 27 23 29 
30 16 39 31 16 10 28 30 29 19 14 16 19 29 15 40 18 25 14 17 39 16 29 11 35 28 28 34 16 27 
15 28 22 28 13 17 30 42 33 15 14 20 25 18 14 18 16 38 24 25 21 23 20 27 27 23 30 25 20 34 
21 11 36 17 13 16 21 25 16 26 14 27 13 21 28 34 11 34 18 26 23 13 28 17 25 16 26 17 21 27 
42 23 27 22 18 12 29 22 20 20 20 23 28 30 32 29 3 24 13 28 21 16 22 24 23 5 33 25 25 26 
34 28 10 21 19 16 18 26 20 21 17 20 22 29 32 35 19 27 15 23 32 12 35 33 39 33 33 16 16 18 
48 32 23 22 18 14 30 37 24 12 20 18 22 20 24 31 12 31 16 29 28 15 18 23 23 18 23 17 17 18 
30 24 22 29 23 25 33 31 22 21 23 24 21 33 15 29 10 13 25 29 33 22 34 33 29 37 13 26 15 3 
39 18 25 19 12 11 34 35 36 20 22 16 17 5 28 17 16 33 22 32 21 10 42 15 22 30 28 29 10 31 
36 19 30 22 27 16 24 42 32 21 14 18 22 22 39 22 20 24 15 13 19 18 31 22 27 26 34 33 10 26 
33 11 22 26 15 8 28 24 18 20 16 21 11 19 22 22 20 30 20 23 38 13 20 25 43 29 42 27 17 35 
33 10 7 32 14 18 10 36 18 26 27 9 18 31 28 31 23 20 19 35 24 19 25 27 30 42 35 20 18 35 
34 19 32 33 12 19 30 43 23 15 17 18 20 19 21 31 15 23 21 19 30 16 19 29 38 11 21 26 15 31 
46 23 25 21 14 24 20 34 29 18 22 20 12 24 35 23 17 17 16 37 30 17 16 29 35 29 31 19 16 26 
39 19 13 29 24 13 26 26 34 13 17 23 20 29 29 27 14 25 15 25 16 19 45 17 25 23 32 29 18 30 
26 21 35 23 18 22 22 25 19 24 23 16 20 18 24 32 18 25 27 36 26 13 25 28 25 29 38 21 13 19 
34 35 20 37 17 14 10 34 27 22 23 12 13 29 36 30 17 28 22 30 25 11 30 24 34 29 33 22 6 22 
43 25 18 28 19 7 7 32 13 21 24 17 16 27 21 31 10 31 17 17 26 15 20 21 19 30 40 27 17 50 
40 17 20 42 14 15 37 24 34 25 21 18 16 13 33 26 19 34 25 25 25 21 30 22 36 14 27 32 22 34 
36 38 22 22 19 22 29 20 16 10 17 17 12 9 21 36 15 31 15 23 27 12 17 23 45 24 27 34 17 29 
19 14 22 16 12 19 20 32 21 27 30 15 19 18 31 28 8 29 19 19 31 21 22 20 40 25 35 26 20 24 
35 25 28 11 14 9 27 25 26 23 19 17 36 37 35 26 31 35 12 17 24 22 15 29 34 16 35 24 18 39 
24 25 19 17 11 14 27 25 32 27 16 24 13 32 35 12 27 26 23 29 32 13 28 28 34 30 33 15 19 16 
29 21 11 19 22 24 23 21 27 20 17 15 16 31 39 34 18 33 13 27 24 6 21 34 54 13 22 25 21 25 
27 19 29 20 17 18 30 40 24 14 24 22 12 34 18 26 14 29 18 37 23 21 24 22 24 22 39 28 19 28 
55 30 22 20 13 13 21 29 25 23 22 14 21 22 35 40 13 32 20 30 42 17 31 21 26 37 37 33 21 22 
32 33 32 34 14 18 31 31 36 23 32 13 20 32 22 34 15 29 21 18 19 19 32 16 48 24 42 37 17 34 
42 21 27 25 13 18 35 43 22 11 18 23 23 30 24 34 12 31 14 19 20 19 24 27 32 22 34 20 19 31 
50 13 13 28 10 16 18 28 24 12 16 19 27 28 22 24 12 35 21 38 32 17 13 15 25 22 21 21 16 22 
26 18 26 31 18 13 21 28 25 13 22 23 25 18 26 20 11 22 18 28 40 12 21 25 18 26 34 28 20 12 
29 16 24 21 11 22 33 15 13 22 15 8 20 34 22 26 11 22 11 34 26 24 25 32 25 34 51 19 15 32 
23 16 28 21 17 12 13 25 30 18 20 13 13 28 29 26 16 30 14 21 28 19 33 7 38 22 23 25 15 42 
50 22 23 12 8 18 17 28 28 23 25 13 24 23 23 32 8 16 18 23 33 10 20 32 39 24 32 22 6 24 
31 25 29 26 11 14 37 42 26 18 22 17 22 25 35 18 11 24 23 15 14 16 24 22 36 20 40 23 16 38 
29 15 20 16 18 15 21 39 27 21 23 19 9 21 31 30 13 15 27 22 16 18 15 23 37 37 34 27 25 37 
41 23 24 20 11 19 24 30 19 16 15 19 16 20 23 31 19 27 16 39 8 17 29 27 29 17 39 33 27 42 
29 19 14 33 6 17 36 37 26 20 21 24 19 27 19 33 17 15 25 31 19 13 32 32 38 22 16 22 17 18 
38 31 24 32 9 9 16 39 40 32 21 13 18 27 27 20 21 21 14 27 28 10 22 15 28 13 36 15 10 21 
22 18 22 14 27 11 9 35 36 14 26 9 19 14 43 28 17 22 19 14 25 16 20 31 41 23 34 18 14 36 
19 24 15 20 6 18 33 28 23 24 17 19 16 22 35 21 18 22 28 29 25 20 32 12 39 21 22 24 24 19 
26 21 24 17 13 13 22 21 15 16 12 15 24 21 28 46 17 17 19 40 40 18 38 21 11 37 23 28 14 38 
32 29 23 30 9 17 18 24 27 43 15 22 16 27 26 38 12 30 22 48 18 10 36 22 43 24 21 7 13 28 
36 34 21 22 15 20 33 20 33 25 23 13 20 17 30 22 6 28 14 34 29 22 30 20 38 23 35 35 18 12 
29 23 38 12 3 12 27 23 38 19 25 20 17 33 34 23 24 19 17 36 18 23 18 40 40 15 37 22 12 36 
38 21 20 18 17 30 25 22 18 24 15 23 19 30 25 25 10 15 28 32 31 10 37 19 50 32 32 31 18 22 
31 20 16 15 11 15 34 34 18 23 15 12 14 23 27 24 20 17 22 14 38 17 29 24 31 32 26 19 22 24 
30 28 30 23 19 17 7 45 38 20 22 17 20 33 20 25 15 29 26 16 31 13 18 16 21 26 54 24 26 19 
38 27 31 28 11 19 30 28 13 17 15 16 7 27 33 27 11 34 27 11 22 13 30 24 24 29 26 19 10 33 
51 28 28 32 18 13 27 34 19 22 27 25 20 30 46 28 24 24 16 26 16 15 20 31 41 29 27 18 13 35 
32 17 26 14 25 20 26 17 16 21 14 16 21 24 24 34 20 26 9 26 28 15 15 29 37 27 18 19 15 11 
17 24 27 27 16 10 28 34 36 30 20 18 19 31 37 33 19 24 24 34 21 18 18 17 36 29 15 22 17 40 
26 11 29 25 13 11 24 24 23 17 25 19 13 28 21 50 18 17 6 27 26 13 19 23 35 37 26 24 15 19 
28 17 21 17 16 16 20 23 26 22 15 20 13 30 34 19 16 31 4 29 18 13 24 37 29 18 24 21 19 31 
37 24 19 25 14 14 28 31 24 20 22 12 16 27 30 37 20 27 23 29 27 17 32 27 16 27 29 15 22 39 
38 22 33 17 18 12 32 36 19 31 23 27 8 20 38 15 11 35 15 32 25 13 29 20 30 19 39 24 17 33 
17 14 31 29 11 21 25 30 19 13 14 16 17 22 26 28 18 20 19 25 20 15 15 20 24 24 41 27 14 25 
36 16 26 22 12 19 24 31 30 21 9 25 11 31 31 16 16 28 23 19 29 19 24 23 17 1 38 32 10 19 
17 17 17 18 18 15 24 26 28 19 27 16 22 24 36 44 14 15 27 38 20 17 41 20 31 37 25 26 10 35 
27 16 22 30 19 17 36 34 32 23 30 15 18 21 28 21 12 16 10 20 25 17 23 25 39 25 20 21 12 24 
18 21 20 23 15 15 30 7 27 21 18 21 9 31 8 29 14 18 14 33 18 16 29 21 42 21 32 29 21 39 
34 12 32 22 14 16 15 32 29 9 20 29 17 23 24 23 18 37 23 19 18 17 20 26 30 34 11 22 9 39 
50 21 30 26 18 16 21 40 37 22 19 19 24 35 29 35 25 19 24 20 31 14 47 29 35 36 29 18 12 26 
23 23 12 21 19 15 21 52 19 18 18 9 11 14 29 40 28 32 18 37 20 13 13 26 33 27 40 19 21 22 
30 23 31 30 20 24 29 18 17 26 13 13 15 25 22 22 14 28 11 27 35 13 27 13 36 27 26 26 15 31 
21 21 25 14 11 24 31 26 28 24 17 10 13 28 29 24 19 21 19 28 35 8 21 22 27 23 32 28 8 27 
19 25 31 21 11 16 26 35 21 12 13 11 22 21 27 22 18 19 26 30 36 18 26 16 12 25 33 19 19 31 
45 14 33 27 17 14 15 27 33 25 19 27 21 15 27 23 13 22 23 14 21 25 15 27 34 31 11 29 23 22 
30 16 22 15 18 23 24 21 18 4 29 17 12 25 37 39 17 35 13 47 24 21 41 27 33 18 46 22 18 14 
56 25 21 23 16 18 12 25 30 15 24 16 10 15 26 33 17 32 18 33 19 16 30 28 32 27 31 22 16 30 
24 18 17 15 16 14 22 9 24 11 18 19 15 33 30 33 24 23 25 24 32 7 23 26 20 30 31 29 8 23 
41 15 19 29 19 15 9 29 22 20 22 9 8 17 23 29 12 30 15 28 12 20 17 21 30 25 29 28 23 19 
33 24 25 27 25 13 16 43 26 22 17 13 17 17 35 23 11 32 13 18 27 19 20 21 37 10 45 29 9 36 
31 21 31 19 13 16 29 29 26 13 21 20 23 14 32 20 17 21 17 24 29 16 31 9 42 21 32 28 18 43 
20 22 21 17 20 13 25 39 33 18 10 14 19 21 31 33 24 29 24 20 21 16 28 22 33 31 41 30 18 20 
14 20 28 31 24 19 29 38 26 29 19 23 21 19 21 42 21 40 17 23 23 12 12 27 20 36 43 32 7 32 
30 17 13 14 23 15 36 32 21 24 17 16 21 32 22 34 14 22 13 28 19 10 27 19 37 27 43 19 17 30 
59 15 14 15 20 15 21 28 31 16 21 16 26 23 37 27 15 14 26 16 22 20 33 17 44 24 39 25 16 30 
27 22 25 19 17 16 14 19 24 24 18 19 16 28 26 31 14 18 14 32 28 14 32 17 22 20 35 18 14 28 
26 16 22 30 15 20 24 28 32 8 25 15 14 28 41 43 25 19 20 15 28 24 24 5 37 27 33 21 24 35 
40 25 21 7 18 12 26 38 23 24 24 17 25 28 17 30 23 17 17 37 25 10 30 27 53 24 28 22 18 14 
33 16 20 26 15 17 21 27 36 10 14 25 10 30 38 13 15 22 19 27 37 14 26 26 23 24 45 11 17 28 
44 19 25 14 12 14 22 30 44 15 10 10 20 19 33 29 17 36 16 31 24 20 17 24 33 34 30 17 13 25 
26 17 14 13 19 12 25 25 17 25 17 26 16 32 25 23 4 35 23 34 26 16 26 27 34 28 32 29 20 23 
31 20 15 31 25 21 18 47 17 23 23 19 25 26 23 25 12 25 24 15 34 15 24 13 34 27 30 26 20 26 
34 14 19 29 21 18 18 20 13 17 17 9 19 29 25 40 21 17 9 27 32 10 24 22 22 14 35 27 12 26 
23 26 29 23 21 13 27 24 24 23 16 18 6 28 24 28 9 23 26 37 27 6 37 24 43 25 19 25 8 39 
44 24 30 25 8 16 18 29 31 20 19 18 19 37 31 30 15 26 25 23 10 12 41 21 21 36 43 23 20 29 
29 15 29 19 29 13 27 31 33 14 14 14 24 32 24 32 18 35 21 23 18 16 20 9 19 29 35 23 20 37 
40 20 21 20 12 20 25 29 16 18 15 23 19 23 25 43 15 28 20 29 35 18 34 37 41 28 38 19 18 32 
27 8 29 32 25 18 13 40 24 14 18 17 21 36 36 43 19 21 21 34 19 23 30 25 27 25 36 23 12 34 
25 15 25 21 22 17 29 23 28 16 13 13 18 17 32 36 12 27 17 43 21 26 29 15 49 24 36 25 23 32 
27 13 11 28 9 17 31 26 28 16 18 17 16 27 40 37 20 23 14 21 21 15 31 23 30 8 26 30 24 42 
33 27 30 32 19 21 23 20 31 17 8 24 26 25 46 27 24 28 24 26 38 20 27 19 31 30 36 21 20 32 
33 12 26 28 15 19 25 38 35 22 21 24 23 11 16 31 21 23 25 30 15 21 23 14 27 33 25 34 17 25 
44 8 30 33 21 14 24 23 24 17 21 25 13 26 23 41 16 6 13 33 22 13 18 23 32 35 35 18 22 30 
21 21 33 12 14 17 23 31 11 20 14 12 24 25 22 37 20 33 16 30 32 18 24 21 39 24 37 27 19 21 
30 19 16 23 13 19 12 31 26 26 29 22 18 28 24 29 17 26 17 44 24 19 34 21 25 32 30 12 19 31 
34 15 16 22 10 18 29 45 25 19 6 12 18 22 26 29 19 26 14 23 22 11 14 27 33 19 29 19 14 40 
32 17 32 25 10 17 25 21 18 19 29 21 21 20 14 26 17 25 22 18 34 9 20 19 33 21 45 22 19 26 
36 22 19 9 20 18 17 34 16 21 11 27 18 24 47 29 14 8 11 44 34 21 40 16 20 14 42 30 12 24 
24 28 26 22 19 17 24 33 10 23 20 14 18 34 26 44 10 21 20 29 31 16 30 26 26 17 38 31 17 13 
20 14 31 24 15 23 24 40 27 22 22 12 18 20 15 30 10 18 13 25 36 10 34 24 24 26 23 19 17 28 
19 18 35 18 14 9 13 36 32 26 32 22 26 32 21 27 19 30 17 33 34 15 34 14 35 18 32 26 26 38 
44 20 18 23 17 12 30 32 31 21 19 14 12 20 20 47 6 32 25 34 18 17 28 20 28 17 25 25 17 40 
22 29 30 20 22 19 18 29 27 21 21 20 27 24 24 34 15 19 14 19 16 19 11 29 18 19 25 24 30 26 
24 17 14 29 20 12 19 26 22 18 13 15 14 22 27 28 14 12 10 45 20 13 19 19 6 30 31 18 16 16 
39 16 21 20 18 13 25 27 35 20 19 13 17 23 38 38 19 27 22 16 34 17 32 23 28 29 41 21 16 18 
20 30 20 13 12 13 29 26 21 22 17 14 15 30 37 36 21 23 19 34 22 13 26 26 30 34 30 24 19 13 
20 17 32 19 13 15 22 53 29 24 14 19 19 32 42 27 24 11 24 27 30 21 32 23 22 19 15 20 14 25 
32 21 22 22 18 15 29 35 23 17 18 21 18 33 31 15 13 27 16 17 37 11 23 22 34 30 37 19 20 41 
13 20 26 32 10 21 10 31 33 14 27 14 24 22 21 32 15 17 27 41 25 18 24 29 37 21 24 25 18 26 
44 27 23 14 15 17 33 49 39 13 10 20 10 32 22 30 3 21 25 30 28 19 30 21 26 11 37 33 12 26 
37 21 25 25 16 21 23 47 31 25 24 16 12 20 27 28 16 18 18 21 31 15 30 12 53 25 25 22 12 34 
42 27 30 28 13 24 20 13 24 19 18 13 26 24 46 23 21 21 15 24 26 15 29 24 31 19 35 16 20 22 
36 21 23 21 26 25 23 59 18 13 17 17 18 15 29 26 17 26 16 28 24 13 26 17 28 29 25 24 21 39 
41 10 21 27 13 14 39 29 38 18 17 16 16 15 26 28 15 12 18 29 20 20 13 16 20 23 45 27 8 26 
27 27 31 15 19 13 28 25 16 24 10 16 20 28 31 29 18 32 14 36 21 16 23 27 27 28 29 18 15 21 
24 23 11 23 20 15 24 50 24 24 28 21 19 18 26 25 19 27 18 30 19 10 37 31 27 15 34 13 12 41 
28 16 21 24 10 16 32 27 25 15 29 20 19 22 27 25 13 31 10 48 25 17 31 33 35 21 12 20 9 27 
30 25 30 17 19 15 40 28 26 25 24 14 17 25 27 24 21 19 25 36 16 16 38 24 24 17 34 14 26 50 
38 21 24 29 23 20 27 23 33 25 20 16 13 22 29 29 20 29 17 34 30 15 29 30 27 32 20 29 22 23 
33 15 29 19 18 11 32 24 19 12 16 31 14 21 31 18 14 41 18 20 16 17 34 23 25 22 21 15 19 36 
44 17 18 20 32 19 30 36 18 21 16 16 10 29 20 40 21 37 19 24 33 8 32 16 30 39 23 25 23 27 
33 8 16 18 18 19 27 38 36 28 14 14 16 31 28 32 17 28 10 35 30 15 30 27 20 35 28 28 24 33 
16 28 28 11 19 16 27 41 22 20 23 12 20 16 31 22 18 32 23 33 18 16 18 32 32 24 33 24 17 38 
21 14 36 16 11 15 13 36 28 16 13 28 23 14 17 21 14 22 28 40 26 14 25 24 34 21 18 21 23 35 
25 26 26 14 21 19 21 26 20 22 7 29 20 20 40 40 24 35 23 40 26 10 39 23 31 27 27 29 16 22 
35 29 28 18 17 15 22 50 26 18 19 11 15 25 20 34 11 38 22 17 40 15 26 20 29 35 27 18 19 42 
35 16 26 25 20 16 25 29 24 24 24 29 14 26 27 43 12 18 24 15 21 22 19 17 22 14 19 35 15 37 
41 29 18 31 8 11 35 15 20 30 12 18 13 28 48 43 24 28 21 41 23 18 44 28 12 17 31 22 14 29 
29 27 18 25 13 14 14 41 28 15 26 14 16 40 26 26 16 28 10 22 26 14 29 23 13 34 25 26 11 36 
32 17 10 25 10 19 11 30 21 24 22 19 25 11 23 22 14 21 15 31 40 20 28 22 26 31 39 30 12 30 
21 20 37 26 16 14 12 31 20 18 21 19 23 28 33 20 23 26 17 23 28 19 28 10 18 20 32 17 22 38 
34 20 27 27 25 20 43 21 17 15 14 22 16 30 25 24 25 27 27 22 35 19 22 18 32 32 22 10 13 19 
25 16 24 21 21 16 27 41 17 15 30 15 22 28 34 32 20 31 22 27 23 28 25 22 40 24 32 20 19 32 
34 14 16 21 20 16 22 35 30 20 22 8 28 25 41 31 23 22 9 27 26 17 29 25 27 19 20 20 8 25 
38 17 35 19 23 21 23 23 32 14 10 16 22 25 23 31 12 29 17 42 15 17 17 24 36 28 40 31 16 28 
24 20 31 24 23 21 22 24 26 22 14 22 15 27 33 35 19 19 16 25 9 24 27 23 36 21 24 26 14 37 
38 25 27 23 13 22 16 25 28 25 19 19 19 26 22 26 21 20 14 24 18 19 26 33 41 28 41 16 18 29 
44 28 22 22 17 17 16 29 17 23 22 15 16 18 36 25 23 36 10 34 10 24 25 18 44 40 35 28 11 36 
38 15 25 16 27 21 30 29 13 24 15 17 17 28 29 23 21 34 23 26 22 5 24 24 31 17 34 22 14 18 
24 19 26 33 13 10 26 42 31 22 17 21 14 26 19 25 11 29 15 28 15 13 30 19 24 40 23 28 14 34 
26 26 33 15 12 17 26 9 24 17 11 24 17 25 12 38 21 23 25 21 37 13 27 23 36 29 16 31 14 36 
22 18 36 25 17 10 21 32 14 22 18 22 22 23 29 35 22 13 18 21 7 19 20 16 17 29 22 11 19 15 
41 25 2 19 18 16 21 18 35 20 21 15 18 28 25 25 20 25 26 30 26 16 32 15 24 30 11 6 10 25 
26 14 19 29 24 23 39 29 21 24 15 13 20 24 26 27 13 25 17 24 29 19 31 26 19 27 35 16 19 32 
32 26 39 29 22 17 34 32 27 21 21 15 21 34 35 28 18 19 27 38 11 20 24 26 30 24 34 22 20 28 
27 24 16 19 16 18 27 37 26 17 25 18 13 14 46 16 25 15 16 31 34 14 28 19 17 25 41 27 19 28 
28 22 32 15 17 15 23 20 24 20 21 19 15 28 35 43 24 50 26 17 31 17 19 35 29 21 37 20 17 13 
39 24 10 19 19 19 12 33 14 13 20 21 22 34 30 35 25 33 14 25 23 11 19 30 34 29 34 24 20 29 
8 25 26 22 24 8 11 38 24 21 26 16 14 30 23 26 21 33 12 20 29 18 17 29 33 18 49 28 24 32 
26 18 21 31 21 3 17 38 19 21 19 20 17 23 14 30 17 14 13 32 27 11 19 24 22 23 28 21 25 30 
31 28 22 19 27 9 29 35 15 17 17 20 17 24 27 46 11 34 15 37 40 13 26 31 27 22 46 16 20 26 
6 21 32 17 17 18 24 27 25 21 17 12 18 29 35 25 15 33 16 45 20 15 28 28 40 30 39 31 21 30 
31 16 35 27 14 14 20 27 29 26 25 15 20 24 25 49 22 29 19 28 33 8 11 20 19 37 30 25 14 21 
41 17 32 19 23 13 19 34 23 21 18 18 26 32 24 21 25 16 23 46 19 17 21 17 33 22 26 17 15 15 
33 22 41 18 26 18 25 42 27 29 16 16 19 25 31 27 23 27 14 36 24 11 21 18 20 23 31 28 12 16 
31 22 15 18 14 14 32 42 25 26 21 13 20 29 23 27 23 25 16 44 23 8 31 19 48 33 26 15 20 28 
32 30 40 26 22 14 29 34 24 21 16 16 16 30 28 36 15 30 19 18 23 22 28 25 24 37 17 27 14 28 
26 20 35 25 21 13 29 9 42 12 12 13 23 33 34 40 16 27 15 12 22 13 22 29 41 23 25 24 28 39 
28 21 22 28 16 13 36 35 27 22 25 25 19 26 35 41 15 32 18 32 20 10 29 29 17 29 30 17 13 25 
23 22 18 20 15 17 14 23 19 17 23 15 13 20 28 23 14 27 21 30 23 12 21 28 36 26 33 23 24 23 
28 23 29 34 12 14 28 14 22 27 19 23 15 27 18 36 24 22 26 20 25 8 25 20 36 22 31 18 17 38 
27 14 28 16 19 22 32 21 21 13 7 6 14 25 26 35 22 22 16 22 24 18 16 16 17 19 28 21 21 37 
39 19 30 22 17 11 21 45 16 27 30 26 20 27 3 31 18 18 19 25 33 18 20 23 23 19 29 25 20 17 
13 22 23 35 24 11 17 41 21 21 17 6 17 22 29 40 21 15 25 43 26 24 19 18 40 16 26 30 17 32 
38 15 21 17 20 15 28 46 24 24 9 25 21 32 15 36 15 24 15 25 20 16 25 28 32 39 21 19 21 39 
15 25 8 24 25 19 14 32 30 17 18 19 17 34 36 34 17 27 19 18 25 17 35 29 19 22 27 13 15 34 
15 26 22 36 19 18 20 31 21 18 28 21 22 24 22 35 11 16 26 18 30 14 24 21 39 29 34 22 22 23 
36 23 36 25 13 17 28 39 17 32 26 14 15 21 27 14 17 32 16 18 28 19 24 12 41 25 25 21 26 20 
29 19 25 29 11 14 22 24 41 19 22 13 20 21 32 11 12 37 19 31 3 21 28 26 35 36 41 26 21 36 
26 13 28 12 14 18 26 39 29 15 24 17 18 27 25 41 15 28 28 15 31 15 26 32 31 30 40 19 11 22 
29 18 29 28 16 18 18 39 29 21 21 22 19 37 35 19 12 27 22 31 29 18 21 25 26 33 20 28 20 23 
27 21 43 21 18 16 25 35 34 15 23 21 19 27 24 24 14 32 3 35 35 21 15 31 25 22 19 27 17 2 
19 22 25 33 17 13 40 30 21 18 17 19 21 31 41 46 16 29 11 24 10 17 36 26 31 23 26 21 18 25 
20 24 36 28 11 19 19 30 19 24 23 10 18 18 42 33 20 23 22 28 16 14 24 23 37 15 32 24 19 10 
19 20 12 36 31 15 35 20 38 27 24 22 22 31 25 39 20 20 16 28 34 6 23 29 11 26 16 24 12 35 
42 33 31 26 15 23 27 18 18 18 23 17 20 23 33 31 18 15 17 28 28 9 18 31 35 25 32 18 18 18 
34 18 15 26 24 15 21 34 22 23 26 17 16 24 31 28 13 28 23 28 15 17 19 23 21 27 36 16 24 32 
49 21 25 31 18 18 33 32 42 25 23 18 15 30 14 27 11 28 23 35 21 19 40 27 18 23 38 33 12 32 
52 29 38 24 20 6 23 21 24 20 21 20 21 31 31 38 19 23 18 39 31 14 25 31 26 26 42 13 17 30 
29 26 23 18 16 15 27 24 39 24 18 18 12 32 26 30 17 9 24 30 6 22 13 16 39 28 23 27 22 33 
30 13 27 24 17 4 26 51 15 24 23 21 18 21 39 19 23 27 21 7 26 18 32 27 22 24 26 15 20 37 
30 25 19 24 19 12 27 17 27 20 23 24 21 22 20 24 12 24 25 33 27 14 25 20 31 22 29 31 17 35 
51 22 36 26 20 21 23 16 22 14 12 6 25 33 46 30 15 27 11 24 29 18 33 25 23 21 18 16 21 37 
39 17 35 27 21 17 16 9 19 18 20 18 16 27 25 33 15 21 20 27 25 13 29 20 45 32 29 28 17 27 
34 21 20 25 17 13 16 29 23 9 18 19 6 31 20 32 16 20 18 32 21 19 25 22 46 26 43 26 17 22 
35 14 17 29 17 12 29 27 22 25 23 11 12 28 37 32 25 25 17 31 22 14 25 30 37 29 44 37 13 34 
23 20 33 29 21 19 14 34 21 8 15 15 24 19 24 44 12 17 17 19 23 14 23 25 25 20 40 22 22 42 
28 16 16 32 11 24 8 26 16 25 9 16 14 20 24 25 22 31 11 23 23 13 35 29 20 22 21 32 25 36 
42 16 23 21 12 18 23 46 14 21 21 19 19 29 32 39 8 27 21 30 36 18 16 28 8 36 25 35 22 43 
17 28 22 22 7 12 33 28 21 22 7 21 26 21 18 38 12 12 17 24 38 13 23 18 32 21 37 18 15 20 
33 19 25 28 11 22 16 37 33 23 10 14 16 26 25 40 11 27 27 26 24 13 40 31 36 37 47 29 19 11 
41 29 30 26 16 20 14 41 22 14 14 15 14 27 35 38 11 28 18 32 27 15 14 24 44 29 45 30 17 30 
46 19 32 21 21 12 23 33 25 20 14 17 12 17 25 27 20 29 15 31 38 20 22 18 29 34 29 27 13 35 
45 19 20 18 16 22 26 37 28 22 13 25 14 38 30 28 23 19 11 22 32 8 27 27 29 25 22 24 21 24 
28 23 26 21 14 14 25 41 31 22 24 13 26 25 29 33 20 28 14 33 24 20 24 23 31 26 21 7 16 37 
23 15 29 12 26 23 35 37 27 14 9 15 26 25 23 28 18 33 22 20 32 21 35 39 12 24 33 31 18 11 
22 21 30 23 14 14 30 26 29 22 25 21 18 27 21 28 17 36 13 22 38 20 33 23 43 19 45 28 20 30 
29 23 17 19 25 24 27 23 28 25 12 20 16 40 26 41 26 15 17 16 23 17 24 16 32 26 29 28 15 30 
32 25 26 17 16 14 10 39 31 20 18 18 23 21 14 17 25 26 14 25 32 13 24 30 39 25 29 22 20 25 
23 14 33 28 12 14 15 49 18 18 24 9 25 15 17 46 6 25 28 19 21 18 26 17 39 27 45 16 11 37 
21 17 22 27 15 21 23 42 26 26 18 21 19 21 27 37 17 28 19 18 23 19 20 28 33 26 48 29 25 28 
43 22 17 22 10 17 19 20 34 12 23 17 13 25 12 23 20 43 21 34 34 13 33 19 37 26 19 18 15 19 
46 22 13 26 8 13 18 25 21 8 24 19 19 28 16 26 21 30 26 27 26 9 21 32 27 15 18 20 11 22 
38 35 37 19 9 19 26 26 19 34 22 21 17 23 28 38 17 21 16 32 26 20 8 16 29 23 34 29 19 21 
20 11 32 19 16 21 20 28 19 29 25 7 10 46 23 40 16 24 16 20 10 17 18 31 26 20 36 23 19 22 
23 28 20 17 26 18 42 28 37 32 18 24 16 25 35 42 22 26 27 32 33 13 25 18 38 35 52 11 17 18 
28 16 21 22 15 14 33 57 23 20 20 19 15 24 35 41 5 30 21 34 23 17 17 28 18 27 23 8 13 14 
36 17 27 13 25 15 18 41 35 16 18 24 17 13 21 21 14 14 16 30 14 12 34 22 34 36 47 18 25 31 
31 17 28 23 19 14 14 39 34 21 18 14 24 31 25 29 24 18 24 31 31 15 24 24 27 27 30 19 21 38 
20 23 21 21 19 14 9 25 32 9 18 20 14 15 20 34 17 20 27 22 31 21 32 19 37 26 31 21 22 26 
38 16 12 23 24 19 19 16 34 31 23 31 24 18 37 27 17 21 21 24 6 19 20 35 34 35 33 25 17 31 
32 16 26 18 11 17 24 20 14 31 18 10 15 26 26 39 18 40 26 15 25 22 34 15 41 17 28 31 24 14 
31 29 18 10 16 11 38 17 28 26 16 20 10 18 28 26 15 26 18 26 31 17 30 19 24 24 22 25 11 27 
19 25 18 33 9 21 24 21 35 16 20 19 23 29 43 35 25 35 21 14 18 15 27 22 36 14 26 26 17 23 
45 30 25 24 11 9 27 23 38 13 20 24 24 39 32 22 17 24 20 17 38 22 22 24 17 35 34 26 26 21 
21 15 48 32 12 18 20 39 26 20 24 17 18 32 23 26 9 29 18 43 41 14 25 21 27 31 22 32 13 34 
21 15 29 23 20 18 23 18 36 19 21 18 18 13 45 32 12 28 19 26 31 10 39 26 35 36 28 13 17 16 
43 29 20 23 11 20 29 35 27 27 28 20 14 24 32 36 14 30 17 30 22 15 27 18 20 26 37 19 11 30 
21 28 21 19 19 15 19 31 14 25 21 16 15 12 27 31 15 32 27 32 26 12 25 26 23 30 30 21 14 28 
35 19 30 20 16 16 18 43 22 21 12 11 27 23 22 36 17 25 16 25 18 13 29 21 31 16 47 27 17 47 
18 24 21 21 24 23 27 33 20 16 18 19 8 26 17 28 8 18 14 28 18 11 33 26 38 33 40 21 3 29 
39 18 30 19 14 14 22 23 17 13 16 17 20 28 34 28 21 38 9 26 24 18 12 16 35 30 37 15 22 46 
38 13 19 33 14 13 14 33 26 21 11 24 24 19 25 18 20 13 22 24 28 15 19 30 26 36 42 24 12 31 
25 29 30 19 15 18 20 38 11 29 23 12 23 19 47 41 12 29 14 16 29 13 23 13 21 20 33 27 14 34 
35 22 27 26 16 18 19 26 18 22 16 21 12 26 36 23 19 20 20 47 32 18 40 14 40 20 20 26 10 37 
33 17 20 26 15 23 23 39 25 14 15 19 14 18 25 18 11 24 18 38 15 19 29 14 23 13 35 16 14 2 
16 23 24 23 13 15 30 31 33 18 26 15 12 22 13 42 18 24 21 32 14 15 23 14 17 33 22 18 25 19 
21 14 17 24 19 16 12 25 25 16 22 18 24 21 29 23 9 22 15 37 27 24 32 14 37 29 15 30 26 24 
43 32 30 28 19 10 39 33 16 21 11 21 13 28 31 39 19 22 14 30 28 12 27 26 12 32 30 35 10 36 
21 13 23 19 14 19 27 39 27 20 6 26 16 20 29 24 26 23 17 40 30 17 22 14 34 31 31 31 3 32 
32 17 25 22 26 20 18 38 30 18 24 20 10 24 27 25 14 35 19 24 26 19 24 20 21 34 44 19 20 35 
40 30 34 25 17 25 10 43 17 33 18 19 21 28 36 40 16 31 23 29 30 15 32 13 33 29 41 24 11 26 
47 15 23 12 12 19 25 36 19 18 18 12 19 17 26 32 17 18 20 40 26 10 26 17 52 29 37 23 11 41 
32 31 28 31 22 14 35 36 18 32 23 21 18 37 29 24 18 31 16 44 25 17 28 20 26 25 22 20 15 30 
29 20 22 24 13 10 25 29 11 27 18 22 20 33 31 39 22 40 20 33 29 19 30 21 26 35 39 25 18 38 
38 8 25 26 15 15 22 27 24 18 9 24 15 23 17 33 13 20 27 17 29 11 26 30 21 29 33 18 8 29 
21 29 25 29 15 18 23 36 25 28 16 15 13 6 29 29 18 39 15 31 39 15 25 34 46 19 30 21 9 27 
28 20 32 20 22 14 25 46 24 25 13 19 11 21 33 32 7 32 15 28 27 17 33 20 25 30 32 20 17 28 
27 28 15 25 17 19 16 34 23 28 20 18 16 16 23 37 16 22 23 33 24 14 14 30 27 21 23 35 21 17 
25 32 32 18 18 19 18 40 27 19 19 17 10 13 26 37 18 35 24 34 23 16 31 25 23 22 25 12 12 34 
31 9 26 36 16 21 18 25 36 16 6 7 6 24 39 41 24 30 22 20 26 18 34 20 37 32 44 12 17 42 
19 27 12 23 18 18 29 15 24 18 25 21 29 22 26 21 19 25 20 32 43 15 26 20 23 29 26 34 26 7 
30 25 25 20 20 10 23 25 33 16 20 16 14 21 18 38 21 30 18 35 37 18 29 21 34 39 32 27 20 20 
17 30 18 30 22 23 26 49 44 19 20 15 22 15 32 37 22 26 19 42 15 9 18 33 46 19 37 2 19 32 
25 9 21 26 15 16 23 36 31 28 23 18 24 20 20 40 21 34 17 19 21 18 16 13 27 25 31 22 23 39 
20 24 25 29 9 15 33 25 27 13 11 22 16 30 30 18 28 22 15 14 25 17 13 15 38 21 37 19 18 18 
35 16 37 27 25 15 30 47 24 17 19 16 13 24 22 13 23 28 20 28 24 22 22 19 47 30 29 23 9 25 
44 22 27 32 13 25 25 32 10 21 19 21 23 14 14 13 5 22 13 19 18 19 36 24 43 20 26 22 8 36 
34 27 31 22 18 5 15 33 11 18 25 24 24 42 32 37 24 19 14 27 15 17 26 21 28 21 36 26 15 17 
33 18 18 16 25 10 19 38 35 11 23 17 15 19 39 29 21 32 19 31 12 13 30 21 23 19 26 24 18 36 
38 26 25 25 18 14 27 20 31 19 18 24 14 22 17 20 24 18 21 36 30 23 21 24 47 23 25 21 17 39 
25 27 31 29 18 20 25 12 26 15 14 17 17 17 20 29 16 38 12 29 24 15 27 32 17 17 21 25 18 47 
30 26 28 33 19 13 38 25 18 20 22 21 25 12 28 30 19 20 16 31 29 15 28 19 35 31 34 27 23 31 
20 20 26 22 18 13 31 27 21 18 22 17 18 30 31 32 19 30 17 32 7 20 28 18 14 19 23 14 6 24 
10 25 24 22 16 13 33 39 17 23 19 18 16 27 38 28 16 26 11 37 21 14 12 36 29 31 36 22 14 16 
48 23 12 22 16 19 28 32 32 26 16 17 23 10 27 32 26 24 18 24 37 13 20 12 36 22 40 17 22 28 
38 19 34 16 19 11 33 17 25 17 25 20 27 37 12 27 16 22 14 25 23 15 13 27 30 22 29 36 15 37 
35 23 32 34 18 14 22 51 19 26 21 17 19 25 20 24 15 33 28 34 28 14 28 18 30 21 30 25 24 35 
25 17 25 27 15 13 29 7 25 20 9 17 26 10 23 27 19 26 34 14 36 16 21 22 21 28 38 21 17 24 
50 14 29 22 16 9 19 19 18 17 19 19 14 25 21 23 19 21 25 42 34 18 26 15 45 48 32 20 18 31 
34 22 20 29 21 18 30 39 24 16 20 19 31 21 13 46 21 17 15 27 35 20 30 27 32 15 21 20 17 32 
32 24 23 18 25 19 14 30 28 14 21 18 17 14 18 13 12 27 24 24 37 15 7 14 44 32 22 12 19 20 
36 21 28 6 16 17 26 31 26 29 18 23 10 25 26 38 25 30 23 23 27 19 23 28 16 20 37 27 14 22 
11 18 36 12 19 15 11 16 27 22 16 20 17 15 30 34 13 25 24 29 27 17 19 33 25 29 49 18 10 22 
31 24 26 25 18 16 30 30 26 25 15 22 19 18 15 23 18 28 18 22 19 8 36 25 26 35 20 18 18 17 
22 21 24 25 16 19 41 37 32 21 13 27 16 33 32 14 14 22 18 24 17 20 30 24 29 26 6 24 25 21 
21 20 14 22 18 12 27 31 33 26 12 21 20 30 34 12 16 22 15 27 22 18 19 32 24 24 23 23 14 37 
35 10 22 26 11 18 22 18 35 15 22 24 17 32 26 37 22 28 16 31 27 17 7 21 37 27 10 25 15 23 
15 25 31 28 21 16 33 33 21 21 15 11 9 25 27 33 19 17 16 32 27 18 20 20 15 22 24 23 16 33 
43 15 20 26 17 23 32 33 18 26 23 26 11 19 18 39 18 31 15 30 19 12 34 19 23 21 38 21 19 40 
33 17 23 16 16 25 13 33 19 22 13 17 27 25 24 34 15 34 16 34 14 24 34 22 21 17 19 20 11 34 
39 23 28 21 21 15 29 42 27 24 18 19 16 20 41 22 16 10 15 28 15 7 29 21 21 20 24 23 13 33 
28 13 37 32 22 14 17 50 36 18 21 23 5 23 53 26 20 32 18 29 21 15 25 22 40 20 32 29 18 23 
25 26 25 22 14 20 28 36 12 24 15 21 19 24 31 14 13 26 20 28 35 15 39 16 44 28 23 8 13 24 
30 28 48 19 20 14 39 27 27 12 23 17 20 23 34 28 14 25 24 17 27 17 25 37 44 35 30 19 15 28 
23 27 13 34 24 18 17 45 36 17 26 21 15 31 39 42 18 27 15 31 27 11 23 11 15 43 34 26 11 34 
30 24 16 19 19 13 22 30 29 22 16 7 13 35 23 18 20 39 14 30 35 13 26 24 43 25 22 15 18 26 
36 22 29 21 14 14 24 46 18 17 11 14 16 25 22 36 19 16 17 28 18 18 19 22 35 36 26 27 18 23 
10 16 26 16 14 22 17 42 18 17 19 11 21 18 32 25 17 24 25 18 14 9 31 26 30 25 31 30 18 22 
27 16 43 21 20 14 23 32 24 23 25 13 14 22 29 40 15 16 30 24 26 11 31 28 16 6 32 23 19 34 
34 10 23 21 17 9 14 21 28 13 25 18 24 22 17 29 13 15 17 28 32 14 28 25 10 33 36 12 19 35 
48 35 21 17 20 18 36 35 31 17 25 16 11 17 26 11 12 31 20 48 25 18 30 29 26 26 12 27 20 30 
8 19 28 19 14 15 26 36 12 26 15 20 31 26 19 27 13 33 29 26 22 16 20 26 26 19 25 28 9 36 
22 25 20 27 14 13 22 37 19 9 19 15 16 17 25 18 24 19 12 14 18 17 28 25 24 32 44 31 9 37 
33 22 12 25 16 13 16 33 15 26 23 13 9 27 38 32 11 34 17 19 31 21 27 29 15 30 19 29 11 17 
36 10 26 28 13 17 16 31 18 19 21 11 25 24 32 25 17 34 14 28 23 16 32 16 16 27 14 20 20 30 
28 17 18 27 21 22 22 24 27 18 11 15 8 38 25 25 10 34 15 27 26 19 29 21 33 10 36 8 23 33 
34 19 23 32 16 16 29 20 32 8 10 24 8 22 30 30 15 36 17 42 7 18 23 27 21 27 22 30 11 33 
32 16 15 22 16 15 29 24 24 11 12 20 16 25 42 32 20 25 22 19 19 12 26 27 19 25 13 21 10 17 
34 24 24 27 16 22 35 36 18 23 17 10 12 22 34 20 12 25 17 33 38 17 24 25 37 33 46 19 18 26 
30 9 24 22 7 18 30 40 22 21 8 17 15 23 33 27 19 21 24 31 20 13 20 27 32 24 7 36 19 38 
35 24 30 21 21 17 7 37 23 17 17 16 21 31 36 37 25 36 14 41 28 20 23 27 25 18 22 27 27 20 
23 26 23 28 17 21 27 47 21 24 21 33 25 28 30 24 14 24 20 27 27 13 28 16 42 30 36 28 14 25 
40 20 34 17 21 19 23 13 23 25 13 11 12 26 29 28 16 24 23 24 19 10 28 32 30 31 26 27 26 42 
40 23 21 22 11 24 24 50 20 17 24 20 11 26 19 21 20 20 16 40 28 15 34 6 24 19 32 22 26 30 
34 26 19 26 24 20 19 26 27 19 19 23 22 24 32 34 24 19 17 28 21 18 32 20 33 19 25 8 16 32 
12 19 12 28 16 21 26 42 14 27 16 15 20 30 38 35 19 18 29 33 31 18 40 14 27 27 15 25 13 32 
33 24 27 20 18 24 17 34 34 28 25 11 17 22 30 44 20 20 18 37 40 18 34 14 28 25 16 11 14 41 
16 28 20 23 16 19 20 29 27 12 26 11 20 25 19 32 15 30 22 39 34 20 36 15 30 36 41 23 14 23 
15 11 30 20 14 17 24 20 34 17 25 22 12 24 37 23 20 39 20 24 24 18 14 23 19 22 29 25 19 25 
22 13 20 15 10 13 20 30 27 13 26 15 23 24 28 29 14 28 15 15 37 8 23 19 24 24 35 30 12 32 
27 21 25 18 10 15 22 33 32 10 21 17 21 31 48 11 16 13 20 38 27 21 18 19 23 37 19 15 10 19 
25 8 18 18 24 17 31 44 29 13 16 24 25 24 35 42 14 42 19 33 27 16 28 29 17 20 21 21 15 31 
34 16 26 25 20 24 22 28 28 22 19 15 10 20 26 36 22 22 15 17 28 15 30 18 49 25 14 13 22 28 
21 29 20 29 14 15 19 31 39 28 27 15 19 24 22 27 8 19 17 24 28 10 28 23 34 20 35 24 14 25 
33 18 30 15 17 15 33 30 20 17 13 16 26 22 28 26 20 19 14 31 33 20 26 25 18 27 40 29 17 26 
27 29 16 33 27 17 13 41 18 32 23 20 16 30 28 35 20 30 15 23 33 14 30 12 30 23 20 24 20 27 
27 28 26 14 19 11 16 23 24 21 11 9 17 20 41 25 15 24 23 19 17 17 33 17 15 28 35 27 13 8 
22 18 23 14 15 10 21 56 42 22 17 13 10 31 34 20 18 26 19 42 25 20 22 26 28 32 31 18 12 36 
38 22 16 16 26 20 8 42 19 24 22 17 22 31 16 22 10 31 10 27 25 17 23 24 27 37 27 24 10 37 
36 20 35 29 16 12 26 39 21 26 13 19 19 34 25 11 19 33 16 30 18 13 19 23 34 27 32 18 23 30 
36 18 28 19 19 9 28 17 33 19 18 24 18 17 28 19 10 14 4 39 7 18 19 22 32 20 38 29 18 16 
42 23 36 26 13 16 16 35 33 19 13 15 17 23 24 34 15 35 24 24 13 15 26 28 36 18 38 28 20 29 
31 12 23 25 13 18 19 9 17 16 14 20 18 47 34 28 23 28 17 30 15 12 26 18 34 24 26 29 15 26 
26 17 24 18 12 23 21 51 32 18 28 27 9 25 29 40 24 19 16 27 29 13 26 25 35 12 39 24 15 19 
38 21 17 19 22 24 32 29 27 28 16 29 14 32 32 43 7 28 16 29 22 21 29 23 35 30 30 15 23 20 
36 19 9 21 27 20 26 22 29 11 19 20 21 18 35 28 17 27 14 23 18 17 22 35 30 34 20 28 22 36 
18 11 31 15 16 17 18 27 20 21 22 26 10 22 21 44 13 22 23 45 22 15 30 33 19 20 31 28 17 36 
27 14 36 24 21 7 38 25 21 14 20 19 16 27 38 30 20 30 19 26 26 19 19 22 34 20 51 26 22 26 
25 33 22 29 12 11 20 32 26 21 13 14 19 16 22 35 26 36 21 27 14 16 33 35 48 32 23 23 5 35 
34 25 22 24 12 12 23 27 29 31 16 9 25 26 26 33 20 25 16 8 21 11 25 19 27 23 31 25 20 11 
16 20 29 17 18 19 29 40 18 27 19 18 19 26 20 28 13 22 23 35 24 16 30 29 27 27 49 32 13 25 
47 15 31 23 21 14 40 35 22 18 14 30 23 26 28 46 19 26 17 14 30 15 26 20 25 32 31 31 7 35 
15 20 9 30 18 20 25 9 20 13 18 28 23 18 35 18 23 19 13 29 15 11 33 26 24 38 32 20 9 38 
39 15 8 15 20 17 18 26 17 16 20 17 14 22 30 33 12 35 13 40 25 10 23 14 33 17 35 25 27 45 
28 21 23 28 10 11 24 32 23 30 17 16 18 28 37 30 15 30 27 21 23 20 20 16 40 20 20 31 14 32 
16 32 35 26 21 8 32 24 22 20 22 17 26 38 26 37 23 22 27 26 22 9 31 34 25 31 22 26 17 31 
24 24 33 21 24 17 34 12 26 31 27 24 14 28 27 41 21 22 21 38 30 12 26 23 21 19 31 26 21 35 
46 7 19 27 21 11 29 29 14 32 27 18 16 24 28 22 17 26 17 32 24 13 21 36 23 22 7 25 17 30 
21 26 23 20 19 15 19 28 28 10 17 15 21 28 29 38 18 35 12 16 27 11 28 14 28 25 31 30 25 22 
29 19 26 19 24 14 20 32 30 21 10 10 11 26 21 27 6 16 19 25 25 15 26 20 42 27 24 12 12 33 
26 30 32 19 20 15 23 33 25 23 17 16 15 21 27 21 16 22 26 18 15 8 34 19 31 25 32 27 14 29 
25 28 26 30 13 23 22 20 16 14 14 16 14 23 27 30 11 24 12 23 9 13 25 25 36 33 39 26 23 19 
32 19 23 9 21 12 30 29 29 23 19 14 16 25 36 25 12 18 20 22 28 18 29 17 36 19 33 17 12 32 
38 10 26 25 17 11 32 25 29 30 17 21 12 24 22 18 17 32 14 22 33 27 11 26 35 33 27 19 23 34 
26 19 31 31 16 17 26 22 30 20 13 18 14 29 27 27 25 24 19 15 26 17 31 41 30 35 30 23 22 39 
17 20 29 25 20 9 21 38 24 17 18 11 20 19 25 30 17 28 18 31 34 15 20 18 32 29 19 22 13 31 
28 23 33 30 19 22 22 18 26 11 23 22 15 25 17 26 14 16 24 26 29 13 27 18 23 28 33 12 16 14 
28 22 22 19 23 19 32 39 13 25 17 12 17 21 21 24 21 30 18 25 23 13 25 19 35 24 27 27 20 40 
25 27 44 28 18 12 29 35 12 18 16 17 18 7 30 24 15 22 20 21 25 14 39 14 52 33 36 28 21 31 
42 20 28 26 19 21 27 12 17 14 14 21 22 32 33 32 10 21 15 28 33 16 25 26 46 34 24 24 14 25 
42 24 30 28 7 17 20 30 31 32 23 20 16 29 32 29 18 40 21 33 23 17 28 34 30 28 28 26 23 25 
36 18 29 25 17 16 18 30 27 21 21 19 22 37 44 25 14 34 23 34 16 14 31 25 30 25 29 17 19 36 
30 20 19 33 22 10 19 6 30 13 14 27 13 48 28 25 16 22 18 28 28 17 29 25 29 31 45 9 18 19 
28 14 24 34 15 13 38 23 28 17 17 11 16 10 41 23 16 28 17 42 20 13 24 21 32 33 34 19 7 14 
34 20 23 33 19 17 25 17 17 25 18 19 27 21 20 33 14 31 19 14 19 20 38 14 28 18 29 12 17 27 
21 27 33 14 16 19 21 40 23 23 19 21 17 32 26 37 16 22 10 40 16 14 24 15 17 33 28 17 13 22 
36 36 32 31 11 17 28 38 27 17 25 17 10 32 23 43 3 28 21 36 26 15 32 20 28 22 24 27 16 34 
33 25 25 30 12 17 17 26 21 24 21 26 10 31 28 32 18 24 27 12 26 24 15 17 24 24 38 1 21 12 
36 18 21 21 16 12 42 28 16 14 13 13 11 25 33 14 11 27 19 35 30 14 21 31 36 35 41 14 17 46 
42 29 24 22 21 19 33 22 29 16 11 22 23 18 42 37 17 23 14 15 40 11 26 14 40 36 41 20 13 34 
55 24 39 27 15 22 29 29 32 21 18 15 19 29 28 28 18 25 26 30 33 14 43 18 37 16 19 18 15 34 
29 10 24 24 8 12 25 39 22 12 15 19 18 32 27 17 9 26 19 38 20 17 29 20 34 33 25 19 13 24 
36 28 18 9 23 15 32 38 27 27 12 5 4 23 27 28 20 24 23 26 34 11 29 33 32 15 28 27 17 32 
32 21 24 17 10 8 40 24 25 17 21 16 6 23 27 20 17 29 19 20 24 9 27 27 35 15 20 26 18 31 
34 24 16 31 5 17 27 43 21 32 18 31 9 23 23 16 9 31 9 19 20 16 32 27 31 36 26 29 26 20 
21 21 39 16 22 21 9 35 24 17 26 8 22 18 30 34 13 31 28 34 18 14 24 23 34 36 25 22 12 32 
31 15 29 19 22 14 12 21 29 27 16 17 22 21 18 39 20 15 20 26 25 19 30 26 9 20 34 21 21 33 
11 29 15 25 24 17 32 36 24 26 27 14 10 22 40 24 6 42 12 18 30 19 29 23 29 19 44 31 22 24 
20 23 20 17 7 14 19 37 20 22 19 19 21 21 27 35 22 29 18 47 25 7 26 22 30 22 33 24 19 25 
30 17 26 30 19 12 27 35 30 33 28 13 16 16 33 28 14 16 21 36 32 15 38 27 26 31 44 26 11 27 
13 21 21 22 18 32 28 31 27 10 17 21 20 38 44 9 15 19 17 22 19 19 15 23 32 27 39 20 14 16 
45 26 19 11 6 17 34 28 32 16 25 19 14 24 54 23 15 27 22 25 22 13 40 12 19 22 38 11 20 36 
22 8 20 20 14 15 20 42 26 29 18 12 17 22 31 28 15 14 26 18 26 19 13 22 28 24 38 13 22 36 
2 24 17 10 7 9 24 36 26 17 19 21 11 33 34 39 24 21 18 28 21 9 29 20 22 33 33 25 16 29 
48 12 25 12 19 15 32 35 20 19 19 18 18 26 42 22 20 20 23 20 29 10 20 23 40 24 25 27 20 27 
10 17 37 22 21 15 23 27 19 26 26 21 18 30 33 35 12 29 20 26 24 12 15 28 18 25 29 25 11 25 
39 28 17 25 22 24 23 27 31 14 23 12 21 23 28 25 21 25 16 33 31 7 26 20 27 33 20 37 6 25 
33 23 32 16 9 19 33 28 34 20 21 19 8 26 35 23 13 19 9 8 34 18 26 23 33 32 34 28 7 33 
53 20 28 29 22 11 29 31 14 20 23 25 16 22 30 25 26 20 20 27 19 10 25 18 40 26 35 11 9 39 
16 26 17 26 23 9 19 32 25 21 20 20 12 29 30 21 16 23 25 27 14 10 25 18 29 26 26 24 14 22 
30 12 33 26 21 11 22 20 23 23 17 12 17 29 28 29 11 29 15 39 30 12 19 19 9 35 31 28 19 46 
16 24 27 22 24 15 19 20 27 24 23 17 15 21 21 44 17 32 26 34 31 17 27 25 13 16 22 36 23 26 
1 13 26 28 21 24 25 46 17 18 14 13 20 32 17 38 22 24 19 30 11 19 35 22 42 17 22 25 12 21 
35 25 29 24 17 12 20 16 30 12 19 25 11 23 36 34 27 32 26 24 31 13 29 28 37 26 25 25 25 31 
38 22 21 10 16 20 22 42 15 13 30 7 18 18 13 36 20 31 21 38 22 14 21 25 25 12 25 28 15 21 
37 23 22 27 24 12 20 30 17 25 17 19 17 30 25 28 22 20 22 27 30 13 25 33 37 36 26 20 11 26 
24 18 27 22 9 16 17 30 31 26 17 14 10 21 30 37 23 19 14 26 21 10 36 15 24 23 25 17 15 27 
24 27 31 24 17 19 19 28 21 27 16 15 15 30 24 31 21 32 20 33 16 21 21 18 32 29 28 25 22 42 
25 34 40 22 19 14 34 38 19 13 16 16 15 20 30 36 17 17 26 35 16 22 19 21 40 18 36 25 19 36 
42 26 25 29 18 16 26 36 27 23 8 15 27 39 31 21 17 26 18 23 22 23 25 16 19 26 43 28 20 26 
36 17 15 12 21 21 18 28 26 24 22 20 18 10 27 27 12 43 17 30 21 15 22 27 45 25 39 16 22 24 
34 22 23 26 17 26 18 47 26 25 21 15 15 30 28 38 26 26 12 19 23 18 18 17 41 22 31 26 18 51 
30 15 33 22 28 12 14 22 24 26 15 8 12 20 30 21 14 24 14 34 26 17 23 36 45 22 41 27 11 30 
26 22 37 27 20 18 35 36 6 14 24 17 12 17 17 36 19 24 26 23 32 23 33 27 16 28 33 27 12 31 
27 25 31 21 17 21 34 51 28 9 12 8 12 16 39 17 15 36 19 32 33 16 26 30 24 28 24 10 16 45 
33 32 27 15 18 14 17 21 32 22 16 22 21 19 23 25 20 19 18 37 26 13 24 18 23 36 22 25 17 29 
32 18 34 19 19 11 20 41 20 16 18 17 22 27 30 40 10 30 18 24 20 15 33 21 26 24 27 15 17 22 
34 22 43 29 12 13 21 35 27 23 17 20 21 20 21 11 12 10 20 31 28 13 29 22 25 23 30 22 15 37 
29 23 37 18 23 21 34 14 23 16 15 12 17 28 34 26 21 32 13 33 26 22 23 23 37 42 32 14 20 23 
30 16 35 21 18 13 27 21 31 6 12 12 13 17 29 47 18 33 27 33 22 9 24 24 23 18 40 24 12 33 
20 18 31 23 19 16 23 51 23 28 21 19 15 17 31 44 16 33 22 17 20 24 38 24 35 25 34 34 15 22 
15 24 18 22 18 18 22 16 16 6 32 14 16 19 27 16 28 19 19 30 23 15 18 20 34 18 29 28 22 30 
35 17 28 20 21 10 14 28 18 16 26 15 12 33 37 28 16 25 21 31 23 24 37 21 25 30 22 22 10 38 
30 15 32 34 19 13 30 43 37 15 17 24 21 21 36 47 11 24 17 11 15 13 35 28 30 27 21 25 15 33 
25 20 32 20 12 17 22 34 13 11 26 15 20 31 15 40 14 23 21 18 9 10 15 16 44 24 32 18 5 18 
18 21 27 23 12 15 25 30 20 11 19 19 19 28 35 21 18 17 15 35 34 13 9 12 16 30 26 19 12 30 
36 23 28 15 12 9 23 7 38 9 12 16 16 14 31 25 19 21 18 32 13 16 27 27 33 28 39 15 13 28 
34 15 19 31 13 18 32 34 20 23 19 19 22 19 30 21 16 26 15 34 23 11 33 17 15 24 28 12 23 27 
24 23 30 21 13 15 22 18 27 19 13 24 14 29 29 21 21 14 13 25 24 14 18 31 31 20 9 21 12 35 
37 20 25 34 19 22 25 31 21 14 15 18 25 21 12 26 23 37 19 36 21 14 11 21 23 22 37 25 14 34 
40 19 23 16 17 13 14 39 19 23 16 20 18 26 30 22 13 20 18 18 29 19 43 28 31 26 29 37 16 50 
30 21 31 28 20 21 27 17 30 19 16 18 15 32 41 23 14 18 24 32 23 16 43 27 30 12 38 24 10 34 
30 20 23 24 16 16 31 34 16 11 21 16 17 25 17 31 20 27 22 31 39 15 25 20 29 35 28 18 18 45 
32 25 22 28 17 18 37 36 26 31 13 18 20 33 33 23 10 37 14 38 39 21 19 28 33 24 21 17 14 22 
34 25 25 9 19 23 24 45 26 21 10 18 16 33 30 33 16 20 23 33 33 15 29 14 30 9 41 25 18 25 
18 18 33 27 22 18 30 26 20 31 20 18 23 19 30 22 20 26 23 32 28 21 24 21 39 22 29 26 22 32 
26 11 19 19 18 12 18 43 30 13 17 22 19 44 15 16 24 33 14 26 16 11 28 21 27 25 38 20 18 38 
2 21 42 22 10 21 24 27 20 27 13 16 18 19 34 53 16 51 19 29 25 14 13 30 33 27 13 30 18 7 
37 24 22 20 19 14 16 37 28 19 23 18 30 25 25 16 21 24 9 37 36 10 24 22 18 34 26 24 21 10 
26 26 21 32 16 19 18 27 20 25 17 13 18 29 29 28 16 30 24 32 28 9 22 29 14 20 34 16 16 41 
20 28 27 21 14 17 34 29 19 18 14 23 11 29 26 28 15 34 20 28 33 10 20 32 27 33 37 23 15 24 
36 16 24 14 17 16 16 30 20 14 19 16 32 31 19 44 22 17 19 36 26 15 34 21 20 20 22 25 18 15 
31 17 21 29 23 17 16 23 36 23 14 16 23 27 29 25 16 16 16 33 19 16 30 19 30 27 28 27 17 34 
26 16 24 25 16 13 19 20 40 19 23 19 16 30 30 38 15 27 13 27 16 22 30 20 46 29 35 14 13 28 
27 18 34 15 9 14 27 39 30 18 28 13 22 21 23 36 20 19 18 23 29 19 24 18 38 14 30 10 10 38 
17 22 25 22 20 23 25 18 32 16 14 8 14 32 44 43 17 30 25 30 40 20 28 25 18 28 30 19 10 19 
34 21 32 19 17 16 22 42 22 9 16 12 15 21 26 36 13 20 28 17 28 13 21 30 30 26 33 22 6 27 
15 19 22 27 24 7 32 32 26 16 21 20 17 29 29 31 22 7 20 41 30 16 29 21 24 24 24 17 18 35 
23 14 16 20 12 19 21 32 29 23 25 31 13 29 2 35 17 18 18 6 33 14 13 24 36 22 30 12 17 33 
30 22 28 32 17 15 22 29 19 15 12 16 18 25 24 28 14 27 28 15 31 19 35 25 12 21 26 24 11 39 
17 24 29 27 18 16 38 42 18 31 21 19 22 28 31 25 19 13 21 37 21 16 21 21 27 22 27 17 18 25 
22 25 24 26 16 14 21 25 34 8 17 19 11 34 45 37 26 33 7 26 23 19 18 20 44 23 43 22 19 17 
38 18 16 29 20 11 31 25 24 22 25 34 17 19 22 34 16 26 19 52 19 15 18 19 35 19 14 21 13 22 
20 13 27 34 22 18 7 28 30 28 16 9 19 10 27 29 27 24 25 39 22 16 25 33 24 18 37 29 12 31 
52 23 26 29 18 16 23 28 25 14 20 13 8 16 27 31 16 21 25 38 19 17 21 10 35 21 33 26 14 28 
33 29 25 16 24 19 22 27 23 20 12 23 14 24 35 29 18 23 21 32 22 17 29 18 29 23 32 19 21 31 
39 21 27 25 22 18 33 48 24 25 23 9 11 33 25 19 15 24 11 29 37 12 25 32 25 18 32 25 16 25 
31 22 37 20 16 16 22 35 25 8 12 18 16 25 41 25 20 27 16 35 24 17 30 23 42 20 27 16 21 27 
31 22 21 22 16 14 30 39 19 11 26 20 16 27 41 35 15 30 18 26 21 14 36 28 14 24 23 20 12 26 
36 29 14 18 13 18 21 14 33 18 26 22 18 36 33 12 22 31 24 31 22 17 15 30 5 16 36 28 13 29 
25 18 22 25 24 12 23 24 16 25 22 18 15 27 31 43 20 29 13 41 19 10 24 24 33 28 43 22 18 36 
40 32 19 32 21 15 26 29 17 30 23 21 14 14 17 29 15 27 18 34 17 15 26 19 40 15 16 23 25 26 
42 19 28 27 21 8 14 29 23 17 15 12 20 25 23 24 16 20 18 20 23 16 28 29 30 28 31 37 16 38 
34 25 26 24 16 16 23 32 13 22 18 22 22 22 24 23 20 22 25 28 28 18 30 25 36 32 41 24 34 27 
43 19 15 15 24 23 29 43 26 21 28 16 15 34 19 24 13 17 15 23 8 17 24 40 29 32 25 27 20 16 
39 25 28 29 18 11 12 39 27 21 24 17 18 12 31 29 23 25 14 23 31 16 27 26 27 18 37 25 14 16 
39 19 18 11 26 21 34 24 19 18 23 17 20 19 34 25 11 23 21 22 23 9 28 32 16 30 22 19 21 26 
44 16 19 38 20 20 19 23 25 13 16 20 10 21 28 10 15 23 26 37 19 18 21 21 35 31 41 19 17 36 
24 29 27 24 21 20 15 41 44 23 15 22 19 21 33 19 21 28 19 22 18 6 24 16 25 31 32 25 21 38 
38 24 27 24 22 30 33 35 23 21 24 15 8 14 17 19 13 27 22 22 22 16 16 35 33 30 23 17 16 32 
43 26 20 12 17 19 27 16 29 30 27 28 22 30 3 44 4 31 21 12 32 21 19 38 29 30 48 28 19 41 
29 22 34 34 18 18 25 49 20 15 14 11 23 29 24 23 18 22 24 25 22 19 19 17 11 30 23 33 14 30 
29 19 33 40 13 22 19 34 20 22 9 16 22 34 33 32 23 31 23 39 19 18 37 30 11 32 38 30 19 55 
35 22 6 33 18 21 36 19 23 13 18 21 15 23 46 26 18 23 25 11 22 10 25 21 27 34 16 27 23 29 
21 28 21 20 18 11 28 20 32 18 13 16 18 17 30 35 21 11 18 9 12 14 23 24 24 24 37 16 15 28 
40 21 22 32 12 14 27 38 29 21 27 23 16 19 17 31 19 34 24 28 27 16 33 30 16 16 45 28 16 18 
10 19 23 18 15 16 31 21 26 18 24 25 9 21 36 36 17 24 17 20 24 9 31 24 41 27 47 25 9 26 
30 26 31 21 25 21 17 28 15 13 10 13 19 31 50 35 16 30 18 20 33 23 28 23 30 32 43 23 24 28 
25 16 21 32 20 17 25 20 30 28 27 12 19 30 38 34 13 22 15 29 17 18 30 27 42 27 26 27 15 26 
24 14 41 26 8 15 14 21 30 25 26 17 14 31 11 35 10 22 29 20 25 20 26 33 39 22 20 16 12 37 
28 25 26 17 17 16 26 34 37 25 31 18 20 28 33 19 19 20 20 22 34 15 37 33 18 25 37 25 16 39 
27 30 33 18 14 18 26 21 29 17 20 15 19 26 31 20 13 23 15 16 21 18 35 27 45 20 29 23 12 22 
37 26 23 29 11 13 22 36 19 11 13 16 7 30 38 46 17 19 22 26 30 12 23 27 41 14 30 19 19 29 
39 22 15 12 15 20 12 27 26 14 19 22 14 26 4 20 14 27 15 43 38 14 34 30 40 22 16 26 15 26 
17 27 30 16 19 24 37 44 26 23 20 21 10 20 22 40 18 29 12 25 39 17 34 32 34 27 30 18 19 17 
11 26 20 22 19 14 22 32 21 11 24 20 15 26 16 31 16 21 20 16 29 14 27 15 36 24 34 28 9 25 
27 12 28 22 25 13 20 36 23 19 14 19 17 25 23 33 18 35 10 39 33 15 30 30 18 20 19 27 15 25 
29 11 22 30 18 26 27 34 30 15 12 16 27 25 19 38 15 37 22 35 34 16 31 22 38 25 20 24 23 5 
37 19 26 17 13 20 25 24 37 19 20 19 24 17 15 41 22 27 18 41 14 12 36 22 34 20 27 18 19 18 
37 19 28 21 16 18 29 28 22 21 17 16 21 6 41 35 17 14 19 23 19 23 18 17 36 30 27 28 9 23 
32 27 27 24 17 27 30 33 28 26 15 22 16 33 32 31 18 29 29 34 24 9 30 19 22 20 26 30 15 33 
54 21 29 21 19 13 40 29 26 28 22 18 14 26 28 36 16 33 27 24 40 21 25 25 41 32 31 19 22 37 
28 21 26 25 17 13 31 29 29 20 17 22 19 26 36 26 20 20 26 35 25 17 25 20 21 19 18 35 13 31 
37 20 21 33 11 14 36 20 35 10 17 15 20 30 24 32 20 23 26 18 21 16 11 22 26 30 23 24 12 33 
32 22 25 19 24 13 24 20 35 28 10 10 16 31 31 30 11 21 21 18 35 15 24 21 26 21 33 22 20 29 
29 22 18 27 17 19 18 14 23 17 18 16 17 17 35 33 21 26 13 41 18 18 28 17 21 20 31 29 22 20 
31 19 20 16 20 15 32 36 18 31 23 20 25 33 23 42 7 47 16 26 33 16 21 12 38 9 29 17 13 34 
32 18 17 13 15 19 34 34 19 28 22 12 22 37 22 22 20 28 20 24 38 18 28 23 33 23 59 13 20 29 
31 19 24 21 15 19 23 23 25 16 14 17 23 24 37 35 22 36 15 28 18 10 43 25 23 44 28 20 18 29 
36 9 23 19 18 18 25 44 21 14 20 13 15 26 27 18 15 29 13 42 29 16 32 12 12 15 41 16 9 40 
28 25 34 11 18 28 37 30 20 21 13 17 21 28 30 29 23 31 11 17 21 10 23 25 37 25 35 12 13 49 
25 11 41 13 17 10 30 30 33 19 23 13 18 19 32 34 14 30 25 21 25 21 38 23 41 22 33 17 14 24 
27 34 23 26 29 14 32 38 19 29 12 17 24 31 36 42 12 30 21 29 16 16 22 27 26 22 31 14 22 15 
23 19 15 38 10 15 14 47 37 23 17 19 13 21 40 10 23 33 18 35 23 14 32 38 20 19 18 10 19 21 
30 33 30 14 18 19 30 23 22 20 16 20 14 24 21 30 12 34 18 39 21 23 25 27 28 22 49 29 12 28 
33 14 25 22 18 24 2 21 28 18 27 17 24 35 32 38 9 23 22 37 27 23 33 14 24 25 38 37 23 33 
35 29 29 34 24 18 21 25 20 18 12 24 12 28 43 40 26 20 17 36 27 17 25 27 32 22 41 23 10 42 
54 23 29 32 6 21 16 27 30 19 22 23 19 33 41 34 17 34 20 15 17 11 29 25 28 31 24 24 20 37 
30 31 22 27 21 18 27 20 33 30 15 17 19 24 17 16 18 41 21 23 20 13 24 18 15 22 40 14 23 27 
12 20 18 30 17 9 27 46 21 18 24 18 20 22 27 36 25 21 25 24 30 16 30 12 31 13 37 20 10 24 
26 21 13 25 13 26 25 41 27 13 18 9 24 33 27 26 17 29 19 48 30 15 27 18 21 38 40 21 15 36 
38 16 17 19 18 16 20 17 12 25 23 20 11 23 25 35 17 17 20 32 14 13 31 28 32 23 45 19 18 25 
27 19 17 26 15 13 12 38 16 20 19 17 23 17 40 33 11 29 18 38 30 17 25 20 23 31 30 26 15 23 
46 24 31 30 7 12 31 36 24 19 17 22 18 24 19 33 35 20 16 32 30 17 29 28 30 20 47 31 20 15 
34 18 38 27 15 13 15 28 33 15 20 19 13 28 33 30 6 32 29 33 20 14 17 22 46 27 40 22 9 24 
35 10 22 11 9 16 17 27 15 26 10 20 16 30 38 21 20 20 16 9 19 20 28 16 39 24 29 31 22 39 
29 10 17 21 13 16 29 23 21 14 17 22 25 16 20 30 17 26 26 22 19 20 21 15 15 22 19 23 22 26 
16 15 21 26 10 21 27 30 33 12 25 16 15 13 25 26 16 41 20 36 21 19 25 26 16 29 12 20 11 25 
38 15 27 27 32 5 22 37 17 16 21 12 10 24 31 35 9 26 22 34 30 14 20 23 36 18 21 27 19 33 
28 28 24 12 7 11 23 44 14 23 22 16 12 18 23 18 14 36 18 44 24 13 18 18 35 24 28 17 17 45 
18 22 36 26 20 13 35 39 26 19 22 21 35 28 28 23 11 29 25 24 27 15 34 23 12 29 32 34 27 41 
25 20 10 18 27 16 26 12 35 23 20 15 9 24 28 40 20 33 20 34 28 13 37 25 28 28 17 19 22 29 
29 19 22 21 16 12 11 22 35 18 20 15 16 27 36 24 20 21 18 26 24 18 23 18 32 31 21 22 30 21 
33 19 21 16 23 13 15 37 25 15 12 26 15 20 35 21 23 32 24 41 23 19 13 22 32 19 12 22 16 26 
33 26 30 23 9 15 30 12 31 13 13 18 21 34 23 30 16 23 17 35 25 19 33 20 9 33 18 24 13 27 
34 15 33 8 21 17 25 43 32 15 12 21 24 20 17 36 24 27 11 37 22 10 17 37 32 35 34 29 18 14 
22 33 17 31 9 18 25 27 39 17 15 25 26 31 27 27 17 25 19 24 34 21 23 22 30 30 20 37 18 34 
23 21 38 20 14 23 29 47 16 19 10 18 21 16 29 40 17 34 11 32 26 20 28 27 32 25 23 22 19 37 
32 17 37 23 12 17 29 32 30 26 13 24 16 35 16 39 11 19 15 18 25 16 30 31 35 29 28 13 18 14 
30 28 21 17 11 17 34 34 40 18 23 23 24 41 28 30 20 31 14 20 20 17 24 11 32 17 40 20 26 23 
35 11 28 13 18 13 36 33 35 15 26 24 25 23 40 45 11 31 19 33 21 13 28 14 28 28 17 32 13 30 
18 12 33 24 19 25 31 29 27 18 18 13 21 30 25 19 18 29 21 32 21 20 28 31 30 29 39 19 21 18 
30 26 17 24 7 15 16 45 31 24 16 11 21 34 30 23 19 25 16 27 13 10 24 24 48 23 40 20 28 29 
33 22 28 21 17 12 15 45 12 15 15 27 5 37 27 20 9 20 20 19 31 15 17 24 22 29 37 16 14 34 
32 21 12 37 22 21 22 30 23 14 19 18 21 24 41 38 12 22 22 29 26 21 24 23 27 28 35 29 12 24 
43 20 9 27 14 21 30 45 19 32 13 29 12 20 24 42 29 10 27 31 25 21 40 24 25 15 32 11 15 27 
28 28 29 17 16 22 23 27 35 29 16 22 16 19 19 27 19 30 21 31 10 17 23 32 21 21 31 24 14 25 
27 10 28 29 11 24 17 23 24 22 25 17 17 35 14 36 21 26 21 15 36 17 29 23 47 18 18 16 20 31 
39 19 24 28 26 23 23 46 25 20 13 16 25 26 32 34 15 41 17 5 38 14 17 25 31 25 40 20 13 21 
29 28 27 26 19 16 24 34 27 18 21 18 16 28 27 14 14 17 23 36 33 17 22 23 36 23 36 24 22 38 
22 23 26 18 12 16 26 39 33 23 24 13 17 22 29 35 20 29 22 9 19 7 28 38 10 25 34 16 15 42 
39 18 18 24 21 24 23 21 22 19 18 22 18 20 37 30 14 39 24 33 38 24 32 30 46 36 16 11 13 36 
25 16 19 28 16 14 18 43 32 22 23 14 19 20 33 35 22 11 23 27 22 11 21 17 15 22 17 20 23 26 
30 19 22 32 17 16 28 29 24 11 10 19 18 34 26 32 25 29 21 30 12 22 20 23 24 23 29 17 17 37 
23 17 25 20 16 23 34 8 25 22 19 20 21 17 34 34 23 34 13 19 20 14 18 25 25 37 36 22 10 23 
7 17 43 30 17 12 23 29 20 13 11 9 24 28 28 35 16 28 21 27 24 19 27 20 31 32 29 23 23 29 
38 9 25 18 16 21 19 36 32 18 29 22 25 30 22 28 7 34 20 9 27 12 28 30 48 29 28 23 22 38 
44 23 25 24 15 13 16 23 19 12 20 22 15 13 27 37 11 26 17 20 30 26 24 24 28 10 36 16 8 27 
25 14 30 30 18 14 30 30 11 20 21 16 23 31 34 22 19 22 16 11 21 15 33 16 18 31 39 17 14 31 
52 26 24 19 10 20 27 44 9 26 28 12 15 30 35 30 5 23 10 4 31 17 20 19 37 22 27 14 17 38 
30 19 23 31 17 16 20 25 24 21 19 11 33 24 35 32 17 25 18 23 31 19 21 24 31 19 36 30 7 48 
13 29 23 25 17 11 28 30 26 14 23 18 15 21 39 15 12 31 10 23 23 15 26 15 13 30 38 23 22 36 
30 11 28 22 16 8 31 29 23 22 23 17 17 25 33 27 8 33 25 39 26 15 34 21 33 19 33 22 12 32 
10 12 31 27 18 13 28 15 28 26 21 10 22 18 38 39 25 34 15 36 29 14 20 23 35 16 29 28 17 17 
28 26 35 23 22 11 23 17 23 13 12 23 11 12 34 33 8 19 25 5 22 23 28 30 35 24 33 21 13 32 
32 9 25 26 16 19 26 33 19 23 27 31 14 21 26 22 13 22 21 24 16 17 20 22 27 33 29 22 19 31 
28 23 38 17 24 15 29 39 24 18 23 23 19 21 36 29 12 24 6 39 31 16 20 28 37 21 30 28 12 22 
32 36 17 18 14 16 29 24 21 19 19 21 15 33 27 37 12 16 15 24 23 7 34 10 13 25 25 11 16 21 
38 25 44 17 15 10 33 32 29 18 17 14 21 26 43 44 14 22 27 39 19 18 35 26 28 31 29 22 18 20 
33 12 14 19 13 15 35 40 22 17 29 27 19 14 28 34 12 24 9 38 35 19 38 13 29 28 39 16 28 28 
39 10 11 26 17 11 26 27 25 20 26 24 24 24 19 13 17 23 17 31 31 15 17 20 38 21 39 19 23 39 
38 28 17 23 15 10 24 26 25 18 25 8 21 15 26 29 18 23 17 30 20 4 29 33 25 29 30 30 18 28 
41 24 20 16 17 14 29 39 24 17 18 13 19 33 30 26 19 6 9 28 45 18 28 34 42 33 28 26 12 40 
41 23 30 21 22 15 23 35 25 10 23 17 14 33 15 16 20 23 18 18 27 16 31 28 34 24 30 29 14 24 
25 25 12 23 9 17 10 43 30 17 13 17 20 18 30 32 17 31 9 20 35 14 29 11 17 44 24 26 20 34 
12 19 27 20 30 13 19 20 23 26 21 16 17 24 30 38 27 22 17 19 18 21 25 21 36 28 44 20 18 35 
28 33 32 30 21 10 32 37 24 20 12 17 19 27 24 21 20 28 20 17 26 15 16 21 25 27 31 19 24 32 
29 17 29 24 21 16 39 19 25 15 17 16 16 33 21 36 16 27 8 21 29 13 20 26 36 36 46 32 28 33 
28 15 20 20 18 24 30 18 32 31 20 21 14 26 38 26 17 20 23 34 26 12 16 21 26 32 22 20 16 22 
25 16 21 20 21 15 28 41 35 16 19 15 8 25 14 40 25 18 18 22 23 16 34 25 17 31 30 26 23 30 
28 34 28 25 19 16 11 23 25 19 18 19 27 23 26 34 16 26 23 25 30 16 8 21 42 29 26 25 23 39 
27 8 17 25 12 24 24 27 20 27 18 22 24 21 4 31 23 23 17 33 27 9 25 34 22 30 37 10 12 30 
51 18 28 27 23 19 15 34 30 22 23 13 22 27 30 19 28 15 18 36 11 17 22 21 30 28 27 18 10 36 
42 27 30 17 18 11 17 47 25 21 22 17 6 26 28 26 23 21 18 21 19 18 26 24 18 23 24 13 13 27 
32 20 23 20 11 18 31 27 24 11 26 19 16 36 15 37 19 30 18 28 27 16 33 20 47 23 33 14 24 38 
30 8 14 21 18 22 25 27 15 23 12 17 20 21 24 27 18 32 16 32 28 20 39 12 47 37 26 22 12 32 
37 17 34 29 15 18 39 32 29 21 24 21 27 16 25 32 16 39 24 26 44 10 32 35 36 22 30 24 10 34 
21 22 26 25 14 15 25 35 24 11 15 22 22 26 41 37 13 18 25 19 29 19 31 28 14 37 26 20 12 10 
44 19 21 28 15 15 23 37 27 27 15 16 25 34 14 18 21 21 17 38 24 19 21 17 26 23 35 21 19 26 
22 20 16 26 19 11 30 24 31 26 25 14 15 24 37 36 17 24 24 21 16 20 24 15 48 12 33 25 7 25 
28 24 27 11 16 13 30 24 17 19 34 21 16 27 29 29 17 28 20 30 32 16 29 27 31 31 25 19 11 17 
44 21 26 37 17 16 20 34 21 21 18 16 21 22 46 37 14 19 29 24 29 21 29 27 20 36 17 21 22 30 
29 3 25 19 17 13 22 47 16 22 21 19 18 11 24 30 26 36 18 23 18 6 21 22 26 16 14 19 18 22 
43 14 32 29 20 18 22 50 25 16 11 20 19 15 27 38 27 25 15 36 25 13 47 27 34 22 38 24 10 30 
46 16 30 28 8 12 17 27 26 20 17 15 17 20 35 29 18 30 18 31 37 16 16 22 33 26 30 21 8 35 
38 22 29 14 9 10 26 38 34 21 16 17 16 11 29 28 21 22 24 21 22 17 19 21 34 18 25 15 18 47 
15 20 7 32 15 13 26 28 32 15 15 22 20 25 28 23 13 18 21 17 10 10 25 35 15 36 47 29 21 20 
32 25 27 23 18 11 14 33 28 32 17 21 23 23 16 39 25 28 15 16 16 18 39 20 34 30 17 16 12 22 
41 22 24 31 14 12 10 25 22 16 21 23 17 18 27 27 16 12 14 31 27 18 25 24 27 30 18 24 11 35 
19 26 23 26 9 16 30 44 26 22 22 19 18 21 20 27 23 31 14 29 25 19 24 25 24 21 35 19 16 24 
13 18 34 24 21 14 26 20 25 19 26 20 21 17 34 24 19 22 14 48 26 15 30 32 27 14 34 19 11 33 
25 18 30 12 10 12 29 39 28 23 22 17 21 22 33 18 19 26 18 31 20 12 24 22 42 14 27 20 24 11 
35 11 23 16 15 12 33 37 25 14 17 19 11 31 20 30 20 15 23 17 23 11 30 32 31 24 29 26 18 26 
24 11 37 25 17 18 24 25 18 15 23 15 18 28 33 33 21 24 15 18 24 20 41 29 37 21 36 26 21 36 
37 17 34 33 15 12 25 39 23 25 18 21 17 31 26 27 22 27 13 32 31 14 23 22 48 15 18 24 12 19 
37 16 19 25 16 17 24 30 20 25 27 24 20 28 18 15 23 19 17 17 34 14 20 30 46 19 33 27 23 9 
24 26 27 20 19 20 33 38 28 22 17 11 19 9 28 29 18 7 28 19 34 17 20 23 34 25 27 20 21 28 
22 17 30 25 14 21 31 13 16 21 19 10 16 25 36 20 15 29 12 40 22 22 31 18 32 28 24 7 22 24 
14 24 30 21 18 12 19 33 22 18 27 16 14 19 27 29 2 22 16 28 20 11 34 20 29 28 36 25 23 11 
12 17 27 24 5 18 23 31 28 26 20 16 14 26 23 31 14 33 19 43 28 17 13 28 26 34 30 35 17 31 
17 23 26 21 8 16 24 29 38 28 22 13 14 28 42 30 14 28 15 23 39 18 26 23 34 22 40 20 17 21 
43 26 33 19 10 13 16 31 26 11 21 15 19 16 29 42 27 14 11 26 29 18 18 30 12 22 39 23 26 17 
27 21 21 15 9 18 20 31 18 12 13 23 7 29 25 31 15 26 29 35 33 19 35 29 17 32 22 22 17 22 
41 21 24 27 25 15 15 22 25 33 22 20 13 29 11 42 16 30 15 32 32 13 20 20 32 39 23 23 23 22 
31 19 32 23 19 15 16 33 30 18 13 22 20 39 31 26 20 33 27 36 25 13 28 29 29 12 35 24 16 35 
30 14 27 34 16 13 18 38 34 20 20 13 21 32 37 27 17 25 12 24 26 25 21 25 21 21 38 19 18 21 
24 24 23 27 17 13 27 43 20 18 27 21 20 24 18 29 24 27 28 13 35 18 28 22 39 29 32 24 15 46 
26 25 29 29 9 22 37 31 32 19 23 19 17 34 30 26 15 38 11 35 24 9 30 27 26 27 27 21 18 21 
40 28 31 16 20 10 31 42 9 24 13 14 22 31 46 32 13 24 17 38 9 16 27 24 34 17 40 27 11 34 
41 16 26 27 21 10 34 20 14 29 23 15 21 19 18 34 21 29 23 35 29 12 17 19 44 26 43 22 12 19 
36 27 22 27 19 12 17 33 20 18 17 10 10 29 39 23 21 29 15 17 13 23 35 28 33 21 41 25 14 27 
33 24 22 25 15 14 20 30 33 18 20 15 13 29 24 39 15 37 24 29 26 21 31 34 43 25 31 19 21 31 
34 32 31 23 20 17 32 27 23 27 22 10 21 7 26 21 14 29 19 23 19 18 29 22 19 27 32 23 12 18 
25 15 14 21 19 16 23 34 38 23 22 21 22 17 28 25 12 27 21 30 17 20 26 14 26 30 43 20 13 32 
38 9 25 31 13 17 13 41 33 14 17 14 14 34 40 26 20 7 20 37 20 10 28 25 26 29 21 18 13 31 
35 23 30 23 25 15 28 27 31 22 5 23 22 28 22 24 14 25 19 32 31 17 27 26 19 44 34 24 34 34 
29 28 19 22 15 11 26 37 23 19 21 17 19 20 35 27 16 32 17 25 27 22 20 15 31 24 28 39 11 23 
29 21 26 19 19 12 30 11 24 24 22 11 15 30 28 31 18 26 10 23 36 16 28 16 42 31 6 19 16 28 
34 14 24 19 15 11 20 34 28 17 15 16 26 24 34 20 18 14 22 23 20 19 38 26 28 27 30 26 16 27 
24 18 33 9 15 16 16 19 30 9 25 18 21 32 31 38 7 40 15 38 19 20 36 19 39 14 43 26 28 23 
33 16 33 31 20 21 11 15 26 13 23 22 13 21 19 36 19 20 20 21 29 16 23 15 31 20 24 22 17 22 
29 23 33 24 16 19 27 31 18 32 22 18 17 32 28 20 16 19 22 32 19 11 13 28 34 19 27 22 13 30 
27 22 25 28 15 8 18 50 18 27 17 19 21 24 17 24 17 44 15 31 22 22 21 33 30 24 24 10 19 18 
26 17 21 14 15 12 20 17 26 19 16 16 11 20 25 15 12 19 15 19 30 17 26 28 31 20 39 9 20 23 
37 28 14 24 31 17 33 30 18 26 17 17 14 21 26 21 20 25 6 23 31 15 26 21 42 29 37 25 21 25 
16 19 26 31 16 21 27 37 42 24 11 18 13 35 24 40 22 27 19 17 15 10 35 23 27 25 21 25 14 43 
32 22 28 22 22 15 27 28 25 21 21 18 18 19 7 17 19 19 24 35 25 17 28 18 14 24 35 29 17 26 
24 23 19 29 22 23 25 24 33 18 31 25 19 26 41 41 4 31 15 30 15 18 30 17 11 32 29 27 18 29 
38 18 21 19 8 10 14 36 17 25 26 12 13 23 20 25 14 20 22 21 27 19 17 16 37 21 7 15 14 31 
44 17 25 21 27 12 7 26 33 21 13 23 22 23 39 18 14 23 19 22 38 19 25 27 34 36 13 28 23 39 
28 17 21 20 23 9 21 29 29 13 21 6 21 13 26 35 10 29 17 44 18 20 26 25 17 17 27 26 28 18 
48 9 22 19 18 12 16 34 17 25 22 15 20 24 36 15 19 18 11 35 20 18 26 25 27 21 35 22 11 18 
32 17 17 19 15 13 33 34 21 15 12 20 20 28 22 30 20 29 18 27 10 7 29 16 34 24 28 23 12 24 
26 22 25 29 14 11 28 33 27 28 20 24 12 24 32 31 13 32 15 12 27 20 12 18 19 19 22 20 19 34 
31 22 17 27 14 24 19 16 13 18 15 17 12 29 32 24 15 32 21 31 25 16 31 19 35 30 39 17 19 36 
30 19 35 18 19 19 25 35 25 18 17 16 23 21 20 41 17 32 15 36 23 21 32 21 33 18 31 28 8 21 
33 20 22 27 11 19 35 21 23 18 15 17 20 31 24 42 23 25 21 27 17 20 35 21 22 6 35 20 15 43 
19 23 23 30 25 15 20 47 25 13 19 22 15 19 25 13 22 27 13 29 28 20 28 26 30 24 22 14 18 33 
27 31 22 26 12 27 28 30 20 14 20 22 17 28 30 20 15 21 25 26 29 16 24 30 33 25 32 27 23 26 
32 16 15 24 21 14 16 14 23 19 20 12 19 19 34 50 18 17 15 27 25 18 25 24 28 26 36 20 11 38 
43 26 24 23 23 22 36 34 30 21 23 22 24 21 30 28 12 24 21 32 29 16 22 15 12 23 34 23 20 14 
20 23 13 9 19 15 19 56 19 10 25 27 20 33 32 26 19 21 32 38 19 14 25 26 26 31 31 25 11 35 
25 5 24 24 23 14 25 20 22 15 22 15 24 20 27 24 20 26 25 22 24 17 26 28 40 20 26 30 16 33 
28 8 21 31 13 15 28 41 29 22 20 11 11 30 40 41 18 9 27 41 27 14 34 32 26 28 25 23 18 23 
39 23 24 24 10 18 10 20 12 22 25 18 28 28 24 25 14 33 18 30 18 20 26 27 40 40 43 24 17 24 
17 27 27 30 19 18 30 20 22 21 15 19 11 32 21 30 29 30 20 30 37 13 23 16 30 28 37 34 15 27 
26 22 38 32 15 21 23 22 23 21 16 33 22 27 34 19 20 31 12 31 23 18 21 39 24 12 33 28 19 37 
23 22 22 22 18 9 17 24 40 17 12 24 12 17 28 37 6 24 22 31 29 16 22 31 27 28 33 30 16 30 
25 20 14 24 21 8 40 26 13 21 16 9 15 30 47 47 22 31 17 28 17 17 28 29 45 24 24 11 28 33 
35 16 28 30 14 12 11 29 35 18 16 20 29 27 28 41 23 26 19 25 27 16 32 30 31 21 39 23 19 29 
33 18 17 21 14 14 19 22 8 19 19 21 19 24 47 40 9 29 18 15 17 17 30 24 40 24 35 30 16 24 
23 15 26 22 17 22 33 50 29 17 15 20 14 23 25 28 18 27 14 25 24 16 36 26 34 28 22 35 9 25 
19 13 20 26 18 22 27 38 35 15 25 27 16 24 31 28 16 25 19 33 16 17 25 16 25 22 32 18 11 20 
15 32 28 18 20 11 13 26 24 11 8 24 18 33 36 25 19 31 19 31 33 13 26 27 37 34 27 25 15 40 
12 21 19 28 9 15 21 42 41 6 30 28 20 23 26 45 21 25 20 22 24 14 23 18 24 40 23 22 21 37 
42 18 26 31 13 14 25 26 19 15 14 16 15 16 12 16 24 26 24 29 16 12 36 31 29 12 20 25 20 22 
33 18 22 28 17 18 27 32 21 19 26 18 17 12 38 18 26 32 14 29 26 18 21 18 43 37 38 15 19 26 
39 31 22 20 22 14 20 37 34 17 12 18 12 30 28 22 22 35 17 18 12 19 31 13 44 25 22 29 19 27 
27 18 22 26 14 15 29 36 25 24 21 13 13 35 33 22 18 31 11 24 23 11 12 26 18 31 28 26 14 26 
34 17 26 23 17 8 33 38 33 11 22 21 15 21 23 30 14 19 16 26 27 15 42 23 39 30 29 21 19 23 
37 21 37 27 10 12 23 24 24 16 21 19 11 23 13 33 20 34 20 34 28 12 32 11 29 26 27 30 19 22 
41 19 21 33 17 14 36 13 29 19 19 9 15 13 25 28 17 28 12 43 24 16 23 24 33 28 40 22 21 23 
22 15 18 25 18 11 27 48 25 8 30 17 21 34 29 29 5 31 14 50 26 17 12 30 27 20 32 30 19 38 
31 18 24 21 7 22 24 26 18 15 23 20 22 27 25 39 13 22 17 28 24 15 27 22 26 32 27 21 20 24 
18 18 15 17 14 17 26 35 19 18 26 23 17 29 17 29 24 25 13 31 31 18 22 21 22 16 36 24 24 31 
12 16 14 25 21 13 28 23 27 23 18 14 19 22 40 38 14 23 16 37 27 7 25 23 40 16 19 8 14 30 
19 23 21 17 15 11 25 20 22 21 18 12 5 27 35 38 15 23 11 26 36 21 5 39 33 22 31 25 21 28 
26 32 16 15 15 16 39 27 38 12 10 19 15 24 22 37 24 24 21 13 20 15 47 16 22 17 20 29 21 13 
24 24 32 26 13 12 24 34 32 11 21 17 17 30 38 29 16 17 17 15 27 17 26 29 39 29 34 31 21 33 
38 16 21 21 19 10 17 23 34 24 20 16 24 26 29 35 20 31 14 12 23 20 28 28 42 20 37 15 17 19 
42 29 21 22 13 22 18 6 6 17 21 14 21 23 25 40 16 25 11 20 23 13 18 27 19 12 39 4 5 40 
43 18 28 22 17 14 28 37 26 17 23 17 16 25 43 27 13 25 11 25 31 13 29 32 31 24 29 33 19 37 
16 14 32 23 20 17 16 18 35 17 21 25 20 26 26 22 20 31 24 12 25 12 23 22 28 22 20 19 17 29 
44 13 26 17 21 14 14 28 37 25 17 24 26 13 28 32 20 30 17 35 36 9 31 17 24 22 36 30 10 29 
33 29 24 16 19 12 12 37 20 24 26 8 17 10 31 41 17 31 16 42 19 19 28 31 42 22 39 24 21 40 
34 26 19 23 21 18 20 21 15 18 19 20 13 27 28 28 13 31 28 30 38 15 24 39 19 29 27 31 17 16 
30 22 23 25 24 9 36 36 17 23 11 28 15 35 20 20 21 21 20 14 29 9 21 22 29 20 24 26 12 15 
37 21 22 20 9 18 14 26 22 26 18 19 19 34 27 34 17 26 23 23 26 15 13 32 20 25 34 28 20 27 
19 29 28 20 20 12 26 34 32 21 19 24 19 28 32 33 14 31 18 24 16 13 21 25 24 24 37 26 13 18 
22 16 16 32 15 14 33 30 28 6 11 12 21 29 39 27 16 16 13 21 22 24 23 33 31 23 28 24 7 17 
38 24 27 27 16 24 32 30 21 14 15 5 18 32 18 22 20 21 26 41 8 16 39 20 30 34 38 18 12 43 
41 7 25 36 24 18 27 29 27 28 25 14 18 27 25 14 19 33 24 23 29 17 26 27 33 19 43 13 17 26 
16 28 28 25 12 8 19 23 34 24 12 16 20 32 23 35 27 26 10 12 30 15 28 24 20 17 16 16 19 29 
41 26 18 18 19 13 17 26 30 11 26 10 14 24 28 42 24 28 10 20 25 15 37 20 36 27 37 29 18 38 
34 18 32 21 13 12 23 24 29 23 27 21 24 45 14 19 23 27 19 39 31 17 29 27 25 44 24 19 11 31 
17 13 37 28 18 15 17 38 28 21 19 15 16 14 37 33 9 14 19 22 28 19 23 25 20 11 31 20 16 35 
28 18 32 39 20 13 19 13 23 20 8 21 22 44 18 23 14 36 25 27 23 18 29 21 34 25 24 27 14 25 
7 26 23 26 11 13 20 27 20 18 20 23 18 20 21 36 21 29 13 25 29 11 32 29 34 37 22 20 12 30 
42 19 23 16 19 16 33 29 37 31 12 15 11 20 31 25 20 33 16 20 18 18 27 16 21 25 25 18 11 32 
46 20 19 28 8 15 22 30 27 30 24 26 19 24 13 31 11 23 14 29 25 20 16 24 42 26 31 20 23 33 
24 24 25 21 23 16 25 31 27 10 18 19 25 21 37 30 12 29 18 19 23 10 25 17 7 20 27 21 7 22 
33 3 26 23 13 17 18 26 22 18 22 18 24 25 28 22 18 21 8 35 30 21 38 16 18 18 32 20 16 29 
44 21 19 27 12 14 35 29 14 19 19 15 18 19 31 25 5 25 22 44 27 12 23 24 24 23 22 17 22 28 
32 22 17 31 15 18 16 34 20 22 33 17 18 27 27 40 11 30 19 28 15 14 15 8 23 31 34 21 15 27 
27 23 14 13 17 16 22 13 22 24 16 17 17 14 32 26 13 9 21 32 28 16 33 17 38 17 16 27 14 25 
39 26 29 29 15 19 17 47 33 23 18 9 19 26 31 28 11 20 19 22 17 13 16 42 35 38 29 28 10 37 
18 28 17 24 20 23 22 41 20 21 20 22 19 24 26 27 22 36 14 21 31 22 32 14 48 23 32 41 18 22 
39 27 31 24 18 21 26 30 33 18 14 9 19 29 33 31 18 18 18 18 25 21 34 17 40 24 47 17 19 33 
28 30 20 18 22 12 28 35 28 22 25 31 26 32 25 23 11 34 13 17 17 17 16 16 28 17 28 20 17 40 
26 16 22 22 15 14 13 37 34 18 22 22 19 20 28 20 24 30 18 21 17 9 15 12 16 15 31 17 9 21 
25 15 32 26 11 18 18 24 21 16 23 12 15 6 22 19 24 25 16 35 29 7 17 18 25 23 31 20 17 30 
32 25 29 32 16 28 25 35 24 27 14 24 21 32 24 32 9 30 11 29 8 24 23 34 38 9 8 19 23 15 
26 22 32 33 14 23 17 55 26 21 12 21 4 14 19 31 23 21 10 21 30 21 28 12 19 26 29 21 23 32 
35 29 22 29 18 15 23 22 27 15 21 12 24 23 31 38 20 24 22 28 10 11 24 27 29 34 29 18 17 18 
24 14 30 28 23 11 35 32 12 24 19 23 18 32 51 35 12 32 18 26 25 11 38 32 19 25 32 25 25 38 
29 19 19 16 20 11 28 29 18 15 22 22 18 14 37 32 19 26 19 49 25 11 25 26 36 36 25 26 17 41 
18 22 20 20 20 12 27 30 33 22 15 16 28 31 24 33 21 33 10 19 24 15 36 32 20 34 22 26 15 11 
18 20 34 30 20 14 20 28 15 23 23 14 24 29 27 33 24 24 16 32 22 14 14 22 22 18 20 16 19 30 
42 25 24 12 21 16 34 38 29 9 33 12 18 18 28 20 15 29 16 35 24 17 31 31 32 29 31 22 13 31 
35 22 21 20 16 21 29 13 25 15 15 22 16 29 23 37 19 24 20 15 34 21 34 14 29 34 45 26 6 43 
19 16 25 26 26 14 28 20 33 14 15 16 20 25 39 34 10 28 19 28 21 12 23 15 22 20 55 23 11 41 
32 23 23 37 21 13 25 40 34 17 20 10 12 13 8 12 21 25 25 36 26 20 33 12 15 7 21 27 25 25 
19 26 21 21 16 22 31 33 22 24 19 17 17 28 30 30 8 27 23 23 32 16 18 30 36 25 21 27 25 37 
51 15 34 14 21 12 29 43 23 18 23 10 17 22 23 38 22 20 17 30 41 16 23 32 27 29 25 22 14 20 
22 23 27 19 15 16 31 53 19 23 17 17 15 24 26 34 14 22 11 38 13 25 25 24 29 11 29 30 19 34 
28 17 33 25 16 18 36 28 14 24 12 14 21 30 33 30 26 19 12 31 27 17 24 14 40 30 29 21 26 22 
30 23 17 13 19 11 19 31 20 20 25 18 11 23 33 34 23 18 21 32 26 15 39 18 29 15 38 18 15 26 
22 10 26 26 25 13 27 38 24 17 19 16 13 35 18 26 14 31 20 35 27 15 20 26 29 19 16 24 17 26 
42 23 14 26 13 21 16 26 20 11 24 25 13 39 22 39 19 36 19 32 10 16 21 8 30 32 4 25 22 40 
16 30 26 18 21 15 21 18 25 29 20 18 18 12 27 35 15 29 17 39 26 13 33 23 14 22 30 22 12 26 
33 22 29 26 19 17 30 61 28 17 28 10 16 30 31 33 21 19 21 39 27 25 15 27 31 32 54 13 30 25 
24 21 29 25 20 20 29 35 25 30 21 22 15 21 26 20 9 29 13 36 19 20 24 27 33 18 30 25 18 37 
18 23 24 24 9 17 21 28 32 23 15 14 15 37 23 31 20 31 13 29 28 20 7 23 22 27 36 21 20 28 
28 20 33 30 12 16 21 26 25 22 15 15 14 23 23 30 15 20 23 11 19 12 30 26 27 21 26 24 16 34 
50 22 29 29 13 17 16 16 32 22 7 25 25 21 36 25 18 28 20 30 21 16 35 20 44 45 33 17 17 41 
31 27 29 22 15 8 13 25 24 13 9 12 21 40 35 53 20 33 19 31 29 14 24 29 39 28 16 17 14 19 
34 21 29 20 10 17 28 55 21 24 12 11 24 23 31 31 21 33 17 33 36 15 26 29 24 23 24 19 15 28 
31 22 32 35 25 8 28 26 34 21 12 17 18 22 36 22 14 23 14 36 31 11 23 21 38 21 25 12 22 29 
27 29 22 22 27 10 21 27 33 12 22 17 16 17 31 30 11 26 19 50 20 21 20 25 34 19 36 25 19 19 
19 19 24 21 8 21 16 34 25 20 19 10 20 21 21 15 14 19 15 27 16 17 26 17 28 25 29 23 12 22 
16 14 26 16 20 12 24 22 28 22 17 13 8 24 25 30 11 29 21 18 17 20 32 21 36 36 41 29 23 31 
3 21 31 26 9 23 24 44 35 20 21 25 13 26 39 31 9 21 22 26 23 16 8 28 24 20 25 33 19 25 
11 28 18 20 14 15 23 38 35 23 22 19 13 30 36 30 20 29 8 28 20 12 32 32 27 22 27 21 14 26 
46 23 28 25 19 15 27 44 24 31 18 9 20 19 24 25 8 18 31 40 36 18 23 17 10 26 30 35 16 39 
18 22 30 26 11 16 36 12 13 10 18 20 8 23 32 14 14 36 10 32 19 22 30 24 33 18 25 24 13 20 
35 24 19 17 11 14 19 25 33 23 25 20 15 37 46 23 13 19 15 34 27 22 31 23 23 22 28 19 26 19 
41 15 19 24 19 13 26 38 23 15 26 18 19 28 26 26 26 34 25 30 26 10 19 22 29 22 49 17 13 30 
40 21 24 26 10 17 24 25 18 21 21 18 27 17 33 43 17 20 24 44 27 17 28 31 27 12 27 28 14 20 
20 19 33 30 8 18 26 35 29 10 18 10 12 21 22 34 22 33 13 26 37 17 37 24 30 28 20 34 16 22 
31 35 27 29 14 12 25 29 17 25 14 20 7 24 16 28 15 31 14 57 31 15 33 27 37 36 26 22 18 30 
22 18 21 6 21 15 23 38 26 17 11 20 13 19 20 30 14 20 19 15 20 14 27 28 28 21 38 28 20 22 
30 21 29 25 18 15 23 22 21 17 17 15 16 30 28 25 16 22 12 26 21 12 31 27 20 27 14 23 16 28 
27 22 18 23 21 11 29 20 36 15 15 11 18 22 29 25 8 27 20 16 41 12 22 25 34 30 23 21 12 33 
31 15 26 21 13 21 16 29 18 19 17 13 18 34 42 40 14 23 19 18 21 13 15 24 27 25 20 33 14 38 
31 21 21 23 13 17 21 31 26 13 26 15 20 20 33 21 13 24 19 28 25 9 35 26 28 22 19 30 12 22 
18 17 32 36 12 17 19 37 19 23 13 19 21 16 19 17 11 29 21 34 20 20 32 21 46 17 14 25 11 22 
31 22 24 18 8 17 20 44 22 19 20 21 16 27 31 37 15 20 19 25 24 13 27 38 30 18 34 25 16 29 
20 12 27 27 14 13 29 36 33 16 23 22 23 29 25 34 20 29 21 13 20 16 32 21 29 7 29 12 15 31 
23 28 27 20 11 16 25 8 35 23 16 21 17 13 31 11 11 36 21 35 35 19 27 19 29 26 38 34 14 32 
32 16 25 20 18 25 15 32 13 29 17 16 10 12 24 18 14 16 23 25 14 20 26 21 39 23 26 26 10 25 
38 25 19 18 22 22 27 48 38 23 10 27 25 20 20 32 19 33 23 30 23 11 24 23 33 35 27 30 25 31 
23 23 24 14 36 12 30 22 28 16 19 20 11 26 40 36 23 22 23 36 21 15 16 25 45 25 37 16 18 14 
39 20 28 27 15 15 30 28 22 13 16 19 15 18 19 42 25 17 25 38 38 18 29 18 31 26 20 25 14 27 
28 25 23 20 17 13 21 22 17 7 30 26 12 13 15 20 18 36 13 32 16 16 29 32 30 27 35 21 18 25 
21 16 28 23 10 12 40 42 30 17 19 16 16 38 35 29 21 27 22 24 26 13 21 21 37 23 23 24 17 28 
19 23 31 19 27 23 24 42 22 20 26 21 8 41 23 36 19 21 15 20 18 16 41 20 30 29 41 18 8 12 
27 33 30 26 13 15 26 37 25 23 9 20 22 20 21 22 18 40 13 35 26 22 22 30 12 30 26 12 9 23 
28 18 34 23 15 18 23 35 32 22 19 10 21 31 22 37 15 25 21 21 38 22 26 21 30 22 37 16 13 36 
33 24 37 21 18 16 22 34 9 16 24 11 12 8 23 37 25 18 9 32 21 10 31 28 26 23 38 19 19 23 
24 24 19 28 13 22 27 12 14 18 24 20 14 33 21 36 9 25 21 37 43 6 24 18 34 25 20 19 17 13 
36 21 31 36 9 11 16 24 26 20 22 12 14 28 31 36 9 23 19 45 38 18 20 17 19 22 30 27 14 32 
37 20 30 21 16 20 24 12 25 10 17 11 12 20 32 21 16 9 20 19 14 11 9 25 40 21 31 23 16 26 
42 24 30 16 21 15 33 25 36 5 29 21 19 28 25 32 19 18 22 24 30 18 20 19 29 33 27 24 21 35 
26 10 12 34 17 19 26 43 23 20 19 17 16 26 37 35 15 20 22 17 19 13 35 17 19 30 19 22 21 36 
23 15 26 14 25 16 26 38 34 12 25 21 13 30 29 27 19 26 18 14 23 14 30 24 25 25 35 14 13 29 
20 14 24 25 22 12 26 42 33 27 16 18 26 39 31 32 17 20 17 20 27 14 23 16 32 17 24 19 14 30 
28 15 10 43 19 19 23 30 16 18 23 11 21 26 31 13 16 21 25 34 23 23 20 24 36 22 29 15 16 40 
25 27 27 33 17 13 19 26 12 17 23 15 23 21 25 13 26 30 27 20 29 20 32 23 26 25 22 31 24 31 
28 25 28 21 26 15 23 26 29 31 23 20 27 17 33 35 22 25 19 32 22 11 15 28 25 24 32 23 13 28 
31 22 22 29 22 16 25 26 23 14 20 13 16 33 35 35 20 15 15 31 25 16 28 22 28 42 37 7 20 33 
31 20 17 28 26 15 26 35 23 25 25 23 11 26 26 27 11 25 20 27 41 16 21 16 18 23 41 9 16 31 
38 21 28 27 14 18 26 36 14 13 21 23 16 21 16 27 20 21 19 19 31 15 22 22 35 17 22 29 9 41 
40 18 22 17 10 21 19 32 21 14 13 15 24 24 25 43 19 26 26 27 20 12 22 19 43 31 27 22 20 38 
18 13 23 34 15 13 24 28 28 21 10 21 11 20 36 29 21 8 12 44 31 13 24 16 35 10 34 18 9 12 
40 26 33 25 22 18 23 44 11 14 18 21 19 33 25 23 17 26 14 30 39 16 39 9 23 18 23 20 14 32 
31 24 30 16 16 19 32 35 25 26 16 9 11 23 25 33 17 28 14 43 24 17 26 37 35 28 25 36 18 24 
18 15 30 11 12 19 38 40 21 18 20 29 12 36 11 28 21 35 22 21 28 17 13 25 36 33 26 22 15 21 
16 18 13 28 10 18 25 36 21 23 19 17 12 24 29 41 22 43 30 15 31 14 26 26 38 19 49 32 8 9 
36 36 32 18 20 25 18 37 22 22 22 21 23 40 35 34 11 17 14 19 17 12 30 26 43 25 20 24 14 29 
33 14 42 13 9 18 37 25 26 20 17 20 16 26 36 23 16 23 18 37 19 17 17 20 37 14 17 29 16 26 
17 20 23 33 23 23 22 26 13 26 19 24 18 20 20 34 16 22 16 32 28 21 28 17 50 32 26 31 22 33 
24 16 9 32 25 16 31 25 24 19 23 20 17 26 26 21 11 40 13 28 26 15 29 14 43 21 40 24 13 29 
30 24 33 27 12 12 37 25 19 34 17 16 17 24 21 37 15 30 13 24 14 21 37 29 41 18 38 21 23 22 
14 19 23 3 28 12 21 23 32 13 24 26 13 24 31 38 18 12 28 15 11 9 32 25 21 23 40 20 25 34 
28 20 8 24 18 15 20 22 16 12 19 17 13 15 30 34 12 23 25 31 20 18 38 21 33 20 5 26 15 26 
35 22 27 14 17 15 29 35 24 11 19 23 12 25 30 33 25 36 21 16 24 20 34 20 32 29 40 28 24 29 
39 32 33 30 16 19 28 43 29 14 11 21 19 14 17 33 18 24 22 27 29 13 37 11 9 17 18 26 10 17 
28 22 28 18 20 23 33 40 21 25 19 29 21 38 35 17 17 36 16 26 30 19 12 24 36 35 26 20 12 26 
40 10 37 25 23 16 5 19 34 22 19 18 18 14 28 29 23 31 16 25 27 13 21 26 24 23 23 27 27 21 
55 33 15 22 16 16 15 30 26 20 4 24 14 27 26 21 20 19 20 31 26 19 28 20 17 23 18 26 20 18 
33 32 16 24 19 13 20 38 21 14 22 23 16 30 31 43 21 30 16 38 25 15 36 34 17 34 16 21 11 27 
40 12 19 17 16 21 27 43 15 18 15 15 13 25 34 37 12 29 24 42 18 14 39 33 37 25 27 17 24 33 
38 21 23 22 23 18 18 33 27 25 19 14 10 22 37 32 7 35 18 33 28 18 31 19 37 25 17 31 29 37 
32 29 17 19 24 19 16 37 32 4 21 21 26 21 29 26 18 20 27 40 29 13 18 13 41 28 30 31 22 29 
35 13 20 26 13 11 13 34 24 20 13 13 24 22 37 29 17 24 13 33 26 9 9 24 19 26 35 36 4 33 
10 19 31 21 19 12 20 15 22 22 20 23 24 27 26 29 20 31 22 29 33 15 14 24 40 21 11 30 13 33 
31 16 23 18 20 20 27 25 28 27 20 11 13 19 30 42 16 35 21 29 20 14 17 20 27 13 28 20 19 10 
28 21 23 32 13 20 26 40 26 15 17 14 18 36 28 32 11 26 10 27 19 18 46 32 29 37 24 31 15 24 
40 14 24 35 17 15 25 19 39 27 19 9 19 16 19 29 20 41 13 25 23 13 43 30 40 38 38 23 26 39 
39 25 28 26 11 21 8 11 26 23 23 15 19 32 31 34 20 24 17 34 20 4 19 22 24 32 51 27 13 31 
31 24 15 33 21 18 16 30 18 24 17 17 16 35 29 29 20 35 16 33 18 10 32 36 21 5 27 15 14 36 
30 25 41 21 26 12 24 28 29 21 27 16 13 26 9 33 10 21 15 18 27 19 28 24 16 18 33 24 17 26 

MachineCapacities:
MachineID Capacity
0 10
1 10
