NumTasks NumMachines NumScenarios
10 2 1000
TaskDetails:
TaskID ReleaseTime ResourceConsumption SuccessorsCount Successors...
0 0 8 6 1 1 
1 0 8 5 2 2 3 
2 0 6 4 0 
3 0 3 5 1 4 
4 0 10 5 0 
5 0 6 3 3 6 7 8 
6 0 8 5 1 9 
7 0 3 2 1 9 
8 0 3 5 1 9 
9 0 7 6 0 

21 20 34 28 33 20 14 23 50 26 34 21 22 36 21 22 22 22 17 40 
25 18 36 29 30 24 14 17 43 34 17 19 20 14 18 19 27 39 33 18 
26 14 17 4 22 18 10 15 23 23 30 13 25 25 17 29 24 32 30 21 
24 15 25 13 19 21 8 36 23 31 22 17 29 16 30 29 18 29 28 26 
37 15 35 29 19 23 11 26 13 32 38 26 23 13 30 28 25 21 19 43 
28 17 27 26 21 27 16 16 19 17 42 31 25 25 22 17 20 32 24 28 
36 25 29 21 27 29 10 19 43 19 39 20 28 29 19 26 21 34 46 20 
16 19 47 25 18 35 13 14 24 21 26 15 23 20 24 37 26 23 34 37 
35 11 38 14 18 29 11 26 35 25 39 17 17 27 16 29 22 18 39 36 
25 19 30 25 34 24 17 29 21 19 38 23 24 13 35 35 12 26 31 20 
34 15 30 33 31 30 20 20 36 20 30 18 12 14 23 27 19 28 28 24 
25 13 19 23 15 41 17 23 18 30 32 22 32 18 30 41 32 27 30 22 
22 11 34 28 36 19 15 6 32 30 8 25 21 23 19 29 7 21 20 39 
26 7 30 10 26 19 22 18 36 16 29 18 21 11 23 29 21 18 14 19 
22 11 26 19 23 24 18 35 33 23 16 11 27 9 19 5 17 28 31 41 
19 13 42 25 26 19 12 27 30 22 34 20 21 15 27 11 12 32 21 34 
27 12 22 22 20 31 13 28 41 36 31 21 22 22 21 44 15 37 25 28 
4 17 23 15 13 13 16 24 27 26 24 21 21 26 18 19 19 37 23 34 
19 15 25 6 29 36 18 18 25 22 36 19 27 15 5 15 24 21 32 37 
38 9 29 25 11 12 23 23 29 26 28 21 13 17 21 28 24 21 33 22 
30 14 31 20 29 23 17 17 32 28 27 20 30 8 27 31 17 21 41 36 
22 16 14 28 20 29 12 26 45 38 23 16 27 18 29 28 24 19 29 30 
29 17 13 28 28 19 18 14 27 21 29 22 31 13 27 23 20 22 5 31 
28 9 23 18 19 27 17 35 23 25 32 17 20 20 14 36 19 24 32 33 
27 17 32 19 26 30 14 22 30 18 24 14 13 13 20 29 17 18 32 35 
43 13 33 29 22 18 17 10 34 20 31 23 27 14 31 23 8 40 38 26 
26 10 29 21 14 6 15 22 29 20 26 14 29 17 29 30 18 36 24 37 
21 16 27 15 23 26 12 20 37 35 50 20 20 15 10 25 12 21 14 27 
25 17 31 20 29 31 10 35 12 32 14 19 18 28 23 27 19 28 42 33 
28 18 30 5 19 16 18 37 30 30 31 16 21 17 23 20 23 19 27 26 
31 19 14 21 14 29 18 26 17 33 22 11 26 30 28 21 22 38 14 37 
20 23 28 16 22 25 15 22 41 25 20 26 31 32 26 21 23 27 34 23 
29 16 22 21 22 26 9 28 37 33 29 24 25 19 20 27 26 32 23 22 
22 14 18 11 26 31 15 24 32 21 39 17 29 21 31 41 17 34 31 29 
40 17 15 27 22 25 19 24 25 26 23 15 36 32 21 19 21 26 29 20 
31 21 26 21 29 36 20 32 30 21 17 14 26 18 13 18 14 28 18 32 
14 17 28 19 19 32 13 24 29 21 31 18 27 24 29 18 21 27 28 24 
28 16 21 19 18 25 10 18 39 11 24 10 20 25 16 21 28 31 39 14 
36 10 35 17 26 26 15 18 29 31 37 13 10 22 14 39 24 26 28 30 
32 16 23 19 20 28 10 26 34 23 34 19 28 19 24 31 11 31 25 37 
25 11 31 11 18 20 18 18 25 42 24 12 21 16 12 21 11 45 18 22 
14 19 22 24 23 32 12 13 29 22 18 14 27 7 22 25 19 26 28 27 
15 9 14 20 24 15 9 27 30 27 24 18 17 23 14 33 14 29 32 43 
19 9 34 21 28 18 15 31 37 31 28 19 27 19 32 34 15 24 26 47 
21 11 31 26 29 16 14 30 7 19 37 29 23 13 28 17 19 21 37 28 
31 13 28 24 28 25 18 27 9 27 18 12 26 18 30 25 25 17 22 29 
24 18 15 17 34 34 17 23 14 24 24 19 24 25 12 22 17 37 36 20 
20 13 12 24 19 16 16 20 19 26 35 23 18 22 31 17 23 19 38 34 
31 14 35 35 31 15 17 29 27 19 20 25 29 22 17 27 21 31 26 32 
27 9 26 24 15 31 15 27 29 30 39 15 14 20 19 21 26 33 31 41 
13 12 26 14 21 22 15 40 26 19 36 18 17 23 24 22 19 19 28 16 
30 15 19 11 27 10 19 19 19 48 29 19 19 14 23 37 18 24 31 21 
26 17 33 21 26 25 23 34 19 19 27 16 16 15 20 32 22 26 31 22 
5 14 23 19 22 29 16 24 33 36 26 13 19 19 24 34 22 28 42 26 
29 14 22 19 24 21 20 28 25 27 20 8 14 19 27 18 19 22 30 28 
36 8 18 23 28 20 16 19 44 22 27 25 26 9 23 24 24 29 30 42 
16 10 21 17 18 25 16 17 26 30 36 28 23 20 16 42 19 34 33 16 
22 14 19 5 27 26 18 38 35 33 19 21 26 30 18 16 23 9 28 30 
36 13 35 21 18 26 16 16 40 27 25 25 22 22 20 28 25 16 17 19 
30 17 19 20 36 21 13 6 38 25 30 17 27 19 24 38 20 27 28 27 
21 13 29 6 19 26 16 28 33 31 10 19 24 25 26 29 19 27 33 28 
18 12 27 19 17 13 20 21 26 20 29 18 22 13 7 20 28 24 34 26 
36 23 19 20 19 35 14 30 26 25 26 15 21 23 28 27 13 24 31 26 
35 26 14 22 21 30 24 30 29 35 26 21 26 7 16 29 17 38 32 45 
23 17 16 8 23 27 14 22 30 23 29 28 25 28 19 23 18 36 33 37 
22 11 20 17 23 16 22 21 23 22 32 22 24 24 13 24 24 20 35 21 
27 13 24 22 16 21 18 31 36 29 30 17 17 17 22 38 26 29 33 18 
28 15 13 16 23 9 8 4 25 23 29 24 23 22 24 33 25 25 17 33 
30 10 23 28 18 33 26 32 33 9 31 15 25 24 25 17 29 37 21 40 
10 13 34 25 31 25 19 16 18 32 29 20 16 18 21 24 22 23 26 33 
31 13 15 6 20 30 16 8 28 18 20 23 22 26 24 15 20 23 13 25 
21 15 22 26 24 26 16 25 27 30 22 17 14 18 26 34 25 22 25 27 
32 14 35 26 15 22 18 23 30 32 31 21 27 21 3 24 18 28 25 30 
24 14 12 21 18 20 13 14 36 25 21 22 27 23 27 39 30 30 23 22 
21 19 21 26 22 10 15 20 19 31 28 26 28 18 32 22 10 23 35 26 
22 12 27 24 20 18 14 28 47 24 20 13 11 21 17 21 23 20 34 26 
28 18 32 21 34 37 9 24 36 18 24 19 24 22 21 42 16 28 20 24 
26 16 35 18 29 17 17 18 23 36 40 16 17 10 17 23 26 35 13 41 
23 19 16 21 16 27 12 12 19 32 34 12 27 19 24 7 21 26 16 30 
26 12 30 16 30 29 12 19 13 21 28 10 17 22 31 37 12 24 26 30 
25 18 25 26 22 22 14 26 37 29 40 19 12 15 27 25 20 17 34 14 
22 13 23 21 23 21 18 31 34 14 21 14 26 19 20 14 23 40 18 30 
34 21 32 27 14 26 8 32 33 23 36 25 23 28 23 22 12 19 39 35 
26 15 27 11 32 24 18 22 33 27 13 29 18 18 23 35 22 27 24 23 
29 14 38 10 23 14 14 30 26 21 35 21 28 18 24 30 29 25 9 27 
32 18 31 27 17 25 18 30 12 34 22 14 34 12 23 31 22 25 24 30 
33 16 34 26 24 15 19 28 26 22 34 12 33 18 24 36 12 36 20 24 
20 16 17 21 19 29 18 21 26 23 35 9 23 25 25 28 25 21 33 29 
22 17 15 26 21 31 14 25 24 30 24 18 24 17 21 20 19 27 33 32 
20 15 28 32 11 28 18 11 32 32 36 22 21 16 16 25 25 12 30 32 
37 21 28 20 25 21 15 23 33 31 41 13 28 28 23 29 10 12 19 34 
20 12 31 23 30 24 14 30 42 33 24 18 18 27 19 34 19 34 11 48 
21 14 17 23 18 30 8 9 32 21 28 27 13 19 24 25 21 22 34 29 
22 18 23 7 19 14 15 19 37 14 37 20 13 15 29 23 19 18 24 22 
30 15 25 30 26 27 10 19 16 26 32 15 28 22 23 26 17 22 26 35 
31 11 25 22 30 19 10 15 38 28 22 19 27 29 20 34 23 27 16 31 
27 10 25 15 28 22 13 29 23 27 30 17 26 21 13 19 30 44 31 37 
20 13 19 16 16 27 13 37 38 37 27 21 19 15 23 20 19 28 26 24 
33 18 28 26 8 26 13 26 34 29 20 22 21 24 32 23 28 31 33 27 
22 16 38 22 20 25 13 20 27 30 15 27 28 14 23 36 23 37 36 36 
27 13 28 26 32 18 10 21 45 14 28 17 28 20 20 31 24 27 27 21 
39 10 19 16 28 19 14 24 36 20 23 26 19 20 22 27 23 25 20 22 
29 18 24 19 17 26 15 30 27 40 30 25 19 31 19 19 24 35 16 24 
13 11 27 12 28 17 14 28 26 22 31 22 24 25 23 27 20 27 29 20 
28 16 38 19 28 31 16 18 35 23 33 11 17 20 20 26 21 29 28 36 
38 12 34 25 19 20 21 26 25 27 30 21 25 26 23 20 22 17 20 21 
13 13 28 17 34 33 20 21 29 22 23 26 27 25 19 23 20 33 23 41 
24 15 35 13 24 37 20 23 33 27 38 19 22 27 19 21 19 34 23 29 
27 18 29 16 19 19 10 18 38 46 23 14 35 15 24 25 32 32 24 27 
29 12 24 23 21 26 20 21 36 15 44 15 18 22 19 30 21 27 28 18 
17 17 25 17 18 22 10 37 27 13 27 17 26 23 18 25 21 29 22 21 
32 9 41 29 20 32 14 4 13 27 42 19 22 27 17 31 20 18 15 43 
25 9 30 21 35 32 21 19 22 15 32 23 28 21 22 16 13 16 27 17 
23 13 33 21 24 28 13 23 21 22 36 23 12 16 20 31 24 14 33 28 
23 20 19 25 23 32 18 27 23 46 27 24 21 12 18 24 18 28 28 27 
24 13 36 20 18 29 16 32 37 35 36 22 20 11 16 18 14 24 7 26 
17 21 25 16 15 21 15 30 33 37 38 10 22 12 24 16 23 10 26 36 
38 22 20 25 29 11 11 35 34 32 39 29 24 15 20 20 21 27 19 22 
12 17 19 26 28 19 13 27 24 12 28 15 25 21 24 31 22 30 23 41 
30 16 19 23 35 15 12 26 26 20 19 30 12 20 15 26 15 26 33 26 
27 13 24 26 22 26 10 20 34 16 33 27 18 18 12 29 17 25 24 25 
21 8 32 29 17 28 7 25 36 35 36 21 28 30 27 16 6 35 23 27 
28 22 29 18 19 29 17 30 20 18 20 22 30 25 23 18 24 29 23 30 
29 13 43 19 17 28 16 21 32 24 21 21 20 17 26 37 9 33 26 21 
34 16 22 23 22 26 17 23 38 26 34 23 21 21 19 48 16 20 16 43 
38 20 14 24 27 19 11 15 31 22 32 7 22 6 26 22 23 26 38 24 
30 17 17 25 24 31 17 13 23 37 27 16 23 12 25 39 16 15 21 41 
18 19 12 21 19 32 17 29 27 21 29 19 20 13 29 16 34 19 28 16 
17 12 26 13 17 19 14 12 30 25 38 21 32 20 21 24 7 33 20 42 
19 17 38 13 28 25 4 22 46 17 36 23 30 12 28 31 15 30 21 44 
28 24 22 22 32 17 18 30 37 17 29 14 24 17 17 41 19 36 28 26 
26 14 16 29 21 20 21 26 28 24 23 17 21 17 20 49 18 26 22 30 
26 19 40 27 17 13 14 22 36 26 16 26 32 23 24 30 17 25 24 37 
33 15 30 9 26 23 12 37 23 12 28 14 35 21 15 24 15 30 32 24 
25 21 23 20 27 18 12 25 42 29 17 21 27 20 21 38 23 25 33 27 
21 15 29 19 18 29 20 30 21 35 30 25 33 24 18 20 11 21 37 23 
23 12 28 21 31 17 22 28 41 21 22 22 31 11 18 31 12 35 40 28 
18 16 25 13 29 24 16 24 31 26 20 18 27 13 20 23 8 28 31 31 
32 19 19 25 27 32 12 21 37 27 24 21 26 14 19 21 18 16 21 31 
15 12 31 14 24 21 13 29 40 26 31 14 28 19 14 29 23 25 38 28 
29 9 22 22 22 29 17 22 40 25 11 23 27 21 22 26 14 31 29 42 
26 21 13 15 29 19 16 31 34 27 30 27 29 18 21 29 10 27 28 37 
17 5 26 25 16 21 15 27 20 27 31 21 19 28 19 30 21 29 27 39 
30 17 16 18 15 20 15 29 22 33 30 15 31 22 25 21 9 18 17 32 
29 17 21 16 24 17 16 37 28 30 41 20 8 24 16 32 19 34 31 33 
36 15 12 21 26 30 23 30 37 26 22 12 38 20 28 21 20 14 28 45 
23 14 28 24 27 19 16 20 31 6 29 16 21 15 18 28 18 20 27 24 
21 18 15 34 14 31 5 22 17 19 24 13 28 11 30 14 26 13 14 24 
39 14 12 19 21 25 25 33 30 18 24 11 20 14 29 22 15 26 29 45 
27 18 31 22 24 22 11 26 40 26 33 21 24 27 17 36 16 23 29 44 
17 12 26 26 27 13 15 31 36 24 42 17 25 13 33 23 15 25 28 31 
19 21 23 14 22 13 9 28 21 38 35 22 21 26 23 36 23 13 39 34 
16 14 29 28 15 17 19 27 21 14 20 13 18 18 29 23 24 23 31 39 
14 21 27 14 28 28 11 16 25 25 7 19 33 15 22 32 12 30 21 41 
16 12 36 28 28 29 19 23 37 23 27 24 26 24 28 33 16 17 34 31 
33 24 32 22 19 23 17 11 41 19 30 20 19 29 25 19 20 22 34 22 
31 19 19 25 22 39 10 30 40 26 23 15 24 16 18 31 26 26 31 34 
22 24 22 13 18 15 15 21 18 38 18 16 17 28 18 48 17 31 30 35 
22 16 34 28 21 17 17 39 26 20 31 17 23 18 20 4 18 33 28 29 
13 14 30 30 20 22 15 36 29 30 25 15 20 9 25 27 16 26 22 23 
40 25 21 26 27 21 15 39 34 24 22 12 35 24 15 30 23 13 19 31 
20 17 25 15 21 10 16 18 28 22 36 23 28 25 18 2 21 32 31 32 
27 14 37 17 17 24 13 13 29 19 21 15 25 15 19 32 23 29 16 33 
27 13 39 13 17 23 11 14 25 25 24 19 22 22 25 23 22 33 21 22 
26 15 13 20 25 23 10 32 22 31 22 20 22 14 19 16 20 21 29 41 
31 19 20 26 34 30 15 25 27 37 33 29 15 30 30 31 21 28 42 37 
18 8 34 18 20 20 18 26 47 29 29 18 24 22 26 34 12 22 24 43 
18 12 36 19 21 19 14 24 47 30 32 24 29 23 13 26 30 24 20 21 
19 14 20 36 23 28 20 10 25 24 20 21 23 14 25 21 28 19 32 34 
23 17 41 22 28 11 13 16 25 28 31 26 23 32 18 28 9 27 27 18 
27 20 20 27 29 34 9 30 34 33 25 26 19 13 30 38 33 40 7 29 
32 12 34 32 19 32 7 25 34 34 21 25 23 23 22 35 11 30 29 28 
12 17 24 34 24 25 18 22 29 29 9 17 24 25 24 18 15 26 25 32 
16 6 17 16 30 29 14 29 29 33 19 15 18 13 22 45 29 29 27 27 
28 12 25 13 20 29 10 25 35 35 34 22 31 15 19 24 10 29 18 43 
28 12 14 19 21 27 13 29 29 22 12 22 23 16 24 30 21 23 39 23 
31 15 26 27 28 31 7 19 19 28 45 14 20 26 16 31 18 22 14 13 
33 14 17 22 18 29 12 30 37 29 26 22 25 17 29 24 8 33 34 33 
36 16 28 19 17 24 18 31 21 27 34 24 35 27 26 10 11 25 33 35 
28 17 23 22 18 16 13 25 29 28 30 22 22 28 23 21 19 37 35 40 
22 14 23 16 19 25 16 7 28 28 34 14 21 27 23 26 28 25 32 31 
25 18 26 17 22 21 19 23 47 28 36 17 19 18 22 33 20 24 15 30 
32 15 29 26 14 26 13 29 22 30 32 24 27 18 34 25 15 24 38 40 
23 24 17 23 29 18 16 23 28 24 30 18 29 16 25 13 18 21 31 25 
14 12 29 34 31 21 11 39 34 23 14 20 23 23 36 30 17 25 28 25 
30 17 28 22 18 31 20 29 16 23 27 17 24 24 19 42 17 33 41 29 
11 14 30 29 25 22 10 27 24 35 45 21 23 22 11 36 24 33 33 29 
26 19 15 33 20 19 14 23 29 28 28 22 20 27 27 42 26 23 29 30 
23 19 32 29 29 21 21 17 32 25 36 16 27 28 24 32 20 27 18 47 
35 13 35 36 17 35 7 26 18 34 28 14 15 29 17 14 36 33 19 27 
34 17 20 18 18 25 16 40 34 39 5 24 25 21 10 31 17 31 34 33 
20 15 25 34 25 27 20 34 18 28 38 14 14 28 27 44 16 23 17 28 
40 10 13 19 11 18 14 21 33 21 33 10 28 14 27 22 11 21 25 24 
39 17 32 28 26 24 12 27 28 25 19 25 21 21 17 35 26 34 40 30 
28 24 22 29 35 16 6 28 26 19 33 18 26 15 10 16 8 19 30 24 
34 16 10 23 20 22 11 25 28 27 15 23 30 23 16 43 20 23 25 41 
24 15 24 14 17 15 16 11 49 37 29 16 19 18 26 32 21 30 25 33 
37 14 32 20 28 13 12 24 39 19 40 26 20 34 24 26 23 27 39 21 
9 18 29 23 15 11 19 22 32 25 26 14 35 14 28 16 25 25 25 21 
37 11 20 29 19 12 18 15 32 23 25 16 28 20 16 29 20 9 35 34 
18 13 23 21 18 15 5 18 20 33 25 17 23 26 23 39 19 36 17 31 
26 5 28 20 11 44 15 23 35 29 38 32 19 19 15 25 16 27 36 40 
32 13 32 12 25 27 8 33 34 30 38 19 36 16 18 24 16 21 20 35 
26 6 34 18 23 18 17 27 36 27 28 11 10 31 23 29 11 27 24 27 
21 18 16 18 24 31 19 23 27 16 13 24 32 27 17 23 17 19 26 31 
21 18 29 16 30 21 14 22 23 29 35 16 34 22 20 30 17 23 28 30 
27 11 31 18 22 16 15 27 52 29 19 14 20 25 17 24 20 27 41 40 
17 15 22 13 12 18 12 34 37 16 30 11 17 25 8 23 15 18 26 22 
25 19 24 10 25 30 15 24 23 38 22 18 20 25 17 35 24 21 25 27 
38 13 34 10 24 23 15 29 25 14 26 28 24 19 25 32 28 26 25 17 
24 13 15 18 29 25 14 16 39 37 27 24 18 15 31 34 20 30 34 21 
24 15 30 25 32 28 8 28 16 23 21 21 28 15 30 13 24 42 39 9 
25 10 25 23 28 25 16 22 37 16 32 14 32 13 23 24 24 30 19 42 
27 11 33 22 18 27 13 18 33 33 34 15 3 27 19 32 19 39 36 27 
22 14 29 22 20 26 14 19 43 22 31 14 26 23 18 22 23 11 19 32 
28 12 22 22 35 15 14 23 23 24 15 23 19 33 22 20 32 28 30 26 
26 15 25 14 23 34 15 28 24 30 32 31 28 17 21 22 17 17 38 35 
37 8 26 24 16 25 17 32 42 30 29 18 28 18 18 31 16 38 29 41 
27 15 18 29 36 27 21 23 25 28 38 17 35 23 25 18 21 29 38 36 
23 13 33 15 35 34 15 23 29 11 27 16 27 18 30 16 26 19 19 22 
28 16 4 27 21 21 12 28 32 23 27 24 27 21 17 28 22 19 15 36 
21 15 27 15 22 13 14 24 21 30 33 28 25 29 22 15 23 29 27 31 
27 19 18 19 19 34 23 19 30 28 27 17 32 15 13 23 26 38 37 15 
26 13 21 31 19 17 14 24 33 14 26 13 22 14 18 30 22 35 28 23 
26 21 30 28 17 22 20 35 43 21 13 14 13 22 16 29 30 30 28 23 
17 17 38 20 14 33 13 30 31 31 26 24 15 11 34 34 17 29 27 40 
20 22 23 13 21 23 8 33 52 13 20 20 25 24 15 24 25 21 23 29 
17 18 30 24 28 32 9 35 27 25 31 13 28 14 22 28 23 33 27 34 
26 15 24 17 23 35 19 26 21 29 19 10 22 15 26 31 16 26 26 26 
32 18 40 17 20 28 17 24 14 28 21 17 21 14 30 23 24 25 16 33 
23 14 30 21 29 24 20 23 36 22 27 16 26 22 24 20 20 33 28 27 
25 19 39 17 31 29 16 32 29 37 27 21 30 17 13 35 28 25 37 30 
30 18 40 19 27 33 17 15 49 31 19 16 12 21 14 22 17 23 31 25 
31 9 19 20 16 16 21 15 39 27 18 23 21 17 23 31 25 16 37 28 
33 20 36 21 21 29 11 22 27 30 41 23 21 15 14 51 22 21 12 21 
18 19 18 21 31 34 18 18 22 32 22 21 30 17 27 6 21 26 17 33 
28 18 28 16 21 27 13 24 33 25 27 23 22 30 32 21 19 31 28 30 
23 17 16 19 27 29 19 24 23 20 38 26 22 26 23 35 19 29 23 25 
32 16 27 20 22 22 12 30 39 29 43 22 34 28 6 28 24 19 17 34 
15 1 22 29 25 27 19 27 27 16 26 18 17 20 23 31 17 19 23 40 
25 17 19 18 17 17 18 39 34 22 28 20 32 25 21 20 23 31 28 39 
26 14 31 16 17 25 13 11 23 25 30 11 23 33 26 45 14 33 27 33 
25 12 33 22 24 16 18 17 36 33 24 16 19 25 17 34 25 38 12 22 
20 14 33 10 24 22 7 20 30 25 38 29 26 28 26 13 32 19 39 36 
27 13 18 23 31 26 17 27 35 6 22 17 34 11 23 40 23 28 9 38 
30 8 28 28 29 28 11 23 21 29 35 14 28 21 19 19 23 35 29 42 
20 18 26 30 24 13 17 27 33 16 22 22 16 14 29 42 23 11 28 35 
25 14 32 25 28 20 6 27 18 25 25 23 11 24 20 37 11 33 29 18 
13 17 22 21 25 29 22 12 31 22 24 11 17 17 29 25 21 16 25 20 
22 10 24 14 19 19 21 10 43 23 26 19 18 14 24 32 30 30 37 34 
30 15 41 22 22 24 10 8 33 23 36 19 23 16 34 30 20 12 23 30 
32 9 21 18 30 19 19 25 41 25 42 11 24 8 21 26 20 26 27 27 
30 16 24 26 18 14 12 22 33 24 31 19 27 27 31 23 26 28 34 44 
35 13 33 28 19 23 13 22 37 30 41 18 16 30 14 16 19 28 47 17 
12 18 24 21 22 30 16 25 15 30 22 11 20 20 17 34 20 30 48 35 
28 20 28 16 33 8 11 22 32 24 37 24 27 26 13 35 27 20 23 30 
19 15 48 26 26 18 7 31 34 34 39 16 25 12 19 32 26 26 18 16 
16 14 17 26 27 39 14 23 31 14 34 15 29 11 28 32 19 25 21 17 
19 19 23 16 26 17 12 31 26 19 32 21 14 23 25 23 21 22 41 32 
28 20 17 21 28 9 18 23 29 24 15 16 24 18 15 14 17 23 23 34 
35 8 27 29 41 24 8 24 28 26 14 17 28 8 38 27 26 27 11 24 
28 12 30 32 15 21 16 16 38 28 33 12 24 17 20 39 23 30 25 28 
29 14 28 21 22 36 11 19 44 18 26 25 17 18 21 30 12 28 34 24 
24 14 24 35 28 23 20 22 24 20 30 21 23 27 8 22 14 28 19 30 
29 10 28 23 21 32 19 28 42 15 28 24 27 4 28 23 15 33 28 32 
37 22 24 18 34 15 12 30 18 19 43 20 25 27 23 16 18 24 19 20 
39 14 41 17 25 20 10 19 14 28 13 18 27 11 24 25 9 31 16 21 
30 19 24 32 22 16 16 32 25 22 25 17 26 23 16 29 16 20 20 46 
13 17 29 27 18 20 16 24 19 32 26 15 24 22 26 40 21 32 30 23 
26 16 13 18 17 28 17 18 33 26 18 22 21 25 28 14 11 24 20 38 
19 18 32 26 27 22 24 17 13 30 34 26 20 24 30 24 16 26 31 49 
35 18 16 27 18 27 13 31 39 36 44 18 18 23 26 18 19 20 34 37 
23 16 28 28 33 19 20 24 14 26 41 23 24 25 22 41 26 21 24 22 
40 15 34 16 13 34 16 31 31 26 30 17 27 31 34 27 32 20 27 30 
32 10 7 27 20 20 20 31 39 19 30 16 22 20 24 43 18 27 52 21 
23 19 28 22 23 24 21 18 40 32 31 20 21 12 22 21 27 28 39 16 
20 12 30 31 19 30 12 32 33 26 46 14 22 24 20 22 22 33 26 31 
39 13 25 24 20 27 13 22 27 15 31 15 32 16 20 17 15 36 22 33 
23 12 31 16 25 8 19 8 26 32 37 23 31 16 29 22 16 35 21 37 
20 14 31 19 19 12 17 20 33 32 36 19 25 18 30 21 27 19 24 39 
25 21 35 31 17 22 12 23 25 6 34 18 11 19 29 22 28 22 19 34 
25 14 31 18 35 19 15 33 17 30 39 20 12 20 16 22 21 25 23 30 
25 17 33 25 18 24 14 19 12 23 43 16 28 14 18 34 16 20 29 26 
20 17 29 38 21 18 17 27 31 28 26 22 23 27 18 47 30 22 30 21 
30 11 17 19 30 17 14 16 19 22 24 22 31 16 25 37 19 19 33 42 
24 13 28 24 20 22 15 39 30 18 13 16 18 21 19 40 27 22 38 25 
18 12 29 25 14 19 18 15 44 27 21 21 11 28 29 34 24 30 34 31 
24 20 23 24 19 17 11 27 31 35 36 10 25 12 21 35 28 23 22 23 
26 9 35 15 27 25 10 37 24 31 33 18 22 26 26 34 19 31 21 36 
29 17 28 21 25 29 13 21 39 31 37 16 7 30 25 16 21 14 22 32 
21 16 10 10 22 21 19 12 24 37 44 17 27 28 12 27 13 33 19 34 
31 11 20 25 14 28 13 26 20 26 24 27 27 24 13 44 26 28 25 28 
16 14 30 27 20 25 19 31 33 31 19 17 11 9 9 26 15 37 28 25 
36 16 27 33 22 28 22 24 25 24 24 16 27 12 22 37 24 18 21 25 
25 18 34 16 20 22 11 19 3 27 21 21 30 10 10 29 13 10 22 29 
39 10 35 23 19 25 18 26 24 24 29 13 34 9 27 27 10 24 33 22 
8 16 37 19 25 12 13 24 30 18 16 17 19 35 33 25 13 17 19 18 
18 10 19 18 15 26 15 30 35 10 18 20 21 22 24 25 25 26 28 45 
37 13 31 24 21 16 15 26 45 20 26 18 15 30 27 36 19 37 24 30 
36 13 44 19 30 18 20 21 33 23 18 19 14 18 24 22 11 42 38 38 
24 17 25 13 28 31 10 31 34 28 41 12 21 14 9 16 28 16 21 34 
17 14 20 12 15 18 15 30 22 25 24 16 27 3 24 24 24 25 36 23 
45 13 31 23 20 25 15 32 38 18 19 27 23 12 29 27 19 20 26 31 
19 12 25 22 13 22 12 20 46 21 13 18 24 16 22 29 29 14 28 26 
24 16 31 27 30 33 6 18 30 19 40 15 27 24 30 25 19 13 35 25 
27 16 33 22 21 14 17 33 36 23 26 15 12 22 20 25 15 31 22 25 
24 15 26 19 8 20 14 27 54 10 40 21 17 24 24 37 16 34 20 38 
27 24 26 11 21 23 16 29 26 38 19 16 23 22 30 34 13 21 25 28 
21 18 44 30 24 25 9 21 32 20 39 16 26 29 24 21 23 19 26 26 
32 17 28 28 21 19 16 26 26 34 19 23 21 25 34 24 25 22 26 21 
23 24 31 25 20 14 16 34 25 18 36 24 37 21 21 23 23 26 27 45 
33 9 36 16 28 16 13 35 14 30 29 15 22 12 24 32 26 30 39 29 
21 18 24 27 24 28 8 18 28 25 30 21 27 33 18 25 17 27 45 24 
27 7 20 23 24 25 13 23 29 34 23 23 15 23 17 35 28 26 19 27 
12 24 19 28 21 30 18 26 37 31 30 15 9 27 27 42 15 31 34 17 
28 9 20 20 30 20 15 26 16 16 39 22 16 22 21 22 14 25 12 39 
23 18 27 33 29 21 14 28 27 30 25 16 38 21 24 28 23 21 30 26 
27 19 30 21 18 40 17 41 14 34 17 18 34 11 26 25 27 34 11 35 
16 6 30 15 30 13 13 23 32 26 37 22 30 23 31 11 18 29 29 24 
26 22 27 17 26 23 19 24 31 26 25 15 23 18 17 27 18 23 18 31 
20 7 21 29 20 19 13 17 14 20 19 25 23 9 16 36 8 32 37 16 
25 16 30 30 9 35 13 17 31 27 23 13 25 17 11 24 30 34 25 33 
23 13 43 11 18 23 13 21 26 30 28 27 33 16 22 36 15 14 28 29 
28 13 38 25 17 24 11 33 37 15 24 21 19 32 13 38 14 42 36 8 
18 14 20 6 20 17 13 15 25 22 36 13 23 10 25 39 23 24 21 31 
36 16 32 12 29 28 10 21 24 25 20 9 30 21 27 35 18 40 33 28 
17 11 32 16 30 12 13 19 30 29 40 19 25 26 18 25 18 18 29 36 
27 21 29 23 17 33 18 21 24 31 24 18 31 29 13 15 13 21 17 37 
42 11 32 19 23 20 12 30 29 25 24 24 25 24 24 17 13 30 15 18 
12 21 8 24 26 15 13 15 27 27 26 13 16 25 28 29 21 32 28 12 
18 11 24 16 25 29 16 26 25 22 28 14 17 29 23 28 26 27 40 35 
28 9 31 24 14 19 12 36 22 25 47 22 33 20 27 34 21 27 28 22 
31 17 18 21 14 26 21 23 33 22 13 25 25 14 23 21 32 25 35 41 
27 14 16 25 28 26 17 26 34 35 23 19 21 13 23 28 20 8 38 35 
21 21 28 24 29 28 11 22 24 32 30 22 26 21 31 26 37 47 22 33 
10 19 22 19 22 29 14 30 34 23 31 26 19 20 27 27 26 19 21 14 
32 15 15 23 20 30 11 17 33 23 27 25 21 7 23 35 27 19 29 14 
24 17 30 23 29 22 15 29 23 32 21 16 22 25 20 13 29 23 16 25 
18 18 36 29 15 24 18 16 24 22 26 19 24 12 19 30 20 35 27 38 
22 12 25 11 20 23 16 19 45 16 26 17 18 13 31 36 21 25 30 21 
14 20 36 13 26 16 20 16 37 17 20 20 20 20 22 23 17 20 35 34 
24 12 15 26 25 24 18 38 29 32 17 22 30 15 15 31 7 37 39 30 
38 10 28 22 12 21 20 26 27 33 30 16 24 16 14 29 10 26 23 18 
16 12 19 23 18 27 12 19 38 26 17 21 22 25 22 24 23 27 29 30 
28 14 7 28 24 27 22 23 45 20 37 26 12 19 31 23 14 12 30 37 
13 16 20 21 27 23 18 18 38 18 14 26 22 21 23 42 15 32 21 32 
28 15 29 18 21 34 12 15 36 25 30 15 25 24 28 29 24 13 36 44 
21 17 17 8 25 28 25 22 18 14 29 34 26 23 16 13 13 19 29 38 
37 14 28 23 25 26 16 24 45 36 18 11 30 18 22 26 32 24 33 31 
29 14 21 26 16 27 11 21 40 20 28 15 25 14 20 34 23 26 15 30 
17 11 29 9 37 24 17 11 25 33 22 25 36 26 14 25 26 30 26 24 
30 12 26 22 12 33 11 28 39 16 21 10 23 19 25 27 10 35 25 31 
31 16 24 26 26 22 17 33 19 21 32 19 17 19 19 37 16 29 43 35 
30 19 23 26 24 38 18 16 21 27 28 18 24 20 15 19 19 24 26 37 
26 19 39 20 25 22 15 15 38 30 29 11 25 20 21 27 23 26 17 21 
22 11 26 7 31 26 12 31 29 24 32 17 26 17 31 30 20 29 26 32 
21 12 37 24 14 32 19 17 25 36 36 18 30 26 19 26 25 21 31 37 
19 19 37 26 26 21 16 26 39 27 14 18 16 23 33 23 11 40 27 16 
30 17 21 28 18 23 19 26 23 32 41 19 31 10 23 44 14 18 27 38 
25 17 32 31 14 32 13 20 35 24 45 20 19 19 25 21 25 28 24 29 
31 17 23 23 17 11 17 21 4 23 40 18 20 26 24 38 23 25 32 9 
31 14 24 25 31 33 14 24 28 28 33 19 20 19 32 14 21 18 32 29 
15 14 24 28 22 25 14 27 30 23 35 19 15 18 16 22 27 32 23 18 
25 13 23 32 24 30 11 25 41 23 29 26 39 14 23 24 14 12 19 40 
31 16 27 14 19 26 17 17 31 23 29 30 22 22 25 38 20 29 29 28 
15 27 16 25 23 27 20 19 29 27 33 15 25 25 19 26 17 32 17 30 
31 18 28 14 29 25 18 30 27 23 28 24 24 10 17 35 20 28 42 34 
16 16 34 25 32 35 17 24 33 28 18 13 28 31 15 38 28 18 29 17 
24 9 34 17 28 34 12 22 41 15 36 17 10 22 26 28 25 25 29 36 
28 20 26 24 25 34 11 27 24 16 37 15 25 20 22 36 15 33 30 26 
36 17 34 31 21 22 16 33 33 24 18 28 28 18 28 13 9 15 26 25 
22 16 20 17 18 30 10 22 29 21 19 20 32 22 24 31 32 30 30 24 
28 17 17 21 18 23 13 14 28 33 24 7 17 35 22 34 7 23 22 26 
27 4 23 24 31 29 8 27 27 22 30 24 23 19 25 14 10 27 38 30 
33 12 25 22 29 27 9 19 37 32 29 19 30 19 28 33 29 24 28 13 
24 20 32 14 20 25 9 13 14 23 25 21 25 18 15 21 14 32 39 38 
18 11 21 19 29 30 14 45 8 26 24 11 23 30 21 42 24 21 31 39 
33 14 27 25 23 33 14 26 18 19 29 15 26 17 23 17 14 31 34 38 
30 15 21 21 21 16 14 18 49 34 14 25 27 18 14 30 18 24 18 37 
20 24 19 27 23 8 11 20 22 17 33 19 32 15 14 24 23 19 40 26 
33 16 33 26 16 25 16 25 22 39 42 17 15 28 25 13 25 22 22 17 
23 10 27 20 23 38 15 25 37 39 32 20 9 16 32 31 23 35 15 20 
22 17 19 23 25 20 18 20 26 29 23 30 21 22 22 15 12 16 34 34 
31 20 26 23 16 26 14 20 24 21 43 21 22 21 28 34 25 19 31 28 
21 18 31 35 21 27 13 26 41 22 31 20 18 21 17 34 23 20 37 45 
19 15 18 18 15 20 18 24 26 24 26 10 23 23 32 38 23 31 33 20 
17 18 13 18 18 23 11 9 28 22 28 15 23 16 24 32 18 31 31 42 
31 15 34 20 18 25 13 36 19 32 41 24 25 16 26 30 9 28 25 37 
33 18 39 12 22 19 7 16 26 39 25 14 19 13 28 31 20 28 36 33 
28 11 31 26 22 23 17 24 34 35 17 13 30 36 20 28 19 20 28 23 
22 9 31 20 15 41 8 19 37 36 45 26 24 24 29 24 18 21 15 31 
25 7 23 31 27 30 13 17 45 30 36 20 24 27 14 19 19 16 30 35 
33 11 30 22 31 25 16 24 32 19 16 16 27 20 20 39 30 30 32 33 
28 18 21 23 18 20 14 32 35 23 13 18 19 27 26 18 17 23 30 11 
19 22 32 17 23 29 13 26 58 27 32 17 34 24 20 22 28 36 29 36 
19 12 32 18 30 18 19 22 38 30 29 19 11 11 22 19 22 22 15 36 
20 16 31 26 22 16 12 28 19 28 19 18 21 12 21 25 23 23 36 23 
29 10 14 19 25 19 12 31 36 19 34 21 27 16 18 26 18 35 29 37 
19 24 32 21 16 30 17 36 21 15 26 12 22 30 11 27 35 35 30 32 
30 10 21 25 21 12 16 31 39 35 30 22 20 22 18 24 17 23 21 37 
36 12 32 21 22 22 14 23 47 25 27 22 25 21 23 25 9 20 29 32 
20 21 32 26 12 4 15 20 36 36 47 24 31 18 22 25 10 22 18 23 
20 18 22 26 16 28 10 15 29 39 13 17 25 28 24 21 16 18 29 27 
31 11 23 22 33 15 19 25 44 36 23 13 16 14 15 37 24 32 37 44 
24 13 33 23 21 9 14 29 15 24 41 27 34 20 22 23 18 14 32 24 
23 14 26 18 11 29 12 39 27 25 18 18 17 27 18 40 16 17 20 29 
43 12 29 23 19 15 17 31 19 21 13 16 29 18 26 27 18 31 28 33 
19 18 31 25 22 33 15 30 41 23 34 29 14 11 9 32 14 28 20 15 
20 12 24 22 16 35 18 22 20 25 40 13 30 13 23 30 23 11 31 21 
36 17 29 28 21 25 15 18 31 18 32 16 11 19 19 25 17 17 21 43 
26 9 20 21 24 21 15 30 31 41 29 19 23 11 20 28 24 27 39 14 
21 20 17 33 21 25 23 29 16 16 37 27 33 21 18 15 25 33 34 28 
27 26 32 28 17 23 13 17 34 17 15 17 25 20 25 33 28 21 35 38 
31 13 33 24 33 14 19 37 38 17 28 14 25 12 23 28 13 30 28 41 
25 13 23 23 31 20 16 22 45 23 22 31 21 24 18 30 25 27 27 37 
13 11 31 23 17 17 13 16 36 17 24 6 30 25 26 22 4 30 24 25 
17 17 37 25 23 27 17 14 22 28 29 16 28 25 23 22 17 28 26 22 
16 13 31 35 21 32 14 28 37 34 26 25 20 18 22 25 15 25 32 26 
19 23 34 31 15 28 18 31 33 24 20 18 29 16 20 25 18 34 13 32 
24 13 22 27 25 25 18 34 22 22 23 27 19 26 17 25 29 34 23 30 
34 11 35 13 28 27 24 31 32 32 16 21 24 24 12 33 17 29 22 33 
24 15 28 19 17 25 23 26 22 24 38 16 33 24 23 34 28 37 40 39 
15 10 40 27 27 26 20 20 20 30 27 20 21 30 17 22 25 32 28 39 
17 23 27 25 16 22 14 24 36 37 16 29 32 16 16 20 22 27 39 30 
19 19 23 25 32 22 12 4 22 23 26 29 27 1 11 25 13 11 49 22 
12 9 26 26 37 20 14 14 42 21 20 13 20 23 16 24 19 25 18 35 
21 18 31 18 21 19 23 26 31 17 30 18 24 19 24 33 16 33 21 28 
25 15 30 21 32 15 13 26 26 12 37 16 18 22 23 28 22 29 30 32 
14 17 30 30 19 19 13 13 36 24 33 28 24 19 26 27 19 34 31 28 
25 9 16 17 18 13 11 22 39 19 32 22 15 17 21 25 18 22 29 32 
20 8 11 18 23 7 17 23 26 38 23 15 28 20 18 19 29 23 26 45 
30 18 32 11 28 25 8 23 31 30 33 20 20 22 20 31 15 33 29 35 
19 22 27 10 13 20 20 26 33 31 30 20 22 26 26 25 16 25 25 24 
26 21 15 15 31 21 20 20 35 43 21 27 27 12 23 31 27 24 18 30 
31 15 20 24 8 31 10 22 41 22 20 5 21 20 26 38 29 21 26 28 
24 20 23 28 31 18 9 25 37 29 23 18 20 13 21 31 14 26 27 25 
21 14 12 16 18 20 19 28 41 20 27 16 26 14 23 25 20 22 32 29 
21 10 16 20 17 30 11 26 42 20 30 20 17 23 25 11 22 30 30 31 
26 24 29 30 24 23 14 26 55 23 26 16 18 27 13 30 26 28 19 35 
15 17 42 26 25 30 12 27 15 21 33 15 19 16 30 34 18 31 38 22 
20 19 35 34 21 19 19 20 45 33 32 25 27 39 24 32 5 23 36 34 
24 15 19 16 25 21 11 20 36 27 28 14 31 20 22 26 21 28 42 31 
38 14 35 19 20 28 15 18 31 39 12 20 24 25 19 40 18 34 33 23 
24 17 24 20 27 35 16 21 33 24 26 19 26 14 13 28 15 22 19 17 
16 15 32 30 20 28 20 18 38 17 32 21 14 19 28 37 27 23 25 23 
28 21 23 27 19 26 12 35 32 35 31 19 22 7 32 28 14 29 34 12 
14 18 23 29 13 33 6 14 24 32 27 27 9 21 20 35 12 22 36 41 
23 9 16 22 42 23 19 23 37 24 25 15 20 16 29 31 17 22 27 37 
30 14 35 28 13 26 19 28 32 30 15 10 24 14 17 30 15 24 23 16 
26 16 29 21 26 15 21 19 33 20 36 18 36 26 22 28 11 24 43 34 
31 13 10 24 17 12 15 25 26 28 33 25 34 16 21 34 35 31 30 19 
31 14 37 26 21 20 19 25 27 33 20 17 27 16 22 20 26 22 22 29 
23 18 29 31 27 12 15 29 35 34 27 22 15 6 32 31 16 23 31 26 
22 12 35 26 28 18 20 20 28 37 30 17 23 17 25 40 22 25 38 32 
35 18 26 24 29 29 12 27 16 22 24 14 30 21 28 22 9 23 23 31 
38 15 31 25 10 14 12 18 30 27 17 23 26 23 23 26 19 24 23 38 
19 14 33 23 7 13 10 17 26 36 22 15 31 21 23 37 26 14 30 31 
16 15 21 30 17 32 11 30 16 19 24 16 30 23 11 31 9 24 20 41 
22 19 26 21 17 28 10 22 29 34 20 28 31 31 29 26 21 27 33 25 
28 22 23 26 31 14 10 28 25 29 30 22 27 11 21 29 24 19 23 24 
22 11 17 20 27 24 21 32 34 23 41 20 14 14 22 32 25 17 29 19 
31 16 25 21 27 19 12 28 41 40 28 18 28 19 29 25 15 29 33 31 
23 20 37 33 14 33 18 25 27 16 41 27 15 22 21 20 17 23 22 24 
23 10 23 11 31 22 11 18 36 41 9 19 17 13 15 17 20 22 19 47 
12 17 26 25 28 27 9 23 49 36 29 28 33 17 26 35 13 18 27 26 
37 16 38 17 28 14 13 28 24 17 32 21 8 17 15 42 25 27 41 27 
30 19 27 18 27 38 10 23 38 25 31 16 17 27 26 15 17 20 34 40 
20 9 18 20 27 20 9 33 27 34 30 13 19 16 26 26 10 22 44 18 
30 15 31 28 21 17 18 17 26 25 31 19 26 19 33 24 17 15 26 29 
29 19 18 25 21 21 14 24 37 30 35 19 28 11 18 20 24 13 28 25 
18 17 35 31 17 22 10 15 31 22 13 22 25 26 24 45 19 25 34 31 
24 13 39 17 30 37 17 29 27 28 34 25 17 21 28 14 18 37 24 13 
24 14 32 27 26 11 20 24 38 20 32 11 28 19 18 29 12 19 28 17 
9 13 28 26 13 24 12 14 33 30 33 18 30 11 29 33 25 16 27 28 
24 10 31 34 25 34 8 31 33 13 33 13 22 24 22 28 17 36 17 28 
29 17 13 20 19 14 21 15 24 37 28 21 23 15 32 18 13 25 38 38 
32 13 34 25 23 30 13 21 18 29 46 12 12 14 15 20 14 19 33 26 
34 16 22 19 16 9 22 27 45 38 9 11 15 23 19 34 22 33 28 17 
21 20 35 31 25 36 15 20 34 38 37 16 32 25 19 30 40 26 34 30 
37 15 22 21 34 31 21 19 36 15 34 16 25 19 19 29 21 16 16 39 
28 18 21 10 29 22 18 26 31 34 22 19 25 5 18 23 19 27 27 17 
27 11 26 30 15 34 12 14 37 24 41 16 25 14 18 17 18 31 21 26 
30 9 26 16 28 36 16 10 41 26 40 21 22 14 21 30 22 17 26 33 
22 11 27 21 33 23 7 16 41 34 34 20 26 26 21 41 20 30 25 34 
25 18 27 27 21 33 13 26 25 16 31 16 23 25 18 15 17 35 22 29 
32 12 28 23 30 4 17 23 9 10 32 25 12 29 25 32 13 16 21 18 
32 17 23 32 39 20 11 29 32 23 32 16 17 18 21 29 24 20 34 30 
27 16 30 17 20 30 5 22 32 29 32 15 23 22 25 30 22 27 35 29 
22 17 21 28 11 21 20 24 22 26 31 19 32 21 22 33 21 19 34 44 
25 10 27 26 21 22 18 36 13 36 40 17 32 18 32 32 6 20 24 20 
28 14 30 18 20 27 19 17 26 27 25 13 23 22 28 37 18 17 17 30 
18 17 13 30 25 24 9 23 26 21 26 25 27 27 15 19 22 36 25 27 
26 18 29 24 25 13 12 18 38 22 23 23 18 11 13 42 13 31 34 15 
21 13 35 31 28 32 15 21 13 24 30 13 14 39 26 25 13 28 30 17 
22 16 21 25 18 34 17 12 17 24 18 14 29 19 13 17 23 30 23 46 
36 20 18 29 30 32 21 32 33 30 34 18 17 9 22 24 23 21 22 15 
23 14 26 22 14 13 12 22 50 14 31 15 27 20 31 28 18 23 32 51 
33 9 24 42 24 19 11 28 34 30 38 17 32 18 24 14 31 29 24 31 
28 21 28 15 19 21 16 20 38 18 35 16 22 23 21 29 20 19 41 30 
24 14 30 35 24 31 6 30 37 22 32 13 15 20 29 27 20 29 20 30 
22 16 17 23 26 24 16 23 25 31 26 23 7 28 11 38 16 22 21 34 
20 19 33 22 21 21 15 23 30 28 34 18 25 20 26 30 17 29 31 24 
10 22 30 31 10 20 18 25 27 29 20 26 33 37 26 26 22 28 24 38 
20 16 30 21 18 26 12 16 33 18 37 20 23 27 31 15 30 26 31 28 
25 17 31 11 22 15 12 29 33 31 31 22 21 16 26 18 28 13 32 35 
24 7 16 22 28 24 11 34 58 30 23 22 29 17 26 33 14 25 31 25 
22 19 27 33 14 15 11 30 38 18 26 18 10 10 21 9 14 32 43 20 
36 16 22 28 21 27 14 33 33 19 32 18 18 17 16 22 18 34 33 20 
12 18 25 21 26 19 16 36 42 34 30 12 13 16 33 30 27 21 20 35 
18 16 22 23 25 25 21 28 24 31 27 16 20 16 16 19 8 24 32 37 
27 21 35 24 25 45 15 24 32 15 33 16 25 10 17 26 11 18 19 36 
26 11 33 25 10 20 19 38 38 28 26 12 27 13 20 36 25 39 20 29 
15 11 10 26 16 13 13 24 23 37 20 21 23 31 21 33 19 20 5 40 
22 20 33 29 19 24 21 22 33 28 42 24 22 18 23 13 25 29 25 42 
19 18 18 30 15 30 19 14 43 28 29 21 27 18 22 29 16 24 39 11 
18 17 23 16 28 28 8 29 36 7 32 21 25 26 33 44 27 29 20 22 
35 23 22 20 25 25 15 24 42 25 38 27 25 7 12 26 19 37 35 37 
17 14 34 11 17 23 7 19 33 19 34 20 20 16 22 18 15 22 24 23 
33 13 35 23 31 22 15 29 32 26 33 20 23 18 25 21 25 47 38 45 
25 24 16 22 24 11 17 28 22 36 17 17 9 13 19 46 31 29 25 22 
22 10 29 32 25 24 12 15 19 27 40 28 18 13 14 17 18 25 31 31 
24 15 27 10 21 19 10 24 39 34 33 24 19 26 26 28 21 9 39 22 
20 11 37 18 22 30 16 29 37 22 30 20 15 18 29 48 27 35 30 32 
25 24 20 24 21 19 11 21 13 22 28 16 19 25 25 29 24 17 27 17 
29 9 33 22 21 18 15 14 19 38 18 13 21 14 20 42 18 23 34 24 
17 14 27 29 21 18 19 25 41 33 36 19 9 18 18 34 10 41 29 32 
30 21 27 25 22 29 16 21 37 38 26 20 13 27 18 49 19 21 26 18 
34 15 31 23 28 28 13 18 36 35 24 19 25 17 18 26 23 22 18 38 
28 27 27 24 18 28 21 29 40 28 33 19 28 23 28 32 22 31 37 38 
8 11 27 14 28 28 20 24 29 32 23 11 21 8 30 28 17 19 26 26 
22 5 25 26 34 29 17 26 35 28 21 16 24 29 28 18 25 15 20 14 
29 13 19 18 11 31 18 19 32 24 24 22 20 21 18 25 25 23 36 37 
22 8 26 31 31 21 15 16 29 35 18 23 23 37 27 16 28 24 37 29 
34 19 32 23 23 21 15 21 35 27 18 11 21 27 28 29 22 19 31 20 
30 16 27 16 19 21 21 23 29 25 15 16 34 25 29 8 23 21 23 20 
12 15 30 21 24 20 12 34 14 19 29 24 19 12 26 20 23 31 32 37 
25 22 15 29 21 14 13 36 30 27 42 23 27 23 18 24 23 32 23 34 
17 12 31 20 28 12 19 9 31 25 25 28 25 24 16 32 30 18 27 27 
16 24 44 22 24 20 14 23 24 40 51 22 26 24 20 38 24 39 28 30 
22 10 43 19 28 25 14 28 16 18 17 19 30 16 22 16 11 21 17 36 
44 17 20 22 23 13 14 23 50 26 28 19 32 26 20 9 2 29 27 25 
32 9 37 11 23 16 11 30 28 31 32 21 14 24 18 29 24 27 35 29 
29 16 23 21 20 32 17 32 29 29 21 24 30 22 18 13 17 27 26 33 
19 20 29 20 23 19 22 21 31 38 42 23 20 7 29 28 32 19 14 36 
17 16 32 20 24 31 17 30 26 29 21 21 26 17 19 30 20 41 31 35 
14 20 25 25 18 23 19 15 21 22 13 27 22 19 30 24 22 30 43 29 
50 8 21 20 22 33 13 32 25 39 22 18 23 11 11 39 28 25 25 25 
13 14 19 14 34 26 12 28 19 24 28 27 27 23 11 28 27 26 36 32 
17 13 32 24 27 23 9 23 30 21 36 25 15 21 32 28 20 22 22 33 
32 19 19 23 20 21 18 29 26 40 29 22 35 13 23 24 14 26 24 24 
25 13 16 24 18 22 12 16 29 11 27 15 12 18 23 37 17 38 26 41 
17 15 28 12 22 28 21 29 36 21 40 21 17 19 38 32 23 32 23 36 
34 18 25 21 15 18 5 14 32 26 36 16 24 28 19 24 16 25 40 28 
29 18 28 24 14 28 9 43 41 29 28 13 29 22 37 24 20 36 23 37 
38 7 24 21 12 29 16 31 18 34 28 25 20 26 24 34 4 31 29 35 
28 17 29 25 24 28 19 28 43 25 32 19 30 14 28 31 22 23 12 39 
33 15 22 23 29 15 13 21 43 18 37 26 26 13 17 17 25 22 32 34 
36 12 36 27 27 27 21 11 14 15 15 21 19 20 20 38 23 25 16 42 
27 14 17 36 25 33 17 24 49 20 19 18 19 21 14 16 21 15 32 32 
16 10 20 17 17 31 20 21 36 23 42 30 22 23 19 14 31 26 27 20 
30 15 47 18 27 28 13 15 38 34 34 16 34 15 28 35 19 36 31 30 
34 18 37 25 33 28 20 16 30 24 22 16 24 25 24 28 27 34 39 39 
31 8 9 33 23 35 17 22 15 21 22 18 26 22 9 22 28 17 27 29 
23 21 25 18 21 20 16 26 32 25 36 19 35 21 25 31 20 18 41 34 
22 17 35 29 22 39 19 27 30 24 28 21 18 9 24 33 18 30 16 19 
19 16 34 22 20 25 18 23 40 29 51 20 27 18 25 16 28 40 14 30 
20 16 26 31 17 15 15 27 27 31 21 22 20 12 31 31 30 24 25 19 
27 20 17 23 33 20 10 14 26 22 23 17 25 17 37 19 28 22 32 37 
25 22 29 21 32 24 11 26 43 41 30 26 20 20 23 23 25 24 16 41 
19 23 33 30 28 32 19 7 20 26 22 17 31 24 18 23 15 29 15 29 
22 9 24 20 24 35 12 29 43 18 24 26 31 19 20 32 12 27 25 34 
29 16 33 17 26 32 15 25 37 34 21 20 28 29 26 26 24 31 33 30 
20 16 24 24 19 33 18 24 35 36 28 27 24 21 25 18 16 6 24 26 
25 17 22 30 30 32 10 23 25 24 35 16 25 23 21 24 20 23 21 38 
33 14 27 20 33 32 15 11 40 25 36 20 17 32 22 25 33 25 27 36 
21 16 34 14 27 33 16 21 29 21 16 14 29 10 25 22 22 28 24 27 
15 12 17 20 20 23 14 18 50 29 28 28 26 24 15 12 28 26 26 39 
22 16 17 16 31 29 12 35 51 22 20 26 26 14 32 8 19 18 15 19 
27 10 32 30 13 22 7 27 21 13 41 25 31 14 19 37 21 24 35 30 
33 13 27 19 24 20 18 17 26 16 26 20 19 10 26 35 21 26 23 26 
27 20 38 21 16 12 18 32 9 24 26 9 20 14 22 33 25 31 19 31 
36 10 32 25 29 18 17 34 24 30 25 21 24 13 12 46 18 27 35 17 
25 12 19 26 27 24 11 14 29 23 31 18 30 25 17 40 16 36 13 40 
25 22 18 25 24 24 21 27 42 15 21 12 23 27 19 27 23 19 21 15 
22 10 30 24 23 25 17 22 39 28 24 31 18 19 19 36 23 25 27 28 
25 16 31 21 18 18 11 25 25 37 37 20 26 13 27 45 18 14 26 27 
25 15 34 20 22 16 15 17 27 22 12 18 21 24 31 32 13 22 10 33 
26 17 26 24 24 27 22 23 27 23 27 24 26 25 22 31 16 21 32 25 
9 21 28 21 27 24 17 13 30 32 26 19 27 23 23 31 13 9 36 43 
21 14 8 22 23 19 15 27 39 36 25 18 10 28 21 38 20 24 38 18 
37 9 22 26 11 21 16 24 37 27 26 28 27 16 13 40 23 38 29 48 
26 16 23 16 28 5 13 38 43 29 36 22 25 16 28 42 16 15 35 35 
29 13 16 22 21 22 16 34 33 25 25 15 33 13 22 28 19 22 29 33 
14 17 22 13 22 30 10 18 35 24 28 26 17 21 11 33 18 20 32 41 
16 14 20 17 20 22 16 40 20 30 29 24 28 14 22 34 31 27 47 29 
29 19 21 26 14 14 10 18 20 24 23 15 26 22 11 35 18 19 18 29 
17 18 23 20 21 33 19 18 21 35 9 13 15 20 30 19 28 31 36 36 
31 10 32 16 29 21 19 23 20 30 30 19 17 25 28 28 9 12 35 27 
17 9 18 22 24 34 15 15 22 18 31 18 16 17 17 15 19 34 43 30 
25 12 24 31 17 22 16 22 44 18 22 12 17 30 18 24 17 22 22 36 
15 18 22 17 22 10 18 17 35 26 34 16 31 17 24 34 25 27 34 18 
23 22 44 26 21 32 15 26 31 30 32 19 17 21 20 29 16 23 18 23 
21 14 15 37 31 19 12 26 37 22 37 12 22 26 27 32 26 27 24 36 
26 14 18 25 21 31 10 19 46 35 23 8 26 25 26 47 28 32 50 31 
13 12 23 20 21 22 21 15 19 19 21 23 32 6 15 20 19 33 22 38 
17 20 35 25 23 24 17 15 35 33 5 27 25 20 25 21 16 31 15 42 
27 15 28 15 30 22 25 14 28 22 18 12 21 18 18 27 15 25 16 42 
29 12 28 30 29 28 9 21 31 27 11 19 13 11 15 33 19 28 34 20 
21 17 20 18 25 23 21 23 27 18 16 22 21 18 27 22 30 37 23 40 
36 11 18 18 22 29 17 26 45 28 20 22 23 20 22 27 20 23 19 26 
10 13 24 26 21 17 20 36 35 33 27 14 24 27 17 26 16 29 40 36 
34 15 20 19 25 27 25 26 33 31 19 19 29 16 18 24 19 22 34 31 
27 18 26 22 34 25 14 34 34 28 27 25 20 9 12 38 18 23 26 37 
33 17 16 21 25 26 18 28 26 41 15 20 14 15 19 33 22 31 42 34 
28 18 30 18 24 15 16 31 35 38 25 18 11 28 23 30 25 16 20 40 
24 18 28 16 26 16 9 18 12 24 15 16 27 16 19 36 17 47 17 32 
11 13 25 33 30 5 17 30 18 31 29 23 29 16 24 31 16 25 21 18 
14 12 32 29 30 11 18 35 21 16 31 12 22 27 35 14 20 20 18 34 
26 19 19 18 22 13 14 20 39 21 27 17 27 18 26 40 19 22 24 28 
22 14 38 28 34 29 8 10 35 19 31 19 29 19 32 31 12 31 30 17 
12 13 23 18 24 3 21 33 29 17 24 15 16 21 19 34 24 25 30 32 
30 12 29 17 28 27 18 25 36 25 26 22 23 34 17 23 16 23 12 34 
33 8 20 25 19 23 16 14 42 11 27 22 21 12 26 22 3 37 21 29 
35 15 27 15 14 19 11 20 13 23 27 25 21 24 18 34 17 26 14 25 
27 13 24 12 22 18 15 22 33 26 19 11 30 17 29 34 22 19 40 32 
19 9 40 30 34 25 14 20 24 18 31 29 19 22 19 22 12 29 28 33 
21 16 19 34 27 19 14 23 21 23 25 18 29 18 19 20 27 29 30 30 
34 23 28 11 27 24 16 24 25 31 34 18 31 16 8 27 21 23 22 37 
32 17 13 17 23 26 14 19 39 30 35 10 17 27 26 42 17 26 27 16 
25 21 29 29 18 36 15 24 33 36 38 21 23 16 28 30 19 22 35 28 
27 15 27 13 20 35 13 18 38 28 24 18 18 10 26 22 25 20 16 41 
20 16 30 20 36 16 16 27 27 10 32 11 18 11 20 22 20 32 31 35 
34 13 13 23 19 34 9 35 27 22 12 27 16 26 30 19 17 41 38 27 
30 11 25 27 14 13 11 30 31 32 33 23 26 24 27 20 25 33 26 24 
37 18 29 21 30 27 17 34 23 26 21 12 24 18 27 41 22 16 36 33 
29 18 23 15 39 27 14 20 24 34 29 19 25 18 23 52 23 26 38 32 
39 21 25 34 21 14 7 18 22 21 26 21 23 13 28 40 30 29 20 26 
34 17 30 19 34 32 21 34 34 31 24 15 25 20 7 35 17 26 33 10 
11 13 14 29 22 13 15 25 14 23 30 26 32 18 21 38 9 31 41 38 
22 11 22 29 29 27 17 24 47 30 33 22 17 22 18 27 23 9 29 27 
27 16 26 27 28 24 16 23 16 28 43 8 21 16 22 31 20 33 40 25 
24 12 28 22 16 15 21 15 28 21 30 19 22 11 18 19 10 24 36 42 
20 13 20 28 16 20 13 19 19 19 9 19 29 24 25 27 20 34 21 22 
23 16 19 26 25 18 11 28 38 31 35 14 17 12 12 32 15 16 36 30 
32 10 23 18 12 8 12 23 21 12 25 22 34 14 19 42 36 18 19 41 
15 29 24 22 19 10 20 24 27 24 24 25 23 23 29 31 30 28 32 30 
31 15 28 29 17 29 13 34 43 26 36 23 27 16 12 18 18 24 15 32 
18 14 32 19 11 30 7 27 28 19 42 23 23 19 17 26 31 31 35 34 
16 20 25 11 19 29 22 29 31 22 22 12 27 20 23 35 19 32 16 16 
36 12 17 23 16 15 12 27 37 42 32 20 14 22 26 37 28 31 32 25 
23 15 26 28 32 7 9 21 23 23 29 18 26 19 10 35 21 28 22 13 
26 19 32 28 28 20 10 15 27 26 32 21 25 26 7 38 15 26 13 27 
32 21 21 23 27 36 20 37 19 30 37 23 21 22 30 26 12 35 37 30 
23 13 25 19 26 36 17 24 26 26 17 15 20 16 32 28 19 20 23 30 
25 15 19 20 23 19 20 28 38 30 32 18 22 15 29 20 16 22 31 26 
26 18 20 19 19 27 8 13 34 22 21 13 20 13 17 38 14 7 24 31 
24 12 27 16 25 26 13 15 13 34 18 24 18 27 25 38 21 23 41 31 
12 15 20 12 27 15 15 27 20 19 25 26 34 29 14 8 18 19 19 26 
16 17 27 22 26 16 17 24 30 27 27 18 13 22 14 15 13 30 34 34 
27 15 33 27 21 17 11 23 34 18 32 12 11 21 20 29 16 16 30 39 
29 15 30 10 27 21 14 21 22 18 36 20 21 8 37 33 22 18 28 27 
27 13 10 28 26 30 13 12 33 35 36 21 20 22 21 18 16 24 29 27 
14 20 20 29 25 30 17 25 25 18 29 22 21 22 17 23 24 18 39 13 
33 16 17 28 26 22 12 29 28 17 22 18 23 26 12 25 21 25 34 31 
16 16 13 20 20 21 15 21 34 18 24 17 19 27 15 26 19 21 37 31 
22 17 35 24 27 20 17 30 28 22 35 13 32 24 31 33 27 25 23 38 
18 23 23 16 21 22 13 10 36 28 29 18 22 33 16 39 20 23 32 21 
32 10 31 21 31 36 13 29 40 27 29 19 34 38 8 31 21 19 35 27 
15 19 15 17 19 26 11 25 28 16 34 20 20 15 24 17 15 36 33 28 
22 14 32 16 27 19 23 29 33 10 29 16 33 27 22 30 25 37 26 30 
19 14 31 17 16 19 24 27 22 16 23 23 18 20 20 32 25 35 34 36 
31 24 30 24 26 16 14 25 50 18 17 21 21 18 29 24 15 29 20 28 
27 10 26 30 28 9 16 22 22 41 42 7 27 35 14 30 22 18 19 34 
27 9 17 15 26 26 15 20 31 34 23 23 23 21 19 6 17 26 26 36 
26 20 23 22 22 14 19 21 22 21 40 19 24 26 23 29 22 17 35 31 
38 14 36 23 20 33 27 31 36 27 29 19 28 21 16 27 20 28 30 34 
21 11 10 11 22 24 15 18 32 25 39 19 25 10 21 23 19 21 36 29 
18 12 20 22 19 30 22 40 29 24 36 10 20 22 34 14 14 16 22 19 
33 17 22 27 21 11 9 16 41 17 26 18 24 24 20 31 32 34 29 25 
33 12 25 17 28 20 8 29 11 20 34 12 31 24 21 31 21 27 36 30 
13 15 31 19 19 25 12 20 26 17 29 26 19 18 27 29 14 36 15 10 
28 7 26 32 18 14 17 14 44 17 47 24 28 20 26 34 24 23 31 15 
40 15 35 28 32 23 11 23 37 25 31 12 25 18 23 33 20 19 42 34 
23 18 29 9 28 32 17 23 23 32 19 20 26 28 13 21 19 17 22 40 
28 10 15 20 20 12 14 37 45 28 31 14 18 16 14 24 16 27 19 26 
23 18 29 21 22 27 14 26 22 23 23 11 30 24 27 19 24 21 30 34 
16 21 22 32 32 20 12 25 26 24 25 23 29 19 29 22 10 16 31 23 
28 11 33 18 24 25 12 34 35 18 29 28 36 24 18 18 18 30 27 25 
32 14 27 23 19 22 9 37 36 28 19 17 34 26 23 3 17 32 31 36 
24 12 30 14 33 19 16 29 35 14 36 23 25 22 12 28 22 20 33 18 
29 20 27 25 24 22 24 23 24 35 28 18 13 17 17 20 18 40 11 44 
31 15 38 26 17 28 15 17 32 34 14 25 18 22 20 33 16 13 21 33 
22 18 30 25 25 8 10 16 23 30 39 13 20 28 19 29 19 34 31 35 
11 9 13 21 13 22 16 20 25 25 34 17 29 19 20 20 23 34 26 24 
32 17 25 26 26 30 16 23 37 21 39 22 27 13 25 33 19 33 29 27 
39 13 17 30 28 35 16 25 10 35 31 18 12 25 20 28 21 21 19 31 
29 17 15 17 27 22 18 21 30 32 12 14 26 27 21 36 21 33 35 30 
34 16 24 25 21 35 24 19 30 27 34 27 26 12 18 40 11 35 29 43 
20 10 24 27 22 23 12 32 29 21 37 17 21 20 23 18 21 23 24 24 
21 12 24 25 18 19 17 34 31 23 13 20 29 17 31 27 15 23 44 37 
17 16 29 9 20 19 16 22 35 18 32 21 19 25 29 16 16 30 27 17 
24 18 24 18 17 18 13 27 45 35 20 18 18 19 25 38 37 28 33 25 
18 21 18 26 22 20 14 22 29 31 19 27 20 17 10 37 23 25 34 17 
32 21 34 29 23 18 14 16 34 28 24 26 25 20 21 20 19 27 31 30 
24 19 32 28 18 29 14 37 35 28 25 10 16 19 26 27 18 22 38 19 
29 15 35 19 21 18 9 26 29 19 22 17 17 19 18 27 21 28 14 18 
18 17 32 18 27 29 22 27 40 25 37 14 27 27 26 28 26 22 43 24 
27 11 32 34 25 15 18 23 34 36 17 20 22 19 10 37 17 8 38 19 
36 16 28 27 19 20 12 21 22 21 12 20 34 24 14 30 23 18 28 26 
26 18 30 19 25 16 18 39 29 24 34 18 12 25 19 19 7 22 20 38 
28 16 36 17 25 23 17 31 31 25 16 18 22 23 25 23 18 15 41 38 
33 15 28 9 24 20 11 29 19 17 43 16 23 20 32 28 15 27 26 25 
27 17 24 26 14 21 10 33 24 23 25 16 25 28 30 36 12 20 31 36 
22 20 31 13 15 23 15 25 21 22 32 16 26 28 23 37 19 38 23 37 
9 17 37 22 32 19 21 27 40 36 19 32 19 22 17 36 19 26 45 35 
37 20 37 28 28 31 14 29 35 29 23 16 19 18 29 22 26 31 18 29 
22 10 31 25 13 25 10 24 39 26 37 25 22 8 11 27 27 38 31 20 
21 9 30 15 15 25 7 18 26 14 27 21 20 17 24 28 15 35 39 24 
32 12 34 23 13 17 17 26 31 27 42 22 23 24 22 17 22 38 29 31 
23 16 28 19 24 20 21 21 21 30 18 31 20 17 24 32 25 37 40 30 
20 14 14 21 16 25 11 20 22 22 24 20 29 28 33 30 17 25 19 16 
21 21 22 23 23 20 18 22 35 25 23 21 17 27 22 30 21 32 25 27 
24 9 26 28 18 29 17 30 29 34 33 13 24 26 10 24 18 35 11 38 
33 14 22 30 25 18 19 22 18 29 25 19 18 16 16 30 8 17 30 16 
34 12 27 20 28 20 16 24 22 28 25 19 29 21 23 31 17 17 32 29 
31 19 16 38 29 15 16 31 26 29 17 21 26 20 10 35 16 25 20 31 
33 15 19 12 22 8 19 23 34 27 30 17 25 20 21 43 13 17 33 25 
18 10 34 23 6 24 14 13 28 18 29 23 27 25 20 38 19 24 29 33 
28 12 27 19 24 17 15 27 48 21 23 25 21 15 35 28 26 25 29 32 
19 17 30 16 32 17 18 20 5 35 37 24 19 16 16 42 18 25 37 40 
24 18 33 29 34 24 9 30 24 36 28 19 27 26 25 24 21 28 30 32 
30 22 16 14 39 29 15 27 11 21 26 15 30 25 19 16 16 5 9 23 
22 14 36 18 24 25 9 30 38 26 34 19 30 14 29 36 20 33 36 12 
33 19 24 12 28 5 16 32 45 15 37 10 26 27 21 32 22 24 28 51 
25 17 43 14 25 39 16 19 34 27 38 17 21 29 21 27 19 23 31 42 
33 19 27 24 20 33 6 33 30 25 26 23 21 18 17 29 14 24 38 31 
27 15 17 18 19 23 18 21 31 24 21 21 31 29 23 15 21 25 32 28 
36 13 30 26 19 21 19 19 22 30 26 12 20 16 31 41 16 17 32 43 
25 10 18 27 25 25 6 25 19 21 36 26 19 13 30 27 23 28 29 33 
30 12 17 22 23 30 7 35 32 42 4 16 24 16 24 43 17 17 40 31 
29 11 31 30 20 30 14 20 34 20 19 8 18 13 20 26 24 21 27 12 
33 13 36 26 21 23 15 32 37 30 27 28 17 21 15 40 23 12 24 30 
14 16 36 20 31 30 15 27 34 25 26 14 29 31 23 29 16 21 42 38 
16 16 29 32 20 21 8 40 22 27 34 21 17 14 20 38 22 22 37 34 
31 14 34 23 17 22 9 19 30 26 33 29 29 22 22 15 28 15 14 34 
28 22 19 13 33 12 13 24 25 17 37 14 26 31 24 32 15 37 28 30 
27 24 18 21 23 24 18 24 35 28 38 18 30 18 23 25 21 37 14 16 
25 13 19 22 26 33 14 28 36 23 39 18 23 17 31 41 16 31 37 22 
26 17 15 24 32 24 22 25 22 30 24 19 15 14 21 30 14 32 22 27 
19 19 15 17 28 24 15 30 25 35 25 17 13 14 26 19 16 32 39 31 
26 14 28 40 28 25 26 22 25 10 26 20 34 21 26 42 19 10 23 39 
23 14 26 28 23 33 18 40 26 11 36 23 26 22 24 22 18 25 31 37 
21 16 31 15 24 34 13 28 18 27 33 25 34 8 32 34 22 30 30 20 
30 15 26 18 22 29 18 26 36 16 8 26 25 17 22 16 15 30 32 29 
30 19 31 22 15 24 16 31 25 21 15 18 25 22 23 44 22 25 32 34 
23 15 35 21 29 19 4 14 32 46 30 16 31 19 19 31 17 19 19 46 
35 11 31 15 22 15 9 15 23 27 34 25 24 23 17 22 10 31 25 23 
23 18 15 22 23 20 13 30 39 21 26 17 11 24 31 24 15 36 32 41 
16 13 26 15 23 38 15 38 18 28 30 21 23 18 24 33 18 28 20 37 
21 17 24 21 31 25 19 20 30 31 29 14 23 25 17 29 22 19 31 40 
19 14 18 18 32 21 15 28 26 33 20 19 33 6 23 29 29 23 43 13 
24 15 17 16 19 28 17 41 29 32 26 19 14 17 25 12 20 18 21 26 
22 11 31 24 25 29 13 25 42 36 20 21 31 18 24 34 13 54 32 37 
24 12 14 21 25 19 22 17 28 17 23 14 22 12 22 32 32 20 30 35 
29 14 17 23 12 25 16 29 31 21 26 23 18 25 6 24 32 31 27 36 
33 18 32 22 30 28 7 21 12 32 18 19 12 25 18 24 20 27 28 22 
25 15 35 9 15 19 5 28 27 35 23 23 29 17 13 34 27 21 45 44 
14 17 36 20 20 19 13 34 32 29 31 29 22 30 35 36 26 17 40 32 
47 11 26 19 16 13 10 30 33 30 36 4 30 13 22 30 13 29 29 36 
29 13 25 10 20 13 16 33 29 33 26 15 26 27 18 34 17 34 22 15 
18 18 40 29 22 37 14 29 43 20 29 19 30 15 11 24 22 29 35 14 
23 16 34 20 30 21 20 22 26 36 40 16 20 18 16 15 24 21 20 30 
29 13 39 19 23 16 17 30 28 26 18 10 21 14 10 44 10 26 39 29 
29 22 30 18 21 20 19 25 30 31 25 18 24 18 29 54 23 25 28 36 
30 11 30 23 32 29 21 30 35 26 24 22 30 12 15 23 20 29 26 30 
29 11 22 26 28 27 17 21 32 28 28 17 20 24 17 31 11 14 23 16 
25 10 30 33 32 32 19 27 30 19 31 17 17 16 32 30 20 32 34 22 
26 13 30 20 13 40 14 26 16 25 29 17 15 18 12 34 20 32 32 29 
23 9 32 23 22 12 17 31 30 40 18 17 12 18 31 32 7 25 24 42 
19 21 33 27 20 25 16 26 35 13 30 27 21 27 18 24 24 34 27 30 
28 19 28 32 23 27 13 16 28 25 39 23 17 23 23 35 17 28 20 24 
35 15 35 15 24 19 20 32 25 27 8 24 15 16 25 30 26 36 20 22 
31 16 45 30 17 21 12 27 27 22 38 23 23 16 17 19 24 31 38 21 
24 10 27 20 21 24 18 24 41 20 28 30 24 16 21 21 25 36 41 31 
17 14 37 23 44 36 16 35 28 21 28 25 27 17 24 31 24 17 47 28 
32 15 25 23 20 11 15 29 12 17 29 25 21 18 19 32 26 44 19 43 
21 17 28 18 24 11 16 15 33 30 34 19 22 23 21 38 19 31 19 23 
31 16 27 21 20 21 22 34 28 31 26 13 25 9 17 47 24 29 8 40 
41 22 28 21 23 31 12 24 31 24 24 20 16 27 18 29 22 32 18 39 
12 14 29 15 12 32 17 31 15 21 25 26 33 13 27 7 34 27 28 35 
36 17 20 26 29 24 16 35 25 30 17 23 30 14 25 21 10 25 11 25 
25 14 24 28 37 6 12 18 34 37 22 13 25 21 16 30 19 39 37 22 
34 8 22 26 26 24 17 26 21 32 48 11 16 14 11 32 20 17 37 34 
44 23 25 23 10 25 14 16 16 26 36 23 20 11 26 31 14 37 31 25 
21 18 33 32 25 27 12 23 25 19 23 12 33 18 18 37 7 22 38 37 
26 15 30 31 16 29 18 25 32 29 20 23 29 27 11 18 24 19 23 22 
16 17 28 34 28 39 17 21 8 17 22 22 25 17 21 19 12 33 17 37 
32 20 28 13 29 21 17 21 13 19 17 13 27 20 16 28 26 16 33 32 
40 11 16 30 25 29 16 30 20 29 18 15 17 16 25 26 14 30 25 37 
30 12 29 28 22 15 16 33 31 28 39 25 19 22 16 25 21 25 35 35 
30 6 32 15 18 29 28 21 14 28 27 19 17 11 32 24 12 6 35 24 
34 21 21 23 17 8 11 21 41 19 23 14 30 21 20 14 23 18 28 31 
24 17 19 19 25 25 18 24 31 37 35 20 14 19 24 42 14 27 33 25 
18 6 31 26 22 25 13 15 18 17 19 20 30 14 33 33 17 21 24 17 
20 18 16 18 27 30 9 28 33 28 34 20 17 20 15 42 22 26 31 38 
33 20 31 14 20 13 18 18 14 20 40 22 16 15 21 22 19 27 21 19 
22 11 27 24 32 37 16 25 33 32 22 13 19 23 28 27 22 30 38 34 
23 15 24 15 19 29 16 32 27 30 30 11 16 23 16 25 16 30 25 20 
34 17 21 18 18 16 19 24 24 14 45 15 22 6 29 13 18 22 26 21 
25 7 28 19 21 28 16 25 32 20 20 17 17 22 27 31 29 28 27 41 
21 12 30 24 17 36 9 23 34 32 30 20 26 13 18 19 11 26 37 31 
23 18 20 29 28 20 9 15 43 25 23 18 29 21 23 26 14 21 27 32 
31 12 35 18 25 32 12 18 36 20 49 28 24 27 25 11 10 35 36 24 
26 14 21 23 27 12 18 26 30 23 21 24 21 22 29 20 19 27 38 35 
29 13 25 30 17 22 20 22 21 9 31 19 25 22 22 20 21 30 29 24 
19 15 36 10 20 17 15 18 20 35 33 24 16 15 23 12 16 26 39 33 
24 19 21 19 24 14 22 15 29 17 24 27 19 25 28 21 9 27 36 24 
15 15 33 21 19 14 12 24 32 26 15 11 37 5 22 26 22 24 13 41 
18 15 27 18 29 16 13 30 39 29 25 26 15 20 12 21 31 19 28 32 
16 18 23 16 19 33 14 16 47 31 39 16 23 21 12 19 13 34 28 39 
18 19 22 23 18 31 14 30 24 20 22 19 23 24 9 22 25 23 29 29 
30 10 30 27 19 35 13 29 30 26 34 17 21 14 13 29 26 25 29 37 
25 7 24 16 19 17 17 24 29 34 15 14 17 15 24 32 18 25 39 26 
14 18 19 25 12 24 14 27 35 14 4 23 29 14 21 25 30 25 24 29 
29 7 25 27 20 22 9 24 35 32 22 14 31 16 14 16 27 24 39 32 
16 17 20 34 21 29 14 19 30 18 37 10 15 15 27 18 13 15 26 30 
27 17 21 32 24 36 14 22 42 25 30 21 20 25 19 22 25 35 33 22 
23 20 27 24 21 21 16 35 23 26 23 9 15 17 16 33 17 28 44 23 
30 12 35 23 18 17 19 18 40 33 25 17 19 14 30 32 26 42 21 27 
27 15 21 24 27 22 13 17 29 38 30 13 24 16 21 46 19 27 25 21 
25 15 21 12 29 25 12 35 27 29 33 22 22 24 21 12 24 38 35 43 
25 18 30 15 16 19 15 20 39 17 42 18 24 24 25 30 32 24 22 31 
34 19 24 20 24 19 20 37 15 10 36 10 28 17 17 31 21 23 38 30 
22 16 35 34 21 23 13 38 35 25 35 20 17 23 20 31 31 24 33 41 
36 16 19 31 25 23 17 30 16 14 30 22 20 20 25 16 24 25 35 26 
15 11 39 23 23 36 23 26 23 21 20 21 22 19 28 31 13 30 36 29 
33 10 25 26 24 19 19 29 21 30 22 19 20 25 7 40 24 20 31 29 
26 9 25 17 27 25 17 18 29 32 28 16 25 27 17 21 24 27 19 39 
37 20 23 25 19 28 16 31 31 23 17 14 27 15 20 22 30 35 28 28 
30 16 28 17 27 28 16 34 29 29 38 11 22 13 21 10 28 31 34 20 
17 15 30 21 19 17 10 22 42 17 16 18 26 19 22 36 21 22 20 18 
30 18 26 20 13 21 9 20 35 21 11 18 21 17 25 19 15 32 26 32 
11 14 34 31 21 32 17 25 37 34 34 24 16 29 15 35 16 25 5 23 
31 17 19 33 29 16 11 28 39 23 28 20 21 20 17 24 10 36 25 21 
23 16 28 18 18 16 14 19 18 44 31 25 26 16 17 33 26 23 41 37 
29 12 32 25 24 24 11 18 35 24 27 25 17 11 17 13 22 23 26 45 
27 15 34 23 27 31 19 30 14 28 26 23 30 26 20 23 11 20 26 21 
31 11 26 16 24 32 17 24 25 13 28 19 30 28 19 39 18 15 28 39 
31 5 26 28 24 31 13 19 30 30 21 23 25 24 26 36 24 43 26 40 
44 14 22 18 25 23 16 21 33 24 29 20 18 11 39 34 15 20 37 39 
20 16 27 27 18 20 17 22 37 24 31 14 18 28 21 36 16 20 31 38 
27 10 23 30 21 15 14 27 24 22 36 25 20 14 32 20 11 31 24 38 
22 10 27 20 25 21 16 28 32 26 36 24 21 22 16 29 28 18 30 41 
21 17 21 27 13 24 11 21 32 29 34 19 22 22 28 16 31 33 28 39 
34 15 38 27 18 33 12 32 42 37 31 23 19 18 27 28 12 24 22 33 
26 10 38 19 20 14 15 18 48 19 31 20 15 27 22 18 20 37 38 5 
37 15 29 18 9 12 14 19 20 19 34 13 24 26 29 33 13 30 26 19 
10 15 36 9 23 25 19 28 32 19 27 23 28 20 30 29 20 29 31 24 
29 9 18 11 15 14 20 24 46 25 21 25 35 27 22 27 28 23 32 34 
27 10 32 14 31 21 13 24 20 39 31 20 17 24 20 19 22 41 39 31 
31 12 32 18 23 10 15 23 31 45 36 22 15 25 19 23 23 33 22 30 
22 19 34 24 12 29 18 19 17 34 27 18 31 15 34 28 18 12 24 25 
27 13 22 18 21 23 17 26 29 25 20 20 21 25 27 31 24 26 17 24 
27 14 24 38 21 30 14 25 27 24 13 16 12 4 22 28 19 24 32 33 
25 20 21 19 28 17 16 29 17 28 33 16 23 21 20 18 31 19 56 26 
36 20 19 11 20 26 12 29 37 14 28 27 22 19 24 15 30 18 34 18 
25 17 28 17 26 20 14 11 34 34 28 17 25 28 21 26 23 25 26 24 
8 16 18 15 26 18 14 11 36 19 28 16 17 22 30 29 25 19 28 18 
20 10 31 28 21 32 20 23 20 23 21 22 18 19 20 28 19 26 27 26 
35 16 17 20 20 24 15 31 36 18 31 21 22 28 17 19 18 30 32 33 
36 18 21 39 28 26 12 22 10 16 30 23 11 13 24 26 17 27 27 41 
35 21 14 21 32 27 14 24 28 39 29 17 16 22 17 21 12 22 36 24 
30 9 26 22 29 22 13 16 22 23 29 28 23 22 22 39 12 16 37 14 
25 17 33 27 23 23 22 25 28 30 32 15 22 23 24 31 11 40 40 29 
21 10 32 24 12 30 14 35 42 33 26 22 29 17 24 24 24 34 6 35 
34 17 31 22 19 19 12 25 30 36 34 22 30 16 26 28 27 31 9 29 
32 17 21 28 27 6 19 15 38 29 19 21 21 24 21 34 17 36 21 26 
26 10 30 24 22 25 17 24 26 35 44 17 23 13 16 31 11 15 28 20 
22 21 30 16 27 28 19 27 35 32 26 15 20 26 23 27 19 43 23 40 
12 13 16 24 24 24 13 18 25 39 24 19 22 30 14 24 25 34 27 36 
30 15 34 22 17 18 11 21 25 22 25 28 29 19 30 21 22 30 30 36 
27 16 21 24 35 32 18 29 22 9 26 15 14 21 18 29 19 31 28 30 
24 17 22 23 16 20 15 25 37 30 23 20 20 25 23 36 22 37 21 18 
29 14 23 24 30 24 12 20 32 15 25 23 22 18 16 33 23 26 13 37 
33 21 24 19 24 27 15 28 31 36 25 23 23 19 19 32 24 23 21 37 
24 16 26 32 24 16 16 17 28 29 44 17 16 30 31 22 27 23 27 31 
25 14 35 23 26 32 12 29 37 33 21 22 35 20 19 37 14 11 21 29 
14 16 33 29 22 19 17 29 42 41 12 11 26 24 27 30 13 24 20 34 
33 14 28 9 25 26 20 21 31 29 37 18 22 17 35 37 18 31 26 32 
29 9 20 26 19 25 14 23 43 33 40 22 29 14 19 22 33 31 37 34 
31 21 17 21 17 27 14 27 12 35 20 5 25 17 26 35 24 26 29 26 
31 17 33 31 17 24 20 35 29 34 17 21 30 16 19 36 25 24 30 39 
21 19 15 13 25 30 17 18 16 21 29 22 12 24 36 15 24 36 18 33 
28 14 40 21 30 30 12 19 33 34 13 11 28 30 22 30 29 17 41 22 
38 15 32 17 20 21 14 16 31 20 32 20 11 27 22 24 29 23 29 39 
31 15 28 10 17 10 8 25 43 21 33 29 19 23 21 27 14 35 28 28 
26 19 34 20 24 21 17 9 20 26 27 26 25 19 17 22 10 34 13 34 
37 16 23 23 24 32 15 24 22 13 45 25 15 29 18 19 29 27 28 35 
16 19 17 11 24 12 17 25 39 24 23 14 19 14 23 24 27 30 17 29 
25 17 44 25 26 15 10 20 31 39 29 16 28 22 22 26 13 31 34 38 
24 8 33 20 28 24 16 33 28 25 10 16 19 17 15 19 21 21 37 27 
35 11 31 28 24 39 14 25 32 13 24 6 21 31 24 26 24 27 38 15 
30 14 32 28 14 38 15 28 34 37 24 23 26 7 17 34 20 20 21 35 
36 13 21 21 23 18 11 11 33 20 16 12 21 15 25 42 23 33 27 36 
23 12 30 14 20 29 9 30 13 16 21 17 25 11 36 21 28 22 22 27 
34 15 29 17 20 30 23 17 35 38 28 18 27 18 25 37 25 28 39 22 
27 18 11 21 22 41 15 14 40 20 31 19 24 18 16 27 25 27 18 22 
12 9 21 31 26 38 15 25 35 24 11 17 29 23 32 31 23 29 35 19 
20 15 34 25 28 22 16 16 23 18 19 20 21 15 29 25 21 31 31 17 
26 17 21 26 21 33 18 38 30 20 24 18 38 27 22 27 17 30 21 25 
23 13 21 13 26 26 18 19 13 10 16 14 22 14 29 19 19 34 19 18 
17 9 29 20 28 13 19 20 43 32 43 24 31 21 27 40 21 35 23 31 
34 9 26 27 23 10 13 35 37 29 19 18 26 14 23 24 18 15 26 37 
14 29 36 23 26 22 12 25 31 25 22 14 27 28 19 28 17 28 18 30 
14 11 28 27 21 25 18 28 35 18 24 23 33 21 12 19 23 22 18 32 
28 14 34 14 18 27 11 17 27 20 31 14 27 29 27 23 13 31 36 33 
17 20 30 14 30 33 17 22 17 28 11 19 28 25 27 28 23 25 33 24 
7 14 23 24 27 21 19 24 28 18 22 19 24 23 12 34 13 27 35 42 
25 21 30 19 28 26 12 23 34 19 23 19 26 24 27 38 16 19 28 21 
30 15 23 24 24 18 10 22 42 32 32 11 28 32 26 23 16 24 35 28 
32 13 28 21 24 31 19 23 27 28 20 10 29 19 25 19 13 19 19 40 
20 13 34 19 30 36 16 27 28 28 28 15 24 27 11 29 23 24 21 29 
36 13 18 29 25 21 18 20 18 20 13 15 30 15 23 34 23 19 21 43 
36 18 30 15 19 33 19 23 44 34 13 16 28 32 21 20 13 19 31 39 
34 15 24 18 14 20 20 38 26 32 42 22 29 28 16 27 29 35 33 38 
36 12 24 30 33 29 22 22 30 25 37 26 21 19 13 34 21 25 16 27 
23 19 20 20 20 22 17 20 32 23 27 21 32 19 23 27 24 35 27 38 
20 15 33 20 29 29 9 18 35 30 25 21 21 20 18 27 23 27 39 31 
20 18 25 14 31 19 16 30 29 26 17 15 29 23 24 31 22 29 38 31 
24 20 22 25 15 24 20 24 33 23 13 16 18 29 10 36 9 25 28 42 
11 16 25 28 24 13 17 26 22 30 24 16 23 17 22 27 19 23 29 26 
23 12 23 24 22 20 9 26 24 32 27 20 16 25 32 18 26 29 21 15 
24 17 22 26 17 26 19 22 35 21 23 17 15 26 28 22 25 18 29 41 
41 13 21 26 30 27 12 7 27 32 28 9 25 11 18 36 26 15 37 24 
19 14 27 21 23 32 18 25 34 37 27 27 23 29 26 21 28 21 25 29 
23 14 27 17 21 39 10 34 32 29 17 13 25 18 24 41 18 26 29 31 
26 15 29 31 28 32 12 30 26 26 15 15 28 25 36 36 23 18 32 30 
23 9 30 25 19 31 16 36 40 32 34 16 14 18 23 16 15 28 26 23 
25 20 31 31 17 15 17 28 11 28 18 26 21 25 18 22 23 21 30 34 
29 18 32 10 14 18 15 29 27 27 39 11 16 18 11 34 20 17 33 39 
19 13 36 25 19 11 16 18 22 24 24 17 17 25 27 34 22 25 30 17 
20 11 32 23 18 11 10 17 35 24 37 23 31 13 10 31 28 16 18 14 
22 21 31 18 17 15 16 25 30 31 32 16 22 8 19 12 27 32 35 35 
24 15 35 20 16 15 15 13 33 16 26 17 25 14 20 26 26 24 29 26 
20 11 31 24 16 12 12 27 21 29 15 15 8 15 22 29 18 32 19 35 
32 24 31 10 24 25 17 30 52 17 29 22 19 14 28 25 18 28 16 36 
42 8 26 16 27 24 15 22 38 27 31 15 25 25 29 23 19 15 34 30 
23 11 27 24 19 23 13 23 20 20 21 11 32 20 25 12 26 40 25 22 
31 14 30 13 11 21 15 36 40 14 30 7 27 20 29 37 29 24 38 27 
27 19 28 14 28 20 14 23 40 31 22 20 19 18 17 37 13 38 17 31 
15 9 16 20 23 24 7 29 45 28 24 16 17 7 31 18 27 22 28 34 
32 18 24 26 24 25 14 18 11 26 35 16 23 18 21 32 24 41 25 23 
20 12 41 18 16 33 17 25 15 27 19 29 22 29 34 20 19 26 26 13 
22 21 27 23 31 17 12 18 20 30 27 15 7 24 18 11 22 31 29 23 
23 21 31 25 39 34 15 29 35 25 37 13 17 17 32 28 19 32 43 33 
15 16 50 15 22 15 23 25 27 14 17 22 21 25 30 31 22 14 34 38 
20 16 26 25 29 19 22 25 19 41 18 21 28 20 10 42 20 17 29 19 
32 17 22 15 21 24 11 33 38 25 25 16 29 29 24 22 26 31 24 33 
26 12 35 18 20 27 13 31 36 19 35 24 19 21 15 37 23 19 24 29 
20 12 20 22 24 23 12 17 33 31 20 16 20 27 25 22 24 27 32 23 
31 17 30 16 19 26 17 28 35 13 21 20 19 15 19 21 14 43 34 29 
27 13 34 19 29 23 13 24 13 25 40 14 21 19 15 22 26 37 43 23 
21 17 28 21 29 20 14 16 18 19 12 17 27 12 29 37 10 20 31 29 
14 9 28 23 25 18 13 17 42 34 36 22 16 23 18 23 15 18 20 15 
27 16 28 15 34 18 19 34 19 30 15 16 24 23 25 26 23 30 22 25 
13 12 28 16 32 18 18 21 20 27 16 21 26 11 25 24 23 16 27 20 
40 10 25 22 28 27 10 31 26 24 21 15 1 30 29 22 16 36 28 16 
25 19 22 19 30 25 19 13 22 41 28 14 25 29 30 29 19 33 17 30 
41 18 27 25 24 19 22 22 33 17 25 20 29 14 7 34 17 31 31 20 
39 15 25 27 24 33 17 19 40 17 18 22 29 20 24 26 32 12 26 30 
13 14 27 18 21 15 16 26 6 29 11 16 15 17 27 20 20 37 31 36 
27 23 36 21 25 25 18 25 17 33 42 20 14 29 12 21 19 35 36 38 
15 10 31 40 19 16 21 33 43 20 33 24 32 21 24 49 22 22 32 22 
28 19 28 13 25 25 17 16 13 17 24 12 23 25 12 38 27 31 21 17 
21 10 31 30 28 22 15 19 34 35 14 26 19 20 17 19 23 18 20 35 
26 20 30 19 27 24 7 33 51 21 34 15 9 24 22 7 26 41 14 24 
18 8 25 26 19 39 13 29 40 34 29 23 26 17 33 31 14 31 37 32 
19 15 23 7 24 18 13 30 24 24 31 25 19 18 11 21 20 34 40 37 
39 12 28 28 30 26 14 33 37 27 35 12 20 29 23 26 11 23 45 36 
30 14 26 12 23 23 14 20 21 24 41 27 20 12 19 16 17 28 19 24 
37 9 18 39 25 21 13 20 33 31 24 18 30 32 23 30 28 27 40 7 
19 15 23 7 30 21 14 16 23 29 23 24 21 22 23 22 17 21 35 39 
23 17 23 26 29 17 8 26 35 19 23 21 29 31 17 30 11 43 34 21 
25 12 26 24 21 34 16 19 38 27 29 10 18 24 29 31 19 25 32 20 
28 17 35 28 23 24 9 24 22 24 18 28 19 20 13 48 16 34 28 22 
27 12 26 27 24 20 16 23 44 24 24 28 27 20 21 37 27 27 27 37 
31 10 10 24 24 26 17 18 28 24 34 27 24 19 21 40 15 27 31 31 
16 17 34 23 17 36 15 10 28 37 32 17 24 22 19 28 20 19 34 28 
25 13 41 7 12 23 14 20 15 23 31 28 28 24 13 31 17 24 33 34 
27 22 26 30 16 31 14 23 42 28 34 18 16 20 20 37 24 24 23 34 
18 11 22 22 22 28 17 25 27 19 24 20 27 18 26 37 19 26 50 27 
33 15 21 24 23 8 16 14 35 33 35 19 24 28 25 38 31 31 12 26 
26 18 29 18 30 24 13 37 24 30 40 22 15 22 18 45 12 42 20 17 
20 13 19 25 6 22 18 17 59 29 35 18 19 18 23 30 23 32 26 26 
30 18 32 25 28 21 20 28 24 39 38 18 30 25 21 27 21 26 28 27 
18 10 31 24 29 3 10 23 30 16 17 24 19 18 19 20 11 25 16 11 
17 21 29 11 15 22 15 15 36 22 32 29 37 20 21 24 29 29 30 34 
26 16 31 10 25 16 14 32 24 31 35 20 19 12 27 35 14 40 17 25 
32 20 25 27 25 22 13 7 30 36 27 21 28 26 23 29 24 22 23 16 
19 17 15 25 26 33 9 18 28 23 29 14 27 28 26 31 21 38 21 29 

MachineCapacities:
MachineID Capacity
0 10
1 10
