NumTasks NumMachines NumScenarios
10 2 1000
TaskDetails:
TaskID ReleaseTime ResourceConsumption SuccessorsCount Successors...
0 0 5 10 2 1 3 
1 0 5 7 1 2 
2 0 4 5 1 4 
3 0 8 7 0 
4 0 5 8 0 
5 0 4 4 1 8 
6 0 8 6 1 7 
7 0 9 9 1 8 
8 0 5 2 1 9 
9 0 6 2 0 

25 14 30 30 37 23 28 19 18 14 23 21 18 28 30 19 13 21 11 18 
30 18 21 20 23 19 32 15 26 25 20 16 24 27 28 15 9 13 16 9 
41 20 26 31 24 21 37 16 17 20 19 15 21 28 13 28 20 19 18 14 
36 31 29 18 22 21 9 22 17 30 27 24 20 34 29 16 18 16 17 31 
39 30 20 32 39 15 14 23 16 29 16 19 18 31 28 16 17 20 23 10 
13 23 20 24 27 19 23 20 29 29 12 25 22 20 26 23 19 18 12 25 
29 22 21 21 35 16 12 24 25 31 20 22 24 36 22 22 8 21 15 16 
47 22 16 26 20 25 22 10 24 20 26 24 11 44 23 19 17 10 14 19 
26 17 15 15 35 18 20 6 24 23 31 16 19 19 40 20 11 13 16 21 
35 27 13 22 35 22 17 18 31 32 25 13 24 14 22 11 17 17 15 20 
40 29 20 21 33 17 24 28 34 24 11 15 12 26 30 12 20 21 14 17 
21 26 29 22 33 16 31 16 29 19 24 22 25 22 34 20 19 15 17 26 
34 27 28 14 15 18 26 26 19 16 28 23 19 14 14 20 14 15 18 23 
13 33 16 23 49 13 18 17 21 15 42 14 20 25 12 37 19 23 16 12 
37 16 25 18 31 15 25 12 32 17 32 16 17 31 35 26 16 18 23 13 
31 20 34 17 37 3 33 12 40 20 18 14 23 39 12 32 16 14 22 15 
38 39 36 23 47 18 21 28 27 26 19 4 22 26 29 12 14 29 22 16 
39 17 34 27 21 21 25 16 40 30 29 13 12 23 21 23 15 21 19 20 
24 19 20 15 41 26 27 22 28 26 28 12 20 29 30 20 15 7 13 18 
35 29 34 17 39 7 22 26 16 18 38 11 8 22 32 17 16 20 18 17 
17 23 16 35 33 20 19 12 19 32 31 21 18 23 26 22 17 21 16 19 
22 17 24 18 31 22 28 16 26 18 26 11 19 46 26 27 11 18 16 21 
25 20 12 36 32 14 28 19 24 26 18 10 10 44 17 21 18 24 16 20 
44 24 42 17 34 10 20 16 18 38 26 22 15 40 32 27 11 27 13 15 
36 34 15 12 18 15 26 19 32 37 28 18 17 27 27 31 18 21 20 10 
28 27 26 18 33 16 14 20 44 11 21 19 20 20 20 26 12 25 14 28 
20 25 37 24 37 10 26 15 27 26 29 17 15 23 30 26 15 22 15 24 
32 28 39 11 40 11 25 19 41 31 20 13 13 20 22 20 18 14 12 18 
28 17 8 24 31 14 27 21 32 16 25 19 21 41 18 24 17 22 19 25 
38 28 22 27 20 36 19 19 27 23 24 16 9 35 22 23 14 23 16 15 
46 21 10 29 17 23 26 18 23 25 35 19 18 16 33 23 16 18 18 13 
17 23 31 20 9 28 19 23 27 28 21 21 22 39 30 28 23 18 15 11 
33 13 25 21 32 17 23 13 25 29 37 12 24 31 29 25 20 16 12 20 
27 18 25 15 23 19 17 20 25 22 38 13 10 14 21 23 12 21 18 16 
33 16 20 20 29 12 18 19 29 6 36 20 15 30 35 25 10 28 16 24 
12 30 33 22 24 13 23 16 14 36 32 26 17 32 25 15 13 32 11 16 
24 20 26 15 28 8 35 20 19 28 23 19 18 15 39 19 16 10 13 24 
25 24 21 19 24 17 31 21 10 25 30 15 16 40 34 29 21 22 9 19 
33 21 27 22 22 26 17 28 18 30 24 17 17 38 25 11 12 16 16 19 
35 28 23 21 27 21 19 25 20 32 27 20 10 21 31 22 14 26 17 18 
37 26 16 30 30 20 25 23 33 20 18 15 29 25 19 22 14 19 18 14 
36 18 29 20 35 19 22 18 27 23 32 17 19 32 32 22 10 9 11 23 
21 23 19 15 29 18 30 33 22 29 21 12 20 36 23 20 15 22 15 23 
31 28 24 23 29 20 27 27 23 15 33 16 19 36 21 30 13 22 10 20 
33 23 21 25 30 22 23 16 33 25 26 11 21 30 14 20 15 19 15 22 
20 25 16 14 15 11 32 25 33 8 24 15 16 28 25 15 21 13 8 24 
24 30 23 29 37 14 29 18 25 20 32 8 22 22 28 22 10 24 12 26 
15 18 30 14 31 18 26 12 31 19 22 15 21 17 22 19 12 19 21 18 
22 13 26 15 26 8 26 16 24 36 26 18 14 28 31 39 18 23 11 20 
37 21 23 24 31 17 9 6 30 27 23 21 14 26 31 24 10 21 19 19 
20 12 22 17 25 22 13 21 27 27 19 22 10 9 33 17 13 27 9 24 
46 24 16 10 23 15 19 21 31 7 17 19 15 28 25 27 17 26 18 17 
34 21 27 22 32 22 13 14 31 28 21 19 12 32 37 17 15 18 15 23 
36 33 36 25 25 14 31 24 18 27 15 17 11 25 25 11 19 22 12 19 
23 28 34 24 27 15 20 20 18 23 22 18 19 16 34 29 19 22 14 18 
10 24 28 26 36 22 33 18 27 13 24 11 16 37 34 13 18 26 26 18 
20 25 11 19 38 23 22 11 30 27 34 16 8 25 25 25 11 23 16 19 
37 25 16 25 20 10 25 19 27 12 24 19 17 26 29 34 13 15 14 21 
32 22 26 23 21 21 34 22 21 35 27 19 17 35 25 33 10 12 11 26 
24 26 25 19 31 17 32 12 17 29 23 12 16 42 22 32 18 17 14 19 
34 29 39 18 27 18 36 24 16 25 26 21 10 23 20 20 9 16 19 15 
24 24 7 30 37 21 23 29 22 40 26 14 17 24 40 26 10 12 14 17 
47 21 25 22 29 25 20 21 21 19 37 10 19 31 11 20 15 26 18 19 
22 23 25 20 33 19 25 10 33 36 28 21 17 10 23 27 21 24 17 22 
34 28 23 21 32 13 28 27 30 26 15 11 14 23 21 27 16 25 11 22 
25 30 17 21 33 12 27 16 29 18 20 14 13 17 28 25 12 21 15 19 
8 28 19 29 21 6 42 13 31 18 23 15 13 27 38 23 23 14 19 22 
48 16 19 16 27 16 23 22 34 6 25 19 17 33 24 31 19 14 15 16 
30 26 19 23 33 17 23 21 29 18 22 19 13 34 38 22 7 17 19 25 
20 23 17 27 26 21 24 16 33 23 21 23 18 25 26 20 17 18 20 13 
37 25 40 15 18 22 27 19 25 36 25 19 21 24 22 20 19 30 13 15 
29 32 21 27 37 10 27 31 25 20 32 13 10 35 38 18 17 23 24 12 
25 34 35 22 15 18 31 19 24 17 22 24 17 27 26 22 11 22 17 8 
43 29 28 20 33 17 31 8 35 34 27 16 11 22 35 22 8 24 20 16 
34 27 24 26 20 9 24 11 16 33 28 14 16 28 25 19 18 29 14 25 
20 21 19 19 15 8 18 28 25 34 25 14 11 35 34 22 13 32 14 24 
39 26 35 23 17 10 25 12 25 19 16 22 19 28 28 15 8 20 9 19 
9 20 29 22 29 16 28 14 27 14 16 15 17 21 28 23 11 24 23 15 
38 18 24 16 27 14 27 15 21 17 30 12 10 41 36 31 12 18 10 16 
31 24 21 16 25 6 16 18 28 17 19 22 15 21 16 19 15 20 12 19 
31 18 20 25 31 20 32 6 25 35 20 21 11 31 18 11 13 18 15 27 
38 28 19 32 32 15 32 18 32 24 15 17 10 24 23 21 20 17 18 8 
15 21 19 19 40 15 22 19 20 28 31 17 24 30 35 30 11 15 16 19 
31 20 21 20 24 24 24 19 19 26 22 14 19 27 34 16 13 27 13 8 
34 15 22 20 27 16 18 29 22 16 23 17 18 20 38 18 14 25 17 16 
20 25 27 13 27 16 26 16 36 23 26 20 13 28 34 25 7 22 7 13 
21 15 22 24 46 19 35 6 36 15 27 19 14 36 17 28 16 24 15 17 
24 16 26 29 27 16 17 21 35 24 24 30 18 25 41 24 22 19 20 18 
33 9 32 27 29 22 26 14 45 21 31 29 26 27 32 20 9 19 14 16 
32 34 12 33 44 16 10 12 28 20 37 16 19 26 29 21 11 17 15 15 
42 18 33 24 20 19 16 35 36 22 19 16 13 34 17 21 16 15 16 20 
34 14 31 22 31 7 28 24 34 24 28 24 16 25 25 30 23 15 13 25 
18 20 21 17 20 20 30 13 19 28 29 20 11 25 25 23 20 13 19 25 
13 19 36 30 31 18 25 17 15 30 13 12 17 25 9 24 24 16 21 29 
36 34 26 16 10 20 22 18 29 28 36 22 20 24 16 17 15 24 10 19 
24 15 22 19 32 5 30 26 24 19 18 24 21 35 22 32 16 28 15 17 
36 21 26 22 22 9 23 28 22 30 13 10 16 32 20 18 22 16 10 12 
29 26 28 23 27 25 19 18 27 24 22 24 20 33 26 39 11 17 17 27 
30 15 17 17 29 14 20 15 29 19 23 8 21 26 29 21 7 7 7 24 
29 26 22 17 39 18 7 10 22 18 31 16 16 21 33 15 14 16 20 21 
38 22 20 21 19 20 24 20 36 24 25 14 7 28 17 23 14 10 11 20 
21 20 25 31 42 18 16 24 15 24 26 19 23 29 38 17 12 21 10 18 
22 27 18 18 15 15 17 21 15 27 24 26 15 24 36 28 11 29 17 16 
30 24 17 25 28 16 21 21 28 12 27 13 17 28 29 29 17 23 17 17 
30 7 24 30 29 16 17 17 30 32 12 23 16 32 14 18 21 19 18 20 
25 23 15 23 18 15 24 23 19 21 37 14 18 38 30 19 16 17 19 25 
21 23 31 19 19 17 32 20 23 27 35 19 6 22 29 19 21 19 11 20 
35 25 17 27 45 19 18 18 17 20 27 17 17 18 16 23 16 23 16 20 
23 17 4 33 26 19 28 14 22 28 25 11 22 41 16 23 14 23 15 12 
18 16 22 20 17 12 26 19 22 32 29 22 21 27 35 29 13 28 14 21 
19 28 35 32 32 15 25 25 21 33 16 12 12 29 16 17 23 24 8 21 
36 22 16 4 27 27 17 21 25 25 38 13 20 22 27 11 16 15 17 16 
41 25 17 19 17 24 22 25 29 20 18 18 12 26 30 20 8 15 16 25 
33 22 30 23 15 16 28 19 26 28 27 11 12 29 35 27 17 16 16 16 
33 29 30 17 29 29 31 22 23 24 30 16 19 26 17 23 21 18 7 27 
28 28 27 27 35 20 22 25 26 25 23 27 25 21 22 18 15 24 14 13 
34 17 23 28 35 11 36 21 23 28 22 18 13 23 33 22 21 9 27 21 
25 26 26 26 25 24 13 17 30 21 21 17 17 27 19 22 17 27 12 19 
32 24 6 17 31 16 33 13 27 21 19 28 27 52 22 21 17 20 19 15 
44 25 21 17 27 19 23 17 35 32 36 15 21 27 22 36 8 31 28 10 
26 30 10 20 38 15 22 27 23 21 27 25 19 28 36 26 5 24 12 14 
20 14 14 23 27 29 19 17 26 26 26 17 20 23 25 27 20 22 15 13 
6 21 31 15 26 18 28 27 30 26 31 21 16 36 19 24 19 21 15 17 
32 26 23 19 37 18 25 17 28 38 20 10 11 22 17 23 12 21 13 16 
32 21 25 13 37 22 15 16 37 16 16 15 17 21 24 27 18 26 13 22 
17 22 19 41 35 20 23 18 23 24 30 15 21 28 27 13 18 16 10 10 
26 18 20 18 41 21 15 25 14 34 31 22 18 22 25 15 23 38 19 27 
32 25 25 22 22 6 33 17 27 17 17 10 15 24 44 25 20 6 16 17 
29 26 11 16 44 22 16 12 32 29 30 23 15 23 29 25 15 23 11 14 
18 30 29 17 19 23 25 26 25 29 25 16 15 43 15 16 13 19 12 15 
27 28 18 34 24 27 29 22 38 24 20 18 11 24 32 29 18 7 14 16 
7 25 27 21 25 17 9 18 29 21 21 18 25 25 17 21 10 25 14 18 
33 25 42 29 20 17 27 31 35 26 28 20 21 25 32 33 22 13 16 20 
25 16 35 19 20 18 28 9 32 28 23 21 12 20 29 17 19 20 12 24 
37 20 22 19 22 15 30 19 30 25 32 12 19 27 37 29 20 10 15 11 
33 27 35 21 30 23 19 26 16 22 25 20 18 18 38 35 19 18 9 17 
23 20 25 24 42 20 29 30 25 19 35 13 11 17 27 17 10 21 15 26 
35 24 34 22 30 17 24 15 34 19 11 17 16 31 29 21 18 25 17 10 
23 15 24 23 29 16 25 20 20 26 24 6 21 5 22 23 14 20 14 13 
24 27 21 26 29 15 25 26 24 27 28 16 14 26 26 26 24 22 19 15 
31 37 12 24 36 18 24 11 28 35 26 14 21 36 42 29 16 19 15 11 
26 26 20 12 29 15 25 25 32 33 18 18 22 16 36 22 15 19 13 13 
37 18 25 22 38 13 25 22 25 14 18 12 11 31 24 25 16 17 25 16 
43 24 29 26 33 5 29 23 30 17 25 18 22 33 37 24 12 26 12 18 
28 23 28 20 9 25 14 33 21 16 17 18 20 34 30 24 10 20 15 17 
33 19 17 22 42 15 19 14 29 18 18 16 11 37 27 30 19 21 11 21 
21 16 41 24 31 18 20 12 24 27 29 18 16 39 26 16 13 16 20 21 
27 16 25 26 24 18 28 18 23 18 27 23 15 25 33 25 21 27 9 26 
27 25 12 12 28 11 17 21 24 16 29 16 22 26 35 34 17 19 8 17 
22 14 15 27 32 18 17 21 20 17 30 18 18 18 29 23 9 18 14 21 
29 21 25 17 31 21 19 26 17 32 35 25 32 24 32 22 15 19 19 6 
26 8 26 15 33 18 20 30 25 17 25 16 14 34 32 33 18 21 14 23 
40 18 23 16 43 22 22 17 21 27 14 17 18 26 37 21 13 18 16 18 
23 17 16 26 36 18 25 16 29 24 29 18 13 23 26 28 19 16 11 16 
27 33 13 30 24 25 23 19 29 17 28 17 16 32 24 26 16 17 19 19 
36 18 25 19 31 13 33 18 39 33 24 15 27 47 26 23 15 27 13 19 
24 24 36 18 43 11 21 31 24 33 26 17 23 32 18 21 17 21 13 26 
39 18 26 21 20 18 24 15 28 21 34 6 18 19 37 20 15 19 8 21 
32 29 22 13 30 11 18 28 34 14 18 18 24 42 27 21 13 26 21 8 
34 23 17 23 13 22 23 26 34 25 23 14 22 25 13 32 20 13 11 26 
16 21 27 21 28 14 24 16 17 28 26 23 17 26 18 18 5 22 13 28 
34 18 27 29 26 15 30 26 30 17 25 25 16 29 24 24 21 17 15 25 
39 19 8 26 30 31 25 30 28 23 21 21 20 18 26 22 12 19 17 12 
24 25 19 21 32 19 23 2 19 43 26 10 16 22 34 24 14 14 17 20 
23 25 25 23 19 26 12 32 32 17 18 15 19 23 21 20 17 19 14 18 
37 35 18 22 29 7 28 18 29 31 38 27 12 33 23 14 16 33 23 17 
16 26 24 30 32 13 17 19 29 17 17 25 22 37 33 18 10 18 19 19 
18 19 27 22 43 17 20 13 18 22 23 13 20 37 29 23 18 15 24 18 
22 31 31 13 32 24 13 21 29 30 31 14 22 24 27 15 9 12 16 23 
24 30 42 15 39 21 20 19 22 29 32 21 15 35 34 16 10 17 15 13 
38 40 18 22 31 16 27 29 26 26 21 16 15 40 32 20 12 28 11 17 
22 20 23 14 34 25 29 24 40 18 33 17 16 34 23 23 16 20 25 24 
27 24 14 27 45 22 23 12 45 19 23 14 13 29 16 33 17 26 15 17 
33 17 34 9 24 15 16 16 33 28 28 20 19 36 30 25 16 25 13 24 
36 15 29 12 25 16 29 22 30 19 12 15 19 23 22 16 11 27 16 17 
35 16 21 26 28 6 15 29 36 24 28 19 15 36 29 35 13 15 20 17 
14 31 26 20 30 15 27 9 29 24 17 20 22 25 32 20 14 9 11 15 
35 25 18 18 41 21 32 20 28 19 31 14 25 33 27 28 12 30 11 26 
12 21 12 22 25 15 22 27 29 34 13 21 20 33 27 20 17 29 14 19 
25 18 37 19 33 18 26 19 19 27 29 21 11 33 14 24 11 24 13 28 
33 14 11 17 24 16 15 2 24 21 30 24 20 31 23 22 14 24 7 19 
21 14 30 27 36 19 20 12 21 24 16 21 23 41 26 26 16 11 17 19 
18 20 33 24 23 16 24 20 35 18 23 12 15 31 36 15 21 3 17 15 
37 34 44 15 27 11 24 24 21 22 13 13 9 27 22 32 13 24 19 17 
27 26 28 29 27 19 20 22 27 23 26 24 18 29 19 20 14 22 19 15 
28 32 21 16 24 21 33 24 26 13 24 17 12 25 33 19 19 31 21 27 
36 23 30 18 34 17 25 18 22 33 22 20 11 34 25 21 15 14 16 19 
26 25 14 15 33 10 21 22 8 32 31 18 16 28 33 27 19 21 15 18 
33 35 27 22 22 18 27 21 24 35 47 23 24 45 18 17 19 20 17 17 
35 20 31 10 28 9 21 16 39 31 32 13 21 15 35 22 9 25 20 16 
40 29 19 19 45 18 16 25 19 28 37 5 25 26 40 20 14 15 23 16 
32 12 17 27 28 15 22 19 25 26 10 18 13 19 36 21 17 14 13 25 
28 14 20 13 39 10 26 28 39 20 33 19 16 15 30 29 12 14 21 19 
29 18 40 15 29 15 24 21 27 10 31 25 21 35 22 10 11 18 17 15 
42 14 29 17 31 19 23 26 32 24 25 25 26 31 34 20 20 35 13 21 
20 12 18 34 16 24 32 24 36 32 30 20 23 25 28 24 11 16 18 25 
34 23 28 25 39 22 19 19 31 22 14 7 8 33 16 21 14 19 19 12 
33 23 14 15 24 5 23 18 37 29 18 14 21 20 22 25 9 22 21 24 
14 21 25 28 34 12 16 11 22 32 27 10 13 23 46 20 12 26 17 18 
31 20 21 20 21 12 15 16 25 28 26 20 24 16 29 25 19 21 23 10 
21 26 18 31 39 24 21 17 22 27 9 22 11 23 39 30 21 18 19 22 
19 28 30 25 41 19 11 25 31 20 19 11 17 30 37 17 20 29 17 29 
21 18 10 24 43 16 26 20 12 21 15 17 20 32 32 26 16 19 6 21 
35 26 15 22 35 9 14 29 32 13 2 23 14 44 34 28 23 23 14 21 
22 23 28 27 18 16 30 13 26 39 26 9 22 30 22 22 17 22 19 26 
36 29 37 23 23 11 23 19 31 19 24 20 18 35 35 29 19 23 21 16 
30 34 32 18 16 13 13 23 35 22 27 20 21 25 19 22 12 16 19 19 
27 22 20 19 38 16 30 19 34 28 34 15 23 29 46 24 20 17 17 25 
24 22 30 17 16 15 25 20 20 23 23 14 23 28 26 6 22 21 17 28 
30 28 17 10 26 21 24 27 23 28 35 20 27 31 18 13 16 23 16 21 
30 16 30 31 28 10 28 25 22 21 42 18 9 12 16 21 11 18 14 15 
31 25 28 27 41 15 14 24 31 38 11 17 18 20 18 29 19 19 16 16 
37 27 14 19 33 13 21 19 29 30 35 18 11 44 24 31 14 25 20 13 
40 29 24 32 17 11 21 14 30 30 25 17 24 20 28 26 16 18 18 25 
32 19 23 22 33 12 15 13 17 15 19 17 20 17 31 28 17 21 20 18 
28 32 33 15 41 20 32 24 7 24 39 21 18 27 43 23 19 24 24 17 
28 24 18 21 21 22 29 21 26 34 26 13 13 29 26 31 14 17 14 18 
37 19 15 24 36 16 24 20 35 25 24 15 11 18 20 28 10 20 20 17 
21 9 28 20 33 21 17 20 21 16 14 8 16 17 16 38 16 10 21 18 
39 23 29 26 25 24 29 18 28 33 30 11 18 31 19 24 21 22 17 21 
40 24 27 15 25 13 28 10 31 28 22 14 18 24 34 19 12 13 13 18 
38 20 27 24 35 21 15 21 33 15 25 22 14 29 11 18 14 20 18 22 
25 25 21 23 29 14 21 11 14 18 24 9 13 22 20 37 23 16 24 22 
28 31 21 14 46 15 11 26 23 17 23 16 19 42 21 35 14 20 13 18 
34 19 33 34 26 21 26 25 37 22 27 19 19 20 32 29 11 12 16 15 
34 21 27 7 31 17 31 24 22 32 27 14 17 31 14 27 15 21 15 25 
25 23 28 19 34 15 22 17 31 25 30 17 19 31 20 25 7 12 16 21 
26 31 21 17 34 6 22 17 26 23 9 16 11 30 30 27 17 28 20 15 
25 36 27 34 30 16 20 15 30 22 33 14 21 42 23 27 13 22 23 11 
44 20 29 21 36 17 25 23 22 14 27 16 15 16 16 24 16 17 16 8 
31 22 32 27 26 17 24 11 26 26 33 15 17 24 26 19 15 15 17 21 
33 22 15 16 37 24 25 15 25 14 33 16 22 34 24 17 8 23 8 11 
38 19 29 20 15 14 29 22 25 20 27 16 9 41 17 28 15 21 17 27 
21 22 33 20 21 23 12 17 32 27 37 19 27 33 25 25 14 22 20 19 
20 23 31 19 32 12 24 22 25 26 30 23 24 29 23 14 16 19 14 18 
39 27 14 17 26 22 22 26 13 20 26 14 20 44 36 20 9 14 15 23 
39 24 36 16 10 14 23 12 34 27 25 14 32 19 18 13 13 14 18 20 
44 32 34 22 29 8 24 22 16 22 26 22 6 32 29 28 14 22 17 26 
39 25 22 13 29 20 38 21 24 33 42 11 12 19 36 23 9 11 16 26 
40 21 12 29 26 10 20 23 18 43 17 20 16 32 34 29 18 24 15 21 
35 8 19 19 39 15 21 20 16 32 24 15 22 23 32 21 18 21 19 20 
28 18 27 27 36 10 17 15 24 19 14 15 22 40 21 20 18 21 21 24 
20 19 27 25 21 14 21 22 33 23 26 23 12 33 38 17 17 13 17 13 
35 21 23 21 32 22 26 13 38 24 20 13 15 29 26 33 17 16 16 13 
22 16 21 22 29 7 25 26 22 34 15 18 15 22 31 17 18 15 16 20 
14 28 17 21 33 13 17 9 18 37 26 16 15 17 25 23 12 21 17 21 
27 20 15 27 41 15 31 17 19 19 33 20 18 36 27 18 12 17 15 12 
42 25 22 19 42 17 25 16 34 18 28 22 11 13 38 29 10 19 13 25 
37 22 13 24 11 11 17 26 17 16 28 24 13 27 26 22 16 28 10 8 
24 25 15 21 33 7 24 20 14 37 26 23 10 24 28 23 16 28 14 20 
30 27 40 22 33 19 20 20 42 22 30 9 17 26 27 27 13 25 17 22 
23 17 23 23 10 22 16 26 21 26 36 16 10 22 20 24 12 20 23 23 
24 18 39 21 32 21 25 16 25 21 18 23 19 38 45 20 15 17 15 18 
30 12 21 22 29 9 22 28 19 46 23 15 8 14 24 27 13 12 24 23 
36 25 22 14 23 12 17 19 43 32 25 20 10 37 36 23 17 23 10 17 
19 26 10 14 29 4 18 25 30 20 23 17 12 30 30 32 15 28 11 19 
12 20 28 16 26 23 18 21 28 43 26 13 16 37 28 18 17 23 13 19 
41 27 29 24 29 18 27 22 17 26 15 19 18 23 37 22 10 18 19 23 
29 23 15 24 24 16 32 14 31 9 31 22 23 44 26 28 19 23 16 21 
40 29 25 31 39 14 25 28 36 12 19 14 11 18 20 28 12 22 12 24 
21 27 27 24 26 15 35 18 18 11 32 9 17 26 15 26 18 21 19 13 
32 25 25 27 32 21 15 18 13 21 28 10 19 32 26 24 18 23 21 12 
24 30 21 22 38 17 28 24 41 27 20 20 21 29 32 19 17 27 20 17 
41 28 22 24 30 19 20 12 34 25 32 13 19 26 9 15 12 29 15 14 
37 27 26 18 36 27 28 20 33 41 26 13 25 24 25 20 14 27 15 11 
29 23 18 17 23 26 16 13 24 18 31 23 13 49 27 15 10 15 24 15 
32 23 16 18 27 21 33 6 25 12 23 21 17 30 23 15 11 13 7 13 
30 29 31 20 35 22 27 12 22 16 15 21 20 23 34 19 17 15 15 20 
29 32 21 19 29 10 23 10 29 23 21 14 20 20 41 24 12 16 19 14 
12 22 24 29 36 16 20 23 38 18 35 25 10 27 17 20 16 21 14 19 
25 30 25 14 27 20 26 29 44 29 17 16 22 25 7 29 17 28 20 12 
17 13 28 27 47 21 21 18 33 26 24 21 9 23 18 22 19 6 15 28 
19 27 28 35 40 10 27 19 27 23 31 17 16 24 39 20 12 31 12 19 
13 26 18 20 20 17 22 34 24 46 34 12 20 33 44 22 16 15 11 23 
21 28 28 26 42 11 15 21 21 37 25 19 13 19 29 24 14 27 9 21 
27 30 25 23 30 20 31 18 22 19 29 20 15 33 29 11 21 16 12 25 
36 22 23 23 42 7 23 23 23 20 21 15 24 35 44 20 11 26 21 10 
13 18 17 21 24 17 18 26 19 21 40 21 18 10 36 32 15 22 13 21 
25 19 19 29 27 23 30 29 30 32 25 20 11 25 28 24 18 25 14 9 
35 25 31 20 31 16 19 20 20 23 23 15 17 22 26 32 15 25 10 10 
36 29 21 16 23 15 30 28 19 21 27 17 21 31 35 19 16 21 15 16 
32 25 15 28 26 15 30 23 28 32 15 19 20 27 47 24 22 16 14 15 
25 38 17 22 49 18 21 18 26 29 29 12 22 36 32 23 9 18 21 20 
35 27 26 18 11 24 17 19 31 28 25 18 8 42 30 23 17 21 16 21 
35 26 34 37 36 14 27 16 32 34 20 18 15 29 26 25 11 21 21 29 
5 19 20 15 22 20 24 26 29 27 36 19 19 31 26 29 11 13 18 18 
17 20 20 18 28 16 20 19 30 38 33 16 26 39 34 16 21 31 20 10 
29 26 24 18 36 9 14 21 23 31 31 23 14 39 24 28 19 28 10 17 
33 21 22 28 17 18 31 30 27 22 25 19 14 23 29 5 16 16 8 22 
10 16 26 21 16 18 28 25 31 31 12 24 14 20 26 21 24 21 18 12 
29 21 17 13 21 16 25 18 26 18 32 23 21 23 33 22 21 18 11 24 
37 25 7 20 19 21 26 19 30 26 17 24 13 25 27 12 18 26 19 19 
29 25 21 20 30 19 18 16 41 19 20 18 15 23 16 18 12 23 18 17 
36 33 18 33 32 19 14 26 19 35 31 21 18 27 26 28 17 33 15 14 
43 18 18 22 29 12 23 16 25 17 18 17 17 27 35 18 10 27 18 18 
31 11 35 20 22 17 25 28 21 22 36 8 16 16 28 30 15 15 12 24 
46 22 8 25 40 15 42 28 32 12 27 18 14 40 29 14 20 28 18 9 
17 25 27 21 24 22 16 19 26 30 30 18 16 22 26 25 16 13 14 14 
32 17 27 24 20 16 25 14 28 20 33 20 6 31 18 16 14 23 12 20 
30 23 23 17 42 21 13 12 39 24 33 13 14 19 13 20 12 27 19 32 
21 24 34 26 22 17 27 23 15 19 7 22 14 39 34 22 20 22 15 19 
38 26 19 17 32 14 25 27 12 30 11 19 6 35 36 25 24 12 13 18 
36 20 24 16 33 12 17 19 33 26 27 16 17 19 26 18 16 23 16 15 
25 26 24 21 44 17 25 17 21 23 31 10 19 20 20 20 22 14 15 26 
29 25 17 27 40 24 25 21 16 26 21 20 13 30 40 28 14 19 24 20 
38 22 24 21 29 18 14 18 23 29 20 4 24 39 34 22 11 17 14 21 
37 26 34 30 28 21 25 20 15 20 25 19 8 36 35 21 19 13 13 15 
35 14 22 19 42 15 24 16 24 33 36 18 22 32 16 30 17 25 17 20 
19 12 22 17 40 17 29 19 28 24 12 17 25 28 35 18 20 18 17 21 
16 23 16 33 24 11 22 9 14 29 36 11 20 36 31 28 11 32 14 20 
26 30 39 22 27 13 22 28 27 26 22 18 10 19 30 21 23 15 18 15 
23 22 36 17 37 22 27 25 21 33 17 13 6 38 39 24 18 20 15 31 
22 34 19 26 26 18 25 22 25 25 27 11 10 32 22 29 10 15 18 15 
18 28 13 18 36 14 21 15 29 15 17 19 15 20 28 14 17 28 18 28 
29 27 21 30 31 14 24 13 19 31 26 17 14 29 24 22 11 11 15 17 
32 16 23 21 30 25 28 19 34 26 27 20 15 44 22 21 21 28 19 21 
23 22 28 30 19 19 33 17 23 39 36 20 8 22 22 15 21 15 13 25 
28 27 23 17 35 15 33 21 22 29 24 18 15 30 30 32 14 26 15 19 
22 14 21 16 26 12 20 20 24 23 24 17 15 23 24 25 21 28 20 23 
30 18 24 25 34 13 10 24 27 28 37 15 11 30 17 21 19 30 15 24 
34 18 24 19 21 19 32 29 25 32 27 9 20 21 43 17 10 16 16 23 
33 25 19 18 17 17 22 22 18 29 37 17 13 19 18 19 18 17 9 20 
38 23 23 21 43 15 18 14 18 22 36 16 23 29 52 23 11 24 11 18 
23 25 21 20 27 12 26 20 12 28 27 20 19 19 27 2 12 12 16 21 
31 30 34 24 32 18 25 15 26 20 27 8 17 31 25 23 18 19 18 20 
40 17 23 23 14 23 14 28 19 11 29 13 16 31 32 27 13 23 20 13 
30 33 35 33 34 17 23 21 32 36 34 8 21 32 44 35 20 21 20 25 
19 15 32 29 36 20 21 8 27 20 13 14 26 20 40 10 8 19 19 21 
25 23 19 34 25 17 27 9 18 25 39 23 17 28 26 17 14 17 14 19 
25 26 20 28 30 25 17 22 32 38 17 14 14 30 33 28 19 20 19 11 
28 20 24 14 36 12 13 22 30 22 22 8 17 7 26 12 13 22 16 26 
25 20 23 16 38 19 18 19 29 29 29 19 13 25 28 20 9 14 20 22 
42 32 24 23 22 25 13 17 27 33 21 20 17 32 22 30 22 25 9 22 
31 30 27 19 27 15 21 27 28 30 31 20 20 34 40 24 18 18 16 20 
28 23 18 20 22 15 19 15 35 30 43 23 17 18 38 21 15 25 16 21 
28 23 25 27 23 21 25 20 39 30 26 15 24 35 37 30 18 17 10 24 
26 31 44 17 24 14 24 23 38 34 29 23 15 24 22 24 16 18 20 20 
44 13 35 20 20 26 27 16 34 27 31 16 29 20 23 21 24 26 17 22 
13 24 18 19 36 19 20 29 43 31 21 19 21 22 15 25 9 28 21 29 
17 26 24 23 29 15 10 15 24 30 16 23 15 34 28 19 16 11 21 17 
35 23 27 24 16 17 21 22 30 29 23 9 13 24 30 30 9 22 13 17 
29 23 29 24 36 13 22 22 45 18 17 17 20 23 37 21 16 19 15 26 
35 30 16 17 24 19 22 15 28 13 16 21 16 19 40 21 15 33 19 22 
38 34 23 23 39 21 30 15 26 19 34 12 23 15 24 26 12 33 12 25 
17 17 31 22 22 21 18 19 35 13 26 14 24 29 21 36 10 26 14 22 
32 29 23 30 24 22 19 28 36 26 21 9 22 30 44 26 15 19 23 33 
35 22 12 25 34 15 28 13 20 37 13 25 18 26 17 27 18 18 11 13 
26 27 15 27 39 9 8 26 31 18 23 16 20 8 25 26 20 24 10 13 
29 19 29 24 29 10 22 19 35 16 27 13 26 37 26 23 13 15 17 18 
41 31 29 29 41 13 24 16 24 23 31 16 14 32 25 25 11 17 10 19 
24 23 33 18 26 13 31 17 34 23 33 19 10 26 27 22 12 22 12 26 
23 25 14 20 29 25 25 16 16 32 17 18 20 14 22 18 20 31 9 15 
28 24 14 26 29 13 28 17 20 18 29 17 21 12 16 30 9 21 16 11 
52 31 27 19 35 22 22 16 19 28 33 11 6 25 28 17 18 31 15 23 
32 12 23 13 26 26 20 13 39 12 28 18 24 42 7 18 7 28 22 13 
25 32 25 21 40 21 24 26 27 23 32 15 8 33 28 14 13 19 19 17 
38 28 28 18 31 25 18 5 20 20 33 11 19 9 35 20 17 26 20 14 
26 13 38 23 24 20 21 15 24 35 20 17 13 45 34 21 19 23 14 15 
18 19 15 22 28 21 23 22 17 30 22 10 12 26 24 31 12 14 18 21 
31 17 29 19 27 14 20 29 24 17 30 13 10 26 18 28 10 22 13 14 
43 23 25 24 37 17 17 21 34 27 27 13 16 29 37 27 16 27 16 25 
21 27 35 26 27 19 27 20 30 19 24 15 13 26 34 11 21 18 5 19 
31 23 34 16 17 22 23 19 22 17 26 22 21 44 37 20 16 22 13 19 
30 34 18 28 26 17 31 12 22 21 28 20 27 31 36 16 16 26 18 23 
28 30 27 26 32 16 19 25 27 31 23 21 15 44 8 22 11 9 15 14 
61 22 28 25 22 14 24 29 30 20 25 8 13 17 30 34 12 28 17 19 
43 18 14 14 38 22 15 15 24 27 30 22 18 30 26 15 15 27 14 18 
24 22 24 25 28 15 33 20 23 22 27 15 20 18 36 19 13 25 16 28 
28 23 28 20 37 12 23 22 17 18 25 12 6 21 37 22 14 18 17 24 
33 34 25 20 32 16 26 22 15 29 18 19 19 35 33 4 18 26 14 19 
16 25 29 19 29 14 14 25 25 9 14 12 25 35 33 30 14 30 14 15 
14 25 26 19 26 8 28 15 27 14 26 15 19 29 29 18 17 21 13 29 
34 24 17 26 34 23 20 23 35 13 27 9 18 31 33 21 14 14 12 22 
26 16 26 18 22 17 23 21 19 26 30 21 11 36 12 21 14 20 19 20 
18 28 39 19 18 14 17 17 36 27 27 17 17 20 33 29 15 22 20 13 
38 21 21 18 27 24 25 22 32 17 26 12 14 32 35 22 14 17 7 10 
32 26 34 24 22 4 19 21 28 16 20 17 21 32 21 12 16 23 18 13 
26 18 26 15 30 22 23 24 26 31 49 16 19 21 20 16 14 24 21 22 
33 27 26 13 32 12 33 15 28 27 20 18 12 24 37 11 20 20 19 13 
46 31 23 12 38 14 28 21 34 17 24 13 21 30 31 19 20 30 19 14 
57 25 13 9 34 12 20 16 20 23 33 15 17 26 34 17 17 14 17 19 
21 11 13 32 23 21 29 29 43 23 25 18 20 16 22 30 20 21 21 14 
29 26 28 17 12 8 16 11 24 24 21 24 12 24 36 24 12 21 14 20 
33 26 27 9 30 15 26 17 20 22 40 16 10 23 35 16 20 12 18 18 
36 23 27 20 25 24 17 21 26 14 18 15 19 37 37 23 16 11 16 12 
38 30 33 24 33 14 25 26 27 14 34 13 14 22 33 24 13 24 18 15 
21 32 29 28 34 23 24 24 22 26 22 18 22 23 13 30 16 30 14 18 
31 22 18 18 24 13 23 20 25 26 37 18 20 22 26 21 9 17 12 20 
21 32 27 17 29 19 23 18 29 18 26 11 16 36 14 24 15 21 11 15 
28 29 21 21 42 20 27 12 38 13 30 18 22 31 33 22 18 28 19 22 
33 24 40 27 39 19 17 27 17 21 25 14 28 17 26 24 13 30 12 18 
31 24 34 34 12 13 20 15 38 28 20 18 14 30 20 15 15 20 22 20 
28 33 18 13 23 20 27 17 31 32 26 14 10 38 20 16 12 14 17 18 
26 12 31 19 40 22 20 24 36 20 29 11 16 36 21 25 15 26 13 15 
32 21 22 28 32 8 27 20 36 30 32 23 14 26 30 20 21 25 13 16 
15 18 20 17 29 17 17 16 23 34 28 19 11 24 39 23 13 22 16 27 
29 26 22 21 19 19 20 25 42 33 35 21 9 38 30 22 21 23 13 19 
22 21 36 19 12 31 26 14 18 31 39 19 11 24 38 27 12 15 9 16 
31 25 14 24 26 15 33 21 24 29 28 18 22 27 21 18 19 20 13 19 
30 28 17 16 19 15 21 17 27 30 26 24 15 24 21 18 14 12 18 9 
34 25 20 23 13 19 25 24 19 26 40 22 25 21 16 12 16 18 18 16 
14 25 25 20 24 13 19 21 27 19 31 16 20 23 29 29 16 18 20 20 
18 20 26 23 34 20 20 24 9 29 27 13 9 32 45 22 16 25 11 18 
29 16 19 30 31 10 30 13 22 25 30 11 15 45 25 26 18 30 23 21 
23 22 22 18 35 26 26 32 30 16 28 13 8 27 17 17 19 23 18 22 
10 18 18 19 22 24 16 21 19 23 25 17 10 24 15 21 14 26 21 16 
15 10 22 13 30 21 12 20 23 32 39 23 21 32 13 20 15 31 13 24 
24 16 28 27 15 13 28 28 44 15 39 16 20 12 20 27 26 28 14 12 
27 36 34 25 30 19 26 20 31 18 37 14 19 21 11 21 14 23 15 16 
41 35 26 10 24 16 26 18 27 31 36 18 17 29 25 23 22 21 11 32 
42 31 29 12 19 15 24 25 31 35 25 15 24 26 29 17 12 26 6 21 
37 26 18 28 32 10 25 21 14 31 26 22 15 36 24 25 16 25 15 18 
25 19 21 20 30 15 18 27 42 25 30 9 25 20 22 25 17 26 19 18 
34 23 34 34 34 19 18 12 29 29 30 19 15 31 19 20 12 28 13 15 
32 20 37 22 29 15 15 18 28 19 30 20 13 35 35 33 13 21 22 16 
32 21 30 32 34 16 26 13 28 16 27 11 14 27 34 16 16 17 16 24 
34 20 17 21 16 4 23 13 27 36 20 16 14 26 13 20 10 23 19 27 
35 41 27 23 27 18 28 29 24 28 30 26 17 18 29 27 11 13 20 14 
34 8 37 19 14 15 23 21 28 23 29 16 15 22 30 32 22 11 17 16 
33 28 22 22 30 14 25 16 31 17 29 14 23 31 13 20 12 34 14 10 
32 19 21 25 27 23 23 10 29 17 32 15 17 21 28 22 10 19 11 18 
36 22 21 18 41 16 15 17 17 27 32 17 17 20 25 20 12 28 13 24 
15 24 26 23 19 8 23 15 26 17 21 21 5 29 13 27 10 20 20 11 
29 20 30 32 36 25 30 8 23 25 28 17 22 21 21 21 17 23 14 14 
35 25 22 26 30 14 16 21 15 25 38 8 17 36 36 21 11 23 18 18 
33 19 30 22 30 19 24 31 28 22 16 14 16 32 27 24 21 25 16 17 
25 36 12 19 27 15 29 14 21 19 24 15 15 30 35 18 13 19 14 19 
37 12 25 11 35 13 17 26 32 25 18 19 18 33 37 26 17 29 18 20 
24 45 11 18 30 17 32 16 38 21 26 24 21 19 27 20 6 27 19 18 
30 6 16 16 20 23 17 22 35 26 31 15 14 25 33 18 11 7 12 22 
19 36 19 21 31 22 31 21 16 31 37 17 9 33 34 19 13 18 19 25 
18 32 35 28 31 20 21 18 26 17 31 16 25 31 20 15 24 19 16 30 
17 16 24 32 20 20 21 16 24 17 25 11 11 18 15 15 15 11 14 27 
21 27 20 15 48 9 13 24 17 18 21 24 16 27 28 29 18 19 15 20 
41 20 28 26 32 26 21 14 35 18 25 18 22 21 31 28 19 23 13 22 
42 23 21 25 13 18 26 38 14 15 39 17 26 40 39 19 17 17 20 18 
30 10 32 15 26 22 38 11 31 11 33 14 18 33 35 30 13 32 15 11 
11 22 19 22 33 16 17 8 33 31 30 25 21 28 36 19 21 17 20 22 
34 7 14 17 26 17 17 21 27 29 29 18 17 37 27 19 23 18 19 14 
31 23 19 17 27 12 19 18 9 21 30 16 22 26 40 22 19 15 12 14 
25 21 24 27 21 17 26 22 8 36 23 21 17 20 27 33 11 36 11 19 
31 21 31 30 28 21 19 27 32 13 21 18 17 17 31 23 13 26 20 10 
29 23 25 29 39 16 19 12 31 31 28 22 21 30 26 28 11 14 20 20 
33 32 29 28 29 16 27 27 30 28 23 11 14 32 33 26 17 17 18 15 
31 20 32 15 36 15 33 18 14 33 27 19 29 31 16 28 11 9 16 11 
34 23 36 27 24 15 13 24 44 17 14 17 18 31 26 19 8 20 8 20 
43 27 20 23 28 16 25 28 21 25 18 14 17 31 31 25 14 17 17 24 
20 28 22 13 31 18 13 19 39 17 19 17 12 21 23 22 16 29 22 13 
28 21 24 22 32 18 18 15 16 31 31 20 11 25 36 22 20 12 22 21 
37 26 31 24 38 13 19 17 25 26 22 9 20 19 34 31 16 17 13 17 
26 24 27 20 37 17 21 15 28 17 21 12 7 24 5 22 18 21 18 18 
24 22 18 21 28 21 31 11 27 24 31 14 33 26 29 16 12 28 19 19 
31 36 22 23 19 14 15 10 26 21 25 20 14 30 33 21 22 35 22 22 
35 23 27 28 20 20 24 20 26 21 24 21 10 22 40 26 21 17 20 19 
24 24 22 24 43 12 15 8 23 27 33 23 28 49 21 11 15 20 17 17 
28 23 25 16 26 18 19 13 32 19 29 24 10 36 27 29 8 35 16 23 
30 23 37 17 14 15 13 12 17 18 27 11 21 37 47 31 16 28 11 6 
44 19 19 28 26 8 22 4 23 27 31 19 14 26 27 25 19 27 12 20 
31 10 11 26 23 5 7 12 17 16 28 11 25 24 36 21 19 18 21 20 
32 23 29 17 26 19 30 14 18 16 22 24 21 35 17 17 7 31 12 14 
35 28 34 25 33 16 30 14 26 20 26 18 9 21 32 23 13 32 18 28 
35 22 14 27 30 17 29 18 33 20 24 27 20 19 26 11 14 13 14 18 
29 24 23 26 20 24 18 10 20 37 37 23 17 26 36 25 11 28 16 20 
31 20 23 24 24 23 16 26 21 22 34 14 11 31 19 13 14 14 15 20 
33 26 21 22 23 26 12 16 27 24 25 24 16 28 21 21 16 29 16 19 
13 31 25 29 18 24 19 27 17 23 26 22 18 19 28 19 13 9 12 16 
34 25 27 13 25 14 26 18 22 17 27 20 15 24 30 21 15 29 27 22 
26 32 33 23 25 18 22 12 21 23 27 17 8 22 25 27 21 14 23 18 
25 28 27 23 24 24 17 21 20 22 26 19 23 40 35 25 3 18 20 16 
35 25 14 25 25 13 28 16 24 31 29 6 25 26 32 29 14 26 14 20 
29 23 19 20 41 15 38 28 32 30 19 17 19 27 29 20 16 20 7 20 
32 25 27 29 18 16 23 16 18 19 21 15 20 28 23 23 6 20 9 11 
13 25 27 21 23 19 33 19 22 28 25 21 17 29 27 31 14 21 13 22 
31 19 31 15 44 8 32 14 19 28 28 18 12 25 24 24 15 1 14 21 
21 29 22 18 30 12 23 15 20 28 23 13 22 31 26 32 16 20 19 17 
24 20 35 27 18 13 23 15 22 35 40 20 18 27 44 30 10 28 6 18 
27 21 33 11 28 16 28 21 25 24 16 14 22 25 27 18 16 19 16 13 
25 21 25 25 21 7 24 20 23 23 28 16 11 31 23 27 18 18 12 21 
33 20 11 16 36 6 19 13 28 27 31 18 19 32 36 25 14 19 17 19 
32 22 31 26 23 13 24 24 17 23 3 11 18 25 31 22 22 18 16 15 
30 24 19 26 31 20 18 19 26 32 29 19 10 14 22 12 24 37 18 18 
33 19 28 29 23 23 22 10 19 21 24 32 15 26 13 14 12 16 13 13 
33 20 20 19 11 12 14 18 16 24 26 22 13 31 43 19 9 23 16 22 
41 23 27 30 26 13 20 20 23 35 31 20 18 16 38 24 17 16 18 18 
27 22 22 8 33 25 26 23 47 30 22 19 14 18 36 26 12 13 13 18 
36 15 15 7 21 14 25 15 33 30 34 15 20 31 26 33 16 18 19 26 
15 20 28 27 27 19 28 25 21 27 33 20 12 28 37 27 16 10 20 18 
40 21 16 18 29 16 17 20 20 32 33 20 8 37 41 22 11 15 16 26 
27 9 18 25 42 14 18 32 31 23 28 16 18 24 24 21 19 17 16 27 
31 26 28 21 34 13 13 23 27 24 39 17 19 20 22 4 15 20 19 24 
25 30 18 14 20 16 29 31 20 22 21 23 18 21 39 31 13 8 10 25 
36 21 25 27 34 23 22 21 33 24 10 13 25 40 23 28 17 20 17 7 
14 23 16 22 28 12 28 23 26 29 15 16 18 33 5 23 12 28 16 22 
26 16 23 23 30 9 24 27 30 24 8 24 20 34 24 12 17 23 17 24 
25 27 23 25 28 12 23 27 41 27 33 13 6 38 28 15 18 33 19 16 
24 21 20 28 41 26 29 24 31 26 15 21 16 43 26 24 17 22 16 24 
20 26 22 23 23 14 16 10 22 22 43 12 13 27 27 28 11 23 12 14 
41 32 16 26 36 22 19 17 25 20 32 10 19 22 28 30 24 23 23 6 
18 19 8 28 36 25 23 18 13 30 27 21 21 22 41 20 10 15 19 20 
30 36 15 22 16 14 31 2 21 25 24 21 18 35 32 15 11 23 12 21 
27 24 23 12 29 12 22 20 28 34 25 12 25 39 26 13 16 18 31 21 
26 19 16 21 14 17 33 24 28 28 31 23 6 25 27 21 15 32 16 25 
31 17 22 29 29 18 20 21 34 20 23 23 13 13 21 15 15 20 12 20 
36 24 17 18 34 11 18 11 22 34 26 9 17 31 27 14 15 24 18 16 
28 14 33 24 27 20 26 19 16 29 30 14 24 33 28 23 12 32 18 14 
26 19 27 23 27 22 18 20 24 28 20 23 2 29 31 21 18 25 16 20 
36 14 33 30 29 22 28 24 27 30 32 14 21 32 24 28 14 17 17 15 
32 31 26 22 27 16 22 10 21 28 27 26 19 22 30 20 12 17 5 13 
23 25 17 13 40 10 19 15 27 9 29 9 18 33 18 21 13 17 22 14 
27 24 12 26 14 27 18 8 23 39 18 21 18 24 11 20 13 23 8 21 
16 24 23 16 25 10 28 18 17 19 15 13 9 21 24 24 11 19 15 22 
29 19 23 22 38 14 16 13 32 21 27 19 15 31 25 24 17 15 15 26 
24 24 24 20 31 16 18 25 16 25 23 13 19 27 36 18 13 16 13 21 
40 16 18 23 24 17 30 15 32 32 28 20 11 21 31 28 12 24 16 20 
39 26 17 27 23 12 13 27 24 22 24 19 26 33 22 28 15 20 22 16 
45 20 28 12 28 14 14 24 29 37 25 18 25 20 23 12 5 31 20 15 
33 23 26 27 34 16 25 25 33 26 24 23 15 21 29 26 9 34 14 12 
26 25 20 18 27 14 34 14 12 31 18 9 23 18 26 7 10 35 12 18 
19 8 21 17 36 12 29 17 24 24 14 23 19 36 28 20 12 22 8 7 
35 25 20 21 20 22 15 21 19 26 38 18 16 23 32 17 19 32 20 15 
29 24 14 23 36 13 17 36 33 30 33 13 17 24 21 20 6 27 16 19 
14 23 15 25 45 15 24 19 27 18 23 11 21 19 34 21 13 17 18 16 
27 12 39 20 29 11 19 29 20 28 14 17 16 47 29 30 16 15 13 23 
24 39 25 26 28 19 15 26 31 30 36 26 25 29 27 15 12 19 21 16 
15 26 35 11 23 11 21 19 21 11 34 12 6 28 34 32 17 19 15 21 
26 23 23 25 11 27 32 18 42 16 33 11 29 12 22 25 18 22 17 23 
24 15 24 25 27 16 21 20 30 29 30 13 20 34 27 34 16 23 11 27 
31 33 24 19 41 18 32 25 28 16 23 14 14 12 29 29 7 9 17 19 
29 31 28 30 26 11 26 14 30 21 29 21 19 33 16 22 10 35 12 12 
30 23 26 12 18 23 30 18 31 14 31 18 17 24 42 28 19 21 19 11 
19 18 22 35 33 19 21 19 21 28 27 17 13 26 26 10 13 22 11 11 
32 27 16 19 13 24 17 17 18 11 35 21 24 23 21 15 21 14 23 20 
20 23 38 19 31 18 31 26 27 25 33 18 15 34 31 9 22 25 16 26 
25 19 26 19 24 23 20 14 26 28 19 14 23 43 9 29 19 25 12 19 
27 31 24 21 37 26 22 24 17 14 27 19 21 28 33 26 19 28 19 18 
31 24 15 20 40 23 29 29 23 19 16 34 15 33 27 19 10 14 14 22 
35 21 26 30 28 13 34 9 23 27 31 21 15 27 39 31 8 30 17 16 
28 20 22 20 19 20 25 26 31 27 17 10 17 28 30 28 14 24 19 28 
37 25 34 26 23 21 25 30 21 15 24 26 17 13 24 19 14 30 21 19 
25 22 24 27 20 16 22 19 12 28 31 17 18 20 36 15 20 14 16 23 
42 34 21 22 34 19 16 18 23 28 40 18 13 23 25 22 20 24 13 12 
25 19 28 28 40 24 31 22 22 31 21 22 14 16 17 11 19 16 18 26 
29 28 27 16 36 17 22 18 34 27 22 18 14 41 15 23 17 13 6 21 
39 21 29 20 20 14 28 11 16 28 23 22 17 18 29 30 14 20 16 13 
23 9 12 17 26 21 20 26 24 22 19 15 11 23 28 27 13 22 19 16 
27 26 13 22 40 20 15 12 22 41 27 16 25 29 18 30 12 17 18 18 
18 16 25 14 31 25 20 18 32 38 22 21 21 31 51 24 11 16 19 22 
17 35 33 25 37 17 27 22 30 33 17 13 12 20 16 30 18 23 21 15 
29 27 21 9 33 22 38 19 10 20 26 23 14 11 31 26 12 12 10 18 
30 24 28 25 24 24 29 25 34 20 28 12 14 23 28 23 13 10 13 19 
29 24 29 23 29 22 9 28 24 33 27 23 23 37 13 16 12 31 15 23 
39 22 22 24 34 29 15 17 31 17 10 22 15 27 31 14 22 21 12 22 
41 21 27 22 33 13 24 15 23 20 24 17 26 17 31 22 13 24 12 28 
31 25 27 14 22 15 19 30 22 38 33 21 12 33 18 12 10 14 17 20 
28 28 31 23 31 17 33 23 22 31 29 12 12 37 10 23 11 21 19 21 
21 16 14 28 28 13 34 16 27 22 35 18 17 33 29 27 20 11 19 13 
33 22 27 15 36 14 19 22 35 37 31 12 21 38 26 21 13 13 12 20 
33 16 21 25 29 27 28 19 18 18 22 12 18 36 22 37 17 16 8 23 
26 15 16 21 23 17 15 15 26 27 14 13 19 17 53 19 21 20 20 16 
24 16 41 37 31 17 33 19 28 27 50 19 8 21 24 27 6 21 6 27 
41 29 18 30 38 19 26 20 36 39 21 22 18 41 31 23 11 33 17 20 
39 24 26 21 18 15 30 15 38 33 28 22 21 48 24 36 14 32 13 17 
24 30 30 28 38 20 16 27 15 31 33 14 21 19 31 37 26 26 23 14 
26 19 25 25 45 6 26 16 33 20 22 21 18 23 23 30 17 22 9 11 
33 17 23 31 32 18 19 18 42 25 23 21 18 46 38 12 17 17 18 24 
31 16 19 24 21 16 17 20 26 11 27 21 24 26 34 24 17 13 16 16 
29 24 28 19 36 15 34 10 20 20 22 19 20 29 31 18 19 13 10 19 
13 37 18 28 24 22 11 20 10 23 29 22 6 32 17 31 17 14 15 22 
29 28 23 18 21 26 22 17 25 22 21 21 17 23 33 21 18 28 19 18 
35 16 35 33 39 11 26 11 8 27 28 24 12 36 21 17 10 18 18 17 
22 25 23 20 30 21 16 10 30 25 24 22 17 23 37 19 15 25 18 19 
32 22 21 31 20 17 28 12 29 12 32 19 16 36 46 30 21 28 14 16 
23 27 22 16 34 11 30 4 24 28 23 22 18 29 23 24 11 28 14 18 
27 20 14 35 29 10 27 15 27 14 24 7 21 16 22 22 16 15 13 28 
29 32 42 18 41 20 21 22 25 23 18 25 20 17 20 26 10 31 15 20 
36 27 26 19 31 19 29 29 28 36 24 20 13 23 22 19 16 21 17 11 
31 27 35 26 25 17 22 24 34 25 12 21 17 15 22 23 24 20 16 18 
27 23 14 21 40 19 16 28 18 23 16 25 15 31 26 17 13 25 18 23 
26 27 20 21 30 12 20 19 32 30 29 16 14 40 27 21 16 21 17 18 
40 26 22 24 36 14 16 34 13 24 33 9 9 30 36 36 19 16 15 12 
18 30 25 21 41 15 25 16 38 30 20 15 14 22 30 30 18 29 8 18 
37 32 22 18 30 8 21 20 24 32 19 10 23 28 24 29 21 24 12 25 
23 26 30 24 39 8 20 18 23 15 19 14 21 30 35 29 16 16 12 20 
23 23 19 20 43 28 14 10 26 17 30 10 18 18 24 30 13 20 21 27 
31 18 28 32 38 12 15 12 22 23 27 12 18 29 14 18 9 24 17 25 
7 18 28 21 18 14 15 11 28 25 19 14 15 45 41 13 7 11 16 12 
25 27 20 22 31 23 17 22 31 30 24 14 13 37 13 18 20 25 15 17 
36 21 15 14 21 18 27 21 27 32 13 14 17 37 28 25 16 32 17 9 
31 22 20 21 28 16 22 22 21 21 21 10 23 26 24 27 16 21 13 21 
30 25 26 14 38 20 21 25 35 19 41 24 20 25 31 29 22 32 18 20 
19 29 23 21 22 25 16 18 24 21 21 19 19 16 35 23 17 16 17 23 
38 23 10 29 29 15 34 10 19 27 50 30 17 42 22 25 12 20 18 26 
28 23 18 30 21 25 25 19 38 22 28 20 20 21 20 29 12 29 19 20 
18 14 11 15 38 15 18 24 24 21 30 13 17 38 38 27 15 6 19 23 
29 23 17 31 26 18 15 12 35 28 29 25 11 11 33 27 14 21 10 19 
30 32 32 19 27 16 20 18 31 19 15 18 15 25 10 28 10 16 13 17 
25 35 34 25 37 19 26 13 22 20 31 13 15 33 26 27 15 32 16 20 
17 26 20 22 36 23 24 18 17 23 20 25 13 16 18 24 22 26 16 12 
21 27 22 14 32 26 24 20 20 16 25 16 19 37 37 25 22 18 19 17 
36 13 18 23 26 13 29 25 19 27 27 16 22 22 49 28 10 28 23 16 
34 18 28 29 28 18 19 8 16 36 24 17 12 24 34 17 14 22 14 20 
26 33 38 25 26 17 27 27 22 30 20 23 19 46 28 20 11 31 18 15 
34 19 23 22 25 21 25 13 28 14 39 12 25 37 33 22 11 20 18 19 
17 25 34 22 24 21 17 26 38 24 28 21 21 26 31 17 16 17 17 16 
23 22 31 24 39 16 30 17 28 37 10 13 25 20 29 22 13 27 25 21 
31 18 33 17 35 15 24 26 26 21 42 21 23 29 21 28 16 21 11 31 
34 28 25 27 22 19 35 23 32 31 25 14 16 27 22 13 26 14 18 17 
31 26 30 22 36 12 29 9 28 16 22 19 11 34 17 13 18 11 16 25 
29 22 11 24 34 12 18 13 32 30 32 20 15 24 33 24 14 27 14 18 
12 28 22 21 38 20 21 11 24 24 34 21 23 28 24 25 12 10 17 20 
35 16 23 23 50 18 17 14 10 29 23 10 4 23 34 27 20 20 12 17 
28 9 23 29 37 21 28 12 29 25 22 17 13 27 20 25 20 22 8 16 
22 21 14 20 23 20 20 24 23 39 20 18 13 30 25 18 12 22 15 23 
31 19 33 24 29 16 34 26 36 29 29 26 23 19 17 38 18 18 19 15 
26 15 14 19 23 11 19 18 30 16 40 22 20 32 37 30 12 15 14 24 
17 28 11 15 33 21 24 16 28 33 27 21 12 23 18 32 14 36 24 29 
32 32 28 23 42 17 27 17 40 22 23 18 21 13 28 18 11 22 16 23 
23 20 24 20 26 11 19 28 33 21 31 20 17 31 31 23 18 19 13 9 
18 25 18 20 34 13 16 23 27 19 33 16 2 20 30 29 12 17 19 20 
38 8 33 28 31 16 22 21 42 25 23 23 19 22 33 19 16 21 19 15 
24 23 16 18 14 18 26 16 18 19 14 20 10 20 26 18 18 31 20 15 
25 27 22 29 28 24 25 10 33 24 31 18 17 23 23 18 17 26 13 14 
30 19 29 27 27 15 27 27 20 29 30 11 17 21 20 11 21 18 13 19 
47 18 25 28 22 14 19 25 30 27 14 11 14 27 17 25 16 20 16 16 
27 26 35 26 31 18 23 8 21 32 17 9 16 24 25 20 15 21 19 15 
37 24 28 14 32 14 9 20 30 26 27 20 17 49 42 27 23 9 19 21 
40 18 29 25 22 16 25 13 25 18 21 13 22 29 9 23 12 19 14 20 
34 32 14 29 39 20 11 35 12 29 26 23 18 32 30 35 16 21 14 12 
33 19 17 18 29 14 19 14 12 26 29 21 13 21 32 24 14 18 19 11 
31 20 16 30 34 11 28 21 18 41 32 13 19 34 29 17 8 14 16 17 
20 12 17 21 36 26 32 20 29 21 27 22 16 33 32 13 14 18 22 18 
28 24 26 13 37 22 19 24 31 20 19 19 17 31 24 27 16 22 16 21 
28 22 43 23 23 13 22 33 35 13 29 24 15 29 19 19 14 17 14 15 
25 18 25 25 12 15 30 16 25 26 29 21 15 31 36 16 15 24 21 14 
26 12 25 16 29 12 19 11 34 20 23 12 24 29 32 22 19 32 13 21 
27 19 27 19 24 17 21 29 36 24 48 17 18 33 35 18 18 25 11 20 
34 24 25 19 19 26 35 12 16 19 25 16 22 15 19 29 15 18 11 17 
12 23 28 17 45 13 23 35 17 16 29 14 24 37 17 26 14 21 18 12 
20 28 29 31 36 13 22 24 39 36 21 9 14 23 30 24 13 18 15 21 
34 16 16 24 17 23 27 8 30 32 29 17 10 26 13 14 17 26 17 16 
25 14 22 31 22 11 25 18 26 25 34 27 14 32 20 27 12 21 21 24 
24 5 35 25 11 22 11 20 33 31 15 19 8 29 31 34 19 21 17 21 
24 24 43 20 37 31 30 26 33 30 21 23 17 34 17 29 13 33 19 19 
28 32 18 17 27 7 14 35 15 33 24 8 23 23 39 26 7 17 10 31 
25 19 21 15 31 15 16 22 33 33 21 19 17 27 32 30 15 26 13 23 
17 18 24 20 31 18 24 21 24 25 36 7 16 28 41 26 19 29 13 17 
40 25 18 24 22 14 38 23 23 29 9 16 19 8 38 29 14 10 15 15 
21 25 21 22 24 11 22 23 28 26 27 20 13 24 24 21 14 18 16 17 
36 26 25 23 28 19 21 18 22 22 27 14 17 21 15 37 13 28 7 17 
27 22 17 17 29 23 29 15 14 23 23 12 5 34 42 23 11 20 9 25 
35 17 34 9 31 20 16 28 23 23 25 20 17 32 13 18 24 22 22 10 
13 26 30 18 44 17 30 24 10 29 21 17 13 27 35 20 19 20 10 11 
39 30 22 24 41 6 17 15 29 15 39 15 15 26 17 22 19 25 20 24 
32 16 28 21 29 16 19 22 33 23 15 9 28 43 25 22 8 21 15 17 
16 17 30 10 32 22 30 17 10 35 24 15 23 17 26 24 16 13 4 25 
28 25 27 21 22 20 30 32 33 25 32 26 17 23 36 24 13 26 22 22 
43 22 23 18 41 21 22 24 26 26 24 17 15 34 27 24 18 22 16 17 
26 26 37 27 41 10 15 22 23 24 26 24 18 30 30 20 16 22 21 17 
30 22 23 16 40 7 17 14 30 29 29 13 16 25 34 34 16 25 13 18 
36 31 36 19 25 14 29 24 33 26 28 13 20 36 32 43 17 16 24 21 
34 27 34 15 35 12 22 29 33 30 22 17 18 22 38 24 14 18 20 20 
32 14 20 19 25 10 24 12 26 17 15 15 28 24 25 19 18 22 15 19 
30 34 20 23 44 19 35 12 28 23 33 16 16 29 12 13 17 16 13 14 
32 24 26 14 37 15 29 11 40 21 30 14 16 30 23 20 10 32 14 10 
25 15 11 13 25 16 22 22 22 29 24 20 5 18 30 15 8 21 17 18 
45 27 24 34 19 23 19 28 29 21 29 26 19 20 38 21 15 18 11 19 
35 15 20 14 35 9 24 23 13 28 26 13 15 35 23 25 14 16 17 16 
14 16 24 21 16 21 25 28 38 31 22 17 13 28 19 27 13 28 14 5 
21 24 33 20 34 25 13 26 28 34 19 17 14 25 5 27 17 14 16 24 
36 9 28 17 16 19 32 21 25 17 35 7 18 43 41 26 19 27 15 15 
13 20 29 17 27 9 24 22 27 20 19 18 25 33 15 19 12 22 18 14 
30 32 33 23 20 19 19 12 37 44 30 23 15 14 30 20 17 16 15 22 
38 26 23 29 32 15 14 12 28 41 24 20 24 23 25 24 17 14 17 20 
43 23 18 12 25 6 18 16 20 20 44 12 15 36 26 23 16 29 14 13 
45 20 28 12 30 23 28 15 29 17 24 22 15 36 14 13 12 21 19 17 
24 18 18 29 35 15 20 14 23 18 17 22 21 21 43 31 17 39 10 15 
22 19 19 18 45 13 39 20 28 30 9 17 23 20 30 15 10 19 18 15 
26 29 30 19 9 18 31 17 30 7 36 24 16 7 38 17 17 25 22 19 
21 23 20 19 21 29 14 5 17 20 20 18 24 17 18 25 17 20 22 16 
26 33 17 7 44 23 20 13 21 40 27 16 20 27 20 36 16 29 17 24 
24 21 21 16 40 23 15 17 26 24 24 13 16 22 23 21 21 30 14 13 
44 23 32 22 30 18 19 32 17 25 22 28 16 41 24 32 19 19 19 16 
22 22 28 22 16 17 18 23 26 35 30 17 27 18 19 29 13 15 10 26 
25 29 39 24 34 16 34 25 22 24 24 5 12 27 25 31 16 8 11 19 
22 28 28 9 32 10 21 16 18 24 27 15 20 22 36 23 19 15 12 16 
40 24 37 15 21 18 22 26 27 30 24 2 22 32 29 22 16 19 20 26 
29 27 30 20 34 10 24 26 23 19 48 16 16 31 33 24 8 23 20 20 
31 28 19 24 31 17 18 25 19 22 20 10 15 31 19 30 11 17 10 29 
31 23 23 23 30 14 10 24 16 31 24 14 17 30 25 8 23 33 7 19 
25 19 22 24 31 22 19 23 27 15 31 13 17 24 24 28 18 18 14 19 
29 10 20 17 32 15 27 42 36 28 27 21 13 30 21 16 28 26 17 24 
32 24 27 22 26 19 13 24 29 42 32 14 17 12 36 24 12 19 26 19 
10 16 21 27 26 14 23 16 33 32 25 18 8 23 27 24 13 28 21 25 
31 26 22 16 14 23 9 25 28 25 31 14 7 27 44 22 12 21 19 17 
30 30 12 25 21 14 23 19 15 32 27 22 12 16 32 13 14 12 11 22 
38 23 21 30 25 5 23 30 29 23 26 18 19 26 29 23 20 24 15 20 
30 29 35 24 40 16 29 15 25 23 22 21 20 25 13 25 18 23 11 11 
30 17 27 22 38 17 14 23 21 27 28 8 15 25 25 23 21 28 15 21 
22 17 18 31 30 24 27 15 23 31 31 18 14 26 35 32 9 17 20 19 
38 29 26 28 29 8 24 27 21 25 30 9 13 47 38 31 11 20 13 22 
32 22 29 25 37 20 20 19 32 25 38 29 11 16 23 13 17 13 9 14 
27 23 22 28 30 15 30 26 27 23 18 18 8 26 26 16 17 22 15 17 
29 31 30 27 18 12 17 23 29 24 29 20 12 24 18 30 21 27 16 32 
21 22 20 14 32 21 24 13 25 23 44 21 23 37 21 19 14 12 9 10 
36 28 18 25 17 15 28 22 35 10 30 16 18 29 15 24 10 20 24 19 
14 26 31 28 24 20 17 27 35 18 16 20 12 17 31 12 16 28 7 17 
27 25 27 11 22 14 34 15 32 19 27 31 21 33 32 27 12 15 23 28 
46 25 24 35 22 11 23 17 23 21 34 11 16 38 22 27 15 17 15 8 
25 27 28 11 37 23 19 18 35 20 15 23 25 27 30 21 10 13 14 24 
29 20 35 24 33 21 28 29 20 34 18 12 20 24 21 20 18 17 13 9 
28 27 19 15 33 14 23 28 35 35 23 17 16 15 24 41 21 21 17 15 
31 35 25 32 25 17 11 13 24 22 24 8 11 40 22 14 15 25 11 23 
20 22 6 28 22 20 27 17 29 32 27 21 17 34 28 21 16 22 17 27 
28 18 25 25 22 18 24 22 22 16 38 21 21 34 21 10 12 20 12 20 
18 17 30 20 39 25 25 26 32 31 17 14 14 29 30 22 9 21 8 21 
36 24 17 23 38 15 23 28 29 28 26 21 16 28 24 21 16 14 20 22 
27 26 23 25 32 16 30 17 33 11 29 19 18 32 23 21 11 20 19 25 
26 31 12 24 28 21 16 20 31 21 26 20 18 19 30 31 19 13 13 23 
29 30 19 17 30 17 27 24 39 30 22 11 20 29 18 12 17 23 20 16 
39 19 35 17 19 12 22 32 26 37 19 14 12 19 20 25 15 25 16 11 
18 19 12 19 30 18 27 24 26 29 29 17 25 24 16 24 13 21 14 18 
35 28 33 17 41 15 26 12 17 29 21 24 12 26 25 16 9 21 18 7 
23 14 17 22 29 18 20 19 17 29 26 15 11 35 20 19 16 11 8 22 
38 23 17 21 31 10 24 7 14 33 24 17 15 44 27 30 14 23 18 18 
35 21 25 16 24 16 16 29 27 27 31 7 24 16 34 19 22 29 22 29 
22 25 25 21 39 15 19 24 30 31 19 19 12 27 23 29 13 20 17 14 
8 30 29 27 35 16 35 15 27 35 21 16 20 35 31 27 8 12 15 21 
30 30 37 17 41 16 21 18 14 34 20 17 17 30 11 33 15 14 12 22 
27 26 22 17 33 15 27 20 33 32 24 18 22 26 8 22 13 23 12 16 
36 24 8 19 36 14 19 16 22 33 26 9 20 37 26 20 13 23 17 18 
16 25 16 10 39 17 19 20 32 35 36 18 9 12 22 24 19 28 17 16 
30 20 21 24 30 14 28 17 20 22 30 20 15 19 26 29 18 26 16 23 
24 34 19 9 23 12 12 17 22 14 35 26 14 31 32 20 13 22 20 15 
29 25 29 10 32 15 5 24 38 16 18 19 15 22 24 27 6 21 20 13 
23 21 29 17 20 12 31 23 21 39 21 14 5 34 36 28 7 29 20 12 
23 12 21 26 27 14 31 27 21 21 24 19 15 25 29 19 19 20 22 27 
11 32 25 15 34 14 34 18 34 42 25 9 23 24 21 29 13 15 21 21 
21 17 33 24 32 11 20 11 30 23 36 25 11 35 26 26 17 25 14 14 
25 22 14 26 30 23 20 27 18 30 49 15 14 17 19 16 16 13 25 17 
16 20 23 20 45 7 21 15 25 28 13 7 17 21 27 22 22 19 19 18 
35 20 19 30 11 10 26 25 28 28 31 23 12 17 31 28 16 24 14 18 
39 26 26 30 35 14 14 25 26 36 33 16 11 20 19 10 7 14 11 22 
31 23 21 27 28 16 29 10 39 27 22 13 22 22 40 18 21 28 13 19 
22 30 25 18 5 22 34 20 22 16 31 15 21 19 22 39 15 25 15 20 
33 23 34 14 26 22 26 25 33 26 20 18 12 36 24 22 17 24 16 26 
37 24 19 24 36 13 17 28 26 18 24 28 21 26 22 38 12 22 20 26 
35 24 15 15 29 14 18 15 30 33 46 17 23 39 32 19 18 13 22 16 
17 32 11 20 23 21 26 14 26 14 21 14 19 27 18 31 23 14 10 25 
35 27 24 11 34 12 35 15 21 25 32 10 15 32 38 30 19 23 15 21 
35 20 28 19 44 22 30 27 30 30 46 17 17 33 20 23 10 26 20 23 
32 34 27 29 40 15 26 16 25 34 9 13 18 27 30 22 13 24 14 14 
19 15 19 16 26 22 25 17 25 28 20 16 23 14 34 26 12 21 16 15 
43 33 18 20 23 13 26 24 29 11 27 15 20 23 27 22 13 20 18 15 
20 15 33 12 22 22 21 27 25 24 25 19 24 35 35 14 16 16 10 16 
35 25 31 21 24 19 33 23 15 32 35 17 6 41 28 14 20 26 10 19 
32 21 17 9 39 24 26 22 32 32 23 19 15 35 27 14 8 31 11 19 
37 30 25 21 27 12 19 16 24 21 31 21 16 35 23 13 6 27 19 17 
22 15 39 15 14 13 18 8 30 22 26 15 18 20 5 21 18 30 16 25 
34 33 11 23 28 21 23 25 24 31 25 20 15 21 13 25 6 26 17 17 
35 21 30 17 24 28 30 24 36 18 32 19 20 29 28 23 13 22 19 17 
45 27 9 18 34 22 29 12 18 16 26 15 12 35 23 21 18 22 18 19 
20 29 21 30 28 14 25 12 37 27 18 9 18 46 17 29 15 24 17 21 
28 29 35 25 32 24 28 26 20 31 12 18 24 26 34 31 16 17 20 18 
38 20 12 20 12 17 31 23 11 28 22 16 15 11 20 26 20 19 13 15 
41 34 29 20 26 15 23 12 39 16 26 24 13 22 25 26 9 18 13 14 
26 32 22 15 31 18 20 11 35 20 30 21 19 23 36 21 10 33 10 21 
11 29 32 19 25 14 21 25 24 37 38 11 18 20 22 28 11 20 15 14 
14 18 16 26 42 7 33 21 24 19 27 14 30 26 17 15 16 6 14 20 
20 13 25 32 27 20 18 29 27 18 25 16 14 32 27 19 16 23 15 23 
34 25 28 22 28 20 30 28 32 18 23 17 22 44 35 14 12 25 16 14 
28 20 29 24 29 16 22 14 24 15 23 20 3 38 22 23 18 9 14 14 
12 30 36 28 43 20 28 18 34 22 24 19 21 26 36 18 17 34 13 16 
35 29 15 31 33 20 15 20 22 21 24 20 22 22 24 24 16 8 19 25 
37 24 29 24 21 16 19 21 25 26 29 10 10 45 14 35 19 13 13 21 
31 17 34 12 26 20 25 19 28 22 18 16 13 42 38 21 23 12 16 21 
43 20 27 18 29 16 18 22 31 21 29 27 16 6 33 28 17 15 20 21 
34 23 23 17 32 15 32 22 36 31 38 14 11 20 24 32 14 21 18 16 
31 23 26 18 28 19 14 25 21 27 26 13 16 30 22 26 17 20 15 17 
27 24 30 21 29 21 17 18 15 36 12 12 19 16 21 9 20 21 15 21 
24 21 21 19 31 24 30 18 30 27 28 14 22 47 42 22 13 7 18 14 
23 24 39 28 34 8 22 19 29 28 22 11 7 26 37 26 19 15 21 16 
23 25 17 22 38 18 21 15 40 22 29 9 16 46 34 6 17 21 14 23 
41 17 26 14 19 20 24 21 23 14 34 9 8 18 17 27 10 16 13 26 
33 21 36 20 13 12 27 20 15 24 34 27 15 27 33 26 10 34 16 8 
26 26 27 23 25 16 23 29 36 26 31 24 5 28 29 20 18 26 21 18 
23 30 27 21 29 11 24 19 18 28 42 15 23 32 28 21 19 22 19 18 
30 9 21 21 29 19 21 29 42 23 25 25 12 22 33 15 14 18 16 18 
22 18 29 20 33 21 13 24 25 17 28 15 22 43 30 29 22 29 15 23 
35 15 19 15 30 12 37 21 25 24 31 21 21 24 24 19 19 22 12 16 
25 23 15 18 39 22 19 13 43 24 18 20 16 29 37 27 14 10 12 20 
34 15 27 19 21 23 17 23 27 14 30 23 22 25 27 13 12 15 19 21 
43 23 23 27 34 17 34 29 36 32 25 19 19 28 35 26 21 21 20 21 
34 39 22 32 27 18 36 26 24 32 24 27 20 35 35 24 5 25 15 28 
37 27 27 27 15 23 28 20 35 10 26 20 9 18 20 29 15 25 19 23 
32 28 24 35 35 20 29 14 35 27 15 18 10 27 37 37 10 19 16 19 
29 29 22 32 18 9 23 28 30 28 28 16 16 31 33 32 12 17 11 25 
40 25 28 23 25 21 25 22 25 28 22 18 22 15 23 21 20 17 18 19 
37 21 22 12 36 23 19 15 32 24 26 13 22 28 20 20 17 29 14 21 
34 23 18 13 28 20 22 25 23 30 25 14 22 17 23 24 14 26 18 19 
14 36 21 19 32 20 24 24 30 13 26 13 24 37 29 13 9 26 13 14 
39 25 19 18 14 13 26 17 21 18 26 10 18 40 22 25 9 21 9 25 
39 23 20 13 24 11 17 11 22 26 30 25 7 21 15 21 13 22 24 18 
37 30 33 20 28 18 31 20 15 22 34 16 14 22 16 27 16 9 19 22 
41 26 34 13 32 16 19 23 17 30 28 9 17 26 13 16 10 25 15 16 
24 36 28 24 23 13 28 19 25 23 33 14 22 32 17 23 16 18 16 19 
31 15 13 23 37 21 12 20 32 20 22 26 21 17 30 23 16 11 14 12 
37 29 33 23 30 16 30 22 25 23 28 18 16 36 27 23 13 19 17 23 
28 15 27 32 49 29 24 7 30 28 27 18 17 34 30 18 16 21 21 16 
33 26 24 20 28 8 27 35 24 22 30 19 16 26 19 11 15 18 17 23 
41 26 39 18 29 21 26 12 22 17 22 18 6 31 34 26 17 12 18 27 
24 18 29 25 28 20 16 20 27 32 33 21 17 23 33 31 13 17 14 20 
10 22 18 18 31 14 27 29 34 30 28 18 18 45 31 15 18 21 14 22 
47 20 37 17 20 18 24 10 26 19 20 16 16 27 26 21 20 17 17 18 
30 25 33 22 37 13 30 19 26 43 23 17 13 21 39 24 25 15 20 23 
33 23 30 21 31 14 31 18 33 30 12 16 11 20 23 20 18 18 14 28 
26 24 22 25 26 11 20 23 20 26 33 23 25 22 39 18 16 32 21 16 
19 16 27 27 18 18 23 17 22 35 23 17 21 19 18 23 20 17 15 19 
22 26 15 23 39 21 31 20 31 26 34 14 28 30 16 28 21 24 14 18 
28 28 33 21 27 19 17 26 37 26 37 22 11 22 29 29 11 14 15 15 
17 22 13 28 27 15 30 38 24 24 23 22 17 25 29 33 22 19 16 18 
33 32 30 27 45 13 7 15 23 28 27 6 18 29 29 11 18 34 11 20 
34 25 24 36 25 17 29 18 18 24 23 9 15 28 25 27 17 25 11 32 
24 17 27 20 23 18 31 25 45 22 9 14 20 26 21 28 15 23 20 24 
36 19 26 20 29 19 19 16 26 37 35 10 13 17 35 18 17 20 13 17 
18 29 12 22 31 8 27 15 31 28 21 17 28 35 20 15 14 14 9 27 
28 22 20 22 35 17 15 20 36 31 41 11 20 14 25 26 19 7 21 18 
34 27 10 17 25 16 29 16 35 31 25 17 13 31 28 26 16 19 13 21 
29 31 22 31 30 8 30 22 29 16 20 11 15 32 27 27 9 19 11 27 
19 26 17 26 33 21 14 28 19 25 23 21 12 37 42 13 16 4 21 10 
46 19 19 28 25 14 27 23 25 25 33 24 17 36 25 34 20 20 14 16 
18 29 31 21 30 17 24 21 17 27 26 14 7 26 9 16 20 24 17 32 
11 20 22 31 25 24 22 14 28 19 23 11 18 20 20 20 15 20 13 24 
31 22 26 26 32 12 24 24 23 11 30 18 19 26 39 24 18 26 22 18 
34 32 28 10 28 15 27 13 32 27 19 22 17 28 18 27 13 24 18 16 
37 18 32 11 40 11 28 20 42 20 35 19 27 15 20 22 15 15 18 21 
23 25 35 27 32 24 22 16 18 29 33 15 24 7 24 23 23 25 22 16 
25 16 23 28 30 14 30 19 33 19 27 25 17 30 33 24 15 12 22 11 
26 25 26 14 12 17 25 22 20 22 30 17 15 18 19 22 11 14 18 24 
26 21 31 20 32 20 20 15 23 20 29 16 15 13 29 30 19 20 23 23 
23 26 25 25 40 15 31 21 27 36 7 19 15 27 18 28 20 34 15 23 
36 28 38 26 28 25 16 25 31 31 39 16 11 22 25 18 6 22 18 18 
33 37 34 18 28 13 32 16 22 26 23 6 22 30 26 19 16 14 8 18 
16 27 30 23 12 18 30 10 30 23 24 15 24 25 26 24 13 18 14 16 
32 20 37 13 34 24 22 25 34 33 28 16 18 18 19 26 13 16 18 23 
28 32 15 16 26 25 17 17 23 24 22 19 15 40 22 16 19 15 15 17 
48 24 19 16 37 25 27 29 35 24 23 18 18 19 16 3 10 21 14 20 
38 29 45 26 12 10 20 19 29 26 30 24 18 30 13 21 17 9 14 14 
43 24 36 21 23 14 21 27 35 16 31 23 10 25 26 13 12 24 14 11 
34 22 14 13 40 17 30 19 23 26 23 15 17 27 41 21 16 32 15 25 
32 33 28 32 16 17 24 22 21 39 10 21 16 36 31 15 15 10 21 22 
25 22 22 21 35 14 26 28 30 29 22 13 17 21 25 30 11 20 23 20 
34 31 30 15 28 22 20 23 22 23 35 16 7 31 21 17 7 17 17 23 
25 18 30 11 31 13 9 12 34 27 24 17 21 34 28 21 22 19 16 17 
32 29 25 24 36 20 14 29 20 31 16 21 23 33 41 27 13 19 19 9 
36 25 13 25 26 18 6 8 29 37 23 11 24 22 24 21 21 15 17 25 
21 24 27 29 26 9 15 25 34 17 19 19 21 34 25 24 15 17 21 15 
19 29 16 22 33 23 27 17 27 30 18 27 20 17 32 22 20 20 14 30 
23 13 12 12 32 19 21 24 25 27 22 22 13 29 28 20 15 29 13 21 
31 20 33 15 28 22 23 25 21 15 39 18 15 28 21 24 16 31 22 9 
38 22 11 27 36 9 28 22 25 24 36 10 13 25 20 26 17 12 16 22 
26 18 30 20 26 17 23 13 24 19 32 17 13 18 14 20 16 23 15 28 
27 35 21 20 31 17 24 21 23 29 21 24 11 32 33 19 14 27 10 15 
18 32 19 24 31 8 31 17 29 37 28 17 25 22 31 21 19 18 14 27 
33 28 30 27 28 15 23 11 27 16 17 23 15 29 17 23 13 16 11 9 
27 34 17 28 55 17 28 13 31 37 31 23 14 28 23 20 15 22 18 18 
35 7 15 22 19 14 23 23 17 29 35 22 10 18 31 25 11 27 15 12 
21 32 31 33 30 24 20 32 26 22 25 31 16 23 33 23 19 29 13 11 
20 11 23 24 31 8 14 18 24 16 20 15 14 41 15 20 18 18 18 15 
31 15 21 20 35 22 11 12 21 30 36 16 19 19 35 24 11 27 15 28 
15 28 21 20 36 13 18 16 33 24 28 21 11 31 32 30 8 16 13 22 
32 29 41 21 36 19 24 17 37 25 17 10 20 30 31 26 20 18 19 18 
22 25 27 25 33 18 7 14 30 22 35 11 16 16 31 18 17 25 11 19 
29 16 35 7 16 16 22 17 23 32 26 13 18 28 23 20 10 21 15 24 
33 18 23 28 26 10 21 14 31 28 25 10 15 26 28 25 12 29 21 9 
29 17 23 19 22 23 26 25 24 23 24 19 23 28 29 27 20 19 18 25 
28 26 25 15 17 18 17 15 28 24 33 10 14 30 19 20 12 18 20 19 
38 20 18 26 20 15 23 24 27 17 25 22 19 31 32 33 8 12 16 26 
39 27 27 23 23 15 24 21 23 28 15 14 14 28 25 27 15 21 22 22 
30 33 15 25 33 16 23 20 30 19 30 24 15 30 42 32 20 12 15 11 
25 25 11 26 22 15 22 21 30 14 19 17 18 11 19 27 18 19 12 17 
46 24 14 15 34 9 26 33 30 36 37 21 15 16 25 8 16 16 25 22 
33 18 22 16 22 16 23 18 33 9 35 26 23 24 23 25 8 25 10 24 
31 14 24 23 26 20 28 23 25 21 25 11 12 26 22 23 9 19 12 18 
19 15 21 17 33 15 11 28 9 19 30 29 16 30 12 28 15 9 13 18 
21 25 30 19 37 14 25 23 26 31 22 22 18 33 32 14 19 21 18 17 
21 21 38 24 27 14 26 22 25 42 30 4 20 8 29 21 14 16 19 24 
21 22 15 22 17 18 31 14 40 33 18 12 17 27 23 32 11 21 13 14 
17 30 24 28 22 23 18 15 29 11 32 20 14 16 24 24 9 30 11 21 
39 31 23 16 27 23 33 8 23 33 9 11 12 28 23 21 12 13 16 19 
32 14 15 26 42 31 22 21 20 23 27 22 8 13 16 28 15 23 19 20 
44 26 31 23 24 18 14 20 33 22 24 20 10 27 16 19 12 10 20 30 
32 19 31 16 32 20 21 18 38 17 31 27 14 15 27 27 13 28 22 24 
43 31 40 21 38 18 19 14 22 23 29 21 21 30 41 28 18 10 25 20 
33 28 27 21 21 16 25 21 25 34 32 19 19 21 6 36 18 31 18 23 
30 28 25 16 33 28 18 25 28 21 13 10 15 28 28 32 11 16 18 16 
28 22 8 25 34 14 26 10 30 22 25 23 18 18 21 29 12 12 12 24 
31 22 12 25 40 26 18 15 14 28 27 5 14 28 27 30 18 23 18 21 
39 29 29 19 37 16 18 13 30 25 26 11 18 12 28 29 13 23 21 17 
31 20 40 24 30 6 25 21 33 35 34 21 16 37 10 16 12 18 8 14 
32 31 21 22 15 17 28 18 25 27 37 16 14 25 35 21 19 35 13 25 
38 18 20 16 30 28 27 17 31 21 16 19 14 13 28 26 15 30 18 17 
26 25 21 23 22 18 26 12 32 17 17 14 18 21 26 32 18 15 11 16 
35 19 14 26 26 11 21 18 31 23 28 22 28 35 32 23 25 11 13 20 
12 25 37 18 31 19 35 24 22 28 18 16 18 22 5 27 21 13 15 15 
16 21 22 20 30 14 16 2 29 20 19 24 16 20 15 26 13 18 15 15 
41 20 19 22 46 6 28 22 38 33 37 6 14 22 30 19 18 17 21 26 
36 23 23 25 15 13 17 19 15 27 13 17 13 28 19 24 11 35 14 17 
46 27 24 7 30 13 30 23 31 16 26 23 20 24 11 11 14 14 14 27 
37 32 30 20 44 5 21 25 32 10 8 14 24 16 31 19 11 20 17 18 
34 19 28 19 39 15 23 23 30 13 41 12 22 12 23 9 12 18 18 17 
14 13 30 9 42 13 24 11 21 20 20 19 23 25 25 27 11 27 20 13 
25 31 27 22 17 15 12 29 35 25 28 17 11 33 28 15 9 19 20 24 
41 29 36 15 24 12 18 34 27 23 29 13 19 23 30 14 20 29 17 26 
27 25 37 20 27 18 17 8 11 25 18 22 14 21 26 29 14 22 23 14 
36 21 23 26 39 16 26 6 25 25 19 18 15 22 23 13 13 21 25 20 
21 21 14 29 20 30 27 25 24 26 22 15 20 20 39 26 14 22 22 12 
19 27 22 19 40 16 30 17 22 28 23 12 18 17 24 19 19 6 17 24 
31 36 23 19 34 25 8 18 37 32 32 11 21 20 29 32 11 9 9 18 
24 31 25 17 34 23 29 26 13 22 17 24 13 21 31 26 12 23 23 25 
24 23 24 17 22 30 30 24 30 44 27 24 12 21 16 21 17 21 19 25 
27 19 26 23 26 12 28 11 26 20 22 17 20 27 24 18 13 26 20 28 
29 16 19 21 34 13 23 18 27 24 37 14 10 43 25 24 20 19 22 21 
35 25 24 24 30 16 26 19 35 26 26 15 21 29 16 22 17 31 17 17 
39 28 13 17 32 19 22 22 38 32 24 15 10 30 41 20 14 24 14 26 
44 25 8 21 22 13 23 16 21 17 13 11 16 16 23 20 14 20 20 20 
29 17 31 30 23 20 22 26 26 24 31 17 21 25 40 14 17 20 12 24 
38 16 21 26 29 18 32 26 25 25 18 16 19 25 26 18 19 26 18 25 
14 25 16 30 32 17 33 29 17 15 21 14 16 40 11 18 11 19 11 12 
26 27 17 16 23 19 22 27 29 19 22 6 15 18 30 29 14 22 17 28 
29 32 17 16 34 17 14 17 28 26 17 22 14 37 24 22 10 33 7 22 
34 25 33 29 16 31 23 31 29 32 35 16 28 27 47 24 14 21 10 32 
15 28 16 25 39 15 19 26 26 30 23 22 18 17 35 16 10 26 15 17 
16 34 18 32 26 23 14 24 31 28 26 16 14 32 41 24 14 17 15 19 
27 22 13 32 23 7 19 14 21 27 27 12 20 25 44 12 6 27 18 17 
36 23 37 25 42 22 31 12 33 26 20 24 27 43 30 33 12 23 18 13 
40 30 26 27 23 18 20 18 30 38 37 22 17 32 33 17 16 16 19 19 
29 29 39 21 29 8 29 28 27 28 30 18 19 10 23 29 18 18 13 14 
27 26 28 10 38 14 25 17 23 14 25 18 20 19 15 19 13 14 15 16 
37 21 27 26 19 12 15 17 30 23 32 11 17 32 27 21 21 29 13 21 
33 25 27 23 30 11 15 23 31 25 21 16 19 41 18 19 19 21 11 19 
24 20 30 36 27 11 23 28 13 16 34 13 15 35 24 28 14 26 18 18 
14 40 24 20 28 17 33 15 28 25 20 23 9 40 18 18 19 22 14 21 
33 21 29 28 31 27 26 19 29 29 31 17 15 26 23 27 17 13 16 19 
35 20 29 25 42 16 22 20 30 25 15 16 20 21 36 31 17 23 15 10 
34 23 20 26 30 18 8 14 39 32 28 25 13 37 22 21 15 19 23 23 
30 28 31 27 30 16 18 22 36 31 21 25 24 29 24 13 16 29 18 26 
33 25 19 24 29 16 33 14 34 21 29 21 27 16 32 24 17 15 10 20 
30 21 30 26 29 17 20 17 22 23 27 15 10 25 20 25 15 34 11 16 
22 14 22 20 32 13 15 16 23 29 23 11 13 16 32 28 19 16 15 24 
28 26 22 28 18 29 14 23 27 19 15 24 17 20 23 21 16 19 19 20 
32 17 26 12 35 13 36 23 26 32 37 7 16 22 33 33 13 14 24 26 
30 27 16 25 22 8 29 23 36 20 23 9 15 45 16 20 16 17 14 21 
31 15 34 28 25 12 27 17 26 18 29 10 20 24 21 28 4 32 23 11 
28 15 15 26 31 17 28 17 29 34 26 9 23 16 27 28 20 22 18 12 
36 26 26 16 32 14 29 21 26 26 26 10 10 26 21 28 17 31 24 16 
40 23 39 15 18 17 34 17 26 28 23 21 18 22 36 24 18 25 17 6 
24 18 38 17 23 22 19 20 37 18 23 23 13 36 18 25 24 19 14 14 
14 21 23 17 31 19 17 21 28 25 32 13 20 30 22 24 17 18 13 14 
36 26 28 16 29 10 24 20 16 20 25 19 15 34 24 13 19 23 21 17 
9 20 27 28 38 19 13 15 48 22 29 25 10 9 38 33 16 26 17 22 
23 21 23 24 41 16 22 17 30 31 27 19 24 22 13 17 7 21 18 12 
37 14 28 29 42 14 26 21 45 23 35 13 20 23 19 38 15 13 22 31 
49 23 24 24 31 23 26 21 30 25 8 24 17 31 26 19 12 15 15 21 
29 30 25 29 21 12 18 26 32 22 28 17 15 25 27 22 17 27 14 21 
7 24 20 20 21 20 20 19 27 17 36 18 16 34 36 19 16 26 17 14 
45 23 28 6 36 12 33 24 29 25 27 17 18 22 26 25 8 15 19 16 
31 17 36 22 17 10 31 22 20 33 27 19 18 22 17 17 17 15 11 14 
31 37 31 29 31 9 25 20 27 18 21 19 11 33 23 20 17 21 20 25 
31 21 27 16 32 22 27 11 26 19 26 12 20 26 21 29 19 21 14 17 
30 16 29 23 40 19 19 28 25 22 21 12 18 35 19 38 17 18 19 16 
28 30 34 12 25 20 25 30 25 28 25 18 17 15 34 24 19 22 11 13 
30 21 22 17 21 16 13 26 17 18 28 19 18 19 24 19 20 26 13 17 
39 32 31 15 25 10 22 29 20 34 25 12 20 32 22 29 7 33 18 27 
38 11 30 16 27 24 24 26 25 29 26 23 33 21 14 19 20 15 12 22 
38 20 32 27 22 18 25 20 29 34 33 19 11 35 32 32 22 21 13 24 
41 20 24 17 12 18 30 9 20 22 23 20 10 37 24 30 15 18 14 11 
34 21 16 29 24 10 24 5 27 27 18 17 25 31 23 12 9 33 12 20 
41 32 20 23 39 18 23 24 34 20 24 12 18 24 42 29 11 16 17 18 
29 10 31 19 21 12 20 14 27 29 32 12 17 18 22 18 15 16 12 27 
37 24 29 17 28 13 18 9 21 13 24 15 11 26 32 22 13 21 12 13 
29 29 27 27 20 15 18 28 24 38 14 30 22 35 26 13 17 20 16 17 
29 17 24 25 33 29 28 17 23 34 24 25 12 19 19 17 15 25 15 12 
16 20 20 25 21 12 22 16 13 38 23 19 13 22 35 10 18 23 24 15 
29 30 11 23 35 19 26 25 28 26 31 20 18 30 23 21 10 25 18 20 
33 25 15 34 40 18 17 16 25 20 31 18 15 33 24 30 10 20 14 18 
20 19 30 31 21 20 26 14 27 27 30 18 24 32 15 30 13 15 12 20 
26 19 20 8 24 20 28 35 21 8 25 12 19 17 15 12 18 23 13 23 
33 24 30 27 31 17 20 13 27 29 19 17 10 54 23 33 3 27 11 19 
37 14 16 30 32 20 14 15 17 28 36 16 25 39 11 19 11 20 17 27 
39 15 20 19 33 15 16 16 35 20 31 13 21 16 31 36 16 18 14 27 
23 26 32 19 9 17 24 29 26 15 33 19 18 28 23 16 13 21 19 26 
33 25 20 14 25 24 17 28 17 20 17 13 16 38 33 23 9 9 24 18 
29 27 34 33 22 27 29 21 40 36 37 21 23 25 29 20 12 26 22 31 
28 27 23 29 30 22 14 19 29 21 8 23 20 36 13 16 11 12 10 28 
31 25 37 24 22 20 19 26 27 27 25 16 21 37 34 16 13 18 22 19 
32 22 25 17 11 9 18 23 25 20 41 24 18 11 28 31 10 21 20 22 
17 34 22 26 25 19 21 26 32 23 34 24 21 28 28 20 12 30 17 16 
38 22 26 24 29 9 26 22 27 13 26 18 24 24 36 30 17 23 11 25 
30 15 17 15 23 13 22 21 29 30 33 16 14 28 26 22 23 27 20 13 
31 19 17 17 22 11 28 16 30 23 22 18 16 19 45 28 18 22 11 20 

MachineCapacities:
MachineID Capacity
0 10
1 10
