NumTasks NumMachines NumScenarios
10 2 50
TaskDetails:
TaskID ReleaseTime ResourceConsumption SuccessorsCount Successors...
0 0 5 4 1 2 
1 0 3 3 2 3 4 
2 0 2 8 0 
3 0 6 7 0 
4 0 3 7 0 
5 0 8 6 2 8 9 
6 0 10 8 0 
7 0 5 4 1 9 
8 0 6 8 0 
9 0 8 10 0 

15 15 18 26 27 30 19 19 8 29 18 19 28 15 32 19 19 25 12 27 
13 15 12 29 26 37 14 36 19 30 19 15 23 21 23 22 23 26 9 21 
15 11 20 15 30 46 23 24 19 21 25 21 26 12 34 25 11 35 19 9 
16 15 21 12 28 10 15 26 29 20 15 16 24 19 23 28 24 25 15 11 
10 13 19 23 20 29 8 19 24 20 17 29 20 13 15 17 17 25 14 40 
15 12 21 34 22 26 18 21 17 28 8 26 12 16 24 27 27 22 21 11 
10 15 18 18 22 27 16 30 21 8 12 30 37 19 22 22 17 29 21 18 
11 12 17 23 27 19 21 31 20 23 16 32 25 15 19 24 17 19 21 20 
14 17 28 34 19 38 21 38 21 8 17 23 29 24 31 18 22 19 21 10 
14 12 16 25 21 33 20 37 22 34 18 9 31 20 22 15 15 28 15 34 
8 11 20 30 19 15 24 28 19 28 11 18 22 21 37 20 18 29 20 29 
10 9 13 28 29 38 25 20 18 31 12 10 23 26 32 25 22 10 7 15 
17 12 15 15 12 25 18 29 20 35 30 27 27 24 34 18 20 25 13 26 
14 14 10 33 19 22 18 31 21 19 17 16 21 17 25 16 27 21 11 27 
11 16 17 30 20 28 15 23 10 23 19 21 24 20 17 16 29 26 6 13 
17 13 24 27 16 28 22 16 14 15 28 29 17 19 23 14 22 26 27 26 
16 11 11 21 14 31 21 34 26 28 21 37 23 11 37 19 27 12 9 27 
11 11 23 39 31 37 12 25 19 32 23 19 21 17 23 19 29 36 13 14 
9 16 21 36 27 34 23 20 17 33 13 28 11 24 21 25 24 17 26 29 
11 11 16 18 25 22 18 31 15 34 18 34 21 23 28 22 19 29 18 24 
16 16 17 34 19 26 15 29 19 30 24 30 24 21 37 26 20 26 21 17 
14 11 26 24 28 33 33 25 21 27 23 31 24 22 24 12 26 22 17 28 
18 9 25 13 18 22 19 21 13 34 22 13 16 16 17 21 21 31 13 33 
15 15 21 20 19 41 28 14 29 20 18 29 22 12 24 20 47 18 10 7 
14 15 15 22 23 25 16 20 16 31 17 26 14 29 22 10 10 32 23 14 
15 18 7 21 26 30 11 28 26 19 14 19 22 23 32 29 23 25 15 40 
13 14 15 33 29 38 15 30 19 37 19 27 17 25 27 33 27 24 28 22 
10 18 27 34 14 30 23 18 26 38 12 28 22 26 21 21 24 20 12 20 
12 16 13 22 22 16 16 28 19 28 8 36 27 30 14 14 23 40 13 26 
15 14 17 36 27 31 17 26 13 18 19 16 19 14 25 21 20 20 20 17 
10 12 20 22 8 37 15 15 20 27 26 26 17 27 33 23 17 19 11 29 
12 11 28 24 30 33 23 28 24 22 19 39 26 20 39 25 10 16 25 27 
14 18 25 34 20 40 18 25 17 20 11 30 25 32 21 25 28 37 10 33 
13 10 19 28 24 16 19 14 15 19 17 45 33 17 18 18 27 35 27 19 
15 17 21 16 26 38 14 28 21 30 24 27 27 23 20 25 24 24 19 24 
11 15 21 19 32 22 15 19 17 31 12 24 37 21 16 20 28 22 19 20 
16 10 11 40 33 30 20 32 23 18 14 28 23 31 20 18 22 27 19 26 
9 4 13 35 28 25 26 31 17 15 24 27 21 21 11 17 17 27 13 26 
13 13 25 12 17 26 18 22 14 19 21 28 28 22 18 21 23 39 10 26 
12 18 17 15 34 24 17 12 15 22 24 38 18 20 35 18 23 26 15 13 
11 14 20 16 28 20 20 13 17 33 24 11 25 22 29 17 20 29 16 24 
15 14 23 18 16 29 17 25 19 21 23 26 22 21 22 30 16 22 13 39 
17 12 19 44 37 19 19 31 17 19 21 23 22 25 25 34 28 14 13 36 
15 15 27 11 20 28 15 30 19 14 21 37 18 28 22 20 21 31 7 28 
13 8 22 26 24 23 15 28 13 17 15 35 17 20 29 30 17 26 18 30 
13 15 24 27 30 35 23 15 21 13 17 22 17 17 23 34 20 22 21 20 
15 12 19 13 9 35 18 27 22 12 20 33 25 16 32 23 22 32 19 16 
12 16 18 24 30 26 15 25 20 7 24 22 26 12 25 17 23 17 22 25 
12 11 18 19 17 29 16 22 17 31 22 35 17 19 33 17 17 18 21 19 
17 8 21 32 30 38 23 19 20 24 24 20 18 15 29 18 20 22 20 15 

MachineCapacities:
MachineID Capacity
0 10
1 10
