NumTasks NumMachines NumScenarios
10 2 50
TaskDetails:
TaskID ReleaseTime ResourceConsumption SuccessorsCount Successors...
0 0 5 3 1 4 
1 0 7 4 1 4 
2 0 4 3 1 4 
3 0 9 8 0 
4 0 10 7 0 
5 0 6 7 0 
6 0 5 4 2 8 9 
7 0 5 4 0 
8 0 5 1 0 
9 0 1 4 0 

18 12 24 22 24 26 32 12 7 13 23 41 13 29 24 28 20 10 20 12 
25 13 31 16 22 26 28 13 7 20 12 23 9 32 25 16 8 21 11 19 
31 12 23 42 41 32 38 13 6 21 35 39 16 22 29 16 16 10 28 17 
15 17 28 21 28 33 37 17 8 11 31 32 11 42 25 27 18 17 25 10 
20 15 18 22 27 35 29 14 14 19 35 38 11 42 24 31 10 8 22 18 
29 15 25 11 37 34 24 12 10 13 18 52 8 23 16 22 14 12 7 21 
21 18 33 22 37 23 27 9 12 23 38 42 8 17 23 21 6 16 20 27 
25 15 23 25 23 29 19 17 5 33 21 31 6 27 29 18 14 15 26 8 
20 21 12 24 29 27 38 12 9 12 33 29 13 24 15 20 7 27 15 14 
33 13 24 32 21 22 21 10 15 17 36 38 8 27 16 27 8 16 19 10 
19 13 24 17 33 27 42 17 11 16 44 16 10 23 36 29 12 11 19 18 
13 21 28 23 18 25 41 10 11 21 19 51 7 35 18 33 19 7 21 17 
32 14 18 25 41 17 26 13 16 31 24 37 11 20 24 23 7 11 25 15 
19 20 12 27 28 29 31 17 5 12 22 28 16 27 17 24 11 7 12 15 
26 9 18 25 38 38 29 14 12 12 32 30 11 31 22 22 9 13 12 19 
24 19 23 14 25 11 23 14 7 9 19 39 18 29 24 21 15 13 14 19 
25 15 17 17 30 11 25 25 8 23 34 40 14 29 19 38 20 13 23 18 
12 18 28 37 38 27 36 11 13 19 32 18 10 39 26 18 3 10 26 10 
15 12 11 16 26 40 38 11 15 20 27 28 5 36 18 36 12 16 22 28 
32 14 19 22 28 39 36 17 13 16 18 28 17 36 31 30 12 21 23 25 
23 13 16 12 36 18 28 15 16 9 38 33 9 11 26 6 21 18 11 23 
14 11 24 32 29 20 33 19 13 8 9 28 13 22 19 41 18 15 12 22 
10 20 22 30 33 22 32 11 16 20 17 39 10 31 30 30 19 23 30 24 
21 14 33 23 27 23 36 8 15 12 47 38 11 21 9 20 21 18 12 17 
22 23 30 26 22 26 13 15 6 26 25 36 9 31 25 30 15 22 22 16 
19 16 19 16 10 27 27 4 11 21 20 26 13 23 32 40 17 17 17 27 
27 18 18 23 33 24 13 13 10 19 32 18 14 30 28 21 6 5 12 18 
21 20 28 14 35 31 44 10 13 22 38 27 8 20 20 19 21 12 31 18 
13 18 26 17 39 21 15 12 9 17 29 15 8 35 26 36 14 15 17 16 
18 11 17 21 28 23 25 15 11 17 36 32 7 29 24 39 11 16 23 12 
25 20 22 17 17 38 34 10 7 33 36 47 11 33 29 13 19 13 13 4 
25 19 29 15 39 31 15 9 8 14 26 36 8 25 18 22 11 15 12 19 
14 12 29 24 27 21 37 15 12 11 41 34 9 34 24 34 21 12 11 12 
35 16 16 12 32 23 40 16 8 19 17 35 7 28 26 19 11 9 6 17 
5 14 15 29 28 28 35 14 13 14 21 17 9 30 36 23 22 10 8 23 
26 18 32 21 27 24 35 9 8 21 27 31 9 20 22 12 21 14 18 16 
23 7 24 25 25 22 30 11 10 23 23 30 7 31 32 37 20 18 13 13 
18 19 15 19 35 23 34 15 8 19 16 42 14 35 30 20 20 10 17 21 
18 12 8 24 21 32 39 9 12 24 22 17 12 27 19 36 17 14 19 32 
22 14 21 20 29 22 16 13 16 27 30 21 11 33 31 40 16 14 18 16 
12 18 28 12 37 33 40 11 7 15 29 32 10 31 18 19 16 11 21 22 
7 13 28 20 28 33 36 9 12 25 38 34 10 39 20 13 16 10 23 18 
24 21 23 23 26 32 30 12 12 20 35 22 11 24 15 21 20 15 25 15 
23 19 22 17 60 34 26 17 18 31 30 18 11 31 30 27 16 8 20 17 
13 10 18 16 33 28 35 14 9 15 33 33 10 38 34 47 14 9 26 14 
23 19 24 27 34 31 32 9 9 23 24 38 13 36 32 28 9 18 22 20 
27 14 17 32 26 33 37 13 18 31 23 28 10 25 28 38 11 17 17 17 
15 15 15 27 33 29 32 17 10 17 24 28 8 30 24 16 12 10 18 14 
24 12 23 27 7 32 31 13 14 19 24 23 9 37 23 22 11 8 16 21 
25 21 34 12 34 42 34 14 13 22 42 7 12 40 15 27 14 15 17 22 

MachineCapacities:
MachineID Capacity
0 10
1 10
