NumTasks NumMachines NumScenarios
10 2 50
TaskDetails:
TaskID ReleaseTime ResourceConsumption SuccessorsCount Successors...
0 0 7 10 0 
1 0 1 2 2 2 3 
2 0 4 3 0 
3 0 9 4 0 
4 0 7 2 0 
5 0 4 10 1 9 
6 0 2 1 0 
7 0 5 2 1 9 
8 0 5 3 0 
9 0 8 9 0 

25 19 14 10 14 21 24 25 17 13 9 13 11 12 14 11 19 8 25 23 
31 15 21 10 11 22 17 22 22 28 11 20 8 16 26 7 14 17 13 13 
30 25 11 11 20 23 31 27 13 22 8 14 14 12 21 13 27 25 19 22 
18 16 28 7 13 17 20 22 14 22 15 14 10 17 11 10 18 11 18 20 
30 31 17 13 12 17 32 33 9 14 12 10 13 12 19 9 20 8 23 11 
28 31 17 7 15 18 54 37 18 18 12 24 9 13 7 14 24 12 17 15 
24 24 23 11 11 18 22 15 18 18 13 14 12 13 21 9 14 13 15 7 
21 17 14 11 8 21 19 21 13 22 13 18 13 17 16 12 26 18 16 23 
21 29 12 4 16 20 34 24 13 23 13 24 11 14 25 8 15 16 18 22 
19 24 30 10 20 26 29 23 17 14 16 17 7 18 22 8 17 18 8 31 
34 25 38 11 18 14 31 18 14 29 5 19 12 7 12 9 14 10 13 24 
26 27 21 12 10 15 24 31 8 24 13 14 13 14 18 13 15 6 17 33 
21 21 22 8 16 16 24 22 18 14 13 11 8 12 18 9 25 14 11 17 
20 17 17 8 10 31 15 19 23 20 9 18 7 12 27 13 16 10 16 20 
17 29 25 14 17 22 30 22 19 27 14 11 10 12 30 10 15 11 28 15 
24 34 18 15 13 12 33 26 15 21 12 18 11 15 20 12 16 10 14 14 
18 23 10 11 13 15 31 29 12 18 11 25 10 8 31 11 19 21 20 10 
17 16 32 5 16 9 12 30 15 16 16 22 10 14 20 10 18 17 18 21 
24 18 15 11 9 15 30 25 19 13 10 15 15 13 19 9 21 17 14 19 
25 18 13 9 10 13 6 26 17 26 15 25 10 17 22 12 17 18 9 12 
22 31 25 9 16 17 31 26 14 26 10 17 11 12 26 14 25 17 14 26 
16 24 7 6 8 29 26 28 14 19 11 16 7 14 27 10 19 13 19 20 
23 27 16 7 9 22 27 18 23 15 12 16 10 9 21 18 25 14 14 18 
24 24 38 12 16 24 33 11 5 27 11 20 12 13 20 17 17 11 16 22 
23 18 17 10 17 14 13 19 23 24 11 18 8 11 23 9 16 18 22 24 
28 31 31 9 12 8 34 23 13 26 15 18 8 11 9 16 29 16 18 18 
31 15 26 11 14 17 29 17 13 28 11 17 10 18 22 8 12 13 19 17 
24 25 29 10 9 19 41 26 19 4 12 13 14 13 21 12 18 10 9 11 
24 25 33 13 11 19 35 15 17 31 15 13 8 16 20 17 25 16 21 19 
30 16 9 13 11 22 18 20 13 22 13 15 7 9 7 14 20 13 18 19 
22 26 29 11 20 24 38 22 9 19 16 20 9 12 20 12 28 17 14 14 
14 30 41 7 10 13 20 21 11 11 11 14 8 16 27 10 20 14 21 24 
27 15 14 13 17 15 34 25 17 28 9 13 12 15 28 10 21 17 19 23 
14 30 26 9 14 27 19 14 13 18 14 16 15 10 20 12 22 14 22 19 
18 22 23 13 14 9 23 15 24 18 18 19 11 17 16 11 19 6 16 22 
22 17 25 11 9 14 27 20 10 20 9 17 15 17 28 12 22 14 20 14 
18 20 26 5 14 13 22 23 14 10 11 20 10 15 22 7 26 20 20 24 
26 23 22 13 15 11 41 32 13 20 8 16 12 15 27 10 16 9 10 7 
30 23 21 12 14 21 28 32 20 24 14 18 10 11 20 10 14 18 22 26 
22 26 20 9 15 15 17 20 15 17 10 7 10 15 25 12 22 14 18 18 
19 7 14 11 10 20 21 22 19 23 15 10 10 16 20 7 24 17 20 15 
21 23 25 13 17 18 43 23 22 35 10 10 14 12 25 7 15 16 23 13 
24 13 13 8 21 22 36 26 24 24 7 19 7 9 12 8 23 10 18 15 
19 14 32 9 10 17 16 10 13 18 11 10 11 15 24 13 25 13 13 18 
28 28 24 11 17 21 33 28 11 23 10 21 11 10 23 10 19 16 9 19 
30 26 26 7 20 16 37 18 10 9 16 16 13 12 17 12 19 19 24 11 
35 33 29 9 11 17 36 29 8 4 13 6 18 17 20 10 28 11 16 23 
19 29 10 12 4 22 30 27 14 21 13 20 13 14 20 11 19 16 12 14 
22 12 17 10 15 22 38 30 13 24 15 12 12 17 24 11 13 15 9 27 
24 30 31 6 19 20 25 22 13 8 13 16 14 15 22 8 27 14 16 23 

MachineCapacities:
MachineID Capacity
0 10
1 10
