NumTasks NumMachines NumScenarios
10 2 50
TaskDetails:
TaskID ReleaseTime ResourceConsumption SuccessorsCount Successors...
0 0 5 3 1 4 
1 0 6 8 1 4 
2 0 4 10 0 
3 0 7 2 1 4 
4 0 7 6 0 
5 0 7 5 2 8 9 
6 0 4 3 0 
7 0 3 9 0 
8 0 2 1 0 
9 0 2 7 0 

24 28 16 19 10 20 14 23 12 30 24 15 28 13 17 23 11 18 15 23 
24 28 10 20 9 14 12 25 11 35 18 14 28 7 14 36 14 20 13 23 
37 32 21 12 10 15 22 26 7 38 26 18 13 17 8 32 6 16 21 27 
29 25 18 31 15 25 23 17 18 22 35 14 15 25 23 27 11 17 11 31 
28 27 25 25 7 17 23 26 17 30 24 16 21 12 22 30 14 13 13 34 
31 27 14 26 13 16 25 25 13 42 37 11 14 25 15 33 12 12 15 26 
10 23 15 13 9 18 34 32 11 29 17 21 16 18 20 39 15 13 9 35 
19 14 12 25 12 22 18 28 9 33 27 8 16 14 21 30 13 15 19 20 
23 18 19 24 10 23 23 21 8 24 28 13 23 21 26 28 14 13 15 36 
29 18 17 21 6 19 25 25 14 29 26 14 29 10 13 14 11 15 17 27 
16 27 20 25 6 27 26 26 8 30 26 13 22 17 23 29 10 15 14 24 
38 33 12 17 9 17 17 13 7 15 30 14 21 19 27 31 10 11 12 27 
26 21 12 20 10 15 22 18 13 25 15 8 27 19 28 38 7 16 10 33 
21 34 18 30 10 10 13 28 13 34 27 20 19 25 12 15 8 17 15 22 
29 27 14 25 10 22 17 15 11 24 31 17 22 14 13 52 14 19 7 31 
34 36 20 21 7 24 17 14 10 19 19 13 18 14 20 25 12 10 13 35 
37 33 20 19 8 20 22 32 13 32 29 19 19 13 10 39 15 22 13 32 
32 15 17 27 16 15 20 23 8 27 34 13 26 14 26 29 15 16 13 39 
35 28 21 24 10 17 11 22 14 29 35 19 28 10 24 37 10 11 19 12 
33 25 22 16 7 17 23 23 9 30 25 17 13 21 13 40 16 8 15 28 
18 27 15 31 11 16 14 21 14 41 21 13 25 11 14 20 16 17 14 36 
10 28 14 14 11 9 37 14 13 44 23 14 32 15 24 31 13 20 19 32 
37 24 20 22 11 24 16 22 9 18 17 14 16 12 12 30 15 15 20 35 
22 31 9 15 4 24 9 23 9 37 17 19 27 23 19 37 13 6 14 30 
35 29 12 20 11 16 31 17 10 7 33 7 18 14 17 34 16 20 6 30 
5 13 9 30 12 11 12 18 10 47 33 12 9 24 15 31 12 23 21 44 
13 20 14 22 9 23 10 20 9 34 21 15 23 11 18 33 9 23 20 26 
38 30 17 31 11 21 24 40 10 24 15 14 21 21 23 18 15 22 12 25 
17 34 15 26 18 21 19 21 13 18 24 15 20 18 23 19 17 12 16 27 
20 15 13 28 14 15 14 26 7 30 16 10 24 21 10 12 14 18 10 27 
36 42 18 22 8 18 14 20 14 35 20 20 23 7 16 40 13 11 14 36 
34 20 8 17 13 19 18 32 10 32 28 6 22 19 36 18 19 12 12 31 
32 21 20 19 13 23 20 16 10 39 25 19 25 10 14 17 17 15 14 29 
30 32 16 15 13 20 25 21 8 32 43 11 20 18 17 13 9 10 21 42 
20 21 11 21 12 21 29 27 14 26 20 14 22 7 25 27 12 19 13 32 
23 22 11 23 6 21 17 34 12 11 25 10 16 18 18 22 11 15 15 21 
38 16 16 8 13 16 31 28 6 22 37 17 30 15 15 15 11 10 9 36 
32 33 15 15 6 18 29 29 10 22 24 10 12 14 14 27 14 14 17 19 
36 28 13 12 14 15 22 22 12 43 15 19 19 12 23 34 17 10 8 25 
12 21 12 20 10 11 24 22 10 37 25 25 21 22 21 24 11 15 13 27 
6 23 18 14 4 15 16 28 12 33 22 9 9 16 23 28 12 12 17 26 
33 15 15 15 13 17 15 12 8 31 19 8 21 8 6 35 9 11 18 29 
27 21 15 24 9 20 18 18 8 35 34 13 29 12 16 17 10 18 21 23 
24 41 14 17 5 18 29 17 11 16 27 19 24 19 16 36 12 11 15 18 
35 22 13 19 8 22 15 24 11 41 10 21 13 23 16 17 13 22 26 30 
23 13 13 16 14 13 13 21 5 27 20 13 10 22 26 32 8 20 13 29 
15 26 11 31 9 7 16 24 9 19 28 18 39 14 11 28 12 9 16 23 
25 27 17 16 10 12 8 27 16 31 28 12 17 11 17 24 12 8 14 26 
33 33 17 28 11 12 24 25 10 20 31 19 23 11 24 29 18 18 16 27 
27 19 7 17 11 26 15 34 9 27 21 8 19 21 17 49 18 23 18 30 

MachineCapacities:
MachineID Capacity
0 10
1 10
