NumTasks NumMachines NumScenarios
10 4 30
TaskDetails:
TaskID ReleaseTime ResourceConsumption SuccessorsCount Successors...
0 0 3 4 7 7 1 3 
1 0 8 3 2 3 0 
2 0 9 10 9 5 0 
3 0 5 10 5 7 1 4 
4 0 3 9 6 9 0 
5 0 4 4 2 10 3 6 8 9 
6 0 7 3 6 7 0 
7 0 8 9 7 3 0 
8 0 6 1 4 10 0 
9 0 6 6 4 4 0 

30 8 19 16 20 15 20 24 15 15 25 16 16 11 12 22 15 17 30 10 16 19 16 16 20 6 28 14 27 17 13 19 13 16 9 12 21 13 18 14 
31 8 18 18 12 12 10 17 16 14 20 35 37 11 18 28 13 20 29 8 26 22 14 12 16 15 30 19 26 33 15 14 9 16 18 18 18 14 12 15 
24 14 33 18 16 11 24 16 12 19 32 22 25 8 11 24 12 22 26 9 14 26 14 17 32 7 27 11 16 26 13 15 10 20 20 17 17 17 10 13 
26 11 27 21 13 10 20 23 17 18 28 24 20 9 16 24 20 17 24 15 21 37 11 7 25 14 18 20 38 23 9 16 11 17 15 15 23 13 13 10 
26 10 21 31 17 13 17 23 15 42 23 24 25 10 16 16 17 15 26 13 20 20 14 13 28 13 39 18 21 20 13 12 10 19 15 14 29 19 25 18 
22 10 37 17 15 8 17 24 9 31 16 16 17 10 17 36 28 15 26 7 26 29 14 14 23 12 25 19 17 17 15 15 12 25 21 19 29 14 15 16 
32 7 26 27 12 14 20 19 5 16 29 18 7 12 13 16 23 15 38 9 15 20 12 8 25 21 19 12 17 23 15 11 10 14 18 19 13 16 18 13 
22 14 31 17 17 8 17 24 18 28 35 13 24 9 17 22 24 24 18 10 20 25 15 18 19 15 32 15 33 14 8 17 10 20 23 25 31 14 18 17 
26 14 22 16 14 9 20 19 26 34 26 29 26 8 13 19 4 15 7 7 23 35 11 15 20 16 26 28 27 41 17 12 11 13 13 15 17 16 19 6 
33 12 21 22 15 7 13 20 14 17 32 8 31 9 15 22 12 19 20 12 19 22 9 16 26 15 24 24 24 13 15 12 11 22 17 22 24 12 11 7 
13 10 40 22 8 13 17 24 14 24 20 23 22 8 18 33 20 26 24 12 24 7 11 12 25 14 18 12 34 18 9 21 10 17 21 18 29 17 13 14 
19 10 35 19 16 8 14 25 10 37 30 16 20 10 21 22 26 26 21 8 16 30 13 10 22 13 17 12 18 29 13 13 9 18 11 21 38 19 13 14 
31 2 23 30 13 16 19 22 17 12 13 27 18 11 13 26 21 17 33 18 21 14 15 14 26 16 30 18 21 30 15 16 13 26 21 16 27 14 9 16 
22 13 30 26 14 14 16 22 19 19 18 22 26 11 21 28 19 14 13 14 17 16 13 7 28 15 19 20 34 24 9 11 12 20 16 26 23 13 17 16 
18 13 35 25 13 18 20 20 20 21 20 13 31 9 17 23 24 22 16 8 20 32 15 12 22 6 19 13 22 19 16 11 12 33 21 24 35 21 18 18 
17 9 31 15 19 8 19 13 25 24 17 23 28 5 18 17 15 24 23 7 19 19 9 12 22 19 24 15 28 27 15 14 12 18 15 24 26 16 13 21 
22 12 33 22 17 11 22 18 15 21 23 22 36 5 22 27 16 24 23 11 24 24 11 11 20 11 28 20 23 27 12 17 4 25 20 22 30 8 23 16 
21 5 24 23 20 10 11 18 16 23 23 16 29 12 19 14 18 22 22 13 17 22 11 16 34 16 31 18 19 14 13 8 13 30 18 12 30 19 10 8 
29 9 35 21 19 17 15 25 19 19 31 26 29 7 18 17 15 21 18 11 23 29 20 13 24 12 23 17 22 15 13 8 14 15 21 18 30 7 22 11 
24 11 13 25 15 14 27 16 12 21 20 20 25 13 18 19 32 16 12 11 19 17 8 13 22 12 32 15 31 20 15 20 14 14 16 14 40 13 23 15 
25 12 25 19 12 10 14 20 13 31 16 30 29 10 18 23 19 18 17 8 19 34 14 7 6 9 31 13 9 29 8 14 6 23 19 27 33 17 10 23 
24 12 24 23 10 13 18 15 20 19 21 23 16 11 10 14 18 18 23 11 7 21 9 11 27 13 17 18 29 19 14 14 10 23 21 5 26 11 17 15 
31 14 19 8 11 14 15 15 16 33 35 25 18 8 17 25 21 12 20 10 15 27 13 15 21 12 24 20 32 23 18 17 7 21 15 20 23 13 23 13 
26 18 26 20 18 12 14 11 14 32 16 9 19 11 14 18 20 19 24 14 19 24 7 7 19 18 16 20 47 18 14 20 8 22 19 19 25 14 24 17 
17 9 33 33 17 10 17 10 16 4 32 25 28 7 10 16 20 25 18 5 23 29 15 14 23 12 36 18 22 39 14 12 15 31 13 19 30 9 15 12 
29 8 27 21 18 11 24 28 17 27 30 32 15 12 18 14 24 13 14 14 16 38 10 16 24 13 30 19 44 21 16 20 9 29 16 17 22 22 18 10 
13 12 35 31 15 10 14 29 11 23 11 39 22 10 19 19 24 18 14 9 20 36 17 13 23 11 26 15 16 36 13 10 7 10 10 22 12 17 12 16 
23 11 38 35 13 8 16 21 15 36 38 18 13 13 11 16 19 19 24 11 23 20 16 7 21 12 12 13 24 27 13 17 12 19 17 21 43 14 14 14 
27 11 24 27 11 12 20 30 16 26 24 26 16 15 10 27 18 21 30 13 9 21 15 11 13 15 27 9 26 28 19 14 5 21 16 19 36 14 10 15 
20 8 25 29 9 6 18 13 21 28 23 33 24 9 16 16 17 27 19 13 16 31 14 16 14 16 26 15 40 23 15 10 7 31 24 9 30 11 20 18 

MachineCapacities:
MachineID Capacity
0 10
1 10
2 10
3 10
