NumTasks NumMachines NumScenarios
10 4 30
TaskDetails:
TaskID ReleaseTime ResourceConsumption SuccessorsCount Successors...
0 0 5 8 4 10 1 4 
1 0 6 9 5 2 1 4 
2 0 10 4 8 8 0 
3 0 9 8 7 5 0 
4 0 9 7 5 2 0 
5 0 5 2 5 1 0 
6 0 8 2 3 9 1 8 
7 0 7 9 3 5 1 9 
8 0 8 3 8 1 0 
9 0 2 2 4 4 0 

33 39 26 19 18 14 17 21 11 24 22 25 21 24 31 11 22 22 24 22 27 15 17 22 17 14 30 29 8 27 13 18 21 8 16 14 10 34 24 40 
30 30 22 17 14 13 18 14 14 29 30 23 25 31 24 10 13 18 20 28 28 17 19 27 17 19 20 14 13 28 15 20 23 24 11 8 14 31 25 28 
30 20 22 23 19 9 27 15 5 14 26 19 22 22 20 7 18 11 37 22 36 13 11 47 23 16 28 25 11 23 26 15 28 32 7 10 7 23 30 41 
24 29 14 24 16 9 27 11 15 41 24 16 24 43 22 14 18 16 29 18 41 16 20 38 15 19 19 31 8 13 10 17 18 26 15 13 6 20 15 22 
27 21 31 15 11 13 30 12 11 28 20 26 27 28 31 7 17 7 20 26 38 14 8 26 19 12 26 27 10 21 11 23 34 33 7 11 13 20 27 37 
36 35 43 24 9 9 24 18 12 28 25 24 24 27 16 14 21 22 22 11 34 10 23 23 22 17 43 36 9 20 18 26 23 18 11 8 9 35 21 31 
13 26 21 26 18 13 28 22 12 28 31 17 23 26 17 10 15 18 31 15 28 11 7 30 29 12 25 19 19 29 13 25 28 22 14 9 9 24 20 37 
36 27 28 28 14 12 22 12 11 37 28 24 29 37 23 13 14 22 18 14 40 12 15 30 18 16 26 15 4 20 16 20 36 19 15 12 12 40 33 19 
23 22 36 23 15 5 23 15 15 28 23 24 35 28 26 9 17 13 33 24 22 15 11 13 24 17 14 29 12 25 19 17 21 23 12 5 15 23 31 21 
23 26 35 21 16 10 19 18 13 36 21 20 35 32 32 12 13 19 14 14 40 12 17 14 11 17 18 32 6 34 15 26 31 40 10 14 8 25 18 28 
20 25 38 32 7 13 16 11 10 25 26 19 33 34 33 14 19 24 40 18 30 9 16 25 19 12 34 25 13 21 16 23 33 16 10 8 13 28 24 50 
27 22 35 25 8 8 21 19 13 21 24 23 34 31 25 16 21 14 22 14 37 10 16 19 12 22 26 11 15 20 9 14 30 28 16 3 11 30 18 25 
31 40 24 24 11 9 27 19 10 31 9 9 41 33 20 13 21 20 29 26 33 13 14 30 15 18 33 21 1 25 19 27 22 18 13 10 13 23 23 25 
34 23 28 24 17 11 18 12 6 23 20 21 19 29 23 9 19 18 21 25 34 14 14 18 14 15 25 36 13 22 16 19 24 32 12 11 12 25 23 36 
29 29 22 18 8 11 25 15 8 30 14 10 33 29 22 9 19 22 25 23 15 11 13 27 22 19 35 28 9 25 6 22 37 25 5 11 13 30 25 37 
20 30 26 27 19 15 27 14 11 35 15 18 35 27 16 14 13 15 25 25 25 13 12 28 19 14 11 18 12 27 11 28 24 26 16 13 7 29 28 19 
37 26 13 27 16 6 32 11 10 21 26 17 24 28 24 10 17 20 26 20 29 14 11 15 24 17 14 24 14 31 14 5 32 28 14 13 11 31 19 40 
34 16 30 29 6 14 21 17 8 34 29 25 23 36 17 10 19 22 38 18 24 12 14 12 19 12 23 30 9 28 12 21 19 19 4 6 8 26 26 31 
27 36 26 26 14 13 18 9 13 25 18 20 35 24 26 13 24 18 22 17 21 16 12 9 20 13 32 25 13 20 15 16 41 28 8 10 7 29 29 32 
29 18 19 18 13 12 30 23 8 41 17 24 27 45 30 14 27 25 29 29 29 20 7 24 22 17 32 27 5 31 16 25 43 28 15 12 14 28 21 23 
21 29 43 19 6 12 23 19 4 25 31 13 24 11 28 16 6 18 20 32 14 12 13 20 15 13 28 20 12 27 16 20 39 27 10 13 14 36 29 40 
32 23 27 17 11 17 21 15 8 29 26 25 25 17 18 12 13 6 29 27 39 14 11 31 15 17 23 27 5 32 16 22 16 26 8 8 13 26 21 36 
18 26 36 22 10 13 16 16 6 13 24 21 19 32 22 8 19 12 29 16 45 11 13 22 23 10 24 29 13 30 13 25 29 21 16 10 13 32 20 30 
6 23 37 28 18 8 22 21 11 30 28 20 23 29 20 11 8 13 35 15 46 11 15 29 12 20 23 25 6 13 14 13 21 17 8 10 10 36 24 31 
34 28 28 24 15 11 27 22 13 26 16 22 39 40 12 11 13 19 19 24 32 11 18 24 29 9 26 30 11 17 15 11 35 34 10 16 14 26 28 29 
34 26 29 25 13 7 12 13 6 39 14 20 19 35 11 13 21 18 26 25 21 12 15 34 22 14 30 18 6 26 10 19 26 25 9 14 6 21 10 39 
29 35 33 12 12 9 33 7 11 36 32 15 37 17 32 13 9 21 27 21 34 15 7 37 20 12 17 15 12 20 14 24 21 27 9 2 9 33 17 24 
42 37 13 14 9 11 27 15 17 38 10 22 28 24 16 11 15 15 34 17 33 14 6 41 20 9 25 31 9 19 18 24 28 27 11 8 11 22 22 23 
30 16 33 15 19 16 17 17 6 37 27 22 19 28 21 17 18 15 33 30 35 13 17 41 25 8 16 41 9 14 9 23 10 21 9 8 3 34 15 17 
31 29 29 18 16 7 12 13 11 33 27 23 30 23 29 14 18 12 18 12 20 12 13 25 19 15 30 27 10 26 11 18 28 26 8 6 7 26 22 20 

MachineCapacities:
MachineID Capacity
0 10
1 10
2 10
3 10
