NumTasks NumMachines NumScenarios
10 4 30
TaskDetails:
TaskID ReleaseTime ResourceConsumption SuccessorsCount Successors...
0 0 4 7 2 5 1 4 
1 0 2 7 4 4 2 3 4 
2 0 2 4 4 5 0 
3 0 6 10 6 3 0 
4 0 2 9 5 3 0 
5 0 8 5 10 2 1 9 
6 0 7 2 7 10 1 8 
7 0 10 4 9 2 1 9 
8 0 5 1 3 9 0 
9 0 4 3 9 5 0 

12 30 7 17 32 17 10 19 26 28 12 35 31 27 17 34 34 23 29 15 33 12 23 15 20 30 16 33 25 20 20 19 28 28 13 23 19 15 8 26 
11 24 11 13 18 24 14 38 10 21 19 28 31 24 12 20 29 19 26 17 32 26 24 19 32 24 22 28 21 16 27 24 31 26 6 12 34 12 11 27 
17 22 12 12 26 22 12 19 18 36 12 20 11 25 12 31 26 17 46 17 24 21 20 17 29 25 21 27 17 22 28 19 26 32 13 22 3 14 8 19 
13 36 16 20 22 11 13 27 35 36 7 12 19 27 12 34 19 11 46 12 43 16 30 20 39 19 13 26 19 6 23 21 23 24 12 15 19 14 10 31 
15 25 19 17 22 25 14 19 25 42 20 29 20 38 10 40 42 16 27 13 17 21 31 14 18 46 18 42 22 22 35 17 30 46 5 17 16 13 9 32 
11 30 16 18 25 14 10 12 19 42 11 21 20 37 15 28 24 17 27 13 31 25 19 24 28 31 18 16 23 17 25 20 19 24 11 15 46 10 13 32 
16 24 11 22 16 14 8 23 18 26 19 20 39 16 11 30 14 16 20 18 26 31 24 13 36 27 25 33 29 17 34 31 22 21 12 15 44 15 10 18 
11 28 20 18 19 11 9 23 36 33 14 25 41 35 17 32 15 8 30 18 22 17 10 15 29 29 23 17 15 13 27 30 18 29 12 26 47 19 9 28 
14 14 15 13 26 20 8 21 19 39 20 23 20 38 15 22 18 18 37 17 38 14 24 17 28 29 19 21 27 15 23 28 13 30 7 21 26 15 9 30 
17 28 17 13 26 14 8 13 35 47 16 21 23 33 12 21 46 25 34 16 27 24 25 13 19 18 19 22 25 24 37 14 24 32 13 19 22 16 6 40 
12 22 29 15 22 18 2 16 22 31 19 23 24 20 15 43 14 20 29 12 25 19 20 14 14 29 19 8 22 24 26 14 34 32 11 20 27 17 13 46 
19 29 19 20 22 17 10 31 30 31 9 33 29 20 13 9 30 12 39 17 23 24 13 20 39 11 11 23 24 19 30 25 28 27 13 11 33 15 12 24 
9 21 12 8 23 18 13 19 22 40 11 29 28 13 10 37 37 22 33 14 9 18 30 16 45 12 19 17 24 13 35 29 13 32 11 22 31 19 12 31 
22 24 20 14 16 16 8 23 16 38 23 25 16 31 11 34 34 14 25 17 31 12 31 14 31 23 17 20 11 15 21 24 27 27 8 13 33 8 9 15 
9 19 21 16 29 24 7 24 23 33 26 28 19 26 13 25 18 22 23 13 16 17 24 14 29 29 21 34 29 20 15 24 26 28 15 24 30 14 9 30 
19 18 12 18 13 24 15 29 30 21 17 32 28 41 14 28 22 10 39 9 32 24 27 19 39 29 15 24 37 10 27 24 26 28 14 20 25 12 6 26 
13 22 17 22 20 16 8 24 21 31 17 21 21 35 12 26 37 19 22 13 31 10 22 23 40 14 25 27 23 20 23 20 21 33 12 19 45 16 8 31 
13 37 20 11 10 22 12 29 26 22 20 20 26 47 13 23 24 20 37 13 31 19 19 12 19 22 20 25 5 23 25 21 26 38 8 19 20 16 7 28 
17 23 19 12 29 14 3 34 29 32 20 29 28 27 10 29 31 15 26 22 23 19 31 19 23 18 14 19 16 12 24 18 25 33 9 8 31 23 10 24 
13 18 13 11 24 12 6 20 16 22 15 19 17 20 15 19 24 16 23 14 28 23 12 20 27 38 26 27 16 12 43 17 26 36 13 22 14 18 8 23 
11 19 24 13 1 15 5 18 18 26 13 18 19 28 9 45 36 23 34 18 35 25 28 14 30 33 9 28 22 21 35 24 29 21 10 19 28 16 6 18 
6 15 22 12 14 15 6 23 19 20 5 15 41 28 15 32 18 16 43 24 31 15 21 22 35 22 14 18 21 15 27 14 33 37 15 17 44 12 10 32 
17 17 20 12 32 21 11 28 25 23 12 16 30 16 12 31 30 21 32 16 10 23 28 18 26 23 23 22 13 16 20 29 23 18 12 22 32 18 9 26 
20 23 14 15 18 16 8 12 29 11 16 27 29 27 12 44 35 22 19 11 20 17 25 20 13 27 23 24 29 16 24 23 23 12 16 22 21 20 12 22 
14 23 21 6 26 11 11 13 20 20 18 41 23 27 17 26 44 17 31 20 18 20 24 8 33 39 16 32 29 15 36 20 32 16 8 12 34 18 4 19 
18 20 17 14 28 23 12 19 18 25 12 24 22 26 13 24 33 27 24 23 43 21 17 25 22 29 15 9 20 17 28 26 37 46 9 20 36 16 8 22 
18 27 23 14 15 17 6 19 15 20 15 27 21 36 16 39 15 21 31 14 27 15 37 15 34 36 22 23 18 13 30 22 23 33 13 15 19 6 17 26 
16 28 11 8 23 17 8 20 24 31 1 14 33 36 14 33 28 19 18 21 29 24 20 9 19 25 24 21 18 13 29 23 35 29 14 22 43 18 18 36 
16 16 21 12 31 22 12 30 18 38 19 14 22 20 14 34 25 26 25 11 29 16 27 18 31 33 13 31 10 15 28 14 15 8 13 16 17 19 17 17 
16 31 12 15 25 12 9 25 31 31 17 24 20 23 11 37 39 13 38 19 22 31 9 22 29 19 7 14 21 10 31 24 22 21 11 18 27 17 12 28 

MachineCapacities:
MachineID Capacity
0 10
1 10
2 10
3 10
