NumTasks NumMachines NumScenarios
15 4 30
TaskDetails:
TaskID ReleaseTime ResourceConsumption SuccessorsCount Successors...
0 0 5 5 8 9 3 1 4 6 
1 0 10 4 10 10 2 5 7 
2 0 3 7 4 6 0 
3 0 8 8 2 3 1 6 
4 0 7 3 2 9 0 
5 0 8 9 4 2 0 
6 0 3 4 2 1 0 
7 0 8 3 7 7 0 
8 0 9 8 3 6 1 13 
9 0 1 6 6 1 2 12 13 
10 0 2 8 6 4 1 14 
11 0 8 6 2 3 0 
12 0 8 3 4 7 0 
13 0 2 3 3 6 0 
14 0 4 1 7 3 0 

12 33 18 30 14 11 31 18 9 20 27 30 15 29 35 18 14 30 17 27 22 12 29 25 23 21 21 26 20 16 27 19 4 18 24 20 21 18 15 25 22 12 26 9 33 8 24 13 20 11 13 22 25 16 13 12 35 32 25 19 
25 33 23 28 20 21 50 23 18 12 25 29 13 25 41 11 12 19 34 28 30 12 35 31 17 23 16 26 25 9 21 14 10 14 17 20 23 27 20 28 30 7 31 12 34 16 34 10 26 25 10 39 27 10 14 6 30 22 15 23 
18 32 31 26 4 20 25 20 16 15 34 22 9 24 33 7 9 29 12 27 26 12 29 9 15 29 12 37 45 13 22 11 9 17 24 22 33 35 26 27 31 18 24 18 26 15 24 13 22 19 44 38 27 15 12 9 24 25 31 23 
24 33 22 25 20 31 27 11 22 26 20 21 12 34 27 12 4 19 14 13 25 9 21 32 20 9 15 27 24 11 26 10 10 15 27 20 29 22 28 30 34 18 39 12 22 18 33 11 19 9 30 28 32 11 11 9 25 24 19 19 
20 39 20 26 13 26 39 13 16 20 24 13 7 36 37 15 9 18 16 19 35 20 48 23 8 28 14 21 34 13 25 18 8 16 10 20 21 37 24 24 27 11 16 12 26 22 23 11 32 11 36 36 26 12 9 10 21 29 22 14 
32 21 27 30 19 15 40 13 18 30 22 24 14 23 24 5 11 19 32 31 26 11 43 25 17 21 16 29 27 7 25 13 9 11 27 25 21 21 41 29 29 23 18 15 19 11 24 22 38 19 28 52 14 6 10 17 33 26 15 25 
29 32 28 20 5 25 27 22 14 21 20 23 13 27 28 10 8 27 16 33 22 7 21 33 12 15 15 23 25 18 24 17 5 15 25 15 29 16 35 19 31 26 28 17 33 16 25 10 23 12 32 17 21 10 11 12 31 15 31 18 
28 23 15 18 12 23 44 22 15 26 24 33 10 24 34 16 5 27 41 19 23 11 32 25 11 26 20 19 34 10 23 20 10 9 11 26 15 35 14 25 19 24 23 12 22 9 15 12 26 13 22 29 32 9 14 14 31 12 30 18 
21 31 19 25 19 18 20 18 21 18 26 38 9 35 36 8 6 33 40 22 32 11 29 13 24 13 13 19 30 9 32 19 7 17 38 23 22 31 17 26 33 17 25 15 24 13 20 10 29 16 41 23 25 14 13 16 13 35 13 36 
25 22 19 32 19 26 20 19 24 15 29 20 12 24 30 12 10 30 36 2 26 22 33 26 17 24 14 21 24 16 35 15 11 20 22 15 17 31 25 23 32 34 24 13 20 16 27 9 27 19 29 18 29 14 13 10 29 39 14 32 
32 25 24 25 21 22 27 17 11 20 19 27 12 39 19 10 14 40 31 31 8 15 35 8 19 18 19 22 21 7 33 19 7 17 22 23 12 42 41 17 25 20 27 12 28 10 29 12 24 8 46 35 17 12 10 14 25 21 16 25 
18 36 19 32 14 23 23 19 14 12 14 18 11 42 25 8 9 38 30 19 4 10 43 21 29 19 13 26 19 14 18 12 17 12 7 29 32 38 7 18 26 29 26 15 21 7 30 15 23 14 37 44 22 19 12 8 34 35 20 19 
18 34 21 21 21 19 8 21 17 21 18 33 12 40 27 11 5 25 26 24 21 18 13 25 35 13 19 30 15 15 37 21 12 19 18 17 25 40 23 20 40 30 16 16 31 11 30 11 19 14 19 25 21 10 11 12 20 23 9 24 
19 20 24 26 21 12 26 23 15 12 22 16 6 31 27 10 9 30 18 25 18 8 30 40 21 14 21 20 37 11 30 13 10 15 31 13 20 18 30 23 31 20 24 11 24 18 25 13 30 21 20 26 21 4 15 11 21 26 20 25 
7 33 25 20 18 24 24 17 15 25 19 25 11 18 22 16 11 30 30 20 24 7 21 27 22 30 14 24 28 12 20 20 10 9 24 21 8 30 33 18 21 18 27 14 16 11 19 8 17 14 42 26 20 6 11 11 23 12 23 18 
19 39 32 22 16 23 16 23 15 19 30 16 16 21 38 11 14 28 37 19 18 14 34 37 13 16 21 28 34 10 28 9 9 18 16 17 28 26 24 30 26 25 35 11 10 12 15 13 30 18 28 40 17 12 9 12 38 31 31 25 
19 30 18 24 16 26 34 17 17 22 22 26 10 29 35 12 13 19 27 22 17 13 36 24 24 16 19 28 30 19 13 14 9 16 15 22 36 34 24 31 33 14 40 10 31 16 29 13 23 9 15 35 29 9 14 9 35 28 21 28 
26 20 18 22 21 32 36 17 21 17 16 22 8 14 21 10 16 29 17 35 24 13 25 39 15 20 18 23 23 13 31 8 10 10 23 22 41 30 23 16 32 17 30 17 26 16 6 16 22 18 29 35 27 16 12 11 26 24 24 15 
13 31 18 15 20 23 29 25 19 12 15 22 12 18 19 13 14 27 23 22 15 9 10 28 24 23 20 28 32 10 30 13 9 14 26 14 37 28 26 24 36 28 22 14 10 16 30 10 35 13 38 39 16 9 15 11 27 22 26 25 
27 35 45 24 21 23 33 21 23 14 30 17 6 20 29 17 12 27 37 27 10 18 28 23 16 18 10 15 23 24 21 17 14 19 19 15 19 22 23 15 21 19 27 14 21 13 22 15 22 18 25 34 20 10 12 15 24 33 19 27 
20 24 30 21 20 15 26 15 10 25 28 30 10 23 33 11 7 25 30 27 15 11 36 26 19 22 16 33 30 10 42 9 9 15 26 21 30 21 15 21 31 14 31 15 35 16 28 13 28 12 16 24 18 16 15 10 34 20 19 27 
21 20 39 12 20 31 35 22 12 8 16 27 10 34 37 8 6 14 40 19 33 11 25 43 14 29 18 23 32 21 23 17 12 14 13 15 27 34 23 36 37 25 34 11 26 11 25 15 28 17 7 22 20 11 4 12 12 15 19 35 
22 13 12 26 22 32 24 26 14 26 18 22 13 35 19 11 14 29 45 29 21 10 19 16 22 28 21 27 35 13 16 22 12 12 27 20 20 38 17 26 27 14 22 13 39 11 23 11 30 16 47 32 24 9 10 4 30 33 14 29 
25 30 16 14 21 32 16 19 12 15 26 23 9 34 28 10 10 51 20 10 21 21 40 23 20 18 18 30 27 8 27 16 15 10 35 20 37 27 21 30 29 21 25 14 31 9 7 16 25 15 30 43 17 7 13 10 22 28 18 28 
30 27 29 40 28 35 17 18 16 16 19 28 12 25 14 9 16 38 8 13 26 21 10 24 22 22 22 27 26 19 22 3 9 18 21 15 19 19 17 18 24 18 17 10 23 15 17 14 26 15 21 42 34 6 18 10 41 30 21 34 
18 26 24 26 15 20 40 11 18 21 21 16 9 27 19 7 9 28 25 18 24 13 36 34 27 26 21 28 42 18 23 16 17 17 18 27 43 21 23 22 26 12 27 15 26 12 22 9 24 16 26 40 18 9 14 12 30 29 17 11 
22 33 23 9 19 19 23 30 11 16 16 13 15 27 25 8 10 29 34 16 38 10 34 32 16 32 21 32 34 10 35 14 4 16 26 21 34 20 22 14 22 22 18 16 35 11 27 15 36 16 37 20 16 9 8 11 29 5 18 29 
29 36 23 23 26 18 25 18 12 15 21 24 8 11 39 13 7 38 31 25 36 12 31 40 19 15 18 29 35 13 42 16 7 12 23 32 37 26 16 22 14 10 25 14 26 15 24 10 40 16 17 28 18 12 11 14 30 19 19 24 
20 23 28 23 14 22 17 17 18 27 24 30 11 21 38 13 16 24 30 19 22 11 22 34 18 18 25 28 19 16 27 17 13 10 16 6 18 33 24 16 24 14 22 12 26 16 20 8 36 19 37 31 30 16 19 9 18 35 10 24 
30 30 6 24 22 26 27 16 10 15 24 26 13 34 38 8 9 14 26 13 19 10 11 26 21 18 27 36 38 8 28 10 10 12 28 13 40 28 29 34 22 14 30 13 21 7 26 10 30 24 22 36 20 10 12 12 27 10 11 14 

MachineCapacities:
MachineID Capacity
0 10
1 10
2 10
3 10
