NumTasks NumMachines NumScenarios
30 3 30
TaskDetails:
TaskID ReleaseTime ResourceConsumption SuccessorsCount Successors...
0 0 4 3 1 1 3 
1 0 6 4 1 2 2 4 
2 0 1 10 9 3 5 6 7 
3 0 6 1 7 1 4 
4 0 3 8 5 3 5 6 7 
5 0 7 3 2 3 8 9 10 
6 0 8 1 10 2 9 10 
7 0 7 4 9 2 12 14 
8 0 2 9 8 1 11 
9 0 7 3 10 1 12 
10 0 9 2 2 1 11 
11 0 5 2 1 2 12 14 
12 0 7 2 2 1 13 
13 0 4 3 7 2 15 16 
14 0 6 9 5 2 16 17 
15 0 7 6 9 2 17 18 
16 0 8 9 10 1 18 
17 0 8 4 9 1 19 
18 0 8 7 1 1 19 
19 0 3 8 4 0 
20 0 4 1 3 2 22 24 
21 0 3 7 2 2 25 26 
22 0 2 5 3 2 25 26 
23 0 8 2 4 1 24 
24 0 4 4 9 2 25 26 
25 0 7 8 8 1 27 
26 0 3 5 7 2 27 28 
27 0 5 8 4 1 29 
28 0 5 5 8 0 
29 0 5 2 4 0 

17 34 29 16 35 27 31 27 20 20 17 16 34 15 21 46 20 26 20 20 20 23 22 22 30 28 26 25 24 28 11 14 14 15 26 20 25 26 14 24 31 19 13 19 24 28 15 15 21 21 17 4 21 14 30 24 15 31 20 21 11 20 23 28 27 26 32 12 23 39 21 16 20 21 10 12 31 28 30 15 21 14 19 25 35 28 23 23 25 34 
19 32 24 12 36 16 22 14 21 27 14 21 21 20 26 25 24 13 16 22 22 18 21 17 27 33 31 28 14 17 19 17 27 17 17 11 15 29 19 20 36 22 14 28 29 28 23 25 18 19 25 15 15 18 36 27 21 13 18 14 15 6 15 31 30 25 25 7 25 36 12 19 23 13 17 23 33 16 39 23 20 14 20 20 33 46 28 39 21 24 
20 12 7 13 47 27 31 23 18 11 26 12 14 9 20 30 25 28 18 6 17 17 17 18 25 24 11 20 16 22 7 22 34 16 27 16 40 19 11 12 28 19 35 29 45 16 2 23 13 18 18 13 36 24 44 10 31 19 30 20 19 20 27 28 26 31 32 17 32 34 20 32 18 23 27 12 9 34 35 18 24 25 24 35 35 38 12 39 27 28 
21 28 26 15 15 9 22 25 20 18 19 15 23 21 26 40 14 20 20 13 26 13 25 23 21 32 32 21 17 23 10 14 13 12 30 25 26 36 17 24 30 24 32 21 28 16 36 23 16 21 19 20 29 27 33 20 29 21 12 18 35 21 15 24 31 18 20 21 33 14 14 30 28 4 13 19 22 15 44 21 25 25 16 21 46 30 17 29 41 37 
20 29 17 13 26 25 31 14 16 28 23 14 18 7 17 23 13 35 14 14 25 15 26 17 17 28 13 13 13 23 14 19 31 12 11 12 20 23 18 23 27 25 23 30 13 11 19 20 10 9 27 24 17 13 26 34 22 20 22 22 12 20 18 31 24 19 30 12 30 37 16 29 25 11 41 30 34 21 20 19 14 34 29 19 29 23 21 20 54 6 
20 15 26 17 33 30 4 17 33 18 26 16 16 15 33 33 15 26 23 16 31 7 15 28 29 17 28 19 18 25 16 6 19 6 34 13 23 34 21 15 24 11 21 6 26 29 24 29 24 24 22 9 32 31 21 32 39 22 16 12 15 18 25 21 27 20 40 19 33 25 15 14 26 13 31 12 27 28 34 16 29 17 22 16 40 39 15 17 15 35 
8 32 30 16 29 22 24 12 22 40 25 16 17 17 20 32 14 29 18 7 10 15 18 35 20 29 45 11 23 16 16 9 24 17 30 33 14 33 16 24 24 13 45 20 27 32 27 15 17 12 45 30 26 33 34 21 5 26 32 17 19 26 22 17 18 28 16 20 38 26 19 34 25 18 31 10 33 25 17 20 17 24 11 29 34 22 21 38 24 38 
23 31 16 15 25 28 22 25 22 48 18 15 26 11 20 49 25 37 16 19 16 21 14 32 28 21 44 21 24 22 10 9 23 18 21 19 10 25 20 19 28 26 36 17 26 34 27 21 11 23 40 15 42 28 33 9 20 19 17 16 11 12 17 17 26 25 30 17 19 24 5 33 22 25 29 11 30 10 38 14 15 25 22 14 33 44 18 24 32 27 
23 45 29 17 24 25 19 24 11 27 24 20 10 21 24 33 13 24 19 18 20 13 15 21 21 29 26 12 21 23 11 12 24 15 17 29 23 33 21 13 26 30 30 33 33 28 34 20 11 21 34 20 25 22 39 35 19 22 19 16 20 18 24 18 22 25 45 11 24 38 14 25 20 14 21 27 44 13 34 27 20 18 18 37 26 27 12 26 29 24 
20 37 31 21 23 17 24 25 24 28 15 17 11 22 25 19 19 30 19 14 17 18 26 28 19 26 17 18 14 18 14 21 30 20 32 27 29 29 25 25 23 16 25 33 29 11 31 24 18 26 31 20 19 33 32 32 16 14 17 21 24 12 27 28 23 24 36 28 33 24 17 42 33 24 31 21 29 24 22 19 40 25 28 20 31 17 26 44 32 20 
18 22 25 15 43 22 7 25 12 26 8 18 13 19 12 17 19 37 5 7 19 27 20 15 12 14 32 16 13 12 13 8 34 18 16 23 31 18 14 21 25 25 22 7 37 19 27 18 22 17 27 9 35 23 16 19 14 19 24 15 20 20 10 26 28 30 25 19 45 31 19 30 23 14 31 20 35 12 18 19 14 24 26 14 45 27 15 30 31 21 
15 22 32 15 25 16 23 18 20 29 20 17 17 12 39 28 18 34 15 13 16 24 25 24 26 47 29 17 28 20 12 11 15 15 27 25 34 24 18 21 32 18 44 26 10 27 27 17 20 13 19 20 28 33 27 36 23 29 22 19 22 19 18 27 15 14 19 18 30 41 14 21 16 17 36 22 26 22 46 27 28 25 26 30 11 24 14 35 17 30 
17 35 14 18 23 21 11 29 16 36 23 16 24 20 33 29 10 32 14 24 16 18 8 28 23 16 44 19 24 19 16 18 29 21 18 19 14 13 8 21 26 29 15 18 30 31 28 12 16 21 25 14 25 17 31 30 28 14 24 7 30 21 21 16 25 25 11 18 26 33 18 31 28 22 47 21 25 21 27 16 22 15 17 25 22 8 21 16 30 28 
25 29 18 14 26 11 26 34 20 26 24 10 13 17 31 19 25 14 19 18 22 20 15 34 24 26 35 7 26 17 14 9 18 8 28 19 42 32 23 18 16 13 22 29 40 26 28 15 15 11 24 19 22 16 20 28 39 29 28 14 28 9 23 21 30 32 29 22 31 39 21 26 33 24 41 18 27 7 15 20 15 25 25 22 30 32 12 15 25 26 
18 24 34 25 29 27 19 25 13 18 30 13 26 17 42 41 15 31 14 14 25 18 14 21 28 28 39 27 18 26 12 17 34 19 27 16 27 27 24 14 33 32 38 40 25 29 37 17 15 8 23 18 26 13 26 33 34 25 17 16 25 24 22 10 23 29 22 27 24 46 11 29 23 16 43 8 45 27 32 15 37 30 25 23 9 24 20 33 28 32 
15 43 17 14 21 9 20 23 17 30 24 10 28 10 22 24 14 34 18 16 16 13 19 25 14 5 26 20 13 25 15 16 23 15 34 16 22 39 26 17 28 23 26 22 46 19 30 21 21 20 17 19 39 28 36 28 23 18 28 16 23 17 25 23 28 29 18 12 30 40 11 27 22 12 26 17 16 27 30 14 20 18 22 20 32 51 16 27 39 20 
27 36 14 10 39 24 31 14 17 33 15 16 27 17 15 32 21 27 8 16 24 11 16 40 24 29 31 19 23 28 10 14 20 13 36 27 21 31 16 26 33 22 29 21 39 26 35 23 13 18 39 10 33 22 25 24 34 26 10 27 30 28 27 28 26 12 22 17 38 34 17 21 18 26 24 23 36 18 35 24 10 12 26 30 17 44 13 8 18 30 
18 35 26 17 31 8 20 22 7 31 22 15 29 17 37 36 16 27 8 14 20 13 17 27 20 41 35 19 26 16 17 20 35 13 18 31 35 28 16 30 27 12 35 13 26 28 34 19 16 10 18 13 29 24 16 31 26 22 32 21 32 22 15 19 24 31 26 17 41 17 13 15 28 16 27 20 18 22 36 23 30 9 18 33 29 6 16 43 40 30 
23 24 27 22 11 17 29 23 13 25 34 15 26 20 31 24 21 22 19 18 14 21 14 22 28 15 36 23 18 14 11 9 28 14 19 25 24 33 17 27 39 21 19 31 38 24 30 15 21 26 15 21 28 21 27 26 25 29 9 26 21 21 23 27 31 27 47 26 41 44 18 23 31 19 43 21 19 23 28 19 22 26 28 29 23 21 3 30 36 22 
17 21 38 18 33 19 16 21 17 27 22 15 25 7 34 15 14 24 11 10 13 16 21 10 19 37 21 16 24 13 11 13 25 17 33 23 22 34 16 16 11 15 29 35 27 29 28 19 15 19 32 13 36 19 31 36 30 17 21 21 23 20 20 34 11 25 27 22 25 37 12 21 25 13 52 21 30 21 25 22 19 15 30 23 24 26 21 37 18 32 
23 32 24 14 19 17 26 29 10 31 23 13 5 15 24 27 19 33 17 14 25 10 18 29 19 31 27 8 27 22 18 12 32 13 17 20 14 37 15 23 20 19 33 22 18 38 27 6 14 23 37 14 38 28 43 26 30 17 10 14 27 19 21 14 16 17 24 27 34 29 13 19 25 12 27 21 36 16 26 19 30 20 26 30 37 19 24 45 31 41 
15 33 20 16 29 29 14 31 23 21 39 24 30 17 18 16 13 24 20 13 20 15 21 27 18 22 27 23 20 29 9 8 29 12 21 19 23 18 25 20 29 17 19 32 22 33 30 21 22 22 44 7 23 28 38 21 17 24 24 26 25 17 23 15 21 12 21 19 36 27 24 21 25 23 37 17 20 22 19 29 38 2 24 48 30 30 14 28 16 18 
18 31 24 18 21 19 24 20 19 34 19 12 17 18 16 28 14 28 16 25 25 17 15 29 17 25 27 18 16 22 15 18 22 19 32 24 32 20 12 16 26 16 42 28 19 32 29 9 24 11 27 18 39 19 24 25 17 35 27 10 9 17 24 32 27 18 24 31 46 24 9 25 39 7 13 28 44 31 21 14 23 27 21 7 34 18 17 50 33 33 
25 22 21 14 42 16 21 25 14 33 29 14 21 10 37 32 20 32 21 20 28 17 15 30 27 19 25 18 27 20 17 16 27 23 18 21 21 11 13 26 15 21 29 34 18 26 37 35 15 21 22 7 35 22 33 20 13 22 16 26 27 19 21 20 17 31 38 13 46 29 17 32 15 12 12 12 32 24 8 14 23 21 33 26 33 24 16 46 29 31 
20 30 34 13 39 18 30 36 16 16 29 20 15 20 32 25 25 26 7 15 14 19 9 33 23 29 22 23 30 19 12 10 23 16 32 24 11 17 13 19 29 14 35 29 24 23 33 28 10 26 28 16 39 31 30 21 12 28 20 27 23 13 30 19 24 13 27 30 44 33 11 32 21 8 33 17 21 11 24 12 33 22 29 24 24 41 17 35 30 26 
27 33 22 23 20 21 21 11 18 25 25 14 16 17 30 34 29 25 9 17 16 15 23 26 21 27 39 23 11 19 7 19 18 19 25 17 27 28 14 26 38 26 42 28 29 16 21 12 11 6 35 11 38 28 28 28 20 23 24 18 17 11 30 16 16 16 25 23 20 23 12 30 26 16 30 21 34 16 31 25 24 22 11 22 33 34 18 29 30 39 
13 42 34 18 26 24 16 19 22 33 35 13 20 23 17 30 25 26 11 12 23 16 11 21 22 35 30 16 29 28 17 15 20 14 31 23 28 33 14 24 21 17 13 33 31 22 30 16 17 17 33 10 23 28 29 24 14 27 16 16 29 23 25 20 20 21 20 11 18 29 19 29 23 25 31 34 23 15 32 19 23 30 17 26 35 40 17 32 27 26 
20 27 24 13 18 13 21 25 24 33 24 18 25 24 31 18 12 31 15 11 21 18 21 24 15 37 36 31 22 32 10 16 39 14 25 20 33 17 19 23 35 23 25 25 33 38 29 13 8 18 21 25 41 18 21 33 22 20 12 15 25 18 22 30 25 30 23 13 38 24 16 19 20 22 41 12 15 23 19 18 21 12 15 31 45 37 23 38 37 21 
19 29 33 19 36 20 18 19 18 23 25 13 14 17 26 21 28 21 19 10 31 15 21 32 22 23 35 18 19 22 12 26 12 15 20 30 29 30 16 17 19 19 28 26 18 30 49 11 12 20 28 18 22 21 20 35 18 16 17 17 17 23 34 18 24 36 36 14 20 44 22 26 24 16 27 23 4 15 31 11 17 20 25 26 32 45 16 30 30 30 
26 46 34 15 33 17 18 26 25 35 23 19 19 15 25 25 16 23 20 14 24 15 17 34 27 31 38 15 26 14 16 12 24 16 15 17 26 33 12 23 22 30 33 26 31 24 30 15 18 19 26 18 23 24 46 24 24 31 15 19 26 23 19 21 20 20 33 19 12 28 16 24 41 9 32 25 23 32 23 13 14 28 14 17 23 33 12 46 15 28 

MachineCapacities:
MachineID Capacity
0 10
1 10
2 10
