NumTasks NumMachines NumScenarios
30 3 30
TaskDetails:
TaskID ReleaseTime ResourceConsumption SuccessorsCount Successors...
0 0 10 3 6 1 2 
1 0 7 4 6 1 3 
2 0 9 6 5 1 3 
3 0 5 3 9 1 4 
4 0 7 8 1 1 5 
5 0 5 2 10 2 6 9 
6 0 2 5 2 2 7 10 
7 0 2 9 8 2 8 11 
8 0 9 8 5 0 
9 0 2 4 10 1 10 
10 0 8 3 9 1 11 
11 0 9 8 2 0 
12 0 8 5 1 1 13 
13 0 3 8 3 2 14 15 
14 0 4 6 8 1 20 
15 0 8 7 5 2 16 17 
16 0 4 4 4 1 18 
17 0 10 8 10 1 19 
18 0 4 10 7 2 19 20 
19 0 3 3 3 1 21 
20 0 4 1 2 1 21 
21 0 2 9 6 1 22 
22 0 3 6 8 2 23 24 
23 0 9 4 1 1 25 
24 0 8 9 4 1 26 
25 0 7 3 4 3 27 28 29 
26 0 9 7 8 2 28 29 
27 0 9 7 6 0 
28 0 3 9 7 0 
29 0 6 8 2 0 

12 20 30 17 30 32 26 27 30 26 26 18 27 27 23 24 29 29 33 23 27 12 30 25 16 17 17 28 34 11 19 25 7 22 32 24 26 29 19 29 25 21 11 29 23 39 31 13 16 16 25 17 15 17 35 16 18 24 14 22 21 22 25 23 25 15 4 26 17 42 20 18 31 26 30 35 15 31 25 13 19 36 17 11 14 21 24 27 43 11 
21 21 19 11 20 27 29 33 35 29 28 16 20 33 25 42 25 24 31 24 27 16 31 21 16 15 16 22 28 28 18 18 26 15 26 24 29 30 18 21 25 45 15 30 24 16 19 14 13 12 21 23 13 23 24 28 17 26 12 28 27 22 16 20 28 44 25 17 9 36 8 33 26 21 21 15 11 23 25 28 33 11 33 11 31 14 15 33 45 13 
28 14 30 18 36 19 30 32 27 8 21 10 25 24 12 35 22 31 35 27 13 19 25 30 6 25 17 33 18 25 24 28 23 20 35 24 31 14 30 33 44 45 24 27 28 18 27 14 18 17 12 26 18 27 20 24 8 22 20 32 20 14 22 9 18 34 25 34 16 20 17 29 17 14 33 27 18 28 18 23 25 33 27 10 39 29 17 17 22 25 
8 7 19 21 16 23 31 37 27 28 19 15 6 36 24 28 29 30 30 9 16 8 27 21 21 24 22 28 32 23 15 22 32 17 17 23 9 24 32 26 27 35 16 15 15 39 21 23 13 24 12 21 14 23 25 27 16 31 23 21 15 29 33 12 15 21 27 26 22 43 22 30 16 17 22 26 20 29 22 23 8 37 18 20 31 24 25 27 31 23 
17 19 25 24 27 30 17 46 13 20 29 12 24 24 16 30 17 29 19 33 13 12 38 26 11 21 24 30 26 14 21 28 34 14 18 31 31 12 24 43 27 47 24 33 21 41 27 19 18 15 21 40 12 26 22 25 16 29 22 27 14 39 26 24 17 19 16 22 19 34 12 18 18 10 27 20 12 30 15 14 38 33 21 14 16 32 22 9 26 18 
14 10 19 16 18 21 27 26 17 15 20 16 18 22 19 29 13 22 24 18 16 23 48 27 10 26 16 25 35 32 26 36 23 20 28 25 22 28 17 11 14 41 25 40 26 35 25 12 19 17 26 25 20 26 15 31 21 22 20 24 7 30 20 22 30 27 15 27 22 29 13 33 26 20 28 33 19 29 13 26 15 14 21 15 20 29 29 29 29 18 
18 13 11 27 24 23 31 35 25 22 21 17 31 21 21 26 10 27 35 17 14 16 19 19 18 13 32 22 23 35 21 34 22 21 18 17 24 37 28 33 30 47 29 21 22 36 17 13 18 22 16 44 14 23 23 31 12 23 17 35 17 29 32 20 26 36 32 31 24 40 17 19 18 27 31 24 12 18 21 8 32 40 35 16 28 26 41 23 28 26 
22 20 25 18 32 27 13 27 14 20 20 23 19 22 25 18 25 32 36 17 25 19 25 24 21 23 28 29 23 31 21 29 37 14 25 16 23 23 24 17 27 26 20 20 24 37 20 19 16 11 30 23 11 21 21 14 18 25 17 21 23 23 24 13 14 31 29 28 20 36 17 23 15 32 18 17 21 30 20 15 21 28 43 12 17 32 17 11 40 32 
20 18 25 22 28 27 19 18 33 18 26 9 13 21 15 33 21 23 42 19 17 24 31 30 18 32 19 13 24 20 22 18 15 20 31 15 26 22 39 49 31 31 22 37 18 27 17 13 9 11 11 20 11 15 15 25 20 33 19 23 24 25 23 14 3 29 19 23 22 31 12 29 12 21 30 29 13 17 20 19 18 26 31 22 34 26 32 24 16 27 
18 15 13 30 22 35 21 33 22 15 16 14 17 24 25 30 28 24 32 31 21 10 50 34 22 8 14 25 29 26 31 29 28 30 34 16 19 16 35 24 36 44 15 30 14 70 26 22 12 16 14 20 17 27 8 22 12 18 16 27 26 28 20 15 15 28 20 20 19 30 21 29 22 15 34 34 19 23 12 26 29 23 33 14 26 15 48 28 25 27 
34 16 14 16 22 20 34 32 19 15 18 13 15 16 22 25 18 15 36 42 32 14 40 18 22 21 16 24 35 37 12 37 24 21 14 22 21 30 27 26 38 45 31 35 18 20 23 12 14 9 12 40 17 22 23 22 19 27 21 21 26 37 26 18 26 29 24 16 14 38 23 22 34 36 28 22 12 25 12 22 25 25 30 14 21 22 38 24 31 32 
14 15 29 19 32 17 27 35 21 21 25 13 23 26 16 22 25 27 51 19 23 14 26 24 12 18 16 27 32 29 32 34 29 24 19 18 27 20 23 23 21 38 21 41 14 36 20 17 15 21 27 18 18 23 26 26 18 28 20 26 18 21 24 26 17 37 29 30 17 30 18 32 16 18 23 25 22 37 12 22 32 12 22 21 25 9 28 23 36 20 
16 15 25 21 21 21 23 15 29 16 17 15 39 24 25 25 18 15 16 20 17 12 37 32 14 23 15 26 37 15 26 24 24 18 28 14 35 29 20 24 21 44 27 36 12 14 16 14 20 17 20 29 18 20 12 25 14 23 21 21 11 36 28 14 16 31 18 32 20 29 23 28 27 13 43 14 16 27 8 23 33 22 34 9 19 24 24 22 27 21 
23 16 29 12 29 26 20 24 28 17 31 14 28 21 15 33 20 20 24 18 21 20 15 22 17 32 19 27 25 20 18 14 10 15 31 27 26 35 18 42 32 33 19 28 23 14 17 16 17 19 22 19 17 17 15 29 16 22 14 31 20 27 28 15 16 30 18 17 13 33 22 19 14 23 32 21 13 18 17 26 25 26 23 18 31 38 31 27 35 30 
27 16 23 17 24 32 39 23 37 19 19 14 30 33 18 37 17 28 32 26 20 25 32 32 17 15 18 27 16 23 18 27 27 16 29 18 26 30 19 27 25 39 21 28 14 20 21 19 18 19 24 17 20 32 36 28 16 23 41 25 22 16 24 24 31 26 25 15 19 27 11 37 19 25 32 32 18 38 7 8 29 22 43 15 37 28 27 29 21 33 
22 16 36 14 36 31 41 25 26 20 21 10 26 21 14 28 21 29 23 13 23 18 20 21 21 20 17 36 28 19 27 27 29 25 12 18 21 10 50 25 34 29 20 33 16 42 29 11 12 13 23 35 16 13 12 25 14 21 16 22 11 17 25 19 11 12 26 25 16 31 12 23 24 23 26 23 15 24 14 19 43 29 24 25 26 35 29 33 24 25 
17 14 29 14 25 47 33 22 25 15 25 11 9 17 18 18 16 28 14 24 25 25 41 23 18 19 20 19 34 6 12 39 23 17 20 18 24 6 33 11 17 14 19 28 23 24 12 23 12 16 29 21 13 13 25 28 11 23 25 32 22 17 10 14 22 33 23 24 25 29 23 28 18 41 28 24 19 34 24 15 47 24 31 19 10 59 33 14 39 38 
26 16 23 14 26 22 19 26 21 18 25 20 15 31 29 40 16 32 32 37 20 13 20 25 13 17 16 36 31 26 34 26 28 19 29 25 20 13 36 28 18 27 24 25 19 26 33 14 18 18 18 46 25 23 25 25 12 37 19 22 23 26 16 10 18 28 16 14 21 26 18 11 15 28 23 38 8 36 16 6 41 20 32 14 21 31 31 30 28 11 
19 15 29 13 23 13 32 27 34 24 27 18 21 25 25 20 17 24 34 31 18 16 30 23 8 19 19 26 33 23 9 33 28 19 15 17 18 26 32 21 24 38 17 28 14 43 27 24 10 18 26 21 19 13 15 25 15 22 19 14 11 27 31 25 10 25 28 19 20 12 21 26 15 11 23 29 8 41 13 15 33 35 28 13 20 28 38 25 37 29 
20 18 29 21 30 27 29 14 30 19 17 15 19 33 22 28 23 18 22 37 21 16 25 18 11 22 16 51 33 26 25 25 16 18 34 23 14 36 35 40 22 25 13 17 17 25 18 16 20 16 16 38 13 30 20 23 7 16 14 21 18 16 25 33 16 30 15 26 17 33 21 16 11 25 24 26 20 34 23 21 41 27 37 17 30 22 22 26 34 30 
15 20 30 13 37 24 17 37 32 12 22 17 16 25 32 21 14 31 30 22 20 16 16 21 9 21 19 35 39 25 8 21 32 15 24 33 27 42 20 18 18 43 21 27 28 32 19 15 14 20 26 24 13 17 17 12 15 40 21 17 13 28 15 19 34 23 32 4 14 34 30 27 14 27 24 17 18 12 24 18 30 23 30 11 22 25 26 22 24 25 
25 16 28 23 17 36 21 18 36 18 20 13 20 26 29 25 21 23 22 24 16 22 36 31 11 18 20 17 36 25 23 28 29 26 21 15 23 27 24 32 46 33 27 26 15 22 24 23 15 22 28 29 14 12 30 21 9 29 26 26 22 21 17 22 25 23 27 21 17 21 14 15 11 37 37 24 15 27 29 17 36 15 37 15 18 23 26 20 35 34 
26 13 20 24 31 22 18 7 36 18 26 10 20 19 31 25 19 18 46 19 19 21 39 17 20 25 19 26 32 32 13 23 28 11 23 30 23 33 34 23 30 36 17 36 19 46 17 12 18 17 25 31 17 23 19 19 17 19 12 26 15 26 10 17 24 29 29 27 21 34 25 24 24 16 25 23 24 33 21 18 40 24 27 14 30 13 21 16 27 17 
28 15 25 13 45 32 18 18 16 26 26 21 12 25 22 23 23 20 14 27 22 12 23 25 14 29 15 14 32 14 22 39 17 23 21 26 21 33 16 35 26 27 16 39 17 21 18 17 15 14 21 39 15 27 27 29 18 19 14 16 19 22 12 17 15 34 17 6 22 32 6 38 17 22 39 35 8 39 7 20 29 16 28 18 8 37 33 19 13 20 
25 13 12 26 28 21 13 16 31 18 22 16 30 24 24 30 18 18 41 20 15 18 23 20 15 21 21 28 31 12 24 23 28 17 20 18 28 22 31 44 36 34 23 27 14 32 21 11 4 11 11 5 11 16 19 33 4 25 25 21 13 27 31 15 36 33 18 24 15 17 17 32 28 37 26 29 14 24 21 22 27 22 12 11 32 38 27 15 30 40 
17 16 30 24 34 20 18 23 36 23 24 14 18 22 31 14 27 21 33 30 23 15 44 24 18 25 16 18 24 26 23 23 15 16 24 30 21 15 31 44 35 45 18 33 17 33 17 22 18 10 23 28 13 21 10 27 19 28 18 24 20 25 34 11 22 28 21 12 24 39 20 44 23 16 34 12 13 25 22 17 27 31 23 9 27 43 25 28 26 21 
19 10 24 27 26 29 18 24 33 18 31 13 18 29 31 19 7 23 43 33 27 15 24 24 21 18 9 22 40 15 27 34 27 23 30 26 26 29 33 29 34 23 20 39 13 34 24 17 14 19 24 31 17 20 25 31 14 18 22 31 24 17 27 12 10 33 27 25 17 44 18 34 17 27 18 32 11 27 19 15 36 36 20 24 10 31 26 25 21 15 
29 20 23 14 26 24 18 27 18 22 32 9 17 23 25 35 31 33 34 25 25 17 33 27 26 29 16 28 37 26 18 38 15 16 23 32 22 21 29 28 32 38 12 22 19 20 30 21 13 20 25 27 18 20 14 13 8 30 17 32 22 19 20 12 28 21 29 3 18 21 23 41 14 32 28 19 17 23 15 29 30 27 33 21 49 28 26 32 30 26 
16 14 20 19 29 29 21 43 23 26 17 6 18 18 28 22 23 30 29 27 25 12 39 22 16 21 22 14 20 33 13 32 26 13 18 17 13 23 22 37 26 36 18 45 19 33 24 18 11 18 12 33 19 13 18 27 18 26 14 26 22 26 18 23 30 43 23 15 12 41 22 17 21 23 31 23 16 25 18 22 28 12 48 14 18 42 24 12 33 26 
16 16 31 28 23 28 38 31 30 31 20 14 14 31 18 18 21 31 18 24 20 26 33 20 24 22 19 31 37 26 19 27 22 13 28 15 21 32 28 37 35 44 4 19 15 21 20 19 19 18 12 24 13 24 17 29 18 27 20 17 17 17 22 15 24 34 24 13 19 35 9 27 19 17 17 20 20 29 29 24 38 30 24 16 22 1 36 23 23 15 

MachineCapacities:
MachineID Capacity
0 10
1 10
2 10
