NumTasks NumMachines NumScenarios
10 4 100
TaskDetails:
TaskID ReleaseTime ResourceConsumption SuccessorsCount Successors...
0 0 3 9 1 2 2 1 3 
1 0 3 9 5 4 2 2 4 
2 0 7 3 5 8 0 
3 0 6 6 3 4 1 4 
4 0 5 3 6 4 0 
5 0 2 6 9 9 1 7 
6 0 5 10 7 10 1 9 
7 0 8 1 9 8 1 8 
8 0 3 4 6 4 1 9 
9 0 9 1 4 2 0 

13 20 22 23 17 18 19 21 14 28 22 31 23 24 17 34 32 25 13 25 20 21 17 23 24 31 33 22 16 18 17 11 14 24 27 28 15 17 13 24 
18 34 21 16 26 21 24 19 22 20 18 47 13 26 12 25 33 25 14 20 21 20 22 30 35 31 33 38 30 21 33 16 15 15 25 27 11 19 18 18 
26 22 32 16 28 27 25 29 23 29 14 17 15 16 20 27 24 27 18 12 24 24 29 18 27 26 32 28 12 21 36 23 11 26 28 13 22 16 21 12 
16 22 13 22 33 15 20 35 25 22 18 18 15 19 16 32 22 31 23 21 27 17 17 25 18 16 34 31 25 23 23 10 14 28 36 16 9 17 15 16 
12 19 28 28 25 28 20 11 27 22 20 24 13 19 13 24 25 13 23 26 40 24 23 25 23 27 26 30 27 16 41 17 21 26 23 17 23 13 12 24 
14 23 21 27 27 23 13 24 19 19 22 29 26 14 6 28 31 34 27 21 33 19 16 31 34 18 36 27 29 28 28 11 16 37 27 19 16 14 13 29 
11 16 28 22 28 23 22 32 19 27 16 6 24 23 18 22 21 22 26 13 26 18 30 23 24 20 27 38 19 23 25 17 12 24 26 22 19 10 15 26 
18 18 24 19 23 21 25 31 16 32 26 30 18 21 12 30 28 38 11 29 25 30 21 25 3 22 22 32 28 21 12 17 13 25 39 22 11 16 14 20 
21 24 23 9 24 11 18 38 10 31 8 28 18 11 20 20 24 21 18 26 20 13 21 50 38 20 39 34 14 18 30 12 16 33 34 35 13 19 7 17 
18 22 23 21 16 32 12 13 23 30 12 32 25 23 13 26 28 26 22 16 23 19 23 17 25 19 24 8 35 31 43 19 14 25 26 36 13 11 11 13 
15 28 33 20 17 16 20 15 16 26 13 31 28 20 11 29 31 21 10 24 26 19 15 33 16 28 54 35 31 26 29 17 18 23 17 40 20 20 20 26 
19 26 32 17 25 23 19 27 26 22 16 11 24 21 21 22 27 34 24 21 31 24 22 29 26 19 24 36 20 28 26 16 16 20 36 36 11 19 19 28 
20 29 29 25 24 20 25 20 11 24 14 35 15 21 15 27 35 22 17 27 31 13 26 3 23 19 41 18 21 29 49 12 9 25 45 23 9 11 19 19 
12 18 21 11 16 19 22 28 38 31 24 36 18 16 16 34 25 32 12 19 29 26 18 24 23 20 35 28 26 33 43 15 14 21 42 28 9 18 17 22 
3 31 30 12 16 20 14 27 17 30 8 32 22 22 20 14 27 22 19 22 30 15 22 24 23 19 24 33 16 26 18 12 9 24 25 31 20 18 10 22 
19 26 26 16 27 26 24 16 15 20 21 42 9 12 13 26 24 21 23 14 17 30 22 32 31 24 34 22 26 8 33 10 4 23 28 20 14 16 14 24 
8 33 16 24 17 22 19 28 29 20 24 32 9 17 15 16 26 31 25 32 28 16 22 19 17 32 35 34 33 36 25 16 14 21 34 21 17 12 18 30 
3 28 25 24 18 17 19 33 23 26 19 21 16 16 18 20 30 26 19 29 12 20 22 21 22 21 22 40 28 22 35 19 18 34 26 22 13 12 19 17 
17 26 19 25 15 22 13 30 19 22 16 17 14 18 17 17 22 56 33 16 21 20 15 28 18 36 18 19 33 21 46 14 22 26 28 15 9 19 14 24 
24 21 22 21 14 14 26 27 15 15 19 30 28 29 12 25 39 25 20 11 30 18 27 31 21 31 24 37 27 14 35 17 13 18 28 12 13 19 19 34 
19 27 28 17 28 19 21 29 20 27 21 26 18 23 18 36 15 11 9 28 21 15 14 32 25 21 31 47 16 19 32 19 19 14 17 30 11 10 15 14 
28 28 31 13 22 18 20 41 16 25 19 16 20 25 9 29 27 20 12 19 29 20 21 21 23 21 28 28 33 20 39 14 16 24 42 29 22 15 15 25 
26 11 22 32 16 21 27 47 26 31 19 28 6 20 9 32 28 26 11 20 22 7 17 15 21 28 34 21 24 13 20 9 19 28 30 25 13 14 17 15 
20 13 26 23 21 9 21 22 19 36 18 30 12 33 11 23 32 33 16 21 21 14 22 33 25 20 33 13 21 18 25 19 12 15 18 32 18 23 9 21 
21 18 32 10 19 17 24 21 15 20 17 31 21 23 14 33 23 24 32 33 28 23 24 40 22 20 32 34 21 23 23 17 14 19 37 25 15 15 16 21 
25 38 19 17 37 18 11 31 30 16 21 27 11 27 16 38 25 26 33 7 30 20 23 39 25 23 25 29 33 24 28 11 19 25 36 26 19 12 10 26 
12 27 27 29 23 13 19 31 18 32 21 34 14 26 17 26 17 21 25 21 16 23 30 24 21 32 45 35 23 25 37 17 11 26 42 33 20 20 13 20 
17 29 29 21 20 21 19 29 12 16 14 17 25 26 10 38 19 29 27 24 35 21 24 28 18 46 15 32 20 29 32 18 16 34 34 15 21 19 22 25 
19 29 41 20 26 9 20 20 20 15 20 23 21 34 4 26 30 22 19 9 23 13 19 14 13 28 25 25 29 16 34 20 17 20 46 24 17 11 21 26 
21 17 21 21 25 20 16 29 18 23 15 27 17 20 15 33 25 17 14 24 16 20 21 27 20 31 27 30 26 23 28 17 13 26 20 23 15 15 20 28 
18 18 37 21 27 11 24 25 16 20 20 33 14 16 16 36 21 26 19 25 33 14 28 29 26 20 23 29 24 33 32 19 15 19 20 36 11 13 13 34 
14 28 28 22 17 17 18 39 21 28 19 30 13 17 17 33 27 19 35 16 29 18 19 17 20 29 30 38 29 29 33 14 18 36 39 35 19 14 16 26 
13 18 22 28 28 23 13 27 23 17 17 29 12 18 15 31 9 31 33 24 28 18 15 33 16 25 32 29 17 21 35 22 9 14 16 30 14 18 19 25 
19 35 28 28 34 26 19 35 17 17 16 34 5 25 17 24 30 36 13 22 23 20 27 41 33 28 35 42 20 16 32 15 10 28 23 41 11 21 14 20 
21 30 11 14 24 17 23 25 17 24 14 27 24 10 9 23 29 28 17 24 22 14 19 15 14 32 30 30 23 28 20 15 13 23 34 34 24 15 12 26 
17 38 30 13 27 10 27 27 25 29 23 33 20 17 15 22 18 26 18 19 21 22 29 24 26 35 30 23 16 22 43 15 20 18 41 23 11 19 12 15 
21 20 27 22 32 22 23 40 5 29 22 33 20 21 18 17 25 32 26 30 26 26 19 22 22 23 26 23 46 27 54 14 15 18 26 32 14 18 17 20 
16 12 36 20 17 16 24 26 18 5 13 33 20 23 11 19 23 29 22 28 19 12 17 21 15 24 37 18 30 31 23 14 15 21 21 29 12 17 16 26 
9 30 19 19 23 26 11 19 22 29 22 22 9 22 18 25 24 18 22 19 40 11 28 23 38 20 25 25 31 9 41 19 18 32 22 41 22 19 13 21 
11 31 30 17 31 14 15 41 17 32 28 23 19 17 19 34 37 23 13 19 33 28 24 27 30 27 28 36 24 19 27 21 20 20 36 10 18 17 18 30 
17 17 34 13 23 26 13 22 19 16 23 37 24 24 12 40 26 21 18 29 26 17 25 18 21 17 29 22 42 29 28 11 15 16 26 25 13 14 22 22 
16 31 24 29 30 26 19 24 19 11 19 41 13 15 8 19 25 29 24 18 24 21 20 36 22 31 43 21 26 19 38 19 9 25 37 24 18 14 17 17 
22 23 31 25 16 22 18 20 27 24 21 26 14 22 8 32 20 20 19 15 23 22 14 25 22 27 19 27 11 23 35 20 9 26 29 19 19 23 18 20 
15 19 25 12 27 19 25 15 14 20 16 36 20 16 24 38 19 27 21 25 29 24 25 31 19 24 30 22 30 25 49 15 7 32 29 21 13 11 18 22 
11 34 29 29 24 19 11 19 13 15 22 15 11 21 15 30 32 25 21 20 29 21 26 41 24 33 40 13 33 12 10 13 13 28 19 35 13 14 10 19 
20 26 15 19 20 16 20 19 22 28 14 32 20 23 20 25 29 25 27 14 22 17 30 20 31 20 36 39 32 31 36 18 16 18 28 30 15 19 18 22 
12 22 12 12 22 23 30 26 23 28 24 31 20 17 10 30 29 29 27 16 25 23 21 22 18 24 35 41 27 26 23 13 19 30 54 30 10 9 14 32 
23 34 28 21 21 25 19 26 18 22 25 28 10 15 18 23 30 21 20 14 22 32 29 27 23 10 29 33 18 28 34 13 14 13 36 29 20 15 9 21 
23 22 29 23 30 18 22 27 30 11 15 5 19 30 22 23 16 27 8 14 21 19 27 29 29 23 30 34 26 19 43 22 16 33 24 35 16 10 20 16 
14 18 40 24 25 30 11 25 6 16 18 29 22 27 15 37 27 33 19 23 40 15 20 22 16 21 37 24 23 19 29 14 16 22 24 43 17 20 23 17 
24 18 27 17 26 20 16 19 22 24 21 26 16 25 16 8 8 28 24 23 24 22 29 29 30 21 30 37 22 26 36 10 20 20 34 36 12 6 13 27 
22 22 27 10 25 19 20 26 30 26 14 40 25 21 17 15 24 27 12 24 42 29 25 26 25 28 35 18 18 27 27 16 16 25 21 27 13 12 15 23 
20 33 25 12 17 15 14 31 24 28 20 32 9 19 17 36 29 21 26 7 30 23 20 32 26 28 28 31 32 18 42 18 24 16 47 29 18 16 17 21 
17 30 32 17 32 5 10 31 17 18 13 40 10 14 17 30 26 29 30 20 24 21 25 40 20 30 27 29 11 29 35 14 13 24 19 26 11 18 19 25 
19 18 24 16 34 20 13 23 14 25 11 31 13 13 12 27 32 25 14 20 32 18 24 40 34 3 41 32 24 32 17 15 13 18 32 9 13 25 17 21 
15 17 29 18 22 12 28 19 28 20 22 24 27 21 15 33 20 21 21 16 20 17 14 27 24 40 36 26 32 19 28 13 13 27 33 4 11 15 12 16 
15 27 19 14 34 17 7 27 19 18 23 32 25 17 12 30 21 36 16 11 21 17 21 23 30 30 30 31 18 23 19 15 12 29 28 27 9 21 18 17 
23 22 24 23 15 22 23 35 31 25 22 37 18 27 16 48 37 33 20 30 15 15 14 16 22 36 27 24 23 26 38 22 21 10 30 31 21 14 18 20 
18 31 31 25 26 14 23 13 26 33 10 12 18 26 12 28 24 21 25 22 26 11 24 44 28 19 15 23 20 19 28 8 13 34 30 35 13 12 16 27 
16 37 20 21 28 28 22 30 24 29 18 21 23 17 16 31 24 19 22 17 35 19 31 31 20 28 44 30 33 28 24 17 15 24 43 41 21 16 12 18 
26 24 34 16 38 17 22 21 24 24 14 38 19 19 12 25 29 22 30 30 23 16 18 18 42 22 35 21 35 19 27 22 15 24 20 29 20 15 16 25 
12 34 17 14 23 22 21 33 23 15 20 32 17 13 19 45 24 28 14 12 22 27 32 25 22 15 24 13 19 14 23 18 22 23 20 21 14 20 15 12 
15 17 27 24 23 23 15 27 15 27 17 22 12 40 16 20 20 28 13 18 29 19 22 21 20 31 18 30 26 18 19 15 17 27 29 19 19 25 14 19 
20 25 38 12 25 21 16 25 19 31 22 11 15 26 13 27 33 35 24 16 25 16 28 40 28 25 36 14 39 15 20 18 13 31 38 24 16 7 21 18 
20 16 19 19 20 23 17 27 26 31 13 34 14 19 12 29 15 11 26 21 7 18 15 37 22 23 43 27 15 20 31 21 10 14 38 12 13 19 14 30 
17 18 9 20 34 34 19 26 13 28 11 25 17 16 15 30 18 31 25 24 22 18 24 30 27 13 18 26 33 22 34 18 10 17 38 19 14 14 17 30 
17 28 20 31 27 16 23 26 18 17 19 44 20 32 15 31 21 30 29 20 25 21 32 28 16 33 20 30 31 23 51 13 16 19 12 34 13 13 23 22 
13 29 21 18 33 22 22 28 22 23 13 26 12 23 13 40 31 22 17 23 33 17 22 34 16 31 29 25 19 23 19 8 19 21 23 29 19 11 11 20 
27 28 13 13 29 22 20 31 23 28 13 25 23 26 16 42 33 18 32 24 30 18 10 27 22 24 31 33 17 23 17 13 18 20 31 28 11 17 14 28 
20 33 20 26 30 26 19 30 20 30 13 21 19 27 13 33 40 23 14 22 27 17 14 31 26 26 23 45 30 25 33 17 19 18 30 21 19 13 20 17 
17 21 26 22 16 25 17 26 33 23 19 43 17 20 15 39 21 24 10 27 16 10 21 20 18 31 37 39 18 24 28 13 17 30 29 35 14 18 16 20 
12 26 35 12 25 27 15 36 33 10 15 28 7 20 16 29 26 34 30 32 23 15 17 26 21 33 8 24 21 21 35 23 20 20 11 32 18 17 16 14 
10 35 38 4 18 25 16 18 13 30 16 23 9 6 24 19 14 30 16 22 17 20 29 21 20 20 26 27 19 19 39 18 10 29 34 38 21 16 20 15 
20 35 23 26 28 24 14 30 33 26 17 26 15 15 14 25 22 23 15 17 25 21 16 20 17 28 15 18 29 27 19 15 22 29 39 32 6 24 11 34 
12 28 32 17 30 19 24 31 20 18 19 39 8 16 9 39 21 24 29 25 12 23 20 13 20 25 30 35 40 14 42 16 10 22 18 32 16 16 12 22 
21 18 34 33 36 24 22 27 13 16 13 26 19 33 14 29 29 39 14 20 28 22 14 21 28 26 33 18 17 28 16 13 21 27 23 23 16 15 6 18 
24 31 31 23 26 16 20 24 30 27 24 24 22 22 12 33 27 27 19 28 24 20 19 33 22 30 30 27 31 32 30 11 11 13 20 28 12 21 16 15 
19 24 27 12 19 32 31 13 20 31 20 39 14 28 17 32 27 18 13 26 18 14 26 28 28 23 13 29 18 24 32 5 13 26 30 35 11 11 13 19 
14 29 27 14 15 15 16 29 9 27 15 10 27 13 7 33 28 26 25 27 33 22 26 30 18 25 20 44 31 13 27 12 27 9 40 24 18 12 20 18 
17 33 21 24 19 28 21 22 22 26 22 31 20 27 23 6 29 24 15 25 12 23 16 42 25 27 36 26 29 24 22 10 13 14 25 37 14 12 17 20 
18 33 37 20 18 29 26 35 9 24 34 27 14 32 19 19 10 30 19 19 17 25 17 23 17 9 19 24 14 19 24 9 12 28 21 34 14 17 22 18 
13 28 33 21 28 18 22 24 14 36 17 24 17 23 12 27 21 27 15 21 28 22 17 26 15 34 21 22 28 10 38 14 10 10 22 35 14 17 16 10 
25 26 34 20 17 12 22 20 14 23 14 31 24 19 14 22 44 19 23 23 43 20 17 19 22 22 27 19 28 23 35 11 8 29 35 32 18 16 21 15 
14 23 35 29 22 20 19 29 26 28 15 29 21 33 7 31 19 27 29 24 15 13 14 8 18 30 31 32 34 28 14 11 17 29 37 18 15 16 18 22 
11 11 31 22 20 12 26 15 16 34 20 26 16 15 22 23 29 35 15 21 23 16 22 27 15 20 26 20 19 16 38 11 21 32 41 20 21 10 16 24 
18 32 21 22 26 14 19 33 16 31 23 31 12 23 18 15 16 28 22 26 15 20 20 31 35 28 22 29 18 20 16 9 19 22 36 22 16 17 10 19 
25 29 40 13 17 13 20 39 28 27 14 25 20 22 13 31 34 29 29 25 18 17 37 30 30 35 41 14 29 10 46 19 20 18 20 34 14 12 13 20 
18 16 17 7 22 15 18 12 17 25 21 27 27 36 20 14 27 32 21 17 16 13 16 15 20 32 37 35 18 14 27 18 20 21 43 31 17 17 13 20 
13 16 28 20 22 10 11 20 17 32 16 31 8 27 21 30 30 20 23 20 34 19 28 26 23 20 33 28 42 31 34 16 8 25 22 28 18 23 19 13 
16 19 28 20 17 32 15 26 27 19 18 31 19 17 18 28 27 22 27 17 31 22 19 24 19 27 25 23 11 25 27 18 13 26 35 17 16 23 11 26 
13 18 21 26 29 11 18 23 23 32 13 22 21 18 13 35 35 32 13 29 23 29 7 21 29 28 32 24 25 21 28 8 10 15 19 27 20 7 11 18 
18 29 22 16 33 17 15 28 21 28 16 33 26 27 15 30 27 43 31 21 26 12 32 16 19 35 32 26 16 32 32 17 21 15 34 25 12 13 21 18 
12 20 28 27 23 27 16 20 28 22 21 29 14 18 12 28 26 26 21 21 27 25 28 21 17 36 17 44 29 9 38 14 17 25 31 19 15 18 21 35 
21 30 18 20 20 25 16 18 17 24 18 22 2 26 12 25 19 32 15 11 35 22 27 31 29 28 30 32 29 18 40 9 14 28 33 24 13 18 21 12 
18 31 34 9 20 27 13 27 12 14 17 27 19 26 12 19 18 29 10 18 28 21 20 30 19 16 25 27 8 22 36 10 15 15 30 42 18 19 20 17 
21 29 35 25 25 26 16 23 23 30 14 27 15 18 15 17 19 39 20 24 25 25 22 37 17 27 30 33 21 18 29 23 17 27 44 20 15 24 15 22 
22 21 21 10 11 20 25 27 26 17 11 20 16 20 7 29 12 22 11 20 18 18 21 28 26 18 27 38 10 28 28 15 14 21 26 29 16 17 17 20 
20 30 13 17 25 21 13 12 23 26 20 29 17 15 23 18 10 28 13 20 26 21 16 30 24 16 24 21 8 27 41 8 12 26 27 39 18 15 20 24 
21 35 33 29 21 11 19 27 22 32 20 29 16 10 17 42 22 18 16 31 26 19 25 36 19 31 27 49 27 18 31 11 16 15 28 24 10 23 14 12 
22 26 15 15 22 22 13 25 20 19 20 32 17 21 16 41 11 32 25 18 24 14 20 36 26 25 24 29 16 22 28 9 14 26 23 22 15 15 14 14 

MachineCapacities:
MachineID Capacity
0 10
1 10
2 10
3 10
