NumTasks NumMachines NumScenarios
25 4 30
TaskDetails:
TaskID ReleaseTime ResourceConsumption SuccessorsCount Successors...
0 0 7 7 3 2 1 2 
1 0 9 7 2 10 3 4 5 7 
2 0 2 7 3 1 3 4 5 7 
3 0 7 5 3 8 2 6 7 
4 0 7 2 10 2 1 6 
5 0 2 7 3 6 1 6 
6 0 4 7 9 7 3 8 9 10 
7 0 4 6 1 4 2 9 10 
8 0 6 9 7 5 2 11 12 
9 0 9 4 3 4 3 12 13 14 
10 0 6 2 2 7 1 11 
11 0 6 8 6 10 2 13 14 
12 0 1 5 2 9 0 
13 0 9 8 9 6 0 
14 0 5 5 9 9 0 
15 0 9 3 10 4 1 19 
16 0 9 6 4 7 2 17 18 
17 0 2 1 7 3 1 19 
18 0 3 1 9 2 1 19 
19 0 9 5 5 2 1 20 
20 0 5 3 4 2 1 21 
21 0 7 9 5 8 1 22 
22 0 1 9 3 4 2 23 24 
23 0 3 2 9 4 0 
24 0 4 8 8 5 0 

28 14 10 11 15 16 15 33 29 15 15 17 31 28 30 14 21 45 23 15 10 28 20 33 10 39 7 12 9 13 23 36 25 17 11 18 19 49 20 6 15 24 25 16 25 15 17 15 19 25 13 20 11 20 17 10 14 21 21 12 17 11 10 30 27 19 10 4 26 20 11 25 13 20 21 34 22 26 30 20 13 10 24 19 27 9 13 12 33 13 15 6 24 16 13 25 27 31 14 23 
30 12 25 12 18 19 18 22 31 30 17 20 25 27 33 35 18 20 18 22 27 28 17 41 27 24 16 22 7 15 18 26 23 14 6 19 10 16 20 15 20 21 19 32 36 21 32 14 13 13 12 29 18 22 11 12 17 35 14 17 20 19 15 11 34 17 12 10 11 7 12 23 11 25 12 27 18 19 26 16 21 21 16 15 25 7 19 13 37 12 25 23 13 13 19 35 16 29 9 20 
20 10 28 12 24 22 17 19 24 30 18 10 30 28 40 39 14 33 28 13 12 32 26 38 23 40 13 24 12 21 13 39 16 17 8 27 14 42 14 11 24 24 20 24 39 25 24 13 25 33 14 38 17 33 14 15 12 21 16 27 16 23 12 25 24 24 3 13 13 25 19 8 13 18 16 30 26 31 16 16 7 8 18 12 32 10 30 16 30 13 34 30 20 17 19 30 29 24 9 12 
14 9 26 17 21 21 15 16 27 28 12 20 31 11 23 34 21 32 26 12 24 20 15 31 15 32 10 15 7 11 15 32 22 12 12 17 10 26 12 10 19 16 32 17 35 12 28 16 24 19 15 17 22 25 17 9 6 20 18 12 12 20 18 16 29 14 13 9 23 22 11 25 22 17 14 23 19 50 36 22 16 19 16 16 40 8 23 12 28 15 27 8 16 14 21 30 22 20 11 26 
7 7 15 6 24 16 11 26 21 37 16 5 31 24 19 49 39 38 15 15 21 17 20 23 23 25 10 4 15 23 19 34 20 28 6 20 16 8 10 14 17 21 20 17 34 20 25 9 18 27 12 29 18 34 11 14 11 21 23 15 9 11 15 19 31 23 7 12 22 17 14 27 13 24 10 35 13 32 17 21 15 12 19 24 31 11 28 21 30 14 26 35 29 12 18 25 26 26 13 21 
25 7 24 12 21 9 10 15 41 32 15 19 24 30 24 25 19 21 16 20 24 27 10 35 16 37 20 14 7 19 33 35 18 28 15 20 13 16 17 13 11 18 19 10 22 13 16 14 13 29 18 23 22 28 14 18 13 31 15 27 11 25 13 31 37 20 14 13 7 17 12 18 10 24 14 38 5 26 30 15 14 15 24 12 39 10 24 15 26 11 15 16 18 18 19 27 26 34 11 17 
27 6 27 13 10 35 15 32 21 30 14 22 22 19 32 17 25 14 22 24 23 25 15 25 26 31 13 17 14 17 10 29 18 24 12 30 15 29 18 9 7 22 19 18 30 24 26 16 21 30 15 21 15 25 20 6 6 25 17 30 23 17 19 14 43 26 13 8 15 19 14 21 17 22 13 21 27 23 15 24 9 13 5 15 29 12 25 16 40 10 26 17 18 17 20 35 31 24 9 19 
25 6 23 17 22 16 9 30 32 23 17 21 22 27 10 37 31 42 18 13 23 24 13 32 34 53 12 13 14 16 27 31 20 25 14 22 16 28 17 16 20 28 33 24 28 25 25 14 20 21 9 24 14 18 19 9 11 21 15 22 15 25 13 32 39 18 14 15 15 17 12 18 11 17 8 38 16 31 24 25 17 13 18 11 18 11 17 18 36 13 34 26 27 16 18 20 39 25 6 25 
16 14 25 7 14 28 11 29 31 33 17 8 33 17 21 36 24 21 15 26 10 22 22 30 21 14 11 23 11 9 16 31 20 18 14 17 10 30 12 15 19 17 30 10 19 12 32 13 15 24 13 23 13 22 18 12 6 14 17 17 21 18 14 26 31 12 16 16 16 13 13 25 6 21 18 31 25 36 32 22 5 18 20 3 25 13 36 13 32 8 18 35 27 17 14 21 25 29 14 23 
27 7 31 15 15 28 11 28 20 25 14 18 21 26 27 22 28 27 23 13 10 27 18 30 20 38 13 21 11 18 23 34 24 27 11 21 18 33 12 10 20 29 20 17 24 22 20 11 10 38 16 25 16 19 17 12 5 14 20 19 28 14 14 24 28 22 15 15 29 14 13 27 13 13 8 22 32 25 40 20 13 22 19 12 15 5 29 8 40 18 14 30 23 11 15 24 23 18 10 8 
21 11 34 13 21 14 10 32 28 29 12 15 21 9 29 38 24 38 16 13 14 20 15 26 15 27 11 21 10 27 22 28 9 30 13 26 17 32 6 12 11 25 22 10 22 16 22 18 11 29 10 17 21 29 15 14 13 33 26 22 20 6 10 25 38 16 13 9 21 19 11 23 12 23 14 35 16 31 38 24 16 16 19 15 28 11 20 11 15 9 27 29 19 17 10 25 28 18 2 15 
18 11 29 18 26 12 17 26 40 29 17 16 29 26 35 37 12 49 17 24 29 22 19 13 28 24 14 16 14 15 19 34 23 32 10 17 18 24 12 15 22 20 20 27 36 22 17 13 9 20 9 25 13 17 13 14 6 26 16 24 19 19 12 24 26 25 12 12 23 17 11 25 15 9 17 27 23 39 32 14 12 11 27 10 36 9 25 13 21 13 42 22 30 23 20 32 23 17 8 22 
27 13 29 7 19 18 10 19 36 20 10 18 27 22 32 43 18 52 28 15 16 25 15 30 25 31 14 22 6 17 26 21 22 15 5 17 15 22 19 8 21 19 26 25 28 33 22 16 13 23 8 23 19 18 21 13 15 22 16 15 15 18 12 22 23 17 12 9 25 8 5 24 18 9 13 20 25 20 29 28 10 22 24 13 34 10 34 10 9 17 31 28 26 19 17 17 27 16 15 21 
18 16 33 10 27 15 15 22 14 21 11 23 28 32 23 25 16 21 17 15 11 17 20 25 23 36 17 18 11 24 16 21 17 30 11 29 16 32 19 15 23 22 14 12 28 6 33 16 13 34 12 25 18 28 18 15 8 17 20 36 25 13 13 25 26 21 9 13 13 23 13 16 20 26 26 34 11 27 28 26 16 9 16 15 27 5 30 13 29 20 38 28 18 13 12 28 23 25 13 15 
17 10 16 8 23 18 13 31 25 22 19 13 21 32 42 11 30 22 33 15 14 16 18 18 21 33 10 14 6 19 24 32 14 14 9 21 14 23 17 10 13 17 31 15 30 13 24 8 18 20 15 27 10 22 16 15 8 30 16 18 25 19 12 29 23 23 8 15 21 22 14 28 10 18 14 26 25 18 38 22 16 10 15 25 31 12 31 13 30 12 29 31 30 14 19 26 23 28 11 15 
29 11 24 12 16 20 15 31 24 20 18 22 19 35 34 23 26 21 10 19 11 20 16 13 19 34 12 15 7 22 32 35 22 20 13 18 20 28 13 11 19 16 26 15 26 10 35 13 18 25 13 27 20 25 17 4 11 30 17 16 15 20 20 25 32 9 7 13 19 14 9 19 18 20 14 31 14 25 33 18 17 20 19 15 35 13 23 10 25 12 25 25 26 17 20 27 26 37 5 19 
34 12 38 18 18 20 15 19 22 21 10 21 16 28 30 39 28 33 17 10 18 19 15 24 30 46 13 16 10 14 21 39 17 9 10 32 21 25 22 13 12 28 23 26 29 7 20 11 17 21 17 15 21 11 14 14 8 31 10 21 19 19 22 36 32 14 11 10 16 25 11 30 14 17 19 13 26 24 41 21 13 16 20 20 35 6 31 8 22 12 28 28 28 22 20 16 8 22 12 24 
22 14 19 10 21 29 15 14 31 27 14 16 24 24 37 28 22 36 21 12 19 23 13 21 30 25 11 18 12 15 23 20 22 16 8 22 18 9 9 11 17 16 17 17 31 5 20 7 15 23 20 22 11 25 19 17 9 23 17 22 24 17 16 24 19 26 7 13 14 26 14 22 23 13 21 40 24 25 27 29 14 17 16 20 17 13 32 18 36 10 30 19 19 19 14 27 21 21 9 15 
26 10 12 8 10 27 11 27 26 27 21 18 37 25 27 35 24 30 11 25 19 28 15 12 16 37 9 20 9 20 19 32 16 21 14 21 15 45 23 11 20 28 29 18 22 8 13 10 13 26 22 28 24 15 19 16 12 23 24 16 24 22 15 10 31 10 10 10 31 15 14 16 9 19 21 21 26 24 34 22 8 13 17 15 41 16 24 11 35 12 30 22 20 20 19 28 22 19 16 34 
27 13 19 11 24 23 14 24 33 37 11 9 23 15 27 38 27 32 25 17 17 13 18 29 33 38 12 21 8 16 15 30 26 23 10 28 21 29 15 10 13 19 17 17 28 8 26 13 11 21 8 22 16 22 16 15 10 24 19 26 31 22 13 5 39 20 17 15 21 25 8 15 11 21 15 30 25 20 29 26 14 24 21 10 33 14 18 14 19 20 38 38 34 17 23 23 17 30 13 15 
30 9 31 7 14 32 17 25 26 17 11 22 19 31 20 32 29 30 24 18 17 26 11 21 31 38 12 16 9 23 21 38 23 23 7 23 15 27 16 20 13 17 17 6 38 2 21 11 5 16 14 25 22 28 18 13 3 16 14 18 9 21 15 19 23 17 14 11 26 11 13 20 19 15 13 30 22 33 31 27 12 11 16 13 25 7 23 15 24 18 44 29 24 17 18 30 25 33 7 17 
21 9 20 5 23 16 12 16 21 12 15 12 25 12 21 24 29 33 20 16 11 31 17 11 10 42 18 18 10 8 19 22 17 26 13 23 17 41 18 10 22 22 29 24 20 14 26 13 23 20 17 20 18 24 19 16 15 32 21 26 26 22 11 24 33 32 9 10 25 18 13 21 12 22 15 37 13 36 44 11 13 15 15 11 42 10 20 14 27 13 28 15 35 18 17 26 14 13 6 14 
18 8 23 9 10 15 15 9 24 11 17 28 31 29 20 43 24 15 20 17 19 29 17 30 21 35 8 19 9 21 15 8 19 24 6 13 29 36 7 13 16 16 16 20 38 27 14 10 18 17 13 28 21 33 17 2 12 24 17 24 17 8 15 31 28 12 14 14 7 16 11 13 9 16 19 9 26 37 28 22 9 18 13 16 32 10 33 13 28 16 34 20 23 8 10 14 18 21 9 16 
22 8 26 8 13 17 14 25 34 26 21 7 8 29 32 44 30 33 21 7 18 23 19 22 20 53 12 20 3 13 28 50 23 27 13 13 18 29 16 11 18 23 11 24 19 19 16 8 17 32 16 29 15 23 16 9 7 30 13 18 22 12 11 22 20 35 13 15 12 23 9 17 18 24 16 26 30 41 23 1 16 13 22 20 30 8 27 19 22 18 29 16 19 11 22 27 27 18 3 19 
24 10 19 11 22 24 9 17 39 17 16 15 27 30 35 34 19 36 24 16 19 25 19 37 21 32 12 11 10 19 22 29 24 20 2 23 14 36 13 17 17 34 12 21 28 18 27 10 27 10 12 25 24 29 18 13 10 25 17 16 17 21 18 31 20 19 13 7 17 15 13 19 18 11 20 32 15 21 24 16 15 25 20 7 32 14 21 11 29 11 27 33 18 19 19 36 17 26 14 13 
16 10 20 7 20 14 12 32 40 28 15 10 19 20 17 45 41 43 18 27 16 19 15 25 28 36 12 15 13 16 18 34 23 38 12 20 20 11 18 12 19 25 14 18 37 32 21 14 14 26 25 27 27 29 15 12 7 26 14 14 30 16 18 25 26 15 16 9 21 23 7 18 14 17 20 21 22 31 20 31 18 20 17 6 21 9 27 13 29 10 20 32 15 10 12 18 19 41 11 19 
14 5 16 15 20 15 14 26 37 29 16 13 11 34 36 27 32 61 14 18 21 18 11 24 28 27 12 24 8 19 22 33 17 22 12 27 14 31 12 15 19 23 23 24 21 35 13 12 13 14 5 41 19 25 14 9 11 26 19 24 18 14 9 20 33 23 11 10 21 18 15 21 13 20 14 39 22 21 32 12 13 11 12 18 32 6 15 8 24 11 30 22 22 17 17 26 26 9 12 25 
33 11 9 12 29 21 18 21 35 22 14 17 21 12 36 26 23 35 23 18 23 29 19 19 21 35 15 19 4 21 34 30 18 19 11 9 25 25 12 17 14 27 28 15 20 14 15 10 18 28 11 31 22 20 21 13 11 26 20 6 17 20 23 33 42 24 12 10 20 15 13 25 17 19 21 46 20 34 47 16 14 16 29 18 28 12 25 9 27 14 17 33 20 21 17 28 30 26 10 17 
30 4 25 13 18 13 13 22 22 29 14 23 20 15 38 13 24 27 15 13 16 27 18 19 19 40 11 16 7 11 16 28 21 19 12 18 14 20 17 14 21 20 22 21 27 13 27 19 8 40 13 22 18 28 15 12 12 30 21 26 16 17 18 25 31 18 10 12 23 14 13 22 20 19 22 28 16 36 39 23 9 16 15 11 19 8 27 14 41 12 29 38 22 21 14 12 27 23 9 15 
27 13 26 13 16 11 14 31 25 22 15 19 23 33 35 31 26 22 14 19 24 22 13 27 29 25 15 9 17 9 20 46 19 20 16 20 14 25 16 13 22 26 19 20 32 24 21 13 18 35 14 9 11 29 19 9 6 27 14 18 26 15 11 12 45 21 7 10 17 9 12 18 15 14 16 26 20 32 24 22 14 16 21 16 28 7 20 5 39 20 27 26 20 18 15 25 28 14 9 30 

MachineCapacities:
MachineID Capacity
0 10
1 10
2 10
3 10
