NumTasks NumMachines NumScenarios
25 4 30
TaskDetails:
TaskID ReleaseTime ResourceConsumption SuccessorsCount Successors...
0 0 6 6 2 6 3 2 4 5 
1 0 3 9 2 5 2 2 3 
2 0 6 7 7 7 1 9 
3 0 6 4 7 8 2 4 5 
4 0 8 2 1 3 3 6 7 8 
5 0 7 8 6 2 1 6 
6 0 3 5 1 6 1 9 
7 0 3 8 3 4 2 10 11 
8 0 9 6 1 7 1 10 
9 0 9 2 5 3 2 10 11 
10 0 2 4 8 9 1 12 
11 0 2 9 9 9 1 12 
12 0 9 2 5 4 1 13 
13 0 6 2 4 5 0 
14 0 5 6 2 7 1 16 
15 0 2 4 3 8 1 16 
16 0 3 4 2 8 3 17 18 19 
17 0 5 8 10 10 2 20 21 
18 0 5 9 4 9 2 22 24 
19 0 6 9 10 7 2 20 24 
20 0 2 2 2 4 1 22 
21 0 9 4 5 10 0 
22 0 5 4 3 9 1 23 
23 0 2 3 3 3 0 
24 0 2 4 3 4 0 

33 13 8 34 7 16 36 19 9 21 26 27 8 7 15 29 25 27 26 14 23 27 14 14 20 29 18 15 33 15 8 28 39 22 12 23 27 32 14 36 21 13 32 7 11 20 18 19 39 10 9 13 23 21 24 30 21 17 14 12 31 9 22 13 26 18 13 30 39 17 28 13 39 12 14 25 19 18 28 23 26 9 16 36 18 22 17 30 11 14 21 23 24 1 18 25 29 21 46 25 
44 13 21 31 15 16 20 16 22 23 16 27 19 10 14 10 16 22 25 25 27 22 13 15 17 28 8 24 35 20 14 40 42 17 17 28 26 26 18 18 14 16 27 12 38 28 24 15 17 11 10 19 36 12 23 19 23 7 20 10 36 29 32 11 16 15 9 29 41 16 44 15 35 18 15 35 16 30 39 29 15 11 17 41 47 50 30 37 36 10 26 26 14 9 16 18 20 22 35 13 
22 16 18 30 10 17 15 10 28 10 21 37 8 13 12 22 26 17 16 11 22 24 17 25 17 26 11 23 23 16 12 32 25 19 12 40 11 28 13 39 14 14 28 9 21 19 14 22 30 14 10 24 27 17 26 28 22 23 14 16 44 22 24 11 34 29 14 24 35 11 15 19 34 16 16 18 20 25 42 26 25 9 12 19 30 28 25 20 19 17 25 10 22 16 16 20 20 23 48 21 
34 16 23 43 14 12 13 22 19 15 16 39 15 9 13 25 27 25 32 19 22 10 12 17 11 16 18 26 26 14 10 40 26 24 8 35 34 13 10 18 19 14 19 9 16 25 18 11 33 19 11 17 35 10 16 31 12 10 17 4 35 25 23 11 28 10 11 33 22 26 23 13 26 14 22 26 18 16 28 17 30 11 16 30 23 26 14 29 32 14 21 25 22 10 6 28 32 24 39 42 
28 14 21 18 11 15 31 14 12 20 20 37 8 8 16 21 7 17 19 15 23 26 14 5 18 37 16 24 29 20 17 18 27 21 14 39 31 24 16 21 24 7 25 12 13 14 10 20 22 17 11 15 21 14 20 45 11 23 17 14 29 27 23 16 8 15 18 18 31 22 36 19 40 14 17 25 15 25 31 30 31 14 15 35 24 17 22 24 30 17 21 19 26 16 20 30 21 10 41 16 
21 23 30 27 13 17 25 17 23 16 18 32 12 10 8 32 19 10 22 17 32 13 12 18 17 31 21 28 20 23 12 20 47 27 13 20 15 29 16 31 21 15 19 9 23 16 19 14 34 27 12 21 19 15 34 43 27 19 14 14 31 21 24 12 17 26 17 15 36 19 34 14 33 9 15 22 15 27 21 14 18 9 7 37 42 19 19 26 41 17 27 20 27 10 16 31 37 23 29 21 
27 15 20 34 8 9 20 17 11 17 20 27 12 10 17 23 11 18 14 14 11 21 18 23 10 33 11 34 22 28 15 49 53 13 13 37 28 22 30 26 18 12 4 12 24 18 20 10 28 16 18 6 26 14 31 29 24 24 21 18 39 14 10 11 15 25 12 23 29 28 38 27 35 19 20 18 19 33 16 14 15 9 12 13 33 31 27 18 33 13 15 10 21 10 22 18 21 23 26 28 
45 13 17 19 19 12 26 18 15 12 19 26 16 14 19 28 30 25 30 22 13 19 6 23 17 18 19 16 10 22 11 35 31 17 10 32 29 24 16 23 27 14 20 11 33 29 18 22 24 21 12 23 27 16 14 23 15 26 12 18 38 34 14 8 27 26 12 13 26 20 17 25 31 12 21 20 13 33 47 14 18 10 10 33 27 26 20 21 35 9 25 20 15 12 19 22 16 18 25 13 
30 13 22 26 4 15 25 14 16 14 26 24 7 11 16 33 15 26 21 15 21 23 12 27 16 19 16 18 12 18 12 35 26 30 6 19 18 22 19 30 16 13 22 6 18 29 23 20 27 15 19 21 29 10 29 37 11 21 9 12 29 46 28 10 18 23 10 29 41 28 25 15 28 10 9 20 16 27 17 31 16 13 12 37 44 25 13 13 15 12 8 23 19 8 17 18 32 29 25 18 
34 12 22 27 13 23 17 13 16 13 33 12 10 11 14 21 22 21 27 14 19 17 13 18 23 32 9 27 20 11 12 44 33 28 18 30 29 34 22 48 17 8 13 12 33 28 24 15 21 6 13 15 36 11 22 34 23 21 21 17 39 33 20 14 23 25 16 20 25 23 19 23 40 22 16 27 11 23 21 37 17 14 15 28 46 27 21 24 35 11 28 23 30 8 17 18 31 16 24 31 
26 18 17 33 9 13 24 15 13 19 29 31 22 11 17 19 9 15 24 17 19 20 10 16 23 35 13 27 24 15 8 13 38 20 19 43 33 32 10 27 21 7 31 13 10 21 18 17 25 13 8 11 19 18 25 28 13 25 11 14 27 16 25 21 22 15 18 22 34 16 35 15 39 7 13 25 17 16 21 22 14 9 15 24 26 24 31 21 26 6 19 21 16 4 26 15 24 20 14 24 
41 17 24 22 11 16 28 21 19 16 19 28 10 10 11 26 18 19 14 17 25 16 25 23 11 24 12 33 33 15 10 29 36 17 11 30 30 29 5 15 11 12 30 7 25 18 9 11 22 20 10 25 46 11 16 21 17 17 20 14 39 13 22 16 25 17 14 25 32 24 21 8 29 18 14 21 14 29 43 17 33 12 16 29 23 33 25 17 30 17 18 22 23 11 19 18 23 23 25 33 
37 12 26 22 15 10 28 11 15 22 29 14 12 13 16 34 9 20 19 20 18 19 9 22 15 20 17 28 29 15 16 31 31 28 15 29 16 16 21 41 29 10 25 13 15 35 23 17 21 17 11 18 32 10 34 28 13 20 19 12 42 20 35 18 25 23 6 22 30 20 31 19 39 10 16 16 17 30 45 32 18 10 18 29 14 25 22 21 31 18 15 14 27 5 28 25 26 19 32 36 
19 16 19 20 11 18 32 16 10 14 14 19 18 5 13 27 21 18 24 19 17 19 20 28 9 35 21 28 8 22 9 23 49 26 11 15 27 32 7 35 30 9 18 9 18 27 14 10 20 16 18 17 15 16 16 38 22 9 20 10 41 16 16 15 15 30 16 23 40 28 26 29 9 14 22 16 14 28 34 26 21 7 12 18 30 28 17 17 22 19 18 29 15 6 19 20 19 28 23 31 
26 12 29 34 22 19 25 17 19 19 16 20 18 10 7 24 26 26 27 8 15 23 21 18 19 29 11 30 13 23 14 23 28 24 11 31 34 19 19 34 10 11 20 7 18 40 24 17 41 14 13 24 23 13 25 34 26 23 20 9 20 27 22 15 5 10 16 20 18 21 28 23 27 13 22 9 16 27 34 21 21 8 14 26 33 34 32 17 33 13 29 25 32 6 17 23 16 21 22 33 
39 20 16 37 13 14 27 12 17 26 21 33 18 7 10 26 11 1 32 15 28 17 18 24 17 27 18 16 19 17 10 37 32 17 12 32 13 25 21 35 25 13 24 9 21 19 28 18 33 17 6 21 31 12 26 18 26 23 27 14 26 17 24 12 21 21 13 23 12 26 12 16 33 12 8 24 16 31 29 20 25 11 13 26 17 25 30 14 37 13 25 19 22 9 20 24 36 27 21 14 
21 12 24 37 10 19 21 20 18 12 18 12 16 10 17 20 20 11 16 22 16 23 9 26 19 26 12 22 11 23 13 9 22 22 4 45 15 24 15 29 23 10 28 7 33 19 15 20 22 18 9 28 21 12 22 49 21 13 22 10 40 15 20 17 24 19 17 31 25 19 14 12 24 13 15 21 18 24 36 24 19 11 17 32 30 29 30 25 31 24 17 22 18 5 16 24 12 23 16 10 
37 19 33 28 11 13 32 14 19 13 20 42 21 13 14 30 24 21 28 16 21 25 15 24 27 24 16 26 31 17 7 19 42 19 12 29 14 32 9 34 25 8 29 19 20 33 18 20 29 19 11 20 19 16 27 35 18 15 17 13 31 19 23 10 31 18 7 19 42 26 29 17 38 15 8 28 17 18 44 23 20 7 12 28 13 23 27 28 7 7 22 23 24 10 12 27 25 24 43 16 
28 15 23 30 6 10 10 24 13 11 8 18 11 13 11 28 14 5 22 17 15 25 15 20 23 36 17 32 17 23 15 43 29 18 13 25 26 25 16 44 23 10 19 5 14 28 15 18 49 19 2 13 21 11 21 34 21 19 14 16 28 16 22 17 28 17 22 28 32 23 29 32 21 22 18 30 21 21 18 35 18 13 12 27 16 37 21 28 32 15 23 23 31 12 7 13 31 22 39 15 
31 24 20 33 19 15 34 24 16 16 12 29 13 10 10 10 11 20 18 15 27 23 14 22 18 32 9 38 32 22 11 30 30 19 11 20 21 14 30 19 22 12 19 14 23 26 14 21 40 20 6 12 34 17 28 42 20 17 15 4 27 29 33 13 31 34 15 16 13 20 24 31 32 18 15 17 18 18 51 23 17 15 14 49 31 25 40 21 29 15 9 35 27 13 13 26 22 18 19 25 
27 12 26 27 15 13 26 20 10 20 25 28 14 12 11 30 16 12 27 22 14 11 12 14 18 39 10 25 24 23 7 35 33 12 15 37 21 44 20 18 14 14 25 10 20 24 16 10 34 12 12 19 23 9 20 34 15 19 28 9 42 22 33 8 13 22 10 29 49 28 12 19 43 12 12 27 16 25 9 19 21 13 14 31 23 20 24 17 27 11 33 21 33 7 5 19 26 17 35 27 
24 26 19 20 16 12 23 18 16 27 20 29 8 10 9 19 22 21 26 10 9 22 12 16 18 22 14 14 22 16 11 25 23 20 7 31 22 21 19 35 23 11 24 10 19 25 19 15 8 14 9 21 28 23 26 22 19 24 18 12 27 22 24 14 20 14 10 31 37 12 15 16 18 12 13 34 13 24 36 42 19 11 12 26 23 19 35 16 34 18 8 32 35 14 22 27 14 16 20 14 
16 20 21 19 9 11 32 16 17 21 11 26 11 11 10 22 23 25 11 18 22 25 7 15 10 22 18 26 21 15 14 39 30 21 18 34 21 35 11 46 11 9 14 13 28 21 20 15 33 16 10 13 19 16 27 39 21 25 20 19 23 21 24 24 21 22 16 31 20 28 27 19 31 19 18 11 14 37 40 39 24 15 13 28 8 32 24 27 25 17 20 17 17 9 22 19 22 21 26 25 
21 14 24 30 11 15 17 21 12 16 18 9 22 9 9 18 22 10 17 17 7 37 12 22 15 20 20 30 30 16 14 20 50 12 11 25 25 25 25 16 17 7 13 15 27 24 23 11 38 14 14 10 40 17 25 26 16 22 18 18 22 25 19 15 27 18 21 27 30 23 40 21 30 21 16 22 17 21 32 24 24 9 13 31 33 21 41 17 41 18 17 19 20 12 25 23 23 20 13 23 
35 15 25 31 17 11 36 9 20 15 24 29 11 15 15 17 23 21 18 22 17 32 16 26 21 36 10 25 28 11 11 49 43 22 17 32 29 22 23 29 22 15 33 12 10 31 19 13 37 22 6 23 32 19 12 19 26 17 21 12 28 38 23 10 27 26 18 32 40 22 20 17 33 15 14 32 20 34 36 28 29 15 10 15 33 26 29 22 35 9 23 33 24 16 10 22 24 14 22 22 
26 20 22 46 12 18 23 16 16 17 22 33 15 4 13 26 8 19 19 16 18 24 17 10 21 28 12 14 27 12 14 43 23 21 13 20 25 17 12 28 23 12 18 14 37 44 19 10 15 19 9 24 23 14 39 43 16 13 18 14 50 27 26 14 30 23 8 33 33 14 22 22 36 17 15 23 16 23 36 27 21 9 10 12 46 27 30 19 35 17 22 19 14 11 12 17 13 22 44 28 
22 16 26 51 11 16 28 6 15 13 21 22 11 12 12 21 28 12 23 9 27 17 17 28 8 28 11 22 36 29 18 44 20 9 6 28 20 20 21 30 14 10 19 8 23 26 17 7 25 16 3 9 43 8 24 31 22 19 7 15 35 23 18 11 23 13 9 23 34 12 29 13 24 15 19 5 11 25 22 31 31 6 11 14 15 32 30 27 32 8 11 20 31 11 21 22 15 24 28 28 
26 11 26 35 20 9 24 18 12 19 21 27 13 12 13 15 30 23 26 19 25 15 11 14 12 29 11 27 32 24 10 21 27 14 15 23 15 20 14 15 25 10 18 7 20 26 20 12 41 20 13 9 27 20 27 30 21 23 19 20 29 21 19 13 25 13 7 16 36 18 30 16 23 18 21 28 18 30 49 16 24 8 12 33 43 35 23 29 40 12 10 13 28 11 17 20 23 17 37 25 
16 8 20 43 12 15 38 20 19 8 22 24 16 6 20 19 1 23 25 16 16 15 15 26 21 37 17 32 34 24 12 20 30 19 14 13 18 35 12 24 23 8 23 13 20 19 21 20 34 17 12 17 15 16 25 19 21 22 26 11 25 26 22 11 24 16 11 26 36 17 39 22 30 8 8 28 13 20 20 31 26 14 14 24 24 23 28 23 32 19 24 9 26 11 20 22 23 22 19 24 
24 13 24 25 8 14 30 17 14 27 27 28 13 7 11 18 29 25 30 13 21 25 14 2 19 23 12 21 32 22 12 24 27 22 17 31 24 21 13 34 7 15 13 13 32 12 22 16 40 16 11 20 24 17 24 25 18 9 16 14 27 28 15 4 13 24 16 32 36 26 20 18 29 13 13 22 19 23 25 38 17 7 13 39 40 35 28 20 12 15 19 19 26 8 27 13 22 28 17 21 

MachineCapacities:
MachineID Capacity
0 10
1 10
2 10
3 10
