NumTasks NumMachines NumScenarios
25 4 30
TaskDetails:
TaskID ReleaseTime ResourceConsumption SuccessorsCount Successors...
0 0 3 5 4 7 1 2 
1 0 4 7 7 8 2 3 5 
2 0 8 6 10 1 2 3 5 
3 0 8 6 9 1 1 4 
4 0 3 9 2 7 0 
5 0 4 8 7 5 0 
6 0 5 6 7 3 2 10 12 
7 0 9 10 8 3 2 10 11 
8 0 9 4 7 3 3 11 12 13 
9 0 4 10 2 3 3 11 12 14 
10 0 6 9 5 8 3 13 15 16 
11 0 8 9 3 8 2 15 16 
12 0 9 8 5 4 2 15 17 
13 0 2 6 5 6 1 14 
14 0 9 7 10 5 1 17 
15 0 6 3 8 4 2 18 19 
16 0 10 9 2 5 1 17 
17 0 6 5 1 2 2 18 19 
18 0 3 9 9 3 3 20 21 23 
19 0 9 9 8 7 1 23 
20 0 5 9 9 3 1 22 
21 0 5 2 4 1 1 24 
22 0 8 8 7 5 0 
23 0 2 6 6 10 0 
24 0 9 5 5 7 0 

27 25 32 16 22 22 18 27 29 20 36 13 21 4 13 32 27 10 21 29 18 21 12 10 34 17 33 37 13 37 29 19 14 10 11 8 17 32 24 23 9 19 11 40 10 10 44 14 22 42 12 23 19 7 24 32 24 17 41 20 13 13 14 10 30 11 28 10 8 27 23 20 40 15 29 24 27 23 12 20 24 23 26 27 15 21 23 17 19 17 25 13 18 35 31 11 23 22 11 35 
37 31 32 23 17 39 15 31 22 27 17 9 22 17 20 30 17 8 26 25 39 40 8 20 26 32 11 19 28 13 14 14 18 6 12 13 23 20 20 8 14 29 19 29 12 9 21 15 26 31 15 3 28 9 16 14 21 16 31 16 20 25 14 10 26 9 19 10 16 20 21 25 36 10 36 51 21 26 32 29 20 11 22 25 7 21 28 16 24 26 25 13 16 30 3 12 30 27 19 25 
24 25 22 22 15 21 24 30 22 18 34 14 18 16 17 21 28 11 17 17 28 19 11 6 24 22 27 25 24 37 15 20 17 12 22 19 27 27 23 28 13 11 24 21 23 17 30 13 30 27 12 13 22 12 23 37 28 26 24 17 19 17 20 14 22 13 22 9 14 19 23 33 35 18 23 38 26 29 15 31 14 15 25 22 13 40 29 12 23 23 18 14 20 31 29 11 24 20 20 29 
23 11 23 19 21 18 16 21 15 38 34 12 10 13 18 29 22 15 25 35 23 34 6 10 39 12 18 31 26 33 26 14 12 11 31 7 17 9 15 20 16 11 13 25 19 15 28 3 26 32 5 22 24 10 29 19 25 37 27 12 21 40 13 18 26 13 15 10 11 21 21 18 21 9 19 35 29 23 28 29 17 13 17 17 7 28 13 24 20 22 18 13 18 22 26 9 15 28 9 18 
30 29 23 22 14 32 13 39 27 16 30 6 20 10 13 32 25 16 26 15 31 27 7 17 32 25 32 27 21 32 22 22 12 12 21 9 18 17 30 17 13 20 14 21 23 11 30 16 16 41 16 27 24 11 15 30 21 26 35 20 7 37 13 13 43 13 26 9 12 17 25 24 38 8 23 34 27 20 26 19 16 11 20 18 10 23 24 14 33 20 9 8 14 17 22 11 20 39 20 20 
32 29 17 22 23 20 23 16 18 25 24 7 16 19 27 15 43 14 21 28 15 26 10 11 26 25 13 26 16 43 19 28 17 17 25 18 29 31 20 22 7 15 14 27 13 23 31 12 25 40 9 23 25 6 26 27 24 24 13 19 23 19 14 16 21 12 20 9 11 10 28 27 15 14 18 50 37 26 25 19 14 17 23 22 12 35 23 19 38 29 40 18 24 30 29 12 26 23 21 12 
21 15 14 17 15 30 21 38 24 19 14 9 18 17 24 31 37 14 21 15 14 30 18 9 17 17 26 12 16 26 27 16 18 12 27 17 22 35 29 18 17 25 17 26 12 16 35 14 29 17 13 24 23 11 30 34 20 22 22 17 17 38 17 22 18 12 10 7 10 16 23 28 41 11 20 26 35 27 24 24 17 14 14 20 10 29 23 20 29 10 17 17 13 32 22 13 39 27 14 26 
20 20 30 15 22 10 18 18 27 25 31 10 22 14 24 23 20 12 27 29 23 30 5 8 13 15 29 33 26 35 20 14 21 9 25 15 19 23 29 13 16 23 20 36 9 16 35 8 27 28 12 26 15 10 21 41 24 30 21 16 23 27 16 12 26 15 31 4 10 21 31 34 28 20 10 13 44 29 24 26 16 26 17 23 11 23 17 17 29 24 13 15 18 21 19 12 14 25 19 24 
33 14 33 11 28 22 24 23 9 22 24 12 19 12 11 18 27 13 19 13 29 20 4 12 19 20 28 27 29 24 29 11 13 15 37 13 37 35 35 21 10 16 8 21 20 8 17 10 29 26 12 21 21 12 6 13 7 28 23 22 25 18 18 19 27 10 23 6 12 25 22 15 41 12 21 29 39 27 11 31 20 10 18 12 15 31 33 24 25 21 24 19 18 38 25 11 28 33 16 16 
32 26 28 22 14 28 15 18 25 22 25 15 18 9 28 20 23 12 39 32 21 35 8 12 15 19 18 34 10 23 22 14 14 13 21 13 28 28 33 23 8 20 16 27 18 22 23 16 24 25 15 25 23 12 8 21 24 32 23 13 24 24 11 19 29 13 14 15 13 12 27 26 52 14 31 39 37 16 17 24 15 11 18 11 12 50 26 20 12 14 27 10 10 33 42 9 16 29 22 16 
29 26 29 17 22 35 26 16 18 30 19 10 16 12 22 24 39 12 26 29 29 20 11 15 28 19 21 32 12 28 17 19 25 16 25 13 28 26 27 11 15 15 14 34 11 26 28 19 14 30 15 25 12 12 14 33 25 25 31 13 17 29 15 16 27 8 21 10 15 20 25 16 49 13 26 31 30 31 27 17 17 13 13 14 5 28 24 11 31 22 23 9 16 28 27 12 28 7 20 34 
15 15 25 21 19 25 24 26 39 18 37 12 20 16 26 34 24 10 41 24 25 27 14 14 26 24 43 25 15 19 31 14 23 12 14 18 28 44 28 27 12 20 14 24 19 24 26 14 23 26 13 18 30 15 31 15 22 24 12 13 27 33 14 18 30 16 8 16 14 20 27 12 41 15 21 28 22 23 20 19 23 13 17 15 12 24 26 25 37 17 15 11 18 21 23 15 33 21 16 26 
35 23 27 24 18 29 19 29 21 21 26 12 16 15 19 19 11 13 19 22 18 34 13 15 19 32 28 28 24 28 21 16 23 5 21 16 20 32 20 22 16 18 17 28 25 25 34 9 22 41 13 26 30 8 21 29 20 25 46 14 15 37 15 10 33 16 15 6 14 14 27 31 46 11 15 33 33 17 22 5 25 14 17 15 10 34 20 20 32 13 6 30 16 30 47 11 32 35 20 29 
27 29 17 10 16 30 23 27 24 30 30 9 20 21 33 18 18 5 32 20 25 23 12 11 25 21 17 34 16 28 21 21 19 12 19 14 19 17 35 20 16 18 17 22 24 20 30 16 15 31 14 21 25 12 21 28 19 18 37 25 27 22 15 15 30 14 17 6 9 18 23 15 36 8 23 35 27 28 22 21 24 19 5 16 14 30 30 22 27 17 11 23 15 21 36 11 30 27 14 17 
34 16 31 22 22 29 16 23 20 12 45 13 17 14 26 29 29 10 33 21 30 33 16 7 17 24 16 27 26 39 20 18 15 14 21 4 20 15 23 14 10 26 19 33 13 16 28 8 25 20 11 21 25 11 15 20 8 27 26 19 24 27 16 20 27 10 25 10 15 22 25 21 37 15 10 26 31 14 14 31 21 16 20 16 15 36 28 15 38 16 28 20 12 26 12 11 18 24 19 25 
25 24 31 22 9 26 17 27 22 30 21 14 18 16 25 30 37 6 22 25 25 12 11 13 33 21 25 20 16 31 19 19 18 11 29 16 25 29 18 20 13 21 15 45 15 24 28 6 36 14 17 22 31 8 6 29 31 23 22 15 30 39 10 10 26 12 13 8 7 14 19 21 31 14 13 30 38 19 29 22 20 18 20 18 2 19 25 13 36 23 19 18 15 33 15 13 34 17 20 24 
14 14 28 16 25 19 20 28 33 31 29 15 19 12 27 8 26 11 27 27 29 35 9 13 20 13 31 38 20 28 25 12 22 13 17 12 18 30 38 10 17 26 9 17 9 15 26 9 27 19 15 24 13 13 27 35 19 15 18 27 23 20 12 17 33 12 23 10 10 17 25 24 37 14 18 27 23 17 27 35 26 15 8 11 7 16 22 12 24 15 12 15 15 37 20 10 24 20 18 19 
41 24 27 15 10 23 22 29 25 40 23 13 19 22 24 24 23 14 27 16 22 20 7 11 12 17 20 28 32 29 32 14 20 16 36 6 19 35 23 21 13 18 18 30 11 20 31 14 24 33 10 20 31 9 36 35 27 25 34 18 31 14 8 17 32 15 19 12 12 12 21 30 12 15 17 29 44 32 11 26 19 16 11 15 11 25 11 22 11 24 18 13 15 19 27 13 15 17 15 24 
31 36 33 15 27 16 24 11 18 19 18 9 27 18 23 18 24 16 29 26 29 26 8 13 17 30 17 22 24 20 16 20 18 15 22 19 23 25 21 14 16 16 15 32 24 15 26 16 10 18 12 17 20 4 16 26 19 29 38 14 29 29 16 20 17 16 6 11 12 16 23 21 15 13 33 33 24 20 28 11 24 13 15 17 11 19 20 18 32 29 18 9 9 29 21 14 28 34 14 23 
29 23 18 25 18 36 25 19 25 32 21 13 12 13 20 29 43 16 33 18 32 20 13 16 26 28 23 29 13 17 28 26 22 17 27 17 19 40 29 18 10 17 15 27 24 18 16 14 27 31 11 20 20 8 26 37 9 34 21 9 23 29 16 12 24 13 12 11 15 25 20 23 29 10 21 35 37 15 13 26 15 21 28 9 12 34 25 11 24 20 34 18 17 30 27 11 29 33 15 23 
24 35 17 18 14 42 12 22 23 22 36 14 20 13 29 31 14 8 23 27 22 39 8 9 20 22 29 30 25 14 22 15 15 13 30 12 24 42 15 17 13 20 17 29 11 22 24 14 33 34 17 21 23 16 14 22 25 15 39 22 23 25 14 19 29 12 17 7 4 3 27 28 29 12 18 24 21 17 19 30 19 11 13 15 6 32 22 14 44 27 14 19 13 34 31 18 24 22 10 27 
32 24 25 21 16 40 33 36 25 11 27 14 20 11 29 32 15 6 17 15 20 26 9 12 24 16 24 20 17 22 22 20 16 13 28 19 15 27 31 25 19 28 13 36 13 24 29 13 25 37 14 18 18 9 25 40 23 18 28 16 12 23 11 20 36 13 13 10 12 18 19 15 29 10 20 34 36 22 23 26 26 17 14 14 14 11 22 26 42 15 10 15 11 18 30 10 20 25 11 28 
26 34 8 5 20 21 21 25 14 18 20 11 19 14 21 10 30 11 26 27 29 29 6 15 22 32 36 20 14 14 29 14 11 9 30 18 18 17 28 28 12 24 20 37 16 13 24 12 20 27 10 20 23 13 19 26 13 23 17 20 25 23 14 18 35 15 21 16 16 23 23 15 27 12 17 43 24 20 23 13 22 19 9 17 6 37 21 11 14 20 13 12 13 31 29 11 15 21 14 20 
29 41 38 15 22 31 17 22 16 28 27 7 11 13 12 15 20 10 22 25 31 22 10 8 32 25 16 26 24 34 18 26 15 15 22 11 27 30 15 10 11 17 19 25 19 8 28 13 26 17 12 25 21 8 28 23 30 23 26 14 26 25 12 20 19 13 20 14 13 13 17 24 32 16 26 35 21 29 26 20 6 17 30 24 12 16 25 17 16 21 16 24 11 35 17 14 28 29 16 21 
31 22 25 24 24 22 16 16 20 23 21 12 12 19 6 28 15 9 25 20 34 13 8 17 34 22 32 34 19 27 25 19 15 10 33 16 19 29 27 25 12 32 15 28 11 17 23 13 18 19 14 25 25 8 8 25 27 11 43 17 17 36 15 10 32 13 23 9 13 17 23 36 26 13 20 39 30 20 32 20 16 12 17 27 10 15 34 19 20 16 31 20 13 28 24 14 35 21 15 21 
38 32 22 17 11 28 16 36 29 24 29 12 19 15 12 25 23 18 17 19 18 31 10 10 25 39 27 30 13 35 26 10 11 17 26 18 16 26 20 17 11 24 12 26 19 18 21 13 27 25 14 14 20 11 12 27 21 28 29 24 21 20 13 20 15 15 12 10 6 21 22 19 32 12 24 17 10 30 26 23 21 16 20 11 7 26 16 12 29 22 25 6 17 38 24 9 39 36 16 16 
37 10 31 15 22 28 15 26 23 26 18 14 21 20 23 23 32 11 14 27 33 29 11 16 19 24 23 28 24 20 30 11 14 17 33 15 19 38 35 24 10 18 13 23 19 20 18 13 18 29 10 14 19 15 23 21 12 21 39 26 16 29 20 18 35 14 27 12 13 28 28 28 20 12 18 29 34 21 26 29 23 21 26 27 11 27 28 20 28 13 15 20 11 31 13 13 14 17 15 22 
26 19 26 19 22 32 17 27 24 31 24 12 21 16 39 38 36 9 26 27 29 28 12 11 15 31 16 24 17 27 25 15 17 15 24 21 34 21 24 15 12 23 14 25 12 17 34 11 16 37 13 12 29 11 28 16 31 21 30 9 19 30 8 16 31 15 3 16 12 12 12 24 33 15 15 41 39 26 24 34 17 12 17 18 13 33 25 12 43 23 24 18 16 37 11 12 24 26 19 18 
31 32 19 12 12 26 16 25 11 31 8 8 25 18 21 18 35 14 23 24 21 17 7 11 21 24 22 32 13 24 15 15 11 13 25 4 17 36 32 14 13 17 14 35 11 21 21 16 31 21 13 24 26 10 19 16 23 26 43 14 20 17 15 25 18 13 19 14 13 13 27 22 24 12 14 25 38 31 22 30 18 17 12 23 10 30 18 9 40 21 20 17 15 21 20 4 16 21 18 20 
39 16 34 12 23 26 10 30 24 13 31 14 23 14 16 33 15 9 21 22 28 30 10 12 24 25 25 37 16 42 19 17 20 13 20 11 27 34 26 16 11 19 13 36 20 14 26 12 25 23 10 20 12 11 27 40 15 33 26 31 26 24 7 15 18 14 25 3 10 15 23 21 32 14 17 24 40 31 23 20 23 13 21 30 13 34 23 15 23 5 18 14 14 26 29 7 25 18 18 23 

MachineCapacities:
MachineID Capacity
0 10
1 10
2 10
3 10
