NumTasks NumMachines NumScenarios
10 2 500
TaskDetails:
TaskID ReleaseTime ResourceConsumption SuccessorsCount Successors...
0 0 6 2 0 
1 0 7 6 1 3 
2 0 2 9 0 
3 0 4 3 0 
4 0 2 8 0 
5 0 7 8 0 
6 0 9 9 1 8 
7 0 4 4 0 
8 0 8 3 0 
9 0 9 6 0 

28 35 24 19 16 21 17 19 28 30 18 27 11 13 16 28 25 19 18 20 
13 26 22 20 18 36 18 22 25 27 18 38 24 19 25 29 8 17 11 21 
22 23 27 12 20 34 19 10 21 15 17 30 20 30 30 17 13 24 11 11 
21 33 16 25 12 24 22 13 17 24 24 19 29 19 20 27 3 18 21 18 
27 18 15 15 15 17 27 19 16 28 15 21 31 26 24 23 24 16 20 23 
27 39 21 13 20 33 15 14 14 22 14 24 36 14 25 29 6 18 14 21 
32 28 26 10 11 21 16 12 24 30 18 20 24 22 18 12 19 25 19 18 
30 17 22 16 22 16 10 18 20 21 18 27 25 19 20 21 21 16 22 19 
33 31 18 14 17 19 15 16 20 23 21 28 30 19 22 22 12 27 15 17 
22 51 5 16 16 27 18 23 16 18 28 35 31 37 19 19 7 15 18 21 
33 43 23 13 11 46 30 12 28 21 17 21 24 24 15 25 11 30 30 16 
12 44 20 13 17 27 21 15 17 21 14 17 38 29 18 21 14 23 27 25 
27 32 10 19 25 31 20 17 18 19 15 26 29 15 22 16 24 25 12 23 
31 27 23 14 14 39 17 17 32 30 27 32 33 29 19 23 13 30 17 15 
23 18 32 16 15 15 32 13 15 21 19 27 33 26 17 21 24 30 20 27 
35 31 17 21 9 43 18 17 15 20 22 29 31 17 17 25 26 25 9 15 
34 21 38 5 18 19 23 12 23 23 17 28 24 30 14 31 17 28 15 9 
39 14 17 16 15 19 26 21 19 15 24 14 31 23 28 29 13 13 27 16 
35 29 12 10 13 26 38 12 15 21 13 29 27 39 28 18 21 21 20 40 
34 44 19 27 16 28 25 26 15 26 19 35 41 26 11 25 25 17 15 16 
29 31 26 10 13 29 23 15 22 12 20 25 20 25 16 37 17 8 18 22 
24 43 28 4 14 18 12 16 26 20 23 19 20 37 16 27 29 28 16 25 
27 30 21 17 13 22 27 12 21 17 16 26 16 24 28 30 19 18 21 33 
30 15 15 11 15 20 11 16 19 25 15 29 25 26 11 26 14 9 9 29 
29 29 22 11 27 17 20 18 24 25 16 32 39 21 20 21 15 13 12 21 
30 33 22 8 15 22 18 19 37 20 17 14 33 30 19 22 23 15 10 35 
23 14 16 20 21 27 32 12 30 21 27 29 22 35 22 27 14 25 19 25 
16 15 25 17 20 30 30 14 14 27 13 18 30 16 17 25 12 12 20 18 
26 37 25 11 21 36 28 15 8 16 19 22 36 31 23 28 24 28 16 11 
40 34 29 14 13 30 19 12 24 15 14 14 33 29 19 15 29 20 20 25 
34 34 20 18 16 28 18 13 35 15 16 25 39 22 12 30 20 23 21 11 
23 28 22 16 19 30 27 17 24 23 24 17 21 17 22 25 19 12 11 6 
40 41 14 8 16 35 20 6 27 17 15 38 33 31 22 22 20 18 21 15 
40 31 12 14 20 37 22 16 18 22 20 40 16 27 26 36 33 27 26 30 
27 53 26 16 16 39 16 15 14 28 19 21 31 9 17 27 21 22 7 14 
33 40 21 20 10 53 26 18 25 29 26 23 26 32 11 31 13 19 24 28 
28 38 19 14 9 23 24 17 33 32 19 26 30 20 16 24 12 27 19 22 
45 35 24 8 14 32 9 10 27 26 16 23 14 14 17 19 15 18 12 12 
30 31 25 9 21 35 14 24 20 17 23 26 36 9 24 34 24 28 11 30 
29 34 21 11 19 27 18 16 16 21 26 17 24 34 20 20 18 23 24 15 
39 19 29 11 25 27 18 24 26 26 19 36 21 28 29 31 9 21 25 23 
21 16 15 19 11 35 18 20 22 24 15 21 9 18 16 23 28 21 19 23 
28 19 17 10 13 16 22 19 26 21 21 30 22 27 29 29 24 26 20 26 
50 31 29 9 22 20 23 21 18 22 15 23 12 24 24 17 12 16 25 16 
46 20 15 8 23 30 16 11 18 22 20 31 26 18 20 46 19 30 20 26 
32 27 22 19 15 45 20 22 36 25 12 27 30 36 15 12 19 28 21 22 
23 23 19 9 26 26 22 22 24 25 21 29 21 20 25 16 9 21 12 20 
51 23 21 15 19 31 23 10 23 18 15 33 21 31 24 32 23 28 18 24 
34 31 16 20 17 38 5 20 17 21 18 26 25 14 17 22 17 25 13 27 
37 40 11 18 15 15 21 19 18 9 13 29 30 31 12 20 15 28 15 16 
36 29 26 8 24 15 26 20 30 29 16 14 33 26 14 30 29 14 18 13 
29 20 25 16 18 29 20 19 34 19 15 24 33 33 17 28 16 19 20 26 
22 32 14 12 16 25 27 13 21 14 9 30 24 21 26 29 16 25 19 18 
31 24 29 12 15 34 15 17 16 29 17 21 20 27 16 22 11 29 21 19 
5 44 26 13 21 30 9 21 26 24 12 29 21 23 19 20 15 21 19 20 
21 33 16 16 19 36 16 23 25 24 22 21 24 24 12 25 25 22 28 20 
31 28 20 16 27 34 19 12 19 27 17 13 29 23 16 24 9 26 26 24 
31 41 19 14 10 30 34 19 22 20 25 34 30 13 16 31 15 9 23 27 
35 42 26 15 16 21 17 15 12 37 17 31 40 10 14 23 23 16 17 12 
30 38 19 16 19 37 26 15 32 35 20 31 33 24 13 24 9 16 7 23 
38 36 11 13 23 33 24 24 14 24 20 25 20 37 14 25 22 24 27 19 
30 23 34 18 7 20 25 12 22 26 11 40 19 20 10 33 22 25 11 25 
33 20 12 11 21 24 23 20 25 25 17 32 34 27 16 5 13 28 14 19 
30 24 15 24 13 40 22 13 8 26 24 27 20 22 20 34 39 23 19 25 
36 38 24 9 18 33 27 16 21 17 19 34 12 34 26 27 25 20 26 20 
14 25 21 16 14 30 22 17 27 33 17 20 37 27 16 29 16 33 18 24 
27 19 26 10 19 10 19 21 20 31 21 20 24 25 24 24 19 23 29 23 
33 13 15 10 7 30 29 8 27 24 18 9 22 14 19 19 26 33 24 21 
35 37 20 18 11 14 14 20 20 26 29 24 28 27 12 30 18 20 13 22 
21 33 20 21 11 49 17 14 31 17 21 27 37 20 18 24 27 15 15 21 
48 34 19 11 13 22 25 16 22 31 15 25 23 25 27 24 13 9 10 13 
23 30 15 11 16 27 33 14 19 25 14 21 38 29 8 18 21 19 22 29 
28 31 31 22 10 30 22 20 19 23 19 25 13 31 19 14 32 19 22 25 
36 31 15 14 14 39 29 19 17 14 22 34 33 29 25 29 19 33 18 13 
32 36 23 18 13 31 21 29 29 30 15 21 19 27 11 20 8 17 24 21 
42 30 31 19 10 38 11 16 28 21 14 22 8 31 15 35 22 16 23 20 
33 21 13 18 18 30 21 17 23 25 21 46 12 17 21 26 27 22 22 23 
29 17 33 15 17 36 18 15 22 25 19 14 28 12 24 32 20 19 23 30 
10 35 18 16 19 22 31 18 22 27 19 10 30 32 17 28 23 26 22 24 
23 27 27 16 21 18 20 22 24 13 25 35 16 12 15 23 21 29 13 12 
12 36 32 13 16 22 13 24 21 30 21 32 32 21 27 23 23 17 21 23 
14 36 18 16 13 27 24 20 21 21 15 30 25 8 16 35 27 18 9 29 
21 30 15 14 18 39 13 19 29 18 26 20 25 16 8 25 16 19 14 21 
27 37 22 16 19 8 22 13 33 26 19 27 31 31 16 32 19 28 17 19 
33 24 14 15 12 16 20 15 28 21 20 24 21 22 26 22 18 16 21 27 
28 28 12 16 16 18 13 14 24 24 20 15 24 32 22 27 14 43 16 9 
31 38 6 13 14 23 22 19 23 17 17 25 27 34 20 27 29 20 20 18 
32 40 21 18 19 32 21 12 27 27 15 24 33 20 29 27 17 17 22 20 
41 20 21 10 21 17 21 11 14 10 22 21 30 25 24 25 21 21 14 31 
9 48 23 16 16 35 20 14 25 25 19 23 15 29 23 30 18 29 12 18 
32 37 30 17 18 19 15 18 21 26 11 25 21 31 22 21 29 16 20 16 
29 30 33 8 20 43 20 17 20 24 17 31 15 20 18 24 5 22 25 13 
30 37 19 13 17 36 14 19 24 19 20 18 33 22 20 23 22 14 14 21 
20 36 19 15 23 39 19 18 19 13 27 18 19 38 15 29 26 27 21 32 
31 45 41 14 22 31 23 19 31 15 20 32 30 37 16 24 18 16 28 19 
44 32 34 12 11 34 27 13 15 29 20 37 25 22 19 26 18 20 22 20 
22 42 23 5 14 22 21 18 16 23 16 21 23 35 19 17 21 25 18 17 
25 30 30 12 14 24 19 15 14 21 20 27 33 25 22 27 19 29 29 19 
18 31 30 13 9 37 32 14 26 21 21 28 27 28 23 25 18 20 8 25 
29 15 28 13 8 25 27 14 30 31 28 19 35 26 20 23 26 17 22 18 
16 49 20 13 12 19 14 21 24 17 11 25 21 33 20 25 15 22 12 20 
37 22 23 10 10 17 25 13 21 24 30 19 35 27 23 31 20 23 10 11 
24 16 22 15 15 26 13 13 19 22 25 29 20 15 19 28 22 20 15 10 
27 39 23 13 19 20 26 11 31 33 26 24 19 32 13 27 17 21 24 18 
33 18 28 19 18 38 17 21 20 20 25 51 20 19 11 33 17 26 19 21 
8 30 17 17 12 37 24 11 27 20 22 20 21 32 27 29 29 26 23 29 
7 29 31 23 19 37 21 15 17 19 31 19 30 23 19 30 10 20 12 25 
6 44 24 16 18 16 15 10 22 25 8 31 23 37 13 28 14 25 13 19 
27 30 13 20 19 21 21 19 15 15 24 27 24 29 24 30 13 16 15 22 
26 28 19 18 12 40 28 19 24 18 24 22 30 16 23 27 21 22 21 26 
35 22 28 17 18 42 14 27 20 30 26 27 33 25 14 24 15 14 11 23 
42 19 26 14 10 48 21 16 30 19 18 24 34 24 19 26 22 24 27 30 
31 8 25 10 21 23 20 20 20 25 12 23 20 21 20 28 14 14 22 21 
39 29 35 18 26 28 20 16 19 19 18 26 26 23 21 26 16 18 27 28 
40 29 16 20 18 21 24 15 20 30 13 19 19 28 17 15 21 26 16 7 
37 27 21 17 11 29 19 13 22 21 22 18 18 27 28 35 23 18 15 13 
32 34 17 12 25 16 27 9 18 17 27 19 27 22 30 22 19 17 19 21 
35 31 23 20 17 30 13 14 24 13 19 22 14 15 22 37 18 17 26 21 
30 29 30 18 11 35 16 8 19 28 12 26 35 33 26 28 20 27 18 21 
41 48 24 21 26 32 10 14 34 24 35 22 20 38 15 29 19 22 25 24 
20 32 28 10 20 21 12 20 27 25 11 25 15 20 26 14 26 26 23 31 
28 30 17 12 16 37 23 18 33 12 19 24 29 36 24 30 22 23 25 17 
31 17 14 15 11 22 19 18 25 30 13 27 23 26 19 27 17 19 25 22 
26 23 20 10 18 41 18 17 33 31 16 21 20 13 19 29 15 30 18 18 
25 23 15 15 17 37 18 14 30 17 16 21 30 22 19 24 19 30 27 16 
27 30 20 19 10 28 30 17 24 9 20 15 25 22 25 27 30 24 14 19 
24 15 8 15 15 22 15 13 19 19 25 28 26 22 16 21 15 23 16 24 
27 30 19 19 16 28 18 15 27 22 15 19 22 12 11 24 22 11 14 16 
24 29 21 18 14 30 28 14 17 36 27 23 33 24 19 30 19 30 14 28 
31 32 12 17 16 22 16 15 27 29 15 29 33 23 12 28 19 13 19 22 
39 41 15 17 16 32 27 18 26 20 24 29 26 14 14 17 32 9 15 12 
7 27 14 18 8 26 27 19 27 24 25 20 18 29 18 26 21 6 13 22 
24 26 16 17 12 35 18 15 35 18 20 25 45 26 14 25 18 25 14 18 
13 27 24 23 21 20 13 17 14 19 10 26 26 10 17 22 26 20 18 17 
21 42 25 10 13 32 24 15 22 16 13 32 37 22 19 31 25 22 17 22 
30 30 24 17 17 31 19 14 25 14 21 27 31 22 18 22 15 22 14 18 
32 23 32 15 20 28 23 9 22 19 17 19 14 27 17 14 21 20 13 19 
28 43 28 15 21 17 19 7 23 30 16 19 31 26 23 35 21 24 8 26 
42 37 18 16 15 29 25 16 14 27 27 30 22 17 29 31 11 14 17 29 
31 10 17 9 12 37 17 18 27 24 25 35 13 26 21 25 26 10 20 26 
36 36 29 10 21 37 10 15 22 19 19 42 25 14 18 22 19 7 10 27 
36 34 11 12 24 30 19 20 26 24 26 26 25 21 21 15 16 25 18 15 
38 25 21 15 13 20 18 18 32 21 11 22 28 15 16 31 29 29 16 17 
17 31 25 16 17 37 19 19 32 22 26 26 27 20 23 17 28 18 16 23 
31 36 28 17 13 29 19 19 20 18 19 28 21 27 23 35 17 15 16 35 
34 27 23 14 12 30 29 25 25 27 24 17 29 35 13 30 21 5 17 19 
32 27 15 12 18 23 21 23 32 22 17 23 20 30 19 21 30 15 20 18 
18 33 25 14 20 29 19 17 32 21 18 27 29 28 18 28 16 25 13 14 
33 33 18 14 22 24 19 15 28 28 27 23 36 12 16 20 21 29 16 25 
33 30 17 2 18 40 28 19 21 33 20 32 44 32 19 16 13 27 19 9 
26 34 24 17 8 23 17 14 18 31 13 22 29 25 20 16 20 22 18 25 
33 35 27 16 10 23 21 14 29 26 21 26 8 19 19 32 14 25 13 31 
25 14 23 20 19 33 21 24 18 28 10 30 29 31 16 36 17 13 19 13 
18 35 22 16 13 20 26 10 27 22 20 25 16 18 21 23 22 23 14 14 
20 15 17 9 10 33 26 17 28 35 20 25 20 26 15 31 26 24 23 7 
28 20 31 18 16 27 19 10 25 21 21 29 41 13 19 13 29 24 18 28 
32 16 27 12 18 25 26 13 22 12 14 23 15 33 19 13 17 19 17 22 
35 27 23 6 15 22 16 19 31 16 19 28 16 35 16 31 19 28 22 13 
22 30 25 12 11 30 23 11 28 24 18 24 19 29 21 31 16 30 12 16 
20 22 25 10 22 33 25 16 25 24 15 23 36 16 21 15 13 16 25 22 
36 26 21 17 14 39 19 11 16 22 24 29 22 19 15 30 10 16 13 21 
14 44 27 13 20 31 24 14 20 29 15 25 32 30 31 17 17 18 16 26 
26 36 20 18 21 14 15 10 28 22 24 29 23 10 22 35 10 31 17 22 
31 32 31 9 14 24 18 17 27 33 23 16 29 22 20 29 19 25 10 29 
21 29 21 19 16 33 24 25 31 27 9 32 30 28 16 18 27 16 18 21 
33 28 24 21 17 31 25 9 32 19 18 30 35 22 18 30 23 35 20 29 
36 31 19 16 27 15 15 6 12 15 24 21 26 14 15 41 16 29 15 31 
45 22 20 11 21 28 5 14 17 19 22 26 40 15 20 18 6 23 15 19 
30 17 26 12 12 39 22 16 5 23 20 28 24 32 11 34 16 18 24 15 
29 36 22 15 24 23 14 15 19 26 14 23 22 30 12 23 23 17 21 22 
35 44 19 19 6 38 18 12 22 27 17 12 23 30 23 24 21 21 22 26 
31 35 25 11 18 33 26 21 24 23 23 32 28 27 21 36 12 24 23 20 
36 55 21 12 16 32 28 18 24 31 19 27 41 19 18 35 7 24 25 14 
34 31 21 17 17 33 20 15 20 41 16 30 26 25 26 27 9 28 21 15 
21 52 26 9 15 38 25 20 20 19 22 18 21 28 10 18 19 26 19 18 
10 22 27 14 15 29 20 16 27 15 22 27 22 26 11 18 25 11 15 23 
30 34 8 20 14 19 18 15 21 23 16 21 24 28 21 26 24 19 21 26 
43 32 27 15 14 15 20 16 21 25 14 5 35 21 19 35 14 32 22 21 
17 27 28 18 8 33 28 18 16 23 18 41 32 13 26 34 19 2 5 21 
27 27 28 13 17 26 23 11 29 20 20 16 48 18 19 32 24 27 18 16 
36 22 28 17 12 27 17 14 24 25 20 34 16 28 16 13 16 18 20 25 
26 39 23 12 20 26 25 21 20 22 19 23 26 30 18 22 16 25 33 17 
28 39 32 16 9 26 25 17 22 27 21 31 25 29 13 35 13 26 23 21 
32 35 24 17 19 31 19 20 28 16 17 24 28 10 8 19 12 16 20 27 
24 42 13 12 15 37 11 11 26 27 17 14 28 36 24 26 24 21 10 14 
24 21 30 14 16 24 31 16 30 24 20 25 27 19 12 35 20 26 17 16 
32 27 23 20 12 33 18 16 25 24 19 29 23 20 17 22 24 17 19 18 
31 40 21 10 17 15 12 17 27 23 19 45 11 20 11 19 20 11 26 19 
30 30 16 15 11 23 16 14 19 21 14 18 28 26 17 29 16 23 22 16 
33 22 28 16 20 22 27 24 25 21 9 20 23 18 20 20 24 17 14 17 
19 40 36 13 19 34 24 22 17 23 14 28 25 35 14 23 35 25 17 25 
42 41 18 9 12 35 24 23 37 12 17 22 42 33 16 40 22 18 13 23 
40 28 23 12 15 44 22 4 22 17 16 16 22 43 19 29 19 36 7 21 
40 39 20 9 25 27 21 12 28 24 32 12 23 28 20 37 19 26 12 20 
18 33 25 17 17 25 9 18 20 17 22 17 32 38 15 29 11 17 23 26 
35 25 23 7 17 31 23 20 20 17 23 26 19 25 16 51 12 17 9 18 
15 23 20 12 18 33 27 9 23 31 17 23 14 25 25 19 25 15 17 22 
22 24 19 16 10 30 20 16 16 22 23 22 39 22 20 37 17 33 20 18 
14 18 15 18 13 39 12 24 19 18 17 18 36 35 18 33 21 24 13 22 
11 17 19 15 22 26 14 13 19 24 20 20 14 20 16 22 16 23 15 25 
19 25 29 15 15 29 18 22 18 23 19 42 39 20 20 25 20 34 11 16 
24 32 15 18 17 28 35 26 26 29 28 19 21 33 18 35 21 17 22 14 
32 24 28 15 16 22 25 16 30 9 17 28 23 23 33 15 18 28 19 20 
21 23 21 6 12 29 24 15 19 27 20 18 33 16 20 37 25 17 24 13 
32 35 19 11 25 25 18 15 27 27 8 29 43 32 20 28 24 17 21 30 
25 34 30 12 25 32 25 14 18 21 11 25 12 28 18 20 21 14 23 17 
11 24 23 21 16 28 21 18 30 31 19 32 24 26 12 22 18 15 24 22 
31 29 22 15 10 21 16 22 31 15 20 29 31 33 26 12 22 19 12 15 
37 17 27 20 12 15 21 11 18 20 19 25 29 37 17 29 20 14 21 28 
25 21 30 12 16 18 17 17 32 8 17 29 28 23 15 26 11 16 17 19 
23 14 11 15 21 31 9 10 22 32 23 29 29 21 19 16 32 29 11 12 
27 38 25 18 16 25 26 21 28 20 12 29 24 31 25 19 16 17 23 7 
29 38 19 11 12 20 27 15 29 23 23 26 33 19 19 26 22 18 23 17 
31 22 20 6 12 24 24 17 17 24 18 21 21 26 15 31 20 13 21 22 
19 41 26 14 18 22 20 22 9 17 19 10 27 30 25 27 28 25 13 20 
39 37 20 15 23 16 30 12 28 4 17 24 24 21 17 29 20 31 11 27 
40 29 22 11 20 42 10 13 14 17 20 21 21 32 23 31 19 20 2 14 
29 35 18 14 18 11 21 14 18 37 23 23 24 27 19 35 11 4 8 28 
20 41 19 15 19 24 15 16 22 23 29 23 29 19 28 23 21 17 18 28 
28 33 12 7 16 28 30 19 11 13 18 20 31 11 13 27 32 14 14 6 
22 24 18 17 10 25 23 11 22 26 22 26 19 25 15 28 30 15 26 17 
36 46 29 16 17 22 21 12 22 24 25 25 38 31 10 19 23 30 19 18 
21 23 29 14 16 29 24 13 26 17 21 28 34 36 22 32 21 29 19 12 
17 8 23 9 8 30 29 16 21 24 12 27 21 37 22 25 24 25 19 21 
22 46 35 13 8 31 29 15 24 17 25 22 30 18 10 21 18 21 21 17 
49 28 32 12 16 14 21 20 24 29 11 27 18 25 20 37 17 21 11 32 
19 36 30 11 16 34 17 11 15 24 20 41 15 29 14 15 16 18 14 16 
31 31 25 16 13 41 27 20 27 33 11 21 45 23 21 33 16 17 22 17 
12 26 17 15 7 19 10 18 25 23 15 34 14 29 11 22 28 19 12 23 
32 22 24 20 25 23 17 20 30 15 18 19 14 32 14 19 28 21 28 26 
13 23 34 14 13 36 25 16 28 40 21 36 26 22 19 29 13 10 17 22 
19 23 23 17 17 27 35 18 28 17 20 24 22 36 28 29 21 25 19 26 
25 31 22 17 12 40 14 15 29 12 20 12 16 27 32 16 26 19 16 25 
26 24 21 19 10 37 27 4 21 38 12 20 23 30 19 36 20 19 6 11 
26 27 19 17 21 22 12 11 21 33 21 19 37 30 15 28 33 27 19 19 
27 20 25 17 15 36 18 12 15 28 13 19 38 33 21 21 16 20 22 16 
30 61 28 11 17 22 32 11 23 24 24 16 26 12 23 37 28 20 23 16 
32 39 24 13 23 32 11 19 23 22 25 30 19 20 20 17 16 19 17 25 
36 38 21 17 18 33 25 17 28 30 18 23 24 13 12 31 23 25 21 30 
30 36 31 18 17 16 20 14 22 28 26 33 29 23 16 15 11 9 15 13 
24 20 22 11 12 25 36 15 12 24 18 24 36 30 22 26 14 17 16 20 
34 43 23 12 17 32 20 16 16 20 22 28 37 24 27 23 28 21 17 20 
28 23 26 15 14 26 18 13 18 19 25 35 27 34 16 29 26 22 9 22 
22 32 21 15 16 34 20 16 18 26 23 33 10 28 15 13 16 26 15 16 
28 35 26 12 16 20 11 17 23 23 28 25 39 34 21 23 14 42 20 19 
37 36 28 18 14 31 20 14 25 20 17 20 28 25 9 24 17 24 19 15 
24 20 33 23 14 25 33 20 23 19 13 21 37 27 27 27 24 18 13 26 
37 26 19 13 17 28 23 21 11 15 24 10 33 16 26 20 15 22 19 23 
36 13 37 8 10 33 21 16 33 15 21 30 20 32 14 27 28 20 17 24 
18 40 13 15 8 8 25 1 31 19 15 29 30 26 18 30 15 29 19 22 
29 18 22 7 15 9 25 20 25 19 27 13 29 36 23 11 21 36 26 24 
20 38 29 18 23 48 18 19 27 23 23 42 19 27 17 28 26 25 11 17 
32 30 25 17 21 31 8 18 23 35 13 28 20 25 24 23 26 15 26 12 
37 31 20 8 7 24 18 16 23 20 24 21 39 24 20 17 14 22 20 19 
38 45 30 15 11 29 20 13 21 23 26 41 33 18 11 34 33 26 14 25 
30 24 19 13 18 44 24 20 17 20 24 22 36 32 27 29 26 30 14 24 
24 39 9 18 19 23 17 16 14 23 23 22 16 22 21 29 22 26 21 29 
27 39 26 18 15 45 10 19 16 33 24 38 20 17 22 32 20 19 18 18 
23 36 21 13 14 27 19 11 30 20 24 27 29 27 20 27 14 26 20 22 
41 40 29 17 13 37 20 16 10 27 24 26 26 26 14 19 12 22 11 24 
24 26 16 7 18 21 26 15 28 34 13 26 31 22 23 19 17 26 14 16 
18 20 16 11 11 26 20 9 22 28 19 34 26 34 24 26 16 24 25 2 
35 46 20 12 20 32 22 21 25 26 17 18 21 30 20 33 24 9 9 24 
19 53 27 17 15 27 27 16 29 23 12 28 14 43 20 22 23 28 15 27 
24 24 32 16 15 34 20 15 28 13 15 26 28 30 12 28 16 26 19 19 
16 21 29 9 14 45 23 10 14 19 21 22 27 31 14 22 13 33 16 36 
37 43 23 18 18 34 29 19 14 24 12 24 23 22 19 28 9 19 18 21 
23 35 23 13 16 30 24 17 24 28 19 16 20 28 19 17 21 19 21 22 
32 47 23 13 20 22 26 11 30 30 23 36 21 28 14 27 26 22 21 17 
22 21 18 10 12 20 18 15 19 24 24 21 27 20 5 21 20 19 9 20 
23 39 23 18 15 26 12 19 30 17 20 14 37 27 18 31 13 15 17 16 
29 27 21 18 14 14 27 16 26 23 22 14 40 19 17 26 29 16 27 20 
35 34 10 14 12 34 29 11 17 15 27 26 24 41 23 27 22 27 19 19 
26 27 31 11 15 21 23 15 15 24 26 22 29 35 24 19 18 20 17 13 
34 39 23 17 16 26 31 8 22 18 21 40 27 16 19 27 11 21 13 10 
12 35 29 15 10 24 25 11 18 21 23 43 21 14 19 11 21 28 13 20 
23 29 21 19 18 25 23 11 22 29 28 29 16 6 22 34 20 13 18 21 
38 25 28 15 19 24 22 17 19 16 27 29 33 24 14 28 6 32 18 29 
30 27 24 24 19 32 27 15 26 28 17 34 28 23 20 24 11 23 18 22 
31 19 17 8 21 33 31 17 11 22 15 15 25 30 14 29 22 17 11 19 
29 45 27 9 20 43 17 14 17 19 15 35 30 30 23 41 23 27 13 24 
19 33 20 11 16 18 21 17 31 14 9 30 27 21 26 37 20 23 16 23 
14 37 24 14 15 7 20 17 7 25 18 29 20 17 21 25 23 16 20 25 
30 37 18 22 14 39 16 11 16 25 23 19 17 15 16 24 31 19 22 23 
38 26 28 19 12 28 16 19 19 24 12 36 38 22 25 22 10 16 13 30 
37 32 36 14 12 31 16 16 32 27 22 27 36 25 26 34 14 22 22 23 
22 28 32 20 14 31 15 13 16 31 22 23 26 21 20 23 36 23 17 10 
31 27 19 21 11 34 25 16 9 23 15 22 48 22 16 25 22 13 10 21 
36 29 19 16 5 16 26 15 32 19 18 25 22 22 15 36 28 11 17 20 
38 28 25 19 17 39 27 9 10 26 21 27 26 25 20 20 27 25 15 25 
24 27 23 25 13 22 12 25 24 22 21 28 18 26 10 26 15 18 19 26 
24 42 16 22 18 24 13 18 35 28 14 17 27 34 24 31 19 12 19 14 
28 26 21 14 12 32 23 19 25 20 21 23 23 22 21 27 31 27 21 27 
42 38 13 14 9 35 21 10 22 24 27 26 22 18 26 43 26 17 20 29 
31 26 35 9 14 11 24 22 35 24 27 27 17 28 19 25 24 10 18 24 
23 40 25 19 17 22 13 21 22 25 24 22 26 27 26 32 26 21 23 31 
40 28 32 20 25 38 18 16 12 25 18 20 23 16 9 26 32 17 22 15 
28 26 14 14 20 28 24 11 21 25 8 27 33 23 21 27 12 12 19 17 
26 25 21 20 17 29 20 22 28 32 21 19 28 7 22 14 28 26 23 21 
17 2 23 8 15 27 14 19 19 19 16 19 21 21 19 18 21 18 17 20 
31 22 20 14 17 26 24 16 19 28 14 33 14 30 17 27 23 15 14 19 
46 22 22 22 16 37 22 11 19 21 18 30 36 21 15 26 21 24 19 18 
34 30 23 11 21 32 27 14 24 17 22 27 31 29 19 30 21 21 11 17 
29 21 22 17 13 36 24 17 24 20 17 23 30 27 19 36 13 21 21 15 
28 29 16 15 21 35 28 15 20 15 13 18 36 25 20 12 30 19 16 26 
33 40 26 20 16 36 27 10 16 16 20 23 35 7 30 15 15 17 24 9 
31 57 24 15 18 30 27 21 17 23 23 32 17 25 22 25 8 23 20 14 
27 36 24 14 18 25 23 13 18 26 20 23 25 29 8 33 18 13 11 18 
31 29 21 12 18 26 21 19 27 16 19 29 16 35 14 28 17 21 14 15 
31 26 15 6 17 18 22 17 15 21 16 24 12 19 19 27 28 27 6 30 
33 31 28 15 15 24 18 15 27 24 18 33 11 44 13 33 9 26 26 17 
28 29 25 21 15 35 20 20 26 17 16 20 33 18 29 45 13 22 23 24 
36 41 15 13 14 25 22 10 23 23 16 20 31 21 28 26 16 24 12 20 
20 45 9 17 11 33 24 16 26 28 18 29 24 38 18 20 12 15 25 19 
18 31 37 16 9 34 30 16 12 34 26 28 35 20 19 25 18 25 21 14 
22 18 28 13 18 26 30 13 22 22 23 30 37 33 22 27 18 16 14 19 
34 21 27 13 21 44 14 18 26 29 25 21 43 20 18 37 17 23 18 28 
27 37 26 10 20 31 23 14 17 27 23 17 17 34 19 29 16 20 15 22 
19 22 14 11 13 34 22 13 17 27 19 22 33 31 16 31 20 19 14 23 
16 48 16 18 25 40 19 11 26 17 22 35 23 28 22 24 29 23 17 12 
32 21 20 12 14 26 16 20 17 22 17 21 32 24 15 8 29 20 15 23 
28 42 21 15 26 28 19 18 26 37 19 25 31 23 25 17 24 17 26 22 
28 46 33 16 16 36 19 21 26 20 24 34 19 19 15 30 19 25 14 15 
29 50 25 5 17 30 6 18 15 28 20 9 24 12 17 29 12 15 24 27 
37 24 29 16 17 27 17 13 24 20 18 28 30 26 20 36 25 22 18 18 
27 23 20 16 21 39 26 14 18 27 26 19 20 21 21 19 19 24 18 24 
23 43 17 14 18 24 13 19 26 16 20 10 24 19 26 37 30 24 13 21 
19 38 23 11 14 28 29 21 27 14 21 21 36 30 17 35 11 17 10 17 
24 45 16 16 16 23 22 17 16 24 31 17 36 23 17 26 27 19 16 19 
14 28 19 14 16 34 28 17 24 17 19 28 14 12 15 31 9 21 20 20 
32 28 26 17 12 27 9 20 18 7 15 21 24 21 10 24 8 24 18 15 
27 36 25 19 15 17 26 22 27 22 28 33 29 35 26 33 19 25 20 22 
24 39 18 11 10 36 15 18 18 15 14 22 38 15 3 21 23 21 22 26 
28 25 13 16 17 27 33 15 34 19 14 25 24 26 22 27 27 15 16 25 
29 26 21 16 12 29 19 10 15 12 27 29 17 22 19 34 17 14 27 8 
22 33 18 13 16 18 14 14 27 21 14 32 32 19 16 28 23 21 18 24 
23 32 23 8 18 28 19 19 22 26 17 20 26 28 17 24 7 16 15 29 
28 28 20 16 11 23 22 17 24 21 20 27 27 31 5 24 23 14 26 21 
40 34 26 15 23 27 24 20 21 24 28 29 19 14 19 12 18 18 19 15 
35 28 32 13 16 38 18 10 20 15 22 24 28 19 16 28 13 23 17 23 
12 30 18 20 17 28 24 11 16 29 22 28 41 30 7 11 18 16 23 21 
26 16 26 7 17 17 21 15 20 29 18 34 22 31 14 28 25 23 13 18 
28 9 12 14 15 20 21 12 25 24 17 16 28 23 25 22 18 20 15 28 
37 21 25 11 17 26 25 12 4 19 22 43 23 17 13 23 21 28 28 10 
33 33 18 17 22 39 14 20 16 26 28 24 12 21 25 29 16 11 15 23 
46 27 31 17 11 46 13 15 14 24 12 28 20 18 24 29 31 21 9 20 
34 31 19 14 15 9 20 20 12 16 14 21 30 32 22 29 23 19 21 21 
30 31 29 8 22 50 18 15 26 17 23 27 21 37 24 36 14 13 9 28 
18 22 19 17 21 23 14 16 19 13 26 29 35 36 20 25 23 23 25 19 
26 21 21 17 15 30 21 17 33 30 21 24 29 38 26 26 16 28 13 23 
24 36 20 20 19 42 18 20 14 22 19 14 31 25 17 40 16 22 24 16 
18 30 22 10 20 26 27 15 23 24 18 32 21 30 20 27 23 24 16 25 
29 38 21 18 21 31 10 17 20 25 24 18 10 10 20 19 16 19 21 17 
22 26 22 13 20 38 22 11 19 14 6 23 32 19 16 22 33 21 24 16 
14 49 16 21 12 30 27 11 25 15 21 28 23 24 8 23 17 29 15 11 
14 41 15 11 16 18 27 14 30 29 25 27 19 17 18 26 21 30 24 7 
42 21 21 10 17 25 20 23 27 20 14 22 39 5 28 22 10 22 9 24 
47 32 37 20 13 26 13 11 28 25 19 23 19 21 10 28 19 23 14 8 
36 22 13 15 13 27 31 15 18 33 19 41 31 40 25 34 20 21 18 26 
31 22 27 13 16 27 14 13 31 34 18 25 31 26 22 36 21 30 17 34 
33 28 20 15 14 34 16 12 27 32 23 15 15 47 6 18 18 25 26 26 
29 33 24 17 13 19 16 17 25 32 19 19 43 19 18 22 19 20 22 27 
31 32 20 18 16 35 15 18 16 11 28 25 38 16 18 24 18 37 21 21 
31 43 31 13 18 30 26 19 15 25 15 9 15 18 24 23 29 18 27 22 
21 28 28 21 13 17 19 21 20 10 24 34 32 31 17 37 23 23 17 23 
23 20 31 15 13 25 25 11 22 20 17 24 19 28 23 21 15 35 16 11 
37 22 35 10 16 22 26 11 32 29 31 16 24 31 30 40 18 34 20 23 
20 40 19 11 11 22 20 13 25 15 21 28 26 20 24 27 17 20 18 28 
41 32 22 18 9 33 23 15 31 16 18 38 30 32 32 30 9 21 22 25 
35 26 25 13 19 28 26 14 18 15 21 28 37 22 15 14 11 14 16 12 
15 20 33 14 14 36 17 16 25 14 12 10 30 16 14 23 10 16 14 26 
42 34 25 13 20 29 20 15 25 15 19 26 38 16 23 16 19 14 13 19 
36 27 24 13 21 34 23 19 12 35 20 30 24 17 25 28 28 16 13 22 
36 29 29 6 15 3 17 18 23 27 26 33 15 24 16 26 20 23 17 22 
26 15 19 12 10 13 28 15 23 14 19 15 20 20 16 26 13 29 29 36 
25 8 32 14 16 36 21 13 30 17 18 25 30 25 15 30 24 23 28 32 
17 22 21 14 18 24 17 21 16 20 23 22 33 25 20 24 12 24 17 29 
25 35 28 15 18 25 24 13 30 16 17 15 21 22 23 37 15 22 10 20 
23 32 18 17 15 27 21 19 21 32 15 23 32 26 19 21 19 21 25 15 
31 34 23 18 10 19 19 12 24 29 21 26 29 39 19 20 7 22 19 20 
32 13 18 9 14 19 22 12 16 22 25 18 30 31 18 22 23 28 22 23 
35 24 21 19 20 22 25 16 33 12 19 28 26 37 24 28 21 15 14 23 
24 32 22 17 20 37 23 12 21 33 18 23 35 22 18 10 29 27 19 21 
40 31 26 19 18 20 21 15 17 23 12 32 24 32 20 30 24 32 14 13 
25 31 23 9 9 45 35 17 19 26 24 18 32 31 14 27 20 22 18 25 
23 23 15 16 17 26 18 15 14 17 18 25 25 28 15 27 19 20 12 21 
14 36 22 16 21 29 19 20 17 30 25 23 29 37 21 22 22 24 15 28 
8 38 19 16 15 31 23 19 27 23 25 12 34 26 32 18 20 29 17 18 
19 26 30 13 16 22 27 26 20 28 23 23 25 10 12 19 14 29 17 15 
14 36 19 21 17 26 31 19 24 30 20 31 19 27 18 24 19 12 17 11 
43 28 20 20 15 29 23 17 21 18 15 32 26 17 15 19 19 19 17 8 
39 38 18 17 19 33 20 13 18 35 24 35 37 25 8 21 20 28 20 21 
27 33 19 16 17 23 28 15 19 19 20 17 33 23 21 25 18 21 23 9 
43 9 18 18 20 15 25 7 18 24 16 20 36 20 24 33 27 26 21 17 
35 34 30 18 23 43 30 20 34 19 24 20 32 23 19 15 34 28 29 32 
22 47 28 17 17 33 14 18 20 15 15 27 23 26 9 25 23 25 23 14 
20 4 27 18 19 26 26 14 15 26 23 24 37 30 12 13 21 11 16 17 
15 26 20 16 13 31 17 16 14 30 13 25 27 26 17 30 12 27 21 6 
18 25 35 15 9 21 19 9 39 24 22 32 38 28 22 21 17 28 20 22 
23 35 22 14 19 29 13 12 25 33 21 21 29 34 17 19 13 21 15 23 
37 25 19 19 14 23 28 18 17 14 15 33 28 24 26 38 15 27 10 39 
42 33 26 18 11 27 10 17 20 26 16 27 28 32 20 30 16 18 17 21 
31 42 13 17 13 30 15 12 14 16 22 28 28 23 14 27 21 22 14 15 
27 42 27 20 11 41 16 15 28 20 30 20 20 27 17 10 11 16 32 30 
30 40 20 14 19 35 23 18 21 19 15 25 22 22 13 19 17 31 14 14 
20 20 30 13 12 36 11 16 18 27 18 20 37 26 19 24 23 23 18 14 
26 21 15 14 16 24 21 20 26 23 22 24 20 27 12 22 18 33 18 24 
12 21 20 14 19 33 22 10 29 24 25 13 34 40 28 31 24 21 16 21 
41 38 29 15 13 10 21 16 22 20 13 33 32 41 29 28 13 21 17 19 
31 32 20 15 15 37 26 10 31 26 16 38 25 27 27 22 18 30 17 21 
22 38 24 20 11 18 19 9 28 13 19 34 41 20 20 25 17 26 21 16 
25 43 25 20 21 32 10 16 19 22 18 32 26 29 15 35 28 25 12 22 
24 34 25 18 13 24 25 7 32 25 21 27 35 21 20 31 22 19 18 20 
27 30 28 16 19 22 29 14 23 24 22 31 30 21 9 25 21 18 20 16 
26 49 19 18 13 35 33 16 31 27 18 25 23 23 23 12 25 29 17 13 
30 41 29 19 11 38 26 15 15 28 15 16 41 25 20 22 19 13 19 22 
18 32 34 12 13 26 24 22 13 31 21 32 17 12 9 20 13 20 25 19 
24 19 13 15 15 21 13 20 21 17 23 14 25 37 17 28 22 23 25 16 
25 35 24 19 18 31 17 15 24 20 16 32 29 14 21 33 12 28 25 21 
26 26 25 21 16 35 8 6 16 27 22 23 22 31 16 29 19 19 22 27 
36 43 22 14 21 40 13 12 22 24 15 22 35 25 10 33 25 18 11 20 
34 37 19 7 20 22 18 15 21 24 11 26 25 29 15 27 16 21 17 25 
26 38 22 15 19 31 19 17 20 28 25 32 33 21 19 20 10 28 25 23 
20 33 23 19 9 35 30 15 27 22 18 18 32 31 21 32 28 11 18 20 
32 29 21 20 22 32 22 18 17 16 21 17 35 25 18 22 16 37 14 20 
25 28 21 10 11 19 13 16 23 16 22 22 20 27 24 21 16 16 24 19 
18 36 17 22 19 32 20 12 21 30 12 35 18 22 21 40 16 25 8 24 
19 6 25 9 12 28 23 17 19 23 21 29 25 30 12 4 21 26 21 19 
24 25 18 16 9 31 15 18 12 21 16 37 27 22 18 26 19 26 24 34 
32 43 20 15 13 30 26 10 19 21 22 24 29 21 17 37 15 21 21 32 
23 45 16 10 22 18 23 18 23 22 23 28 30 30 20 22 22 21 21 22 
28 35 21 14 12 41 15 17 20 25 10 24 38 6 22 29 38 26 22 26 
21 43 30 7 24 16 33 16 22 27 25 25 33 19 22 29 23 17 8 18 
17 24 18 17 12 20 22 14 36 21 18 23 33 35 14 27 13 17 16 25 
35 21 22 14 19 30 26 18 19 27 28 29 31 29 23 29 29 35 23 26 
42 48 20 16 24 21 33 12 27 24 20 33 39 25 27 17 35 17 19 27 
30 31 17 8 26 40 24 16 22 18 25 22 18 23 20 25 19 16 19 22 
23 39 14 10 19 32 17 12 21 26 28 11 23 19 22 38 15 17 24 21 
35 33 33 13 15 16 15 16 17 26 15 23 31 21 21 34 18 21 19 23 
19 36 23 3 11 27 27 15 25 26 18 26 37 23 19 23 19 21 17 18 
13 21 13 19 17 24 27 20 22 31 20 22 27 27 15 32 23 30 15 17 
29 2 30 17 9 11 19 14 22 19 18 26 15 13 21 17 20 26 12 7 
32 43 23 12 13 36 28 14 28 19 21 37 22 29 21 25 28 24 9 21 
34 34 24 8 11 38 30 14 21 23 12 15 25 34 30 25 19 30 18 28 
10 35 14 15 13 27 18 19 19 27 16 29 35 33 21 32 25 19 11 15 
31 27 18 17 20 28 28 17 25 20 16 16 28 26 17 25 12 31 22 22 
21 44 18 14 18 21 26 16 22 28 14 21 33 31 19 24 15 22 16 16 
32 12 19 19 17 18 26 14 18 32 23 25 9 19 17 25 35 8 21 19 
21 28 21 18 15 36 30 16 24 32 21 27 44 25 22 31 17 12 17 28 
36 23 21 16 20 32 15 6 22 34 14 29 14 20 24 18 21 26 26 23 
27 38 25 9 14 24 14 12 23 18 21 32 30 28 23 24 23 27 17 24 
25 17 21 12 19 29 28 14 30 28 20 41 25 5 15 25 10 31 13 26 
35 43 25 14 15 19 21 18 21 23 28 16 24 19 20 24 18 4 8 28 
23 18 19 9 21 31 4 12 19 21 16 22 32 26 17 22 26 8 17 12 
22 41 19 10 17 34 20 12 18 29 16 21 13 29 14 14 27 30 20 15 
21 42 22 17 20 12 17 21 25 21 17 29 25 32 21 16 12 22 18 23 
43 18 22 15 16 35 10 19 24 29 23 17 27 21 17 24 21 23 16 23 
30 17 22 13 20 23 16 13 21 20 12 20 23 23 22 17 28 23 13 26 
25 22 17 20 20 28 24 26 22 19 20 35 28 29 23 21 25 16 27 24 
16 38 29 18 13 33 23 20 25 15 20 33 34 31 23 34 10 13 15 20 
38 28 32 22 16 27 9 11 21 17 20 27 29 21 22 42 11 16 23 34 
22 35 20 15 15 27 20 22 17 28 13 16 24 23 11 24 30 19 26 22 
27 28 24 10 11 28 24 7 20 28 25 21 27 22 23 35 16 29 16 16 
34 23 25 20 16 17 23 14 27 31 21 29 27 8 15 26 17 28 16 17 
41 30 22 10 12 30 24 10 16 14 18 20 26 20 16 32 19 25 18 28 
10 23 19 15 19 37 27 19 32 30 17 22 35 30 20 35 25 24 14 23 
22 36 28 15 23 27 25 15 23 24 23 31 24 19 22 32 22 27 21 20 
35 14 12 13 13 28 21 12 14 16 15 27 9 18 17 26 18 22 20 16 
52 35 7 15 22 29 18 15 30 31 19 16 43 21 25 24 26 18 14 18 
25 33 26 12 14 15 17 20 28 22 32 13 27 16 12 30 19 22 15 13 
25 23 20 12 9 26 25 12 17 18 24 25 18 28 22 31 24 25 17 12 
12 44 18 19 14 35 26 17 24 19 19 17 36 33 14 22 27 21 17 16 
31 35 25 10 18 29 35 17 28 22 23 18 5 24 18 24 14 23 24 22 
20 12 18 18 14 19 25 11 24 22 9 25 18 23 19 25 24 21 15 16 
27 34 18 11 12 26 18 12 13 18 25 24 36 33 17 29 17 20 21 26 
17 20 19 19 17 30 26 19 21 21 20 32 28 31 10 15 22 26 22 14 
26 33 26 14 12 31 23 12 16 29 21 31 24 11 20 26 15 23 8 11 
21 44 24 21 16 24 16 14 20 22 25 19 28 18 11 20 23 23 23 24 
37 26 23 17 12 15 14 13 21 16 11 14 23 20 21 35 15 18 18 11 
35 43 23 14 20 26 22 12 24 15 25 17 24 24 19 30 20 30 8 12 
27 30 30 19 16 39 26 16 29 14 13 17 22 33 16 15 29 19 18 24 
17 30 24 12 15 27 27 17 22 14 15 27 26 22 17 35 18 17 17 23 
28 32 25 19 14 37 23 10 23 21 25 24 24 26 23 15 21 15 26 22 
30 21 20 17 20 28 22 19 25 28 20 27 39 13 16 25 13 25 18 31 
21 51 14 22 17 27 20 13 28 18 18 8 17 12 15 31 22 20 14 22 
30 44 25 13 18 28 22 10 15 18 21 24 21 38 18 34 22 13 20 15 
19 31 24 17 6 22 23 19 20 19 18 19 21 22 16 32 20 15 22 24 
18 44 26 13 13 28 9 13 21 18 27 29 32 29 22 19 15 24 11 23 
33 26 13 10 18 40 21 18 17 24 17 17 15 23 18 33 23 24 17 17 
27 33 19 11 11 27 19 17 28 27 22 32 23 33 21 19 14 24 18 27 
20 38 15 17 22 19 28 17 23 25 19 26 31 26 14 23 15 19 22 31 
21 29 15 1 19 20 27 22 28 18 21 34 19 29 20 32 15 44 15 28 
36 31 29 19 13 31 22 12 22 17 18 20 36 38 21 40 10 14 15 17 
26 32 27 21 20 23 28 17 18 33 19 26 22 16 14 26 14 17 28 16 
31 28 30 14 17 25 30 19 26 21 20 38 27 32 30 18 29 20 21 21 
18 50 22 13 12 10 13 19 27 15 24 20 25 17 22 17 31 22 20 18 
27 35 21 19 21 24 33 19 18 15 34 34 27 25 25 23 22 17 13 20 
30 32 16 18 15 29 24 19 24 24 19 30 30 22 16 20 29 18 15 24 
43 34 24 20 19 35 23 8 16 24 17 20 30 36 20 13 26 29 14 6 
29 37 28 18 15 30 22 21 17 23 19 21 26 29 24 35 26 26 15 24 

MachineCapacities:
MachineID Capacity
0 10
1 10
