NumTasks NumMachines NumScenarios
25 3 30
TaskDetails:
TaskID ReleaseTime ResourceConsumption SuccessorsCount Successors...
0 0 6 1 6 1 1 
1 0 7 8 6 1 3 
2 0 8 8 3 1 3 
3 0 3 4 7 2 4 5 
4 0 3 1 2 0 
5 0 5 3 4 0 
6 0 5 6 8 3 11 12 14 
7 0 7 10 2 2 10 12 
8 0 7 1 7 2 11 12 
9 0 8 4 4 2 10 12 
10 0 3 6 3 1 11 
11 0 10 9 8 1 13 
12 0 5 1 1 2 15 17 
13 0 3 4 7 3 15 17 18 
14 0 8 2 7 1 16 
15 0 2 9 6 2 16 19 
16 0 7 3 4 3 20 21 23 
17 0 5 4 3 2 20 21 
18 0 9 4 6 3 22 23 24 
19 0 5 4 7 3 20 21 23 
20 0 7 10 5 2 22 24 
21 0 7 6 10 0 
22 0 9 2 2 0 
23 0 9 3 7 0 
24 0 7 2 5 0 

15 37 18 14 22 21 14 12 10 23 13 18 16 36 39 24 20 28 21 20 18 22 23 25 13 15 9 23 9 10 24 13 22 8 30 11 11 30 25 18 21 13 23 32 9 26 20 23 15 8 48 21 28 5 37 14 6 12 24 33 12 27 37 46 24 9 29 29 42 25 27 35 9 28 11 
33 23 18 14 11 14 16 13 10 22 12 16 8 28 37 14 28 23 15 13 14 20 16 29 18 13 12 49 10 8 18 14 18 22 36 17 10 32 20 39 13 12 35 18 10 18 16 28 33 17 27 19 21 5 39 10 6 30 17 27 15 17 39 48 22 13 28 24 35 26 28 21 14 17 10 
27 33 30 11 12 24 11 16 8 26 13 14 7 19 7 31 20 16 19 15 14 20 25 29 12 9 14 34 7 16 20 11 23 16 22 12 13 31 7 12 15 20 33 39 14 22 24 35 24 16 33 26 13 11 31 20 11 27 13 26 16 22 29 29 19 15 33 23 22 36 16 20 9 24 8 
25 32 33 6 23 13 14 9 9 22 11 17 10 25 24 28 22 27 23 20 24 18 17 32 16 10 19 32 7 20 23 12 27 23 18 14 11 19 20 22 26 12 37 32 8 27 11 24 25 19 32 26 24 8 16 10 15 24 14 32 16 31 26 39 30 12 32 31 31 29 27 21 10 16 9 
32 40 29 13 17 5 14 16 9 17 10 15 14 41 49 21 24 27 20 10 22 15 15 31 20 12 12 41 10 21 18 12 21 24 23 28 18 17 22 15 13 11 22 13 13 17 20 36 14 21 25 27 29 8 30 19 15 25 20 35 15 27 29 13 26 16 33 35 31 26 12 15 6 19 12 
35 29 23 14 14 18 12 14 11 32 19 16 14 30 34 23 18 37 20 13 17 18 22 20 13 10 12 32 10 21 19 13 14 30 19 9 13 32 26 41 24 8 44 21 11 12 18 21 34 21 25 31 21 9 14 11 16 13 12 24 18 27 23 39 36 13 25 32 22 24 27 33 10 13 5 
32 35 18 9 19 36 10 5 19 12 14 12 11 31 37 24 14 23 17 14 15 16 18 29 11 10 20 23 9 18 17 10 22 20 18 13 11 32 19 27 16 23 31 33 12 32 14 32 21 19 40 22 30 7 49 24 11 19 18 27 12 15 34 28 28 9 13 27 27 31 30 24 11 15 12 
27 28 32 15 18 19 10 19 16 22 16 15 11 19 26 24 14 19 22 16 8 31 15 24 12 14 12 18 8 18 18 13 25 27 33 21 10 26 20 16 12 22 23 33 9 32 14 23 30 21 35 19 22 12 25 19 13 28 19 26 18 30 27 46 24 14 31 26 15 29 11 24 6 14 12 
22 32 28 15 14 18 13 16 8 24 12 15 14 22 37 29 26 18 20 9 12 24 21 16 14 14 19 38 7 20 21 16 15 19 36 16 15 26 16 19 12 14 23 33 11 21 21 31 24 25 42 8 39 7 39 17 8 25 19 28 18 21 37 25 28 14 23 15 34 27 21 25 11 14 7 
45 32 24 17 11 21 6 14 9 24 11 14 7 26 42 26 13 29 6 12 22 18 25 20 9 14 9 24 8 21 22 13 17 12 8 16 15 36 26 24 12 9 34 18 17 30 19 17 27 17 33 26 26 11 35 14 14 38 12 28 14 25 32 40 19 10 21 31 24 25 27 20 9 19 11 
37 22 30 10 12 14 12 11 7 17 8 12 7 35 17 21 12 17 30 15 28 7 23 26 9 12 8 17 10 11 22 11 9 28 27 14 18 26 15 28 22 14 37 21 14 26 8 30 32 21 29 32 17 6 22 24 19 32 2 25 18 28 32 16 13 17 29 29 27 26 17 35 10 9 8 
31 31 23 10 12 30 10 16 11 19 15 20 5 28 19 22 14 30 13 12 18 24 14 24 15 19 9 28 7 13 25 12 19 24 27 21 12 21 25 26 16 10 33 17 13 23 20 36 24 7 22 21 35 8 19 17 9 26 22 16 21 22 32 23 14 14 23 38 29 42 21 40 9 23 8 
37 40 36 14 15 16 8 15 8 14 9 21 15 17 25 22 18 21 23 11 17 23 16 26 15 12 15 3 7 22 27 13 35 29 20 17 15 36 26 43 28 13 31 31 10 33 19 23 23 18 32 26 38 13 23 12 12 23 12 4 20 22 29 48 21 9 26 26 14 23 18 28 20 8 6 
43 40 16 12 18 11 8 10 10 19 11 9 12 17 24 26 15 10 12 13 10 28 23 23 17 11 13 31 12 8 26 9 18 19 30 21 12 36 22 23 19 11 37 36 10 28 13 24 29 24 25 23 19 13 44 19 12 28 19 24 11 31 22 17 25 19 33 17 38 25 20 18 7 20 12 
37 25 25 9 22 20 11 9 9 15 14 20 8 34 29 29 14 28 21 10 19 28 11 23 17 9 11 34 15 16 16 7 15 15 38 21 21 20 17 20 21 19 31 26 17 30 15 21 24 23 43 27 33 10 23 6 13 17 24 28 19 26 29 43 15 7 29 28 31 28 30 32 12 20 14 
44 25 26 13 20 28 17 19 6 18 15 24 4 39 32 21 18 36 22 14 14 24 20 29 11 14 11 42 7 13 22 9 22 23 20 11 15 19 19 35 28 14 18 18 14 23 20 26 35 32 36 24 22 15 21 16 12 21 13 18 13 40 31 24 28 13 17 32 27 26 22 20 12 7 8 
25 52 32 12 3 16 12 9 9 16 10 12 10 22 28 25 27 21 19 14 19 22 21 32 16 15 11 32 10 9 28 10 21 25 26 10 10 46 18 26 12 15 28 18 9 15 16 33 29 10 21 28 19 7 27 25 13 31 18 31 18 28 31 22 16 11 27 29 16 18 29 16 17 22 13 
29 16 27 13 14 22 9 19 13 27 11 16 9 25 20 25 22 31 30 13 20 29 22 40 13 10 12 32 11 20 23 13 28 30 29 9 15 36 16 33 16 12 19 20 15 31 10 23 30 26 32 15 24 13 29 19 11 24 21 36 24 20 36 22 17 11 28 24 22 34 26 25 19 14 15 
39 17 25 13 20 17 13 15 9 26 10 24 5 28 33 30 26 28 21 20 16 25 20 31 17 16 10 29 9 22 28 10 26 15 28 12 15 12 24 17 18 10 34 23 12 17 12 23 25 24 14 23 23 11 43 20 7 15 29 31 16 27 29 26 9 9 30 26 27 25 23 20 7 24 13 
24 25 22 14 13 20 11 18 9 27 14 11 11 46 40 28 13 22 18 14 19 17 10 16 8 12 12 25 20 12 29 9 22 15 21 13 12 34 10 23 16 14 28 33 10 16 14 16 32 16 34 10 27 9 28 12 9 21 20 31 21 27 19 24 32 12 28 37 28 36 22 27 18 12 8 
18 22 18 8 10 20 11 13 8 27 14 17 13 24 25 9 11 25 14 14 20 22 14 37 19 10 15 23 12 10 39 14 37 13 33 18 10 37 17 22 9 18 21 25 13 15 12 30 22 29 33 26 27 6 21 10 13 24 13 33 10 24 45 3 24 16 22 28 15 20 26 39 13 23 5 
23 28 20 9 15 24 9 16 6 14 12 14 12 28 24 23 16 23 20 8 21 30 19 33 9 11 14 42 14 9 27 13 26 13 16 18 17 42 21 22 16 15 23 17 9 25 16 23 28 17 27 25 19 11 29 16 8 22 19 28 11 29 33 35 26 7 33 25 29 24 22 26 10 19 12 
31 30 26 10 16 10 12 7 10 15 12 22 14 32 20 16 14 21 24 9 20 24 9 34 14 18 8 61 10 20 23 13 24 26 23 12 19 25 24 17 15 11 43 24 15 21 7 18 15 18 22 16 27 11 22 14 2 18 19 36 13 33 28 23 20 15 16 31 38 19 24 27 5 22 6 
25 28 16 11 12 24 10 16 6 25 11 17 15 21 8 20 18 13 17 12 19 23 17 32 15 12 13 18 13 21 9 10 19 27 26 12 16 26 33 21 20 12 38 14 13 13 20 28 24 22 39 12 28 13 42 17 11 23 24 22 14 24 29 19 24 18 22 10 16 31 25 22 5 22 10 
32 35 35 12 17 10 12 14 11 15 13 15 12 34 36 29 23 11 22 14 25 30 23 23 18 9 8 38 10 13 29 7 11 15 38 2 16 26 17 25 15 17 24 19 10 28 18 26 26 25 39 21 24 11 45 17 13 29 18 36 19 42 30 37 24 14 24 26 31 23 22 16 13 22 10 
17 39 27 12 21 9 9 14 16 29 11 17 5 26 24 25 15 27 15 16 9 28 23 12 17 15 9 22 7 16 23 12 23 12 26 10 13 16 26 25 11 11 33 11 10 26 16 23 25 20 39 18 19 9 23 17 10 23 23 30 20 29 35 15 20 9 30 32 31 15 25 29 15 24 8 
36 17 24 6 27 8 11 16 11 22 10 16 7 39 32 19 31 38 7 10 26 21 20 34 12 11 10 20 14 15 18 8 26 29 27 21 20 27 12 26 20 18 29 44 9 15 23 37 25 24 44 22 13 3 35 12 8 29 16 29 14 19 17 29 25 15 41 32 37 19 29 32 13 21 13 
17 29 20 14 14 16 15 11 8 30 14 21 10 37 31 20 21 36 24 14 18 29 18 39 15 15 8 52 10 20 22 10 19 20 19 3 14 25 19 19 19 15 31 37 5 19 18 17 23 32 32 18 20 9 30 25 11 15 7 16 18 30 29 28 32 14 38 26 29 41 15 32 19 26 11 
18 36 32 14 20 14 15 17 11 23 13 9 12 29 31 24 33 12 18 16 11 25 23 24 19 15 17 43 10 18 30 15 20 20 27 14 17 26 9 22 24 16 35 15 7 22 14 28 7 17 31 20 23 12 22 9 12 34 19 33 19 16 30 22 40 13 38 38 20 21 16 38 7 22 6 
16 29 17 14 14 20 10 7 10 16 13 15 11 25 34 20 25 18 9 9 21 13 16 26 25 12 13 18 6 16 22 12 25 26 30 19 15 32 25 27 22 14 32 29 13 12 16 20 29 21 39 22 32 7 45 13 10 13 19 38 19 22 38 46 25 12 24 30 29 27 17 9 7 29 12 

MachineCapacities:
MachineID Capacity
0 10
1 10
2 10
