NumTasks NumMachines NumScenarios
25 3 30
TaskDetails:
TaskID ReleaseTime ResourceConsumption SuccessorsCount Successors...
0 0 4 8 2 2 2 6 
1 0 5 6 5 2 6 8 
2 0 4 2 7 2 4 5 
3 0 9 9 8 2 4 7 
4 0 9 6 5 1 8 
5 0 7 7 2 2 7 8 
6 0 5 2 7 2 9 10 
7 0 4 5 5 2 10 12 
8 0 6 9 5 2 9 10 
9 0 9 9 1 2 11 12 
10 0 9 7 8 1 13 
11 0 3 2 2 1 13 
12 0 9 9 3 1 13 
13 0 8 2 9 0 
14 0 3 5 8 2 17 18 
15 0 2 2 3 2 17 22 
16 0 5 2 5 2 19 20 
17 0 5 8 5 2 19 20 
18 0 7 2 4 3 19 20 22 
19 0 2 5 2 1 21 
20 0 4 7 4 1 23 
21 0 9 7 8 1 23 
22 0 2 5 3 0 
23 0 3 4 7 1 24 
24 0 3 9 6 0 

27 8 8 16 17 32 19 40 26 23 12 46 17 24 9 26 25 27 1 19 17 15 10 27 18 27 20 14 21 16 14 16 21 13 14 5 17 12 31 8 18 14 10 17 24 30 22 17 14 7 18 33 13 9 37 15 23 10 28 14 18 20 32 11 13 39 18 20 15 8 17 32 22 14 11 
24 14 20 13 6 32 30 34 17 30 15 20 13 28 8 22 27 18 19 19 21 28 9 32 12 21 17 14 35 13 27 19 33 15 13 13 24 14 28 11 34 14 30 24 16 27 22 30 12 13 17 24 10 9 36 20 30 6 25 7 14 30 33 11 12 40 15 30 19 4 8 22 10 16 9 
19 9 25 10 14 23 22 28 33 32 9 43 13 25 2 29 28 16 42 16 28 16 13 24 10 26 18 14 10 16 11 13 27 18 20 10 19 12 31 8 30 20 16 20 24 17 18 25 11 3 22 24 13 13 29 16 33 12 31 14 19 34 20 10 13 24 15 24 26 10 16 21 16 19 13 
18 6 19 13 12 42 27 30 22 24 13 35 12 13 13 25 51 25 24 17 40 20 12 41 12 20 24 12 26 8 7 10 7 10 16 15 15 8 23 11 27 11 36 18 37 13 23 18 13 11 20 18 10 9 29 21 39 16 21 10 16 33 21 7 15 12 12 16 21 11 11 20 24 10 15 
23 16 15 10 16 21 14 18 14 24 10 34 13 23 9 30 27 30 43 32 10 12 10 30 16 19 14 16 40 9 15 3 33 18 14 11 19 11 22 4 30 21 21 33 23 21 21 36 16 9 19 14 17 15 28 25 36 6 26 10 18 19 25 9 17 32 10 24 13 11 15 32 11 9 16 
17 10 18 9 16 38 21 36 19 26 12 23 12 25 12 21 36 16 29 21 38 15 13 29 22 40 24 11 43 11 16 22 24 10 25 11 14 9 27 10 21 20 19 30 21 23 20 29 9 13 18 20 11 10 20 33 39 17 27 11 19 20 44 11 9 27 11 27 19 14 8 29 15 15 16 
17 13 11 11 11 18 22 18 15 22 14 34 17 14 3 19 35 17 48 24 19 13 14 23 16 41 13 13 27 11 16 21 29 13 30 11 18 12 11 9 13 13 24 19 11 18 20 37 6 17 14 20 14 9 22 32 36 9 21 12 22 26 32 11 15 34 20 34 24 3 13 23 24 14 15 
12 11 21 7 13 24 25 30 11 23 12 26 15 32 18 36 23 25 31 28 30 9 11 18 15 24 21 16 34 14 25 15 23 11 25 9 14 14 15 12 25 16 27 20 19 19 22 30 9 13 7 11 19 12 36 28 21 12 25 8 20 27 17 12 14 49 19 32 21 9 17 18 14 8 10 
25 10 22 10 13 19 17 22 19 25 13 37 14 18 16 25 23 24 23 27 40 23 10 14 10 27 18 9 12 11 13 21 34 11 23 8 14 11 24 10 26 19 23 19 25 16 18 22 18 10 9 20 18 7 19 43 40 9 22 11 13 29 29 8 13 30 17 30 14 9 14 23 15 12 23 
21 9 23 11 14 33 25 27 21 12 11 26 20 28 5 21 36 17 35 21 18 24 10 34 18 35 26 13 21 12 14 13 24 14 37 9 15 12 25 7 23 18 20 26 24 13 21 21 9 16 22 24 13 8 22 20 21 12 22 12 9 21 27 8 13 28 9 25 8 14 11 36 24 12 15 
31 11 19 11 12 13 21 33 12 27 10 17 18 14 9 36 31 34 28 29 28 24 13 35 16 36 15 11 22 11 8 21 35 8 11 8 19 15 26 15 28 10 30 14 9 10 13 25 11 11 20 19 14 14 24 26 32 12 19 8 20 23 34 10 14 22 15 24 19 9 14 31 9 14 9 
20 13 24 11 14 22 20 18 17 26 7 22 15 22 15 31 19 17 31 28 28 20 8 27 19 29 16 16 24 12 21 9 38 9 20 15 18 15 30 9 28 16 10 24 14 15 12 18 10 12 24 28 15 12 24 14 39 8 24 8 23 20 33 5 13 33 15 16 20 14 10 27 20 19 17 
16 10 16 11 10 36 22 11 25 12 14 32 5 10 10 31 32 30 43 26 26 15 10 30 13 37 19 15 37 11 17 19 24 14 37 12 16 12 40 12 35 13 11 23 18 14 21 17 16 8 14 15 16 15 24 17 43 7 32 16 19 13 25 9 11 33 14 26 18 8 11 32 12 14 20 
32 7 25 12 11 17 15 36 12 26 14 23 4 13 10 26 32 31 42 18 6 26 10 26 15 28 16 19 37 12 22 19 20 11 28 14 7 8 30 13 37 18 20 12 8 18 30 34 8 10 19 26 15 8 24 22 12 10 17 8 23 21 24 13 14 18 21 21 19 7 12 33 12 14 22 
23 12 12 12 13 31 26 36 26 32 15 19 13 23 10 24 22 21 31 12 13 24 12 26 17 16 14 16 22 7 22 11 22 15 17 10 11 17 26 14 14 18 35 20 30 18 20 20 13 9 15 22 11 18 35 25 16 8 16 13 21 15 32 4 10 27 11 15 11 9 12 16 17 20 10 
25 11 21 15 6 30 13 39 17 24 17 15 21 18 6 42 32 14 29 29 22 16 11 18 18 35 16 17 26 13 18 11 22 14 21 15 22 10 24 10 18 14 21 12 28 11 17 22 14 12 15 14 12 13 18 32 31 14 28 11 21 29 41 10 17 26 12 16 13 12 13 18 13 19 12 
20 5 19 15 12 27 28 27 24 19 17 27 15 23 8 33 40 23 22 24 29 19 8 31 10 22 17 15 27 16 15 14 40 13 13 10 17 13 18 11 39 18 29 17 24 17 10 34 16 10 14 31 11 14 29 23 26 11 21 8 24 28 26 8 10 17 18 24 20 5 14 25 23 16 18 
25 9 9 12 9 33 23 19 18 15 15 42 7 31 12 29 30 37 50 22 37 18 3 24 13 32 14 5 28 12 11 14 31 14 19 6 21 11 19 10 37 17 18 23 30 29 25 27 12 10 21 22 15 11 31 23 31 14 19 8 23 25 20 9 11 24 21 22 18 5 17 35 8 10 10 
33 10 16 13 17 25 28 21 8 20 13 33 14 16 10 23 20 21 32 20 32 24 10 25 12 28 16 10 22 9 27 15 30 13 27 12 14 13 27 9 37 19 25 26 32 21 16 23 8 11 22 11 8 11 28 11 29 6 23 13 21 28 37 12 16 47 10 40 24 8 12 47 21 13 21 
21 15 20 9 13 18 22 23 14 24 7 42 13 19 15 19 23 38 27 13 30 23 14 23 15 36 20 17 21 9 23 23 29 10 19 11 22 13 22 9 34 19 29 21 23 14 24 27 11 9 23 26 19 9 28 25 38 5 23 6 24 17 21 12 17 19 17 22 21 10 11 21 20 10 21 
18 8 14 10 13 33 21 28 24 26 14 39 12 20 8 36 26 24 28 17 25 24 10 23 12 35 23 15 34 8 11 22 31 14 11 17 13 14 25 18 41 15 24 13 38 21 20 28 10 6 15 24 14 8 22 26 24 9 26 14 14 8 22 11 15 39 12 20 24 14 13 31 6 19 16 
32 10 13 9 14 32 27 25 18 21 13 15 16 30 11 37 35 40 31 20 31 20 12 44 14 22 25 10 14 14 20 17 20 14 31 11 16 12 36 9 10 16 28 6 26 16 20 7 12 17 14 30 12 12 26 22 36 9 15 11 22 23 17 9 16 33 12 25 14 9 12 33 22 15 6 
19 15 15 12 12 28 24 46 15 23 12 27 14 18 14 26 31 30 41 31 37 21 12 31 16 18 20 21 42 6 19 21 28 12 23 10 23 12 32 17 39 19 28 24 25 14 16 25 8 10 16 21 13 9 33 22 28 9 21 9 13 32 35 6 12 33 17 34 7 6 17 26 18 7 22 
28 7 21 17 11 30 13 28 13 21 12 29 21 26 10 35 17 16 34 20 22 19 6 29 15 35 10 14 29 11 18 14 28 12 9 9 23 12 27 10 23 16 31 23 28 27 29 10 13 6 22 11 16 10 32 32 23 15 27 13 11 16 53 9 12 35 20 39 11 9 18 33 15 13 15 
13 13 20 16 12 26 23 33 20 21 12 32 14 22 11 30 36 31 33 22 40 17 17 25 12 16 15 13 19 13 21 15 21 12 27 12 11 13 18 13 28 11 31 19 15 29 18 28 10 7 21 16 11 14 32 23 37 10 16 14 18 19 21 13 10 28 20 38 14 14 17 35 19 18 17 
21 9 17 16 10 33 24 15 16 18 13 34 13 15 10 18 28 27 38 31 34 16 10 22 23 33 16 16 32 13 7 7 23 17 20 13 25 11 20 9 21 23 32 14 16 13 15 28 10 9 16 30 10 7 41 29 15 8 25 10 13 25 43 15 11 28 18 39 19 9 16 25 14 13 15 
19 8 24 12 14 32 8 34 12 30 13 24 22 19 10 28 13 19 35 23 28 20 15 21 16 24 20 21 21 8 10 10 39 15 17 16 17 12 32 11 31 15 40 19 30 17 17 26 8 8 14 27 13 12 30 20 29 15 21 14 13 16 27 10 8 35 15 31 16 9 13 30 16 16 10 
19 8 17 23 10 33 22 24 17 20 8 31 10 26 15 25 31 26 39 24 26 26 8 24 14 28 23 16 21 12 13 14 31 12 11 13 22 10 30 10 44 14 25 15 28 20 8 31 11 12 26 25 13 12 15 23 23 7 22 9 19 25 28 10 5 35 16 12 14 9 11 13 28 15 24 
25 9 23 8 10 26 21 22 23 23 18 29 16 22 3 30 23 32 34 25 20 21 10 32 12 25 17 10 34 12 22 9 20 9 23 11 13 15 22 14 15 25 25 24 30 17 15 26 11 15 17 23 14 10 24 28 37 15 22 10 20 16 31 11 14 26 7 34 22 11 11 21 17 20 18 
16 7 27 8 8 31 29 21 14 33 11 38 14 25 15 30 26 38 37 22 25 24 8 21 15 35 10 17 22 10 13 20 39 11 21 11 13 20 26 5 28 13 26 20 24 27 19 23 12 15 25 19 17 15 36 33 9 12 15 9 28 29 27 11 17 26 13 35 20 10 12 29 16 9 15 

MachineCapacities:
MachineID Capacity
0 10
1 10
2 10
