NumTasks NumMachines NumScenarios
25 3 30
TaskDetails:
TaskID ReleaseTime ResourceConsumption SuccessorsCount Successors...
0 0 3 2 9 1 6 
1 0 4 10 9 2 5 6 
2 0 2 7 5 4 3 4 5 8 
3 0 4 9 9 1 7 
4 0 4 7 10 2 9 10 
5 0 7 9 8 1 7 
6 0 5 3 3 2 8 10 
7 0 1 2 1 2 9 10 
8 0 2 9 2 2 9 11 
9 0 3 7 9 1 12 
10 0 2 6 2 1 11 
11 0 2 4 3 1 12 
12 0 6 4 9 2 13 14 
13 0 7 1 7 1 15 
14 0 5 10 1 2 17 18 
15 0 9 7 5 2 16 18 
16 0 5 6 9 1 17 
17 0 3 8 3 0 
18 0 10 2 10 0 
19 0 2 8 4 1 22 
20 0 4 1 4 1 21 
21 0 7 7 7 1 22 
22 0 9 6 4 1 23 
23 0 2 4 6 1 24 
24 0 1 7 2 0 

14 15 23 17 14 9 13 18 28 18 16 19 12 23 26 32 3 16 42 24 14 8 10 19 19 28 22 13 16 23 14 20 15 31 21 11 11 25 25 11 23 16 18 18 10 28 21 21 20 16 26 29 13 15 11 25 26 21 21 14 14 29 17 11 23 12 23 40 24 13 11 24 13 17 8 
20 20 12 10 14 13 17 24 32 13 10 25 15 31 32 22 10 20 10 33 7 13 10 17 20 26 19 17 24 19 13 21 18 24 22 18 13 25 28 11 23 32 33 15 15 16 14 20 26 17 34 26 8 11 20 34 21 33 31 12 25 17 14 6 5 17 12 27 17 13 11 44 16 13 22 
18 28 15 10 19 14 13 22 14 18 30 15 13 32 26 31 5 32 24 13 11 13 10 18 14 22 20 10 45 9 19 24 14 26 18 17 8 22 26 12 28 21 24 21 10 39 41 11 20 14 23 23 18 20 19 22 21 33 9 7 26 27 18 29 17 12 29 38 17 16 12 23 19 17 14 
25 12 6 10 22 12 20 19 20 19 18 17 18 19 27 19 12 15 17 36 7 17 10 18 22 28 14 17 33 13 31 9 12 16 29 21 20 23 26 15 26 26 12 12 11 26 39 29 17 20 28 30 17 10 12 14 26 33 29 18 15 3 16 20 20 16 35 22 23 5 12 26 17 17 22 
9 26 20 12 11 13 20 17 10 16 16 25 8 29 28 33 14 26 26 21 17 12 11 26 13 32 11 19 50 18 24 30 11 18 28 15 19 23 26 12 22 9 30 13 6 31 32 27 17 14 25 21 23 15 16 22 17 28 27 12 16 27 25 19 17 19 33 38 15 11 12 36 18 16 23 
14 24 17 3 19 15 20 31 33 15 16 23 11 35 27 17 10 34 30 15 17 11 14 25 7 28 23 16 24 23 20 17 9 16 15 9 17 29 20 12 21 24 22 18 6 13 26 19 31 23 29 27 16 9 19 19 38 31 14 12 16 27 5 21 18 28 30 42 19 17 17 27 16 17 13 
13 15 18 10 21 6 18 22 13 10 17 24 10 32 42 22 18 34 39 15 13 9 7 22 10 17 21 16 26 30 25 21 13 36 21 19 14 20 23 17 29 11 38 6 12 25 32 26 19 16 16 16 17 22 15 28 30 33 16 10 15 24 16 32 20 20 17 30 15 9 10 29 12 18 15 
13 35 12 9 25 7 18 23 22 15 17 17 17 27 29 28 12 24 30 26 12 14 13 23 14 19 19 19 36 25 33 19 16 21 20 21 18 22 36 14 17 14 26 8 11 19 23 27 22 13 29 23 13 13 20 22 24 39 37 12 22 31 17 14 10 8 44 11 23 15 11 38 21 16 3 
14 26 13 9 15 11 14 23 32 15 20 8 12 30 27 23 19 23 32 27 19 11 10 25 15 16 18 11 35 19 34 23 12 29 10 19 13 18 23 10 11 18 23 22 10 6 43 16 23 22 28 32 9 14 7 25 31 24 17 14 10 39 20 29 9 20 23 31 21 22 16 24 20 15 18 
13 21 19 18 11 13 11 15 21 12 27 9 11 28 29 17 16 21 16 19 11 16 9 13 12 20 26 23 28 17 24 13 10 40 10 11 14 14 21 9 15 16 25 21 11 21 16 20 26 19 26 17 12 27 11 28 26 25 24 12 20 36 16 26 13 23 30 5 19 17 21 28 14 14 24 
17 27 16 13 18 12 14 21 21 13 17 19 13 23 20 24 11 29 30 28 10 11 13 24 11 19 21 20 29 25 26 15 11 32 22 21 9 19 19 11 20 14 32 15 12 25 29 24 13 16 43 14 19 6 12 19 23 29 18 20 11 29 15 12 17 14 23 32 15 16 9 30 15 19 16 
15 16 14 10 15 17 19 17 21 8 11 13 14 35 17 32 16 18 17 12 12 15 14 22 21 20 14 17 27 24 17 17 16 8 17 10 10 19 19 9 22 15 25 17 11 13 33 20 17 13 40 17 22 20 12 24 31 19 30 13 6 51 25 17 16 13 32 28 21 18 11 39 15 11 24 
19 33 14 10 19 15 12 17 16 13 24 31 14 17 26 27 14 35 29 15 12 11 14 23 22 23 14 12 39 14 23 17 10 17 17 12 13 24 30 11 20 16 23 15 12 29 25 29 32 23 33 31 18 11 23 20 21 41 18 8 14 17 16 29 19 14 34 33 13 11 3 30 14 16 22 
21 13 12 13 23 18 15 20 15 2 26 16 17 29 30 33 14 25 26 23 12 9 8 24 15 20 18 22 26 29 32 19 21 26 12 17 12 25 20 19 19 8 18 16 13 11 16 24 14 16 32 28 10 11 15 28 24 28 20 15 13 35 14 20 21 21 33 17 19 20 17 30 12 21 15 
13 35 12 11 21 11 13 22 19 10 34 12 15 27 14 17 16 21 24 25 15 12 10 23 17 31 22 23 32 19 32 10 22 17 14 8 14 10 22 9 18 29 22 18 10 32 40 17 13 10 5 23 18 20 15 23 29 19 25 12 14 40 17 21 10 19 28 29 24 11 17 25 22 17 18 
19 17 13 12 18 14 17 20 13 15 21 16 16 37 12 22 10 22 44 23 11 16 5 21 11 32 18 14 16 15 25 11 13 20 21 16 20 18 15 15 32 11 26 14 15 27 33 22 22 13 23 19 18 25 15 13 22 33 31 13 14 20 13 18 14 24 31 14 21 10 13 36 15 15 14 
20 24 6 9 13 13 17 27 22 18 16 22 17 33 27 27 12 29 25 4 15 15 10 25 7 24 28 20 17 20 26 24 10 30 20 15 14 17 18 7 25 13 37 12 8 24 54 34 23 15 26 19 24 13 6 25 26 29 24 16 20 36 19 15 15 21 37 25 13 18 20 30 16 17 24 
16 13 10 12 15 12 22 12 20 14 19 23 16 31 22 20 15 15 19 24 9 13 8 21 14 13 24 20 23 20 6 20 19 20 22 19 7 15 28 14 18 10 17 16 11 22 32 29 24 19 40 21 23 19 15 7 16 19 19 14 19 18 10 26 16 25 28 19 14 12 13 27 17 12 24 
18 29 14 12 16 20 10 29 24 7 27 15 10 47 32 28 17 21 22 18 13 13 5 16 17 29 17 16 24 34 33 17 14 26 15 17 12 16 24 10 22 19 33 11 1 24 39 29 16 13 33 20 19 11 13 29 20 35 12 14 10 37 10 27 18 17 48 27 14 14 24 29 15 17 19 
13 10 14 12 13 7 22 27 13 7 22 23 14 24 23 17 19 26 36 24 13 12 9 33 18 13 26 19 24 21 22 11 11 23 24 16 19 14 25 13 17 21 21 13 17 28 33 32 19 22 22 28 14 23 10 26 14 5 20 12 15 43 19 21 21 17 35 26 22 14 16 29 14 11 21 
12 18 7 18 17 10 19 22 21 11 18 23 19 26 24 19 11 41 31 23 9 10 11 20 18 19 23 19 28 30 27 21 5 19 12 16 16 16 24 15 11 21 34 17 15 10 29 26 25 20 23 25 17 12 14 29 42 21 17 16 12 39 20 16 17 12 30 31 18 18 12 37 12 15 18 
15 24 12 15 23 17 17 22 27 17 25 24 15 38 28 23 5 19 27 24 11 11 14 8 15 21 22 18 29 17 24 8 12 17 18 14 13 23 23 8 24 16 26 6 9 35 38 25 25 15 38 33 9 20 11 18 19 25 27 17 16 26 21 21 16 22 22 21 18 17 18 47 11 18 12 
19 17 13 12 14 15 18 15 19 23 26 19 17 20 28 29 14 29 44 16 10 10 7 18 16 13 21 19 28 28 16 22 13 36 11 10 19 12 25 15 31 18 27 15 15 19 19 22 15 18 23 23 13 17 10 24 37 25 16 9 16 27 16 21 9 25 29 37 17 12 21 42 10 16 18 
21 20 7 10 14 11 13 13 23 10 20 20 17 27 19 26 14 26 33 24 13 9 6 18 13 20 20 29 13 25 19 5 9 10 12 20 11 19 17 9 31 21 25 14 12 26 40 20 23 10 21 16 23 8 15 29 23 31 15 8 22 35 9 21 18 15 19 19 23 20 22 35 6 12 18 
15 28 11 19 18 16 15 9 28 12 16 13 24 30 16 12 11 28 25 23 16 11 11 12 10 27 22 10 18 18 21 15 9 20 23 23 9 21 22 13 19 25 29 15 10 21 30 23 20 13 28 20 16 19 17 28 29 25 21 8 19 28 15 20 11 25 11 31 20 21 11 37 15 12 19 
18 30 17 14 25 12 15 20 18 7 17 13 17 26 32 20 21 25 18 6 12 12 9 23 11 18 20 20 27 15 17 20 9 33 29 10 13 19 28 9 27 18 15 14 13 28 14 7 21 12 27 13 14 20 6 16 43 39 22 15 22 33 11 22 21 27 23 45 19 11 15 24 6 15 22 
14 45 13 11 18 8 20 22 15 10 17 11 14 25 37 25 16 31 26 21 12 15 3 16 11 25 13 23 16 11 17 11 8 24 19 25 15 20 12 12 18 38 22 10 11 30 25 31 18 20 30 18 21 23 14 29 24 17 13 10 17 34 20 21 15 22 13 39 26 14 13 46 17 13 7 
26 23 12 17 11 8 24 8 24 8 21 29 16 31 24 31 15 18 20 29 10 9 12 28 22 26 15 21 35 19 24 14 15 11 15 15 13 15 16 13 14 18 17 5 12 31 40 27 29 26 36 25 19 15 11 24 22 11 13 19 18 30 8 25 18 13 40 27 12 19 13 20 14 17 18 
11 17 16 14 16 20 19 25 27 16 19 24 16 32 22 19 11 23 24 7 11 14 6 31 13 28 21 22 22 16 16 11 11 27 15 15 14 14 25 13 27 28 24 9 11 34 28 25 12 19 24 24 12 20 18 37 27 35 33 18 27 31 27 23 18 24 20 27 21 20 13 25 17 9 10 
21 27 13 9 8 8 22 18 23 12 20 24 11 34 28 24 17 20 26 37 11 9 8 21 14 26 20 24 24 23 8 17 16 29 17 13 23 20 36 12 20 27 22 14 15 30 27 25 20 19 24 24 13 18 15 34 30 19 20 13 9 13 20 24 19 19 30 26 11 22 17 37 15 13 21 

MachineCapacities:
MachineID Capacity
0 10
1 10
2 10
