NumTasks NumMachines NumScenarios
25 3 100
TaskDetails:
TaskID ReleaseTime ResourceConsumption SuccessorsCount Successors...
0 0 9 6 9 3 2 3 4 
1 0 1 3 1 1 5 
2 0 9 6 8 1 5 
3 0 2 6 5 1 5 
4 0 6 9 3 3 7 8 11 
5 0 8 6 7 2 6 7 
6 0 8 6 6 2 8 11 
7 0 10 8 9 2 10 12 
8 0 5 7 8 2 9 12 
9 0 4 2 2 1 10 
10 0 8 1 6 1 13 
11 0 1 5 7 1 12 
12 0 2 10 8 1 13 
13 0 9 5 3 0 
14 0 1 3 2 1 15 
15 0 6 4 6 3 16 17 18 
16 0 6 4 4 2 20 21 
17 0 9 4 7 2 19 21 
18 0 7 3 4 3 19 20 21 
19 0 2 9 4 1 23 
20 0 3 3 5 1 23 
21 0 8 6 4 1 22 
22 0 4 9 5 1 23 
23 0 2 1 8 1 24 
24 0 9 8 1 0 

33 19 12 16 35 21 17 27 38 25 21 10 15 34 16 14 30 21 22 34 15 48 12 22 28 13 35 26 17 11 30 16 29 34 33 14 43 13 22 28 25 18 26 23 17 16 16 27 19 8 19 17 19 18 31 11 16 12 13 28 16 20 18 28 22 21 27 22 14 38 26 20 14 44 33 
33 15 21 31 32 29 22 21 32 10 33 19 17 17 10 16 12 18 20 26 16 37 18 26 19 23 28 17 15 26 11 13 18 19 36 13 27 17 14 22 28 16 39 35 10 29 18 28 32 20 16 12 15 23 35 22 12 24 11 25 19 30 20 16 34 28 21 20 19 32 21 22 20 24 32 
15 20 14 19 37 14 23 35 33 17 13 17 15 15 34 17 20 18 23 27 9 12 13 24 32 17 24 29 20 25 12 14 20 22 34 12 18 16 17 12 25 14 17 28 18 23 20 24 19 21 24 14 11 41 26 24 15 19 16 30 23 30 38 24 22 35 20 16 25 17 15 16 18 15 21 
30 19 13 21 32 29 14 15 30 12 23 10 15 24 11 6 20 26 27 32 12 41 17 16 35 21 19 27 17 25 30 8 19 29 23 12 22 11 14 25 11 15 43 41 12 24 30 25 28 14 15 15 19 27 18 20 10 18 20 13 20 29 27 28 34 39 16 11 26 33 10 19 13 33 34 
36 12 10 20 32 20 15 22 35 11 27 23 20 24 30 20 25 24 18 10 21 29 14 19 27 10 22 20 16 25 27 14 23 31 25 16 27 21 26 19 34 18 19 23 21 12 28 36 23 16 32 13 16 27 28 25 21 20 17 21 12 51 27 19 47 14 34 16 20 30 26 18 17 27 39 
31 17 17 17 29 33 15 17 32 18 24 14 13 30 17 19 10 25 13 40 13 41 10 21 44 24 20 25 16 30 17 15 22 21 30 21 18 25 14 13 26 24 13 34 16 21 19 27 21 12 20 17 21 24 24 32 21 24 17 31 17 26 39 42 33 39 29 16 25 41 31 24 17 27 39 
21 16 27 24 37 33 12 35 22 14 24 17 15 37 19 13 24 28 25 38 17 26 14 46 17 13 23 13 21 24 37 18 22 32 22 6 35 16 27 24 20 14 30 30 15 14 17 28 26 14 15 16 18 8 37 31 18 20 13 27 18 18 22 29 45 26 32 17 25 34 28 19 14 37 34 
21 15 16 19 26 29 17 40 24 20 20 15 15 33 20 9 20 7 18 33 13 12 15 27 29 24 25 18 14 22 17 12 28 33 32 19 24 15 37 18 20 27 35 29 13 33 23 25 21 15 21 10 14 28 23 43 29 26 18 22 14 22 15 33 33 32 16 14 22 34 13 20 19 29 32 
15 18 15 18 28 29 13 17 20 23 35 22 13 19 27 8 27 23 16 28 8 23 18 20 30 27 30 13 24 14 16 9 27 22 22 21 24 17 28 16 15 14 30 52 12 22 23 19 10 18 23 18 21 32 30 20 19 17 9 15 21 36 15 32 34 23 26 21 20 38 25 18 21 31 36 
32 19 19 12 35 24 11 7 50 22 28 17 16 24 29 15 34 12 10 13 16 24 10 25 38 23 20 27 17 17 23 8 20 34 34 18 28 19 22 17 26 14 40 39 14 24 32 41 32 16 17 18 18 25 23 17 17 25 17 32 17 32 8 19 34 34 33 11 11 30 9 23 12 34 36 
22 17 17 26 25 28 12 33 21 31 31 12 7 21 11 14 28 18 15 36 13 21 16 25 27 19 28 26 16 18 22 10 9 23 19 17 39 14 21 21 26 17 27 32 14 19 14 13 35 10 8 12 22 38 19 24 18 14 16 35 16 28 19 26 41 27 20 14 9 19 16 7 17 31 24 
27 15 8 19 22 31 17 34 29 29 30 17 16 20 28 23 24 29 15 30 22 32 18 23 15 20 21 23 18 21 29 18 12 24 23 19 30 13 24 19 14 19 17 14 14 14 22 20 12 20 13 6 13 29 30 26 20 22 27 24 17 31 10 41 26 24 31 14 11 24 16 18 26 16 29 
38 15 16 19 38 32 6 31 39 22 43 21 12 24 20 12 32 22 19 26 17 38 14 18 28 17 34 24 17 27 41 13 13 31 32 22 41 9 19 13 24 19 22 31 19 16 25 36 18 9 23 10 20 30 19 21 8 19 17 22 22 30 22 30 20 20 24 12 16 38 20 16 17 31 26 
24 16 14 31 36 33 15 34 28 30 16 18 15 9 20 13 27 36 15 34 11 19 9 26 17 17 22 2 7 23 43 12 22 23 24 18 34 15 19 20 10 10 38 43 12 16 20 17 8 15 28 19 20 21 22 17 11 24 17 31 17 34 37 29 24 26 27 19 13 17 25 21 15 29 36 
37 17 13 23 37 29 21 30 10 34 21 15 20 27 22 18 19 24 21 17 17 9 16 24 37 19 21 23 13 25 29 9 11 27 34 16 20 13 19 25 22 18 13 36 15 27 18 44 29 15 15 15 20 19 16 35 7 19 19 28 11 44 32 18 30 27 17 23 17 15 13 19 23 29 38 
9 12 23 16 26 25 16 25 30 21 29 21 17 28 16 17 27 21 14 18 10 39 14 33 39 29 25 19 23 6 25 17 27 35 6 12 26 16 16 21 16 10 23 17 13 15 22 24 17 22 13 13 24 16 24 19 12 16 13 7 17 33 33 9 24 38 39 14 12 21 27 24 16 30 21 
21 18 22 22 20 23 24 34 22 16 26 15 14 28 36 5 16 23 22 35 5 21 22 27 17 21 19 18 11 22 35 16 23 43 24 18 35 14 24 23 20 9 21 28 14 24 20 29 17 21 19 16 18 24 26 28 18 30 14 30 14 36 14 27 29 21 38 18 21 40 27 16 24 36 15 
26 14 9 39 34 22 19 18 36 18 31 18 24 23 3 16 31 41 22 18 12 38 15 15 31 25 27 27 16 25 19 17 26 17 22 19 40 23 15 21 18 15 32 30 18 27 18 12 34 14 22 19 20 24 38 33 14 23 17 11 20 35 29 21 29 38 37 13 17 23 30 22 21 40 47 
31 11 20 31 18 33 17 15 29 23 29 4 14 22 28 11 18 26 20 25 13 26 21 25 21 20 39 27 16 25 38 12 23 20 35 14 41 23 24 22 17 16 37 19 12 20 18 38 26 19 21 12 21 18 18 20 11 9 16 33 27 27 36 20 23 28 25 13 23 36 19 24 16 45 27 
21 13 20 17 16 28 20 30 39 27 7 9 20 25 10 17 28 17 15 22 19 19 24 18 24 37 14 24 23 24 34 17 32 27 29 18 41 16 14 20 14 18 26 36 18 34 14 25 27 15 14 15 14 34 34 29 14 20 9 23 13 16 42 27 34 21 16 22 19 26 14 7 9 34 30 
26 12 15 13 30 28 15 27 39 21 18 17 14 16 25 9 18 15 16 26 17 22 21 18 18 23 24 27 21 27 27 12 16 34 19 21 18 17 17 18 9 15 24 41 10 22 14 23 20 19 22 18 16 20 32 35 16 15 15 27 14 14 24 26 27 23 18 12 14 33 30 8 17 20 28 
20 14 20 30 30 22 14 24 34 17 34 15 13 27 26 17 23 14 14 26 9 26 18 41 9 24 24 21 17 13 16 13 12 25 20 14 34 15 24 17 27 17 20 40 16 34 23 30 27 16 21 12 17 25 25 38 10 22 15 25 10 20 28 30 31 29 24 14 21 35 20 21 6 26 26 
36 20 12 18 32 39 7 30 21 16 29 15 14 26 27 16 16 41 23 28 6 35 21 26 23 21 27 27 22 14 27 16 17 19 31 12 37 17 10 17 19 15 38 29 17 20 11 28 13 18 14 17 16 22 17 27 19 23 21 28 27 40 25 9 28 20 11 8 22 35 21 15 14 27 34 
24 14 18 24 20 22 10 34 27 20 35 12 11 26 19 14 16 27 11 20 14 28 21 14 32 12 24 26 18 27 28 17 22 28 39 21 24 20 24 25 30 18 27 24 12 32 26 22 37 21 22 18 28 35 26 32 8 21 13 17 23 28 24 35 17 37 25 11 22 19 23 21 20 22 25 
26 14 18 27 28 32 14 28 29 20 29 20 10 13 13 10 25 7 33 37 11 24 17 19 32 6 24 28 16 26 32 17 15 32 20 12 32 20 19 23 20 14 24 31 20 20 23 36 15 16 11 16 25 26 28 17 9 23 10 35 20 29 27 24 34 42 29 18 22 27 21 20 14 24 41 
20 22 18 14 31 39 12 21 11 29 17 14 17 20 29 23 18 17 14 16 14 18 21 37 34 9 33 18 10 31 19 13 19 31 28 19 30 13 20 21 16 12 31 41 7 26 32 20 16 16 17 13 22 36 17 26 15 22 19 22 20 39 11 24 35 21 27 10 9 30 18 13 17 36 36 
34 15 18 24 32 34 24 22 17 29 25 16 22 17 17 15 19 25 26 15 18 31 19 32 26 20 31 28 27 17 20 12 21 19 35 7 24 16 13 20 23 25 27 36 19 19 19 23 9 23 15 14 23 20 16 27 13 22 16 25 12 28 24 33 12 22 35 16 17 28 11 18 17 11 30 
35 14 22 31 32 24 16 23 48 15 23 7 8 22 24 13 28 33 18 24 17 34 10 38 22 17 27 20 18 26 20 9 12 22 18 11 54 16 22 23 23 18 33 34 22 28 18 25 26 12 18 13 25 27 19 12 12 17 14 26 13 20 21 23 41 28 31 6 15 41 30 19 16 41 26 
26 16 18 22 18 38 24 41 20 28 8 12 12 27 30 19 17 22 22 21 12 45 11 27 26 21 18 28 18 26 20 16 24 21 30 12 38 16 24 23 29 19 14 31 19 30 22 34 26 12 13 25 16 20 21 33 10 15 15 22 19 33 19 26 43 24 26 12 24 41 15 15 15 27 31 
23 17 18 20 33 19 15 23 17 26 33 14 24 26 32 14 18 25 10 18 15 25 15 19 30 18 42 24 26 26 38 24 20 19 26 7 24 9 13 16 19 12 30 37 19 24 27 21 32 18 21 13 21 43 25 23 11 18 6 37 8 31 21 23 30 24 18 24 18 6 21 21 7 18 23 
20 13 26 17 32 19 14 38 28 11 20 16 21 25 15 9 15 8 11 28 15 27 17 36 44 24 16 19 19 28 25 12 21 20 30 14 32 11 29 18 23 22 30 34 12 23 25 30 12 14 24 19 18 13 22 28 16 13 22 22 18 35 20 24 21 17 27 15 15 20 24 10 18 41 34 
24 11 18 15 21 32 26 26 27 21 32 5 18 19 20 19 23 25 13 16 14 27 13 28 30 16 18 18 24 36 18 7 34 19 38 15 42 19 31 15 8 16 32 20 16 14 24 13 25 13 17 9 30 29 16 34 14 16 22 28 22 27 36 30 34 38 28 22 17 19 22 19 16 23 45 
30 14 23 18 18 16 18 21 17 29 32 15 15 20 45 11 7 31 29 26 14 26 14 28 32 19 32 31 17 21 37 17 17 32 32 15 54 14 20 25 21 18 35 26 15 33 15 20 21 15 30 16 10 8 35 26 19 18 18 33 21 23 19 27 40 29 27 17 25 37 27 20 25 32 35 
33 17 24 21 45 34 8 30 33 31 18 22 11 21 25 16 23 26 15 36 7 19 10 12 38 21 34 18 32 17 18 9 13 16 31 19 45 13 23 28 18 14 30 31 19 18 25 39 36 12 25 12 14 28 21 23 16 12 15 22 19 37 19 30 28 24 40 17 12 25 26 22 9 45 29 
35 21 24 14 27 25 16 33 19 21 23 16 15 33 23 8 29 25 19 33 17 28 18 35 32 22 22 22 24 18 26 13 25 39 23 17 22 14 24 15 29 11 37 38 16 16 19 21 29 7 14 8 23 35 23 14 21 28 14 23 17 26 12 25 30 33 26 18 22 22 23 22 32 36 17 
24 17 20 12 17 27 17 17 39 32 19 25 10 13 15 13 27 18 12 27 12 29 20 14 30 19 19 18 24 23 13 18 15 21 17 22 44 18 21 21 11 17 22 28 18 10 28 32 2 19 21 17 19 35 17 30 11 27 10 20 9 29 25 5 28 25 27 16 18 29 26 11 26 28 24 
26 12 16 32 23 14 14 29 40 22 33 16 9 21 27 14 9 17 16 19 13 36 17 27 22 11 16 34 18 23 30 10 16 38 37 12 38 16 19 26 23 15 23 35 17 24 19 28 23 19 15 16 21 22 17 29 14 22 17 27 20 24 30 15 23 18 12 17 19 40 18 16 10 30 15 
22 24 15 27 27 29 18 37 36 24 25 16 18 21 27 15 18 27 24 17 16 43 13 20 19 13 25 23 12 18 43 13 24 19 38 11 35 15 19 9 20 16 18 36 12 24 12 22 20 12 33 24 20 31 24 35 15 14 9 32 26 33 15 37 20 36 27 14 11 39 20 22 13 27 21 
30 20 18 18 37 41 15 15 21 15 23 19 12 28 24 16 20 16 11 23 12 32 16 30 40 15 25 15 26 26 26 20 27 33 15 6 29 19 16 16 22 15 26 9 18 26 24 42 26 18 22 12 13 27 22 16 17 14 11 25 13 25 11 40 26 26 28 14 15 29 31 18 23 31 27 
12 8 16 20 21 22 13 9 27 15 16 8 19 30 22 15 19 36 22 29 13 42 12 29 37 15 27 32 11 17 17 14 8 18 27 15 36 18 28 16 18 12 32 43 24 27 19 32 26 14 19 19 21 33 21 27 19 11 14 23 19 36 20 28 24 25 26 18 15 46 29 22 15 23 29 
19 13 19 26 32 27 15 21 25 24 12 15 15 22 22 19 23 17 26 29 22 21 23 16 42 25 17 22 28 22 30 13 18 31 34 12 33 21 24 23 17 22 35 51 14 22 14 8 16 14 20 16 4 16 18 17 17 20 20 29 23 25 24 30 20 38 20 11 30 32 22 25 11 30 28 
30 15 17 28 11 41 16 32 35 13 17 13 20 34 22 19 25 20 18 22 21 35 13 20 33 23 33 26 26 23 31 20 19 27 32 12 28 13 10 23 15 20 28 37 12 29 15 23 29 16 14 18 19 27 32 41 13 13 13 37 20 35 23 34 32 43 25 15 11 29 14 24 24 34 37 
28 13 22 32 29 27 5 29 39 30 26 19 14 31 40 10 22 19 20 23 22 32 15 23 10 24 27 20 20 28 25 12 24 9 29 21 36 20 21 20 24 16 36 22 20 26 24 16 35 15 12 8 14 28 7 24 21 17 12 21 14 23 29 26 30 26 21 21 29 16 18 15 9 31 15 
31 11 18 18 24 45 15 27 25 28 30 16 11 33 20 18 25 23 12 35 15 22 15 22 38 14 18 25 23 32 31 13 15 19 27 15 27 16 19 21 22 14 22 25 17 18 13 43 24 12 18 13 14 17 27 31 20 17 23 25 11 45 27 25 44 37 16 13 28 36 28 31 19 33 32 
27 18 20 15 23 28 13 23 33 18 10 17 14 32 35 11 9 17 17 44 14 27 19 28 34 16 24 23 20 19 32 22 34 23 23 21 33 14 13 25 12 19 30 11 10 17 14 33 15 15 7 5 10 12 18 34 16 16 16 11 22 25 36 29 26 29 27 21 9 29 23 24 17 29 36 
16 15 17 27 32 21 15 19 27 12 14 12 14 22 19 21 10 23 22 27 12 30 9 32 34 14 37 38 23 24 20 22 11 21 17 23 41 12 16 18 21 17 40 27 11 28 13 23 23 21 16 17 28 29 22 27 17 21 13 41 20 23 32 24 27 35 26 13 10 17 16 14 15 35 31 
19 15 18 18 27 34 17 22 42 33 30 9 23 21 14 17 17 20 19 29 11 38 21 21 28 19 29 26 25 25 29 16 35 29 23 16 40 13 28 16 30 23 35 19 17 31 25 25 26 19 23 16 15 21 24 31 17 11 21 20 19 45 23 20 26 21 32 9 14 17 22 20 20 42 31 
31 18 19 27 28 25 15 33 19 27 27 13 17 43 30 14 23 18 22 30 10 24 16 30 38 23 14 12 13 25 23 13 25 18 22 15 24 16 23 16 22 18 28 35 23 25 18 16 18 6 9 16 15 27 18 26 15 21 14 28 24 11 22 30 31 36 11 20 21 24 9 23 12 30 36 
24 13 13 13 10 37 21 34 42 35 25 16 19 27 19 21 15 31 17 30 19 43 18 21 30 20 13 14 19 24 37 17 13 23 22 16 31 16 22 17 17 15 32 24 17 22 27 30 23 16 24 14 22 24 30 25 17 24 19 13 21 33 22 23 22 20 35 13 18 24 22 16 23 40 25 
28 19 13 19 24 26 23 29 26 25 29 21 15 18 21 11 30 30 22 30 12 27 13 26 12 16 26 18 28 29 24 13 19 28 24 12 51 13 17 7 31 12 20 23 18 21 21 39 27 15 11 17 24 33 38 32 17 23 7 9 16 28 30 29 30 17 29 17 26 37 33 14 21 31 34 
12 11 9 24 22 29 14 21 25 22 26 16 19 24 21 14 30 20 18 38 9 21 14 29 37 11 24 20 18 28 11 21 27 32 38 16 38 17 10 13 15 16 20 28 18 20 22 37 22 21 13 17 16 16 13 26 12 25 22 29 18 24 28 27 34 29 26 17 27 19 23 17 7 29 35 
25 16 17 16 27 15 15 8 36 25 41 18 15 22 36 8 21 18 21 25 12 32 11 10 26 19 18 26 31 32 20 12 18 32 30 16 29 20 16 19 11 17 36 49 24 29 32 26 27 15 20 2 22 27 21 26 11 22 17 25 25 4 36 37 37 26 23 21 30 36 17 21 21 29 15 
35 15 23 11 30 30 15 36 29 28 32 18 19 25 14 21 15 24 27 23 9 34 8 22 26 20 25 18 20 15 25 14 15 28 25 10 40 15 34 21 22 10 28 18 15 23 18 46 16 9 17 16 17 29 21 24 16 17 25 21 22 21 36 33 25 44 32 14 21 36 24 23 17 36 27 
31 18 14 25 33 25 12 30 22 16 32 16 15 37 30 16 30 17 13 17 21 28 11 23 27 16 20 22 20 23 25 20 27 18 8 18 28 14 15 18 26 17 24 42 16 21 19 22 20 9 12 14 17 16 20 25 10 14 12 19 12 20 34 29 28 26 30 11 25 31 12 20 14 46 22 
32 18 20 28 23 37 24 28 28 15 24 15 16 34 8 20 22 11 24 24 12 31 16 25 18 10 21 15 26 24 28 11 21 34 30 12 20 9 13 19 15 21 33 32 18 27 21 26 20 20 21 13 21 30 23 26 16 14 20 39 20 14 36 22 27 17 19 16 20 45 17 20 19 34 37 
31 11 22 11 17 38 13 33 34 22 32 17 14 26 15 12 18 17 26 29 18 37 19 31 43 19 9 19 25 18 24 21 11 23 19 10 37 11 16 20 11 17 37 21 14 8 29 24 20 14 20 13 19 11 22 33 13 20 9 32 13 24 22 23 34 28 31 14 30 47 8 24 17 15 36 
10 16 16 28 37 10 10 27 15 23 17 16 18 26 22 15 23 24 12 27 13 23 18 29 37 25 19 25 14 20 28 11 19 32 28 14 46 11 18 16 25 18 20 23 12 15 35 33 20 13 21 15 24 15 4 27 19 21 13 20 21 18 30 9 30 24 24 9 17 30 19 17 21 20 34 
38 15 23 24 45 33 12 22 33 23 20 17 16 34 18 15 9 25 12 19 17 30 11 25 16 24 23 14 17 34 30 12 16 21 27 15 29 17 18 27 20 13 26 20 21 29 29 37 16 19 17 15 22 32 31 21 9 17 10 28 19 11 22 18 36 36 24 20 7 22 15 23 16 18 29 
16 22 21 23 34 22 20 36 19 28 12 15 15 33 24 21 26 22 21 40 12 36 22 20 35 19 27 26 13 31 41 16 17 24 27 19 33 21 21 20 25 15 35 21 13 18 15 20 18 26 23 17 23 24 26 36 17 18 23 21 22 27 31 22 26 27 34 17 15 32 22 22 9 35 24 
27 15 19 23 35 24 14 17 33 13 27 13 17 35 35 6 13 22 23 25 13 28 11 23 15 13 41 28 15 9 24 18 25 35 30 22 33 23 21 13 15 17 39 34 15 22 28 30 29 21 16 14 14 31 31 19 9 16 23 27 16 27 28 39 38 20 21 12 17 36 25 26 19 25 34 
26 13 27 30 41 26 16 19 42 22 33 13 13 24 29 16 32 23 27 21 11 44 17 19 29 23 23 16 16 15 37 14 24 39 31 15 21 12 20 22 16 11 38 47 20 29 18 20 22 12 13 14 22 24 21 15 21 25 10 30 19 27 18 21 43 35 20 10 25 21 11 20 18 26 33 
28 16 17 23 46 26 28 20 31 27 33 9 12 17 8 10 29 14 29 18 11 46 14 25 24 25 25 23 21 16 34 8 17 33 28 22 24 13 27 21 31 14 24 34 18 28 17 34 23 13 18 20 23 36 27 34 14 11 17 17 17 37 30 30 27 37 28 20 15 14 35 12 10 32 27 
27 18 13 19 22 20 22 28 17 18 25 15 7 32 28 14 16 22 17 18 14 33 18 28 18 22 23 22 22 19 31 16 20 27 20 12 30 22 26 18 23 16 26 30 23 31 20 19 25 17 11 13 12 35 30 29 18 21 10 26 21 21 40 18 26 24 22 10 20 13 15 18 18 35 25 
28 16 20 16 30 20 13 39 34 24 32 16 17 21 42 18 20 25 16 41 13 22 28 31 38 28 26 19 22 17 24 16 19 14 28 22 20 20 18 22 12 20 29 30 20 21 18 22 16 6 19 13 11 32 15 29 14 19 13 36 24 34 22 24 32 33 35 19 21 39 32 27 23 34 31 
33 16 21 24 22 15 20 28 37 20 19 17 11 15 21 20 24 13 28 22 21 30 18 29 28 5 22 16 25 27 22 15 24 25 27 12 23 21 26 20 17 13 27 33 17 26 18 33 23 13 15 15 24 26 25 29 13 29 19 30 31 36 31 18 36 15 22 14 21 26 21 13 20 32 31 
22 16 17 17 48 26 19 18 25 21 19 13 9 36 18 14 28 21 12 33 6 30 16 25 32 20 28 29 13 21 29 15 19 24 26 18 37 12 14 19 22 14 22 20 19 21 20 27 31 16 21 14 22 23 34 8 15 30 10 24 16 42 24 26 30 28 32 16 16 32 22 24 11 19 32 
35 17 25 24 40 32 20 35 33 22 37 11 16 25 23 17 18 12 20 16 17 31 20 21 23 23 25 17 19 33 14 15 6 15 33 20 40 11 23 23 22 21 21 18 10 23 26 30 28 10 16 16 17 15 28 35 16 18 2 29 17 39 33 14 30 35 27 16 18 15 14 19 18 34 20 
28 9 27 32 38 25 19 29 26 7 37 20 20 25 34 16 28 25 9 20 19 24 19 22 45 18 22 14 21 18 39 12 14 25 23 11 52 15 17 20 21 19 22 28 20 28 24 32 23 11 18 20 16 26 24 31 20 20 21 29 16 32 32 42 14 28 13 23 9 29 14 12 3 30 45 
21 14 16 9 20 29 18 14 30 33 22 12 18 20 26 7 15 30 29 35 16 28 15 28 32 27 17 22 24 23 22 19 19 28 34 20 22 16 28 15 24 13 25 42 11 37 22 35 29 17 29 14 15 15 15 31 13 16 14 22 19 22 46 33 26 28 33 11 23 7 18 17 21 27 40 
39 16 15 22 31 36 22 46 27 14 38 19 7 20 27 21 26 16 15 34 14 24 11 16 35 16 14 21 21 17 38 22 18 36 23 20 18 13 15 23 26 20 21 31 20 27 14 25 21 17 13 9 18 34 22 33 11 21 18 21 22 31 50 43 25 31 30 15 9 20 18 16 26 28 30 
28 12 2 28 21 40 18 30 17 30 27 17 7 31 22 16 19 26 26 18 19 31 19 26 28 21 30 24 20 25 22 12 24 24 26 13 22 16 26 23 17 23 26 27 8 22 19 23 32 17 11 12 18 24 18 24 23 14 17 44 19 18 42 39 30 15 30 19 22 23 25 12 12 22 35 
17 11 12 32 23 33 10 32 23 15 26 12 15 28 20 20 24 23 20 34 18 26 15 35 25 15 29 23 21 10 12 4 25 25 31 18 30 14 21 21 26 19 35 24 12 25 17 26 15 15 21 9 11 25 31 34 12 17 13 40 20 21 30 36 13 31 19 14 30 19 25 23 22 40 30 
23 22 15 19 22 27 17 36 37 22 28 13 12 23 39 17 16 25 24 20 11 22 22 23 37 23 25 18 22 13 33 21 11 27 10 14 38 18 20 25 18 12 30 21 11 32 24 16 30 18 18 12 20 33 30 30 15 24 15 21 16 13 34 31 33 21 36 14 23 32 28 16 12 36 26 
27 28 17 17 26 35 10 25 22 33 11 24 16 23 36 20 15 10 19 21 20 44 13 22 16 11 18 27 14 20 31 15 12 23 35 7 25 10 24 21 29 21 24 13 17 35 20 36 20 13 19 18 12 29 23 39 16 12 19 37 25 29 31 35 38 20 35 18 30 22 14 19 20 22 36 
11 13 12 16 20 35 14 32 36 25 20 21 12 27 32 13 20 9 21 24 17 16 15 18 30 17 30 16 24 20 24 11 17 15 25 19 25 12 13 23 9 17 47 34 16 25 16 38 27 15 13 20 30 27 14 24 11 18 20 30 22 22 31 21 29 26 22 17 19 24 23 19 21 25 23 
31 16 25 15 17 33 7 24 47 27 15 20 14 15 29 13 23 11 32 28 20 22 22 32 32 21 20 16 15 21 38 13 28 31 18 15 25 22 14 10 23 15 21 29 10 11 25 32 19 11 15 20 12 32 29 22 7 12 20 19 21 15 28 41 25 32 20 15 22 24 16 24 16 28 30 
16 16 12 21 30 28 18 19 31 26 29 14 20 25 29 15 13 19 21 23 9 30 20 22 30 13 22 21 19 29 34 16 34 26 13 12 41 21 19 24 15 20 27 34 11 12 28 26 19 18 20 23 12 47 19 6 15 22 26 23 18 31 36 37 26 26 29 13 39 22 26 18 17 24 21 
25 17 9 22 20 21 15 35 27 23 24 15 14 8 18 24 17 12 22 27 15 51 15 27 33 32 35 19 27 21 36 11 22 24 28 16 30 15 27 15 26 16 30 33 13 16 23 19 27 15 14 11 15 28 22 23 13 23 15 26 17 23 27 21 37 27 13 20 19 28 25 9 21 25 22 
24 15 15 18 36 35 18 32 24 25 30 22 18 27 22 22 11 10 21 16 15 38 11 19 32 20 11 24 15 19 36 16 29 36 23 21 27 17 23 12 16 21 29 28 16 7 20 20 12 9 13 14 15 25 19 30 12 20 17 35 18 25 31 31 32 18 16 14 27 28 11 22 11 39 22 
29 22 21 19 36 38 21 29 30 26 34 14 14 27 22 9 25 16 18 27 17 38 18 10 13 23 25 16 27 21 35 10 20 15 40 17 29 12 18 10 20 11 23 22 13 24 19 36 19 9 8 22 17 31 25 36 22 20 17 18 17 32 33 17 14 39 27 8 24 25 29 14 18 25 41 
25 12 22 22 49 31 26 19 22 22 39 16 14 23 16 15 22 19 28 14 20 25 17 6 41 28 24 27 15 18 21 18 19 33 34 17 45 18 17 25 23 13 45 33 16 18 17 15 23 17 18 16 20 21 19 40 22 23 18 20 22 35 26 21 20 36 23 11 28 22 18 20 17 15 31 
22 19 6 8 14 17 22 30 43 27 32 21 18 19 23 19 33 21 22 8 19 19 15 29 33 17 39 21 22 21 19 11 11 18 31 12 17 19 16 20 22 14 28 32 11 18 20 25 29 13 11 15 20 26 18 25 21 19 20 31 28 29 24 35 33 14 20 13 21 11 15 19 16 34 42 
28 16 21 33 32 25 23 33 38 25 9 15 14 14 28 15 25 27 20 33 14 21 8 31 37 19 13 21 16 21 8 17 24 29 36 16 45 23 20 20 18 19 41 29 15 26 22 39 24 14 19 19 7 28 33 25 10 24 16 27 22 24 33 28 24 33 25 16 20 23 26 15 11 7 24 
31 17 22 29 18 27 10 31 28 21 17 13 17 32 13 19 20 22 23 19 13 32 14 29 31 28 23 12 24 30 16 18 5 20 34 8 41 13 13 29 18 21 38 17 16 20 11 33 18 14 3 13 21 31 26 18 18 11 23 25 21 29 21 27 31 20 25 15 20 32 11 20 13 38 27 
16 13 22 20 24 28 10 24 34 29 12 19 12 31 32 18 26 16 13 31 14 21 20 24 18 27 21 23 28 14 37 17 30 33 30 21 31 11 19 21 23 10 30 10 9 23 21 17 15 11 15 13 23 17 21 29 23 23 20 17 22 34 26 23 51 36 23 7 18 35 19 21 20 30 37 
20 14 21 19 33 12 20 46 43 17 10 17 19 36 18 7 20 28 20 16 18 27 15 27 30 15 23 25 28 18 14 19 16 24 30 15 46 12 14 16 10 17 37 39 13 20 30 28 28 13 19 17 21 28 22 29 15 22 16 24 15 20 34 24 43 37 20 17 15 37 21 19 11 18 31 
29 12 9 18 36 16 17 34 28 22 19 14 12 31 26 16 31 25 23 24 17 19 16 36 12 27 23 18 16 31 26 18 22 19 30 11 47 19 21 17 20 16 28 27 19 30 18 28 27 16 21 11 20 29 24 19 15 12 20 37 26 25 46 25 20 37 21 9 18 16 15 24 15 25 29 
13 12 19 25 24 43 29 35 8 23 11 22 15 33 29 11 22 16 18 30 12 15 20 22 25 23 19 19 29 16 24 14 23 12 8 19 22 10 19 11 22 12 44 23 18 15 17 31 19 14 8 11 13 31 24 22 11 19 22 28 20 23 23 19 37 29 20 14 9 30 10 22 14 29 27 
22 9 16 24 24 28 11 25 31 20 24 16 20 15 34 12 10 22 9 29 16 38 8 23 34 27 17 12 12 25 34 20 24 22 34 18 29 17 24 19 22 25 19 29 12 33 18 28 19 13 17 18 17 37 35 36 16 21 23 30 23 20 25 23 29 28 24 15 16 20 16 17 16 29 23 
9 11 23 10 30 24 19 33 34 21 29 15 10 24 27 15 22 23 27 30 13 31 19 20 29 25 16 30 14 24 36 10 19 20 29 30 36 16 17 20 21 13 17 35 17 19 26 18 20 21 29 10 11 25 17 39 15 22 10 36 7 20 28 19 34 26 26 21 23 14 27 17 3 30 30 
19 8 13 26 31 33 19 39 25 34 18 11 13 21 26 14 15 25 18 14 16 33 19 33 36 17 25 36 5 20 35 21 14 23 38 23 39 18 25 24 22 14 33 30 19 22 11 27 21 16 16 13 14 17 25 26 23 6 23 14 14 27 31 43 48 18 39 14 11 28 17 20 15 18 14 
14 15 17 26 27 21 18 34 33 11 29 16 18 31 21 17 18 25 26 26 17 24 25 29 46 25 28 26 18 21 24 13 24 26 10 13 36 19 21 18 22 20 24 42 24 32 15 16 26 15 15 18 30 23 17 21 18 22 17 27 23 20 15 42 18 22 27 21 20 15 27 26 17 39 30 
26 15 16 22 29 23 11 34 44 22 33 20 10 23 23 12 10 28 19 16 5 30 28 26 36 19 34 23 11 9 20 23 23 29 8 19 31 10 21 11 29 15 37 27 15 28 30 28 18 16 20 18 17 30 30 32 15 22 17 23 19 25 37 27 24 22 26 14 18 30 13 15 18 22 31 
7 19 22 17 13 26 14 20 34 29 34 22 15 27 32 19 22 19 21 27 17 42 17 22 27 16 35 18 26 21 37 12 20 23 30 16 23 17 28 32 23 14 15 30 18 31 22 31 20 24 17 10 26 39 18 25 16 12 16 29 12 40 30 38 43 24 25 23 18 24 21 21 17 27 45 
33 16 18 21 21 35 11 26 29 16 23 13 15 22 20 16 28 27 18 27 9 32 15 22 27 30 23 29 19 28 24 6 15 34 21 11 13 16 17 21 18 12 22 37 13 25 21 25 19 13 18 15 17 22 26 19 15 21 18 24 27 28 23 28 33 27 24 18 19 25 13 18 20 35 36 
26 12 14 8 34 28 17 28 33 16 22 19 15 25 24 16 21 12 29 39 17 29 16 14 43 28 20 19 14 19 25 16 20 25 23 22 28 17 23 29 12 12 31 25 18 22 19 33 23 6 21 18 21 20 22 28 19 20 11 23 19 27 32 30 31 21 25 13 14 32 18 22 14 25 44 
17 20 16 36 26 35 23 35 29 25 29 17 14 13 20 18 15 22 22 33 16 41 19 24 23 14 10 20 16 29 35 14 19 38 5 14 34 16 21 23 11 20 21 22 16 23 25 41 29 11 28 7 24 28 29 26 9 16 21 24 25 28 29 33 42 25 21 18 20 37 19 18 17 34 32 
22 16 20 20 28 34 15 32 40 14 27 10 15 37 9 12 16 15 17 19 17 28 17 22 22 28 29 23 25 23 12 17 22 23 22 16 41 12 28 15 25 20 25 33 16 19 22 32 34 19 19 19 27 20 34 26 15 19 17 32 20 30 26 16 31 19 29 13 18 30 23 25 27 35 30 
25 21 14 15 31 22 15 21 27 33 38 21 14 13 22 19 24 16 21 26 17 29 16 31 23 21 29 19 28 32 31 14 15 26 21 16 23 14 25 20 23 15 42 27 19 30 23 38 17 14 23 18 11 33 32 15 14 21 12 34 19 28 26 35 36 25 25 22 32 25 16 32 7 19 18 
27 16 16 13 33 28 18 26 27 25 22 19 8 19 21 9 16 25 17 28 13 41 14 22 21 15 15 27 23 23 30 18 22 20 40 16 28 21 23 14 36 18 28 42 8 13 23 22 21 11 17 11 10 23 33 31 19 12 16 15 22 26 39 9 30 24 33 16 19 23 18 21 15 30 46 

MachineCapacities:
MachineID Capacity
0 10
1 10
2 10
