NumTasks NumMachines NumScenarios
25 3 100
TaskDetails:
TaskID ReleaseTime ResourceConsumption SuccessorsCount Successors...
0 0 7 6 7 2 1 4 
1 0 2 3 2 1 2 
2 0 2 1 8 2 3 5 
3 0 7 5 9 1 6 
4 0 8 3 9 1 6 
5 0 7 6 6 1 6 
6 0 5 7 10 2 7 8 
7 0 5 10 6 1 9 
8 0 4 6 6 1 9 
9 0 4 5 6 0 
10 0 4 10 9 4 12 13 14 15 
11 0 9 9 1 4 14 15 16 17 
12 0 4 4 5 1 17 
13 0 8 1 1 1 18 
14 0 3 1 9 1 18 
15 0 1 3 4 1 18 
16 0 8 4 4 2 19 20 
17 0 4 2 2 1 18 
18 0 6 7 4 2 19 20 
19 0 7 5 4 1 21 
20 0 7 6 3 2 21 22 
21 0 8 10 8 2 23 24 
22 0 9 3 5 0 
23 0 3 8 6 0 
24 0 2 2 2 0 

19 18 28 21 30 28 35 44 23 24 26 31 36 17 33 9 38 35 15 13 18 19 21 23 16 19 31 15 21 17 30 49 17 12 12 18 16 24 16 23 19 12 11 17 35 32 16 25 17 25 10 19 11 21 23 12 31 15 28 16 23 22 48 27 18 18 35 15 28 13 13 29 12 25 34 
18 17 21 25 34 15 25 33 28 16 18 18 32 30 21 13 36 25 15 17 25 24 25 15 30 16 34 14 35 22 30 23 21 34 10 23 8 21 14 33 23 44 20 18 26 27 21 19 29 34 35 12 16 45 20 29 25 18 22 24 37 27 18 19 26 18 36 24 12 14 15 17 15 23 22 
17 16 24 12 20 34 16 31 31 18 26 22 30 15 19 17 19 18 22 27 32 23 5 22 27 21 52 18 32 37 46 31 12 33 15 16 17 20 16 25 16 22 21 22 42 28 16 8 31 29 27 15 11 34 27 24 26 18 40 17 27 13 35 18 25 21 18 19 13 16 13 14 19 33 29 
14 16 22 18 32 39 21 28 37 15 16 27 36 14 29 22 36 37 18 24 24 20 17 29 17 27 17 16 23 25 28 26 27 20 23 19 12 22 23 31 23 18 19 26 26 27 16 14 35 19 38 17 9 32 28 21 14 18 29 21 25 21 19 20 33 15 34 22 37 18 20 30 13 17 34 
16 22 20 24 38 27 23 35 20 19 14 37 40 30 35 25 30 36 15 19 15 19 20 23 29 9 34 20 35 27 38 21 31 44 15 24 14 33 16 34 16 11 11 14 29 34 21 22 27 33 34 17 21 25 17 31 24 15 33 11 25 25 22 18 26 17 30 17 11 19 17 22 21 22 17 
18 13 18 25 17 21 21 25 25 19 20 15 33 24 19 18 23 32 17 23 23 23 15 18 27 17 22 22 30 21 40 26 31 22 16 4 15 25 17 30 36 34 14 14 12 35 16 22 36 20 31 9 12 24 23 17 25 20 36 16 25 15 27 22 31 16 34 18 21 22 17 21 14 35 40 
9 15 28 14 44 28 20 23 38 14 17 29 37 27 33 33 26 16 16 13 10 26 22 19 18 24 32 18 22 17 15 19 30 35 27 29 15 24 10 36 43 26 17 17 24 32 13 23 21 19 23 14 16 29 26 21 22 15 21 15 19 21 37 10 14 25 28 26 27 17 14 36 15 38 27 
21 10 23 21 34 25 22 29 28 20 23 20 29 22 34 20 32 16 15 23 39 17 8 25 17 31 24 7 26 24 19 31 19 29 18 17 14 28 11 31 23 32 23 19 22 29 14 20 16 38 23 13 28 33 28 20 15 30 29 15 38 24 21 26 22 12 41 24 22 12 15 21 16 42 32 
14 16 26 14 23 32 31 27 27 13 18 14 29 20 27 14 29 23 13 23 29 12 15 21 20 35 14 12 29 27 12 26 14 33 11 21 14 22 13 31 26 25 18 18 24 17 17 15 21 27 24 17 17 30 23 4 33 16 32 19 36 23 18 20 13 12 12 24 20 19 13 18 13 34 30 
14 18 17 23 16 35 25 32 23 13 24 29 31 16 23 13 31 33 16 25 37 16 25 24 24 20 36 14 32 32 23 28 26 18 15 19 20 25 16 24 35 24 14 13 27 23 18 13 38 27 21 14 19 38 33 28 23 17 50 23 33 18 33 21 26 22 33 12 35 20 14 30 16 14 30 
19 22 20 19 49 29 24 32 31 21 18 27 27 21 28 18 23 25 16 19 13 19 12 20 31 15 36 11 16 26 41 20 28 18 18 20 16 42 10 30 18 22 11 13 20 29 6 21 23 31 19 10 19 37 27 24 20 18 22 23 30 11 36 20 27 23 22 23 25 13 13 14 13 30 16 
17 8 13 21 39 29 25 31 30 21 16 19 34 9 28 23 36 26 11 25 30 23 24 17 23 23 36 12 28 39 22 26 24 28 13 27 18 25 14 32 38 40 17 28 31 37 17 25 27 22 22 19 16 27 14 19 33 23 30 20 15 20 23 19 28 15 45 13 24 15 12 24 14 35 41 
13 18 18 27 22 25 23 12 24 19 19 24 31 23 24 29 22 19 14 31 20 23 17 32 15 27 21 16 28 27 30 29 24 15 22 17 16 38 21 32 14 53 22 24 17 22 23 19 40 29 28 17 26 19 20 19 16 26 12 13 23 9 30 29 28 17 28 23 29 13 17 19 15 40 10 
17 9 21 23 46 35 19 28 18 14 24 17 16 23 26 26 17 37 14 35 33 14 18 20 20 18 15 19 24 21 21 10 30 20 21 15 19 14 12 39 22 28 23 18 35 18 14 11 11 26 19 19 16 30 17 22 21 18 20 15 22 17 33 18 33 11 41 24 14 17 17 25 10 25 25 
9 15 19 20 35 22 24 11 30 15 40 27 46 18 14 32 25 26 17 21 31 14 18 12 32 22 45 19 33 21 31 26 27 38 18 27 19 24 17 40 20 37 24 26 25 28 18 19 25 16 23 13 11 22 18 29 26 6 23 17 36 12 26 26 26 14 26 17 22 22 18 14 17 36 28 
18 18 24 27 38 27 27 18 16 18 25 15 35 13 15 29 20 14 9 15 35 22 20 22 25 27 29 13 24 29 41 38 16 20 18 30 14 33 10 19 29 30 15 19 23 25 14 26 33 26 19 17 17 21 24 18 16 14 20 19 31 29 25 16 27 19 27 17 23 11 21 23 23 26 26 
21 18 18 27 35 17 31 25 31 16 29 29 29 12 29 23 23 24 17 31 18 18 25 17 24 20 30 15 30 19 32 20 22 13 5 8 15 14 13 29 19 35 22 22 26 31 13 20 37 35 23 16 17 43 30 19 16 16 18 23 25 20 26 19 22 11 27 11 32 14 21 25 10 25 20 
11 10 35 10 54 38 18 28 24 16 20 24 38 23 32 14 25 36 24 24 14 15 22 21 27 25 40 20 21 30 19 28 22 28 22 15 13 13 21 45 19 21 20 24 41 31 21 15 29 15 25 14 18 32 17 28 34 13 40 8 15 15 22 13 27 13 22 16 22 16 21 34 12 24 24 
15 14 23 26 20 15 23 32 28 16 28 32 9 5 25 24 26 25 18 18 16 26 17 20 26 21 32 13 28 24 26 29 13 33 26 21 11 29 23 27 41 27 15 28 54 34 23 11 42 21 35 18 16 24 32 27 23 19 30 12 33 21 28 20 26 16 28 28 19 20 16 23 16 35 30 
20 18 19 25 22 27 19 18 20 13 18 35 33 20 21 14 23 21 26 21 28 14 16 10 17 15 19 14 26 40 29 13 24 21 26 7 16 21 17 40 30 29 24 23 27 23 22 22 26 24 19 11 16 29 28 18 23 17 28 25 41 18 31 12 18 17 31 10 12 12 9 19 15 28 10 
17 13 21 30 21 31 24 26 30 9 26 25 13 15 22 20 9 31 16 27 24 27 18 21 24 18 26 15 25 26 42 35 24 30 16 17 18 19 14 36 30 32 20 13 17 24 14 10 24 32 37 18 21 33 22 27 19 31 28 23 26 21 20 30 21 15 35 24 23 13 10 30 18 25 38 
8 12 20 20 41 26 25 32 28 13 11 33 23 16 26 28 25 26 16 19 27 17 13 25 30 21 36 15 33 32 31 14 16 29 24 26 18 36 16 22 28 35 17 19 40 30 14 22 35 24 22 12 21 31 21 26 41 22 21 16 27 12 29 23 17 15 22 17 22 15 13 13 16 23 26 
18 19 12 25 32 34 33 35 23 17 26 10 32 16 25 25 25 33 14 14 34 28 23 20 8 23 16 16 30 25 27 33 36 18 18 22 17 39 17 40 30 25 12 24 22 23 23 22 23 26 38 12 23 25 27 39 21 20 29 29 31 28 35 16 24 13 32 24 18 9 16 26 17 20 31 
17 16 25 19 32 33 23 20 26 15 33 16 22 19 27 18 29 26 15 25 26 21 17 19 30 20 18 26 8 36 20 30 18 24 22 22 14 32 15 30 21 35 15 15 38 26 19 11 40 19 31 13 17 38 19 31 21 18 56 22 18 21 31 13 37 11 23 20 27 9 24 16 21 33 27 
18 21 26 26 35 31 24 33 23 21 30 14 44 16 33 28 15 42 14 21 16 19 17 19 29 33 22 16 26 12 32 22 15 38 18 19 20 18 17 33 26 33 14 14 38 24 16 20 14 36 27 14 21 31 20 18 39 22 41 27 27 3 29 23 33 8 41 21 29 21 22 26 17 27 30 
14 20 8 14 35 29 16 15 29 14 23 29 28 32 32 27 20 18 19 12 22 26 29 5 35 23 28 9 26 31 18 36 12 32 16 26 10 27 21 42 23 36 16 24 34 24 23 20 23 34 35 18 21 25 27 20 29 15 22 16 15 25 27 24 10 24 28 26 34 11 11 19 14 34 21 
13 12 10 23 43 20 22 23 30 18 16 8 42 27 25 27 29 36 17 10 33 21 20 14 21 17 26 16 22 24 22 33 21 36 22 21 12 25 6 28 21 50 16 19 18 14 16 25 24 29 32 13 12 10 21 23 26 17 39 23 28 19 19 4 25 17 40 18 29 15 26 17 14 14 26 
12 13 25 28 20 8 14 18 9 17 25 37 39 27 21 14 17 25 14 40 24 23 2 16 19 17 27 21 26 27 28 39 29 30 25 14 23 28 12 25 27 27 17 20 40 21 13 19 26 30 33 13 25 26 30 28 12 27 12 24 36 11 22 19 24 15 26 15 28 12 16 19 12 37 28 
13 24 21 20 26 28 18 22 21 15 32 15 28 16 20 27 37 32 14 18 43 27 15 15 40 22 15 16 21 28 42 27 12 34 15 28 8 25 16 37 22 32 14 15 22 18 11 19 34 25 18 17 18 18 14 27 23 16 32 19 27 19 48 13 32 13 29 22 24 11 16 24 18 26 35 
23 20 21 19 40 22 28 16 18 18 23 11 27 22 27 18 27 30 18 25 28 30 19 21 21 35 30 24 30 21 24 27 23 34 17 14 15 17 16 31 16 27 18 28 32 21 23 16 30 34 22 10 14 27 22 16 36 26 46 10 30 25 25 16 28 17 54 17 26 23 12 29 13 32 37 
19 13 15 19 47 28 26 24 30 17 21 35 21 14 22 21 25 14 19 29 15 20 29 15 42 17 25 16 23 34 23 27 19 22 26 17 15 37 17 31 36 38 23 9 50 23 11 17 29 17 30 24 25 40 24 23 25 20 36 19 27 23 36 20 33 22 28 13 27 19 21 20 25 35 21 
18 12 27 20 34 28 20 14 20 25 24 23 32 22 32 23 30 33 19 26 23 23 26 14 20 18 29 16 24 30 39 20 38 25 13 16 18 15 14 29 30 37 13 14 31 26 16 15 25 22 27 21 20 34 22 26 34 23 26 17 16 16 25 23 28 11 23 14 22 16 14 16 13 32 27 
14 15 22 17 31 27 21 26 43 19 27 33 24 24 31 34 29 21 14 21 26 25 14 26 29 26 21 13 36 17 24 32 9 28 19 21 20 32 10 25 21 24 17 26 37 23 24 29 31 31 27 18 14 29 32 32 22 18 27 16 25 22 21 8 32 15 30 25 15 9 20 26 12 12 40 
15 19 27 20 36 18 15 25 18 14 33 18 30 19 31 17 27 25 17 23 25 21 21 17 17 23 33 21 26 30 30 38 28 35 15 4 14 32 20 38 25 20 21 11 34 19 22 24 28 16 27 15 8 33 8 41 23 17 21 21 25 26 39 20 22 18 41 15 11 18 19 20 13 25 33 
15 15 17 21 37 43 14 21 31 24 25 27 26 19 27 16 25 23 16 29 25 29 21 21 19 21 22 18 33 24 35 39 24 30 26 17 11 40 8 34 20 16 16 15 34 20 26 22 29 20 37 14 19 24 21 23 18 12 30 18 29 23 43 27 17 10 37 8 28 21 22 25 16 38 33 
9 14 18 9 32 26 21 38 30 21 18 39 36 26 28 17 34 34 12 12 34 12 14 11 23 32 30 21 22 24 40 26 22 25 22 16 7 37 17 16 24 39 25 20 27 27 25 16 26 25 27 18 16 34 26 22 26 22 42 22 27 33 31 19 20 18 43 20 17 13 10 15 11 25 25 
19 15 11 23 31 26 25 26 23 13 19 23 16 16 30 25 19 21 17 20 26 22 22 13 18 24 30 23 29 33 40 10 33 28 20 9 12 41 14 39 24 36 11 17 29 20 14 17 28 28 15 10 22 19 30 10 23 8 15 25 22 18 36 15 35 21 19 15 27 17 6 20 17 35 28 
21 17 25 18 24 27 18 29 13 18 26 31 36 19 32 23 18 27 10 19 16 12 11 11 43 21 23 15 31 35 42 18 30 32 21 11 19 16 16 39 22 38 12 18 24 27 16 22 27 30 34 25 22 36 33 5 15 1 36 12 34 21 30 23 17 22 28 29 39 17 14 21 17 14 13 
19 11 13 31 27 22 26 40 41 10 26 24 24 13 21 25 16 29 20 26 30 27 18 17 10 19 18 18 28 33 30 38 15 43 18 34 8 20 14 35 26 34 17 12 34 26 23 15 21 33 33 16 16 35 26 22 32 25 25 22 26 22 18 19 26 8 42 26 24 17 16 19 16 18 43 
27 16 20 17 24 26 26 26 23 18 22 23 29 21 24 29 22 30 18 25 17 17 15 20 19 22 34 16 17 27 40 28 15 24 26 13 23 10 18 43 33 24 22 10 19 20 17 20 14 23 36 16 17 23 23 18 26 28 32 22 31 11 28 18 31 16 26 16 26 16 9 30 17 31 24 
12 14 19 26 24 31 12 16 10 15 23 9 21 18 17 23 18 32 18 31 26 17 11 8 21 22 34 20 29 44 26 26 43 32 27 17 18 26 15 28 23 35 25 11 46 17 18 19 31 20 28 18 13 26 21 40 7 27 39 14 22 21 39 20 17 22 26 20 25 17 14 21 9 33 30 
12 14 7 17 28 19 23 15 29 18 17 22 21 28 19 25 20 36 9 23 12 16 15 14 17 28 25 14 21 23 20 17 31 38 25 4 19 26 12 26 27 43 18 23 30 32 15 18 29 21 28 15 18 37 29 21 28 21 23 15 11 21 14 22 11 21 28 11 17 11 13 28 11 28 33 
20 19 21 19 24 22 27 35 23 15 17 21 25 26 37 30 11 20 14 24 31 22 12 13 15 26 22 8 20 31 21 29 13 20 15 20 18 34 19 27 29 32 11 20 30 22 11 19 29 25 23 11 18 22 24 20 36 21 24 10 32 21 27 22 20 17 24 20 34 11 20 23 13 24 31 
19 12 21 17 20 24 27 22 28 11 27 36 20 25 41 26 19 29 13 19 31 25 20 19 30 28 26 12 32 29 23 29 11 21 11 26 17 24 17 32 32 32 19 9 49 33 9 21 34 32 30 16 14 34 25 26 40 18 11 19 17 26 28 11 25 15 33 21 23 23 21 20 4 37 27 
19 14 28 33 22 33 17 21 35 14 27 26 16 27 19 19 26 33 16 18 32 10 30 25 21 28 23 21 24 34 20 36 36 13 14 14 11 20 12 28 32 22 16 15 29 18 9 14 27 28 24 15 13 27 12 29 34 20 26 19 28 7 43 27 28 14 33 20 25 17 16 31 17 17 18 
11 14 20 18 39 29 17 5 9 16 13 28 14 20 27 22 27 36 21 18 14 27 15 13 22 29 27 16 34 23 25 27 35 30 18 17 18 23 14 34 16 39 21 25 31 21 13 25 22 36 13 12 19 19 15 27 22 21 22 22 25 18 18 7 20 8 23 5 31 16 19 21 10 27 34 
19 21 35 37 13 37 36 23 20 19 22 39 39 19 7 14 30 27 21 22 27 19 21 17 23 24 32 18 16 32 29 38 25 35 21 25 19 35 11 33 30 35 16 21 38 18 12 12 27 22 26 8 11 24 19 40 31 21 42 19 23 14 18 16 27 16 25 12 17 17 16 17 17 49 28 
14 20 21 23 35 29 19 35 40 12 20 26 23 28 18 23 16 30 19 15 16 24 25 9 30 11 26 24 16 14 27 36 37 12 23 24 13 32 11 31 29 30 19 19 19 20 6 13 18 19 25 13 14 25 22 26 20 17 42 16 30 12 29 18 19 15 24 22 18 21 10 26 17 41 24 
9 15 8 17 28 30 21 41 32 20 28 24 22 13 27 16 29 23 20 17 27 16 17 23 27 14 23 16 11 25 23 26 37 23 21 27 14 29 12 37 30 19 21 19 33 28 22 14 33 36 41 14 18 25 16 17 19 34 32 21 26 21 21 17 8 23 20 19 25 16 15 14 20 50 38 
18 15 21 23 39 19 24 37 16 17 31 32 29 14 27 25 28 32 17 25 32 14 22 19 35 26 32 14 27 27 19 33 36 29 17 13 12 19 13 33 40 35 9 16 39 25 19 20 33 25 32 13 19 22 31 28 37 14 30 22 24 24 26 16 11 14 27 17 24 14 15 14 14 26 28 
13 17 28 17 23 19 25 31 32 18 17 28 26 19 21 28 31 33 23 19 27 9 22 15 32 15 31 8 19 22 36 49 37 22 15 16 11 30 15 27 27 41 18 13 23 24 28 31 14 22 48 14 23 17 20 21 37 17 22 11 18 20 26 15 19 16 27 18 28 11 10 24 16 14 27 
8 24 19 25 24 30 27 30 18 15 23 15 24 24 35 25 19 16 14 22 23 21 19 23 11 27 38 17 22 32 27 17 32 43 14 20 18 49 17 43 28 26 11 15 47 41 18 16 25 29 36 10 23 39 27 27 27 21 33 11 37 25 31 22 22 23 30 21 30 19 10 32 21 23 22 
19 10 23 26 36 21 25 47 25 14 12 21 20 28 24 15 22 26 17 18 32 23 27 16 33 25 29 15 42 24 36 35 17 21 20 23 19 30 17 28 23 33 12 26 26 33 14 18 40 25 32 12 24 31 20 30 26 12 24 16 16 22 36 14 38 18 20 21 27 13 17 23 9 23 32 
14 13 22 19 25 22 27 29 22 16 19 34 27 16 28 25 32 17 18 30 13 21 12 17 23 22 22 17 33 20 19 32 20 22 21 17 19 32 17 10 35 30 16 20 19 22 14 17 21 15 25 16 18 25 23 34 8 12 4 17 20 21 20 13 17 17 25 20 19 13 12 18 12 32 29 
23 20 26 17 39 28 20 22 18 12 17 34 24 18 14 30 27 34 14 19 29 18 22 21 27 25 39 20 23 25 23 35 29 33 25 18 18 29 21 34 25 33 16 20 31 29 20 17 19 19 27 15 19 35 16 28 33 24 33 22 41 27 19 26 35 19 29 25 22 21 16 15 19 39 34 
15 11 34 18 34 22 30 32 42 11 29 34 30 14 29 22 21 39 13 25 17 30 22 15 29 23 31 10 26 31 21 30 33 21 15 19 17 24 18 23 24 18 17 23 32 17 11 15 22 34 25 21 18 16 18 22 14 15 35 20 28 18 22 27 23 11 39 28 17 20 15 15 13 45 32 
18 13 17 20 17 30 16 18 17 21 20 33 37 23 18 21 17 45 20 16 33 21 23 28 22 32 38 8 24 34 22 32 30 31 20 15 14 39 12 17 21 35 15 15 31 23 17 27 37 24 32 21 11 23 28 25 20 7 31 17 33 18 28 19 20 12 38 2 27 22 18 20 15 18 25 
21 17 18 27 33 26 37 19 44 15 18 35 40 10 31 22 25 30 20 23 29 20 17 24 28 15 23 19 22 31 24 31 17 41 21 34 11 8 15 34 33 34 25 13 31 18 21 26 26 28 17 18 22 30 22 24 30 21 42 23 35 6 29 11 25 23 26 21 24 16 27 17 13 33 34 
16 16 22 16 36 27 24 28 21 12 24 19 32 17 28 19 34 24 20 18 27 27 26 18 26 24 38 17 19 24 36 16 28 32 20 14 18 14 15 36 37 29 17 22 30 28 21 14 27 29 33 21 13 22 17 25 17 27 35 19 36 19 24 21 20 17 27 13 29 11 17 28 21 17 28 
14 17 22 22 18 16 38 48 21 17 22 26 17 9 24 21 10 24 20 25 16 18 14 13 24 22 17 20 27 24 38 23 33 27 13 17 17 35 17 26 20 20 19 22 21 37 17 13 35 26 36 9 17 23 17 22 35 19 35 13 28 26 27 25 27 10 35 14 31 21 16 24 13 28 30 
16 11 21 17 22 24 25 30 37 17 23 33 33 17 15 24 38 40 15 15 26 18 16 24 17 17 20 22 14 24 33 29 21 32 20 18 17 24 10 10 27 25 21 20 25 25 17 17 11 16 31 15 23 20 21 20 28 19 34 19 29 24 35 12 18 10 30 22 29 14 12 17 16 28 31 
17 21 20 29 26 23 29 29 24 17 20 22 37 23 31 26 21 15 10 39 25 18 22 18 31 28 39 10 31 24 25 29 39 21 21 18 14 20 3 26 35 17 18 24 14 20 21 26 29 20 40 11 17 27 18 36 36 20 21 24 36 15 31 8 24 19 20 19 29 14 21 16 15 36 27 
14 13 17 20 28 32 16 40 39 12 17 29 32 40 23 19 31 15 14 21 28 25 22 14 23 12 25 19 23 24 20 31 26 26 20 25 15 10 16 42 29 19 23 19 21 27 23 18 40 32 27 17 11 26 31 20 23 23 33 20 35 32 25 9 23 17 21 14 22 12 16 31 10 33 45 
20 14 20 20 25 1 33 30 32 16 20 17 27 23 31 12 36 26 20 24 37 26 22 19 22 26 42 15 24 36 32 25 12 15 21 17 15 32 10 19 19 33 15 10 28 32 23 20 29 16 13 15 17 22 13 26 21 13 40 29 27 27 47 18 25 19 10 16 29 18 16 22 18 22 30 
17 12 36 18 32 13 24 35 32 18 15 20 29 20 32 7 22 20 7 30 21 24 20 13 28 22 26 12 32 24 28 29 16 27 22 17 10 32 18 35 9 27 20 17 30 26 14 26 16 23 41 17 15 34 19 31 9 21 28 19 9 20 27 16 34 21 27 15 29 16 14 15 16 30 30 
6 9 25 15 34 32 19 32 34 12 34 23 31 26 24 23 18 32 22 22 28 19 18 21 23 12 18 17 35 23 22 31 25 34 14 22 13 44 14 20 31 19 19 24 19 18 26 24 20 17 16 11 26 20 31 25 28 19 22 28 28 19 20 23 15 12 24 7 31 21 11 23 16 28 34 
24 21 34 16 29 37 15 21 34 22 26 16 28 26 24 28 23 21 14 23 16 13 11 11 34 23 28 16 30 27 32 22 40 5 25 21 18 24 20 28 21 40 19 22 24 29 18 19 30 31 28 13 22 20 23 31 27 13 11 16 22 22 20 21 19 14 43 20 31 20 11 20 14 37 22 
11 17 20 21 36 27 19 29 22 20 36 23 44 14 19 20 27 22 12 35 33 20 11 16 21 21 30 12 12 16 17 26 23 31 29 15 11 32 15 19 32 34 22 23 12 29 13 23 31 18 20 7 26 17 25 24 23 25 40 19 39 25 25 32 23 18 29 16 19 21 12 20 14 24 27 
17 20 28 15 41 11 21 37 35 14 18 22 37 20 28 23 24 35 21 33 16 20 5 14 26 26 19 16 32 31 31 44 32 17 21 8 15 25 15 30 33 23 12 22 17 34 21 18 22 17 37 11 14 24 32 14 25 25 37 20 15 35 24 14 22 18 28 20 24 14 19 17 16 15 23 
13 14 26 9 24 27 21 39 28 21 23 21 26 17 33 36 16 17 12 20 17 16 15 25 35 22 26 18 34 26 26 34 26 28 7 20 16 35 22 29 36 37 18 12 33 17 17 16 30 15 34 16 10 24 27 18 21 13 27 15 12 28 24 17 31 13 32 16 19 17 18 27 12 18 31 
15 19 30 24 23 23 32 20 15 18 29 33 33 14 23 20 36 29 17 21 31 22 16 22 23 25 30 14 29 17 24 36 21 28 22 17 16 21 20 24 23 21 12 15 39 32 8 26 31 22 42 9 22 35 36 14 23 20 18 13 30 25 26 11 24 32 41 17 20 22 13 25 14 25 33 
12 22 18 32 28 40 16 30 44 19 16 26 39 16 20 25 18 31 21 18 17 18 17 15 17 21 22 19 26 20 15 28 23 36 19 14 21 23 14 23 20 22 12 20 35 25 21 12 26 29 29 15 19 27 22 24 26 9 30 15 27 21 38 27 19 8 21 19 22 18 19 7 15 43 32 
18 23 31 30 31 11 21 36 15 21 22 32 29 10 20 25 30 15 21 23 19 27 16 14 35 32 23 18 24 21 21 25 23 25 15 23 19 39 21 30 29 33 10 15 37 35 17 31 9 30 22 17 17 28 29 35 15 24 24 24 28 19 20 14 41 22 32 26 24 16 15 17 12 35 24 
12 12 18 17 30 33 27 29 42 20 28 38 26 25 15 32 26 26 12 35 26 32 20 24 31 13 16 21 23 27 24 37 26 28 23 23 12 17 21 36 38 33 17 15 21 33 20 9 16 21 34 14 14 24 28 26 32 21 24 16 23 19 28 19 15 18 29 13 33 21 16 7 22 32 29 
21 9 29 21 30 19 36 21 31 19 27 32 23 27 26 18 37 36 15 11 29 20 24 15 25 21 22 10 13 17 38 33 35 34 20 25 16 11 16 17 28 21 11 21 21 15 14 15 21 13 25 20 14 35 15 16 25 25 47 18 26 23 29 28 38 18 23 14 23 13 11 25 11 34 27 
23 13 18 18 25 27 22 15 29 18 16 11 43 13 24 22 26 25 11 24 25 15 27 14 27 17 35 13 26 23 32 36 33 29 17 40 13 26 13 34 22 25 13 19 19 34 10 28 35 33 23 16 29 19 26 32 23 20 26 16 23 23 48 23 25 14 35 22 29 10 17 26 15 30 32 
10 14 18 27 20 32 27 15 24 15 23 34 35 27 33 36 23 23 13 27 15 23 23 10 30 20 28 16 17 24 24 30 17 31 20 23 17 27 12 25 20 32 15 14 28 27 15 30 22 18 39 12 21 35 19 21 38 26 19 24 45 34 15 23 31 20 30 18 10 12 10 23 14 22 34 
18 11 27 26 21 15 24 24 39 18 20 31 33 15 20 24 28 23 20 22 26 27 12 14 18 25 17 13 30 33 30 36 29 26 24 14 16 35 14 24 26 26 14 14 25 26 11 21 15 30 12 11 17 33 18 27 21 12 36 10 31 30 22 13 33 9 26 22 26 22 11 24 16 19 25 
17 23 22 30 24 20 10 20 34 20 31 23 37 19 26 20 19 37 17 25 21 20 22 26 17 24 11 16 32 21 21 36 19 26 20 16 10 20 14 40 13 33 9 12 22 23 16 11 16 37 32 19 14 32 21 24 37 15 29 16 17 20 32 21 18 19 30 9 15 16 14 30 12 35 36 
10 16 18 24 11 20 20 32 23 9 21 26 21 16 33 13 25 35 24 16 37 15 24 13 36 17 40 13 33 36 38 27 21 31 14 22 17 21 21 24 28 26 18 18 47 22 17 16 24 24 25 11 29 34 29 16 25 19 29 15 28 22 34 12 28 18 31 16 27 14 25 30 13 25 39 
13 20 11 16 33 23 17 33 30 13 34 23 22 16 26 33 32 30 21 26 31 12 21 9 29 20 38 15 30 30 34 26 17 29 23 24 10 13 17 28 29 23 22 18 18 31 24 22 3 25 22 13 30 43 20 22 30 26 27 28 18 17 20 13 28 15 35 13 29 13 9 16 13 32 32 
10 20 16 17 30 31 25 38 26 14 14 27 21 24 24 23 17 40 24 20 32 21 25 20 30 12 30 16 40 22 21 28 14 21 22 5 14 33 13 29 27 24 7 18 9 36 8 7 30 21 37 15 21 24 25 26 22 16 34 15 10 21 36 13 27 13 34 8 24 11 20 29 14 27 26 
18 18 24 23 20 16 15 38 23 16 30 19 31 10 24 24 24 25 20 26 17 13 20 18 26 24 21 11 22 15 23 28 24 33 29 24 19 29 13 42 24 36 21 18 24 31 16 18 27 26 23 12 16 37 15 33 36 31 27 18 37 15 42 25 25 22 35 11 22 18 14 14 12 37 36 
21 14 33 16 43 38 22 31 20 11 26 31 34 21 24 7 31 29 21 23 31 25 24 25 17 34 16 16 26 48 39 31 15 34 13 17 14 23 16 34 15 24 13 19 30 36 22 14 23 32 38 17 19 31 18 24 19 27 30 24 27 29 32 18 23 25 28 10 13 17 14 16 22 34 45 
19 8 25 28 34 22 22 25 31 18 14 24 26 28 23 9 29 24 21 13 27 19 19 24 26 23 19 11 15 26 30 26 20 18 15 17 17 38 13 25 37 36 19 22 40 9 27 13 29 29 30 22 17 36 23 26 16 24 42 21 36 23 27 27 13 24 19 24 26 16 15 20 14 37 22 
12 19 23 9 32 31 18 15 31 18 26 21 24 14 19 32 20 26 9 28 18 28 15 18 27 19 21 11 21 21 30 25 22 30 24 32 11 21 11 34 29 31 19 17 37 28 24 28 27 21 36 11 12 40 14 25 25 28 44 14 24 31 44 20 38 24 39 18 26 14 9 15 21 26 37 
21 9 19 25 41 33 20 27 5 22 15 10 22 34 34 25 34 26 12 19 30 11 24 24 20 26 30 19 23 29 30 21 21 13 16 35 15 39 10 21 19 26 12 16 39 36 29 7 44 29 37 17 12 44 33 30 24 28 21 24 21 15 19 33 16 18 32 17 14 17 16 21 13 30 29 
23 19 16 23 42 12 20 20 35 10 30 24 40 10 33 30 24 30 21 20 37 17 24 17 25 22 21 22 12 15 28 30 23 22 15 22 11 25 7 38 23 38 15 17 33 14 18 20 26 20 34 20 12 31 22 11 33 21 30 17 24 20 28 29 26 8 30 20 16 21 16 16 14 25 44 
13 23 22 33 17 19 23 25 25 10 26 19 30 24 23 26 24 39 18 24 23 22 15 22 10 17 39 17 26 14 26 26 15 28 17 10 8 22 9 23 21 32 24 9 41 18 23 11 17 31 1 23 19 27 30 17 34 16 34 20 27 22 22 26 15 17 17 22 22 20 14 22 11 31 31 
14 14 21 29 39 23 19 35 31 20 26 33 28 8 23 24 12 14 17 24 21 25 31 23 22 16 10 19 29 22 37 16 32 21 13 21 17 28 15 7 31 35 18 20 40 27 10 25 17 26 32 14 20 25 22 9 32 19 34 23 28 18 39 20 23 15 17 5 25 8 18 14 15 19 40 
21 16 29 25 31 28 22 28 32 14 25 31 40 14 35 25 29 14 18 18 24 13 28 21 18 16 31 22 25 22 21 23 25 15 23 6 15 28 15 25 15 33 17 7 28 20 29 16 39 15 31 14 16 24 26 33 34 18 36 17 20 16 28 15 22 19 23 16 22 8 22 24 17 26 37 
18 22 26 40 37 25 24 21 38 15 20 26 9 34 27 24 22 39 17 12 32 25 21 14 20 23 33 16 42 18 33 26 34 37 16 21 20 32 19 17 19 36 23 24 33 25 13 11 21 30 23 13 8 37 22 28 26 16 32 21 14 21 42 31 22 10 26 23 19 19 20 30 15 41 26 
15 17 22 13 27 26 24 25 11 17 29 14 31 25 15 27 18 33 18 15 20 19 24 15 29 22 36 19 18 28 26 21 25 31 17 22 6 40 12 26 24 23 10 10 20 25 18 18 24 30 26 13 25 20 29 27 24 16 26 9 22 8 31 25 18 16 8 15 19 20 21 17 12 43 23 
23 20 20 21 26 20 27 21 21 17 18 20 23 20 25 26 27 17 10 28 24 13 6 17 35 20 33 20 29 12 38 24 33 36 17 25 20 40 13 36 25 30 17 14 31 29 9 23 17 35 28 19 9 40 20 24 32 34 23 19 23 26 20 20 21 22 22 19 15 18 18 14 12 26 28 
7 20 17 19 28 27 26 47 28 16 31 9 32 27 32 16 35 22 11 13 16 24 27 24 20 29 20 21 30 25 48 40 21 35 21 25 20 42 9 23 18 30 17 19 32 24 20 16 28 25 22 19 13 24 31 14 13 8 23 10 27 20 24 18 21 13 21 10 38 19 22 26 12 31 30 
25 15 19 16 35 12 17 44 27 18 28 26 24 13 22 18 21 26 19 28 14 13 10 10 18 27 17 15 22 31 18 42 19 20 11 9 17 17 15 20 16 21 14 18 19 24 24 12 27 33 25 12 23 19 24 32 18 21 26 20 31 23 28 20 28 10 28 15 26 17 9 14 14 23 42 
25 9 17 20 38 23 27 23 14 18 20 33 26 17 17 26 25 35 15 22 29 16 13 31 39 27 30 15 39 14 34 34 18 24 22 17 11 33 20 32 26 40 11 18 44 27 16 15 33 20 34 20 16 33 29 28 30 29 20 15 29 20 23 17 23 11 47 17 22 11 8 20 16 25 36 
11 21 23 9 34 28 17 34 35 14 25 26 32 20 23 15 35 26 5 20 25 28 15 15 32 25 21 24 29 23 28 43 35 18 17 22 13 21 18 42 32 34 10 18 21 28 16 16 14 15 11 10 14 37 8 25 12 20 29 22 34 17 35 23 30 20 31 24 20 12 20 30 12 23 40 
12 18 27 25 24 20 25 35 39 17 16 42 42 15 18 19 27 16 14 31 20 16 26 19 20 23 37 11 15 10 17 29 32 36 23 16 16 28 14 19 39 41 15 18 8 23 15 25 22 18 22 15 15 16 13 13 42 27 22 20 29 20 31 26 12 14 21 22 30 12 19 20 20 43 31 
14 16 19 23 29 11 27 21 20 10 30 37 25 16 28 21 35 41 21 26 17 24 17 6 25 18 24 20 34 29 17 47 21 23 13 11 15 38 26 24 23 42 23 26 37 29 14 18 24 19 21 21 27 20 20 25 15 17 39 21 29 10 17 29 31 29 48 25 21 12 15 25 15 26 32 

MachineCapacities:
MachineID Capacity
0 10
1 10
2 10
