NumTasks NumMachines NumScenarios
10 4 10
TaskDetails:
TaskID ReleaseTime ResourceConsumption SuccessorsCount Successors...
0 0 1 5 3 4 2 1 2 
1 0 7 7 4 9 1 4 
2 0 8 4 6 2 2 3 4 
3 0 4 10 2 4 0 
4 0 2 5 6 5 0 
5 0 8 5 2 3 1 7 
6 0 8 8 5 8 1 8 
7 0 4 6 6 4 1 8 
8 0 3 3 9 2 1 9 
9 0 10 5 5 6 0 

12 21 9 29 29 10 5 8 12 35 19 13 14 19 28 23 16 23 19 21 17 15 16 16 25 27 15 20 20 31 12 21 24 13 18 13 14 18 18 31 
19 11 8 33 29 16 10 5 9 23 24 10 11 3 25 22 31 25 15 27 18 11 17 5 26 16 12 24 8 28 13 24 16 24 12 12 14 19 23 33 
18 23 8 23 30 17 9 14 12 35 26 8 9 14 30 17 31 39 13 12 31 16 14 27 23 23 14 14 17 23 11 29 20 19 16 16 21 23 18 31 
15 29 7 23 27 20 14 7 17 36 21 10 15 17 37 23 22 33 14 20 25 15 25 21 26 22 11 35 16 24 16 22 19 31 17 11 18 19 21 16 
14 28 10 37 25 18 18 14 19 26 20 13 17 18 33 20 10 33 16 39 30 8 21 12 20 27 10 15 15 35 15 23 26 23 11 13 8 13 21 27 
24 19 12 27 34 24 14 15 11 28 30 19 19 16 40 28 13 34 15 9 17 13 20 24 14 22 10 12 13 43 10 19 36 19 13 14 13 10 25 35 
25 30 14 21 31 12 7 10 15 28 17 12 10 15 30 20 24 30 10 28 23 20 14 24 22 23 12 22 13 34 15 11 20 26 21 11 17 15 17 24 
13 40 7 22 32 11 4 8 13 25 35 14 19 15 29 33 26 20 23 35 25 21 16 14 16 20 10 27 19 26 14 15 30 26 14 14 10 11 19 23 
16 26 9 30 33 14 9 8 20 19 18 12 16 16 37 28 16 30 11 17 31 18 27 15 23 20 15 37 12 35 16 20 25 19 14 13 19 9 21 33 
21 38 10 28 32 15 6 12 13 27 29 16 12 10 42 16 25 38 17 26 28 21 30 21 26 9 11 38 17 49 16 17 22 27 18 15 15 34 19 35 

MachineCapacities:
MachineID Capacity
0 10
1 10
2 10
3 10
