NumTasks NumMachines NumScenarios
10 4 10
TaskDetails:
TaskID ReleaseTime ResourceConsumption SuccessorsCount Successors...
0 0 3 5 3 5 1 1 
1 0 9 8 2 7 2 2 3 
2 0 3 3 7 6 1 4 
3 0 9 9 10 5 0 
4 0 9 8 2 5 0 
5 0 9 8 10 4 2 7 8 
6 0 9 7 7 1 2 7 8 
7 0 9 5 1 10 1 9 
8 0 4 3 7 7 0 
9 0 3 5 4 5 0 

13 36 23 11 34 20 13 8 22 16 14 21 19 14 18 11 26 14 25 29 17 23 33 30 17 20 19 28 34 22 10 16 31 15 17 14 13 11 16 13 
19 42 25 11 24 8 15 8 19 13 18 23 10 16 33 11 32 20 20 21 13 22 19 31 12 20 37 34 27 38 10 13 15 15 8 19 19 12 15 13 
17 30 17 8 26 4 10 7 21 17 13 31 13 12 14 13 16 14 21 21 19 14 23 18 14 18 29 23 31 17 16 18 19 17 10 7 19 9 26 12 
19 23 29 8 16 23 8 9 25 21 15 10 11 21 9 16 16 15 17 10 16 22 20 17 16 26 27 41 30 27 13 22 28 14 9 15 29 7 24 13 
16 29 29 11 30 41 7 15 11 19 20 13 20 12 27 17 27 15 23 26 13 16 24 26 14 19 14 27 18 39 11 15 24 10 14 12 24 13 19 12 
24 33 28 13 40 32 12 8 30 14 17 13 13 18 25 15 27 13 31 26 14 24 23 23 24 24 47 35 17 33 12 15 21 7 14 13 23 9 27 12 
18 21 28 6 20 20 13 3 23 15 15 26 13 23 35 13 35 6 41 37 17 23 26 27 21 16 32 34 23 25 14 13 23 5 13 16 23 6 16 15 
15 29 24 7 31 29 14 5 20 15 14 26 18 15 24 11 31 15 17 28 15 15 21 24 22 11 22 30 28 34 13 12 23 10 14 13 28 8 16 10 
24 26 9 10 45 38 9 11 30 20 20 37 15 15 27 10 41 15 54 31 13 25 27 26 27 22 32 40 35 20 16 15 28 14 9 8 18 9 33 11 
20 26 26 10 16 29 11 7 15 8 21 25 16 24 27 14 23 11 15 39 17 25 29 12 12 28 17 43 24 26 11 10 17 9 13 14 17 6 26 12 

MachineCapacities:
MachineID Capacity
0 10
1 10
2 10
3 10
