NumTasks NumMachines NumScenarios
25 2 30
TaskDetails:
TaskID ReleaseTime ResourceConsumption SuccessorsCount Successors...
0 0 2 9 5 3 5 6 8 9 
1 0 6 3 6 3 5 6 7 8 9 
2 0 5 5 3 3 8 9 
3 0 7 5 0 
4 0 10 7 3 5 8 9 
5 0 3 3 0 
6 0 4 9 0 
7 0 7 9 0 
8 0 7 3 0 
9 0 9 3 0 
10 0 7 6 4 15 16 19 24 
11 0 4 4 3 18 19 20 
12 0 8 2 3 18 19 20 
13 0 2 3 3 15 16 18 
14 0 3 7 1 19 
15 0 7 1 1 20 
16 0 3 5 1 20 
17 0 6 6 0 
18 0 8 2 1 23 
19 0 2 8 1 22 
20 0 2 9 0 
21 0 2 8 0 
22 0 1 9 0 
23 0 2 1 1 24 
24 0 8 6 0 

10 7 33 12 29 8 12 35 13 19 41 38 11 21 19 11 29 29 25 7 34 19 12 25 11 8 12 29 9 11 18 16 6 22 22 27 16 12 18 19 13 15 12 15 9 20 21 25 16 13 
9 11 45 12 27 24 17 20 18 21 26 22 15 20 20 24 24 28 26 14 34 16 9 23 12 21 16 21 14 11 17 31 7 5 32 18 22 9 29 10 16 11 19 13 11 16 29 11 20 22 
13 11 37 17 32 24 44 14 15 21 35 38 12 15 16 46 30 18 27 5 37 22 9 21 8 26 13 27 16 7 19 32 15 26 11 24 15 16 30 19 11 23 11 11 10 14 27 18 12 13 
7 15 25 15 25 21 35 24 10 28 35 26 22 34 25 33 36 22 22 15 39 22 12 16 12 6 19 17 43 17 16 14 14 14 21 15 23 17 37 16 12 17 17 6 7 19 14 16 8 19 
6 14 14 8 35 26 32 19 19 25 28 31 10 27 15 27 18 21 20 6 37 18 13 33 14 32 20 19 28 9 23 19 12 18 22 18 23 7 33 8 9 17 19 12 11 15 28 17 16 19 
12 13 22 13 36 10 33 22 10 25 41 30 15 30 22 28 41 18 14 10 18 16 16 23 10 21 13 20 29 11 14 34 8 12 34 15 25 9 38 27 8 13 12 7 17 18 30 11 18 11 
6 15 30 19 18 16 27 24 14 27 21 29 12 20 12 30 30 32 21 10 29 14 9 17 7 14 11 25 35 10 18 38 12 17 28 12 25 16 31 27 9 16 17 16 10 17 24 15 15 14 
17 12 27 9 27 33 28 25 19 26 50 30 14 25 14 35 27 23 18 8 29 18 8 30 11 28 20 27 31 10 21 35 12 14 26 19 17 9 29 15 10 19 6 14 14 20 20 14 13 16 
9 12 31 2 19 23 26 27 13 23 36 33 16 18 20 27 48 32 16 13 39 15 14 21 9 22 18 29 19 16 23 30 10 15 34 19 21 9 29 22 13 13 16 9 13 19 16 16 14 14 
9 8 43 16 27 23 31 33 14 21 26 38 16 18 12 35 17 28 29 10 36 11 16 19 8 17 17 24 15 14 15 13 10 17 21 24 30 15 31 22 10 17 9 12 10 12 28 10 12 13 
10 11 31 9 13 20 37 28 16 17 36 31 18 18 22 30 35 7 28 12 37 23 18 27 14 35 16 24 23 11 18 20 9 18 17 17 22 16 33 16 13 17 16 11 15 11 33 17 15 16 
18 19 21 16 36 11 27 36 13 14 9 31 15 9 13 36 33 42 21 9 38 20 15 20 13 20 8 21 18 16 6 32 10 12 18 27 21 13 30 21 9 18 20 15 10 12 19 14 14 11 
9 13 27 11 30 27 19 24 14 16 27 28 13 26 13 32 29 27 30 9 23 18 11 17 13 28 4 29 36 17 19 32 8 6 20 30 23 15 36 23 8 23 17 9 6 21 11 22 19 15 
11 18 18 8 32 24 21 26 9 24 24 38 13 20 7 34 20 34 34 9 34 15 15 23 10 26 11 33 19 17 20 33 12 12 25 17 27 13 25 21 12 15 24 14 9 17 31 9 18 10 
11 15 31 10 27 13 17 12 6 25 18 37 13 20 9 15 50 20 25 6 22 12 17 19 12 22 11 19 1 8 19 28 10 13 31 17 19 12 27 15 15 12 19 13 10 12 36 20 12 15 
14 9 33 15 24 24 20 34 13 34 25 37 21 23 13 26 12 20 19 9 31 11 15 17 16 8 12 28 15 13 17 30 11 24 12 17 29 14 22 17 11 11 18 12 13 18 29 17 7 17 
10 14 33 11 28 22 13 32 16 17 44 35 14 24 7 45 16 25 42 8 20 17 10 31 12 24 6 29 18 9 22 20 10 22 33 9 17 11 26 28 11 19 16 12 15 16 20 16 14 19 
13 11 26 8 37 20 37 25 12 15 26 53 16 21 21 20 27 41 25 9 9 16 15 25 13 22 13 22 29 13 12 28 17 17 26 20 27 8 34 24 21 10 20 11 12 10 21 17 13 15 
13 10 28 15 19 23 14 27 13 14 28 30 24 19 12 37 30 20 11 11 30 12 15 19 14 31 13 30 25 13 15 35 9 14 24 17 19 7 24 11 7 10 18 11 15 16 39 19 17 11 
11 16 39 14 10 22 30 12 10 23 18 26 17 22 16 30 33 34 30 8 16 17 10 23 8 16 13 19 20 12 17 18 11 11 30 12 25 11 27 22 17 17 17 12 8 7 25 11 18 14 
12 12 36 9 24 15 25 27 13 19 39 45 16 28 15 33 33 11 31 3 32 19 12 25 6 21 11 27 10 16 11 27 8 22 23 19 12 12 30 21 8 17 11 13 11 17 22 17 16 11 
11 9 29 14 20 11 25 19 10 16 39 23 21 26 20 18 29 25 30 10 19 11 16 17 12 19 14 36 34 10 16 31 11 20 28 12 31 7 25 15 8 14 22 9 13 12 15 16 21 16 
17 11 24 11 22 15 30 18 23 8 32 30 18 21 20 20 27 25 31 12 14 14 11 17 10 22 12 22 19 17 26 32 10 20 20 19 21 14 14 14 8 16 18 12 13 18 19 17 11 19 
13 12 34 12 18 25 24 26 10 28 29 20 13 20 22 24 22 37 38 3 38 19 16 17 9 26 12 12 21 11 19 30 7 21 30 26 21 15 31 20 11 14 19 7 13 21 13 13 17 7 
14 13 47 9 23 25 20 22 10 22 29 25 14 25 23 30 35 32 11 15 36 20 8 24 10 15 21 31 25 9 16 27 12 22 23 20 18 11 21 12 14 21 15 13 12 5 23 22 12 5 
10 11 30 14 43 10 10 28 10 32 28 35 16 25 14 18 39 27 18 11 23 15 12 22 8 25 12 14 20 17 14 21 13 19 33 10 30 16 17 16 11 19 17 9 10 19 29 16 25 16 
10 13 25 11 17 28 19 17 17 30 28 28 12 20 22 31 30 25 35 10 30 17 15 17 17 13 23 22 29 10 19 22 3 16 30 15 24 13 26 19 10 20 20 6 7 19 26 14 17 5 
9 10 31 11 30 18 35 18 14 30 16 27 14 11 17 26 41 28 31 2 34 24 9 24 8 6 18 21 30 12 22 32 9 23 20 18 19 13 27 21 12 12 16 9 8 13 28 22 14 14 
14 15 23 12 28 14 32 32 9 29 29 42 13 14 17 22 31 23 24 4 20 18 12 21 13 20 16 16 23 10 13 19 12 16 32 22 20 16 37 21 8 13 14 7 13 13 27 9 16 16 
10 14 23 13 20 31 26 19 9 13 28 28 20 20 18 11 28 29 29 13 27 13 15 22 9 16 17 24 29 13 18 31 10 10 23 6 23 17 30 17 7 28 14 11 14 24 21 15 12 13 

MachineCapacities:
MachineID Capacity
0 10
1 10
