NumTasks NumMachines NumScenarios
25 2 30
TaskDetails:
TaskID ReleaseTime ResourceConsumption SuccessorsCount Successors...
0 0 4 5 2 4 7 
1 0 3 2 5 3 4 5 6 7 
2 0 9 7 0 
3 0 9 8 0 
4 0 5 9 0 
5 0 6 6 0 
6 0 5 9 0 
7 0 6 2 0 
8 0 5 3 5 13 16 18 22 24 
9 0 6 8 5 16 19 20 22 23 
10 0 6 7 3 16 20 22 
11 0 6 1 1 20 
12 0 7 5 4 21 22 23 24 
13 0 4 9 2 21 23 
14 0 1 9 1 20 
15 0 10 9 3 19 22 24 
16 0 5 7 0 
17 0 6 7 0 
18 0 4 4 0 
19 0 2 6 0 
20 0 4 2 2 21 24 
21 0 4 9 0 
22 0 2 2 0 
23 0 8 5 0 
24 0 4 9 0 

29 15 20 12 11 13 25 25 14 21 14 38 19 13 21 23 12 14 37 24 13 17 21 9 13 27 22 12 13 14 14 19 31 13 38 26 19 28 12 19 17 25 22 29 13 41 26 10 11 38 
16 15 28 13 14 20 17 22 15 17 11 31 15 18 25 43 12 15 13 19 19 14 18 15 14 23 24 32 26 10 12 25 25 16 37 24 24 24 11 21 17 22 19 24 16 35 30 19 18 32 
33 9 31 22 14 17 37 14 10 16 8 36 17 16 20 21 15 7 25 14 24 14 26 10 9 27 20 26 26 9 9 17 33 15 28 10 14 15 11 15 16 26 26 19 7 37 12 20 18 37 
32 22 25 14 13 13 34 19 17 17 12 23 11 21 25 34 13 12 32 25 28 13 17 15 14 30 15 17 15 13 13 26 26 13 33 22 20 24 12 18 24 18 21 15 5 31 27 13 17 40 
23 16 26 11 14 12 6 26 16 7 11 29 25 12 22 23 20 5 20 27 22 24 14 15 12 27 32 27 20 8 14 20 21 11 17 20 27 33 14 11 17 25 28 14 8 11 38 16 15 25 
30 24 20 13 12 11 16 31 14 16 16 27 22 12 26 31 14 12 37 31 23 15 18 7 15 33 22 45 15 11 17 24 21 15 24 18 22 26 13 9 14 17 19 30 15 28 46 9 14 24 
31 6 19 24 8 17 32 31 12 26 14 34 24 14 18 28 14 12 29 33 22 13 24 7 12 19 17 33 21 14 15 11 21 12 45 24 23 19 11 17 24 31 26 28 15 36 36 21 24 36 
22 12 27 21 10 13 23 22 12 15 19 39 15 17 18 37 13 8 27 26 27 10 13 13 10 31 17 36 36 8 13 18 32 15 26 17 12 18 13 14 25 26 35 34 15 49 33 24 24 31 
44 24 20 14 10 18 30 21 7 16 16 35 18 23 12 13 12 11 35 4 25 17 23 7 9 24 17 34 15 12 12 15 5 18 24 22 22 22 11 16 32 20 30 16 10 15 25 27 23 35 
16 16 22 18 6 13 19 27 16 24 3 31 15 12 17 29 17 13 35 27 28 15 23 6 13 20 20 25 24 14 11 13 29 13 26 22 15 25 9 13 16 9 25 17 11 31 22 21 15 35 
42 16 17 19 15 17 10 25 12 25 11 28 15 11 12 39 6 13 11 20 21 22 15 8 8 26 25 28 17 5 11 15 23 11 35 19 21 26 12 26 16 25 33 12 10 33 38 14 13 29 
24 17 19 15 9 12 13 31 16 31 14 26 14 22 15 24 12 5 25 15 22 13 8 11 12 26 17 27 4 12 12 23 25 8 27 19 16 26 10 27 28 14 28 27 15 37 21 19 17 27 
23 29 17 10 11 16 36 21 18 11 18 42 16 19 13 28 9 7 24 25 35 23 26 17 15 33 32 15 16 12 10 19 26 13 44 30 17 31 12 20 29 28 35 16 11 31 29 21 19 33 
30 15 20 17 7 11 28 19 13 18 13 39 13 18 16 26 11 12 32 15 28 15 14 13 14 37 32 24 14 14 7 22 22 15 21 27 28 28 17 20 24 19 29 35 13 37 35 14 15 44 
6 17 16 14 12 18 37 14 18 12 10 39 21 14 16 24 10 6 28 16 2 21 17 15 14 10 20 12 26 11 16 18 19 15 27 17 26 19 14 10 36 17 24 28 18 20 34 14 17 19 
23 23 15 16 13 7 28 19 11 14 10 27 18 14 16 31 12 5 28 22 26 17 18 14 15 12 26 38 18 10 13 14 25 15 36 17 30 26 17 15 23 26 22 37 11 29 29 12 21 20 
31 19 16 13 12 15 47 28 16 30 7 19 15 17 17 30 20 19 24 26 32 19 23 13 13 29 36 25 26 7 14 26 25 9 29 16 17 8 5 27 14 23 29 30 13 30 17 24 11 20 
21 9 16 17 15 14 18 30 13 18 20 16 19 18 15 21 8 13 27 18 16 24 17 10 9 16 25 21 27 8 7 25 25 15 21 24 11 21 4 22 29 21 16 18 11 34 36 17 21 31 
24 17 23 14 7 14 32 25 16 16 15 50 30 14 21 21 13 12 28 16 24 16 14 11 10 28 21 29 19 11 18 18 18 11 38 19 26 13 12 22 38 10 16 19 7 30 36 18 19 27 
28 24 22 12 14 12 14 22 21 21 14 43 8 16 16 29 13 13 24 21 24 14 13 16 18 23 29 28 18 9 7 24 29 12 33 11 15 16 6 26 32 20 22 22 7 25 28 6 14 28 
25 25 23 17 7 19 29 20 11 25 6 30 25 17 23 22 13 12 34 24 26 13 18 10 14 26 23 24 15 12 11 23 16 14 28 19 23 20 12 19 17 33 14 14 13 14 27 23 25 24 
18 28 25 11 12 21 30 35 8 22 12 21 20 10 24 36 19 13 22 24 20 14 22 9 14 21 39 15 32 14 10 29 21 11 29 11 13 19 14 28 29 25 17 20 12 22 40 25 20 25 
23 9 18 17 11 24 37 23 15 20 18 40 18 19 26 31 17 9 21 27 24 16 19 12 15 31 21 29 20 13 11 18 25 13 47 18 13 28 11 16 21 17 17 28 12 35 45 17 18 26 
32 15 24 19 11 19 30 18 9 18 10 22 10 15 19 24 13 16 34 15 21 18 18 13 12 33 23 16 16 15 14 27 26 9 29 20 16 18 6 7 24 15 18 12 13 27 39 14 22 29 
26 15 29 14 11 15 16 31 24 8 11 40 21 17 12 25 6 12 32 26 28 22 18 14 13 26 18 29 8 9 14 8 22 13 21 14 23 25 12 18 26 27 13 13 10 30 31 18 20 30 
34 11 17 16 11 7 14 29 15 20 19 34 16 18 18 21 16 4 30 18 21 14 14 16 8 22 33 22 26 13 8 22 28 16 45 20 24 24 17 8 26 23 25 17 6 32 20 14 19 36 
23 14 31 18 10 21 27 19 13 16 15 22 16 12 25 28 18 11 36 25 19 19 19 18 16 27 24 40 19 8 12 24 25 20 36 14 20 13 13 18 23 21 38 24 15 32 38 15 29 37 
27 19 27 17 13 14 34 18 12 16 7 32 11 14 27 32 13 11 31 22 22 16 18 5 17 26 40 28 15 8 13 27 18 12 20 23 27 18 10 20 28 12 27 35 7 28 41 17 14 22 
26 15 40 17 15 9 25 16 9 20 14 20 17 18 16 34 12 14 32 29 25 16 20 13 14 30 20 24 17 10 13 19 21 10 31 15 25 27 13 20 18 15 15 33 8 18 25 19 18 35 
15 13 27 10 11 14 44 21 10 8 12 18 23 22 21 31 9 18 24 23 25 14 20 13 11 33 23 16 22 10 15 22 15 14 36 22 27 31 7 11 27 20 24 23 10 34 49 24 10 19 

MachineCapacities:
MachineID Capacity
0 10
1 10
