NumTasks NumMachines NumScenarios
25 2 30
TaskDetails:
TaskID ReleaseTime ResourceConsumption SuccessorsCount Successors...
0 0 8 4 4 8 11 15 16 
1 0 4 2 5 9 11 12 13 15 
2 0 5 5 7 4 5 8 9 11 12 15 
3 0 4 6 5 4 5 10 12 14 
4 0 7 2 3 13 16 17 
5 0 9 8 1 19 
6 0 9 9 3 13 14 16 
7 0 5 6 3 15 16 19 
8 0 7 2 2 13 14 
9 0 7 7 1 19 
10 0 2 5 2 15 18 
11 0 4 5 0 
12 0 5 5 1 16 
13 0 9 6 1 19 
14 0 1 9 0 
15 0 7 9 0 
16 0 8 9 1 18 
17 0 2 2 0 
18 0 3 9 0 
19 0 3 9 0 
20 0 8 2 1 23 
21 0 9 8 1 24 
22 0 5 3 1 24 
23 0 2 3 0 
24 0 2 5 0 

21 9 14 17 22 30 7 20 12 31 14 42 22 16 15 12 20 15 14 6 26 9 22 13 13 15 11 25 41 12 16 15 24 33 14 17 32 10 19 13 18 12 23 27 40 27 8 30 10 10 
14 14 8 17 22 18 12 13 11 40 13 30 26 26 13 12 35 20 20 11 33 15 15 8 9 17 13 18 22 14 16 7 30 33 11 11 20 17 32 18 11 14 23 40 28 19 14 31 22 8 
19 14 15 10 20 27 11 22 12 28 22 21 24 23 12 10 26 19 13 12 18 7 22 18 15 18 17 18 31 27 14 8 28 27 16 13 19 15 21 20 23 17 16 27 29 15 18 17 31 13 
24 9 13 12 22 38 16 30 11 10 23 30 34 30 12 13 22 16 16 10 31 13 16 12 8 16 13 15 25 27 9 3 14 29 14 8 38 18 34 14 7 25 21 27 23 16 18 28 28 10 
15 11 9 5 28 36 13 38 9 30 15 23 21 29 11 7 21 17 13 10 27 10 19 18 10 10 18 25 24 26 10 9 27 40 10 11 22 19 26 18 10 14 18 30 34 28 18 29 32 13 
21 10 12 19 19 21 16 25 10 25 20 26 29 26 16 10 34 16 19 13 33 6 11 14 9 10 16 23 30 10 14 13 19 36 8 9 45 14 21 25 29 14 19 23 31 27 13 23 27 9 
10 13 9 15 24 29 6 26 13 16 16 36 30 25 13 11 34 11 26 10 30 9 11 7 11 2 25 19 26 32 12 11 25 26 11 13 28 18 24 19 21 14 18 18 24 18 20 32 31 9 
21 9 12 17 33 18 15 28 8 17 19 31 39 26 16 14 38 10 22 7 47 11 15 11 7 15 18 22 28 26 18 9 27 32 15 9 22 17 22 12 19 17 19 18 12 12 13 35 22 9 
23 14 12 14 25 33 13 26 13 18 13 28 23 22 15 16 28 10 24 15 31 10 13 17 9 14 19 22 31 20 12 16 42 23 12 7 32 20 28 12 24 11 7 45 30 13 13 27 25 12 
26 19 17 10 37 43 9 39 11 24 23 36 24 17 11 11 36 19 16 11 29 11 11 13 9 13 16 27 34 14 10 14 15 38 15 11 21 20 21 16 15 10 14 19 24 18 15 23 28 10 
20 10 10 14 10 34 17 33 8 26 18 40 26 30 13 5 18 11 10 14 16 15 11 17 9 10 13 20 24 27 5 10 22 21 13 14 27 16 16 16 18 14 24 27 21 20 25 30 21 13 
22 11 9 14 26 36 6 34 9 17 18 24 21 33 16 7 35 11 17 15 27 8 12 14 6 19 5 24 28 36 17 11 24 14 14 9 24 15 28 8 19 19 14 25 28 22 21 36 33 8 
18 12 9 16 21 32 9 31 7 19 17 21 29 20 14 3 21 8 16 11 31 5 23 19 13 10 13 22 31 26 18 10 21 25 12 13 27 13 16 24 17 16 18 29 30 21 16 28 10 11 
28 15 5 11 29 33 12 14 6 21 18 34 34 21 15 15 20 23 14 10 23 11 10 16 11 12 18 19 35 27 13 7 27 20 13 7 22 21 23 15 20 12 19 29 26 19 20 25 27 9 
22 13 12 14 19 29 11 28 11 23 22 29 21 11 12 12 14 18 21 8 26 10 12 19 7 13 15 27 32 26 16 8 30 20 10 16 28 14 17 15 17 10 28 34 29 19 20 37 23 11 
16 13 10 12 37 41 8 20 9 30 16 27 39 21 16 3 31 18 19 17 29 9 17 18 14 22 18 28 40 19 12 12 40 31 13 13 30 19 15 8 22 13 17 35 46 12 20 36 21 15 
34 12 10 10 18 31 8 34 7 30 14 26 33 11 16 10 40 14 26 15 35 7 5 22 9 12 17 12 41 15 17 14 28 26 10 15 29 13 16 14 10 19 23 29 22 20 19 29 23 13 
18 10 15 8 30 20 6 30 10 10 18 18 30 34 15 9 32 21 16 9 38 10 23 19 3 13 10 31 33 2 11 18 25 36 12 8 33 14 20 18 14 17 21 29 37 28 18 38 21 9 
19 13 11 7 22 23 20 30 6 25 12 36 26 18 12 2 13 14 21 19 27 8 22 19 12 19 20 28 25 36 11 9 29 56 14 14 24 25 30 20 19 18 17 24 36 20 16 31 24 13 
18 5 13 14 27 29 10 35 11 17 16 34 16 23 15 9 23 15 20 11 29 10 9 12 10 13 19 20 18 30 10 11 39 32 10 10 31 20 25 18 14 19 19 17 29 27 14 22 27 17 
31 16 12 13 34 25 8 30 16 15 22 20 28 22 13 14 20 23 16 15 25 11 14 13 9 13 10 24 31 25 10 9 26 24 11 14 12 16 21 17 23 13 20 21 40 21 19 26 28 14 
26 10 9 10 26 26 9 26 11 18 11 38 14 20 15 13 21 16 27 12 22 14 18 24 5 15 9 21 36 13 15 10 30 32 13 10 24 13 22 16 7 17 20 29 24 22 16 33 24 21 
36 17 14 11 33 40 14 33 13 20 14 34 15 18 17 11 26 14 18 15 20 10 16 17 8 19 14 28 46 14 15 11 15 36 11 10 23 13 15 18 14 17 14 38 35 10 24 29 26 15 
15 15 10 12 21 14 11 12 16 28 17 35 19 21 17 7 23 17 18 10 32 14 14 17 7 11 18 24 27 25 14 11 24 22 9 14 20 17 28 12 17 18 14 25 31 20 24 18 25 15 
22 7 11 18 28 19 14 24 10 24 12 19 28 12 18 14 22 17 22 10 30 14 16 10 13 11 13 16 23 19 16 14 34 39 13 13 26 13 15 10 20 20 17 31 33 11 15 22 27 10 
27 13 13 12 30 38 10 42 12 30 16 22 21 24 16 14 19 16 16 8 16 10 18 12 15 9 14 22 28 24 17 11 23 25 11 11 25 11 33 18 12 17 17 27 37 28 16 16 25 18 
28 15 15 13 18 16 16 28 6 36 21 13 31 28 13 12 27 19 19 5 14 9 25 18 6 20 8 15 35 34 14 10 26 28 10 12 16 15 23 14 20 21 18 36 36 23 25 31 28 14 
18 9 10 3 25 11 9 29 9 34 11 32 35 12 11 8 16 7 16 11 30 10 18 18 12 18 19 17 46 41 11 10 24 17 8 16 31 13 20 14 11 19 25 35 35 19 17 35 27 16 
23 11 11 15 28 34 7 19 11 12 14 31 26 33 14 13 30 14 17 15 25 11 15 15 12 19 15 17 40 31 13 11 22 22 10 12 27 23 12 17 19 11 17 38 33 19 11 23 15 14 
27 13 17 16 30 25 11 35 9 20 17 27 21 20 11 9 27 21 18 17 24 8 24 14 14 16 9 17 41 14 11 13 16 25 13 10 22 23 12 11 13 13 18 32 11 9 17 35 19 11 

MachineCapacities:
MachineID Capacity
0 10
1 10
