NumTasks NumMachines NumScenarios
25 2 30
TaskDetails:
TaskID ReleaseTime ResourceConsumption SuccessorsCount Successors...
0 0 5 3 6 10 12 13 15 17 19 
1 0 8 3 4 7 10 11 13 
2 0 10 9 5 4 7 8 11 14 
3 0 8 6 3 7 8 10 
4 0 7 5 1 12 
5 0 7 9 4 7 10 11 16 
6 0 3 10 4 10 11 12 14 
7 0 2 2 1 17 
8 0 1 8 4 12 15 16 19 
9 0 9 3 0 
10 0 2 7 0 
11 0 3 3 2 17 19 
12 0 2 10 1 18 
13 0 2 8 1 16 
14 0 9 4 0 
15 0 8 5 0 
16 0 10 1 0 
17 0 9 10 0 
18 0 7 8 0 
19 0 6 3 0 
20 0 7 5 2 21 23 
21 0 8 7 0 
22 0 10 9 0 
23 0 6 2 0 
24 0 9 9 0 

21 23 6 14 15 21 29 25 30 8 10 21 34 30 13 32 20 27 26 21 22 17 32 21 41 27 13 15 16 23 12 22 15 22 26 22 16 11 24 21 25 21 13 10 10 14 16 23 23 19 
26 25 18 19 14 26 29 25 22 8 8 24 24 47 26 37 20 25 29 18 27 13 25 17 39 31 12 10 11 28 9 28 32 24 13 26 17 18 24 37 23 34 12 13 15 11 15 20 27 34 
21 34 16 23 16 18 18 38 29 10 10 19 34 32 14 44 20 37 37 25 17 17 27 23 23 28 9 12 15 19 6 13 15 14 30 28 12 25 32 15 11 22 15 10 11 12 13 19 12 30 
22 13 14 17 13 16 35 34 34 11 7 19 31 30 25 28 12 34 29 29 23 15 30 29 26 20 13 12 9 10 8 16 15 17 24 24 13 17 26 16 25 24 15 17 14 14 11 25 10 21 
13 32 16 16 18 24 49 21 42 10 10 17 23 31 24 29 16 29 16 22 10 16 27 31 27 28 14 9 12 21 5 28 21 18 27 31 12 4 14 14 22 26 21 14 8 13 8 15 22 21 
16 13 21 29 21 19 36 25 25 11 15 21 21 40 27 20 20 22 15 19 14 24 19 26 46 28 8 15 9 27 7 13 18 21 19 18 8 20 28 26 23 15 23 18 12 14 8 27 22 25 
24 24 16 31 16 21 37 34 29 7 10 34 40 22 24 28 32 37 32 9 18 13 11 30 29 32 13 12 9 23 8 25 25 10 33 25 11 10 26 23 24 33 17 15 11 12 16 18 18 14 
19 9 14 10 21 18 29 16 23 16 10 24 28 42 27 18 22 22 32 15 15 15 27 14 32 22 11 8 16 15 9 29 22 16 19 28 14 17 32 28 40 24 23 10 15 14 17 23 23 34 
21 25 19 9 20 14 34 24 17 5 13 9 29 25 33 44 24 39 30 14 17 16 14 29 31 29 14 10 16 21 9 25 25 17 28 28 18 13 15 21 16 24 17 12 9 19 5 15 24 32 
15 20 21 25 18 20 34 23 25 7 11 18 25 35 29 34 12 18 23 17 23 10 30 24 41 11 11 13 16 16 6 4 12 18 19 23 9 7 23 34 16 29 20 17 8 12 17 24 31 35 
15 20 18 13 14 11 24 21 29 12 8 18 16 18 17 30 25 28 20 9 23 17 27 10 23 26 16 12 7 32 9 13 30 15 24 22 11 26 21 12 11 15 15 17 11 14 18 16 39 30 
20 16 16 31 22 12 24 27 22 13 4 15 15 26 18 18 19 11 27 17 13 20 26 17 38 24 15 22 14 31 10 13 21 19 30 26 12 19 18 30 32 26 11 12 5 9 13 13 37 31 
23 19 18 26 16 21 29 29 27 12 16 17 19 30 10 27 16 8 16 22 15 24 28 30 25 35 10 13 11 28 10 28 15 23 16 25 17 13 20 16 20 23 22 12 8 11 16 20 21 10 
13 13 15 24 16 20 26 21 28 13 11 12 39 24 25 45 18 23 33 7 16 18 23 15 40 28 17 20 18 34 8 24 15 5 44 43 10 16 21 21 23 28 14 8 12 10 19 18 33 16 
15 31 17 28 1 18 46 31 25 15 6 11 24 32 33 32 10 25 28 10 10 19 27 40 22 33 12 9 15 28 8 34 18 15 17 40 12 20 25 16 24 27 24 11 11 11 14 25 29 32 
17 15 18 15 20 27 26 20 46 12 8 27 12 14 23 33 31 16 32 20 16 22 26 11 20 24 14 11 12 30 8 16 22 20 21 47 9 15 19 24 26 29 19 15 16 17 16 22 31 39 
15 14 21 23 19 17 30 32 33 9 10 14 26 29 23 37 23 29 27 16 6 15 22 30 39 31 15 12 7 25 12 28 13 14 28 32 15 14 26 18 21 23 10 14 12 12 16 20 28 29 
11 22 22 14 21 15 36 28 20 12 11 21 26 20 16 31 25 30 19 20 19 17 24 33 26 16 11 12 10 18 10 25 21 24 35 22 14 9 22 20 18 28 13 8 9 10 18 26 29 39 
13 17 14 26 19 27 34 30 32 12 13 15 17 40 12 37 10 24 28 14 11 18 24 30 28 40 13 13 10 25 11 20 25 17 39 20 10 20 24 26 17 35 22 17 9 14 17 16 25 41 
26 11 17 28 25 27 26 35 25 11 7 19 26 42 13 26 22 15 21 17 7 10 10 11 27 23 14 13 13 15 14 23 28 15 30 24 19 15 21 17 32 37 20 12 14 13 16 21 23 29 
25 23 13 25 8 24 35 32 23 16 12 12 25 13 26 26 26 24 13 11 18 14 20 11 19 36 12 15 14 27 16 24 17 5 7 31 3 21 27 13 24 30 22 13 12 7 9 21 28 23 
18 22 19 14 9 16 33 23 27 10 5 12 23 42 22 26 30 23 29 24 17 13 29 24 34 32 14 13 17 31 9 31 15 19 22 16 12 19 12 13 25 27 8 13 8 13 16 23 12 11 
22 26 20 23 17 16 33 37 13 17 7 8 26 39 21 33 21 20 20 20 16 13 20 23 20 31 15 10 14 27 11 16 16 22 13 42 14 11 29 24 30 23 16 14 16 13 12 22 23 21 
26 18 13 18 16 18 37 23 28 13 12 20 31 44 31 39 9 33 11 16 9 22 26 16 19 37 10 9 3 18 12 19 17 15 23 41 14 22 18 11 15 41 10 17 10 11 22 16 28 30 
24 15 12 28 16 27 24 25 27 15 8 21 32 41 25 33 16 23 32 21 19 15 22 24 20 27 12 9 10 21 7 14 23 20 34 26 19 23 26 20 26 15 18 15 9 14 10 24 18 23 
8 38 12 28 15 18 25 28 13 14 13 19 26 46 20 30 19 29 25 22 16 20 21 37 27 14 18 14 11 26 10 27 30 22 18 6 13 21 18 21 26 33 22 10 8 14 15 12 35 22 
12 22 19 17 19 24 25 36 20 10 11 16 18 38 16 33 26 24 18 20 21 9 21 30 34 32 16 10 15 19 11 17 23 23 37 29 10 27 24 24 13 28 26 12 12 18 20 13 22 31 
14 14 12 16 12 24 29 33 33 11 12 13 22 37 19 22 30 18 27 23 5 17 17 16 29 43 11 16 12 19 10 17 22 19 36 27 13 7 21 23 9 31 14 12 6 10 21 32 19 36 
18 16 11 21 20 24 28 34 14 18 12 16 35 22 15 39 11 40 24 10 23 18 23 17 40 25 14 11 8 19 13 34 24 18 30 30 15 11 26 8 42 15 12 15 14 8 11 21 36 30 
23 27 12 13 15 26 31 33 23 15 11 7 31 36 6 24 20 25 39 25 22 19 13 25 29 32 15 18 13 36 7 15 26 18 20 23 14 19 24 20 26 26 26 13 13 15 20 17 16 34 

MachineCapacities:
MachineID Capacity
0 10
1 10
