NumTasks NumMachines NumScenarios
15 4 10
TaskDetails:
TaskID ReleaseTime ResourceConsumption SuccessorsCount Successors...
0 0 7 2 5 6 1 2 
1 0 1 4 9 8 1 3 
2 0 3 6 5 3 1 3 
3 0 4 4 7 5 1 4 
4 0 6 7 4 6 0 
5 0 3 9 1 6 1 6 
6 0 2 6 4 4 2 7 8 
7 0 9 1 10 4 1 9 
8 0 3 10 9 3 1 10 
9 0 10 6 3 8 2 10 11 
10 0 2 1 6 5 1 12 
11 0 6 2 8 5 2 13 14 
12 0 8 7 9 5 2 13 14 
13 0 8 6 4 4 0 
14 0 2 8 2 6 0 

37 14 21 16 19 10 8 35 18 16 12 7 36 12 14 13 20 21 19 8 8 35 28 28 30 10 16 27 19 24 12 12 31 12 19 9 13 10 14 26 17 11 22 36 28 30 25 19 34 13 22 12 18 24 22 25 13 29 16 31 
34 21 16 32 32 8 14 28 19 5 20 12 32 19 16 17 8 25 28 12 11 26 39 26 35 21 9 37 18 26 22 15 25 23 12 12 27 29 21 8 17 12 16 15 14 42 20 22 15 22 25 26 35 32 19 12 13 19 12 22 
25 12 18 30 31 9 13 32 17 11 13 14 36 25 19 10 16 30 33 14 12 28 26 24 30 17 12 18 19 20 28 12 26 16 16 13 29 49 24 23 14 15 27 22 35 16 19 15 20 21 33 19 9 30 27 29 9 30 15 35 
36 16 11 27 23 6 6 33 15 9 9 9 16 24 5 10 23 14 30 13 8 25 28 27 22 11 8 24 17 35 21 18 24 17 25 11 25 20 14 26 27 13 26 27 21 45 22 11 25 16 21 20 14 23 15 14 12 22 12 20 
22 21 17 28 12 11 14 30 20 13 10 11 25 15 16 10 13 23 23 16 11 35 10 26 24 26 15 37 19 22 20 11 17 10 25 9 29 38 12 22 15 14 30 13 36 37 27 20 30 17 25 35 36 23 28 10 13 23 18 19 
27 14 21 34 38 9 12 37 13 15 16 10 33 15 16 6 17 34 29 12 10 30 30 21 33 8 8 22 19 20 24 11 32 9 17 8 25 21 10 18 15 14 24 42 27 39 20 17 33 23 35 18 26 22 17 10 9 14 12 27 
24 24 13 44 17 6 6 27 17 8 19 9 43 27 13 13 11 28 19 14 13 21 27 18 20 17 3 26 12 11 26 6 31 19 24 14 26 28 12 18 10 16 32 23 26 49 20 19 19 27 29 29 33 27 14 20 16 17 17 21 
27 26 18 28 26 12 12 22 14 8 16 15 11 24 17 10 21 18 20 12 5 24 24 32 21 14 16 36 19 18 10 13 27 24 17 7 26 41 18 24 20 8 22 40 18 30 22 21 35 23 22 19 36 26 13 4 12 20 15 29 
13 19 12 34 18 12 12 31 24 14 12 4 18 13 19 11 5 18 23 9 11 32 34 17 30 16 8 26 10 21 19 14 16 17 18 13 38 22 16 23 16 11 23 26 19 26 31 17 19 24 29 17 22 24 15 19 11 13 19 21 
28 18 21 19 17 8 16 41 17 16 16 14 17 9 16 12 16 25 20 19 12 13 5 12 29 12 11 54 19 38 24 13 36 19 18 12 36 24 12 18 17 15 30 29 22 14 34 15 34 12 21 31 37 27 15 21 6 24 15 24 

MachineCapacities:
MachineID Capacity
0 10
1 10
2 10
3 10
