NumTasks NumMachines NumScenarios
15 4 10
TaskDetails:
TaskID ReleaseTime ResourceConsumption SuccessorsCount Successors...
0 0 6 10 7 3 1 3 
1 0 7 8 4 5 1 3 
2 0 6 6 6 7 1 4 
3 0 3 7 2 5 1 4 
4 0 4 6 3 7 1 5 
5 0 6 7 1 4 0 
6 0 4 8 10 3 2 8 9 
7 0 3 4 5 1 2 8 9 
8 0 7 7 4 9 3 10 11 12 
9 0 4 6 2 8 2 11 12 
10 0 2 4 4 10 1 14 
11 0 6 5 5 2 2 13 14 
12 0 2 8 3 5 2 13 14 
13 0 8 8 8 5 0 
14 0 6 4 4 6 0 

13 10 20 8 16 7 17 20 13 18 39 28 21 9 14 20 14 22 21 53 39 16 22 20 32 31 12 30 13 14 11 13 7 31 14 27 17 12 22 38 16 30 9 30 35 16 26 17 27 15 14 9 13 11 18 36 14 23 21 17 
9 19 17 15 23 7 19 19 24 18 27 26 19 18 8 14 15 13 37 26 20 16 19 35 28 29 22 25 11 22 8 12 13 38 14 16 19 12 29 26 23 12 15 25 17 20 15 8 15 22 17 24 6 11 13 38 14 15 6 17 
11 10 20 12 13 9 14 22 27 33 30 47 20 22 13 26 13 24 23 30 24 14 35 14 32 28 21 32 10 12 11 15 10 21 17 27 22 14 20 45 20 36 19 29 29 11 21 13 11 19 20 22 11 12 10 23 20 29 15 12 
12 14 13 8 16 15 28 17 17 24 35 21 20 22 17 11 19 17 21 47 33 19 31 28 25 26 17 22 10 15 11 4 13 23 13 24 25 16 21 41 19 40 18 25 15 16 26 18 14 4 9 15 12 15 14 27 12 23 22 12 
9 17 16 14 20 12 20 14 17 18 28 28 15 16 17 18 12 16 26 33 28 16 15 21 34 7 25 25 8 10 10 10 6 19 14 29 28 20 39 40 17 40 14 35 37 19 22 15 22 11 19 17 8 17 15 39 15 17 20 14 
10 11 18 16 16 10 25 4 27 30 29 24 20 21 12 18 16 28 37 31 19 20 23 31 15 44 19 28 10 14 10 10 9 29 18 16 24 9 31 15 17 25 13 28 26 18 13 14 12 7 17 25 15 11 17 30 25 21 22 13 
12 17 25 15 15 11 8 13 29 26 35 26 27 22 16 16 16 22 33 23 11 7 32 30 31 15 17 28 13 12 9 7 11 18 14 14 24 23 44 31 21 13 13 25 20 17 19 5 20 22 11 15 9 13 18 40 5 15 30 6 
15 9 10 14 8 11 15 24 15 30 22 19 23 22 13 15 9 20 31 43 22 10 31 23 30 21 13 18 12 9 12 9 14 29 13 27 36 14 20 36 17 32 18 12 20 16 18 11 19 28 18 23 5 11 11 49 14 19 23 17 
13 10 17 11 22 12 19 18 27 31 39 22 16 14 16 20 12 21 26 33 30 19 24 24 39 30 27 30 11 17 11 8 13 24 13 30 38 12 8 33 25 32 9 31 18 13 21 13 12 16 12 21 14 11 13 32 12 16 28 13 
9 9 8 12 14 10 27 26 30 36 37 22 28 26 11 7 17 19 24 24 22 15 24 23 29 24 20 23 5 22 9 13 13 25 16 29 21 5 24 26 34 30 13 24 26 8 22 11 17 16 15 21 8 8 14 25 8 7 29 14 

MachineCapacities:
MachineID Capacity
0 10
1 10
2 10
3 10
