NumTasks NumMachines NumScenarios
15 2 50
TaskDetails:
TaskID ReleaseTime ResourceConsumption SuccessorsCount Successors...
0 0 5 3 2 1 2 
1 0 9 8 2 3 4 
2 0 7 7 1 3 
3 0 5 3 0 
4 0 6 8 0 
5 0 4 10 3 6 7 8 
6 0 7 2 1 9 
7 0 7 6 1 9 
8 0 5 7 2 11 12 
9 0 4 3 1 10 
10 0 9 3 2 11 12 
11 0 2 1 1 13 
12 0 7 2 1 13 
13 0 6 9 1 14 
14 0 5 3 0 

28 29 20 12 15 9 23 25 9 26 13 19 20 17 19 39 17 12 31 18 26 16 23 26 37 26 42 26 9 13 
11 18 18 19 21 15 22 20 11 19 18 31 22 13 16 21 14 20 30 15 30 12 12 39 31 30 28 21 19 10 
25 37 19 20 18 13 26 17 15 34 20 22 18 26 9 41 14 13 5 17 29 15 14 19 33 16 35 26 31 11 
23 27 17 15 24 13 15 10 8 23 19 26 18 10 18 28 14 17 29 10 19 19 12 35 31 24 28 44 20 12 
25 20 21 24 16 12 28 21 8 30 22 25 15 15 20 37 12 18 23 15 30 10 12 7 29 33 42 16 29 11 
40 32 18 9 17 5 24 17 8 40 13 26 14 27 14 25 13 19 22 15 24 10 13 22 28 17 30 36 39 7 
35 18 22 25 21 18 31 17 10 25 16 34 9 23 14 28 12 13 28 18 24 17 24 19 39 33 24 28 12 10 
35 30 13 15 8 19 28 16 15 34 16 19 11 22 20 24 13 13 30 19 35 15 15 30 20 24 25 22 21 12 
15 41 27 6 18 16 35 20 12 23 19 26 15 22 16 37 13 18 18 15 34 11 10 23 24 22 24 17 33 6 
26 34 33 10 29 11 26 25 12 31 19 21 25 24 10 25 13 17 25 18 35 11 12 20 42 32 41 29 15 8 
26 28 23 19 15 10 26 16 8 21 14 32 23 14 22 36 7 13 20 14 28 13 15 20 22 45 20 19 29 7 
12 26 19 18 23 10 23 29 13 23 12 40 17 13 18 23 13 11 15 13 34 12 5 31 34 28 26 43 17 8 
39 20 32 14 21 12 20 27 15 26 15 29 25 32 21 38 10 9 31 16 35 12 21 21 27 26 44 35 25 17 
22 21 16 12 18 13 26 24 14 27 19 24 18 13 21 29 14 17 26 7 33 6 18 30 36 23 25 34 28 11 
16 21 27 17 14 9 33 21 8 40 16 20 17 9 26 33 8 13 23 15 28 11 12 23 31 21 35 23 28 10 
36 22 22 15 10 11 14 12 14 32 13 23 17 20 15 24 13 13 14 18 15 15 9 32 19 26 21 25 22 7 
25 20 22 11 18 13 22 19 14 30 23 9 11 31 22 25 15 13 15 14 32 16 17 30 25 28 14 35 23 16 
22 42 20 13 18 11 23 21 10 21 17 41 13 35 16 17 13 20 23 16 37 14 2 35 27 31 34 35 17 11 
19 29 20 14 23 6 23 18 11 36 15 29 19 11 8 38 13 17 38 22 21 14 12 18 37 28 22 25 26 15 
29 34 25 15 19 14 31 17 9 41 13 21 19 19 20 30 9 16 32 9 18 16 10 27 21 23 29 32 17 7 
33 33 16 8 18 7 20 18 17 19 12 29 19 18 25 35 12 14 18 19 25 17 20 21 20 25 38 16 16 15 
28 26 26 18 13 6 20 12 12 18 13 24 10 15 17 43 15 5 38 19 19 10 18 23 38 31 26 23 21 11 
31 30 7 24 23 9 24 27 6 26 10 22 16 25 9 33 21 19 25 15 27 10 15 22 6 25 25 26 26 16 
19 33 26 17 14 10 30 26 14 45 14 35 19 10 28 27 14 18 21 22 27 14 13 23 37 41 17 16 35 7 
21 13 14 7 17 10 27 20 17 22 15 26 20 33 16 37 17 20 28 20 23 10 12 24 38 30 35 23 20 12 
19 34 29 12 26 9 21 12 7 37 15 29 21 24 23 30 17 16 11 21 35 11 18 23 23 8 30 28 27 13 
31 22 16 13 23 11 20 18 15 34 21 28 14 29 20 37 8 18 33 11 25 18 18 22 22 42 16 32 6 10 
37 33 16 15 17 8 25 27 10 25 16 26 11 25 22 29 10 17 17 11 16 16 13 22 29 14 17 28 22 6 
37 20 32 18 17 10 35 5 12 19 13 29 21 15 18 28 12 4 14 12 25 11 21 22 43 26 29 28 14 8 
33 28 15 21 13 1 23 16 13 20 24 17 24 15 16 33 6 16 25 16 17 12 17 27 19 21 30 30 16 10 
31 31 25 16 13 7 18 23 12 8 9 24 18 10 7 29 19 13 22 18 34 13 17 20 6 21 41 37 25 9 
19 23 19 13 10 14 24 14 11 38 17 39 14 8 17 38 16 21 24 14 30 17 14 26 24 24 23 33 15 5 
39 27 18 16 28 10 27 21 9 28 20 28 12 22 8 30 12 12 32 17 37 10 20 14 34 33 43 30 9 9 
29 25 30 17 12 10 41 16 11 26 10 16 23 22 17 30 11 16 31 16 30 14 17 25 19 25 35 38 12 10 
23 32 21 17 17 15 29 27 16 14 13 23 17 23 17 22 18 13 15 16 28 13 15 26 32 18 28 41 13 8 
44 32 17 16 21 9 22 18 6 35 8 33 24 21 25 22 19 14 27 17 15 13 20 21 50 23 29 39 24 6 
28 32 19 21 22 11 19 12 12 14 26 35 20 16 27 31 15 19 32 7 29 10 18 23 32 31 19 29 19 5 
26 31 17 21 17 11 26 29 9 25 16 40 15 22 17 36 10 16 34 19 14 14 23 26 25 15 26 42 21 5 
25 41 18 17 22 11 25 16 11 43 8 19 19 19 18 36 17 15 25 17 26 13 18 17 29 22 31 23 24 11 
24 30 27 11 11 14 11 19 12 26 14 30 11 22 10 37 15 20 32 16 22 11 15 23 27 26 36 31 20 10 
32 32 16 11 26 11 17 17 9 39 11 17 17 16 25 29 12 10 11 17 28 15 24 12 29 26 30 24 28 12 
30 40 15 10 14 13 21 16 11 29 21 25 18 22 15 26 16 7 16 10 19 15 16 23 27 22 24 35 19 12 
30 18 7 5 24 7 25 24 13 35 18 26 23 13 21 30 14 12 27 17 15 8 19 26 22 20 45 18 19 12 
42 40 30 8 21 11 12 9 13 22 12 28 11 23 19 41 11 9 30 14 18 12 17 22 31 24 25 37 21 10 
32 28 24 18 18 7 17 29 14 31 18 28 19 19 22 26 17 11 40 17 33 13 13 25 13 36 31 37 24 12 
37 9 17 21 12 13 27 24 9 17 13 24 11 24 14 18 11 3 22 10 17 18 16 26 22 20 34 34 26 11 
17 28 17 17 11 10 15 16 17 31 12 16 9 20 12 32 11 14 30 22 29 15 19 29 24 17 31 28 16 9 
30 38 20 19 23 6 26 27 11 25 20 12 22 25 22 31 11 21 35 14 40 13 17 12 32 24 17 41 21 12 
34 30 25 21 15 11 23 22 12 18 12 19 13 23 25 29 12 22 20 17 20 14 17 25 28 13 34 36 3 14 
12 22 25 8 19 8 16 16 12 19 10 45 13 17 18 41 13 20 22 20 41 9 14 21 27 18 24 33 25 13 

MachineCapacities:
MachineID Capacity
0 10
1 10
