NumTasks NumMachines NumScenarios
15 2 50
TaskDetails:
TaskID ReleaseTime ResourceConsumption SuccessorsCount Successors...
0 0 1 3 1 2 
1 0 4 7 1 2 
2 0 2 10 3 3 4 5 
3 0 5 2 1 6 
4 0 10 4 2 6 7 
5 0 7 4 2 6 7 
6 0 7 3 2 8 9 
7 0 6 6 1 8 
8 0 5 2 0 
9 0 9 10 0 
10 0 2 5 1 11 
11 0 3 7 1 13 
12 0 7 7 1 13 
13 0 7 7 1 14 
14 0 6 1 0 

21 22 33 33 18 13 15 17 36 25 18 28 32 13 24 18 23 28 23 17 29 13 14 18 20 22 21 11 32 15 
25 37 33 13 21 26 20 15 40 37 15 18 26 32 15 18 36 31 32 12 16 21 16 19 18 24 28 8 29 18 
21 31 41 38 21 24 15 18 15 30 19 20 30 21 15 28 34 15 21 16 27 14 16 15 18 24 39 14 38 14 
15 18 24 20 27 17 11 16 23 27 14 29 19 36 36 15 29 29 28 17 19 29 13 22 23 29 30 17 22 12 
18 30 13 24 14 22 14 15 36 47 16 24 15 38 16 27 33 30 37 15 28 25 17 17 16 28 31 17 38 13 
15 18 31 30 23 13 8 12 17 11 12 35 10 22 15 25 37 41 38 13 22 23 14 14 27 30 22 16 40 11 
12 25 25 34 30 21 14 22 29 16 13 31 27 41 21 19 40 24 24 12 6 10 7 17 17 21 34 15 18 13 
21 32 23 22 20 26 15 13 21 24 22 23 21 26 31 25 22 27 31 13 30 29 15 9 15 21 28 20 31 11 
13 42 28 30 35 20 22 19 22 37 20 33 16 47 17 18 30 23 23 19 19 23 8 23 30 25 23 8 31 10 
24 36 29 17 34 23 9 14 21 24 18 19 20 31 14 25 36 32 18 13 15 25 17 17 22 35 26 9 21 19 
15 37 18 27 12 32 16 9 17 36 16 36 20 37 23 20 33 31 26 18 19 21 17 16 17 22 24 19 43 22 
26 31 31 25 26 30 19 16 31 24 10 25 26 30 18 20 31 29 31 16 13 18 19 9 31 23 35 11 36 12 
18 31 19 33 19 19 17 18 28 34 15 41 6 16 22 28 13 36 25 11 18 20 13 14 24 26 29 9 27 12 
19 26 17 29 22 31 18 26 21 36 14 30 26 26 4 28 31 30 21 18 13 23 14 15 26 17 29 13 22 13 
21 37 37 29 21 15 16 12 22 21 12 26 19 24 24 19 31 26 26 15 4 24 16 15 20 33 42 17 31 17 
22 14 33 13 27 20 19 14 22 24 20 39 26 30 14 16 38 30 29 11 26 16 12 14 22 20 31 16 23 12 
20 36 37 27 13 24 13 7 23 12 20 33 27 19 20 20 45 29 20 17 17 31 13 19 25 27 23 14 28 23 
23 25 28 32 9 5 15 13 27 21 16 34 18 24 16 15 16 27 24 10 18 25 16 12 22 20 19 12 17 12 
22 24 25 33 17 17 20 11 29 37 11 17 20 24 20 37 19 35 18 15 25 34 13 17 16 24 34 12 29 15 
29 20 34 47 20 5 19 18 45 11 4 13 22 23 30 24 26 40 29 14 24 23 10 9 29 16 20 16 35 9 
13 25 21 33 16 26 17 23 16 27 9 43 21 22 14 17 37 33 27 10 23 11 12 22 32 25 34 15 33 6 
24 30 31 30 24 22 9 18 22 24 8 16 30 28 22 22 33 28 47 15 13 21 9 12 23 20 23 9 36 7 
19 17 22 39 19 23 13 17 24 26 15 30 6 41 29 22 22 29 12 16 12 23 11 21 13 12 22 5 20 14 
20 37 28 27 19 15 11 12 28 18 14 26 22 37 16 27 14 43 15 13 21 20 12 14 19 23 29 15 46 19 
22 31 34 20 21 13 13 12 23 20 15 22 16 30 25 17 37 15 29 7 32 33 15 18 25 17 20 13 33 21 
24 32 27 22 28 11 9 19 33 37 13 19 34 27 8 17 26 34 14 11 16 35 11 6 14 18 30 19 17 16 
6 12 27 33 20 16 22 22 42 37 16 26 21 23 27 10 27 18 24 16 22 29 13 18 23 24 32 10 38 6 
19 34 27 32 19 18 8 15 40 27 16 22 24 29 16 24 38 39 21 14 22 28 16 17 27 25 25 11 46 10 
18 19 40 19 18 25 14 14 25 30 19 19 21 39 16 17 44 49 26 16 25 40 15 16 24 10 12 13 31 19 
12 24 27 41 19 21 15 13 29 39 11 29 16 23 18 23 39 27 43 21 28 24 15 18 22 22 17 9 38 18 
27 18 26 26 36 26 19 16 21 27 18 25 23 9 13 21 28 11 32 8 22 21 11 19 29 21 26 20 31 18 
17 27 49 26 25 32 9 12 4 23 16 23 21 35 31 26 22 40 27 17 17 22 8 13 19 19 33 17 24 18 
16 19 20 30 17 15 12 13 20 39 8 22 26 32 21 26 20 47 34 14 27 18 13 9 25 18 17 11 25 11 
15 24 19 23 26 19 17 14 31 41 15 30 32 43 18 16 45 20 20 6 23 25 17 16 20 37 16 15 28 16 
16 31 25 22 31 22 13 11 44 30 23 25 19 29 22 24 24 30 22 16 22 25 13 13 24 33 31 10 26 16 
20 31 32 17 24 16 15 15 30 18 18 22 17 16 31 29 14 26 18 13 27 23 10 16 29 21 20 16 22 13 
13 22 33 18 20 22 13 14 24 16 14 22 22 25 23 25 30 19 28 13 30 27 14 19 22 26 25 21 28 15 
25 28 26 24 22 19 13 18 16 18 17 37 22 30 18 25 34 29 33 17 21 29 19 17 23 24 24 20 36 14 
19 30 22 42 27 20 11 9 27 18 15 27 20 2 27 27 23 25 23 16 18 20 11 12 25 28 26 8 22 8 
16 26 28 24 20 12 12 9 17 29 15 35 14 22 24 7 11 29 15 13 19 36 14 11 25 16 34 20 16 9 
12 35 24 18 21 16 11 15 21 29 16 44 19 16 20 16 23 21 33 21 26 34 13 28 28 23 23 13 25 10 
23 29 12 29 24 17 22 18 28 46 15 28 22 37 12 18 35 36 28 16 20 20 9 20 17 32 26 20 29 14 
20 30 26 26 20 26 15 15 12 35 9 34 26 15 14 19 29 31 28 15 22 22 14 12 25 31 22 11 29 11 
19 24 23 14 33 18 13 16 23 47 17 29 28 32 12 20 26 29 39 9 30 20 18 18 25 23 39 13 26 19 
13 31 18 29 25 12 15 8 33 36 11 22 23 24 27 18 31 38 40 19 18 32 16 14 27 18 23 13 29 16 
9 26 22 25 29 24 24 18 34 33 14 31 20 15 30 12 28 33 28 12 24 25 12 20 18 28 30 14 22 13 
16 30 42 24 27 29 15 14 23 21 18 28 22 31 27 18 31 39 44 14 26 29 14 19 19 26 26 15 35 15 
24 17 26 22 27 24 13 18 29 36 19 29 22 31 16 10 11 24 19 12 16 28 13 17 23 16 32 8 27 17 
16 38 33 9 21 15 16 14 22 28 17 39 25 21 14 21 38 38 21 20 18 13 17 14 20 19 23 18 9 17 
15 19 18 24 23 15 20 24 16 15 22 27 16 31 25 16 33 26 38 17 11 26 16 13 25 29 24 10 26 17 

MachineCapacities:
MachineID Capacity
0 10
1 10
