NumTasks NumMachines NumScenarios
15 2 50
TaskDetails:
TaskID ReleaseTime ResourceConsumption SuccessorsCount Successors...
0 0 9 8 1 1 
1 0 6 4 2 2 4 
2 0 5 1 1 3 
3 0 3 4 2 5 6 
4 0 10 3 3 6 7 8 
5 0 5 4 2 7 8 
6 0 8 4 1 9 
7 0 6 8 1 9 
8 0 3 5 0 
9 0 7 5 0 
10 0 3 6 1 11 
11 0 2 8 2 12 13 
12 0 8 1 0 
13 0 6 1 1 14 
14 0 10 1 0 

13 12 10 22 31 29 27 8 18 14 26 22 15 24 34 15 37 15 26 28 33 27 28 28 28 28 27 31 39 14 
16 15 15 20 28 15 31 13 11 7 9 16 10 26 24 38 33 22 13 24 19 35 28 21 59 23 11 31 35 7 
9 9 10 26 17 18 25 13 16 11 22 36 20 36 20 6 29 28 12 25 11 37 25 11 22 26 15 15 48 11 
7 14 12 20 14 13 28 12 20 16 16 25 15 13 26 26 36 19 18 19 22 24 32 23 25 25 19 26 33 11 
10 8 13 17 22 16 19 14 18 13 14 28 21 37 15 29 25 21 24 30 23 24 30 37 27 34 25 15 46 9 
8 12 12 16 30 26 29 15 15 12 13 32 17 22 26 29 37 17 25 27 28 17 22 34 31 27 30 24 25 12 
8 11 5 14 26 21 26 7 21 15 23 41 8 27 30 34 24 20 22 40 28 28 27 23 25 30 25 31 36 15 
10 7 14 25 17 16 16 15 17 14 24 35 16 5 32 32 25 22 20 27 22 40 22 33 16 27 26 14 24 18 
12 12 15 16 19 22 27 14 11 12 18 24 12 23 19 20 31 11 19 35 15 30 25 21 41 21 17 24 28 10 
9 8 9 20 21 17 30 16 15 11 28 28 16 28 25 16 44 26 14 29 23 44 20 23 17 29 15 24 54 11 
9 9 11 18 20 15 43 11 17 18 14 33 10 25 25 32 31 21 20 16 13 5 24 27 35 32 32 20 10 17 
11 17 5 19 16 23 22 14 13 15 21 24 14 38 29 20 26 13 24 41 14 28 17 36 24 43 9 13 31 12 
8 15 8 9 15 27 22 10 14 15 18 22 17 18 7 7 20 18 37 41 28 17 24 25 33 14 22 1 18 16 
9 9 14 20 41 14 22 14 15 20 9 38 19 24 25 22 20 22 32 34 18 36 23 29 31 23 22 18 41 14 
13 6 13 15 27 12 29 10 17 12 15 42 8 21 26 36 26 19 37 18 20 21 22 22 15 32 14 18 23 12 
8 12 10 16 24 17 31 15 10 10 13 39 11 19 36 20 28 21 32 35 15 36 14 21 26 30 11 28 49 11 
11 10 9 13 33 18 34 15 21 10 17 35 20 35 12 32 34 27 21 40 23 35 21 28 44 27 17 10 31 9 
8 12 9 21 22 25 22 11 18 14 16 28 13 37 31 15 34 27 28 29 20 33 31 27 31 32 21 20 49 8 
5 14 13 13 29 22 19 13 19 11 20 31 18 23 19 21 44 16 36 29 32 29 17 30 34 28 8 21 24 16 
9 11 11 17 24 14 33 17 16 16 25 46 12 23 20 28 25 14 28 32 6 26 16 14 43 16 18 22 25 10 
8 10 12 26 39 24 21 11 16 14 26 33 13 30 19 33 41 19 30 31 28 36 4 32 34 11 21 21 25 12 
14 12 10 22 20 16 20 15 15 15 23 24 21 21 9 29 17 15 16 21 29 48 22 28 26 30 18 23 32 12 
8 10 14 13 34 15 38 11 15 13 30 29 11 28 20 35 31 14 24 36 31 47 29 25 19 24 20 31 22 13 
10 13 8 16 20 29 30 9 16 16 27 33 20 21 31 28 32 21 23 19 26 46 39 30 36 27 23 23 46 12 
15 13 15 13 22 26 15 12 18 14 23 35 19 25 24 25 26 25 31 21 24 26 27 46 28 35 20 21 28 14 
12 12 11 13 23 23 25 7 12 14 29 29 21 25 31 29 32 16 21 11 26 25 25 19 29 23 17 19 27 10 
10 9 5 13 30 20 26 8 15 13 24 16 12 23 20 15 45 25 26 29 20 31 23 45 28 17 17 26 39 14 
16 9 5 18 28 20 26 17 20 16 22 22 20 16 11 35 23 21 18 18 27 29 30 32 35 12 23 27 34 11 
15 10 4 17 26 22 18 12 21 15 16 29 15 22 11 29 42 15 40 40 14 53 22 28 29 26 27 22 26 6 
9 10 10 22 5 18 24 13 15 17 23 28 11 26 27 20 43 12 34 32 23 41 25 20 25 30 6 24 39 12 
8 12 11 17 20 20 21 13 13 12 27 28 16 33 16 12 46 21 32 34 15 16 29 20 42 31 18 14 40 10 
13 16 8 15 28 22 23 15 15 11 22 41 16 20 26 25 28 17 25 22 19 22 34 18 23 36 23 30 41 16 
9 9 12 14 22 20 31 14 21 11 18 36 12 16 26 17 17 28 28 25 28 44 15 24 30 41 22 24 30 12 
12 11 13 18 17 21 29 12 18 11 20 30 18 23 12 23 20 25 21 21 14 33 26 31 24 27 29 23 33 16 
9 12 9 22 27 21 26 11 16 16 16 31 19 16 21 38 31 13 31 32 29 38 30 20 33 23 21 25 51 18 
11 9 13 21 19 18 32 11 16 17 12 19 13 22 24 24 49 40 10 36 16 16 19 35 24 34 16 14 28 14 
10 16 11 23 20 18 21 16 20 13 19 37 13 18 16 21 45 23 21 15 19 38 22 26 38 28 14 23 33 4 
11 9 10 30 33 26 35 18 13 10 25 35 16 31 23 25 37 26 23 15 37 17 32 26 24 23 11 20 24 5 
11 14 10 9 23 22 20 14 17 15 11 24 15 38 33 24 24 24 20 33 24 35 25 45 42 27 15 16 19 8 
12 12 12 18 32 23 24 9 18 11 13 26 21 29 29 34 20 22 21 20 22 17 30 40 31 5 25 21 34 6 
10 13 7 13 32 28 35 15 16 12 16 24 27 28 10 28 26 20 28 29 28 27 18 35 45 33 13 21 32 10 
9 11 10 16 28 20 23 10 8 13 16 27 15 11 27 29 30 21 24 39 21 26 27 30 6 35 16 28 27 10 
10 5 15 17 31 15 30 15 14 15 19 18 15 28 27 28 29 24 26 32 32 30 20 25 48 27 24 19 20 11 
13 13 14 5 24 2 28 15 23 10 30 35 18 24 27 35 32 15 28 18 27 31 27 33 37 32 22 16 24 14 
10 13 14 12 15 20 24 7 9 9 12 23 15 30 24 14 25 20 11 29 21 33 18 39 30 36 19 18 47 10 
10 15 7 19 20 20 26 12 15 14 23 26 13 13 19 13 20 16 30 37 22 35 29 23 27 38 17 11 27 11 
9 13 13 13 26 18 43 14 21 17 23 26 16 30 21 25 20 17 26 24 14 20 16 11 34 27 24 26 10 12 
11 13 9 14 25 24 16 16 14 16 26 43 17 18 25 36 23 18 29 12 29 38 23 17 34 27 23 22 17 14 
18 10 13 18 29 22 22 15 14 16 21 29 16 16 23 24 28 16 30 34 22 26 13 34 10 33 26 12 25 7 
3 12 15 9 28 18 19 14 22 10 16 35 25 16 16 23 44 25 23 34 16 27 15 23 39 30 21 14 33 19 

MachineCapacities:
MachineID Capacity
0 10
1 10
