NumTasks NumMachines NumScenarios
15 2 50
TaskDetails:
TaskID ReleaseTime ResourceConsumption SuccessorsCount Successors...
0 0 6 3 2 4 5 
1 0 6 6 2 4 5 
2 0 8 4 2 3 4 
3 0 2 5 2 5 6 
4 0 5 5 1 6 
5 0 5 6 1 8 
6 0 7 1 2 7 8 
7 0 2 10 0 
8 0 4 5 0 
9 0 9 4 3 10 11 12 
10 0 2 2 2 13 14 
11 0 8 4 2 13 14 
12 0 9 9 2 13 14 
13 0 2 7 0 
14 0 5 1 0 

12 20 12 8 15 23 23 35 20 18 32 15 19 27 25 21 25 10 17 26 19 27 26 17 11 17 27 31 25 12 
16 28 7 3 9 17 13 35 19 12 17 14 12 21 21 27 25 14 10 30 23 18 14 26 25 14 30 23 41 30 
16 24 9 5 17 14 16 24 14 14 22 10 14 29 13 28 17 16 19 25 26 22 14 19 27 10 26 24 24 27 
13 20 5 12 11 24 10 17 14 16 27 17 19 33 17 28 15 21 20 18 23 17 9 19 33 19 14 29 39 18 
12 17 10 11 17 18 15 13 20 18 21 14 15 25 22 24 25 29 25 29 37 18 10 23 28 14 20 38 30 18 
10 26 9 11 11 13 27 25 18 17 29 20 15 24 14 38 31 17 19 25 25 29 13 21 33 15 14 36 20 23 
11 14 6 13 11 20 17 32 25 15 17 18 10 26 14 33 23 19 21 21 21 20 23 16 16 15 26 27 29 25 
13 9 14 14 10 19 16 24 19 10 21 12 17 32 24 27 33 16 24 18 37 24 17 26 23 12 28 29 34 20 
12 27 10 9 8 18 17 23 11 17 29 17 15 14 18 39 18 15 27 19 35 21 20 18 18 11 34 21 20 25 
11 29 11 10 10 8 19 26 23 11 34 13 9 31 22 22 21 18 21 22 23 30 15 22 35 14 25 40 22 24 
12 23 6 10 8 20 31 34 16 16 32 7 20 21 28 31 23 19 25 29 38 18 14 25 23 14 29 39 29 27 
11 23 11 9 6 13 27 50 14 28 28 12 19 40 17 27 27 6 17 13 19 19 18 36 35 5 19 8 18 28 
13 18 7 12 13 14 39 27 19 15 27 15 16 15 23 31 18 13 28 31 24 18 16 19 36 15 18 41 38 14 
13 25 10 12 11 17 23 33 11 17 33 11 18 26 24 31 14 14 33 35 30 21 19 35 32 13 27 34 22 23 
7 16 13 10 14 10 29 34 28 10 42 12 17 26 29 25 26 6 13 22 32 22 16 21 32 16 16 44 27 26 
5 26 8 12 9 16 29 14 21 11 29 14 16 44 9 23 25 16 17 28 26 12 15 27 27 23 19 26 17 36 
11 20 6 14 13 12 17 25 16 17 21 9 8 20 17 27 25 15 14 20 15 17 12 20 21 15 20 15 43 17 
11 17 8 12 11 14 20 24 24 20 19 14 13 28 13 26 24 15 20 27 16 10 18 16 24 5 25 39 26 26 
13 23 12 11 15 15 25 25 23 21 26 12 18 16 22 19 23 13 32 30 28 27 18 26 29 17 20 35 44 25 
12 26 15 16 11 15 12 32 11 16 14 13 13 26 17 40 23 17 27 29 33 16 16 16 30 18 28 19 24 29 
15 26 8 14 13 14 18 23 11 4 30 7 14 27 14 35 24 25 20 31 30 21 16 13 32 15 25 26 30 14 
15 22 10 12 15 14 17 24 15 21 22 13 11 23 13 31 14 14 20 16 21 30 25 9 34 11 37 26 35 25 
12 18 15 15 10 14 19 32 24 22 22 11 15 26 15 19 17 9 30 19 28 23 9 25 22 20 20 40 26 30 
13 20 11 9 4 22 26 29 25 14 33 14 14 20 17 26 21 19 30 25 27 20 14 18 30 20 28 9 36 38 
12 25 6 11 16 12 23 34 12 15 37 10 21 39 23 31 19 13 21 36 27 20 19 18 29 16 34 13 33 34 
17 26 9 14 19 22 15 26 14 15 30 15 18 27 19 23 13 20 21 34 25 15 15 14 22 19 21 39 23 35 
14 24 9 8 13 19 14 37 29 13 29 9 9 33 18 21 23 18 12 25 32 24 21 11 25 11 33 45 15 12 
14 23 15 11 10 27 15 24 28 12 24 9 12 29 27 21 15 21 16 33 18 18 19 24 49 11 27 27 23 21 
12 16 12 18 8 13 14 26 19 14 29 13 22 22 10 31 15 12 34 22 31 19 14 20 15 20 34 38 33 20 
8 19 12 11 9 11 18 33 22 16 18 20 20 28 12 34 24 15 29 19 24 7 16 17 28 13 25 31 14 27 
14 22 8 6 17 18 32 20 13 10 32 15 15 25 14 8 18 14 23 19 29 17 24 16 29 13 37 18 36 36 
11 21 8 14 5 19 26 20 18 13 26 13 14 25 11 21 23 17 23 34 29 13 21 18 33 11 13 37 30 36 
6 12 9 10 16 12 20 20 17 21 46 7 16 27 20 27 22 15 23 28 31 21 13 18 31 10 24 29 18 28 
6 24 9 11 13 13 23 42 12 14 25 12 18 18 26 38 19 22 17 22 42 27 17 10 23 10 18 25 35 27 
11 24 9 14 10 14 22 22 12 16 27 12 21 29 17 31 23 13 18 28 38 21 14 14 26 20 24 14 28 16 
11 32 14 11 13 15 23 31 18 19 25 10 12 17 22 16 25 24 31 33 31 22 22 19 29 6 23 32 34 23 
13 17 4 8 4 17 20 22 26 16 18 14 10 30 13 16 27 13 29 20 10 17 13 15 19 17 31 25 21 31 
12 22 8 11 11 12 21 22 10 10 29 6 16 18 20 41 23 11 20 12 35 15 16 19 27 9 33 40 36 34 
11 29 4 7 13 15 28 36 13 14 22 11 17 40 11 30 18 19 18 28 29 14 12 7 20 15 26 23 23 29 
11 19 12 14 9 21 30 18 18 21 17 10 14 35 15 36 36 19 19 18 17 22 17 13 21 16 12 22 30 33 
19 23 10 13 12 16 27 22 4 16 20 19 13 15 20 40 13 20 15 25 15 16 15 23 37 9 20 28 34 27 
19 10 7 14 10 8 14 32 23 17 25 12 13 24 33 24 27 20 23 21 23 25 10 7 30 12 20 43 25 29 
11 20 10 12 12 25 16 48 14 12 32 8 13 25 17 21 26 19 17 27 28 16 19 19 27 17 13 28 24 29 
10 26 8 16 14 19 22 23 25 17 23 14 20 25 25 28 21 17 24 31 21 9 15 9 21 14 22 38 38 32 
12 12 9 8 8 17 27 24 15 22 18 12 11 18 16 23 20 16 17 32 35 13 20 29 24 14 28 28 16 13 
13 26 15 6 15 10 16 29 20 19 24 9 13 20 21 40 20 16 21 35 23 25 25 20 15 7 25 33 33 36 
13 17 13 12 11 16 6 27 25 15 36 8 12 15 19 21 18 19 20 26 32 12 25 21 14 14 15 21 41 35 
13 17 9 11 7 11 20 29 24 17 30 14 16 22 25 22 24 12 21 31 24 12 7 11 23 15 15 32 31 23 
11 23 11 11 11 14 16 39 18 16 18 12 12 31 23 13 24 23 20 24 14 23 17 32 28 13 16 20 34 38 
14 20 9 11 9 18 39 27 23 15 14 16 16 21 24 48 19 19 24 24 41 17 11 25 26 15 28 37 40 22 

MachineCapacities:
MachineID Capacity
0 10
1 10
