NumTasks NumMachines NumScenarios
10 4 50
TaskDetails:
TaskID ReleaseTime ResourceConsumption SuccessorsCount Successors...
0 0 6 8 2 6 2 2 3 
1 0 3 5 5 7 1 3 
2 0 2 5 5 5 1 4 
3 0 1 9 9 2 1 4 
4 0 10 3 3 10 0 
5 0 3 7 4 2 2 7 8 
6 0 3 6 5 2 1 8 
7 0 2 3 5 2 1 9 
8 0 6 4 8 9 1 9 
9 0 10 2 3 4 0 

30 23 25 28 20 15 22 16 17 11 11 31 17 12 17 10 11 20 13 24 36 10 19 11 17 23 22 21 6 14 14 16 21 23 14 21 28 16 16 34 
26 18 25 26 23 19 26 18 22 19 14 26 18 17 18 15 35 25 20 18 26 16 15 11 15 26 14 19 16 10 21 17 21 40 16 34 23 16 12 35 
16 19 26 20 30 17 21 18 37 15 4 29 20 13 20 32 18 25 18 25 15 11 22 13 19 21 13 15 15 12 19 17 27 22 13 35 25 26 15 26 
37 16 33 13 15 12 10 23 22 17 10 27 11 10 25 38 33 21 14 19 18 15 19 21 13 23 22 6 14 5 9 12 13 20 12 16 17 28 9 21 
25 24 47 30 29 20 21 16 29 16 11 17 18 16 10 23 18 12 20 17 35 10 16 18 13 15 18 18 12 8 19 14 28 20 17 25 44 12 6 17 
30 28 21 23 20 12 23 28 26 10 14 22 22 11 27 17 38 19 11 25 26 15 18 6 16 21 24 16 13 11 10 18 13 23 12 30 28 15 11 35 
38 27 25 19 25 22 30 12 19 15 16 44 18 11 20 35 27 16 18 20 25 7 13 14 13 8 28 19 9 11 19 15 28 20 15 15 21 20 11 40 
37 15 16 17 26 19 23 18 13 18 5 28 15 12 13 24 9 13 20 18 35 13 17 16 11 24 14 12 7 9 16 13 14 22 16 19 21 22 13 35 
25 21 28 22 17 18 32 7 9 9 18 35 18 11 20 22 25 17 13 23 21 16 13 9 8 22 20 12 9 10 16 20 33 27 10 22 28 24 11 29 
13 21 15 29 28 14 27 19 30 16 7 30 11 8 21 22 13 27 14 20 28 13 15 16 14 15 19 16 9 13 18 6 33 28 13 11 32 19 11 30 
21 21 29 20 24 11 21 20 20 18 9 28 2 14 28 32 25 25 16 25 34 10 14 11 17 14 15 18 8 12 14 9 28 31 16 23 21 19 9 42 
30 20 51 14 26 18 25 25 16 8 15 49 9 13 20 34 17 23 20 20 18 11 10 11 19 16 13 16 13 10 20 8 20 26 7 20 24 16 12 25 
33 27 21 25 16 11 10 30 19 11 7 31 15 14 23 35 27 18 16 28 29 14 17 20 16 19 28 10 8 13 19 11 22 27 14 33 27 16 12 37 
28 22 25 22 35 16 23 14 17 7 9 26 14 10 19 32 24 22 11 18 17 11 12 25 17 19 20 18 15 11 15 19 27 33 9 27 29 17 7 44 
9 22 39 20 16 13 36 16 18 11 12 40 10 13 23 45 22 17 17 23 19 15 16 15 13 33 18 25 1 6 10 18 27 32 13 24 25 11 7 32 
28 25 18 20 27 23 20 16 18 10 5 32 14 15 20 38 24 18 15 32 19 14 18 12 18 29 12 24 10 10 19 15 12 27 10 25 24 25 13 28 
18 22 50 22 26 17 20 22 13 15 20 35 13 5 29 35 27 14 18 20 24 11 18 17 15 17 10 19 13 11 20 11 20 29 11 30 30 31 6 20 
38 34 36 23 23 16 34 12 14 10 15 35 16 11 20 29 29 28 20 17 37 18 14 10 11 25 10 22 10 10 15 15 17 34 15 29 19 24 7 29 
28 25 25 30 17 18 17 14 13 16 14 32 16 13 30 28 32 22 26 15 21 18 8 19 10 25 15 10 12 8 14 10 10 34 11 29 22 27 11 19 
32 27 25 10 23 6 20 14 21 11 11 33 14 12 19 36 19 29 12 25 26 7 14 23 15 24 13 17 11 8 14 11 15 28 15 18 11 24 8 17 
27 20 38 26 24 19 14 19 21 18 12 40 11 13 27 36 24 16 27 24 25 11 12 12 15 16 18 26 8 11 23 17 22 28 14 18 29 17 13 18 
38 27 21 22 16 13 7 15 19 13 10 27 19 13 22 17 33 15 18 23 32 19 15 21 12 16 9 15 7 11 11 12 34 24 22 14 32 16 14 31 
37 15 9 10 14 14 17 15 24 14 14 41 14 11 24 24 20 21 24 16 30 14 11 15 19 19 20 15 12 10 11 21 8 26 16 34 25 21 12 36 
36 26 25 18 19 8 27 14 11 18 13 28 14 11 21 33 10 12 15 24 17 16 17 12 19 15 13 21 14 14 9 16 28 41 15 26 24 25 6 30 
27 20 31 46 25 25 17 22 10 18 18 22 17 11 26 18 23 17 19 28 24 10 11 9 12 28 14 9 11 13 7 14 16 34 11 23 23 24 9 37 
33 32 47 13 22 14 30 28 28 17 14 28 21 11 24 31 20 24 18 19 25 13 21 15 16 17 11 25 11 7 15 13 24 35 19 27 15 14 6 19 
23 16 33 24 18 14 21 16 22 19 13 33 13 14 26 38 10 10 17 15 27 14 14 21 18 21 14 17 4 12 15 9 23 31 18 14 24 18 12 30 
31 31 23 17 18 13 18 18 22 18 11 24 17 14 19 38 23 16 13 24 22 12 18 16 19 20 12 12 10 12 15 15 25 17 16 26 30 22 12 52 
34 22 36 15 25 10 22 21 12 19 8 27 18 11 22 33 20 29 13 24 25 9 15 17 22 20 19 15 11 6 19 12 23 21 13 6 28 12 18 46 
8 23 31 24 23 10 24 17 17 17 11 19 18 11 31 33 20 22 12 25 25 9 19 14 10 18 12 21 11 8 12 18 18 29 17 24 28 20 7 34 
22 30 39 16 15 13 21 17 12 13 12 31 14 12 22 29 26 18 5 2 33 12 15 9 13 12 5 19 11 12 16 7 32 19 10 28 22 24 9 39 
27 22 27 29 21 11 24 18 21 13 9 32 22 7 29 25 19 14 7 30 18 12 25 12 14 20 16 23 12 13 19 11 23 22 17 25 16 24 5 33 
28 34 41 23 25 11 23 13 16 21 12 11 14 10 16 21 10 12 14 19 19 13 19 13 9 21 21 19 13 10 17 14 15 23 18 15 37 28 11 36 
22 28 11 33 33 19 17 22 22 16 13 33 13 9 20 12 31 23 22 19 20 15 16 15 16 17 21 17 8 11 11 5 27 22 12 20 25 17 13 14 
25 24 27 21 18 12 20 13 20 12 16 16 6 9 14 25 26 29 6 21 4 16 21 22 16 21 20 21 15 14 22 23 23 17 17 27 13 15 13 33 
30 17 26 18 24 13 22 30 17 11 16 43 3 12 30 25 18 26 7 16 32 6 15 11 12 16 14 14 8 10 9 10 22 34 13 27 35 23 12 41 
24 20 14 25 23 13 23 29 22 15 16 22 19 9 22 12 41 20 14 33 22 16 18 20 14 12 9 13 11 10 14 7 22 31 16 20 12 16 10 41 
31 34 23 44 17 16 24 19 14 13 11 35 21 15 28 31 18 16 20 15 22 15 18 11 17 24 13 17 10 11 23 5 24 25 12 24 21 15 15 41 
24 22 45 21 25 10 17 19 16 16 13 25 12 11 28 40 22 16 8 25 29 10 12 16 10 18 20 15 15 8 21 19 26 31 13 19 27 17 11 47 
22 15 20 26 23 23 35 25 22 17 12 16 11 5 19 23 22 23 7 27 26 17 17 13 9 22 18 16 9 13 20 15 24 38 19 29 27 23 9 31 
23 34 17 19 21 8 23 20 16 7 8 30 12 9 32 26 13 26 15 23 25 16 15 20 14 22 13 10 12 5 21 14 27 34 15 20 19 16 9 35 
26 20 27 26 18 11 18 16 20 17 10 25 14 9 21 24 28 19 15 22 32 12 11 12 18 10 19 17 7 11 6 19 26 22 7 37 25 24 13 48 
22 21 25 21 28 18 18 17 26 15 10 37 4 14 25 37 41 20 12 22 18 12 15 17 18 22 15 18 12 6 17 16 25 18 12 25 24 27 13 32 
21 21 30 30 21 12 30 18 13 16 11 36 20 3 17 18 27 30 15 27 22 16 17 14 16 27 9 16 17 11 10 13 27 38 15 25 20 30 18 37 
28 18 37 24 25 9 31 15 8 18 13 42 12 7 9 22 29 20 13 28 21 13 17 24 10 27 21 20 11 8 14 17 22 31 16 28 21 28 9 50 
25 28 20 13 21 17 27 19 10 13 12 9 16 15 22 33 23 26 13 24 26 7 18 18 13 27 14 19 6 12 10 6 24 38 19 21 6 24 13 41 
28 23 15 24 22 26 19 13 21 18 9 19 13 4 20 26 32 26 17 29 31 15 23 12 16 24 17 15 9 10 19 15 27 18 16 30 40 28 11 29 
35 22 26 25 23 14 27 16 11 17 14 36 11 9 31 31 19 13 19 18 20 15 11 14 11 20 12 13 15 16 21 14 35 25 22 30 30 26 8 25 
21 29 24 20 19 13 24 20 26 22 15 31 21 13 15 16 28 18 9 29 35 24 21 10 14 19 17 19 7 16 12 17 28 33 10 25 47 24 4 38 
23 30 39 25 15 13 20 20 13 10 9 41 16 7 20 34 20 18 16 21 29 17 10 17 18 23 17 25 12 18 22 14 19 16 13 32 25 22 10 31 

MachineCapacities:
MachineID Capacity
0 10
1 10
2 10
3 10
