NumTasks NumMachines NumScenarios
25 3 10
TaskDetails:
TaskID ReleaseTime ResourceConsumption SuccessorsCount Successors...
0 0 3 8 7 1 2 
1 0 2 9 7 3 4 5 7 
2 0 2 10 7 3 4 5 7 
3 0 7 3 1 2 6 7 
4 0 5 2 7 1 6 
5 0 8 7 3 1 6 
6 0 10 2 2 3 8 9 10 
7 0 2 3 6 2 9 10 
8 0 7 7 4 2 11 12 
9 0 4 7 9 3 12 13 14 
10 0 6 4 1 1 11 
11 0 5 7 6 2 13 14 
12 0 9 3 9 0 
13 0 2 4 4 0 
14 0 7 2 6 0 
15 0 6 10 8 1 19 
16 0 6 9 1 2 17 18 
17 0 2 5 9 1 19 
18 0 6 8 9 1 19 
19 0 9 5 9 1 20 
20 0 5 9 3 1 21 
21 0 10 4 9 1 22 
22 0 6 7 4 2 23 24 
23 0 1 2 3 0 
24 0 7 9 1 0 

31 11 28 17 20 16 20 9 18 18 6 26 17 29 37 30 13 12 24 10 14 31 33 17 28 15 29 18 17 14 7 17 18 10 13 13 15 17 19 15 22 28 13 9 20 22 23 29 18 19 15 23 26 28 17 18 13 19 17 24 12 20 24 34 17 13 14 27 11 11 21 15 7 26 16 
15 10 23 20 26 10 13 13 11 12 30 23 23 34 24 22 16 25 31 16 23 21 27 28 23 18 26 26 24 8 14 21 21 17 24 11 14 16 16 21 25 30 30 17 13 17 24 21 20 10 17 23 16 17 8 12 13 20 10 31 15 9 18 33 27 16 31 21 8 9 13 17 15 27 20 
14 8 14 22 23 13 21 17 10 16 33 37 21 23 18 34 19 15 30 13 11 22 16 13 25 12 30 15 42 16 10 22 17 26 23 12 12 22 19 15 26 24 17 13 27 31 20 12 19 8 8 32 15 18 10 18 13 23 8 26 15 14 9 30 36 9 18 19 11 12 19 20 18 32 13 
29 4 16 26 13 14 18 20 14 21 28 36 31 18 21 33 14 18 41 16 11 28 17 15 18 11 20 10 42 16 12 23 16 28 24 8 13 15 8 17 21 32 17 17 16 23 30 27 32 16 11 18 20 21 14 18 11 17 10 25 12 13 15 19 38 13 14 11 2 10 19 16 11 36 12 
17 6 31 21 19 12 18 17 17 10 34 33 26 28 31 31 8 16 31 13 18 21 24 17 25 11 45 12 40 17 14 13 22 29 20 11 6 23 10 16 38 12 18 17 9 18 14 18 24 22 7 20 10 16 23 19 18 22 9 14 18 13 17 24 8 10 23 18 9 15 19 14 20 33 16 
12 13 26 22 22 12 24 30 16 18 21 26 19 29 29 29 12 28 30 17 17 24 17 17 24 11 10 23 25 19 11 17 18 16 18 11 19 14 15 14 31 12 18 12 8 16 32 27 25 13 6 19 14 14 17 22 16 17 11 28 20 24 24 15 32 10 26 14 13 8 31 18 21 18 16 
19 14 19 18 14 8 28 16 15 12 27 23 11 28 26 28 12 36 27 11 21 15 27 15 20 13 16 21 11 20 16 14 17 29 19 10 10 14 17 12 18 19 23 10 22 22 25 23 35 7 17 29 12 23 17 15 9 21 11 25 25 6 14 28 36 12 13 18 14 12 18 28 12 44 15 
21 6 26 21 17 14 29 16 12 11 34 26 20 33 38 39 19 39 11 16 25 25 34 16 31 8 47 17 23 9 9 22 11 21 12 12 10 17 21 16 14 24 23 10 19 27 8 20 39 16 22 34 9 24 18 26 9 18 8 29 22 20 20 30 27 11 21 21 13 9 21 16 17 30 16 
19 13 22 20 22 15 40 21 17 10 14 35 23 19 14 31 17 29 39 15 17 22 28 14 25 12 34 23 29 25 11 16 17 20 13 13 11 17 19 13 28 26 16 13 15 26 26 14 15 15 18 18 15 24 11 11 12 19 7 27 9 13 20 17 20 10 18 20 8 9 20 16 21 32 20 
24 6 22 15 30 14 26 20 13 8 16 23 36 17 34 37 16 23 35 15 25 26 29 15 31 11 57 19 19 15 12 14 18 18 19 11 13 13 23 12 23 39 28 14 15 31 25 19 23 17 16 22 16 20 19 17 14 30 5 32 20 18 20 23 13 10 18 15 16 14 25 17 17 38 9 

MachineCapacities:
MachineID Capacity
0 10
1 10
2 10
