NumTasks NumMachines NumScenarios
25 3 10
TaskDetails:
TaskID ReleaseTime ResourceConsumption SuccessorsCount Successors...
0 0 8 5 7 3 2 3 4 
1 0 1 4 7 2 4 5 
2 0 2 8 4 4 5 6 7 9 
3 0 3 2 5 4 5 6 7 9 
4 0 9 9 6 3 6 8 9 
5 0 10 5 9 2 8 10 
6 0 8 6 2 3 10 11 12 
7 0 3 9 10 3 10 11 12 
8 0 9 5 6 2 11 13 
9 0 10 8 7 2 10 11 
10 0 4 5 4 1 13 
11 0 2 9 6 0 
12 0 4 9 6 0 
13 0 5 9 9 0 
14 0 2 6 6 2 15 16 
15 0 7 6 9 2 18 21 
16 0 8 5 1 1 17 
17 0 5 4 2 1 18 
18 0 4 3 2 3 19 20 22 
19 0 5 10 8 1 23 
20 0 8 6 9 1 23 
21 0 6 4 2 1 23 
22 0 5 9 7 1 24 
23 0 6 6 5 1 24 
24 0 4 6 9 0 

30 11 8 18 14 16 20 10 25 28 10 10 12 12 34 14 16 10 15 6 9 18 32 43 19 26 10 7 32 26 20 10 34 16 14 8 34 22 40 28 22 13 14 29 24 6 17 14 13 7 23 18 13 18 20 12 32 19 38 13 19 30 20 31 17 21 30 35 8 19 17 19 16 21 12 
16 17 15 26 14 19 29 12 29 26 15 13 16 23 17 20 15 11 26 31 25 28 20 26 31 28 25 13 37 15 26 21 20 10 17 20 5 23 31 13 22 10 10 20 15 16 16 12 10 22 23 24 13 23 33 28 38 25 29 23 8 29 10 21 11 34 33 25 10 24 18 22 19 28 19 
16 13 13 17 14 19 21 7 18 26 11 22 37 11 17 17 14 12 13 27 24 25 36 31 31 15 21 9 23 18 21 24 25 14 16 27 9 8 25 23 26 10 15 28 17 15 9 14 16 21 16 13 16 23 28 33 17 34 18 25 16 6 4 24 22 32 27 18 11 26 17 26 14 11 8 
23 13 24 20 4 18 15 14 28 16 15 14 14 22 23 19 15 13 20 43 18 22 29 12 27 17 27 11 36 11 15 24 24 15 9 26 22 14 28 18 21 7 13 12 19 14 24 12 20 22 29 17 15 24 20 42 39 29 24 21 24 42 12 20 21 24 20 14 8 32 23 19 17 22 16 
21 17 16 15 15 28 22 13 23 10 11 26 34 11 23 11 22 15 23 34 24 36 29 35 19 22 20 8 19 10 12 35 29 7 9 18 24 25 17 18 22 9 13 30 16 5 19 12 19 15 35 16 23 26 30 25 31 33 15 30 27 31 16 19 20 27 29 36 12 17 18 15 13 15 22 
26 18 15 21 16 20 18 11 25 21 9 19 27 10 15 14 16 16 12 17 24 25 42 24 33 19 10 9 31 16 20 15 26 15 9 12 29 18 40 18 27 5 18 24 19 9 13 14 16 6 26 28 26 22 33 21 18 20 15 27 13 34 17 12 16 25 38 28 9 21 20 29 16 24 18 
20 23 16 24 28 16 19 15 13 26 8 17 18 16 30 27 20 17 16 23 20 33 26 30 31 13 25 10 43 13 19 22 20 10 10 18 19 26 26 10 25 14 11 26 23 6 15 12 24 19 22 19 28 28 20 44 24 33 21 21 7 20 10 15 23 30 27 38 12 19 16 29 24 29 14 
18 19 17 23 11 14 13 5 17 27 15 23 10 12 30 15 28 19 14 39 22 17 17 29 25 17 15 11 27 16 22 20 27 11 9 19 25 26 16 26 29 3 11 27 17 13 17 10 12 15 21 24 18 16 18 34 30 19 44 20 17 38 10 18 22 17 26 29 12 10 22 23 13 20 14 
13 15 17 18 16 20 27 8 21 26 17 21 16 21 19 15 13 9 22 27 16 33 30 28 24 14 14 12 26 22 11 28 36 12 11 27 23 10 27 13 18 7 14 34 17 4 13 13 14 8 32 19 19 18 28 27 31 30 41 27 26 26 10 21 14 33 29 36 11 27 6 19 18 34 26 
23 16 20 16 16 21 17 9 22 14 12 16 13 13 32 17 21 9 21 35 15 28 23 33 23 16 18 14 19 16 21 20 34 11 17 18 16 19 39 8 33 10 20 23 26 13 17 13 15 10 23 20 12 15 29 13 36 38 36 25 23 33 10 25 18 27 26 43 11 17 14 24 14 23 17 

MachineCapacities:
MachineID Capacity
0 10
1 10
2 10
