NumTasks NumMachines NumScenarios
25 3 10
TaskDetails:
TaskID ReleaseTime ResourceConsumption SuccessorsCount Successors...
0 0 8 8 10 2 3 4 
1 0 5 7 5 2 3 5 
2 0 8 6 6 2 3 5 
3 0 5 6 8 1 6 
4 0 7 4 10 1 5 
5 0 9 1 4 1 6 
6 0 5 6 3 2 7 8 
7 0 5 1 7 3 9 10 11 
8 0 3 6 6 3 9 10 11 
9 0 3 10 3 2 12 13 
10 0 6 2 9 2 12 13 
11 0 6 5 2 1 13 
12 0 4 5 2 0 
13 0 9 2 5 0 
14 0 4 6 5 2 16 17 
15 0 6 5 8 2 19 20 
16 0 2 2 6 2 18 20 
17 0 7 9 10 2 19 20 
18 0 6 5 5 1 19 
19 0 9 6 7 2 21 22 
20 0 7 3 3 1 21 
21 0 10 6 5 2 23 24 
22 0 9 3 8 0 
23 0 10 6 2 0 
24 0 1 4 8 0 

20 15 17 38 15 33 15 14 27 36 21 42 12 34 28 40 27 8 18 11 24 20 15 13 23 21 23 15 21 17 54 13 28 18 17 9 24 14 20 13 30 14 18 36 32 33 28 14 21 11 24 19 10 17 14 22 7 21 8 25 20 13 20 32 21 17 28 9 17 11 16 10 30 19 14 
20 12 16 33 22 7 27 28 34 28 22 20 10 21 22 23 26 32 11 23 26 11 17 18 18 28 32 25 14 14 27 14 29 30 32 15 21 24 23 10 28 13 13 17 18 21 16 11 30 15 27 24 18 11 23 20 16 15 24 26 11 21 16 15 30 15 9 17 25 9 9 9 23 9 29 
15 19 11 46 18 33 25 13 28 32 24 33 13 21 29 13 34 22 18 23 30 13 7 17 27 26 32 19 17 13 31 14 23 35 36 11 20 20 10 8 32 16 18 21 24 17 37 9 16 17 14 15 11 3 21 19 8 13 26 19 25 16 15 31 9 17 14 14 20 13 13 11 37 26 20 
14 13 17 30 14 20 21 31 36 29 22 25 13 22 26 25 25 31 19 23 6 17 12 13 23 16 29 25 9 22 45 15 23 38 18 15 17 16 9 15 40 12 25 31 25 35 32 10 25 17 17 19 13 14 9 20 13 19 13 27 25 16 32 39 20 11 30 14 18 9 18 14 24 16 24 
14 13 17 20 15 23 18 20 38 14 18 36 8 20 50 27 28 24 17 23 24 11 13 17 16 28 25 25 14 10 16 16 31 30 21 18 11 18 19 8 42 19 31 19 34 33 28 9 22 17 25 21 16 19 8 16 16 11 28 22 19 12 32 33 28 16 31 13 26 16 10 10 33 14 21 
14 22 17 23 8 36 18 28 35 26 21 33 12 21 31 16 26 36 13 18 34 9 17 10 15 19 24 32 13 14 41 17 30 24 28 18 11 15 19 15 19 10 23 29 24 22 23 12 19 13 35 25 13 15 22 24 13 15 23 14 4 16 15 47 17 14 24 10 17 20 16 13 39 18 29 
15 20 15 43 18 31 12 26 32 24 25 39 11 18 42 44 35 31 17 23 44 17 12 17 25 12 19 20 12 11 31 11 9 20 22 18 19 19 19 16 40 13 18 31 38 35 23 11 27 14 34 30 12 16 18 20 15 15 45 32 21 12 28 29 29 12 27 16 25 18 16 12 23 15 25 
19 16 16 23 16 30 28 42 17 20 30 22 9 25 29 10 24 14 11 15 24 7 18 10 23 19 13 18 16 10 30 15 18 25 28 8 16 8 18 18 22 14 20 23 33 28 21 7 26 18 23 22 12 18 15 16 17 18 35 31 13 12 30 46 26 16 31 16 17 5 17 15 33 10 16 
24 14 22 18 22 23 20 15 44 31 22 43 17 23 29 26 38 28 20 18 29 9 18 9 30 20 39 23 14 11 30 19 14 28 24 19 14 14 18 14 30 9 11 23 21 46 34 10 16 22 24 24 10 18 13 19 10 12 41 20 17 12 29 24 31 17 29 16 31 12 8 15 31 16 10 
17 16 17 33 17 24 16 25 34 18 24 26 10 21 29 29 19 16 9 18 34 17 23 7 34 35 30 22 22 18 19 14 28 21 26 11 22 11 16 11 31 10 21 35 23 28 33 13 26 18 22 23 11 20 17 13 12 18 16 26 16 9 19 32 23 11 14 15 23 11 8 11 21 16 32 

MachineCapacities:
MachineID Capacity
0 10
1 10
2 10
