NumTasks NumMachines NumScenarios
25 3 10
TaskDetails:
TaskID ReleaseTime ResourceConsumption SuccessorsCount Successors...
0 0 2 5 1 4 2 3 4 6 
1 0 4 6 7 2 4 6 
2 0 4 8 7 1 5 
3 0 9 7 8 2 9 12 
4 0 9 8 8 1 5 
5 0 9 6 5 3 7 8 9 
6 0 9 8 10 1 8 
7 0 5 4 9 3 10 12 13 
8 0 4 3 1 3 10 12 13 
9 0 1 6 3 2 11 13 
10 0 5 4 9 1 14 
11 0 1 4 2 1 14 
12 0 4 8 6 0 
13 0 7 8 5 0 
14 0 9 5 8 0 
15 0 2 7 3 2 19 20 
16 0 5 8 2 1 18 
17 0 3 6 3 1 21 
18 0 3 4 5 1 20 
19 0 6 9 4 1 21 
20 0 8 1 5 1 21 
21 0 2 6 5 2 22 23 
22 0 8 2 4 1 24 
23 0 7 8 7 0 
24 0 6 8 7 0 

11 20 14 12 22 30 24 26 17 36 15 23 18 13 25 31 14 25 15 11 10 39 15 12 26 35 21 14 28 9 37 18 10 8 42 29 11 18 25 11 9 8 18 28 9 10 35 23 21 38 20 38 27 49 22 10 19 16 28 11 23 17 16 8 25 31 16 13 6 29 40 14 5 18 27 
4 26 3 9 24 14 18 35 33 25 22 39 13 8 39 17 18 29 18 26 6 32 28 10 36 24 21 10 36 7 28 8 22 10 30 29 10 20 15 17 27 12 18 8 11 8 34 22 29 28 23 21 33 32 23 14 15 13 18 6 25 27 25 8 40 35 7 14 17 38 21 12 8 19 29 
14 24 13 13 16 20 15 46 28 20 21 12 20 10 16 19 23 36 15 22 10 39 16 12 30 12 23 9 28 13 24 19 19 11 30 20 7 23 13 14 27 12 22 27 10 11 17 23 19 25 24 6 20 15 28 15 16 10 25 16 32 21 30 15 36 17 25 6 18 28 25 20 13 24 32 
5 16 8 10 13 23 18 34 23 28 14 26 13 15 27 29 26 23 14 27 8 32 19 12 29 24 34 10 25 9 28 9 15 7 47 25 6 18 17 12 21 6 22 16 9 8 24 15 17 36 18 32 24 21 38 13 10 18 26 13 28 23 23 11 33 23 19 16 13 30 40 12 9 23 32 
6 31 14 17 20 19 16 35 9 30 17 41 20 13 47 29 13 28 11 20 7 36 22 12 30 33 32 7 20 15 31 13 10 6 22 24 13 38 16 15 24 9 42 33 12 13 36 21 17 32 24 17 30 22 17 10 18 14 27 12 44 23 20 14 26 42 22 11 10 23 33 7 14 23 21 
14 29 14 5 25 25 21 23 22 38 16 23 13 15 23 24 15 31 24 12 11 30 17 16 25 37 27 13 19 8 38 15 13 6 22 30 10 21 11 14 35 8 22 17 9 9 31 23 12 28 20 27 40 48 25 12 4 14 22 10 8 39 16 12 34 24 20 10 7 24 30 22 12 19 23 
10 24 14 11 21 22 21 19 30 23 16 33 19 16 31 21 17 27 14 26 14 27 13 15 22 23 25 13 31 13 33 22 18 11 37 31 13 12 5 15 53 9 38 31 12 8 35 23 21 41 9 21 22 49 31 11 23 17 19 10 30 39 18 14 31 24 11 9 6 43 33 17 7 22 40 
12 19 11 14 22 33 21 26 26 32 25 28 16 9 20 25 15 29 16 21 5 39 14 9 26 36 20 11 18 10 32 10 13 10 24 27 10 20 17 11 27 14 19 24 7 15 37 20 19 21 16 29 40 38 25 7 19 12 28 14 32 31 35 18 17 31 13 9 15 51 33 14 11 22 34 
8 13 16 11 24 25 23 28 15 24 21 10 20 11 13 27 24 24 9 23 10 32 21 14 28 30 22 16 26 10 27 23 22 10 29 12 10 26 17 10 34 11 14 34 8 11 33 28 16 28 20 30 22 23 40 17 12 13 19 16 38 25 22 14 25 39 21 9 11 33 28 10 13 30 41 
14 26 16 11 15 24 9 28 32 33 12 27 15 14 34 24 8 24 15 25 8 32 18 11 20 18 39 11 24 14 38 12 16 11 30 26 9 18 12 12 17 8 20 29 8 10 20 18 17 43 26 16 38 35 24 16 20 17 18 17 33 18 23 15 29 28 20 7 11 40 30 16 11 20 25 

MachineCapacities:
MachineID Capacity
0 10
1 10
2 10
