NumTasks NumMachines NumScenarios
25 3 50
TaskDetails:
TaskID ReleaseTime ResourceConsumption SuccessorsCount Successors...
0 0 3 7 4 2 2 5 
1 0 5 6 6 2 6 7 
2 0 9 10 2 2 6 7 
3 0 5 2 7 2 6 7 
4 0 3 7 7 1 6 
5 0 6 7 7 2 7 9 
6 0 3 8 1 2 8 9 
7 0 6 9 8 1 8 
8 0 5 1 4 1 10 
9 0 4 3 10 1 11 
10 0 4 5 3 1 11 
11 0 8 4 6 0 
12 0 8 3 5 2 14 17 
13 0 7 3 5 3 16 17 18 
14 0 8 6 2 1 15 
15 0 6 8 1 2 16 18 
16 0 10 1 1 2 19 20 
17 0 5 3 9 3 20 21 22 
18 0 6 6 6 2 19 20 
19 0 8 2 4 2 21 22 
20 0 5 5 5 1 23 
21 0 5 6 7 1 23 
22 0 2 1 10 1 24 
23 0 9 5 4 1 24 
24 0 2 4 2 0 

21 20 18 31 31 22 23 11 14 35 52 17 10 19 8 16 17 35 13 18 22 35 18 11 11 38 21 19 31 14 33 32 19 15 17 18 20 12 16 22 27 23 14 8 22 17 27 7 18 27 21 31 36 18 17 21 23 22 19 15 13 11 17 21 30 25 16 29 24 27 12 29 23 16 21 
30 25 15 33 31 31 26 11 15 22 31 12 11 10 5 20 18 23 18 20 20 33 16 8 20 25 22 27 12 21 31 39 16 19 31 30 26 10 9 25 21 13 14 12 38 11 20 15 30 36 21 14 11 20 21 15 24 29 15 12 9 9 14 20 29 17 12 18 4 23 10 27 32 20 28 
15 31 41 26 18 19 26 11 16 28 24 24 12 13 9 19 20 30 23 21 34 26 14 18 18 22 30 24 22 14 39 41 19 7 22 23 23 12 16 12 16 19 11 11 45 25 26 10 16 37 20 33 34 21 17 19 28 14 17 18 13 12 8 29 24 21 19 28 6 24 11 45 25 17 20 
24 29 16 9 31 34 22 8 6 8 46 23 17 13 11 23 22 33 15 22 26 45 8 20 14 17 27 28 18 20 30 28 24 14 31 29 25 11 9 24 14 26 16 18 30 15 29 11 27 31 20 52 35 18 11 15 11 15 14 12 10 17 5 23 15 32 13 23 22 20 14 46 30 17 30 
25 39 39 16 33 10 24 13 11 21 51 16 14 16 11 15 22 25 32 20 33 26 11 17 17 16 36 20 27 19 40 38 34 9 21 19 27 14 11 24 27 30 20 15 34 20 33 11 10 41 27 25 30 26 16 17 18 23 28 12 13 11 9 11 32 22 8 21 17 18 18 25 17 13 28 
28 31 40 29 21 21 14 2 7 24 35 13 20 21 4 29 15 33 17 18 29 20 16 9 17 13 15 25 29 18 23 27 12 9 36 21 30 13 15 22 21 10 10 13 30 20 41 15 20 46 16 25 25 11 8 11 28 21 8 10 4 9 8 17 31 21 13 37 20 15 12 25 10 18 44 
24 21 34 23 29 29 21 16 9 26 33 12 20 14 9 37 19 40 29 15 12 26 8 16 17 29 29 25 26 24 26 28 23 14 17 19 31 11 10 16 17 24 10 17 19 24 18 6 26 22 30 25 23 24 16 15 37 22 22 8 9 14 12 17 39 16 17 17 11 21 18 37 17 22 23 
25 25 37 22 17 24 23 13 11 11 20 15 21 12 11 19 26 30 27 22 24 23 7 15 16 26 21 32 17 15 48 27 20 22 18 24 21 14 12 26 20 19 17 21 13 20 29 13 27 33 24 35 34 26 17 31 9 21 18 12 16 11 14 11 24 19 11 18 18 18 14 30 20 17 29 
16 22 32 25 28 21 30 6 6 22 21 23 17 16 16 22 21 19 28 22 27 22 18 13 22 19 20 36 19 23 33 43 23 10 14 19 27 12 14 23 33 29 16 14 38 18 17 13 22 24 18 22 29 29 18 26 29 22 27 11 12 12 11 18 15 23 11 35 17 29 8 24 26 12 36 
16 19 25 34 29 19 28 11 16 14 16 16 12 16 11 26 20 26 16 25 26 12 12 12 13 17 19 25 27 19 21 43 17 13 34 21 20 14 12 24 32 28 19 12 25 23 24 12 21 19 32 38 39 25 18 19 8 22 18 14 11 11 8 19 30 24 17 27 19 20 16 33 22 16 16 
21 23 18 20 30 37 35 7 9 19 32 10 11 12 11 21 16 18 21 24 28 35 9 18 24 26 23 27 24 23 25 25 24 11 33 24 19 16 16 21 30 30 14 10 38 13 21 9 17 30 27 28 28 24 15 17 24 25 26 15 9 15 6 10 23 17 18 31 17 20 10 19 27 19 21 
11 17 45 31 17 27 30 12 14 22 29 21 23 19 12 27 16 22 14 20 20 29 14 17 14 41 30 15 27 18 34 21 20 16 23 27 32 20 17 23 34 18 19 17 18 9 18 17 25 32 18 21 26 27 10 10 20 27 16 11 7 13 11 19 11 17 9 22 11 25 18 32 23 15 26 
22 21 18 21 21 26 31 7 13 38 20 14 12 20 9 24 16 33 14 22 21 33 11 13 8 20 33 17 21 23 26 26 26 17 28 14 18 13 14 14 30 13 16 14 22 18 30 18 32 12 28 37 39 21 14 30 14 21 29 16 10 7 13 22 16 25 11 25 16 28 12 19 22 21 33 
14 25 50 14 23 14 27 12 11 17 19 10 24 13 11 26 24 17 23 12 22 25 17 16 17 40 40 23 15 10 29 37 22 15 30 32 28 14 15 19 39 20 19 8 39 13 36 14 28 28 38 19 36 12 16 25 15 31 20 9 9 9 7 12 30 27 15 24 20 29 14 21 21 14 36 
21 28 30 25 29 24 28 9 16 24 26 18 21 19 17 36 14 28 21 26 26 41 11 15 10 35 22 27 24 25 35 34 25 19 22 18 12 17 15 21 31 24 12 20 34 15 23 10 25 25 26 29 32 17 13 22 31 30 24 15 10 9 11 26 15 17 14 31 18 24 18 29 19 15 42 
32 26 16 29 15 19 26 10 11 25 34 10 20 16 13 25 16 24 19 26 27 54 13 14 11 31 23 20 14 33 32 22 30 11 24 31 17 15 22 22 13 22 12 17 30 22 16 9 17 15 27 38 41 20 13 8 37 28 25 16 11 12 14 18 20 14 10 27 12 19 12 39 24 13 22 
29 24 17 43 20 22 35 7 9 28 34 11 21 21 12 21 17 26 19 19 28 23 12 15 17 24 23 43 24 13 21 46 23 18 31 20 17 12 13 17 27 27 9 15 27 13 17 10 19 42 26 29 28 24 16 22 24 14 18 12 9 11 9 28 20 18 13 31 18 22 15 28 34 15 31 
15 17 19 29 23 39 18 10 8 25 20 15 12 17 3 32 9 34 25 25 25 38 15 16 12 35 37 47 15 26 37 22 21 24 19 15 31 17 23 25 9 22 22 22 19 10 34 12 22 16 24 30 37 16 25 26 32 27 25 7 5 12 12 18 24 19 12 19 15 15 15 25 24 18 23 
33 21 25 32 22 23 37 12 13 17 37 12 20 20 6 39 15 20 34 19 18 15 9 15 14 36 24 25 23 25 22 42 31 13 21 22 27 15 12 17 14 19 11 19 18 17 24 12 14 33 37 27 20 21 16 14 26 13 20 9 7 11 9 12 7 19 12 30 15 23 15 24 20 16 39 
20 29 36 24 23 27 25 5 11 20 43 13 12 13 12 26 18 24 15 23 27 23 20 18 17 32 23 21 19 20 26 35 36 16 14 29 20 15 13 25 16 31 18 11 43 12 18 7 25 12 19 16 29 31 18 17 29 23 26 12 8 14 3 16 21 20 10 21 18 30 14 33 20 17 32 
22 31 15 21 25 29 30 9 7 15 23 16 19 16 12 20 17 19 24 15 31 40 15 13 18 27 21 35 14 18 22 20 18 13 19 19 31 7 24 20 23 24 12 10 24 7 27 10 31 39 30 23 34 31 10 13 18 24 12 15 15 11 11 8 28 20 14 26 19 20 15 36 24 17 34 
27 24 30 27 20 31 28 11 9 19 35 14 22 21 6 25 13 19 31 11 22 43 18 14 21 8 29 31 21 18 33 33 26 9 23 33 27 12 21 29 19 17 16 13 22 16 12 12 18 20 29 27 29 19 13 13 21 25 31 7 8 9 11 24 3 19 13 26 15 11 10 36 19 23 17 
23 26 28 20 26 20 11 6 10 23 32 18 17 11 10 32 17 31 31 23 34 38 15 14 18 26 23 34 27 8 28 7 10 14 23 20 30 16 17 21 29 19 15 23 30 13 25 11 11 22 35 34 30 18 15 20 22 28 42 14 14 12 12 15 6 14 11 31 14 29 11 29 18 21 23 
33 13 33 28 25 22 12 11 10 25 33 16 16 24 8 27 17 30 16 28 27 27 7 17 17 12 33 35 9 26 24 37 8 18 30 31 20 18 19 6 8 24 21 18 28 15 18 10 27 24 16 25 19 21 20 15 35 18 27 6 13 10 11 14 32 22 12 23 5 31 10 32 15 18 17 
15 23 36 23 27 20 24 5 10 34 44 20 9 13 10 32 19 30 23 25 24 45 14 14 12 32 29 26 15 22 19 38 18 14 26 18 17 12 15 20 30 13 16 20 27 19 28 5 20 30 13 26 35 24 18 9 22 25 19 10 14 6 11 18 13 18 13 34 20 13 9 27 21 17 24 
31 17 23 32 19 9 25 6 16 21 27 14 18 20 14 30 24 29 23 26 34 22 18 16 11 25 27 18 20 15 30 10 16 20 18 23 18 14 24 25 37 24 12 11 21 14 23 12 26 25 24 21 7 18 16 14 35 13 17 13 11 10 4 27 33 22 14 23 10 19 9 22 12 18 33 
28 25 28 25 20 19 21 16 11 11 40 15 24 15 12 24 13 33 24 15 22 44 14 19 18 27 29 40 19 17 29 27 18 13 18 17 12 16 18 24 22 25 13 9 8 12 14 9 14 24 29 32 30 28 19 21 21 15 32 8 11 11 7 22 26 19 13 28 17 21 13 20 33 13 20 
18 19 28 27 19 23 26 10 13 21 32 16 25 8 9 44 20 17 21 10 33 31 12 21 18 12 21 30 21 11 35 39 26 15 34 17 29 13 19 24 35 25 16 18 20 21 29 16 13 25 14 30 31 25 9 13 18 30 20 15 11 9 11 24 25 23 12 20 24 20 13 35 35 17 22 
8 18 19 34 15 17 34 12 18 21 46 21 11 17 11 30 19 22 18 24 11 29 11 12 16 10 17 14 18 12 38 32 20 17 32 32 16 9 12 20 20 13 17 16 31 18 21 9 17 24 14 28 36 21 23 12 36 17 28 7 6 10 13 24 20 15 13 22 19 24 11 27 15 24 33 
28 25 37 12 25 21 26 12 13 25 33 17 19 11 5 26 17 23 21 11 26 26 12 10 17 37 28 24 31 29 36 23 22 13 20 23 24 11 17 19 18 29 9 15 28 19 17 10 29 40 37 42 39 25 13 24 25 22 24 11 12 12 7 15 24 16 14 27 19 27 17 34 25 16 24 
26 28 37 39 25 13 22 9 9 18 31 18 9 22 9 24 13 19 13 22 21 50 18 19 18 23 27 27 22 16 18 26 11 19 28 20 29 15 13 18 27 29 12 17 34 17 22 16 29 25 25 25 30 24 13 18 13 27 23 16 17 10 10 19 27 20 7 31 15 14 3 33 25 9 20 
29 27 26 18 31 28 14 13 12 20 21 9 12 12 10 29 20 26 18 24 26 29 18 8 13 27 30 16 26 12 39 28 16 12 31 29 15 12 18 23 49 30 12 17 26 22 29 11 21 19 24 22 34 28 19 9 36 17 25 14 10 12 7 15 27 14 14 31 17 14 12 30 11 15 19 
39 23 14 24 29 19 30 14 16 20 45 14 17 19 6 34 17 30 16 18 25 27 15 20 17 28 20 23 28 16 28 36 37 23 24 23 27 17 11 31 26 27 8 17 19 17 22 13 26 28 27 18 25 31 16 15 16 20 15 15 9 5 10 14 15 16 23 17 12 29 16 25 22 10 25 
19 6 29 18 31 32 33 7 15 10 25 17 21 13 11 11 8 32 15 25 29 22 12 18 26 24 30 28 18 12 40 22 19 19 18 30 28 11 13 26 31 24 12 10 22 13 30 16 30 39 34 18 24 15 12 22 39 22 32 12 15 12 11 19 31 25 7 25 18 23 16 30 21 15 29 
24 23 40 30 19 33 30 10 13 22 30 14 15 17 8 25 18 32 30 19 26 33 19 14 8 35 32 34 27 33 41 22 24 14 38 32 19 14 11 20 19 31 11 12 41 21 27 16 21 42 25 26 8 21 17 21 31 21 18 12 8 12 10 20 29 13 12 36 17 16 12 24 23 12 21 
32 36 39 39 21 23 26 6 14 15 44 10 21 17 14 14 21 29 9 33 37 28 20 15 17 31 35 37 26 18 13 38 23 12 36 34 23 14 13 20 26 40 12 15 33 12 22 12 26 27 31 25 33 20 13 13 24 17 28 12 6 7 7 25 19 6 13 27 13 19 13 29 23 12 25 
20 25 12 26 20 20 5 9 13 25 24 13 12 19 12 18 15 21 15 22 26 31 8 19 14 11 22 19 13 26 44 38 24 15 17 28 25 13 21 24 21 17 21 21 31 17 29 7 14 34 22 20 35 16 12 12 22 17 39 15 12 17 8 20 33 20 14 32 13 14 10 31 23 16 23 
21 24 44 42 27 30 24 13 17 17 28 20 11 9 9 30 20 24 29 23 22 27 13 9 18 18 27 36 15 32 30 26 19 13 30 27 26 12 15 20 20 25 11 15 38 14 25 10 22 23 26 23 32 22 12 10 11 27 20 18 9 6 14 24 23 22 10 43 9 22 15 38 38 10 18 
29 11 42 48 31 39 25 7 12 19 36 10 26 21 9 15 17 25 20 23 21 30 11 11 5 34 38 31 27 19 24 25 12 18 25 25 14 16 16 18 31 22 16 18 22 20 22 12 25 40 35 21 33 26 10 19 36 18 12 10 14 8 6 15 30 22 11 29 6 28 14 42 21 19 22 
10 25 32 8 19 29 30 13 9 13 40 13 25 20 15 36 6 22 23 21 25 38 13 15 19 41 16 12 11 16 25 22 22 10 30 26 34 18 11 29 25 14 11 11 26 18 14 9 17 41 27 32 31 18 15 15 33 13 28 20 12 14 7 18 26 20 10 23 21 24 13 31 22 14 15 
19 27 16 35 12 25 29 9 13 19 22 15 24 14 11 36 23 14 10 22 26 21 15 14 18 44 36 32 22 22 29 30 19 13 30 22 23 14 17 38 36 23 14 13 22 19 26 14 26 31 25 33 38 23 18 8 18 23 31 9 14 10 12 18 24 19 13 24 10 18 12 31 19 21 30 
24 22 36 26 22 38 20 13 12 29 18 16 17 20 8 25 19 14 22 7 31 33 19 14 17 11 29 21 27 36 33 30 20 15 24 20 23 13 15 25 25 32 15 14 11 14 21 7 25 21 31 25 14 26 15 10 25 24 25 13 14 13 9 18 24 18 11 31 18 33 16 38 29 13 16 
26 28 23 20 25 22 23 11 10 28 37 21 15 19 11 39 20 24 14 16 26 29 13 14 14 26 25 22 35 18 18 17 22 18 40 21 33 12 11 21 30 20 14 15 27 25 25 14 9 15 25 35 29 27 20 20 27 16 30 10 7 14 10 15 13 22 12 25 13 28 11 21 15 20 28 
30 17 27 19 19 35 22 9 20 27 38 23 11 13 11 30 29 23 28 27 20 26 8 16 15 17 21 26 8 31 50 33 25 13 23 24 27 19 19 18 20 25 8 10 39 19 26 10 21 39 26 24 31 20 16 23 29 29 13 14 11 5 13 21 15 15 10 27 19 21 13 15 30 21 29 
31 34 28 29 32 16 22 8 15 20 34 21 4 19 12 25 22 33 15 16 24 26 12 14 17 25 23 31 22 7 33 19 22 15 40 28 41 15 11 17 30 25 9 20 19 13 13 12 29 25 38 35 15 29 15 18 37 21 24 15 6 13 10 19 18 26 15 23 16 14 13 27 21 21 22 
26 35 20 40 18 30 34 11 15 32 27 20 20 18 9 43 23 28 26 19 23 8 11 15 13 27 21 34 18 17 18 33 27 15 27 28 31 10 19 24 19 24 19 14 29 9 36 16 13 23 14 30 23 23 12 19 25 27 33 14 14 13 15 23 22 4 13 23 20 35 11 31 35 17 20 
30 28 29 33 24 15 34 9 9 24 25 19 24 17 12 13 19 35 23 16 26 30 17 19 11 27 23 26 25 13 31 31 9 15 15 23 37 10 16 24 12 31 12 16 33 25 34 10 22 40 29 24 34 28 19 21 17 28 17 9 10 9 10 22 28 17 13 16 14 12 13 32 24 19 15 
27 22 44 25 15 26 35 5 11 29 24 11 20 11 10 28 18 21 16 17 21 23 7 18 20 25 30 34 21 11 18 37 12 19 28 21 24 12 15 20 15 15 12 13 15 15 24 16 23 19 21 26 23 20 15 11 27 15 11 15 9 9 7 29 25 8 11 24 9 23 10 20 28 27 36 
31 11 25 27 23 29 21 17 13 17 39 10 18 18 17 18 13 31 10 20 30 42 10 8 19 22 24 47 26 17 25 37 14 17 28 19 18 11 16 23 33 22 21 15 16 14 18 11 23 26 23 28 30 27 11 17 32 19 32 13 13 14 13 14 25 12 14 23 17 24 5 28 23 18 17 
21 28 34 31 27 29 32 12 15 15 43 13 23 20 12 25 16 19 30 23 20 26 9 22 16 22 28 27 30 23 10 17 17 18 32 25 20 12 12 26 35 25 7 19 30 13 27 9 26 27 15 33 31 18 12 19 18 16 16 13 16 10 10 21 16 20 15 27 23 24 15 18 22 16 21 

MachineCapacities:
MachineID Capacity
0 10
1 10
2 10
