NumTasks NumMachines NumScenarios
25 3 50
TaskDetails:
TaskID ReleaseTime ResourceConsumption SuccessorsCount Successors...
0 0 2 2 5 1 2 
1 0 3 7 7 1 2 
2 0 8 9 3 2 3 4 
3 0 10 2 4 3 5 7 8 
4 0 5 5 4 1 8 
5 0 3 1 10 2 6 9 
6 0 2 9 5 1 10 
7 0 10 2 5 2 9 10 
8 0 4 2 4 2 9 10 
9 0 3 9 9 0 
10 0 6 3 7 0 
11 0 6 8 5 2 19 20 
12 0 9 6 6 2 14 16 
13 0 6 5 4 2 17 18 
14 0 3 9 5 2 18 20 
15 0 10 5 3 2 19 20 
16 0 7 6 2 2 17 20 
17 0 5 5 8 1 19 
18 0 9 3 3 1 19 
19 0 8 10 9 2 21 22 
20 0 5 3 1 2 21 22 
21 0 6 1 2 2 23 24 
22 0 6 4 10 1 24 
23 0 8 10 9 0 
24 0 2 4 2 0 

10 34 24 8 35 17 29 29 21 26 19 11 13 25 25 22 24 28 21 19 19 19 12 23 18 19 31 8 19 24 35 14 15 15 15 23 26 25 15 11 21 22 16 26 8 18 38 20 25 10 25 7 30 14 18 17 24 8 14 30 23 37 16 11 5 37 10 28 26 26 32 15 20 27 26 
16 30 28 14 24 12 33 28 25 14 14 16 15 31 25 24 29 26 26 19 19 17 19 27 22 17 23 9 19 16 11 19 13 13 16 22 15 15 13 18 17 7 27 28 15 36 36 35 37 11 17 17 22 19 21 26 27 15 26 20 19 17 23 17 21 26 5 21 30 21 19 22 22 22 20 
25 29 19 10 33 16 19 27 16 19 25 18 4 22 34 22 27 31 14 22 19 13 20 31 21 20 32 8 13 16 42 13 20 11 13 17 17 16 8 6 20 20 24 20 18 28 33 40 30 16 18 10 22 22 20 33 31 12 14 16 15 38 13 10 25 34 19 23 27 24 19 21 11 28 25 
17 42 28 8 13 39 28 19 20 19 15 14 11 27 32 19 43 20 14 7 18 25 24 25 23 20 10 13 32 20 19 17 18 10 19 29 11 17 18 9 9 21 32 23 18 19 26 40 39 7 11 11 12 18 22 19 41 13 20 32 26 31 12 11 19 28 18 25 31 38 31 15 20 31 30 
26 27 23 8 16 22 22 35 24 27 18 15 6 14 15 24 37 31 36 22 15 14 13 21 15 21 28 8 39 34 40 10 19 15 19 27 21 20 19 8 18 31 27 17 15 23 36 20 26 16 21 10 21 15 26 17 38 13 21 21 16 14 23 14 22 24 16 14 23 30 29 19 33 17 32 
25 2 36 12 36 23 31 25 17 31 17 18 3 32 23 21 23 23 22 14 17 13 16 33 14 24 20 12 29 17 32 11 12 13 18 23 13 10 11 13 8 22 28 36 14 14 31 29 23 10 16 10 24 18 8 28 38 14 22 31 20 32 11 17 19 24 13 26 16 29 35 11 24 14 20 
22 23 28 7 29 9 38 36 24 11 15 9 8 23 30 16 21 23 23 19 22 5 17 22 11 18 20 13 29 24 24 9 7 13 17 15 19 12 15 12 20 35 21 22 20 22 23 19 22 17 22 10 19 24 21 16 28 19 19 36 14 33 18 13 25 25 18 23 20 38 21 23 15 9 29 
18 36 32 12 22 30 29 37 24 21 10 19 8 16 28 23 17 40 30 22 15 20 21 31 26 13 31 7 21 24 18 10 13 11 21 26 21 19 15 11 14 20 25 12 14 36 21 32 8 14 20 11 26 22 21 30 24 13 18 14 20 38 12 14 14 27 18 27 16 18 32 20 22 22 22 
25 41 16 13 33 15 25 28 21 16 17 11 10 10 10 22 34 18 17 14 16 17 20 29 22 12 7 11 40 25 24 10 15 19 13 30 26 18 10 14 21 25 27 25 15 22 35 29 17 10 24 6 24 15 19 23 29 8 24 33 15 24 7 11 30 39 19 12 32 53 33 17 19 20 27 
32 22 11 13 30 16 18 17 28 23 16 10 9 25 27 27 26 16 18 22 17 20 13 16 20 23 21 12 27 17 33 18 9 19 10 6 19 26 16 12 10 17 26 18 9 36 13 31 37 13 16 6 21 18 16 22 30 15 18 31 18 40 15 6 17 22 9 21 25 23 22 14 28 18 20 
21 25 24 10 33 29 29 21 12 28 10 16 10 29 34 30 24 45 25 19 19 10 17 25 15 14 21 13 31 18 14 8 15 7 13 20 5 17 11 10 19 19 26 16 14 18 38 39 43 13 18 9 16 14 23 28 39 17 12 35 18 22 17 5 21 34 9 19 22 36 29 17 18 25 23 
28 26 22 14 29 28 28 41 15 16 12 11 11 24 27 16 26 27 14 22 15 22 17 10 19 15 25 8 25 13 45 11 9 9 10 30 17 21 16 23 20 18 36 37 20 41 21 36 28 17 14 8 33 21 11 30 34 11 25 45 18 40 17 7 18 27 14 15 31 23 19 10 27 19 26 
29 19 16 13 22 25 30 43 15 17 16 12 7 19 26 30 40 13 22 15 16 18 27 22 18 14 21 5 15 12 34 10 12 12 11 20 11 18 17 12 21 15 25 26 23 25 31 26 22 15 16 9 20 17 19 27 27 13 16 41 15 19 15 12 29 25 15 20 24 30 20 19 22 31 26 
27 27 24 18 30 25 19 32 23 23 14 12 6 39 31 22 42 28 19 15 21 15 23 17 22 28 15 13 25 19 18 15 21 8 18 22 24 17 12 14 12 41 21 25 21 36 20 44 27 6 18 12 18 20 15 22 32 12 22 20 17 26 19 12 34 32 18 26 39 18 30 12 27 20 18 
26 16 24 14 25 29 23 31 29 14 24 16 14 20 28 22 21 39 23 13 11 8 17 31 11 19 28 10 33 20 23 19 19 5 16 14 23 21 15 11 24 20 30 27 22 31 29 48 17 12 16 14 18 18 17 10 26 10 15 11 16 44 13 12 19 24 12 26 38 18 20 20 23 18 30 
20 31 20 10 23 22 32 24 23 18 10 9 7 40 35 23 28 22 25 25 18 16 25 31 13 12 26 9 31 22 32 17 12 7 21 10 13 22 12 17 21 18 25 29 17 12 15 26 33 13 11 7 21 23 9 17 21 11 17 24 29 20 15 13 27 31 11 21 23 31 33 19 24 18 20 
25 10 31 9 21 29 31 17 27 19 16 14 7 42 18 37 10 29 17 17 19 19 21 31 20 14 31 5 24 24 41 11 20 14 25 25 17 19 7 9 17 25 25 34 24 38 35 25 24 12 16 11 22 26 32 17 31 6 14 42 22 23 12 16 20 29 18 19 19 40 21 14 22 21 21 
22 23 26 10 19 14 27 32 16 22 21 16 10 36 16 20 30 26 29 17 17 23 15 16 19 15 26 12 17 29 57 19 22 11 15 29 13 16 15 13 11 26 23 25 14 33 21 32 33 12 9 10 24 15 20 16 47 8 19 8 21 42 14 15 18 38 13 24 20 25 32 15 23 26 25 
17 10 19 7 26 33 35 34 29 17 2 16 10 26 10 29 28 22 21 17 15 14 21 27 19 9 27 12 35 28 42 11 13 12 17 33 16 19 13 17 16 17 34 22 22 40 21 25 28 12 24 11 33 15 19 25 24 9 13 26 34 24 16 8 19 37 12 28 28 32 31 18 27 21 29 
14 18 28 12 29 31 38 28 14 19 10 10 9 24 27 21 20 19 16 14 18 10 14 27 14 21 13 12 27 17 21 12 16 13 17 15 21 19 10 14 20 31 26 30 14 22 35 37 38 19 16 11 19 10 21 23 32 7 21 30 9 29 15 10 25 30 16 37 24 29 23 21 17 20 21 
20 22 38 15 30 16 29 36 21 20 16 15 10 31 20 19 35 22 21 11 14 18 23 32 11 13 20 8 23 28 22 19 20 14 11 20 8 19 17 11 25 20 31 24 28 27 29 15 29 12 21 7 22 14 16 22 30 14 17 29 20 24 11 12 21 49 17 27 26 21 25 24 23 17 21 
26 14 23 13 31 25 33 29 20 28 19 10 9 19 33 14 34 23 23 20 15 13 15 37 18 14 20 11 28 21 15 13 19 12 12 28 5 15 9 17 11 12 26 27 16 40 35 11 31 11 18 11 28 28 17 24 32 12 18 23 24 29 12 11 17 19 14 12 29 22 31 24 23 30 23 
33 4 17 11 29 37 30 26 20 22 15 20 13 30 40 18 34 22 16 12 24 14 23 10 24 20 26 10 22 23 34 10 11 14 16 16 15 22 9 11 19 19 26 12 22 51 39 16 30 11 13 7 32 21 17 22 29 9 15 37 25 22 15 11 20 22 17 24 26 37 29 20 23 23 22 
21 17 25 10 28 34 28 36 15 16 19 13 10 18 26 31 34 25 24 12 13 17 22 30 12 11 26 9 36 18 30 18 13 11 11 16 22 21 11 15 23 26 22 21 36 11 15 46 36 14 14 6 15 15 19 14 25 16 16 18 16 18 14 12 21 38 14 21 26 25 36 16 22 20 23 
22 26 22 11 16 32 24 24 26 26 13 16 13 35 17 17 10 46 23 22 23 14 19 25 24 15 27 14 23 30 27 16 20 12 15 21 17 17 20 12 21 20 19 30 23 33 35 30 32 15 27 12 17 29 26 14 33 15 15 37 15 47 18 9 33 34 16 28 23 31 36 25 24 21 23 
23 14 27 13 31 29 31 27 20 23 22 14 6 37 16 26 36 27 13 26 17 11 19 33 16 20 25 9 20 20 22 18 17 12 15 26 14 23 13 15 17 14 32 28 22 41 33 43 19 16 16 13 15 16 16 16 34 10 12 40 18 25 12 9 23 17 6 26 29 19 21 16 29 15 19 
26 12 31 9 33 25 34 34 29 25 27 19 11 26 33 25 32 22 18 20 22 20 14 33 12 14 28 11 35 12 33 14 18 9 12 26 21 15 14 11 15 23 31 19 18 9 15 25 25 11 23 6 19 26 15 18 21 10 16 43 24 29 13 17 25 32 13 33 34 42 14 17 11 17 20 
30 44 14 6 28 9 35 29 7 17 15 18 8 35 23 29 22 25 20 5 15 20 20 42 20 11 32 6 29 24 26 9 18 8 17 23 22 17 13 8 18 20 21 25 21 22 32 27 30 13 22 9 30 19 30 14 28 12 14 46 15 24 13 6 29 34 14 31 29 29 30 27 17 32 26 
29 12 26 9 24 11 29 26 20 37 16 13 16 21 29 16 35 32 16 17 16 15 28 34 20 12 25 9 33 26 23 13 18 16 18 22 23 12 10 11 19 17 19 30 19 32 29 34 29 11 28 9 31 22 25 9 25 15 16 19 24 26 13 10 17 32 15 28 23 43 16 11 26 14 23 
16 16 27 5 30 21 31 24 21 23 15 21 9 31 20 25 41 26 16 28 17 17 17 27 14 15 25 12 15 18 34 13 15 5 19 28 18 21 16 12 11 32 34 34 11 27 15 29 40 14 23 8 30 17 15 28 32 11 18 42 12 30 12 11 23 28 19 20 26 26 26 13 23 23 21 
17 26 18 10 10 21 36 48 24 22 19 8 8 16 36 18 28 29 27 20 10 17 24 33 14 10 27 6 31 25 22 18 11 13 10 20 15 19 14 11 14 29 44 23 19 26 36 34 31 16 20 10 8 20 22 28 14 13 16 35 28 25 10 11 12 21 20 42 25 37 38 19 30 29 25 
23 31 15 11 25 36 34 35 22 18 11 10 5 6 29 22 28 13 18 15 17 23 21 26 17 21 29 9 22 29 27 13 22 11 10 26 14 24 13 12 17 25 31 41 12 30 23 37 23 11 22 10 29 16 16 18 32 19 15 15 10 24 12 10 27 31 14 21 20 36 20 26 23 7 29 
18 26 30 11 23 28 32 22 26 27 22 22 5 31 22 26 37 42 34 22 22 10 13 19 18 25 23 6 27 28 39 13 13 14 15 25 17 26 14 10 7 22 32 14 14 32 20 44 22 13 14 9 11 26 13 24 25 11 32 35 22 37 15 11 27 25 14 39 34 20 39 20 23 16 20 
35 35 23 9 31 38 27 44 22 19 22 12 8 35 12 20 28 36 16 18 23 14 16 42 13 20 22 9 32 29 20 18 8 14 13 25 10 23 13 15 20 23 31 28 21 16 41 19 27 16 10 12 29 20 19 23 36 14 14 22 20 22 11 10 34 29 23 26 17 17 41 24 17 26 31 
19 29 23 11 9 23 19 17 23 18 20 16 10 15 18 18 26 31 15 23 17 20 19 5 23 12 25 11 23 18 15 12 16 10 15 29 15 18 13 13 11 24 27 32 24 37 37 23 28 10 25 9 14 19 14 27 29 15 16 28 19 31 14 12 24 22 7 35 25 37 37 12 22 22 17 
16 16 17 9 36 29 32 36 19 13 22 17 13 33 16 26 24 30 19 19 17 8 19 12 6 19 22 7 27 19 38 15 13 12 18 40 24 19 10 11 14 23 24 25 22 38 36 29 29 10 26 15 20 22 18 21 21 12 15 30 21 33 13 9 31 9 21 19 19 33 13 20 24 20 30 
27 13 31 12 19 22 29 30 8 37 11 14 10 32 26 22 27 16 22 18 12 9 16 12 22 20 20 6 24 28 22 8 19 13 16 25 16 21 18 5 18 34 24 31 23 33 26 20 20 16 20 9 21 22 14 26 41 9 19 29 21 39 19 8 25 35 15 29 25 27 22 21 22 14 16 
27 10 12 7 32 33 26 33 22 20 25 14 9 29 30 28 26 43 26 10 22 15 25 29 13 21 16 11 23 21 22 15 22 22 16 29 13 11 13 14 19 13 28 12 21 21 24 33 38 12 21 13 19 19 16 23 29 14 14 34 20 36 21 13 23 33 20 14 20 16 18 18 31 9 25 
25 20 18 12 35 24 23 28 25 26 16 14 13 17 31 14 36 30 26 11 15 10 21 19 18 17 10 12 25 28 22 10 17 12 17 20 19 27 12 11 12 17 25 26 15 38 37 28 12 14 20 11 20 13 29 9 23 5 8 30 29 31 15 10 25 36 17 25 25 31 25 15 18 24 24 
21 18 25 9 19 36 27 43 26 25 13 15 9 40 24 11 27 39 33 20 7 14 26 32 14 9 28 15 31 21 27 13 24 12 16 18 15 15 11 13 23 27 27 35 24 32 23 25 13 11 13 9 22 18 17 16 18 16 21 16 20 23 13 16 28 30 11 12 28 33 31 12 36 17 19 
16 27 25 7 34 15 15 19 31 22 14 15 14 29 21 28 35 34 22 21 23 18 13 20 21 24 18 17 30 28 40 9 19 11 16 32 27 24 13 16 11 29 22 20 17 24 27 28 11 15 20 8 11 19 13 20 20 14 15 19 15 25 9 4 32 27 18 32 35 42 33 22 8 25 20 
19 19 27 12 20 24 31 45 22 22 19 9 10 32 29 30 32 35 22 23 21 12 14 42 14 19 31 11 12 24 37 18 8 13 21 27 16 18 13 15 21 27 21 34 29 45 25 16 19 16 18 6 16 20 28 15 33 11 29 24 21 15 12 13 18 40 17 30 21 20 25 14 27 24 25 
27 22 19 12 25 31 34 32 23 24 13 16 12 29 36 20 26 25 25 20 12 18 35 20 25 16 16 7 31 17 35 15 7 10 15 19 14 31 14 14 13 25 38 16 27 28 14 21 15 12 13 9 15 20 14 9 17 16 20 28 18 19 12 11 33 21 6 30 38 14 24 20 31 31 29 
26 35 36 6 27 19 22 21 25 37 11 21 7 33 18 20 34 37 13 5 16 11 23 24 18 16 28 9 27 17 38 18 11 13 11 21 20 20 17 11 15 25 25 21 16 27 30 27 23 13 24 9 17 22 17 21 32 17 13 36 29 32 18 12 28 15 4 36 25 23 23 13 30 25 16 
13 20 18 16 22 34 24 34 25 23 6 18 14 26 24 19 20 31 11 13 12 16 23 27 6 18 27 9 27 25 23 16 20 6 16 26 14 24 16 12 13 22 38 23 24 35 26 39 19 9 14 7 18 23 13 31 35 7 17 22 19 37 25 14 26 31 10 9 33 33 17 24 21 21 24 
14 27 31 13 25 16 27 26 28 20 17 25 9 21 18 19 39 34 23 17 13 11 13 24 14 20 33 8 24 16 31 16 15 12 21 27 24 26 15 13 19 20 11 23 13 30 22 34 29 16 19 11 6 20 32 27 19 12 17 45 28 36 21 10 16 30 11 20 12 22 22 19 39 23 28 
19 25 30 10 33 28 20 14 31 33 20 18 12 19 18 22 20 27 27 19 17 14 18 29 14 11 14 10 29 40 50 9 16 10 13 13 13 26 18 15 25 21 27 36 12 30 19 31 25 17 17 9 27 22 17 15 26 7 15 18 15 19 14 9 28 45 13 26 15 12 36 19 27 21 18 
19 21 35 11 23 25 19 29 16 27 18 12 8 18 28 23 31 27 23 19 8 20 20 33 14 15 27 15 26 32 33 10 21 16 18 25 20 14 14 9 15 25 28 30 15 27 40 33 36 10 13 10 19 14 21 24 33 13 17 27 23 32 18 9 24 37 17 22 34 18 31 8 15 24 23 
27 26 32 14 34 34 28 16 20 23 17 14 16 19 29 21 24 33 17 18 15 15 25 30 16 16 35 13 31 24 48 15 14 15 16 20 17 12 18 14 22 26 29 35 21 31 26 28 26 6 18 5 21 21 31 20 26 17 13 32 16 28 17 8 9 35 14 16 26 35 9 25 21 21 27 
30 15 39 13 28 36 29 23 17 26 30 13 11 26 30 25 34 27 8 29 24 19 28 22 18 18 23 8 29 25 28 11 14 10 11 26 13 24 10 10 3 15 26 29 17 25 35 28 14 13 26 4 24 10 26 27 29 13 15 18 23 18 19 8 31 19 12 21 13 34 33 14 22 22 26 

MachineCapacities:
MachineID Capacity
0 10
1 10
2 10
