NumTasks NumMachines NumScenarios
20 2 100
TaskDetails:
TaskID ReleaseTime ResourceConsumption SuccessorsCount Successors...
0 0 7 6 1 6 
1 0 9 4 2 5 7 
2 0 2 6 2 4 8 
3 0 6 7 1 4 
4 0 9 2 0 
5 0 4 3 2 6 8 
6 0 2 8 0 
7 0 8 7 0 
8 0 9 9 0 
9 0 4 4 2 16 18 
10 0 8 3 2 13 17 
11 0 6 9 1 19 
12 0 9 3 2 14 16 
13 0 2 2 0 
14 0 9 7 0 
15 0 5 9 0 
16 0 6 6 0 
17 0 9 6 0 
18 0 8 9 0 
19 0 7 3 0 

30 27 18 16 16 33 31 19 26 28 30 32 19 29 17 24 30 26 18 26 26 20 17 21 30 20 23 15 31 23 15 17 43 23 15 17 31 4 19 20 
48 13 11 10 12 32 25 13 19 24 27 22 29 34 17 23 20 20 18 29 19 25 23 21 38 32 21 12 25 41 19 12 36 22 11 18 41 18 25 12 
27 20 23 12 17 37 22 14 27 19 23 40 31 19 28 31 22 22 11 26 10 33 30 23 22 9 21 14 28 35 18 10 51 17 10 5 13 27 26 26 
29 37 15 15 14 26 28 13 24 20 21 13 34 34 24 19 27 14 25 22 15 29 25 36 19 29 24 14 19 15 14 16 33 23 9 22 18 18 24 14 
36 27 28 17 23 33 19 11 26 28 14 30 28 25 19 13 11 21 20 25 31 28 22 36 28 32 23 8 10 35 18 13 30 12 8 23 29 19 34 31 
22 17 21 19 14 27 33 13 29 31 16 31 42 18 13 20 21 19 21 27 19 35 21 22 31 32 9 16 28 19 19 13 9 17 19 17 34 12 44 24 
25 23 36 12 17 41 24 18 20 16 14 23 35 32 20 21 20 19 8 24 15 27 18 27 19 16 9 14 8 23 22 15 27 10 20 18 31 18 30 16 
18 19 20 17 19 36 27 8 20 24 18 26 18 22 29 33 24 16 17 12 20 24 22 22 36 21 16 13 23 45 20 23 34 19 17 20 32 9 27 15 
33 30 24 18 7 39 24 13 35 20 23 25 31 29 23 18 21 19 20 9 23 22 19 17 14 26 20 14 16 42 14 17 40 10 15 22 26 17 18 31 
29 34 23 17 18 36 15 13 21 33 24 15 26 15 20 22 30 25 26 18 18 16 14 25 15 25 23 13 19 32 16 12 25 18 18 11 23 10 30 20 
17 27 16 8 19 42 16 24 15 22 17 23 16 23 21 36 16 24 15 28 16 44 21 33 24 26 27 20 23 32 18 11 42 19 23 14 44 16 22 17 
35 38 17 18 12 29 15 14 19 25 5 26 35 35 20 27 22 24 18 21 9 24 17 15 27 24 12 8 28 25 19 10 34 10 20 22 18 20 19 21 
29 32 27 13 21 26 19 22 19 29 20 37 27 18 11 30 19 28 11 17 24 28 18 26 14 37 15 18 24 29 19 15 30 20 18 16 38 15 43 29 
32 29 24 19 19 27 21 24 27 27 19 22 19 21 24 26 26 30 7 14 23 34 16 27 24 37 18 19 26 26 22 10 42 27 10 16 40 18 40 19 
36 17 23 11 15 22 20 16 23 15 16 24 19 18 11 19 20 26 20 26 21 25 32 25 37 33 16 14 19 16 17 25 40 17 12 16 36 17 27 12 
17 24 18 16 17 20 19 14 26 21 20 24 36 8 18 26 19 25 24 11 14 18 14 22 16 34 17 15 26 22 17 9 18 26 18 15 15 22 30 20 
30 28 26 16 23 34 20 13 21 15 13 25 19 10 18 19 22 16 30 11 27 23 20 26 25 25 19 19 24 21 19 10 26 18 22 17 21 16 17 24 
21 24 24 8 20 28 32 15 26 16 20 25 28 28 22 25 24 28 22 22 7 15 29 30 13 41 27 13 21 18 15 15 34 17 12 16 26 8 24 24 
26 34 27 13 22 30 19 13 25 18 12 19 31 20 18 26 32 16 20 18 16 27 12 19 20 23 17 7 28 27 13 20 11 15 13 9 30 16 32 16 
37 22 20 5 13 43 22 12 17 21 24 14 32 32 21 27 29 21 15 18 20 35 25 23 32 26 29 14 31 42 16 9 28 18 16 10 20 25 20 11 
32 47 24 12 14 35 25 11 28 23 18 25 27 34 19 24 27 16 20 12 20 33 19 25 40 24 20 10 23 38 24 9 20 23 7 12 49 12 29 21 
29 26 19 13 15 18 21 21 40 15 20 23 26 30 19 22 18 25 18 15 16 18 11 39 15 25 25 14 24 18 18 16 29 19 12 22 30 16 30 23 
30 8 10 20 15 37 18 17 28 21 21 22 14 28 15 24 25 17 16 25 19 21 9 15 28 34 21 14 20 16 18 7 18 15 19 27 24 12 24 16 
34 30 33 19 11 32 40 17 23 23 20 21 5 26 22 21 17 20 25 18 17 20 19 34 18 33 19 16 23 44 30 19 27 19 7 12 27 10 24 12 
35 21 19 21 17 37 22 19 21 18 20 25 23 22 24 19 13 4 16 14 23 29 21 31 40 26 31 10 19 15 18 17 42 25 21 16 25 13 31 17 
20 24 36 16 16 9 25 14 25 31 23 25 32 33 17 36 12 20 26 16 17 30 19 26 15 41 23 16 23 32 12 9 24 23 18 18 34 23 25 13 
24 47 22 8 13 24 9 18 37 17 17 23 36 24 21 35 11 29 18 17 32 30 20 23 36 29 10 20 11 20 23 18 28 21 13 20 23 17 10 15 
26 34 14 15 13 32 26 19 27 20 18 15 21 36 19 27 24 19 19 17 25 16 20 21 36 31 21 19 24 34 13 14 34 19 12 21 22 24 34 15 
38 34 21 18 15 40 26 18 22 27 21 29 30 21 21 12 17 18 25 17 21 27 27 30 27 17 20 12 12 37 19 17 34 22 13 22 16 12 29 21 
39 34 6 20 20 36 23 8 24 25 10 41 23 27 19 31 25 17 6 22 9 23 17 19 22 28 17 12 22 12 16 15 25 22 16 16 36 14 45 11 
30 28 27 12 14 26 18 17 23 29 11 25 32 26 23 21 17 18 21 26 25 27 32 34 19 22 27 9 29 27 19 11 35 8 14 15 42 16 33 19 
39 26 22 15 26 14 25 13 27 30 13 36 33 33 12 46 19 24 21 20 23 26 19 15 16 36 29 19 14 15 20 24 33 15 19 19 29 14 47 17 
19 36 20 5 21 42 27 17 27 21 19 19 21 44 8 19 10 16 23 20 25 23 23 26 26 34 20 17 29 9 12 10 32 7 11 24 33 15 28 23 
31 40 20 15 9 28 22 8 12 22 16 17 31 12 23 21 17 24 15 15 23 22 22 16 42 31 18 15 23 29 21 17 24 16 18 13 13 10 20 18 
24 30 20 13 10 26 27 21 27 20 19 16 35 37 30 31 14 20 27 15 23 34 10 34 29 29 22 16 31 23 24 19 34 10 12 18 29 23 28 18 
31 39 24 14 14 27 31 18 24 30 23 20 40 24 29 23 11 21 27 14 21 24 13 27 20 25 21 13 19 21 17 12 22 20 18 25 29 13 23 25 
25 33 12 17 17 37 13 18 20 20 11 29 26 22 16 35 16 19 24 18 25 24 25 32 35 28 25 5 15 23 25 20 25 8 11 14 43 13 36 22 
24 36 18 19 22 27 30 18 18 31 13 40 31 22 17 33 31 23 20 18 32 34 20 39 25 30 20 11 16 18 19 18 36 19 14 13 27 18 25 11 
38 26 23 15 19 29 19 15 24 18 15 29 33 20 10 26 28 19 21 23 21 22 24 24 18 43 21 12 21 33 12 18 33 28 18 16 31 16 24 29 
24 28 26 13 19 32 27 11 20 21 14 19 16 24 17 39 30 22 17 26 14 31 15 19 21 24 15 13 17 24 21 16 46 22 17 15 18 15 37 18 
23 14 13 20 16 28 24 20 20 24 16 34 35 19 19 15 31 21 16 27 16 21 22 15 30 22 22 16 20 29 21 16 34 13 18 19 31 14 19 22 
20 37 32 10 19 42 21 17 17 14 24 22 27 31 25 31 16 23 21 20 9 33 26 27 36 30 36 14 21 25 17 10 17 18 11 23 44 18 32 17 
37 29 29 20 21 11 11 16 10 20 9 24 43 21 17 13 27 8 32 18 9 40 29 32 16 30 16 14 30 38 27 17 45 19 21 18 23 14 28 23 
43 27 36 24 17 30 25 11 30 21 19 26 25 22 10 27 14 28 25 21 15 29 15 19 24 36 23 18 31 20 19 20 45 21 9 17 41 19 27 22 
36 25 16 18 13 28 24 19 35 23 18 30 35 28 16 29 18 8 23 23 25 26 25 30 34 40 4 10 18 28 22 13 40 17 12 15 29 25 25 24 
33 40 19 15 18 34 22 17 21 23 21 25 29 22 7 31 18 33 17 14 26 31 12 20 22 27 18 16 25 29 18 11 27 13 17 16 12 12 13 11 
18 32 24 21 18 20 16 18 26 21 29 39 26 18 10 21 20 30 21 29 20 16 27 22 25 26 28 13 15 30 20 12 35 29 10 8 36 20 19 20 
29 22 28 14 14 30 12 8 27 23 18 20 45 29 16 29 16 18 16 11 24 19 24 40 32 29 19 11 18 16 14 17 24 20 14 22 34 10 24 9 
28 30 22 17 14 41 28 16 25 17 8 28 13 23 3 33 17 22 18 14 13 37 29 24 33 28 18 15 11 30 21 17 21 21 20 23 31 16 30 19 
38 28 18 9 19 22 25 14 20 27 12 20 36 25 11 26 20 28 28 13 30 26 30 15 38 44 14 13 27 20 23 14 22 17 14 15 23 22 22 28 
13 3 24 20 16 24 15 13 17 23 21 23 25 26 18 33 27 18 23 22 16 30 32 18 20 28 22 18 19 28 15 14 29 20 10 15 17 10 34 25 
15 32 29 13 13 22 18 17 29 21 18 23 29 23 23 26 12 15 19 14 23 23 28 26 24 24 18 14 27 29 21 13 34 25 16 17 22 10 26 17 
31 34 30 21 11 35 22 12 25 21 26 40 24 33 16 36 10 15 21 26 19 17 13 35 19 19 21 19 23 26 21 16 45 23 11 25 34 24 15 19 
42 20 31 16 11 31 17 24 19 12 22 21 33 17 16 30 25 26 20 23 22 13 21 24 21 47 17 16 21 40 15 14 36 17 15 10 31 13 35 19 
20 19 19 14 8 32 13 14 13 19 17 21 26 31 20 22 23 24 26 15 9 38 20 18 29 23 31 16 23 20 15 18 50 16 14 18 37 8 36 7 
18 46 27 21 13 31 18 19 29 23 13 34 39 23 28 22 17 38 26 12 25 46 16 26 17 32 14 17 20 32 8 13 40 21 20 21 26 15 8 11 
28 28 21 14 24 23 18 17 19 18 25 30 18 31 15 28 14 17 3 11 9 29 27 26 27 29 17 22 27 36 17 10 28 18 12 16 19 11 26 21 
31 36 16 21 15 31 26 13 26 18 25 42 28 20 20 30 20 16 23 20 18 29 7 24 24 34 7 15 19 19 12 13 21 24 15 28 20 20 32 22 
31 36 24 4 16 34 18 13 22 19 20 27 39 28 22 27 15 26 16 17 14 15 17 27 20 35 24 13 14 18 16 18 22 19 13 19 27 18 30 16 
23 23 26 12 15 21 19 21 27 24 22 25 29 24 16 22 24 29 15 26 24 21 30 17 21 25 26 19 14 28 23 20 31 18 8 19 22 7 43 13 
30 31 16 10 10 21 12 21 20 22 24 24 34 26 20 35 33 34 11 18 17 23 29 22 31 30 18 16 19 13 32 15 21 22 12 15 36 21 17 22 
25 38 24 10 18 18 20 23 22 13 28 24 28 24 18 22 23 17 17 17 29 30 29 21 12 16 22 13 15 23 14 20 27 20 8 18 19 16 24 18 
32 33 11 15 18 31 22 30 18 25 23 13 29 24 17 21 20 20 22 21 22 34 21 24 23 21 25 16 21 18 14 17 18 11 19 23 16 17 22 13 
44 36 20 15 21 34 16 17 33 21 17 21 26 44 18 32 7 5 25 16 15 27 24 15 27 20 16 18 22 14 25 10 49 16 17 25 17 21 29 23 
35 29 26 22 10 27 27 20 15 28 21 17 22 20 15 32 22 23 27 9 30 23 19 10 39 44 18 13 9 26 15 18 47 10 14 27 37 19 30 21 
30 31 21 24 18 22 20 17 29 21 19 26 18 30 10 20 19 17 16 22 12 28 14 22 29 24 16 6 25 26 21 12 18 10 17 20 35 16 13 22 
37 46 15 14 18 23 16 15 24 22 20 19 26 18 21 23 28 20 20 15 28 34 28 23 24 37 17 18 21 28 15 17 30 18 24 14 34 22 36 17 
41 29 27 20 24 29 25 15 19 28 16 16 20 13 25 24 28 22 12 17 16 36 14 29 15 27 23 11 21 34 17 6 42 14 12 13 22 17 36 17 
27 27 26 12 12 12 17 16 28 22 19 41 25 26 18 26 18 23 31 16 17 21 11 23 29 33 24 20 26 23 26 18 28 14 23 20 19 21 29 33 
32 18 17 17 13 18 24 13 22 17 23 38 29 34 26 14 21 30 19 8 23 21 13 34 29 19 31 9 30 38 18 12 22 17 15 25 16 11 28 19 
18 54 20 17 19 27 39 16 11 20 17 35 38 20 27 41 19 26 24 21 20 14 23 26 16 16 14 10 16 27 22 8 29 19 20 19 22 16 28 15 
25 15 21 15 15 17 24 18 23 21 30 10 27 17 17 26 19 18 16 6 19 17 30 20 36 32 15 6 26 31 22 12 40 15 24 21 10 30 17 22 
27 48 23 6 24 18 24 16 13 12 10 24 46 21 17 10 20 17 28 14 14 30 18 35 20 32 32 14 23 38 22 20 37 17 13 17 11 13 18 23 
15 41 21 11 15 37 15 18 16 33 25 12 26 24 21 39 24 24 20 16 12 35 22 6 30 25 16 21 18 32 17 15 32 17 7 21 21 12 17 14 
30 31 8 10 21 11 21 19 19 30 15 27 48 30 22 16 19 23 23 24 8 25 22 33 14 25 19 17 11 23 14 8 33 8 10 17 33 14 20 18 
27 47 22 11 9 26 14 13 22 15 21 22 26 16 20 27 14 30 32 21 32 20 22 29 26 28 20 12 7 40 20 18 29 17 19 15 34 14 23 20 
24 27 24 21 13 30 25 19 25 9 23 27 29 36 27 22 8 29 25 22 15 47 22 29 40 32 26 13 30 35 15 12 42 18 14 14 40 25 21 24 
28 32 11 10 15 36 25 22 33 32 20 22 15 35 14 29 10 13 30 23 18 23 29 16 34 23 20 12 21 43 17 15 29 19 15 14 21 16 40 11 
17 35 24 15 19 23 28 19 22 21 28 15 26 32 22 26 12 23 28 14 22 38 19 39 37 23 22 24 23 23 19 14 40 13 21 18 33 7 32 17 
18 20 27 17 17 33 26 26 22 23 19 25 26 30 25 29 17 17 20 25 20 31 28 31 25 28 16 12 26 18 17 20 36 25 16 18 32 18 26 18 
18 33 21 13 18 29 26 18 33 20 21 21 28 34 18 27 13 15 11 24 5 16 18 25 32 28 22 18 19 35 9 13 34 11 13 14 38 18 44 21 
26 46 9 13 24 33 20 18 25 21 14 17 40 25 16 26 18 19 25 22 16 17 22 24 29 23 22 19 16 18 23 12 34 20 15 12 34 20 27 26 
32 20 22 20 19 41 23 17 29 19 25 22 24 29 4 27 9 23 20 11 17 34 27 20 8 25 22 11 17 32 19 17 30 23 17 22 28 21 37 24 
35 31 21 9 14 20 16 12 17 15 24 37 25 36 24 26 21 15 22 27 20 34 25 30 36 36 13 15 20 28 20 12 36 22 14 23 23 15 13 8 
34 35 24 25 19 34 29 9 40 29 26 30 37 30 23 35 22 17 13 14 28 21 24 31 33 26 26 18 27 19 19 20 33 17 16 23 25 18 20 19 
40 37 24 8 20 25 26 11 15 26 13 18 16 27 15 20 24 25 21 17 16 21 16 25 28 9 19 12 17 27 20 12 22 24 14 16 33 21 36 15 
31 18 12 27 15 25 24 18 29 26 20 20 25 32 22 21 21 34 16 20 31 29 8 24 27 31 18 22 15 36 21 15 38 14 9 14 26 11 21 18 
27 23 26 14 23 26 20 19 29 27 25 31 32 13 22 28 15 26 24 14 24 28 26 22 38 27 18 18 19 10 19 12 24 12 18 20 32 13 39 25 
25 27 18 14 19 28 19 14 26 24 17 19 24 20 17 26 25 17 26 19 16 21 17 31 23 32 14 18 9 31 24 16 39 11 18 14 28 15 27 28 
22 38 22 16 13 28 18 22 28 24 21 26 34 23 21 5 23 26 27 19 22 18 20 26 24 12 18 8 16 34 19 16 28 25 15 13 26 23 29 14 
26 11 34 15 17 28 6 20 21 23 21 15 32 9 22 27 11 16 25 9 21 26 13 24 29 24 24 18 27 17 27 11 22 14 9 18 23 23 27 19 
14 29 12 19 20 37 20 12 25 31 15 32 34 18 14 34 34 22 21 18 12 31 26 14 21 27 20 22 22 19 16 10 32 21 19 26 25 20 27 20 
35 37 20 15 16 25 32 16 23 27 21 30 23 23 14 31 28 21 18 22 12 30 34 19 26 20 18 15 25 28 31 16 38 29 13 13 24 18 51 17 
21 31 13 22 15 34 20 15 17 16 21 33 19 21 18 28 22 35 22 14 17 17 23 27 31 22 12 23 22 37 11 15 33 17 12 24 25 23 9 20 
17 31 29 12 14 25 18 22 29 17 18 15 26 18 28 17 17 17 31 19 9 19 19 26 24 27 25 12 17 23 13 15 31 19 12 14 34 20 22 13 
35 30 24 15 10 20 20 9 12 20 18 16 37 22 15 32 19 35 12 15 6 10 18 26 34 32 8 16 21 13 17 15 33 19 19 20 31 21 39 18 
10 20 26 23 16 28 25 12 24 19 19 28 25 26 22 12 24 23 15 28 14 20 18 26 15 22 7 14 20 35 28 15 31 15 14 21 17 18 17 17 
38 23 22 14 24 52 20 12 23 24 14 24 22 25 33 27 33 21 30 12 22 25 22 25 24 17 22 17 17 39 25 29 31 20 18 16 37 14 27 19 
21 47 22 9 10 10 19 18 17 34 24 12 39 26 23 34 17 29 24 15 20 29 22 12 45 15 25 25 28 15 27 18 32 3 14 23 20 16 24 23 
18 34 25 11 10 13 20 21 27 19 21 19 37 24 23 40 18 18 17 20 27 18 20 13 27 15 32 7 12 19 27 17 25 20 13 19 36 20 27 12 

MachineCapacities:
MachineID Capacity
0 10
1 10
