NumTasks NumMachines NumScenarios
20 2 100
TaskDetails:
TaskID ReleaseTime ResourceConsumption SuccessorsCount Successors...
0 0 7 1 2 11 12 
1 0 6 2 4 11 12 13 14 
2 0 7 7 2 10 12 
3 0 8 9 1 14 
4 0 3 5 3 8 10 11 
5 0 2 3 1 11 
6 0 2 4 2 11 12 
7 0 7 4 1 11 
8 0 4 4 2 12 14 
9 0 1 9 0 
10 0 6 3 0 
11 0 5 2 0 
12 0 7 9 0 
13 0 2 6 0 
14 0 4 7 0 
15 0 10 5 0 
16 0 5 7 1 19 
17 0 5 4 0 
18 0 8 7 0 
19 0 5 8 0 

12 22 24 30 12 18 21 12 22 36 14 22 10 13 21 20 18 17 14 15 24 14 30 26 27 17 22 21 45 37 36 26 33 27 11 33 31 20 24 18 
14 15 27 32 15 26 7 22 12 32 34 24 15 16 30 21 17 21 32 49 16 10 37 27 30 20 33 23 32 34 25 23 17 22 19 30 14 19 22 22 
12 30 11 19 15 36 19 22 10 21 28 42 17 16 28 19 15 22 17 35 18 13 25 17 31 17 33 19 29 30 24 34 26 13 17 28 24 24 24 34 
26 31 14 33 15 31 31 22 20 25 30 25 12 13 32 13 17 15 32 26 16 20 17 27 18 29 30 17 34 38 21 26 34 28 13 25 18 23 24 28 
30 26 17 48 10 27 18 18 24 31 33 30 13 21 28 17 18 15 22 26 20 18 34 25 32 29 40 15 21 30 28 21 27 31 9 17 22 24 32 20 
31 18 21 29 11 24 29 17 9 32 35 28 14 13 26 18 17 27 34 12 14 18 32 15 27 32 16 23 18 34 25 27 22 19 15 36 21 25 30 22 
20 22 13 22 18 12 16 21 18 32 34 24 16 8 29 24 7 27 16 25 16 19 19 27 35 25 22 21 29 27 17 24 16 26 13 40 31 21 16 18 
24 26 16 24 15 25 23 31 7 21 16 29 18 13 39 16 19 16 27 25 16 19 39 28 21 30 24 18 36 29 26 21 18 21 23 26 28 15 44 25 
25 31 18 18 18 15 18 12 25 5 42 31 13 25 16 18 19 13 24 10 23 15 31 17 26 19 32 19 30 30 38 21 21 22 23 25 25 18 18 18 
18 18 27 30 16 22 25 12 12 24 37 19 21 21 32 16 20 14 28 32 14 17 31 26 23 22 39 34 28 46 23 19 37 19 18 20 26 23 34 26 
25 30 15 18 13 35 17 31 21 43 40 11 18 15 16 20 25 13 36 20 25 8 33 22 35 21 23 24 27 38 24 17 26 19 22 21 16 12 27 38 
25 29 6 24 4 23 13 17 16 28 23 16 12 20 24 15 11 16 29 11 25 17 31 29 24 27 22 22 38 36 29 28 20 23 15 20 20 24 28 20 
11 32 14 29 7 28 26 19 18 22 30 28 14 20 34 11 14 19 19 32 10 18 32 17 21 23 44 24 21 36 13 32 14 26 6 24 28 18 26 20 
21 27 18 33 16 30 18 21 19 11 30 20 15 18 22 20 13 21 26 15 22 15 17 21 34 24 22 27 22 36 32 43 20 23 17 32 12 19 23 31 
18 27 22 25 12 25 33 15 19 29 33 31 20 12 13 14 10 17 39 33 28 21 41 35 29 26 29 29 29 28 25 24 6 32 12 24 19 19 10 20 
19 27 17 29 20 15 14 14 16 23 31 25 19 12 15 18 9 19 31 27 14 15 33 17 20 31 25 21 34 15 21 31 22 13 22 56 27 18 22 32 
26 30 17 38 17 20 16 12 23 29 31 20 19 28 30 20 16 20 28 20 14 11 35 23 29 26 33 26 22 22 16 38 31 14 7 30 20 17 20 34 
22 23 28 18 16 35 27 16 19 26 17 42 4 14 24 16 15 27 18 16 25 20 19 15 24 39 33 9 25 40 24 39 19 27 21 37 31 25 31 22 
24 33 15 28 13 38 13 31 17 28 39 15 14 8 30 15 26 19 21 22 16 17 45 17 21 23 30 25 19 14 30 15 19 15 23 35 23 17 23 10 
10 15 15 35 19 16 26 10 20 29 31 43 17 22 23 13 12 20 37 37 22 12 38 30 20 7 17 22 23 31 16 9 18 25 21 24 18 14 26 25 
18 29 23 26 18 26 33 26 17 26 22 35 19 25 30 14 18 16 25 33 21 14 49 24 19 24 30 17 31 38 23 30 29 21 17 44 31 14 26 21 
30 30 23 18 14 33 31 17 9 28 25 37 10 19 35 5 11 21 23 30 26 22 28 28 31 14 26 25 26 38 24 34 30 18 18 39 30 17 21 22 
25 33 19 24 13 20 26 28 15 32 22 28 18 14 33 29 19 13 26 43 23 21 24 19 24 24 20 7 25 48 25 8 25 25 29 23 19 21 37 41 
7 31 15 18 17 32 17 25 9 26 27 25 14 15 12 14 25 27 26 27 12 12 38 23 21 14 41 22 39 30 11 17 11 23 5 10 37 17 30 32 
22 22 20 21 12 18 17 26 17 34 37 23 10 15 23 17 14 19 19 28 21 19 23 33 29 23 28 22 28 34 22 20 7 28 13 30 29 15 25 27 
18 21 16 30 14 19 20 27 20 16 28 22 16 11 28 15 18 13 31 24 23 13 23 21 34 19 33 17 30 6 20 27 20 19 13 33 26 33 17 16 
19 26 21 29 15 25 25 19 16 23 46 23 19 18 15 12 12 25 18 26 22 17 40 22 23 24 38 15 36 36 33 37 28 13 21 30 28 20 25 26 
11 38 20 33 11 29 7 18 12 38 12 34 15 14 32 22 23 14 30 27 16 16 23 24 31 19 20 20 35 35 24 32 12 25 17 27 25 25 13 28 
16 35 32 15 17 24 17 22 11 18 38 25 12 13 41 22 15 27 7 20 16 18 30 21 11 30 17 21 27 28 16 28 31 31 12 37 24 22 18 26 
26 16 17 23 21 28 27 20 15 20 23 16 18 18 32 10 15 3 27 24 25 18 24 19 22 31 39 18 37 21 25 23 16 23 19 45 20 15 27 13 
15 17 30 32 14 30 18 16 11 27 21 33 13 25 24 13 26 25 28 35 18 17 25 20 31 15 28 17 29 34 26 34 21 20 8 31 18 20 19 33 
22 24 9 24 14 15 25 15 18 38 24 23 21 9 28 13 18 19 29 34 28 10 35 28 34 27 22 19 28 29 29 19 32 22 18 31 27 13 27 20 
21 30 18 16 21 28 8 18 14 28 37 30 16 13 36 17 25 21 17 32 16 18 21 18 21 38 32 25 41 44 21 27 24 16 14 29 15 23 27 21 
20 36 20 39 13 12 33 3 16 18 15 34 19 12 36 11 22 17 28 19 21 15 32 27 30 17 19 22 35 27 14 20 33 25 13 37 22 20 25 24 
20 25 15 35 17 16 30 14 13 28 29 27 20 11 37 22 11 12 17 39 21 20 21 23 21 30 27 34 27 31 17 41 34 19 24 12 24 21 35 27 
16 19 21 32 5 23 24 16 17 24 10 21 23 14 36 13 15 9 28 14 18 19 39 16 16 30 31 16 17 28 19 35 34 14 24 34 26 23 30 21 
11 30 30 19 12 49 26 19 21 32 37 15 17 10 19 19 22 19 21 22 21 13 21 22 41 22 8 22 28 38 18 12 15 37 18 36 13 35 33 33 
23 32 21 33 19 31 33 15 13 26 37 17 14 26 20 15 16 21 26 39 10 22 22 24 15 28 26 28 19 36 16 20 28 25 13 23 31 7 31 29 
24 29 21 31 8 36 23 16 11 25 21 26 12 20 46 14 19 19 21 25 21 15 19 25 39 17 37 28 29 34 29 25 27 21 15 40 19 23 23 30 
19 16 20 18 17 29 22 20 9 38 23 31 15 9 28 23 16 25 32 29 12 20 37 21 37 30 33 24 19 19 31 34 17 17 18 27 14 17 14 17 
25 33 23 19 15 19 25 29 14 28 35 31 18 11 33 17 22 23 18 22 22 10 41 18 17 35 41 24 37 29 28 24 23 24 19 34 12 24 20 29 
28 17 18 19 15 29 39 17 9 17 26 33 22 19 39 11 17 23 29 28 19 23 31 19 23 27 31 25 26 25 23 20 27 28 7 32 17 14 29 20 
18 23 25 23 17 25 16 12 13 26 25 24 17 28 24 12 20 18 31 39 28 12 30 31 20 28 38 15 31 18 17 28 25 20 15 23 26 25 14 23 
15 21 22 22 9 20 27 25 14 23 29 20 13 15 23 16 12 14 27 22 23 11 51 35 17 18 35 20 12 24 20 22 18 15 16 30 30 17 28 27 
16 24 27 45 16 19 18 12 16 26 28 26 17 18 34 12 15 19 36 32 19 14 25 17 22 21 42 16 24 46 22 39 30 32 25 32 27 17 42 22 
24 31 21 7 11 17 30 27 15 27 25 15 11 15 13 10 17 15 25 31 23 18 44 20 20 16 39 15 10 41 21 28 24 29 17 38 23 18 33 16 
16 12 22 20 6 22 33 20 10 31 35 27 24 18 35 17 22 19 28 23 18 17 36 16 24 23 28 22 26 20 23 23 19 19 16 20 25 17 31 23 
31 19 18 14 15 10 21 14 19 37 30 26 16 13 35 22 22 21 22 14 19 17 17 22 15 23 30 18 44 28 30 26 24 26 19 23 15 32 16 20 
17 30 35 16 18 29 20 18 13 19 20 30 13 18 11 21 19 17 33 32 13 12 34 30 22 23 37 23 42 25 14 26 37 21 9 30 23 28 8 23 
21 25 11 26 7 19 16 19 16 39 27 31 11 11 32 15 22 25 26 26 18 16 23 22 19 21 32 11 23 28 22 27 35 24 16 33 36 17 32 16 
15 28 27 32 18 18 16 16 21 7 28 18 12 12 24 20 22 22 26 26 22 22 29 11 28 15 39 20 10 15 19 24 34 25 21 26 25 18 39 16 
12 23 28 26 13 18 36 25 10 19 20 26 11 22 31 16 14 17 31 31 27 9 32 20 32 27 33 24 34 22 23 24 10 23 17 35 21 16 31 27 
18 13 24 29 14 20 28 24 14 25 30 44 17 24 23 8 5 31 34 26 18 19 18 23 22 18 30 24 29 20 19 32 26 25 22 13 21 13 14 19 
14 32 21 53 8 23 21 18 13 35 31 28 14 18 33 11 15 22 22 21 23 15 34 12 35 30 26 23 16 21 17 36 24 17 15 15 23 26 33 34 
13 29 21 36 14 15 31 11 15 27 47 31 22 19 30 18 4 12 23 26 13 20 28 22 23 28 14 31 41 20 26 39 26 38 11 24 26 23 19 28 
11 26 17 43 17 29 23 17 18 24 29 17 11 12 30 14 17 19 29 33 21 24 27 25 26 25 14 15 27 17 24 31 17 33 12 23 25 22 23 21 
18 23 25 21 15 14 20 16 10 13 23 26 16 21 23 15 13 14 29 28 17 15 42 8 23 28 44 17 26 44 25 12 17 22 15 35 18 23 28 31 
12 28 15 29 16 11 16 15 12 39 31 33 21 16 26 15 22 23 13 26 23 16 30 15 24 26 30 24 18 23 31 44 14 30 19 31 21 23 35 17 
15 34 16 30 22 30 18 25 10 23 26 18 17 23 36 17 16 20 31 29 27 20 28 23 17 23 20 25 21 28 20 27 20 17 13 18 18 14 36 20 
22 29 17 32 14 19 26 22 12 22 22 15 20 15 28 15 23 19 21 26 32 16 35 26 17 16 26 16 29 36 19 28 34 18 14 31 17 16 25 23 
24 35 18 12 11 30 25 7 16 28 29 33 14 18 44 10 12 22 32 31 15 16 41 33 21 25 30 22 18 29 24 31 47 23 21 27 22 27 28 41 
11 23 29 34 7 28 19 22 14 44 38 24 10 19 44 22 16 16 34 18 7 22 21 25 29 30 30 18 10 31 17 32 30 30 14 37 36 34 15 35 
19 26 24 31 18 25 38 16 18 32 25 27 19 10 22 15 17 19 32 22 27 13 27 25 31 23 32 13 26 33 22 20 18 11 13 34 23 36 34 24 
23 52 24 17 21 20 32 13 12 23 36 23 12 21 20 11 19 25 24 31 26 16 18 11 23 17 26 26 36 18 33 30 33 22 11 31 24 19 29 23 
17 16 30 28 17 28 27 20 16 19 31 25 8 14 25 14 28 14 22 29 23 18 22 19 26 18 23 23 19 26 22 41 22 27 10 22 20 24 21 22 
27 26 22 40 22 19 25 18 13 36 29 19 9 12 25 13 13 17 33 23 21 12 36 16 25 23 23 21 35 25 19 35 27 29 26 20 24 23 29 31 
8 35 12 25 21 26 29 23 10 32 38 22 13 29 26 12 18 17 25 17 15 15 18 31 31 30 34 18 22 27 21 21 16 33 21 40 26 22 29 24 
23 18 25 30 16 30 24 9 17 25 30 31 18 11 36 17 12 28 23 31 23 15 35 20 33 33 35 16 32 24 28 35 22 26 18 35 16 24 20 19 
23 34 19 26 23 19 13 18 17 28 30 23 12 20 32 23 21 24 30 33 16 22 13 24 23 18 21 18 32 27 20 23 15 25 24 32 14 19 28 14 
21 35 23 23 19 23 27 19 12 16 36 24 20 16 26 21 14 19 20 12 27 18 34 27 30 25 24 23 39 24 26 33 16 16 11 32 26 32 21 23 
19 25 22 39 10 28 24 12 21 16 37 36 15 24 19 9 22 18 22 41 11 20 26 31 26 19 39 34 30 38 19 20 37 27 11 33 25 18 31 21 
15 25 31 30 15 29 21 12 20 37 30 22 14 24 26 21 22 22 32 27 16 10 25 26 40 24 24 9 35 34 28 32 27 15 15 21 32 21 21 26 
10 29 12 27 13 11 22 20 7 22 33 23 19 23 15 18 21 26 39 19 14 20 40 23 22 16 33 30 32 24 20 25 20 16 18 17 25 16 28 25 
23 26 27 28 15 26 40 17 4 29 35 24 19 20 15 12 17 19 15 29 25 21 30 29 31 22 18 24 27 27 20 30 19 12 17 18 23 29 26 12 
22 25 18 25 15 26 19 19 16 26 26 29 18 13 33 12 21 16 29 45 22 8 17 19 27 20 34 21 32 24 26 29 28 34 14 29 15 7 26 40 
8 20 13 19 17 14 13 22 12 34 22 33 11 22 37 15 21 13 38 33 14 17 27 34 25 23 29 14 31 31 14 27 34 23 18 10 8 22 34 19 
24 21 18 19 11 28 28 22 12 27 25 25 16 14 22 22 16 11 35 42 14 18 40 23 31 28 21 16 41 22 28 36 24 21 24 27 15 13 35 33 
21 26 20 22 17 32 23 28 19 30 19 34 14 15 24 18 17 27 25 22 9 18 18 32 34 31 36 17 25 19 25 30 39 20 20 26 18 24 34 30 
41 22 14 20 16 20 15 21 19 24 22 25 13 21 42 15 26 26 39 35 17 10 24 29 31 22 26 22 27 30 21 28 32 26 5 29 26 16 28 35 
21 12 19 37 14 40 16 23 13 27 30 28 19 16 29 7 19 12 13 30 28 10 17 17 15 16 16 15 37 30 28 30 13 28 12 27 26 15 16 28 
10 19 16 18 18 16 28 25 13 27 30 32 12 12 26 17 16 30 20 31 17 13 37 18 41 15 28 25 34 27 17 26 26 31 18 11 21 28 16 34 
11 11 31 25 9 31 26 26 15 31 21 8 12 15 32 15 18 19 40 38 14 16 16 19 36 34 30 21 27 28 9 27 39 22 23 35 36 22 34 23 
25 23 19 32 13 31 28 22 5 25 31 30 14 19 34 6 15 23 29 21 9 11 46 28 24 26 37 13 25 37 17 26 25 20 21 29 24 7 26 15 
28 28 19 17 12 27 23 18 19 24 22 22 17 20 18 15 26 19 36 23 22 17 31 15 32 31 40 23 25 12 24 15 43 22 14 35 28 33 32 24 
22 33 19 20 9 30 19 13 13 39 22 14 9 17 31 15 27 26 34 31 17 17 34 23 19 22 22 21 27 20 17 27 20 22 18 13 24 27 36 30 
14 21 14 28 13 29 25 20 14 25 29 16 18 15 25 20 17 18 39 37 13 12 36 23 26 28 15 29 34 41 25 36 27 7 17 44 11 25 17 28 
22 28 13 17 12 36 21 19 14 27 39 25 14 20 14 18 17 22 20 34 22 17 24 37 32 32 45 17 26 17 26 24 27 21 14 14 28 9 31 18 
18 28 28 27 19 32 36 10 19 45 26 32 12 11 20 18 18 10 32 27 15 22 39 23 29 26 32 31 38 29 20 31 32 21 16 19 28 15 40 23 
13 24 16 18 10 28 28 14 12 17 25 23 8 10 27 11 20 25 39 32 20 21 38 28 24 17 31 13 26 11 20 34 18 21 17 19 14 26 30 29 
21 23 19 11 9 26 35 21 17 28 37 24 10 22 16 21 25 24 24 40 16 19 23 18 21 33 21 24 36 27 28 25 31 28 20 29 31 14 31 14 
25 29 16 48 12 26 27 16 15 40 27 18 12 18 21 14 17 27 16 24 18 15 39 15 27 18 26 23 30 32 22 30 22 28 25 23 16 22 37 31 
12 36 16 33 20 23 31 26 7 27 29 41 12 18 17 23 15 16 41 21 20 9 28 22 34 33 28 33 27 22 24 20 19 26 12 37 28 15 18 30 
22 19 23 28 7 18 35 14 18 15 31 43 12 21 36 15 9 18 30 26 20 7 32 22 34 17 34 28 20 24 23 36 29 25 16 25 25 24 25 23 
25 22 20 21 14 25 32 18 20 24 21 26 12 15 15 12 17 20 25 35 31 12 21 25 48 22 15 20 26 43 25 42 30 17 21 31 25 20 31 17 
27 31 27 53 11 20 27 21 12 34 34 22 14 27 25 19 22 19 24 18 20 26 37 22 33 32 30 19 27 45 21 32 24 30 18 37 34 17 29 24 
12 25 25 25 13 23 31 16 18 23 30 7 20 21 18 20 21 16 31 31 13 18 28 31 26 19 36 19 24 32 13 46 30 18 23 23 30 15 14 20 
28 20 11 31 15 28 29 31 12 20 15 33 10 18 22 23 17 17 23 26 18 12 20 24 29 22 22 15 22 52 24 19 22 18 16 35 10 27 24 28 
31 18 16 41 6 23 26 19 17 37 32 37 17 21 22 19 21 12 22 29 23 12 23 31 28 22 36 25 31 32 22 28 25 27 15 26 19 14 24 34 
12 30 15 36 16 30 35 20 15 19 22 23 17 18 28 19 19 17 16 25 14 14 43 34 23 20 28 22 27 33 13 31 12 17 17 27 14 25 43 38 
16 30 19 21 15 13 16 12 22 41 10 18 17 14 29 20 19 8 32 29 16 20 32 22 23 30 27 29 36 30 26 28 26 17 11 38 15 18 33 31 

MachineCapacities:
MachineID Capacity
0 10
1 10
