NumTasks NumMachines NumScenarios
20 2 100
TaskDetails:
TaskID ReleaseTime ResourceConsumption SuccessorsCount Successors...
0 0 8 7 1 4 
1 0 6 10 3 4 6 7 
2 0 6 1 1 9 
3 0 6 8 1 9 
4 0 9 3 1 9 
5 0 7 8 1 9 
6 0 4 3 2 8 9 
7 0 5 8 0 
8 0 2 1 0 
9 0 2 8 0 
10 0 4 8 1 16 
11 0 4 6 3 15 16 17 
12 0 2 9 1 17 
13 0 9 2 2 17 19 
14 0 6 1 0 
15 0 2 9 0 
16 0 2 6 1 19 
17 0 5 3 0 
18 0 1 5 0 
19 0 6 7 0 

30 14 28 9 37 19 21 29 35 30 21 16 10 35 11 19 20 24 23 28 18 23 30 33 26 22 13 23 20 8 11 13 23 20 30 26 9 30 36 15 
34 22 7 11 23 15 18 38 28 21 27 28 22 27 33 17 18 23 15 11 28 15 16 18 16 12 19 35 16 17 48 30 15 18 25 18 26 24 34 23 
42 19 25 14 25 17 11 37 24 28 32 30 25 26 18 18 17 10 15 12 16 21 37 22 36 20 24 43 13 24 28 12 23 15 30 18 23 29 40 30 
20 26 27 16 17 29 18 22 28 20 10 19 27 31 23 18 23 24 22 11 16 18 26 8 33 17 27 34 17 14 36 21 26 14 18 11 27 28 27 23 
15 23 36 21 6 16 13 34 35 25 12 14 14 28 22 12 22 44 7 12 19 25 36 21 31 11 21 33 11 11 25 27 16 15 26 15 19 20 21 22 
37 21 29 16 15 22 14 15 38 24 30 24 20 32 28 23 14 32 9 10 22 25 12 26 17 8 19 34 12 21 24 14 30 23 15 19 16 27 22 19 
22 28 32 18 31 16 15 21 33 29 37 16 27 30 20 16 18 26 19 12 23 27 12 19 30 24 16 31 19 13 25 22 17 23 17 21 24 37 29 12 
21 29 37 10 24 9 18 13 20 12 23 25 25 35 19 10 23 26 20 14 23 26 30 21 22 10 13 23 18 21 33 19 25 25 32 23 27 27 31 8 
21 38 27 17 28 14 19 32 25 22 44 29 28 25 25 18 20 25 13 25 12 27 23 33 18 22 13 39 17 18 31 21 22 17 25 16 19 25 14 35 
28 23 26 10 30 13 13 25 38 22 35 19 22 8 13 23 23 20 9 17 28 33 15 23 31 12 20 34 19 14 25 26 26 24 10 12 14 22 28 23 
37 23 35 14 24 26 19 29 26 36 22 33 44 28 41 11 28 31 18 19 16 16 16 24 26 18 20 42 14 22 40 25 22 23 13 19 19 18 21 37 
18 16 24 29 14 21 20 33 35 29 26 17 37 23 32 15 21 28 14 22 15 21 31 32 14 21 17 32 18 28 16 24 13 16 29 13 7 35 13 22 
16 20 36 29 26 23 18 20 30 20 9 26 29 35 29 16 18 25 25 23 17 28 26 22 32 14 29 39 13 18 41 40 20 17 34 24 11 43 36 38 
23 34 35 19 24 23 20 23 42 33 23 21 27 27 20 20 24 17 17 23 13 23 28 7 21 19 26 16 21 5 13 25 24 21 27 17 11 24 25 21 
31 29 27 21 20 12 19 33 18 25 28 19 27 38 21 26 18 35 23 10 14 25 31 16 20 25 13 23 19 17 16 18 20 26 32 18 16 39 25 27 
36 22 29 5 18 23 22 34 32 27 28 14 33 39 25 18 31 9 13 22 14 27 21 30 28 20 21 12 15 17 23 25 25 12 10 18 21 16 17 16 
36 13 27 13 27 26 10 22 26 27 40 20 23 30 9 8 29 32 20 17 23 24 17 19 26 23 17 30 18 21 19 34 13 18 27 27 14 45 19 17 
25 30 32 10 22 22 16 18 13 24 8 12 39 30 13 22 12 19 5 27 17 13 25 20 34 21 24 19 8 12 33 37 6 20 39 23 21 27 40 28 
31 19 26 8 32 21 16 25 39 26 36 15 40 37 19 12 15 22 12 19 12 15 23 24 27 15 22 28 27 13 40 42 21 26 34 22 15 29 30 24 
31 23 34 22 24 24 23 17 29 15 23 22 36 31 20 25 21 33 15 18 12 9 17 21 30 16 23 32 16 23 31 28 15 22 27 16 14 37 28 21 
26 38 29 19 24 14 9 29 22 25 33 34 46 48 25 19 24 27 14 21 24 23 20 19 25 17 17 31 19 22 31 36 16 6 25 20 8 26 36 20 
38 29 20 33 34 26 11 29 22 28 32 27 31 16 30 21 22 23 18 15 18 22 15 18 32 17 23 17 17 14 28 24 24 17 4 7 15 12 35 24 
24 31 31 14 23 14 16 30 30 25 44 24 31 44 24 13 23 37 18 23 16 27 24 15 27 22 35 37 19 22 36 30 26 23 24 24 12 40 23 18 
16 35 40 15 29 23 18 33 38 11 23 19 24 33 31 20 19 25 18 20 18 29 33 16 33 7 21 45 10 16 24 32 33 14 18 15 19 30 29 28 
33 30 23 13 29 25 12 16 31 21 28 9 25 22 28 14 22 14 16 11 19 30 23 25 17 18 20 31 13 25 29 20 25 11 20 16 18 19 21 22 
34 17 35 24 32 22 13 30 32 30 23 27 29 33 35 22 21 30 20 14 23 20 20 29 26 15 17 26 13 18 26 23 21 14 31 17 17 35 27 13 
32 28 20 25 22 25 9 39 40 22 24 15 17 31 25 16 18 24 18 25 28 10 27 15 17 13 19 29 19 26 26 40 16 13 41 14 12 24 28 23 
45 29 40 18 32 27 17 17 38 29 25 24 30 40 21 12 10 16 15 21 25 10 19 10 18 27 14 33 10 20 30 31 18 15 23 32 8 27 25 22 
18 28 37 21 25 21 17 35 15 22 25 20 27 38 19 18 21 23 22 12 18 20 19 30 19 18 31 37 9 17 32 16 26 21 29 33 19 34 13 26 
34 16 27 12 20 22 12 29 33 29 16 22 30 37 13 12 19 37 17 14 17 25 19 9 30 12 18 12 9 16 20 33 20 24 23 16 22 25 31 22 
17 25 28 15 31 22 9 30 20 20 24 21 34 26 24 15 18 17 15 15 22 24 19 20 25 14 20 22 17 21 49 36 23 25 26 30 23 33 13 15 
27 25 16 16 18 31 17 34 32 20 30 25 31 36 27 12 27 40 17 20 19 20 19 13 27 13 19 25 12 10 29 30 20 22 26 21 24 33 23 26 
24 28 30 16 30 23 14 32 16 19 9 22 17 27 22 18 16 29 15 20 22 27 12 17 30 23 29 31 21 22 35 29 32 14 25 21 13 6 12 33 
42 21 35 18 24 22 10 23 34 18 37 26 35 33 25 13 18 21 19 25 27 18 29 27 16 24 19 27 10 13 23 20 28 7 31 24 19 36 23 20 
23 28 33 16 35 22 15 31 24 27 23 25 38 30 16 16 17 25 20 17 17 29 22 14 25 19 18 34 10 26 17 23 17 17 20 14 21 31 40 25 
34 31 31 13 6 17 19 15 34 29 26 20 30 17 13 18 20 28 9 21 24 21 26 20 16 30 17 39 10 13 29 25 21 19 9 23 15 31 15 22 
30 24 21 25 27 17 24 15 27 30 25 2 30 28 28 22 20 14 11 22 16 17 16 16 22 22 24 24 4 26 35 41 14 21 26 20 20 30 23 22 
29 14 18 12 18 19 6 30 46 29 38 32 30 38 27 23 25 22 15 20 20 14 21 25 26 16 18 30 18 20 27 36 20 14 32 27 15 28 38 30 
26 25 39 15 15 16 18 28 34 24 19 9 33 30 14 14 11 16 23 28 20 28 19 19 24 15 23 21 15 28 20 23 21 22 38 21 15 31 14 19 
29 27 23 16 29 10 17 22 28 21 30 24 24 38 21 17 28 23 7 18 33 30 19 24 31 15 29 19 20 1 24 30 14 19 18 11 23 27 28 24 
23 26 27 14 21 14 22 30 41 32 23 24 22 46 28 17 19 31 13 18 14 29 23 14 13 13 13 35 13 14 45 22 28 22 21 20 9 40 42 22 
46 30 33 8 37 18 13 11 31 21 32 24 10 39 25 20 14 25 21 21 15 29 23 30 41 20 15 42 11 14 6 23 33 20 33 25 15 36 33 19 
19 35 25 22 23 15 20 30 27 16 22 12 22 28 26 18 16 33 16 10 27 22 27 20 21 16 23 37 11 15 28 36 17 15 24 19 11 40 24 29 
22 37 30 17 24 24 18 24 28 25 31 19 22 34 21 19 20 24 10 20 12 25 20 30 12 18 23 32 14 24 27 23 22 17 29 16 5 41 25 24 
37 27 38 5 24 19 11 29 22 31 26 24 30 36 22 8 23 37 17 18 23 11 35 16 30 12 19 28 14 22 42 27 26 17 26 11 13 33 21 32 
11 18 30 10 20 18 14 33 22 19 19 31 17 32 33 11 21 9 15 21 23 20 25 17 33 14 14 29 17 20 41 43 26 12 38 28 19 28 23 5 
35 16 10 12 14 18 20 23 48 20 19 21 37 34 27 13 9 25 18 15 20 17 24 11 18 11 19 30 10 13 34 29 32 17 17 17 20 31 14 22 
32 29 29 20 30 18 12 32 28 14 22 29 32 20 31 21 22 34 12 17 23 23 19 30 20 23 25 30 15 25 14 29 20 26 25 22 20 22 24 23 
27 27 40 16 16 21 8 34 39 28 27 29 37 36 19 17 15 33 9 21 17 22 29 21 24 12 17 47 20 14 29 28 29 9 37 13 22 37 29 37 
29 30 15 8 19 21 17 9 28 32 14 27 42 19 27 16 16 17 15 21 17 25 18 26 29 19 13 32 17 24 35 26 14 14 27 16 27 35 23 28 
29 25 21 20 26 24 16 25 20 20 22 25 16 28 28 22 14 27 16 16 16 13 24 25 16 23 23 22 15 22 24 34 13 21 36 28 18 33 25 26 
37 18 33 3 29 9 6 14 27 28 24 10 30 43 20 29 15 23 16 14 16 18 33 8 26 17 22 31 17 13 31 55 16 18 18 10 18 37 32 24 
35 25 33 22 31 17 21 35 18 26 44 31 38 18 31 16 19 21 15 24 20 17 19 17 27 6 31 30 19 15 34 25 21 16 43 7 15 20 33 28 
33 24 28 23 19 22 16 19 19 20 28 27 18 41 24 14 13 35 17 15 34 6 33 19 22 16 15 29 13 9 22 30 20 19 16 20 22 30 33 15 
39 17 25 19 18 30 20 23 16 28 29 17 21 24 39 28 20 28 16 17 20 31 20 23 21 31 16 29 12 22 26 25 21 14 29 19 13 30 17 20 
19 26 20 13 23 22 17 35 33 21 24 14 29 38 31 23 14 15 17 12 26 22 17 24 24 19 25 39 10 8 22 23 22 11 24 30 18 26 13 18 
31 23 34 15 29 16 12 27 27 26 25 28 18 9 17 23 10 19 20 12 16 26 25 15 29 18 21 40 10 15 36 17 24 23 18 16 20 37 24 22 
29 37 26 11 30 15 15 11 25 21 29 31 35 26 27 22 20 30 24 21 20 20 18 17 27 19 19 31 14 14 27 43 14 18 27 22 15 34 21 23 
40 29 15 22 18 31 17 17 30 24 22 29 29 29 30 18 24 29 22 26 14 12 24 23 34 15 9 31 15 26 46 23 24 20 37 14 14 36 27 28 
34 37 33 17 23 25 18 31 49 27 21 11 24 26 19 14 19 18 23 24 14 21 26 24 26 22 28 37 13 24 20 32 18 21 20 11 14 30 28 25 
29 23 25 5 25 19 17 23 32 19 14 32 40 33 31 20 21 27 15 22 24 19 28 24 40 18 29 14 14 23 29 18 12 11 16 11 16 17 22 24 
29 20 27 28 30 24 18 22 23 27 29 21 35 38 17 18 13 25 13 21 15 18 16 12 16 24 24 44 12 24 32 23 23 12 15 25 21 28 34 17 
24 21 38 16 15 13 17 18 31 29 23 27 27 29 23 14 15 22 17 26 19 27 30 12 19 14 12 22 16 14 37 32 6 20 25 25 22 30 25 29 
45 24 9 10 18 22 19 22 36 22 15 24 21 46 22 19 21 34 15 14 18 28 16 38 28 15 12 28 9 22 33 15 26 14 30 18 23 26 30 25 
34 35 29 23 24 22 16 24 20 18 29 34 33 27 17 7 16 11 15 24 22 31 22 25 20 15 14 33 14 20 42 34 18 15 27 16 12 41 29 33 
20 36 24 19 36 16 17 26 28 20 19 23 18 26 31 16 10 14 19 13 24 25 8 32 27 22 12 40 13 16 40 19 29 20 21 16 11 43 16 19 
34 17 31 21 26 34 20 30 39 17 24 18 32 15 24 16 10 17 16 26 20 19 15 29 21 13 20 34 17 24 22 25 23 19 20 19 16 28 31 29 
31 15 30 11 8 17 17 43 27 28 42 27 34 41 22 12 15 17 25 24 17 17 28 18 22 18 15 32 14 17 17 28 24 20 25 15 10 30 27 30 
34 18 24 20 36 22 11 19 28 15 20 34 34 20 18 13 24 34 13 10 22 31 27 18 17 12 22 24 8 16 33 28 20 22 27 13 23 30 29 26 
46 24 33 10 39 21 16 27 33 13 24 13 27 19 30 19 21 32 15 11 19 28 24 17 15 18 21 21 19 17 24 32 17 11 25 26 15 24 29 27 
13 21 21 16 35 24 14 42 33 18 30 26 38 36 24 27 18 28 12 16 17 23 24 23 32 20 21 32 17 21 40 33 21 24 28 18 20 46 27 24 
28 21 25 14 32 20 14 28 29 14 14 30 24 25 19 12 23 28 16 11 19 19 23 24 23 22 15 37 16 9 37 25 9 17 22 20 23 28 24 18 
39 20 29 17 18 10 11 41 37 16 29 16 31 25 15 13 19 30 21 26 13 26 25 17 24 18 23 31 12 19 18 25 13 26 39 20 5 23 30 19 
12 34 22 22 15 17 21 28 10 16 27 30 23 39 20 23 8 18 19 17 7 33 16 17 21 19 23 32 16 13 49 24 26 14 26 24 25 29 22 30 
23 32 35 19 37 15 10 26 19 22 33 21 23 29 21 25 13 29 18 17 20 16 35 23 35 17 15 32 18 21 20 22 23 21 29 9 16 12 21 25 
31 23 21 22 19 24 19 20 19 14 30 20 27 22 19 21 22 19 20 22 18 30 32 13 23 16 17 35 11 12 38 25 19 12 23 12 14 36 19 19 
29 25 32 22 26 19 22 36 31 22 20 20 26 40 7 23 17 22 17 21 17 29 36 24 27 12 15 28 8 19 25 34 22 18 23 18 16 15 34 20 
34 20 28 22 15 25 19 29 29 26 27 19 45 36 13 17 14 16 15 18 21 23 30 18 27 22 22 16 25 11 12 33 18 23 34 35 23 45 30 20 
35 20 25 16 32 19 15 30 22 28 20 16 28 30 8 16 24 23 24 27 24 21 11 37 32 16 16 25 24 25 34 35 32 11 31 32 22 25 32 26 
37 22 25 11 39 22 16 24 35 11 32 18 36 31 23 28 23 22 11 12 5 18 22 22 27 16 13 31 19 20 21 20 19 22 38 16 26 35 27 20 
21 41 25 17 28 19 18 32 35 32 34 18 22 17 30 18 21 34 19 14 13 27 15 16 33 12 23 36 20 21 35 30 27 29 28 24 20 36 35 22 
37 28 31 20 21 25 9 28 19 23 25 29 47 20 24 24 13 30 20 14 25 28 12 33 26 15 17 26 11 15 34 19 28 14 20 14 16 26 29 19 
34 21 24 15 26 22 16 32 13 23 31 18 28 29 21 15 18 23 23 19 12 24 13 26 21 22 13 10 21 16 36 29 26 21 24 24 18 23 27 14 
28 11 31 18 24 25 12 24 29 13 32 36 3 39 20 10 21 21 9 27 12 23 22 30 39 15 23 36 17 19 29 16 37 14 31 25 13 33 19 20 
31 25 25 16 37 27 19 18 42 32 27 26 23 28 33 20 15 20 19 22 19 13 11 23 24 21 17 32 16 22 19 34 11 16 31 12 14 32 28 20 
26 23 26 12 27 16 18 21 31 35 30 17 31 20 29 17 21 25 16 23 14 16 21 13 19 15 25 16 11 17 7 16 27 23 19 16 17 20 25 27 
38 24 25 15 33 16 22 25 34 16 19 17 12 24 25 13 19 35 18 15 18 32 36 23 17 15 20 35 8 23 24 20 32 27 33 18 14 18 19 28 
24 24 38 15 27 17 19 20 34 23 29 17 16 25 20 15 23 25 18 13 26 18 24 16 16 16 14 12 15 18 8 23 18 12 34 24 10 22 33 21 
37 38 34 13 33 24 17 35 26 30 23 27 24 42 32 17 15 17 18 24 21 32 25 24 31 23 23 39 17 14 31 29 30 22 22 29 14 30 19 24 
28 33 16 16 25 16 19 31 37 40 27 17 33 44 27 23 12 30 20 16 22 24 24 22 29 15 24 27 15 21 28 26 13 23 31 19 18 28 27 19 
32 35 26 14 17 25 18 23 18 27 21 29 36 40 21 20 16 27 11 27 17 30 30 22 14 13 16 22 10 18 47 22 20 20 38 10 20 36 27 21 
30 29 42 19 24 14 15 28 21 22 31 31 24 48 21 13 12 23 19 19 12 20 25 19 25 14 22 21 12 12 28 15 17 26 23 21 26 28 33 24 
33 26 7 12 29 11 23 32 44 30 23 13 41 40 23 18 12 20 19 26 15 29 21 13 20 19 26 38 19 21 33 20 15 21 27 7 10 8 25 27 
20 21 23 21 24 20 13 20 25 22 19 25 16 18 20 33 18 30 16 14 19 31 22 8 31 11 16 31 19 17 17 30 26 19 23 14 24 24 43 14 
29 22 28 16 32 14 13 28 32 24 31 31 52 42 19 22 14 41 19 22 15 34 21 40 30 18 14 23 16 20 24 28 19 22 13 22 19 41 24 21 
24 17 45 17 30 23 13 17 30 12 32 34 35 24 24 21 19 18 14 21 14 26 20 21 38 16 19 22 20 12 38 23 17 24 16 14 19 37 32 23 
21 18 22 26 17 19 20 30 33 20 34 31 14 46 29 18 21 20 11 11 10 17 12 26 23 8 29 31 12 18 13 20 24 11 44 26 23 26 15 24 
26 39 38 23 37 19 14 19 35 30 22 24 25 30 16 14 20 26 17 24 20 21 26 20 27 9 19 16 16 11 40 21 28 16 45 25 16 34 27 22 
19 27 25 23 26 14 18 3 35 31 29 17 21 21 28 13 19 19 12 20 21 25 29 21 20 22 16 30 16 9 22 19 25 19 32 17 11 36 30 33 
31 9 26 19 27 12 16 31 37 34 19 31 42 24 24 22 22 29 10 9 19 17 25 26 15 13 18 30 17 20 25 26 22 22 29 11 16 34 16 28 

MachineCapacities:
MachineID Capacity
0 10
1 10
