NumTasks NumMachines NumScenarios
20 2 100
TaskDetails:
TaskID ReleaseTime ResourceConsumption SuccessorsCount Successors...
0 0 4 5 1 3 
1 0 7 6 0 
2 0 4 3 0 
3 0 7 2 0 
4 0 6 5 0 
5 0 5 5 4 6 15 16 17 
6 0 7 2 2 18 19 
7 0 7 3 0 
8 0 4 7 2 15 19 
9 0 2 7 1 19 
10 0 7 9 4 13 15 16 18 
11 0 5 1 1 19 
12 0 8 4 3 15 18 19 
13 0 7 4 1 19 
14 0 8 3 0 
15 0 4 8 0 
16 0 2 3 1 19 
17 0 4 2 0 
18 0 8 5 0 
19 0 1 4 0 

21 28 13 8 24 12 20 19 17 26 13 16 13 27 21 11 27 16 31 13 31 19 13 23 29 12 12 10 34 24 14 25 21 28 11 23 6 25 33 10 
17 12 16 25 15 4 26 26 14 26 29 17 8 23 17 17 34 10 25 13 24 19 38 21 27 15 10 19 36 21 20 14 20 29 24 18 20 17 35 12 
24 23 20 29 30 24 23 20 20 14 21 3 11 17 24 16 33 17 26 17 20 30 25 22 25 26 16 23 23 23 26 20 25 17 23 15 10 32 32 11 
23 32 14 36 21 11 6 27 13 16 28 20 18 29 13 13 36 9 34 17 16 23 20 21 29 21 17 18 38 22 16 23 37 50 23 17 18 22 15 18 
28 14 25 38 30 8 24 31 17 30 18 21 12 19 21 13 14 17 30 16 10 27 27 27 30 22 14 20 33 27 8 22 22 15 12 16 19 17 27 6 
18 27 24 37 21 22 18 24 26 26 37 14 18 25 17 14 34 21 30 18 18 25 24 20 26 12 16 23 20 29 15 12 11 23 11 23 8 26 35 11 
16 19 14 28 25 23 19 28 12 22 20 21 13 36 24 18 33 8 28 20 29 27 41 24 18 18 9 30 24 20 16 25 27 21 21 17 17 18 24 16 
21 12 11 45 24 15 15 12 17 37 16 23 21 19 15 20 32 19 34 15 30 23 25 19 25 9 11 18 42 13 17 17 16 12 18 19 12 26 16 14 
25 23 18 28 12 26 25 22 11 27 22 22 9 20 26 14 25 16 26 15 15 15 10 36 41 17 17 9 43 15 20 21 12 32 16 12 10 13 17 18 
13 36 19 26 28 21 33 23 9 34 24 8 11 31 17 14 21 19 35 10 27 28 22 18 27 15 16 18 24 34 20 21 37 31 29 29 11 23 24 19 
16 33 17 30 27 17 23 24 18 21 32 11 15 28 22 13 46 9 37 5 37 27 20 20 17 15 16 24 23 20 18 26 27 28 27 27 14 29 22 12 
22 17 19 26 23 24 24 25 9 27 36 20 16 25 19 15 14 11 39 9 17 26 28 25 34 21 16 15 14 18 24 28 17 21 18 21 14 31 45 21 
21 30 26 22 18 9 26 24 15 31 35 19 15 25 27 15 24 17 20 18 29 28 24 27 25 17 18 19 39 21 15 10 28 28 31 21 13 34 32 15 
23 32 26 27 28 15 16 33 12 31 20 27 18 23 21 16 22 18 13 14 25 27 23 27 26 22 20 23 20 14 15 34 24 13 14 20 18 23 38 14 
25 20 20 31 13 18 20 29 13 22 30 17 17 26 18 20 22 11 30 13 8 33 20 16 30 20 14 23 48 18 13 13 34 42 21 14 21 25 29 9 
17 34 9 32 10 27 27 18 19 19 29 26 11 13 20 18 20 17 18 18 26 32 23 40 15 19 16 21 31 16 12 20 26 15 28 11 10 19 30 21 
20 30 18 29 26 18 16 24 25 27 24 22 14 26 16 16 10 11 32 14 16 40 12 37 34 13 18 27 25 26 19 28 23 22 19 19 16 21 25 18 
11 19 19 34 33 24 16 18 15 33 21 14 20 15 20 15 28 14 37 21 23 21 7 43 25 12 16 22 21 24 14 24 22 27 18 11 20 23 25 14 
27 28 17 25 25 17 20 24 15 23 23 18 22 16 11 20 18 8 16 20 15 23 30 28 27 12 14 15 9 23 12 30 35 43 33 19 18 23 17 16 
22 30 20 29 15 26 26 19 17 27 15 20 22 25 25 12 33 11 23 15 27 30 23 30 20 25 10 12 35 22 10 27 28 26 27 23 19 20 32 4 
21 26 24 27 23 29 31 41 14 35 26 17 15 25 23 17 18 14 29 13 16 26 27 35 26 16 14 18 8 17 21 20 11 28 15 12 14 29 19 11 
30 24 18 21 26 30 27 18 14 36 34 9 10 19 21 19 33 18 28 11 30 25 35 44 35 19 14 23 20 30 13 21 48 13 25 8 13 20 32 18 
22 24 21 37 23 18 21 37 5 26 31 16 14 21 18 28 21 8 36 14 26 25 21 38 36 15 19 25 18 24 21 27 39 37 18 17 16 24 30 17 
26 20 19 28 22 18 14 26 14 24 22 22 10 18 38 15 24 9 39 17 17 18 24 31 7 15 13 13 28 21 15 26 27 26 13 16 22 36 37 18 
26 27 20 17 21 25 28 23 20 26 20 18 8 19 15 23 34 11 33 17 18 30 24 28 23 16 16 22 19 27 19 26 14 30 23 24 23 20 23 16 
20 24 24 36 22 24 24 32 14 17 26 22 19 17 15 12 28 18 30 18 24 33 23 32 26 20 21 27 26 20 16 24 30 21 25 15 20 15 45 14 
13 31 13 24 23 18 20 21 10 24 22 20 13 24 17 14 33 14 20 21 25 39 28 28 34 23 21 35 26 21 22 23 28 21 16 18 23 17 20 19 
16 25 18 30 24 18 21 33 13 31 18 20 12 25 21 21 26 14 37 15 27 18 34 38 30 13 19 9 35 22 16 24 22 18 22 17 14 24 31 17 
37 27 13 26 23 34 32 28 23 15 35 22 17 24 25 15 26 17 26 18 32 41 27 16 33 17 19 7 28 15 23 28 21 26 22 18 23 41 35 18 
20 21 31 31 16 21 15 19 15 18 13 16 11 26 15 12 23 20 30 10 24 16 18 22 25 15 18 20 29 18 15 21 18 21 6 21 23 28 13 19 
26 32 23 28 11 11 35 20 11 27 26 16 15 22 17 15 33 17 23 14 26 31 18 33 15 11 15 14 35 25 20 28 14 32 19 20 12 21 23 16 
25 29 9 41 30 27 27 29 16 32 32 16 18 16 26 21 34 9 35 12 26 22 21 27 25 18 12 23 29 22 13 28 16 29 27 13 26 21 26 13 
23 15 21 27 18 15 12 17 11 28 29 9 11 28 23 20 34 18 21 22 28 32 23 35 22 11 21 31 41 18 16 18 14 33 25 21 20 29 28 23 
19 28 10 26 20 12 25 31 12 21 30 23 8 29 23 16 35 15 21 22 23 21 24 35 27 7 17 24 30 14 20 23 35 33 25 16 19 23 37 15 
21 33 11 27 23 29 18 35 15 25 25 22 7 20 21 17 28 13 31 13 31 19 39 17 20 15 18 28 20 19 15 9 7 27 20 25 20 26 42 19 
23 27 21 38 21 12 21 25 20 25 18 19 22 23 17 12 26 13 34 23 28 26 33 25 15 19 10 19 33 21 15 27 25 32 24 14 32 24 35 15 
30 21 13 17 31 21 12 24 13 21 17 19 13 24 16 15 30 25 26 19 27 12 17 26 27 20 19 22 21 23 24 18 33 36 21 9 9 18 23 18 
22 30 18 29 28 11 19 33 18 17 31 31 16 17 27 20 16 12 23 16 26 16 26 35 36 19 20 25 28 17 10 22 21 24 18 17 12 21 29 20 
25 22 16 36 29 28 25 28 16 16 27 22 15 17 25 15 25 14 34 16 22 13 29 24 31 16 19 23 24 25 25 23 48 26 31 11 14 17 21 20 
22 15 23 21 23 17 17 28 9 16 16 21 22 24 23 16 26 8 29 27 20 29 16 23 38 23 14 29 12 37 23 31 20 28 23 16 7 28 30 16 
29 38 24 28 23 27 17 37 19 25 34 13 16 30 12 13 22 17 30 19 27 22 27 22 32 21 16 7 36 21 11 18 27 41 24 13 11 30 37 13 
17 33 14 28 26 28 22 16 21 23 25 11 16 22 20 14 11 8 12 9 25 15 19 32 19 25 15 19 27 33 12 19 26 29 28 15 13 19 28 12 
14 27 15 28 30 18 31 14 19 21 18 23 10 15 20 12 32 15 22 15 18 19 27 29 33 18 17 17 22 27 13 30 23 35 20 24 18 28 35 20 
15 22 18 42 18 12 17 27 6 26 27 22 18 8 14 16 28 11 32 10 27 27 28 13 33 11 14 21 34 14 16 16 35 35 28 19 14 18 46 15 
21 13 15 21 19 19 17 28 9 10 34 17 12 13 21 16 34 13 13 10 11 25 25 33 27 18 19 22 13 13 15 20 32 28 34 17 17 21 29 16 
20 19 28 43 24 8 18 29 4 29 13 27 15 26 21 18 31 13 40 8 15 25 20 26 40 17 16 15 44 28 15 17 17 42 22 14 13 21 27 15 
27 22 15 24 15 18 23 21 7 20 20 19 13 21 24 16 31 17 43 15 21 14 34 45 34 12 18 13 30 21 16 21 23 16 30 26 16 20 27 18 
16 21 24 28 24 21 19 10 22 19 18 24 16 22 21 15 35 21 26 16 31 19 16 42 24 17 17 7 29 23 23 14 23 25 23 19 14 28 40 20 
15 29 20 34 14 21 26 26 13 20 22 20 12 21 15 12 31 13 16 13 32 19 23 32 31 18 13 16 19 11 17 25 38 24 20 20 15 13 31 19 
16 17 10 10 15 14 17 35 14 21 28 20 6 22 16 20 22 15 30 13 28 20 21 10 24 13 21 12 31 20 16 22 27 29 27 16 21 27 30 16 
31 32 17 42 17 24 16 30 18 31 24 17 9 21 24 25 32 20 40 15 12 25 30 40 18 25 13 19 31 28 17 15 37 38 26 16 22 14 17 19 
13 31 15 35 28 20 24 24 16 21 35 20 18 13 26 22 19 19 35 11 30 25 27 12 25 20 13 29 27 21 19 6 26 39 10 19 13 35 23 17 
23 22 17 39 11 27 29 29 11 22 27 20 15 10 14 15 31 14 30 20 29 29 19 31 29 6 16 17 32 25 17 19 25 42 18 24 17 20 16 17 
22 23 13 9 32 21 29 29 9 25 24 23 17 28 21 18 16 16 36 23 22 21 25 23 31 8 11 9 34 22 21 27 10 28 19 9 8 18 19 13 
22 26 14 32 16 30 21 29 16 20 27 12 14 29 19 21 45 16 39 17 16 15 27 25 30 6 23 10 21 23 20 23 42 26 25 26 19 4 22 14 
18 22 14 35 15 16 21 24 8 25 22 26 21 16 21 30 27 8 23 19 10 35 24 29 32 15 22 26 18 23 17 25 27 22 23 21 13 14 37 22 
10 29 21 29 31 22 23 19 19 10 19 17 21 21 26 12 36 20 32 16 13 14 22 32 27 16 19 26 12 13 16 16 37 35 26 20 13 16 35 19 
19 26 18 19 18 20 19 25 14 17 29 21 16 23 14 13 26 13 23 18 19 20 22 26 33 17 13 24 38 22 21 23 43 24 17 25 16 15 27 17 
38 46 14 37 21 18 16 17 9 16 17 14 7 26 19 13 26 12 17 22 35 14 15 40 20 10 10 12 35 23 14 19 3 23 25 12 28 27 27 14 
16 38 23 18 16 16 24 24 10 23 20 20 19 24 21 20 25 21 16 18 17 17 28 23 35 17 24 19 27 20 16 24 16 30 20 19 13 29 37 13 
26 30 19 38 21 17 26 25 9 23 27 22 19 25 18 17 28 16 39 14 14 18 31 35 19 14 16 22 13 23 17 26 37 25 12 16 24 17 33 18 
15 30 15 20 15 13 26 34 17 28 24 15 9 24 26 8 21 18 40 17 23 13 42 36 28 14 28 10 17 20 13 13 25 37 24 22 15 14 26 20 
21 29 10 35 16 39 27 31 19 28 17 16 16 19 17 22 35 21 40 18 19 23 27 25 33 14 19 20 22 11 17 13 37 17 16 9 18 23 29 9 
25 28 19 22 24 22 17 23 20 33 27 16 16 18 23 15 23 14 9 16 29 26 22 18 44 17 21 19 30 21 18 19 31 17 19 35 20 18 36 13 
15 19 14 50 28 18 28 18 15 14 20 19 15 36 13 11 22 13 24 19 24 23 18 37 30 22 20 19 21 12 10 16 27 11 23 16 13 19 33 6 
26 24 6 27 19 18 21 20 19 19 30 18 16 29 7 22 23 14 45 15 19 31 17 35 16 10 9 22 31 14 18 18 25 37 25 21 17 26 30 17 
11 31 13 28 24 21 28 30 25 24 27 17 10 30 12 19 26 22 29 10 20 29 26 28 18 13 5 22 32 21 13 28 25 25 19 20 14 24 37 6 
22 17 17 32 27 22 7 20 16 27 20 18 16 18 27 10 27 12 21 9 10 26 23 30 7 15 19 10 26 18 21 21 28 27 23 18 17 12 28 11 
27 21 10 41 22 31 21 31 15 25 27 20 16 8 17 21 22 12 30 14 19 30 32 41 38 14 24 11 32 23 11 11 22 14 29 14 18 22 21 16 
13 31 27 23 26 19 22 33 16 31 29 21 19 22 25 18 27 13 21 11 30 28 22 32 29 21 16 31 25 24 15 17 34 30 33 23 19 22 21 18 
32 26 23 29 11 26 22 28 17 24 28 18 13 30 21 12 32 12 17 16 34 22 22 31 30 9 21 20 30 16 20 16 34 39 25 22 18 29 29 17 
15 32 15 27 25 21 13 32 6 17 31 16 13 26 19 11 15 12 36 15 14 20 25 26 31 13 23 24 28 24 18 25 15 24 19 22 17 38 40 15 
22 36 17 32 24 24 18 23 19 22 19 17 18 12 15 13 39 7 44 17 24 28 33 22 36 18 16 28 35 10 17 28 15 24 20 18 19 29 33 16 
25 46 27 20 21 22 22 23 12 25 30 24 16 17 9 22 18 18 21 16 22 34 26 33 32 12 17 16 29 18 18 19 21 11 26 13 14 25 20 14 
22 36 19 23 14 15 23 26 10 28 25 14 18 25 10 9 41 14 24 15 31 24 16 32 19 13 17 16 33 15 10 29 28 18 26 17 16 19 25 17 
24 17 4 18 25 30 20 21 15 14 18 6 18 19 20 21 20 15 29 15 27 19 28 32 29 19 11 11 17 14 18 28 27 32 26 16 18 21 20 17 
27 26 13 39 23 26 14 22 14 27 25 11 20 20 13 10 31 15 22 16 27 37 29 38 33 25 19 16 18 24 11 11 29 30 20 14 14 28 21 19 
26 30 12 19 18 16 32 28 14 22 26 15 18 25 14 18 29 7 29 19 22 18 15 17 37 14 18 25 25 24 10 24 31 20 20 22 22 21 23 12 
17 28 14 28 26 17 12 30 19 35 28 20 14 17 15 11 18 13 30 18 28 20 23 17 21 8 16 35 18 21 14 10 24 23 19 14 12 15 34 16 
25 27 12 39 22 24 23 30 12 38 23 17 13 27 16 17 17 16 40 12 24 13 26 40 24 18 13 25 26 17 19 9 29 25 9 21 23 14 36 5 
20 16 22 29 21 21 23 21 14 14 19 23 13 17 24 16 14 13 46 11 29 27 24 39 28 9 3 20 20 19 21 11 9 28 15 8 19 35 26 7 
22 34 12 29 19 14 28 28 12 23 19 24 16 18 16 18 30 14 17 18 25 21 23 18 21 19 25 25 24 16 19 21 29 36 15 9 10 26 41 17 
28 31 18 39 31 16 25 35 22 18 21 28 3 11 10 14 25 13 13 13 28 39 29 26 34 13 8 29 27 22 22 35 21 23 24 18 13 24 33 14 
27 20 23 33 14 14 10 21 16 25 21 26 16 24 16 17 28 12 35 23 33 28 30 28 36 13 12 5 31 17 19 18 20 31 25 18 19 17 37 10 
20 27 14 26 5 21 26 31 6 25 23 20 16 31 20 26 31 16 20 20 26 19 15 29 11 14 12 19 20 26 17 15 27 40 14 13 15 13 31 6 
24 28 22 23 27 21 14 25 16 16 36 5 17 25 24 16 25 17 31 17 23 24 17 13 38 15 10 19 31 26 21 19 10 36 21 24 18 15 39 19 
21 22 17 32 15 12 18 39 19 27 26 12 21 17 24 19 29 11 40 20 17 30 35 52 39 6 13 33 26 14 14 17 20 30 26 12 13 13 28 20 
17 6 14 28 20 10 26 24 17 27 20 9 10 26 13 18 28 13 31 14 16 21 21 27 31 18 17 21 21 27 23 33 32 20 27 24 15 19 28 10 
21 9 18 37 31 23 24 22 19 36 29 17 14 26 12 16 31 14 18 18 31 26 15 29 42 12 17 22 27 31 21 14 26 32 36 19 10 32 28 15 
25 27 25 31 23 15 15 26 12 31 20 16 15 21 28 10 11 18 9 16 31 30 11 14 19 13 11 17 27 20 16 9 32 31 23 18 10 27 32 19 
18 25 18 23 16 12 26 13 18 30 21 24 21 19 27 14 27 14 16 13 31 29 41 33 31 19 11 26 36 14 13 23 25 20 31 13 21 19 15 10 
20 30 13 26 29 8 21 31 18 17 18 13 15 27 17 16 30 17 49 22 20 27 25 25 31 15 22 17 23 22 19 28 32 30 23 17 15 24 19 16 
22 17 18 13 15 27 15 20 15 25 25 21 10 16 16 22 14 21 37 14 35 31 27 36 8 16 21 28 13 17 16 19 21 22 13 8 10 25 26 8 
22 30 15 40 15 17 26 28 17 23 17 11 19 24 22 14 21 21 38 15 27 22 21 23 32 14 13 21 27 15 13 5 28 33 17 17 10 29 31 10 
27 16 11 29 14 20 21 19 12 21 24 15 12 20 13 17 42 8 34 15 30 34 17 34 38 10 21 23 29 23 20 26 23 26 20 18 21 21 27 6 
26 22 18 21 19 9 17 28 15 20 29 21 16 18 23 15 19 14 26 16 21 18 25 28 37 23 16 23 19 15 16 11 27 35 21 22 13 33 25 14 
24 17 12 51 20 25 27 23 17 28 21 23 13 21 28 14 28 19 34 8 35 36 29 24 34 26 11 17 24 18 19 9 19 19 32 10 23 31 41 17 
15 18 16 23 34 21 21 35 11 27 23 8 15 21 26 15 21 16 30 15 18 25 26 19 39 9 23 22 25 29 15 12 19 31 6 14 5 29 19 9 
29 30 25 29 19 17 29 24 14 30 15 19 16 26 13 19 29 12 38 14 21 16 25 21 27 12 11 24 28 29 21 17 31 44 35 18 14 28 32 13 
15 33 17 30 15 16 17 22 8 31 20 15 13 7 22 13 23 11 33 17 26 22 29 25 31 15 22 13 38 23 12 27 7 30 30 12 23 25 25 16 

MachineCapacities:
MachineID Capacity
0 10
1 10
