NumTasks NumMachines NumScenarios
20 3 30
TaskDetails:
TaskID ReleaseTime ResourceConsumption SuccessorsCount Successors...
0 0 2 9 5 4 1 3 4 6 
1 0 10 5 7 1 8 
2 0 3 2 2 0 
3 0 7 6 8 0 
4 0 5 10 5 1 8 
5 0 10 2 7 0 
6 0 8 4 9 0 
7 0 7 2 2 0 
8 0 3 8 8 0 
9 0 7 3 6 3 13 14 16 
10 0 2 7 3 3 13 15 16 
11 0 8 4 7 2 16 19 
12 0 2 1 2 2 16 19 
13 0 7 5 8 2 17 18 
14 0 7 7 5 1 19 
15 0 2 5 7 0 
16 0 7 5 8 0 
17 0 6 5 3 0 
18 0 9 8 5 1 19 
19 0 9 2 1 0 

31 35 20 22 26 21 24 23 16 22 19 10 12 29 5 21 27 20 16 28 19 21 31 20 20 14 19 16 20 32 20 26 32 20 9 10 16 31 16 17 19 21 27 14 16 16 22 28 12 31 21 30 21 30 21 14 14 13 17 12 
23 26 16 19 16 22 17 33 18 27 12 11 14 30 11 21 22 10 15 16 16 10 28 9 23 31 23 19 17 22 18 30 19 19 7 11 20 28 11 47 8 20 30 35 9 19 15 34 11 28 23 27 16 10 14 26 14 10 12 7 
25 31 22 24 14 24 39 25 29 18 18 11 9 24 7 16 39 16 12 30 13 13 15 21 18 23 19 19 22 18 23 23 13 19 10 5 20 28 12 24 18 19 25 25 14 20 36 37 11 25 20 40 24 34 24 38 19 10 12 12 
32 26 15 23 35 12 31 45 23 18 18 6 10 27 8 13 33 15 15 28 12 12 22 7 13 14 21 10 23 18 18 27 16 23 6 15 16 31 9 22 17 23 21 19 18 18 25 18 9 26 22 40 26 27 20 30 16 14 9 14 
33 30 21 26 23 28 28 17 21 17 18 13 14 23 17 30 13 13 11 17 7 10 19 19 18 32 17 14 25 28 16 23 21 14 14 11 25 38 16 32 13 22 27 18 14 12 39 12 9 25 15 22 17 24 24 21 15 12 13 11 
32 31 15 14 21 20 25 11 21 18 21 8 13 26 7 14 32 19 8 25 11 11 21 14 22 22 24 16 21 14 29 21 26 15 9 14 21 22 12 29 21 23 32 12 19 30 29 31 12 30 14 31 24 9 23 24 16 17 14 14 
25 32 21 20 7 16 26 47 17 18 12 14 11 26 15 22 26 18 10 9 12 12 25 18 22 11 9 30 14 20 5 13 26 18 8 10 17 33 12 32 13 29 28 18 10 19 34 25 9 19 27 21 24 23 13 19 19 6 12 11 
19 25 15 24 27 29 38 25 27 30 20 15 11 39 17 14 24 18 14 22 12 4 12 20 29 24 19 23 23 30 14 11 22 21 11 11 14 27 16 28 14 7 27 17 7 17 33 28 14 21 19 3 28 17 18 17 8 14 14 15 
23 23 23 15 23 32 39 35 11 23 15 15 9 28 8 17 36 20 10 38 18 9 20 26 23 19 12 24 26 14 27 25 21 27 8 9 22 19 13 31 12 24 19 21 14 15 21 28 10 19 22 13 28 24 27 13 17 11 14 8 
11 15 23 16 9 36 33 33 14 16 13 10 9 30 7 17 35 18 12 24 10 3 27 20 22 7 17 19 21 15 15 26 38 10 13 13 20 22 15 25 16 19 26 23 13 11 30 34 12 20 26 18 22 24 29 17 14 5 16 8 
33 23 17 18 32 27 29 37 23 14 22 12 13 17 14 17 30 14 10 18 9 17 25 15 13 14 19 18 17 21 27 20 32 27 17 13 19 25 10 24 15 24 16 13 9 25 15 28 12 17 4 22 20 25 26 19 6 9 20 15 
23 34 25 21 30 13 34 32 20 30 16 11 15 25 11 21 40 12 10 25 12 13 16 8 27 17 12 21 27 24 15 25 28 19 6 11 21 18 12 38 15 21 15 6 16 10 19 21 13 26 25 39 25 32 17 17 14 14 18 13 
26 36 11 23 21 22 28 27 17 21 8 9 13 25 11 17 12 14 12 27 15 11 34 26 23 21 20 24 27 16 14 18 21 16 12 15 23 17 15 48 17 21 24 11 16 14 24 17 10 27 14 26 25 21 20 20 9 10 17 13 
21 34 20 25 15 31 29 16 14 24 18 11 11 27 9 18 44 15 7 33 17 12 21 21 20 26 13 20 22 15 19 24 22 18 11 19 18 32 9 27 17 12 34 8 9 13 34 27 11 18 14 41 22 18 25 23 11 13 18 8 
17 42 18 20 24 26 28 37 17 21 19 12 10 26 12 12 27 18 15 36 12 12 22 15 27 30 18 14 29 27 12 24 36 19 7 8 27 37 15 35 22 11 16 14 11 15 17 33 10 24 13 27 24 14 16 27 14 11 12 14 
36 37 23 18 22 25 17 43 20 11 15 11 15 25 12 20 25 18 11 23 9 5 25 9 17 18 24 18 20 20 16 22 27 23 15 15 13 28 14 23 12 20 16 28 13 11 15 18 6 18 19 28 23 16 22 29 21 9 11 9 
26 27 24 25 25 32 20 39 25 19 21 11 15 48 6 17 27 14 13 25 11 17 33 15 24 21 14 21 13 15 24 22 30 23 11 23 27 22 16 40 23 17 29 24 12 12 24 22 11 23 17 23 24 26 20 11 14 12 16 6 
21 33 21 18 23 40 31 35 28 17 20 11 13 6 9 8 21 14 10 25 13 15 24 12 11 23 25 11 25 27 18 34 30 24 8 14 16 25 11 24 17 30 13 19 14 28 20 32 14 16 21 34 25 27 18 20 16 7 17 11 
34 31 16 27 17 11 21 34 17 26 17 15 15 13 4 21 20 18 11 15 11 16 11 14 14 21 19 19 13 20 16 17 33 23 8 12 16 30 15 23 17 20 27 14 16 20 28 23 15 27 20 35 24 17 20 28 13 8 12 13 
27 32 19 18 29 29 20 38 22 21 23 14 8 21 13 17 32 12 11 28 15 9 21 11 23 17 15 13 31 25 19 22 31 15 10 15 25 24 17 31 14 14 17 22 19 14 18 22 9 16 18 19 37 11 18 23 16 14 16 9 
27 37 19 20 26 34 36 23 17 26 12 12 13 40 9 22 14 16 10 21 8 12 25 14 26 10 18 22 16 21 15 21 21 21 13 17 26 16 14 27 12 18 12 26 15 22 31 26 10 16 17 43 22 30 14 38 20 12 17 13 
24 19 28 21 27 12 39 25 16 33 19 12 9 26 10 24 42 17 18 29 12 11 19 18 21 19 17 17 33 20 15 27 14 11 11 16 21 33 11 44 22 20 19 20 15 23 27 30 14 25 11 26 14 29 17 19 10 13 19 13 
40 25 13 26 21 20 22 27 19 21 12 11 12 36 12 23 39 25 13 23 12 15 13 15 25 16 20 27 27 16 25 32 22 19 17 12 15 32 11 16 13 17 35 25 19 18 21 38 15 32 26 35 30 25 15 27 12 8 8 5 
35 12 18 16 13 28 37 47 28 36 20 11 12 16 8 19 34 10 11 33 12 10 16 17 19 16 19 13 27 30 16 13 27 25 12 18 22 32 12 24 12 23 13 15 13 9 28 25 7 14 24 35 20 17 16 6 13 14 15 4 
20 36 19 21 23 24 38 16 23 18 14 14 13 18 9 17 22 11 12 28 17 15 19 15 13 9 18 20 31 25 20 24 30 21 14 11 22 32 17 32 16 21 27 17 15 19 22 22 17 25 20 22 21 26 26 13 21 14 7 15 
32 22 17 22 30 37 23 31 26 16 27 6 9 22 11 22 30 18 13 33 15 14 16 19 23 13 24 22 16 17 16 18 22 23 13 15 24 18 3 20 23 19 27 18 8 21 29 19 10 30 22 33 22 7 15 20 14 14 18 8 
16 27 18 18 17 27 23 32 17 17 14 7 19 25 10 22 19 20 17 21 13 14 21 13 28 22 14 22 17 16 17 20 5 17 15 11 12 38 14 24 16 23 12 19 14 13 24 22 11 20 10 38 21 20 27 22 6 9 10 9 
23 28 19 18 25 28 27 35 26 21 14 6 12 36 7 13 14 9 9 25 15 12 22 14 22 18 15 13 19 25 21 13 25 20 9 15 14 23 11 29 13 27 17 13 10 19 32 38 11 20 19 15 23 17 28 21 17 6 13 16 
22 23 20 17 20 33 11 35 13 23 26 15 8 28 13 16 40 15 7 29 11 12 25 22 10 14 16 21 27 24 17 20 28 27 4 17 19 16 13 43 15 14 27 21 13 17 16 18 8 21 25 50 15 15 14 22 9 11 14 12 
30 30 22 21 25 31 34 39 20 24 14 8 11 26 12 20 29 18 7 30 8 12 27 17 12 10 16 18 25 24 23 18 9 25 15 11 25 23 15 31 19 20 28 16 13 17 20 36 15 16 19 16 24 18 9 13 17 18 17 12 

MachineCapacities:
MachineID Capacity
0 10
1 10
2 10
