NumTasks NumMachines NumScenarios
20 3 30
TaskDetails:
TaskID ReleaseTime ResourceConsumption SuccessorsCount Successors...
0 0 6 9 6 3 11 12 14 
1 0 8 5 3 3 6 8 11 
2 0 8 9 10 5 7 11 12 13 14 
3 0 2 3 5 4 5 6 7 13 
4 0 9 5 2 0 
5 0 3 10 5 1 11 
6 0 3 7 5 1 14 
7 0 5 9 3 0 
8 0 2 7 7 1 12 
9 0 6 5 5 2 11 14 
10 0 6 5 3 0 
11 0 10 1 6 0 
12 0 7 2 9 0 
13 0 1 9 1 0 
14 0 10 2 4 0 
15 0 3 8 7 0 
16 0 8 3 4 1 18 
17 0 2 4 8 1 18 
18 0 8 3 2 0 
19 0 6 5 8 0 

33 24 28 17 18 12 25 22 14 31 20 44 18 27 20 15 15 18 16 14 38 13 30 10 42 13 14 20 27 25 13 17 13 10 31 20 29 30 15 15 33 51 31 13 9 19 48 7 8 25 27 17 28 25 15 40 17 41 8 15 
14 29 19 12 14 16 21 15 11 30 20 35 18 21 11 24 14 11 21 20 32 28 35 14 39 14 14 22 40 24 34 25 10 14 32 14 37 22 13 35 48 27 31 10 7 21 33 7 11 24 37 18 41 30 20 23 20 35 18 12 
19 21 18 6 16 17 16 29 20 27 13 11 8 19 29 24 16 18 18 14 24 17 27 18 22 13 7 12 34 19 27 26 10 9 30 28 27 36 17 28 30 40 22 11 12 32 30 12 10 25 34 12 32 35 10 20 24 31 9 15 
19 28 18 14 11 18 8 14 15 26 18 42 17 37 25 8 18 10 14 21 45 10 42 19 35 11 13 20 29 25 22 14 14 5 41 24 16 34 14 32 24 37 30 9 7 27 43 13 9 20 26 18 29 31 27 17 21 25 6 11 
15 24 20 13 17 17 15 17 14 10 17 41 13 33 23 20 11 15 27 15 10 24 32 21 15 14 11 25 19 26 17 22 18 16 22 30 21 20 16 31 18 29 27 8 11 23 24 9 10 19 24 15 16 23 17 40 19 35 13 10 
15 16 23 12 15 14 27 27 17 20 16 33 14 27 17 26 12 17 17 12 19 20 34 17 19 17 11 36 41 21 29 19 9 12 33 17 38 29 17 33 38 49 17 12 12 33 31 13 8 20 34 23 31 27 30 22 18 19 13 13 
25 23 16 9 12 20 34 7 10 20 17 43 23 25 20 16 7 13 15 11 17 10 22 21 16 7 16 19 20 31 32 10 13 9 34 24 35 31 13 41 35 34 19 8 13 26 30 14 17 14 30 17 27 34 26 22 19 14 11 23 
22 18 17 16 11 16 25 21 16 28 12 39 16 17 26 23 11 20 14 21 26 12 40 18 19 17 9 44 18 21 36 14 16 12 41 35 20 28 9 36 33 37 27 12 10 19 28 9 13 25 14 17 22 40 28 34 18 38 13 21 
15 15 19 13 17 17 26 13 16 32 20 34 12 18 24 21 12 17 27 13 28 10 48 14 24 18 14 42 25 14 35 17 13 11 27 18 35 23 10 30 36 36 22 8 12 24 44 8 12 30 27 21 37 22 13 25 11 33 8 19 
23 22 22 12 18 16 25 19 16 7 27 38 13 23 32 19 11 21 25 15 31 17 47 9 32 14 12 31 40 30 9 21 17 12 20 31 21 44 13 25 25 33 22 10 10 23 38 14 13 19 22 30 21 26 27 28 26 21 18 18 
27 23 13 11 14 19 21 21 11 33 21 41 13 17 16 26 15 12 24 18 38 19 49 11 22 22 22 35 32 22 24 21 17 12 29 12 25 30 12 31 30 21 24 12 5 13 35 12 11 12 27 22 44 27 24 21 8 45 14 20 
19 33 19 16 22 13 24 24 14 21 27 26 16 14 17 19 18 14 22 16 38 20 34 14 35 12 10 36 27 30 23 23 7 12 40 15 20 40 13 28 33 15 21 9 11 22 24 5 10 25 26 22 29 29 31 26 19 29 12 16 
16 28 20 10 14 17 29 17 13 27 22 29 17 26 11 16 19 16 20 18 46 14 33 15 32 18 13 35 31 28 31 28 20 15 33 31 22 17 19 19 38 29 21 14 9 42 17 9 11 27 31 17 14 33 19 41 16 53 15 14 
15 31 13 10 21 15 16 18 20 22 15 42 15 27 22 14 11 21 20 18 53 21 30 19 20 15 9 43 28 14 32 23 11 7 15 26 40 31 14 36 48 15 20 9 13 24 33 14 6 26 41 22 21 41 33 25 15 33 14 18 
18 28 23 7 17 15 16 9 18 34 21 20 15 27 32 25 15 12 22 16 27 19 23 25 37 13 14 22 42 26 24 17 11 11 25 35 19 28 16 27 21 25 21 9 9 27 29 10 10 21 30 24 16 30 8 33 14 12 8 20 
29 24 16 15 22 19 33 15 8 24 23 39 14 26 25 27 11 16 15 11 21 16 30 21 28 20 15 38 28 23 26 13 14 14 29 16 23 23 16 25 38 44 11 12 9 24 10 17 9 16 24 25 47 16 40 34 15 21 7 8 
14 21 12 10 22 17 31 17 9 33 20 50 16 27 4 15 9 14 23 16 34 23 27 15 27 14 16 25 20 18 26 16 18 13 30 20 35 22 12 33 21 17 14 8 7 31 31 13 11 23 27 17 31 30 28 27 16 9 14 14 
27 25 24 9 9 12 45 27 6 30 30 45 12 8 18 20 17 8 13 16 34 16 19 19 22 14 10 24 15 19 41 19 18 13 36 26 20 27 16 40 16 34 24 8 8 29 34 13 14 16 31 20 23 46 20 34 15 27 16 22 
16 26 26 6 19 21 20 17 12 19 9 55 13 25 30 8 10 14 12 16 30 12 35 16 20 14 14 28 35 20 11 11 4 18 33 29 25 23 11 32 19 31 22 13 11 31 27 5 7 30 30 22 50 21 32 11 16 16 14 25 
20 20 18 12 20 23 20 7 17 13 8 42 12 19 15 17 10 27 27 14 37 16 34 14 22 17 12 31 15 23 31 19 15 11 35 18 46 19 15 24 15 35 15 17 10 27 17 7 13 14 35 19 37 15 27 22 20 32 11 11 
15 29 20 15 15 18 29 17 9 5 26 27 20 22 13 19 13 21 12 16 34 10 27 20 13 20 4 19 26 14 22 22 20 10 25 24 23 19 9 46 24 21 30 9 12 44 36 10 7 11 33 24 13 17 26 38 13 21 13 9 
22 22 19 10 16 13 21 22 10 22 33 24 27 21 24 17 16 15 18 16 40 21 36 17 39 12 14 24 26 10 26 32 17 6 39 25 14 31 14 33 36 28 20 14 3 29 39 11 3 15 32 19 20 29 26 31 22 24 10 13 
24 18 19 14 12 20 12 9 21 33 18 29 12 21 22 10 11 15 22 16 15 12 20 12 30 17 16 32 35 28 38 14 14 13 26 15 21 31 13 42 39 35 16 11 11 25 32 12 12 14 38 22 28 22 19 37 19 34 10 18 
24 18 14 16 15 15 14 18 13 22 26 42 23 10 20 27 13 23 26 17 23 18 21 17 23 18 16 46 35 26 44 24 17 17 31 33 39 27 13 35 24 20 26 1 6 25 45 10 10 20 42 14 21 28 31 23 16 26 9 19 
23 25 18 16 16 10 30 6 14 32 19 20 20 27 14 19 18 24 12 18 26 14 38 12 32 11 9 5 24 19 30 25 10 7 41 26 34 17 14 31 28 20 17 7 9 27 37 11 9 28 30 11 25 25 24 35 15 28 12 12 
18 28 5 13 14 18 20 17 23 13 20 55 15 24 18 23 15 18 31 14 38 18 16 17 34 15 11 30 25 24 26 18 18 18 14 18 27 22 17 26 37 1 18 13 17 22 40 13 7 18 49 17 34 18 19 37 9 14 10 14 
25 24 28 14 10 19 27 22 20 33 18 36 11 15 18 14 10 14 20 13 30 18 15 16 21 10 13 27 30 23 24 14 7 9 29 23 20 35 17 16 28 20 19 11 12 38 27 6 5 23 23 20 30 26 29 27 9 18 16 21 
16 22 27 12 20 10 34 24 10 26 19 28 16 24 18 20 11 23 15 21 18 15 18 19 35 8 15 18 46 17 29 13 5 9 20 31 34 27 13 35 22 44 15 7 12 22 28 7 6 19 45 27 22 31 21 31 23 27 12 11 
18 19 17 11 21 17 24 28 17 27 21 27 12 28 16 19 9 12 15 14 42 18 38 18 19 22 16 31 31 14 33 19 14 11 20 18 42 22 11 25 15 45 24 10 10 20 28 10 16 15 47 19 16 17 19 14 9 36 11 16 
23 21 19 12 17 14 19 27 16 11 19 26 14 31 10 13 18 17 16 18 23 15 42 15 28 16 16 39 40 19 29 20 12 13 42 15 34 24 10 36 15 30 18 12 14 38 27 8 12 31 27 23 20 22 25 28 21 31 13 21 

MachineCapacities:
MachineID Capacity
0 10
1 10
2 10
