NumTasks NumMachines NumScenarios
20 3 500
TaskDetails:
TaskID ReleaseTime ResourceConsumption SuccessorsCount Successors...
0 0 4 4 8 2 2 3 
1 0 7 3 7 2 2 3 
2 0 6 9 7 1 4 
3 0 5 7 7 2 4 5 
4 0 5 6 4 1 6 
5 0 6 9 9 1 6 
6 0 3 1 1 2 7 8 
7 0 8 6 9 0 
8 0 6 5 2 0 
9 0 9 6 3 2 11 12 
10 0 6 7 8 2 11 12 
11 0 8 6 6 2 14 16 
12 0 9 8 10 2 13 14 
13 0 8 5 7 3 16 17 18 
14 0 4 2 2 1 15 
15 0 1 8 6 2 17 18 
16 0 7 5 1 1 19 
17 0 10 2 8 1 19 
18 0 9 3 5 0 
19 0 3 1 2 0 

28 27 21 16 43 38 17 20 22 35 37 49 34 17 26 31 23 20 23 29 19 25 17 28 13 14 35 26 36 18 15 20 14 15 13 16 34 34 23 15 15 19 34 29 13 23 22 23 21 21 18 14 34 27 34 39 40 18 23 22 
17 21 26 16 49 31 29 8 12 42 30 15 18 15 22 24 36 15 18 21 19 30 14 27 23 9 21 38 27 25 15 27 19 21 24 18 22 31 23 32 18 10 18 26 16 8 27 11 17 26 17 12 41 24 22 29 36 25 12 13 
20 24 34 29 30 30 13 19 18 24 30 44 12 18 25 21 21 18 13 18 13 25 8 28 15 17 30 18 30 22 18 29 9 16 18 18 21 32 13 27 14 27 25 12 19 25 10 14 20 14 12 20 29 30 32 28 35 18 19 17 
22 19 21 23 20 33 19 21 14 20 17 39 7 23 31 29 25 14 12 24 13 22 12 30 13 8 27 21 35 20 16 36 16 33 17 22 21 20 13 13 9 16 22 30 12 14 27 23 17 20 14 16 16 21 36 14 26 13 26 18 
18 22 22 31 14 30 36 16 14 28 20 24 21 9 30 39 12 6 20 30 15 18 14 18 19 9 36 31 29 14 13 27 11 26 24 31 17 27 17 30 14 16 37 25 14 4 26 19 18 17 19 20 24 17 26 19 21 32 19 17 
35 19 29 24 44 19 25 15 16 26 37 34 32 12 16 25 43 19 13 40 13 30 17 29 13 17 21 54 21 26 20 14 14 17 30 15 9 16 8 23 14 21 34 23 10 22 31 16 23 17 8 20 35 21 29 21 24 12 17 16 
33 21 23 17 32 31 22 10 22 30 43 20 30 18 22 20 13 2 17 12 17 24 19 36 19 15 34 24 14 18 17 20 16 24 31 34 26 32 5 34 14 16 27 29 12 21 22 30 24 19 4 17 30 14 24 33 11 19 16 16 
27 23 35 25 33 18 19 17 21 21 29 33 23 18 20 32 14 18 15 10 15 19 12 22 23 16 39 35 32 29 14 18 14 23 40 36 26 28 14 30 20 30 31 31 10 22 26 20 15 25 16 12 32 26 33 17 24 27 31 17 
18 18 21 27 38 30 13 17 13 34 27 49 18 14 26 20 39 12 19 21 13 13 18 15 8 16 28 40 35 13 16 26 18 19 13 29 25 24 12 22 17 20 23 28 14 27 24 23 9 11 17 19 30 16 22 25 21 18 14 16 
13 12 12 21 30 27 23 14 25 29 25 29 28 22 25 32 43 16 19 20 17 25 18 27 21 21 36 20 22 23 17 27 16 24 20 31 14 17 21 31 19 13 29 40 10 18 34 24 26 26 10 15 20 13 45 16 33 23 32 18 
24 19 25 21 35 29 21 15 22 25 32 52 29 18 22 28 31 16 11 28 22 15 16 29 7 16 30 29 22 25 12 19 14 23 9 29 18 30 11 40 22 24 31 34 19 15 20 28 23 24 15 14 36 20 42 33 26 32 17 8 
23 14 24 25 26 36 23 17 15 27 38 18 26 21 10 19 41 14 16 20 18 17 18 24 25 15 36 24 25 35 15 28 16 29 29 30 22 37 9 36 16 22 31 11 9 27 23 33 28 25 15 19 16 6 39 26 35 17 28 17 
30 29 25 28 28 25 22 15 13 23 21 8 23 23 31 35 40 15 12 27 16 34 17 27 32 11 29 38 19 25 15 21 12 18 19 24 23 31 12 36 20 25 21 18 12 13 27 22 19 19 18 16 14 17 34 22 37 9 19 22 
33 22 34 20 16 15 28 16 18 26 18 25 25 15 25 32 25 10 12 35 14 19 15 27 24 20 27 36 31 22 14 14 19 16 35 21 23 29 12 33 19 25 10 27 16 15 26 22 24 28 17 22 39 19 34 30 31 16 13 11 
21 16 21 20 35 28 24 17 19 30 29 27 17 24 13 37 28 13 17 13 17 24 18 25 21 19 31 37 29 9 12 22 19 15 17 31 22 27 16 20 15 20 28 30 20 17 26 24 17 23 12 14 30 14 31 17 22 17 15 23 
37 18 24 19 17 40 33 10 19 37 23 22 19 19 21 32 35 14 21 21 17 19 19 30 19 13 22 33 25 22 13 17 16 30 27 37 30 21 14 30 15 6 35 26 17 15 25 30 22 14 8 21 35 16 38 18 33 25 27 26 
20 21 27 26 22 26 19 16 18 40 28 36 12 13 22 26 16 13 18 29 22 31 19 20 20 20 27 39 28 21 9 30 18 34 19 21 12 36 10 38 17 15 22 20 13 25 25 22 20 29 21 23 25 27 27 21 50 18 24 18 
35 24 23 17 37 28 20 16 16 37 24 24 22 15 31 41 35 17 32 17 18 27 19 32 16 13 19 19 26 16 17 27 17 24 17 19 19 30 22 18 10 17 27 25 17 27 25 14 18 11 12 15 43 10 24 23 20 22 17 14 
24 15 25 27 27 37 16 13 24 33 26 37 20 20 19 33 23 16 17 26 11 30 23 34 21 15 11 26 37 17 11 37 13 20 11 36 20 19 16 30 18 19 28 23 20 24 21 21 17 24 13 11 25 23 33 24 26 25 26 32 
28 17 9 24 32 23 11 16 22 31 29 39 31 25 25 31 30 21 12 27 20 20 17 20 17 13 19 23 20 16 12 27 16 24 23 30 25 34 11 27 12 14 13 27 18 37 24 25 18 24 14 12 17 25 41 30 31 25 16 16 
36 13 29 8 29 19 17 20 22 31 30 30 38 19 23 5 28 12 7 4 19 27 17 20 20 21 32 20 18 20 14 15 12 21 25 24 34 27 19 29 18 18 25 32 16 29 35 26 12 34 11 10 23 22 28 25 18 17 19 15 
34 20 19 19 26 39 21 23 17 34 41 34 22 30 29 35 28 17 19 19 16 20 22 12 24 12 37 31 38 19 11 28 7 28 36 20 23 20 20 37 18 15 19 17 13 16 21 18 24 32 15 18 30 19 41 20 34 8 25 12 
37 20 17 26 33 32 21 16 16 8 28 13 33 16 22 17 36 19 12 31 21 21 23 32 19 30 22 31 34 19 19 28 20 24 18 21 26 39 13 29 15 19 47 11 15 23 29 18 15 24 11 16 38 19 18 34 35 25 11 21 
29 22 16 29 25 30 26 15 13 21 37 28 23 22 22 39 34 12 22 24 15 22 28 25 36 4 31 34 20 22 10 18 16 11 20 26 20 30 14 38 21 23 52 32 9 21 34 26 22 17 14 10 30 28 26 27 23 17 13 16 
29 28 20 18 33 31 22 19 21 19 31 25 18 16 20 19 17 15 9 23 26 23 5 27 16 17 33 41 20 28 19 24 9 9 19 12 27 32 20 23 19 28 19 26 14 25 24 24 19 18 16 14 24 12 18 39 31 23 20 12 
46 21 23 13 21 36 23 16 11 11 42 41 18 14 23 20 25 20 20 16 21 35 9 8 26 23 33 16 22 19 13 24 10 25 46 22 21 29 14 28 16 20 47 27 15 14 35 19 16 15 19 18 35 14 31 28 31 18 25 15 
23 16 33 24 31 33 26 9 14 45 24 24 29 22 21 33 35 9 23 25 14 22 14 20 25 15 44 42 16 16 15 16 15 28 21 20 18 33 10 29 16 25 15 11 15 21 25 8 11 22 11 21 36 19 15 25 31 15 16 20 
21 19 17 16 14 30 23 17 18 39 26 33 26 14 23 25 31 11 18 26 9 34 20 26 25 22 28 30 8 21 18 18 10 18 23 8 14 29 9 38 18 24 37 24 14 15 16 17 20 30 19 23 17 13 13 28 35 17 17 14 
23 17 34 33 32 26 22 10 13 33 40 31 21 21 12 30 34 16 16 30 15 28 9 28 18 14 30 25 22 16 15 27 18 25 21 28 26 29 20 35 18 22 24 23 17 10 26 20 15 21 16 20 28 12 40 35 38 27 22 20 
11 15 34 18 30 16 11 21 23 47 38 11 22 18 25 33 43 11 25 20 21 29 10 18 23 15 34 30 29 13 22 29 13 23 32 21 21 26 20 39 17 14 20 25 15 23 12 16 16 23 20 16 20 15 35 24 40 33 20 13 
18 13 18 21 20 21 26 15 10 19 22 32 31 19 21 29 26 9 7 25 20 23 15 20 15 19 22 31 17 29 17 22 22 22 17 19 21 13 17 30 14 10 23 16 14 18 16 11 20 26 15 13 10 18 34 14 21 22 31 11 
21 15 25 28 9 34 12 21 14 32 38 23 20 15 18 35 30 13 21 22 14 30 18 28 20 8 30 28 44 21 16 35 14 29 19 15 8 33 16 35 13 18 35 32 21 17 27 19 11 17 11 16 28 10 37 24 17 18 13 15 
38 17 18 28 37 44 32 16 16 20 28 26 23 14 25 38 29 21 20 30 10 34 23 18 22 17 18 37 23 26 19 28 6 24 35 28 15 36 16 31 20 24 25 26 22 15 22 24 14 25 12 10 24 14 30 35 30 21 22 10 
29 18 36 19 36 40 25 19 14 31 26 28 10 10 27 49 34 15 17 29 18 33 13 22 12 12 41 24 23 21 9 28 19 18 15 26 17 18 19 5 5 23 37 24 14 22 16 24 18 26 10 9 22 22 34 25 26 22 15 20 
31 24 28 35 27 25 26 11 18 36 26 36 23 13 33 21 23 14 16 19 20 31 13 23 19 18 24 19 31 30 17 38 11 9 28 23 20 30 19 14 5 14 30 24 11 18 17 21 18 22 9 13 28 9 43 17 49 14 15 20 
12 22 35 21 40 21 28 9 16 24 19 23 24 13 27 30 29 18 15 26 16 17 18 18 28 8 23 43 17 27 15 16 11 17 30 16 19 27 5 33 16 21 27 26 12 26 32 18 24 18 11 13 34 18 36 18 20 23 16 15 
22 4 17 24 29 29 23 15 16 32 23 12 28 18 30 17 34 20 11 26 19 15 14 26 12 21 48 30 32 21 14 7 13 26 22 27 22 38 16 22 17 22 43 25 10 16 26 25 16 22 16 13 35 22 12 35 19 29 21 14 
37 9 22 28 15 32 22 9 23 33 21 15 28 20 19 29 49 17 18 20 19 21 13 22 31 12 24 17 23 26 16 14 19 27 36 14 26 37 8 23 15 21 20 20 15 8 20 27 22 27 16 11 32 25 38 34 11 27 21 21 
17 20 34 25 22 42 25 17 17 29 26 16 23 23 24 34 36 18 13 25 10 35 15 19 15 9 19 35 26 26 20 27 15 30 29 27 17 17 17 37 16 10 19 30 22 28 29 12 26 16 15 12 22 24 21 25 46 27 24 14 
30 24 34 15 15 28 22 22 19 25 34 29 25 20 29 24 33 18 12 27 20 24 17 29 23 12 37 25 30 31 15 35 15 27 21 30 35 39 14 36 9 18 20 31 12 23 12 21 24 30 19 23 27 19 21 28 21 25 25 14 
21 16 25 20 37 35 12 15 12 41 34 39 20 17 32 30 31 18 20 31 18 34 17 27 17 23 28 33 21 22 18 25 17 29 19 12 21 21 15 28 18 25 45 21 10 23 25 20 15 23 13 19 33 27 27 28 29 18 27 14 
25 17 20 28 38 9 23 21 15 42 15 26 25 19 27 15 16 15 19 28 14 29 15 26 24 25 39 19 22 21 11 16 17 27 23 18 8 21 19 31 16 18 39 24 15 19 26 23 13 22 17 9 27 27 14 31 23 12 19 12 
21 13 17 17 19 26 19 20 11 33 30 23 24 21 16 31 23 18 16 34 15 36 25 29 12 25 23 17 17 18 17 15 22 22 19 27 17 14 17 25 15 20 14 36 14 14 11 27 24 22 15 25 21 21 34 34 2 17 20 19 
18 28 26 25 31 25 20 22 15 32 38 32 19 25 24 27 30 22 17 27 10 27 15 16 18 17 22 31 20 20 14 36 9 17 20 17 19 40 19 35 16 22 38 12 15 16 29 19 22 19 11 18 24 24 41 6 31 31 20 11 
21 17 25 13 39 21 21 20 14 24 37 20 3 10 34 49 25 17 8 26 20 9 11 34 14 10 29 12 33 31 19 28 23 16 24 24 16 31 16 37 15 11 38 21 15 19 35 24 20 24 10 15 36 23 34 29 38 13 12 18 
37 23 20 20 40 22 16 18 5 23 35 24 18 14 18 21 33 14 12 26 7 19 20 21 24 19 34 15 27 19 16 15 12 22 26 28 27 18 16 38 18 19 39 26 9 14 36 23 22 27 14 22 23 16 27 6 32 15 25 20 
20 16 29 28 30 26 28 17 15 22 29 22 13 23 32 29 39 18 15 22 13 35 18 44 14 25 56 25 37 19 9 23 17 20 17 22 21 20 13 39 19 17 26 19 21 19 26 22 12 21 19 11 33 19 24 30 14 22 21 13 
29 26 24 12 38 30 10 10 11 25 28 14 24 31 25 24 35 7 28 24 12 30 17 22 35 18 19 10 32 28 14 35 11 21 41 32 19 24 19 31 10 14 35 16 19 11 21 25 22 23 16 11 27 17 28 32 38 24 21 13 
13 20 31 19 23 28 20 19 17 38 28 28 13 26 9 37 28 19 16 27 15 41 20 26 15 18 34 13 36 13 14 25 12 37 32 20 17 31 17 36 19 17 26 24 20 33 26 24 19 30 9 18 29 23 23 21 25 21 32 26 
28 23 30 11 24 17 26 12 10 22 19 25 18 23 26 30 30 14 14 39 13 14 21 12 10 15 29 39 31 17 12 29 13 25 14 11 15 19 8 31 17 21 24 26 23 26 14 22 18 24 17 12 28 11 33 25 28 14 19 19 
26 16 10 23 21 29 22 10 16 36 25 28 9 23 16 38 34 17 18 31 16 33 19 25 19 14 31 34 18 28 20 23 15 23 22 27 14 28 13 29 17 18 29 26 18 25 21 19 15 26 16 17 42 13 40 18 22 18 22 21 
27 26 27 28 25 24 26 14 17 22 33 22 24 17 19 14 25 20 16 20 11 33 17 18 31 13 34 40 26 20 15 8 18 23 15 29 18 20 19 30 11 20 14 13 13 11 31 22 17 18 15 16 21 26 27 17 27 22 13 18 
25 21 26 26 37 31 18 18 13 20 32 30 22 21 29 22 34 13 18 23 19 30 20 28 28 11 30 13 34 16 14 21 16 29 26 22 34 25 9 30 17 24 29 12 18 24 22 25 21 18 9 13 17 18 30 30 16 22 23 19 
23 20 26 30 35 31 22 18 12 46 6 26 21 22 30 20 24 20 18 41 16 16 15 27 31 15 21 15 39 18 15 19 17 20 23 26 21 33 19 38 13 14 35 19 14 10 25 19 18 30 14 13 36 26 27 17 32 22 23 17 
48 17 26 16 22 27 28 13 16 35 33 27 26 26 23 41 42 15 14 33 18 29 9 32 16 13 53 37 18 17 14 16 13 26 13 13 15 27 14 28 14 21 28 20 16 13 28 32 11 26 13 18 30 25 32 33 20 22 20 11 
19 19 28 28 36 13 19 18 17 21 36 23 20 21 9 39 24 21 14 24 12 27 20 27 35 11 33 18 17 31 13 25 20 21 33 27 23 29 11 39 18 21 31 35 13 21 14 21 20 26 15 15 19 20 29 22 28 9 27 13 
22 21 34 28 20 33 16 17 20 48 27 24 19 23 19 40 36 19 18 17 16 27 10 17 18 26 27 50 23 12 16 28 16 25 23 22 11 25 14 23 10 20 32 31 11 22 27 19 29 19 14 16 36 18 34 29 21 23 18 17 
22 26 33 22 31 18 12 14 15 29 25 32 22 18 30 17 29 10 14 24 17 25 15 24 21 14 21 43 30 19 14 15 17 33 30 31 16 30 19 20 14 26 26 24 10 20 27 28 18 25 18 11 25 23 30 30 39 15 28 15 
28 18 24 21 36 23 24 18 11 11 21 13 28 26 27 30 16 8 24 20 23 27 15 31 27 26 15 23 37 17 13 22 18 17 30 23 18 21 16 25 18 23 36 35 18 21 34 25 22 8 13 12 26 21 9 13 23 23 22 14 
17 19 16 27 32 35 30 11 16 29 21 37 21 20 33 23 30 16 19 21 19 36 19 30 23 10 38 29 15 15 13 13 14 17 12 27 16 24 6 32 15 25 27 27 18 22 27 37 25 34 19 16 35 27 33 31 32 24 15 12 
22 16 28 28 36 28 20 16 12 39 34 17 28 14 6 26 23 17 15 29 9 30 12 20 20 24 32 29 26 23 23 18 21 30 21 31 15 31 14 27 13 19 29 31 16 18 28 23 18 24 14 17 35 28 28 22 17 20 18 17 
9 15 37 28 32 32 20 19 18 22 36 14 28 23 23 20 38 10 27 36 13 28 18 20 21 15 39 22 20 22 16 19 12 29 26 16 18 36 23 35 14 16 28 21 16 20 33 30 13 23 11 12 41 21 20 35 42 18 10 17 
19 13 24 31 32 24 13 26 12 20 27 35 25 16 25 31 27 20 13 20 15 33 18 17 18 19 29 25 25 13 16 19 16 25 24 28 19 19 14 28 21 26 30 17 18 10 27 6 17 20 15 16 21 8 36 29 36 20 24 20 
32 25 41 25 38 29 20 13 20 45 30 20 21 13 23 24 40 12 7 23 19 34 15 25 8 13 45 32 28 18 19 29 20 24 18 31 22 32 22 24 11 19 16 18 14 14 11 27 16 13 19 15 26 11 22 15 36 13 26 10 
17 12 20 28 15 22 25 21 16 25 40 33 22 13 23 41 18 2 13 18 15 35 12 28 14 22 37 52 31 24 8 28 15 12 34 18 30 19 12 32 13 18 26 25 17 13 20 18 26 23 14 17 27 13 27 12 31 23 19 17 
24 25 28 12 27 34 13 17 18 26 35 18 33 12 20 35 29 19 14 12 14 24 31 18 18 27 30 36 25 24 8 10 18 26 15 23 15 24 14 31 11 18 28 23 18 17 32 28 17 29 11 10 30 22 21 18 27 20 19 10 
35 21 14 14 22 58 35 18 14 30 39 46 27 29 28 44 34 18 17 26 20 43 11 20 22 12 15 30 38 15 15 16 15 24 25 21 21 23 17 28 21 17 48 24 14 27 23 15 19 28 9 17 22 28 31 32 18 18 18 21 
24 15 27 18 32 11 29 26 15 31 33 27 19 17 22 26 20 9 17 13 9 33 9 34 27 18 36 42 35 32 8 21 18 22 9 31 16 17 12 20 8 14 18 27 12 29 11 15 20 13 12 14 36 27 21 30 15 13 31 18 
27 9 42 28 33 24 15 12 9 47 29 27 22 15 24 33 11 19 15 24 19 31 25 30 19 14 43 25 36 22 18 27 15 21 24 26 19 34 18 35 12 14 28 26 14 22 19 20 20 24 14 14 43 33 22 24 37 21 24 14 
33 21 18 23 33 35 22 19 19 35 16 30 23 20 32 39 33 14 27 19 10 25 17 19 19 22 28 14 35 29 19 23 17 19 28 16 23 28 17 31 16 23 33 24 21 16 32 13 30 20 11 19 34 25 27 25 19 21 22 9 
27 21 26 30 21 32 25 21 19 17 37 24 17 21 19 14 23 19 19 23 20 36 22 28 17 18 22 36 12 17 18 30 8 28 20 24 23 19 10 31 12 15 31 18 20 38 36 30 28 13 14 17 37 15 36 21 46 25 11 20 
30 22 28 14 22 24 25 18 15 19 22 36 25 27 18 32 17 18 24 34 19 25 13 25 24 12 15 33 21 25 18 16 20 24 18 27 20 23 13 16 8 22 32 32 20 19 15 23 15 22 16 17 21 14 47 24 33 21 15 15 
33 13 24 22 24 38 19 18 12 31 25 8 23 10 27 24 32 15 11 14 21 31 11 23 19 23 28 22 28 21 12 26 16 33 21 20 12 6 13 27 14 16 41 32 13 24 30 17 29 19 17 16 32 15 21 24 41 23 24 24 
31 18 25 25 32 31 29 14 17 29 20 22 15 22 20 35 29 10 13 23 15 35 12 32 28 13 29 26 23 19 11 27 12 22 24 26 17 20 18 30 13 17 19 27 28 13 24 26 18 22 18 14 35 16 36 36 16 17 21 20 
18 18 28 17 44 35 21 22 17 42 26 22 11 13 24 22 14 18 23 22 15 39 17 24 28 21 33 35 32 31 17 24 13 16 24 36 16 23 18 11 19 21 36 19 15 11 22 18 31 24 5 14 25 29 24 35 15 23 27 21 
13 20 35 17 27 31 33 24 15 26 18 40 23 18 21 21 27 19 17 24 12 28 10 33 20 17 28 23 23 26 17 25 18 31 21 24 22 34 12 18 11 21 30 22 18 12 31 16 18 40 17 15 31 33 36 29 29 7 29 13 
20 16 38 33 36 47 29 16 13 31 33 36 13 25 27 38 24 12 24 29 15 27 16 30 22 8 40 28 19 34 13 29 15 15 26 26 14 30 19 41 22 11 24 25 19 24 28 15 10 20 8 20 23 25 32 26 29 24 18 18 
38 17 25 24 33 36 20 14 18 18 31 21 19 16 23 20 20 19 16 31 9 20 19 31 21 21 35 56 19 22 21 16 11 29 31 13 34 31 11 23 14 15 26 29 11 22 35 12 2 18 13 10 18 23 29 26 23 16 23 18 
36 18 19 13 15 12 19 8 19 2 33 28 27 20 16 32 27 7 12 40 10 29 19 18 13 25 47 39 36 17 12 14 19 26 22 29 12 28 12 15 13 20 44 19 8 21 29 19 18 24 22 15 30 15 35 37 33 14 26 19 
23 22 17 22 23 20 17 15 23 23 34 18 28 23 20 24 39 10 14 21 10 43 22 20 25 22 38 32 30 25 20 18 10 25 26 13 21 25 15 37 21 23 21 20 20 32 23 26 11 20 22 16 32 23 26 31 26 24 19 15 
32 20 20 15 30 25 24 10 21 23 35 28 17 18 17 24 42 15 9 31 14 28 14 33 23 19 29 37 12 34 11 34 20 23 26 35 18 36 14 26 20 32 17 17 14 23 19 27 22 18 13 12 33 11 32 7 35 26 19 10 
19 12 36 18 32 34 19 20 18 27 30 23 15 20 22 40 33 18 22 18 11 20 15 25 16 16 32 29 23 20 15 29 15 20 23 15 15 29 15 18 18 10 38 32 20 22 24 15 11 26 14 13 30 10 41 27 32 17 10 15 
35 14 36 12 22 32 15 11 14 30 25 35 31 23 26 30 36 16 9 13 12 27 12 21 16 18 36 32 29 20 16 11 15 22 8 25 26 38 7 41 22 22 30 26 21 19 22 22 13 14 19 24 44 19 21 36 35 23 22 15 
23 19 36 17 28 25 20 21 15 24 32 25 16 23 24 18 30 20 19 21 21 25 17 21 36 13 28 28 39 14 13 19 18 22 26 34 18 35 17 20 16 19 39 19 12 11 15 17 18 30 14 13 13 22 46 20 21 21 19 18 
16 22 27 26 53 33 19 13 18 26 38 34 16 17 21 17 20 10 17 23 15 33 17 26 28 18 30 46 18 30 17 29 19 26 35 20 22 27 17 35 16 17 33 30 14 15 25 38 27 29 10 15 31 15 35 20 34 22 21 19 
36 19 26 30 30 23 22 10 19 20 42 27 22 22 25 34 26 14 16 28 13 38 18 24 16 23 25 22 25 13 14 27 12 22 22 14 19 47 15 22 14 20 25 28 13 19 26 12 11 26 17 12 16 16 24 18 30 26 13 10 
49 15 41 14 39 9 19 13 20 21 29 18 21 17 36 26 30 14 22 29 16 27 18 31 12 23 23 29 22 25 14 41 11 16 20 34 21 30 18 31 15 19 41 15 18 12 25 24 20 28 21 15 19 24 33 31 19 11 30 22 
30 16 24 24 31 28 21 14 16 38 33 36 22 26 22 40 39 20 16 19 14 21 20 26 31 13 43 27 15 17 20 20 17 28 22 21 18 36 14 29 13 19 37 7 15 18 18 28 17 19 16 12 40 26 40 21 25 14 21 13 
16 16 28 19 43 32 12 10 12 36 21 28 19 19 24 30 25 22 5 20 17 35 7 19 21 16 36 34 26 25 12 29 16 27 16 24 26 30 14 30 23 16 26 23 10 17 23 20 13 24 11 8 31 3 34 32 32 21 18 19 
31 22 37 14 47 26 17 23 23 26 23 22 15 22 11 35 25 20 19 34 16 21 14 19 20 14 24 23 23 12 17 28 19 28 27 10 20 22 11 35 15 20 44 27 16 24 27 31 21 18 24 15 11 23 29 21 41 25 22 15 
23 22 23 20 48 20 33 15 16 14 19 37 12 29 27 27 41 17 19 32 13 16 17 41 18 19 30 40 23 24 22 16 18 19 26 37 27 35 18 31 19 21 31 29 22 28 19 29 30 33 13 13 22 15 28 21 22 16 17 17 
24 21 29 26 37 23 23 19 19 27 30 25 10 21 29 39 35 9 18 20 10 33 16 21 28 9 33 22 16 28 11 23 18 21 30 25 21 34 15 29 13 21 30 19 16 19 22 35 14 27 14 21 26 21 10 26 30 16 24 19 
38 27 32 19 24 33 19 12 19 19 13 25 21 21 17 32 15 12 12 23 17 25 18 23 17 11 34 43 51 22 13 5 16 24 36 31 19 11 14 20 20 16 21 25 19 23 19 32 18 27 9 15 27 19 32 25 25 24 47 14 
31 30 28 11 26 18 22 13 10 24 43 18 21 24 21 23 26 12 24 27 10 16 15 26 23 9 35 21 37 26 12 18 23 29 16 23 22 35 17 35 15 25 40 37 16 22 19 18 16 26 13 20 28 16 32 16 27 27 33 15 
25 27 37 18 24 22 24 15 13 22 26 33 35 11 22 41 34 12 22 18 11 20 14 21 25 15 12 25 9 24 13 22 10 26 17 16 27 16 8 24 19 13 44 24 22 8 18 14 26 18 15 20 28 17 31 35 29 12 23 14 
37 22 36 21 38 36 34 16 18 39 33 28 27 23 14 47 28 15 17 27 25 28 15 34 20 20 42 31 38 14 10 24 17 15 31 18 17 24 16 24 19 21 21 22 14 16 27 27 4 25 14 12 22 15 30 30 26 17 12 17 
2 25 25 20 25 18 22 13 8 27 40 22 26 18 14 17 15 9 14 25 22 37 22 25 29 10 22 18 18 21 9 27 14 24 21 26 20 14 22 33 12 16 31 25 19 18 18 23 17 18 12 14 32 17 36 22 27 16 19 12 
22 24 23 8 34 34 14 15 18 36 22 33 15 18 27 27 33 14 23 30 15 28 32 19 13 24 34 34 19 20 14 24 16 20 27 31 26 21 22 36 14 24 44 25 21 12 21 26 12 16 14 14 40 18 36 34 18 19 13 15 
28 23 20 16 35 16 23 16 14 26 41 27 17 18 13 22 23 14 20 27 17 29 14 37 25 16 45 57 37 15 18 23 9 23 17 24 24 35 13 23 10 16 29 31 16 16 26 16 18 32 13 11 33 31 19 27 23 14 26 16 
31 25 18 21 31 22 32 21 19 26 23 33 23 18 39 33 42 10 13 24 14 22 19 7 22 16 41 32 18 15 16 22 13 32 24 7 15 14 3 25 13 14 34 35 15 20 35 22 13 21 19 16 26 17 24 41 33 17 20 7 
28 12 31 16 22 27 20 14 19 25 33 38 17 23 25 32 36 23 25 35 16 16 14 25 19 25 36 40 41 26 22 21 12 22 28 37 21 22 18 34 11 12 43 22 14 23 39 20 18 18 12 24 39 24 21 37 35 5 21 11 
21 24 35 13 22 26 9 12 12 30 31 27 21 17 27 27 29 14 18 19 21 40 12 22 27 18 34 23 19 23 15 30 13 18 25 21 15 21 19 25 11 17 33 27 17 29 22 26 16 24 16 15 27 10 29 19 24 15 19 15 
38 19 19 26 34 8 20 16 13 41 17 46 14 19 17 31 31 13 20 14 17 28 21 28 17 14 18 39 23 19 15 21 16 21 17 22 19 20 18 27 8 23 32 33 18 19 23 27 19 29 11 16 33 23 31 26 29 32 29 16 
24 18 20 25 32 36 30 13 18 19 19 18 10 26 24 44 38 17 23 23 16 39 18 34 13 18 11 33 40 23 21 21 11 23 16 35 20 33 17 13 18 16 24 19 10 17 31 13 24 31 19 10 29 12 44 24 28 18 21 16 
23 18 23 29 36 34 25 21 21 27 26 31 25 29 24 33 22 16 21 26 22 36 15 23 23 15 31 25 22 16 13 27 17 25 33 24 18 38 20 40 15 16 41 34 3 14 28 15 20 19 15 17 16 19 25 16 31 25 8 21 
35 22 30 19 40 32 17 19 21 33 38 14 21 17 26 30 30 11 11 25 16 33 20 26 22 16 24 19 19 11 15 19 18 11 18 33 9 22 7 25 18 14 23 30 15 16 26 22 19 26 16 14 30 31 26 27 17 22 27 18 
34 15 26 23 16 22 44 10 17 21 32 29 22 26 27 27 31 10 12 20 17 17 16 25 17 15 28 25 28 15 17 11 16 31 32 12 19 13 11 19 20 19 36 23 22 28 21 19 13 24 10 12 16 29 39 30 23 13 15 19 
21 22 28 32 33 34 22 22 7 20 26 17 22 18 6 41 22 20 17 25 14 16 16 18 23 21 33 30 19 13 15 24 15 23 17 38 24 18 13 32 13 24 24 32 11 8 22 16 23 25 10 13 23 15 29 19 31 21 31 17 
31 15 23 14 20 31 27 20 11 33 30 24 19 12 26 32 34 18 13 24 14 35 8 29 19 22 20 12 23 34 18 18 17 32 27 35 7 23 22 23 17 27 29 28 11 13 25 14 22 25 15 18 40 24 47 29 43 23 13 20 
33 17 31 23 43 19 22 13 16 39 23 20 25 17 36 31 30 12 16 35 14 33 15 30 24 24 36 23 33 19 10 34 16 26 19 10 24 37 8 22 22 13 36 24 19 22 29 9 18 23 20 13 23 24 50 17 21 20 24 14 
26 21 25 18 18 42 18 21 15 26 16 27 19 11 29 37 20 14 20 23 16 22 18 17 20 16 39 20 32 16 14 10 21 23 25 24 30 20 19 34 4 23 29 21 23 28 18 26 16 29 15 5 34 21 40 30 33 18 19 18 
25 27 19 18 24 36 13 18 16 29 23 29 16 16 20 17 25 16 18 26 16 33 21 20 23 15 37 29 28 30 16 30 14 27 36 28 18 41 27 27 16 13 29 32 17 17 25 29 19 29 15 10 23 18 18 28 24 18 20 27 
26 9 28 30 37 33 10 18 11 33 27 27 35 12 33 21 11 15 11 26 10 17 18 16 18 23 32 33 26 27 19 22 17 18 27 25 28 36 17 35 11 21 29 25 19 17 30 13 25 36 11 12 19 21 31 33 23 19 28 19 
16 11 33 22 44 5 18 12 16 29 29 14 23 24 20 28 27 25 25 35 9 39 20 16 16 14 11 21 9 20 20 13 21 24 33 27 15 29 13 21 25 20 29 38 19 20 25 16 10 25 13 19 18 19 29 17 19 22 28 16 
20 18 22 19 21 27 21 12 18 24 34 21 20 18 21 32 34 16 17 33 11 27 19 22 29 10 38 38 40 23 16 25 17 28 17 20 25 32 17 27 14 29 26 32 18 23 38 16 17 15 18 18 32 22 29 34 28 16 21 16 
27 31 28 24 44 23 24 15 20 43 29 16 33 16 26 35 16 18 16 19 12 38 25 26 17 21 47 37 24 28 12 27 18 24 14 28 27 24 15 37 16 23 31 21 17 14 32 27 15 25 17 10 32 27 35 26 24 17 26 20 
29 16 21 32 27 23 11 15 20 33 34 27 15 11 23 22 33 14 15 25 13 31 16 30 32 8 23 23 23 23 13 26 13 22 27 26 22 12 12 39 21 24 42 32 20 20 26 26 20 24 13 13 22 14 27 20 10 30 26 16 
27 14 30 13 37 28 18 18 26 20 25 24 25 26 19 25 43 14 15 29 20 40 12 29 11 20 13 34 36 21 9 45 23 8 27 20 23 32 27 28 15 19 29 23 24 24 29 24 26 19 16 16 35 18 29 34 21 12 15 18 
24 19 33 22 18 28 27 20 23 11 14 27 24 16 24 43 22 14 23 34 13 30 10 18 21 18 35 27 36 31 12 24 19 24 37 34 20 24 12 37 13 23 31 18 17 8 23 26 23 24 14 17 25 20 16 27 28 19 23 15 
41 15 17 22 28 20 18 18 20 23 32 33 17 20 42 20 38 12 15 32 7 23 15 19 26 18 36 26 33 34 20 21 9 26 31 40 21 40 16 27 23 31 21 8 23 17 19 31 14 25 22 16 34 29 29 23 18 22 12 16 
31 17 31 19 39 33 21 18 13 34 34 27 21 17 17 26 21 16 14 41 12 24 11 13 18 25 32 52 34 27 17 29 8 22 20 8 20 38 18 33 10 20 10 35 18 21 26 25 18 23 20 18 16 24 18 39 17 13 20 17 
34 17 25 22 33 37 15 14 14 37 22 30 14 14 26 8 22 9 12 16 12 26 18 31 23 13 35 35 43 16 14 23 18 29 23 19 20 30 10 22 12 19 31 18 12 17 30 18 15 29 10 15 18 23 34 29 26 17 22 13 
49 24 25 32 25 28 21 16 18 29 18 17 25 23 26 31 17 12 6 13 13 29 14 19 21 26 19 23 26 23 15 22 9 10 28 20 28 15 20 30 17 11 42 12 17 26 20 30 23 19 13 23 33 23 13 36 25 17 22 17 
32 13 25 25 21 7 18 16 25 31 30 25 22 13 20 17 35 17 23 26 13 26 22 18 14 18 23 34 22 23 17 32 20 20 22 34 24 33 15 32 22 17 33 34 20 19 24 33 27 28 12 24 28 19 20 28 32 9 11 14 
33 19 23 26 26 35 24 18 17 30 29 26 31 16 34 39 25 16 13 31 13 18 15 29 26 15 20 19 37 22 15 20 13 16 33 18 26 20 17 25 12 16 18 18 16 25 13 19 18 30 14 15 24 22 21 27 33 12 22 16 
35 20 18 12 23 26 26 9 19 29 16 31 26 24 31 27 22 11 15 24 20 14 20 32 18 7 24 31 27 27 15 19 10 20 27 34 30 45 19 21 22 22 33 32 16 21 26 35 29 20 23 18 34 25 25 33 9 31 26 15 
14 13 25 23 39 18 18 18 15 24 17 30 37 13 12 18 25 16 15 26 12 19 7 16 19 20 36 27 38 15 15 9 20 14 17 25 10 32 11 27 13 18 32 42 21 15 25 26 16 26 12 13 37 16 26 30 31 22 19 18 
32 11 30 26 31 28 17 11 17 42 23 15 31 18 21 22 27 18 21 20 19 18 21 21 30 14 32 23 22 27 8 27 9 18 22 28 18 39 19 29 13 20 35 26 17 27 31 18 17 35 13 19 27 18 22 34 40 27 12 15 
29 20 32 29 13 24 20 13 16 22 21 28 21 20 14 20 37 11 19 28 17 31 14 24 16 12 23 22 18 30 18 30 18 7 30 28 19 52 17 37 21 31 31 12 19 16 19 25 15 25 13 10 21 28 37 35 29 18 8 19 
30 19 26 14 35 32 22 16 15 37 26 30 15 23 21 30 35 9 18 12 15 21 11 31 24 17 25 31 27 19 17 37 15 22 33 23 14 28 19 21 17 19 41 33 18 21 22 22 16 36 11 19 18 20 27 25 28 18 22 13 
33 18 20 18 49 29 19 11 19 41 24 29 20 15 30 21 39 17 8 27 19 24 9 22 20 20 29 32 17 22 20 22 18 27 36 29 27 37 13 17 18 20 41 23 18 27 25 23 23 18 18 10 41 28 45 35 31 24 26 15 
22 11 25 22 39 32 8 19 20 39 29 38 16 23 36 22 33 14 21 26 18 15 6 15 16 16 38 38 33 23 19 30 18 25 21 18 27 25 12 32 10 19 36 19 15 22 24 23 18 11 18 17 27 29 22 16 30 16 16 19 
15 16 25 19 27 32 19 10 18 34 19 22 20 22 24 29 24 17 13 24 17 19 14 35 26 14 42 27 33 18 13 5 16 21 28 26 30 30 13 22 7 25 27 31 22 15 27 13 13 19 15 12 26 20 36 23 26 15 19 17 
35 18 30 22 25 39 24 15 15 34 39 12 21 24 16 44 30 14 14 33 13 19 19 31 28 22 44 31 16 23 8 8 20 24 25 19 22 32 17 26 10 11 19 30 20 30 35 22 17 16 18 25 25 22 29 21 34 15 26 13 
19 17 25 20 30 31 20 14 13 20 23 20 23 24 13 17 40 15 25 26 16 23 29 24 27 16 39 18 28 22 18 23 16 23 25 32 21 20 15 32 19 17 37 15 15 20 37 19 9 31 11 21 25 6 31 24 19 21 15 17 
25 17 24 23 22 29 20 17 23 29 21 30 18 21 14 42 24 13 27 28 18 23 9 36 20 14 44 37 19 28 14 17 22 30 21 18 20 26 16 42 16 16 30 30 11 16 30 31 18 23 12 12 14 20 31 27 16 23 17 13 
27 21 16 17 35 22 34 9 12 32 29 12 20 11 28 15 29 14 14 21 16 27 14 28 21 14 19 30 22 18 16 21 18 21 25 25 3 35 12 31 16 27 32 15 16 10 17 10 25 19 18 13 23 18 36 26 23 23 15 18 
14 25 30 25 26 21 23 18 17 23 25 15 27 23 24 32 41 12 21 32 15 23 23 21 27 21 25 28 28 15 12 23 21 21 26 20 29 22 13 21 14 17 30 18 23 21 19 20 20 30 22 18 24 17 50 33 36 18 23 17 
29 24 30 15 43 35 19 21 17 13 29 33 31 17 21 49 32 16 19 28 20 20 17 22 22 18 24 28 25 22 12 11 15 14 27 32 13 36 10 19 15 28 20 28 12 19 24 24 28 15 15 11 21 13 21 18 30 6 24 14 
32 14 17 24 39 32 22 13 15 21 37 33 13 24 23 32 37 11 22 24 12 21 10 21 22 9 32 12 15 22 20 27 18 24 27 33 14 19 17 15 16 19 42 24 11 22 28 25 22 22 14 16 37 14 34 39 22 18 19 17 
18 25 32 20 27 30 32 20 17 45 29 39 22 26 24 25 23 19 15 22 9 21 22 27 21 19 18 30 21 21 17 21 24 16 23 23 15 30 14 35 21 15 34 20 20 14 23 23 9 21 18 14 26 22 34 24 37 17 14 14 
38 15 29 19 55 17 26 13 16 31 29 30 22 18 14 33 24 16 24 34 16 13 30 35 28 10 25 41 29 34 16 25 18 31 15 21 17 16 19 13 11 17 14 26 22 23 23 21 24 26 12 17 25 20 43 9 28 10 19 17 
44 25 22 22 19 24 23 11 9 32 28 32 15 25 20 45 36 11 15 27 13 20 10 29 20 14 23 8 33 17 17 18 20 12 20 34 18 26 22 29 17 14 25 15 8 20 17 28 17 24 11 15 22 18 20 22 24 17 23 15 
38 13 36 29 16 29 24 18 11 24 24 12 21 17 22 35 23 16 6 27 14 49 18 39 19 9 42 29 26 23 14 29 12 20 16 33 20 45 18 38 12 22 26 27 22 18 32 28 17 26 20 13 34 31 44 22 30 21 22 16 
15 17 22 14 22 21 26 16 7 22 27 40 14 17 29 31 23 14 16 21 21 30 11 28 27 16 33 35 30 28 19 25 19 15 15 29 23 15 18 19 9 25 24 14 9 12 33 24 19 28 15 19 30 15 28 29 41 26 13 12 
25 28 24 27 19 17 25 16 15 30 22 26 18 27 29 29 20 17 16 17 15 20 10 17 14 18 35 43 23 18 17 26 15 20 22 16 28 28 23 26 13 26 32 20 20 25 15 31 17 26 15 20 32 20 19 29 28 18 18 17 
38 13 24 27 29 27 19 18 15 34 21 32 15 17 13 7 12 15 9 21 15 19 20 35 26 15 35 23 30 32 20 20 17 20 36 33 17 15 12 18 19 19 29 22 15 18 16 21 12 29 13 21 32 12 25 19 17 10 33 9 
52 27 21 22 26 27 19 15 20 33 35 16 22 25 35 30 14 12 18 28 17 30 25 30 18 20 21 29 23 23 17 19 14 12 35 39 15 19 19 39 20 23 35 21 18 11 23 20 19 25 11 18 38 13 40 12 16 15 15 11 
30 15 20 19 26 28 30 24 13 23 23 25 19 20 28 20 15 16 20 25 15 34 21 7 6 16 32 32 25 25 12 14 20 19 27 27 19 32 12 33 14 18 29 13 19 28 25 15 20 35 14 24 25 19 48 45 36 28 11 25 
21 24 31 19 24 39 25 15 16 28 19 36 23 19 23 31 26 15 27 18 19 26 18 25 26 18 36 35 23 26 12 25 14 14 18 20 16 37 17 29 12 12 27 20 26 18 26 16 16 13 11 11 20 17 32 40 29 8 19 13 
39 8 28 18 35 38 26 16 24 36 26 24 28 23 23 26 20 11 15 24 19 20 15 21 19 24 48 28 29 14 11 25 17 13 11 19 11 23 15 28 5 20 23 24 22 14 29 24 18 25 8 18 27 8 22 22 24 7 23 16 
33 18 35 20 35 27 17 15 15 27 28 42 27 19 25 25 23 18 12 22 18 31 18 31 15 10 27 24 14 20 18 32 19 26 28 24 24 19 22 27 19 20 30 17 23 18 22 26 25 21 12 10 39 25 25 34 11 14 18 16 
39 19 29 25 31 20 10 20 13 22 28 35 22 18 23 24 29 13 11 34 18 25 23 21 28 21 33 13 17 24 19 31 19 29 25 19 23 31 16 31 20 22 24 31 21 19 20 18 22 24 14 17 46 22 21 23 29 12 20 18 
19 17 20 20 26 25 17 10 17 22 25 30 27 11 27 32 38 22 22 21 16 31 5 26 17 16 33 30 33 19 9 32 22 25 26 9 21 16 15 34 14 19 33 36 12 19 26 25 27 26 20 18 24 13 41 20 24 28 25 14 
28 26 20 28 25 32 35 13 16 27 46 34 30 23 19 29 21 17 23 17 8 28 21 27 14 18 32 30 30 20 16 31 16 16 23 24 31 15 11 27 16 16 33 24 15 22 24 23 16 24 18 14 19 35 8 36 20 21 14 15 
32 20 24 26 30 28 18 18 15 23 35 27 24 12 35 21 32 13 16 32 12 35 14 22 38 21 21 31 29 15 23 16 13 24 26 13 32 20 21 33 14 21 39 30 19 25 29 24 22 20 20 20 14 31 24 33 35 12 31 14 
25 12 24 19 32 33 32 13 16 29 12 32 17 12 31 28 26 20 11 27 17 27 19 20 17 21 27 28 30 12 21 24 15 25 26 21 16 42 16 39 23 21 7 25 18 28 11 31 22 26 20 22 33 23 28 27 23 26 6 11 
33 21 19 12 33 22 22 18 16 44 35 34 18 13 28 14 24 19 24 6 21 27 18 12 21 21 20 38 12 26 13 32 11 22 34 37 19 32 15 39 17 18 39 28 14 27 31 26 22 20 17 14 31 15 22 23 16 25 19 19 
11 26 25 31 42 18 15 14 15 33 20 20 16 9 25 43 21 15 14 27 17 18 4 35 28 16 36 36 36 23 6 31 17 22 18 22 15 26 15 26 14 16 33 21 21 23 25 18 18 10 15 13 45 20 31 16 14 19 28 15 
30 22 22 15 9 25 21 16 14 36 36 30 21 13 7 30 29 21 17 28 14 47 13 22 10 15 22 24 31 29 11 6 11 14 8 26 23 39 20 39 12 12 20 23 14 37 22 25 4 21 12 12 28 27 31 27 28 28 24 17 
36 14 40 23 23 23 23 14 17 31 37 21 17 20 23 34 34 13 24 22 19 32 7 32 9 23 41 17 20 21 15 21 14 19 27 18 21 23 12 37 14 15 46 24 16 18 26 18 16 19 14 22 16 19 25 20 34 31 23 14 
20 31 34 17 25 45 21 10 16 24 30 42 20 10 28 23 39 8 16 25 19 22 18 20 17 12 20 20 29 29 15 16 18 22 15 15 23 23 13 31 16 20 27 42 11 27 18 22 23 22 10 16 30 25 26 31 41 25 19 15 
38 16 33 13 20 32 22 8 15 31 29 22 24 21 26 32 31 22 16 29 13 43 19 38 25 14 26 28 25 27 13 17 16 15 26 27 12 24 17 46 16 16 39 23 18 27 20 14 15 22 14 11 39 26 46 14 32 25 17 13 
32 19 47 20 31 41 16 21 14 31 36 33 17 13 21 47 31 17 15 26 16 25 24 17 15 14 27 30 14 26 19 13 16 31 20 43 15 25 15 27 19 17 27 19 13 29 20 21 25 26 16 22 35 31 13 41 23 12 19 18 
17 21 41 30 42 28 21 16 16 33 29 29 25 24 23 40 35 14 12 26 18 38 15 42 25 12 32 22 33 21 18 26 15 11 18 41 22 23 16 32 18 20 35 31 19 23 21 25 24 19 12 13 30 20 29 30 39 14 31 15 
17 16 32 13 29 27 25 19 13 22 29 27 21 16 22 24 28 21 19 29 14 29 23 27 18 16 19 24 23 25 17 16 13 17 21 25 18 19 13 32 14 16 27 25 13 22 25 21 18 35 18 19 36 16 36 31 42 24 15 14 
24 19 32 16 44 33 25 13 13 41 18 24 24 8 24 29 30 20 20 15 13 21 14 25 31 21 26 43 45 27 18 24 19 17 24 36 28 23 13 26 13 19 31 18 8 27 22 23 26 15 8 20 34 15 10 36 25 25 25 16 
34 13 18 19 20 23 32 11 17 27 34 20 24 17 25 29 27 16 17 22 11 27 21 33 22 20 32 40 30 28 12 5 15 26 33 32 20 18 20 18 17 14 37 33 17 11 24 22 9 26 5 26 24 17 21 30 27 26 28 16 
25 20 37 18 12 30 27 15 14 24 32 24 21 15 23 37 48 10 12 27 23 30 18 21 20 18 21 30 23 22 19 23 22 23 28 20 19 22 17 38 14 24 39 24 18 29 21 16 27 13 17 12 15 20 25 29 20 31 25 18 
20 25 25 24 24 24 21 12 11 28 28 31 25 28 30 21 16 19 7 27 20 38 20 25 28 20 16 25 22 10 17 24 15 30 27 34 16 42 19 37 16 15 39 31 12 9 32 14 14 14 14 22 31 27 26 24 40 18 17 15 
33 16 12 30 35 14 20 20 25 32 26 28 32 17 23 28 28 18 15 28 17 25 17 26 29 21 31 50 29 21 13 25 23 24 16 20 12 17 11 25 13 23 27 13 17 21 24 25 18 20 12 13 25 10 23 30 32 14 15 17 
23 19 29 24 21 21 23 17 23 33 36 40 8 25 24 31 14 12 25 22 20 25 20 15 20 16 23 25 25 24 16 13 11 27 15 33 9 23 7 15 20 17 26 31 12 29 29 14 16 24 16 6 25 23 37 25 37 22 23 14 
22 20 22 23 15 32 25 19 20 27 35 28 16 19 14 23 16 10 9 14 26 24 14 23 26 24 44 18 32 26 17 13 20 14 25 34 17 34 11 29 12 20 28 31 16 23 30 36 23 28 21 5 15 1 36 17 37 21 20 18 
18 24 25 35 48 30 19 15 18 13 12 33 15 12 33 27 23 18 25 36 9 31 16 20 14 14 32 18 29 28 17 28 21 20 23 11 17 18 17 33 19 21 38 15 24 18 41 11 15 21 18 16 31 21 19 29 27 27 17 13 
35 23 29 20 36 31 20 20 19 24 34 29 24 12 22 31 14 22 25 23 16 27 15 25 12 26 50 30 25 18 12 24 18 21 20 29 20 23 15 30 14 25 25 27 18 22 15 19 15 25 12 16 35 19 20 27 40 19 11 15 
38 13 40 9 37 41 28 13 22 15 18 20 22 21 13 26 37 16 16 18 15 21 17 33 22 21 36 16 26 20 19 22 15 20 25 25 11 38 17 31 13 14 25 21 19 16 29 12 12 10 14 16 9 14 27 17 29 14 24 18 
37 19 23 13 11 24 21 19 20 33 49 26 20 32 27 41 25 18 16 25 15 24 20 39 13 26 18 31 29 26 12 25 19 16 21 23 35 5 20 37 12 17 31 34 16 14 31 20 21 23 16 14 27 10 35 27 20 16 5 13 
26 14 27 12 32 31 16 14 12 38 20 31 18 24 13 29 12 12 13 19 11 33 16 20 17 15 22 16 34 30 19 5 20 22 19 22 22 38 17 37 15 23 26 25 18 16 25 22 19 29 19 14 30 21 23 21 11 21 9 17 
12 23 25 13 20 16 17 20 12 27 32 34 27 19 21 24 23 19 22 20 14 19 13 21 27 25 40 12 20 18 16 29 17 14 17 16 24 22 7 23 18 15 29 13 12 15 24 26 23 28 14 18 29 12 33 26 22 13 21 18 
26 16 19 22 22 28 18 22 17 22 15 35 23 18 25 24 28 13 19 33 10 35 18 21 18 18 34 21 26 18 11 22 19 17 25 17 25 38 11 36 23 22 23 27 13 16 29 27 19 24 18 19 27 14 39 29 23 20 8 13 
15 24 29 20 33 30 27 17 19 14 45 35 12 22 29 36 31 16 13 28 16 29 27 22 8 18 20 39 26 13 15 21 18 26 22 37 29 24 4 37 14 22 25 32 24 15 31 17 14 29 13 18 27 10 40 19 23 21 25 16 
20 23 15 32 43 24 27 14 21 27 37 20 27 27 12 21 20 11 13 19 14 34 13 24 17 17 20 16 20 23 16 21 16 16 22 12 25 37 15 25 16 21 12 38 21 24 20 25 21 23 16 16 41 23 17 17 18 17 18 14 
37 21 20 5 10 28 12 17 9 27 29 27 24 25 31 22 15 20 13 17 14 35 17 25 29 15 27 28 39 24 15 20 19 19 23 29 12 35 20 41 15 15 22 35 14 28 12 18 20 15 10 18 24 21 22 32 27 18 12 8 
22 10 21 6 37 28 27 15 11 26 33 32 30 30 39 13 41 25 14 18 18 26 26 33 20 4 19 37 27 29 14 25 15 23 22 24 22 32 17 18 18 20 38 25 20 22 30 28 24 17 17 18 33 20 36 33 18 15 12 17 
23 18 13 13 25 21 36 19 17 38 29 25 16 12 19 32 27 13 11 16 16 26 13 28 36 16 25 39 26 24 18 27 14 28 35 17 18 27 12 39 10 20 19 28 19 12 14 26 23 12 19 8 27 33 19 14 27 25 30 9 
33 23 23 26 20 29 24 16 19 30 18 20 9 14 16 21 26 13 13 20 14 29 12 20 29 15 35 18 27 20 12 21 13 26 17 33 12 33 17 41 12 10 26 8 14 19 28 21 27 27 19 19 26 15 19 27 19 23 17 20 
19 19 22 19 40 31 13 14 16 12 27 23 20 27 20 32 38 14 18 18 19 32 11 33 22 19 31 39 21 28 21 36 15 22 21 17 15 19 25 30 17 20 31 18 14 6 32 16 20 23 15 15 17 28 54 34 31 18 19 17 
37 14 29 29 17 29 30 20 16 21 29 31 24 22 24 31 35 11 19 25 21 31 20 21 23 18 21 35 40 23 13 16 13 16 21 28 33 31 8 25 19 18 32 28 20 20 28 18 20 18 20 18 40 14 30 32 26 24 18 13 
12 16 24 20 29 22 21 11 15 25 27 21 24 24 19 23 20 17 19 29 17 19 19 21 20 13 38 37 33 32 13 25 8 24 20 33 13 31 7 22 13 24 49 37 13 16 19 16 21 23 14 16 38 23 20 21 24 33 36 9 
22 32 24 28 17 23 20 22 14 21 16 19 22 17 18 24 26 14 17 27 10 15 19 26 10 16 13 48 23 26 12 28 19 24 16 24 21 14 13 34 20 21 23 15 14 19 21 23 19 30 8 19 39 22 26 32 27 11 26 24 
18 19 31 39 35 41 24 14 11 23 43 44 23 17 22 32 37 10 22 33 17 30 18 25 23 10 42 37 29 24 14 32 17 26 29 30 12 41 21 23 12 23 17 26 19 25 19 25 31 22 13 9 23 14 42 24 18 17 19 17 
21 24 29 29 27 37 24 17 15 47 25 36 27 13 18 31 32 19 19 27 15 23 18 18 31 15 37 24 27 34 14 29 13 29 26 21 26 27 10 24 13 13 32 31 12 32 25 15 22 25 12 17 30 11 24 29 23 15 20 15 
23 16 32 23 25 27 18 21 15 22 31 31 28 13 25 39 13 16 10 23 14 26 14 25 28 13 21 34 21 18 17 20 20 26 27 8 29 27 15 32 10 16 25 24 13 10 22 23 19 20 15 22 8 12 4 25 22 21 14 12 
19 19 23 24 22 22 16 14 13 31 28 41 28 23 19 39 30 14 13 16 11 19 22 20 19 8 39 33 34 19 12 27 14 24 28 28 23 39 19 27 15 16 35 29 19 28 21 27 21 31 17 15 31 20 33 27 31 23 19 12 
19 19 25 23 37 18 26 20 19 31 35 45 29 12 29 42 31 15 24 21 20 27 12 31 29 20 27 18 43 19 18 20 22 25 37 17 27 36 15 21 17 19 25 35 13 22 15 32 20 20 18 16 32 11 31 31 21 21 27 13 
20 18 30 20 36 21 20 11 17 37 30 16 15 16 19 38 26 21 17 12 11 25 9 19 24 19 32 27 20 29 14 16 21 35 16 31 20 17 13 45 17 22 23 19 15 11 28 16 13 16 20 14 36 26 35 18 26 13 34 20 
17 24 28 25 48 24 31 21 8 27 37 22 24 23 26 31 22 14 25 18 9 21 20 22 17 18 26 31 41 31 14 29 22 14 19 30 22 21 7 29 14 25 26 24 15 17 17 29 3 25 21 18 25 21 18 22 37 21 16 20 
31 19 43 16 49 26 17 21 21 14 33 28 22 21 29 29 32 15 15 33 18 16 15 30 19 20 26 32 17 33 16 40 12 8 24 29 27 30 24 22 15 13 36 36 16 21 15 26 23 24 14 16 33 21 42 33 39 6 20 10 
28 25 23 26 29 27 38 13 14 32 33 27 22 19 18 36 29 17 17 19 11 29 12 26 18 19 25 41 24 29 11 25 20 28 24 27 22 38 16 22 14 25 16 28 18 21 17 26 11 22 18 22 27 21 37 26 29 24 15 17 
31 23 36 16 23 19 23 11 20 33 29 40 21 16 24 25 28 14 12 28 10 29 22 34 12 16 25 33 27 23 9 14 26 37 19 27 20 27 9 14 14 18 12 23 20 22 14 20 14 17 15 16 18 26 33 24 38 16 27 16 
17 17 29 28 35 24 16 12 19 34 20 40 22 14 31 29 37 9 16 19 11 24 24 23 24 12 32 39 25 27 17 14 19 17 30 34 21 30 13 28 16 18 20 24 14 15 22 25 20 30 16 16 36 23 26 15 30 31 30 15 
17 19 23 18 40 19 16 13 22 15 26 33 22 16 27 30 25 17 15 16 6 29 14 33 24 14 28 30 26 9 9 27 16 28 16 23 18 29 14 33 16 22 35 31 11 15 15 22 23 26 13 12 21 22 29 27 29 28 18 21 
24 17 35 23 27 29 19 14 20 33 33 32 18 12 14 50 27 14 18 24 19 34 25 14 26 16 27 30 43 18 16 22 15 16 2 22 28 16 17 39 8 15 35 37 17 15 35 16 18 21 12 23 39 20 21 34 40 15 21 8 
26 21 18 23 36 23 29 12 16 35 26 24 18 15 22 28 35 11 24 35 11 19 19 27 41 15 25 38 15 19 14 26 19 24 19 24 10 25 18 26 14 15 31 26 16 21 30 22 9 24 21 18 18 30 31 19 28 27 20 24 
34 19 29 14 26 38 19 14 18 31 32 39 34 17 12 28 27 11 13 21 11 28 25 15 24 27 37 25 24 21 13 19 19 16 26 24 11 38 12 36 18 14 31 15 13 20 29 22 27 28 19 13 30 25 33 22 27 21 30 17 
24 25 34 11 46 24 25 8 16 31 39 26 21 19 21 34 18 7 11 18 10 28 21 42 17 17 18 27 34 25 9 19 18 32 30 3 20 26 20 39 15 26 29 20 16 26 26 25 21 26 11 10 28 29 48 30 32 24 24 16 
21 13 19 16 34 23 21 9 18 50 29 31 22 21 22 42 27 11 16 24 19 18 15 20 22 22 30 37 23 21 17 16 18 12 29 15 25 41 14 20 17 16 25 33 22 26 29 24 21 20 11 16 41 12 23 27 33 16 22 15 
30 12 20 17 39 24 18 14 18 30 30 34 14 19 31 19 32 19 15 36 17 21 25 20 26 23 24 39 29 14 15 27 18 25 28 32 22 32 18 23 21 26 27 25 9 25 36 27 18 25 15 31 25 8 49 37 27 14 24 17 
25 26 19 11 30 39 20 20 14 36 24 37 37 19 33 14 33 14 16 33 14 31 6 23 20 22 32 18 31 35 17 46 20 16 10 22 26 30 20 27 8 18 50 25 17 18 27 17 16 32 16 10 20 18 30 37 21 25 15 14 
31 14 29 14 28 34 21 9 11 32 34 28 17 18 26 23 32 19 26 24 14 29 10 37 25 23 39 21 20 34 16 15 14 29 22 31 25 29 12 21 16 23 30 33 20 18 23 31 17 15 16 14 43 27 31 21 32 32 24 12 
35 18 19 30 29 33 28 10 16 15 29 14 21 24 18 30 18 19 18 19 19 21 17 32 24 20 32 15 49 11 23 33 11 23 34 16 17 33 12 30 13 18 27 25 19 25 28 18 12 23 18 15 25 18 25 30 29 25 18 17 
34 21 25 20 32 14 36 5 20 24 31 44 18 21 23 19 34 17 16 30 5 15 8 18 19 22 16 40 38 19 10 25 19 25 22 30 23 23 19 21 10 21 29 19 16 13 18 24 17 26 14 20 28 17 23 20 23 26 14 16 
25 19 30 24 44 33 12 15 16 35 31 24 23 18 16 39 35 13 16 24 9 20 13 13 10 11 35 39 22 26 16 16 12 24 17 43 36 23 19 26 17 19 26 28 21 14 19 30 17 45 18 20 31 23 35 33 34 8 16 13 
27 19 16 27 39 30 17 25 14 44 27 23 25 17 15 23 28 19 23 13 11 18 20 28 9 25 20 33 18 27 14 29 14 20 27 35 17 27 21 25 19 14 36 18 15 22 17 24 19 31 14 13 28 19 52 28 41 21 32 20 
29 24 28 25 33 35 11 17 23 34 38 38 21 11 32 28 15 15 19 25 13 31 11 25 14 23 34 27 38 28 15 35 25 15 19 21 26 26 15 33 16 22 25 29 14 9 11 22 17 19 19 15 31 15 36 19 15 22 18 12 
22 12 22 31 30 30 18 20 15 24 23 29 14 18 23 22 23 9 16 24 9 13 18 33 16 18 36 38 12 29 13 36 16 21 11 30 19 25 15 29 17 19 36 16 12 28 31 32 25 16 12 18 31 20 38 27 38 21 16 21 
25 25 20 23 36 22 9 14 6 33 22 22 18 21 27 40 25 8 14 34 18 36 20 19 23 15 26 22 29 26 17 26 15 26 21 31 19 29 19 49 17 22 34 30 16 20 21 24 7 22 11 10 12 25 29 30 8 19 26 21 
19 19 26 23 24 38 12 5 10 31 36 34 22 22 25 34 46 19 10 36 15 24 23 17 19 17 35 38 28 21 9 23 24 17 17 30 24 38 16 23 13 20 29 26 14 21 26 25 19 18 16 19 37 14 20 30 23 14 21 19 
21 29 35 16 34 33 15 17 25 31 15 30 15 17 28 36 28 19 14 21 27 29 19 19 18 24 21 39 22 19 20 25 6 20 37 21 21 30 17 22 19 20 38 20 18 11 25 28 27 37 10 17 27 18 33 32 16 20 21 13 
26 13 20 23 31 15 16 17 24 12 22 27 16 20 14 32 31 17 18 23 22 19 23 25 16 16 36 40 44 20 23 27 14 19 16 32 5 28 11 42 12 24 28 23 14 29 23 24 18 27 16 18 24 32 40 32 30 7 18 15 
40 15 28 19 24 40 14 16 17 22 36 22 32 25 16 25 22 26 9 16 11 24 14 27 37 13 28 28 27 28 21 34 11 31 21 24 15 27 16 28 9 22 31 15 16 16 18 22 11 6 13 15 34 8 30 29 29 9 22 18 
32 19 24 28 36 27 20 20 19 33 27 14 22 23 28 22 42 9 22 34 15 7 19 32 19 12 34 39 34 27 17 20 19 25 19 25 23 28 23 29 16 23 27 12 14 20 22 22 25 17 15 11 14 28 42 26 44 17 25 14 
29 5 31 27 28 31 24 8 17 34 11 35 18 15 16 37 35 18 13 20 19 29 22 15 20 19 27 43 27 13 13 22 19 25 15 27 18 11 16 36 15 19 18 16 21 17 15 29 20 26 25 17 22 18 32 34 33 23 16 16 
17 11 32 20 30 14 30 16 18 36 17 29 20 24 16 31 31 17 23 23 16 33 20 22 28 16 19 35 14 28 16 19 21 22 12 20 18 28 20 37 21 18 32 12 7 26 30 17 19 20 12 9 26 26 23 44 24 34 22 17 
30 17 23 28 13 30 26 13 15 28 32 22 25 17 26 23 24 8 17 26 14 34 23 27 17 16 17 12 16 32 14 34 18 21 23 20 18 21 21 23 20 14 37 23 14 26 17 29 10 22 16 12 33 26 26 31 25 32 22 18 
23 10 17 19 31 37 29 9 23 35 26 26 28 19 25 35 31 10 21 33 17 34 19 12 16 16 33 17 25 19 15 21 12 24 25 25 28 36 9 30 15 21 34 23 8 23 18 27 21 14 8 16 20 12 34 33 15 22 22 17 
23 12 21 24 20 27 28 7 19 37 21 24 25 24 21 25 37 18 8 18 21 18 19 33 18 17 23 34 18 20 12 16 24 25 30 22 22 26 16 43 12 21 36 20 14 24 30 14 28 27 14 18 23 11 38 32 19 15 21 17 
18 15 32 16 18 39 26 17 13 9 43 20 21 13 17 17 22 12 21 35 13 31 17 22 17 27 29 29 34 34 19 20 20 26 11 24 31 26 19 42 10 18 37 20 14 14 6 28 20 32 9 15 20 31 28 30 19 21 20 17 
30 18 29 25 31 26 17 18 15 36 24 27 18 12 32 35 18 16 23 22 13 31 17 41 26 16 29 47 28 26 20 21 15 22 21 17 16 22 15 37 11 25 45 31 19 12 25 26 20 16 15 17 24 13 35 19 19 26 30 15 
24 17 26 18 29 39 21 19 15 20 29 42 27 14 17 23 26 15 5 25 10 27 18 30 19 24 26 36 29 23 12 15 22 19 14 30 22 9 16 41 13 16 39 29 14 28 34 20 12 18 10 23 38 18 32 28 32 17 24 17 
27 18 34 24 44 30 18 16 16 25 30 28 18 18 10 24 35 14 16 29 21 14 26 22 28 19 31 16 30 20 21 16 11 33 20 10 25 18 16 20 15 26 22 26 14 19 36 24 25 27 22 15 26 26 25 21 36 24 25 12 
27 12 19 35 49 22 13 20 24 35 27 20 23 18 18 16 17 15 17 23 15 19 18 22 21 16 33 25 30 23 6 19 19 19 26 22 27 28 15 47 16 20 23 22 15 14 34 22 18 26 11 20 32 20 33 15 14 15 18 18 
31 15 20 23 9 32 19 10 12 37 33 27 20 20 19 34 29 9 5 26 12 46 7 13 40 9 22 38 9 26 13 22 13 17 26 36 21 32 18 30 14 17 22 16 11 21 22 25 21 14 19 15 39 20 31 18 36 17 18 20 
33 21 30 24 41 4 22 17 18 24 37 35 19 19 22 27 31 26 9 21 12 24 12 24 22 12 42 23 30 14 16 21 15 14 29 23 16 30 21 39 21 14 24 32 16 26 32 14 21 27 11 14 21 22 27 24 39 21 13 16 
29 19 37 29 18 42 25 17 14 35 31 29 31 22 21 36 34 11 18 31 20 16 6 18 13 22 31 41 38 22 12 27 16 22 25 21 24 31 7 30 16 26 39 18 12 20 23 26 18 16 17 18 30 15 24 18 33 24 22 16 
37 18 33 37 37 34 15 18 20 37 19 33 19 16 23 23 44 15 14 19 12 35 26 19 19 16 36 24 33 29 16 34 22 27 22 28 14 18 19 47 15 22 25 23 18 26 27 30 26 29 13 11 43 24 35 30 28 14 20 18 
38 15 32 37 30 30 28 12 10 18 38 24 28 10 19 34 21 9 13 27 11 14 15 30 27 21 26 37 18 24 20 27 21 24 28 26 28 24 13 27 16 18 34 31 12 21 30 29 28 25 12 12 20 22 32 27 22 14 19 20 
31 16 23 11 30 34 20 13 16 37 36 30 18 14 15 34 29 17 22 27 18 41 15 31 21 18 23 36 30 9 16 24 23 27 24 14 20 30 17 24 9 23 31 14 10 9 17 20 22 26 17 11 32 18 40 34 34 21 17 16 
44 24 26 22 23 39 24 18 16 37 30 25 21 22 20 37 29 12 8 22 12 20 22 26 17 16 36 22 38 17 13 24 14 21 32 30 17 21 20 32 14 24 39 26 10 24 32 21 16 31 15 14 29 17 37 30 28 16 14 14 
30 22 34 19 34 31 21 12 21 59 26 23 31 18 28 28 17 17 12 22 12 27 12 28 27 10 24 35 39 26 9 30 23 24 20 24 16 18 17 27 13 9 36 24 11 15 18 27 15 23 14 19 24 12 38 33 19 17 22 13 
22 25 37 27 34 29 24 17 19 25 29 20 27 10 28 28 36 12 21 21 14 17 14 29 20 12 18 30 23 21 17 11 18 23 20 33 27 39 15 33 19 13 33 22 14 15 28 18 13 21 18 20 21 18 35 28 24 23 29 11 
27 19 37 22 25 32 25 17 13 13 23 32 20 16 32 37 33 13 11 36 14 28 18 16 24 22 38 41 21 17 17 17 13 24 24 14 18 34 19 31 12 21 22 21 19 23 18 27 13 22 19 17 26 16 34 29 31 36 24 21 
35 18 16 10 24 27 28 17 17 21 16 24 25 10 14 16 16 18 17 28 16 30 15 22 17 17 22 33 38 24 18 32 13 34 16 25 23 32 18 21 18 8 21 20 8 26 36 19 14 32 14 13 38 19 25 36 19 27 19 11 
23 22 24 11 41 29 12 19 18 26 23 28 19 24 27 38 24 22 18 42 18 22 29 26 41 16 36 40 34 7 15 29 10 16 18 18 30 30 11 26 19 24 51 28 14 23 28 25 16 27 10 15 20 17 39 31 36 21 28 15 
18 12 28 22 21 16 24 14 15 31 18 14 26 21 28 21 20 16 19 30 14 32 14 13 21 15 25 27 32 17 12 20 18 19 35 24 16 12 17 16 19 23 29 36 15 13 22 24 21 18 16 9 27 23 36 26 33 21 30 14 
41 20 32 20 11 15 10 12 16 19 26 23 17 34 14 33 31 9 16 22 19 12 14 19 27 20 26 49 18 16 13 11 14 36 27 17 17 38 12 28 17 27 30 29 11 17 33 18 22 20 15 17 19 16 23 17 35 21 27 15 
31 24 27 25 25 26 22 16 18 21 32 11 28 11 16 31 29 9 10 32 20 17 16 25 20 18 35 32 40 20 20 21 14 24 35 9 19 28 17 29 21 11 26 25 15 15 22 21 28 22 12 16 26 33 26 24 26 26 30 19 
61 19 24 24 33 23 14 18 20 39 37 25 16 11 25 26 47 9 12 17 19 32 20 22 23 12 29 37 32 23 21 22 15 17 28 7 19 12 11 37 10 24 35 16 14 12 28 26 14 26 14 7 22 23 23 22 26 21 14 15 
17 25 29 24 32 39 24 13 16 35 29 27 25 11 26 38 31 17 18 26 15 25 28 32 28 14 33 19 53 13 18 11 22 21 29 26 17 26 14 33 12 23 19 20 14 22 30 17 22 15 15 12 22 22 27 24 20 35 27 16 
28 18 27 26 19 26 10 7 24 29 27 36 18 25 23 20 15 14 14 23 14 26 13 23 19 11 43 23 31 19 11 30 17 30 34 21 22 21 12 34 16 16 31 30 19 25 26 22 17 15 19 19 37 20 46 39 23 16 22 14 
20 25 25 22 26 8 28 16 14 22 16 32 22 22 23 42 24 13 13 23 18 16 18 18 20 10 28 30 27 28 24 27 22 20 21 19 18 24 21 28 10 30 28 21 17 19 31 19 24 13 17 13 32 12 41 22 25 17 18 17 
12 22 26 25 23 28 22 20 23 37 29 23 15 10 26 30 24 12 10 16 12 17 19 20 15 18 28 28 32 27 12 14 15 20 13 24 19 10 19 29 21 22 29 15 21 30 31 15 18 25 24 14 12 12 33 22 34 19 22 14 
30 14 32 25 20 50 21 19 21 24 24 26 22 21 17 45 18 17 13 24 12 28 23 21 21 20 25 23 32 26 17 36 17 19 22 29 24 22 13 23 14 18 29 17 14 20 24 23 25 28 15 11 31 16 38 32 38 17 22 4 
26 19 14 20 27 28 18 18 16 23 17 23 26 19 19 38 20 12 15 18 15 14 21 25 19 14 42 29 31 28 7 20 11 19 16 24 25 12 23 30 19 22 34 15 14 16 21 26 28 22 17 18 24 21 25 17 33 22 18 16 
19 14 10 15 37 30 15 17 21 34 21 22 22 18 19 45 33 14 18 30 15 15 21 21 27 14 26 29 32 20 16 33 22 27 25 26 17 25 11 27 16 14 28 15 27 34 37 24 26 28 10 17 28 21 12 11 30 18 19 16 
22 20 27 22 29 33 11 13 16 16 30 22 21 26 20 30 35 10 20 30 13 29 13 31 24 26 26 27 28 34 9 27 14 24 34 29 29 27 11 18 11 22 44 12 17 33 21 17 27 18 13 18 18 23 35 28 30 26 20 13 
25 25 24 26 44 30 19 11 20 28 23 34 20 17 24 28 32 15 15 19 16 12 26 19 30 12 30 18 31 26 16 20 9 21 26 34 20 23 11 30 13 20 33 15 15 24 29 17 11 19 15 19 39 20 36 32 24 4 31 20 
16 23 29 25 45 30 39 19 10 39 17 24 16 23 24 24 21 9 7 31 14 21 22 32 19 14 39 12 25 20 12 30 11 29 16 29 17 24 18 28 13 18 40 35 13 8 23 28 21 28 20 13 31 33 19 20 23 31 31 18 
20 11 36 29 33 19 28 16 15 25 20 29 27 19 21 22 24 18 19 31 14 38 18 14 23 18 26 44 27 21 14 21 22 22 27 19 17 24 12 29 16 17 29 27 16 18 32 28 18 34 20 14 28 27 36 17 27 21 16 14 
37 10 24 23 19 19 16 17 11 33 12 28 15 19 28 24 38 21 20 10 16 26 16 16 29 20 40 27 14 14 15 27 14 35 16 11 24 27 12 21 20 21 36 25 9 6 17 19 20 25 19 22 27 19 42 25 13 26 19 20 
32 25 15 22 33 21 15 10 15 22 27 24 25 15 12 30 34 9 13 22 17 32 16 25 28 23 21 43 26 21 8 25 12 30 33 16 20 32 19 30 13 23 29 32 18 13 27 23 20 33 13 20 27 17 36 16 34 24 21 21 
31 12 39 8 17 20 23 12 17 29 37 25 25 18 25 34 40 12 10 27 12 28 19 25 20 17 29 44 27 24 10 25 20 26 26 17 24 30 18 30 19 20 26 26 19 7 20 26 14 21 13 12 23 20 20 13 28 5 15 12 
17 26 32 23 42 28 25 16 9 20 23 25 18 26 18 29 25 16 21 14 21 33 15 23 23 18 35 27 23 25 5 25 17 18 8 41 23 28 18 24 19 25 34 36 9 17 19 30 18 16 15 21 31 12 11 30 23 27 25 15 
9 18 16 31 33 18 23 18 17 36 39 20 19 23 25 21 27 16 15 22 13 24 17 30 25 14 24 27 21 20 21 37 12 16 32 35 29 28 10 34 16 22 30 33 20 18 35 30 12 17 17 17 40 39 33 20 25 28 21 19 
38 20 25 19 53 19 20 16 13 27 30 22 27 15 20 23 30 22 13 21 20 30 10 32 26 8 33 23 22 9 19 24 13 19 22 29 23 35 22 32 17 18 16 18 12 22 18 26 21 28 6 22 27 26 29 31 35 19 18 10 
27 15 7 19 36 13 26 15 16 38 16 23 25 23 24 35 28 17 19 22 19 28 22 10 24 16 31 44 23 15 14 23 11 19 24 24 17 18 16 21 12 22 34 20 17 19 24 19 16 16 15 18 30 11 29 36 28 11 19 13 
38 21 5 33 27 30 21 16 18 24 24 33 28 24 19 23 30 15 20 32 13 24 8 28 22 19 22 41 47 31 21 35 19 23 28 13 15 18 10 16 17 17 35 28 17 19 29 18 16 26 19 16 29 16 43 22 18 18 15 12 
31 10 32 25 32 29 23 19 17 23 26 29 28 14 24 27 44 12 19 31 15 14 15 22 15 13 23 19 13 22 16 33 12 17 15 19 26 19 13 31 17 15 25 19 15 21 20 21 21 24 19 17 27 21 41 17 36 4 18 24 
22 17 13 23 29 34 21 22 19 36 11 39 12 16 26 30 37 17 16 21 16 25 11 23 28 19 21 31 27 14 20 34 9 9 21 31 34 13 14 27 19 24 33 15 16 27 20 22 26 26 16 18 26 23 27 18 37 21 21 14 
31 15 33 20 42 30 22 22 24 28 46 39 32 16 28 34 24 12 16 28 13 25 24 24 27 23 37 24 43 17 11 27 14 26 26 34 19 21 17 22 8 24 16 30 16 19 14 26 20 19 8 15 26 27 28 25 33 29 23 11 
35 21 24 28 33 33 25 20 22 38 33 37 16 18 33 20 18 16 17 21 7 15 13 27 26 23 30 32 31 17 14 24 19 16 18 27 21 29 16 43 13 24 38 18 16 33 21 37 18 29 9 14 20 19 25 26 18 21 18 18 
19 20 27 12 33 16 16 17 17 33 17 23 21 14 22 21 35 19 26 22 12 21 13 13 20 25 34 27 23 20 21 32 11 21 26 12 12 15 17 42 18 19 29 31 12 22 28 30 17 33 11 20 40 20 25 33 23 17 31 14 
21 15 31 13 31 23 16 14 19 21 26 35 27 29 16 32 29 11 16 20 18 14 16 24 21 20 36 49 22 15 21 26 17 14 16 26 27 36 13 39 9 19 28 8 21 22 20 22 29 26 9 16 22 24 31 27 19 17 20 15 
18 19 22 10 18 22 21 15 16 10 23 21 24 18 15 32 32 13 16 34 14 33 16 14 31 16 22 30 26 18 19 16 23 21 29 22 21 27 12 34 17 14 38 23 19 16 33 24 20 20 16 19 37 7 39 36 42 23 11 14 
29 23 18 34 36 42 25 18 13 19 42 18 17 18 19 9 37 4 16 17 17 20 24 18 18 16 28 24 28 27 14 24 21 12 15 35 15 18 16 42 11 20 33 28 11 20 37 18 18 23 21 14 27 21 32 18 25 13 19 15 
29 15 50 30 21 36 23 17 17 19 31 31 21 18 28 33 20 12 16 18 12 27 17 21 22 9 32 31 32 16 15 28 18 27 23 18 19 24 16 27 16 20 25 21 13 16 22 6 23 24 14 12 36 27 29 16 40 23 32 15 
29 15 22 37 35 26 32 16 16 28 27 12 18 17 24 43 23 15 13 40 19 28 18 32 18 15 16 20 31 30 15 29 12 27 13 29 15 24 9 14 13 22 27 13 20 25 21 21 26 36 9 12 24 30 26 26 30 19 21 14 
21 15 37 13 37 22 28 15 17 29 16 36 27 22 26 29 29 11 21 18 19 26 16 40 15 18 39 39 34 18 18 27 16 25 23 28 10 29 26 31 17 14 25 41 19 14 34 33 20 15 10 15 45 9 26 18 24 19 20 22 
21 18 34 34 40 31 16 13 16 36 25 35 17 21 25 32 20 13 9 36 17 25 19 19 33 10 19 36 36 24 14 32 18 24 27 14 25 31 15 25 14 17 27 20 18 29 12 24 20 19 16 28 35 23 30 27 22 18 12 16 
20 13 24 26 39 32 24 15 21 32 44 31 22 18 21 22 29 18 21 36 15 21 17 10 27 17 21 24 24 24 12 19 12 21 20 15 27 24 21 29 15 14 22 22 20 20 32 26 15 17 19 12 32 30 35 14 26 24 16 16 
30 15 32 25 34 27 23 13 16 27 30 30 32 15 23 34 19 21 24 24 23 38 22 32 16 16 37 19 20 16 16 11 16 22 18 32 24 28 16 36 14 31 29 32 20 18 20 24 21 21 16 13 26 14 35 12 23 22 20 18 
43 16 30 22 33 17 19 12 21 29 27 22 17 13 27 36 32 13 2 21 16 27 9 14 23 25 29 10 30 12 25 20 17 23 14 27 14 23 13 36 17 22 32 27 14 29 24 19 20 18 17 20 27 16 48 35 8 15 25 10 
24 17 26 23 51 35 16 17 17 19 35 17 22 14 26 32 19 19 22 23 17 25 20 33 14 18 23 33 37 20 15 25 15 24 25 18 31 25 9 31 24 18 29 36 17 15 10 21 26 14 8 14 30 22 33 33 31 7 20 18 
21 21 26 22 18 30 32 17 16 37 35 22 14 7 22 30 25 17 26 25 8 23 28 17 13 23 27 41 19 26 13 14 22 10 27 31 14 35 16 29 16 22 31 25 19 15 18 31 23 34 13 10 23 14 36 30 25 16 17 19 
29 24 27 22 23 24 28 10 17 11 30 39 29 15 31 31 29 12 33 23 16 21 15 30 18 14 34 32 19 21 22 28 16 19 25 25 21 23 8 26 12 23 28 29 11 24 30 32 19 22 18 17 40 13 43 24 30 26 29 14 
32 26 28 29 57 38 14 12 15 47 32 24 27 14 20 38 32 20 10 29 20 26 22 27 15 17 33 26 23 31 22 27 12 29 36 38 16 33 11 20 9 18 22 27 24 15 17 26 10 14 18 15 25 21 31 28 31 17 20 19 
31 16 23 20 27 20 28 20 19 23 43 22 23 29 18 14 20 18 19 20 13 43 13 28 16 24 25 31 41 20 16 20 21 15 20 27 26 45 23 28 12 14 38 23 10 18 12 23 26 31 19 14 25 14 24 20 29 16 21 11 
16 12 31 15 34 11 18 9 17 28 33 13 30 25 16 33 20 13 13 34 20 30 17 24 24 16 26 38 26 23 14 29 11 27 37 22 16 19 13 29 10 19 39 5 11 25 21 9 3 18 23 21 36 24 28 32 20 27 26 16 
23 11 36 18 35 15 23 22 21 23 26 22 26 15 22 42 29 14 18 24 25 34 19 22 24 16 36 37 26 25 13 25 12 17 33 24 31 28 8 38 18 12 36 22 22 25 23 10 14 18 18 17 31 23 16 21 38 17 17 15 
13 14 28 17 30 14 19 17 19 22 31 27 9 21 24 25 32 14 7 37 15 29 21 30 30 14 15 27 31 28 10 42 20 31 30 26 12 30 11 30 15 17 37 28 19 20 28 18 17 23 11 17 18 25 26 18 38 17 15 13 
17 17 21 18 36 35 20 20 15 17 21 32 25 21 24 32 31 9 12 13 15 36 7 22 22 22 22 24 16 37 15 13 16 24 25 29 21 24 12 40 6 8 37 27 18 14 30 12 28 27 11 16 34 23 21 21 37 18 18 5 
24 26 25 18 14 27 22 14 18 23 47 16 20 14 29 17 35 14 7 20 13 30 14 18 29 16 32 32 34 18 19 12 14 20 21 25 25 13 17 30 17 21 28 20 15 16 39 25 21 31 15 18 20 13 40 35 46 14 18 12 
24 20 16 26 28 33 25 16 9 16 12 28 26 27 20 31 37 19 23 19 8 34 16 17 18 10 25 36 26 14 12 19 16 18 23 24 11 35 16 33 13 20 27 26 19 20 28 20 24 21 10 13 6 22 19 30 16 19 20 18 
23 20 28 11 28 28 33 12 19 25 24 32 25 15 22 26 24 12 17 12 19 36 15 28 18 17 33 33 33 31 15 24 20 26 21 28 25 35 8 34 23 11 20 20 20 24 28 25 25 26 12 20 25 19 17 27 18 25 20 19 
42 30 28 28 27 35 22 14 12 36 41 17 22 21 17 17 35 18 19 23 8 27 32 11 32 29 44 32 40 16 16 16 20 17 36 28 25 35 18 27 21 22 35 15 19 22 14 30 20 27 17 22 27 13 30 26 26 23 20 14 
12 22 16 30 12 32 24 19 17 34 21 35 18 30 34 37 22 18 18 16 9 35 15 25 26 20 38 20 20 17 17 26 20 24 29 29 18 24 14 23 14 20 33 38 9 22 21 21 16 29 14 15 39 33 41 26 18 24 24 17 
27 14 22 26 34 25 23 17 16 28 29 9 22 24 19 25 30 21 15 28 16 30 29 23 23 31 23 39 20 21 11 21 9 14 31 17 24 23 13 25 14 15 32 24 15 19 27 24 22 20 17 26 37 12 56 21 27 29 16 14 
14 22 29 21 26 22 14 16 23 21 32 48 35 24 23 27 23 15 20 23 9 32 19 14 28 15 39 28 28 23 11 23 15 22 22 29 19 18 14 37 19 24 29 25 20 26 22 27 12 30 7 11 34 23 26 12 27 23 21 18 
26 29 25 17 29 35 18 15 17 25 27 19 28 28 28 19 23 17 12 29 15 31 17 22 25 14 18 23 23 33 16 22 17 21 23 21 19 35 22 30 12 16 36 20 13 17 43 21 18 22 22 19 29 20 39 2 24 13 4 13 
19 11 32 33 44 18 24 17 18 20 28 25 27 9 17 19 34 9 22 26 15 23 18 23 31 16 32 32 22 25 6 35 16 23 28 24 14 29 15 33 15 17 33 16 12 19 30 25 12 21 20 11 28 20 46 27 25 24 10 18 
32 24 29 23 32 34 15 13 18 29 22 23 27 24 30 21 37 15 19 16 14 6 14 26 17 18 15 33 15 26 6 22 19 24 17 31 16 29 12 33 16 19 43 24 11 34 19 25 16 30 15 11 36 18 19 25 30 34 25 19 
28 30 29 17 38 20 12 13 9 32 29 29 18 24 31 25 47 11 10 20 16 32 18 18 12 13 17 45 26 33 16 22 16 16 19 24 25 37 19 35 12 24 27 35 23 10 18 23 12 11 12 18 24 14 23 15 36 26 20 24 
25 20 22 27 37 34 18 21 17 37 28 27 17 17 29 30 17 17 18 37 17 24 15 24 20 14 32 25 21 12 14 21 19 30 17 22 26 28 16 32 10 17 16 37 4 4 24 24 25 23 21 23 31 13 30 23 39 19 26 18 
32 25 15 27 33 13 26 13 14 43 18 39 22 17 16 31 19 13 13 19 13 32 20 40 19 16 29 35 22 21 14 19 18 11 25 17 16 46 9 40 20 19 23 24 21 16 23 12 25 15 18 15 23 22 42 21 23 21 16 21 
34 15 25 16 33 30 19 20 15 24 23 30 14 18 19 27 30 13 17 16 11 25 18 24 13 16 40 41 41 16 13 32 15 24 20 15 32 19 16 32 19 18 42 17 17 17 17 16 18 13 11 27 23 23 28 30 33 4 15 16 
17 22 16 9 9 16 39 18 16 19 15 29 19 21 32 13 37 13 16 22 16 31 28 13 18 21 10 28 28 34 12 17 24 29 27 17 17 20 15 43 18 25 38 27 12 23 31 12 14 13 14 18 28 23 33 28 27 22 28 18 
27 20 27 18 19 32 22 13 14 35 39 34 32 21 10 22 36 14 13 19 8 34 19 14 12 11 19 23 30 31 20 22 18 10 25 28 21 28 16 34 17 21 31 13 16 15 23 23 17 24 19 14 16 12 49 21 24 21 16 10 
42 21 21 23 34 28 18 18 16 37 15 37 17 26 18 25 29 7 8 21 10 36 23 24 11 16 26 40 23 17 15 23 19 21 28 30 19 27 11 28 20 26 19 32 20 15 19 28 24 29 20 12 31 14 39 32 22 26 18 22 
40 28 19 16 33 28 17 10 8 39 22 25 26 17 22 31 33 14 22 15 15 12 23 17 24 18 33 35 15 18 10 27 20 18 31 17 16 11 15 17 14 25 28 22 23 16 23 13 21 24 16 18 15 15 19 36 30 24 15 24 
29 25 19 19 32 24 25 13 10 34 25 20 28 16 17 26 17 9 14 29 13 32 10 22 28 19 30 24 34 25 21 31 7 30 20 24 21 35 14 26 18 12 33 27 16 14 20 21 23 16 17 17 22 11 29 28 28 19 21 23 
21 17 22 20 4 21 19 25 22 32 30 28 29 22 26 36 36 18 23 37 18 26 21 23 33 23 26 31 25 30 10 36 12 18 26 17 26 42 15 6 8 14 14 30 10 18 25 22 7 19 21 22 28 17 30 48 26 22 19 14 
28 15 21 21 48 27 30 22 13 14 35 33 17 23 34 28 20 14 16 11 14 31 8 29 20 17 46 34 18 25 13 21 14 33 20 31 17 22 16 24 20 29 15 28 19 22 10 28 14 19 13 11 35 20 29 17 26 23 17 16 
23 22 17 9 32 28 13 22 18 23 26 35 20 12 27 21 27 25 18 30 5 14 16 26 13 23 42 28 35 22 20 21 11 24 32 31 7 25 14 36 12 19 23 17 15 16 37 26 15 21 18 15 37 17 32 33 26 25 28 15 
29 20 20 22 43 40 21 20 7 16 27 30 18 22 12 21 41 9 14 13 18 19 15 18 15 21 27 25 22 19 15 32 20 21 39 33 24 34 16 26 16 23 19 23 10 29 27 24 14 18 13 19 32 9 38 20 22 20 18 13 
48 21 36 19 32 26 16 22 20 41 33 33 20 20 21 32 19 8 14 25 19 29 29 30 18 18 39 39 21 18 14 25 16 12 32 29 19 22 16 29 15 19 24 28 25 16 33 17 21 20 16 19 21 23 32 16 23 19 24 18 
41 20 16 32 28 33 17 14 11 31 35 18 14 17 21 27 22 13 10 24 24 25 24 20 26 21 32 41 24 21 9 17 12 26 16 23 9 36 14 37 16 15 42 35 23 17 16 19 20 18 11 20 27 19 26 22 38 27 22 11 
25 13 22 33 16 14 6 15 18 30 23 32 26 31 19 41 33 15 16 26 14 25 21 22 31 19 27 33 23 26 18 27 12 23 37 16 10 29 14 37 9 28 24 12 20 36 23 20 28 23 15 13 36 18 16 24 31 11 24 22 
31 30 21 17 41 20 26 17 8 44 19 29 19 18 24 27 27 16 12 30 18 35 16 7 20 21 35 30 25 18 10 29 17 18 25 22 22 32 15 35 10 20 17 38 19 17 34 29 25 29 14 15 48 16 34 16 28 23 31 16 
43 17 36 30 21 25 15 15 24 28 29 33 19 21 17 25 27 8 20 32 9 39 18 23 25 22 8 29 29 23 13 30 15 18 14 36 25 17 14 36 9 21 37 28 13 27 35 18 20 26 16 11 19 19 32 17 14 23 26 14 
30 24 29 17 30 33 24 10 14 30 26 24 22 19 20 19 18 15 10 21 19 23 25 13 22 13 22 17 17 18 16 21 9 20 34 16 10 15 11 23 11 17 33 17 17 24 17 24 13 18 14 12 33 26 33 24 29 16 6 14 
23 22 27 24 38 18 19 20 13 33 32 12 16 28 25 21 35 19 12 17 17 47 15 26 15 17 22 24 24 20 14 17 13 23 24 14 32 26 11 29 18 17 36 31 15 15 26 15 31 12 14 18 22 26 38 26 30 24 6 16 
29 21 35 21 25 26 32 15 9 39 34 39 25 16 27 33 21 12 20 27 7 39 14 21 17 16 32 36 20 26 16 26 12 16 25 24 27 37 12 41 6 21 40 18 11 20 35 19 21 27 13 24 34 13 27 31 28 16 17 21 
24 23 23 16 22 31 16 10 16 11 21 29 18 24 31 19 29 21 19 33 19 30 22 31 12 16 47 38 36 18 10 24 16 28 18 19 26 40 12 34 6 17 22 34 11 29 31 22 11 19 20 20 18 31 41 27 33 26 25 17 
39 11 18 17 32 40 20 17 12 18 20 34 17 22 15 27 27 12 19 28 20 20 19 38 20 20 28 23 24 28 14 31 14 21 26 21 18 37 11 23 21 15 16 40 15 27 14 25 28 31 16 19 27 11 24 24 12 23 13 20 
29 26 32 14 44 27 34 19 11 32 16 29 34 11 20 33 16 18 13 27 17 32 17 21 12 14 25 32 26 30 10 20 17 20 25 15 6 30 15 26 15 17 31 16 19 25 21 23 23 25 10 16 37 22 17 29 21 17 14 18 
20 16 23 34 40 24 27 12 19 31 32 36 20 20 23 23 37 21 19 25 11 24 15 23 19 21 34 23 15 28 12 27 6 15 26 30 19 25 17 22 14 20 30 35 15 16 25 15 8 34 14 16 18 21 35 23 21 29 22 20 
32 10 24 23 37 24 15 13 17 26 36 33 20 15 19 31 28 12 17 19 14 34 18 18 27 17 44 30 25 11 15 24 17 25 21 22 28 10 8 22 17 20 27 20 11 20 33 20 16 10 16 22 31 25 41 34 28 19 21 12 
24 19 22 19 38 32 17 18 9 35 17 30 20 23 27 10 17 24 19 24 15 29 22 23 20 18 34 24 44 12 15 28 18 17 27 18 19 16 14 25 9 12 24 18 16 19 29 29 15 23 20 17 18 32 25 32 30 19 23 11 
31 12 31 22 31 29 13 15 19 29 30 21 30 19 20 34 18 14 8 26 13 33 18 29 25 21 41 32 37 18 19 29 14 20 25 24 26 28 10 21 16 15 23 27 24 22 17 25 20 19 16 18 25 26 44 22 19 26 17 15 
33 11 26 25 17 25 13 14 16 37 34 21 22 20 28 19 30 15 20 26 12 20 13 20 24 15 38 39 21 22 17 23 18 12 39 27 31 33 17 25 12 13 17 29 19 18 10 23 26 25 17 15 22 8 34 16 24 9 21 17 
37 16 24 26 29 24 18 16 13 30 20 26 20 23 22 23 25 14 14 32 18 36 13 19 30 11 38 34 9 30 19 33 15 17 23 31 25 39 5 21 20 25 31 29 16 23 24 20 16 25 20 16 35 8 39 23 12 23 12 19 
39 21 30 23 31 23 12 12 11 24 25 30 20 27 17 31 27 15 10 35 18 28 14 33 13 20 37 26 30 20 16 22 20 14 33 20 26 25 12 24 23 24 22 28 17 28 20 13 24 18 13 18 23 33 47 34 21 19 12 19 
25 17 38 35 27 25 22 12 18 25 25 36 19 17 33 34 26 18 16 16 15 37 16 25 13 22 31 37 22 29 10 17 13 22 19 17 28 21 11 23 11 21 24 24 10 18 31 21 16 15 14 12 31 22 29 24 24 15 24 23 
29 19 25 30 26 30 31 13 12 32 12 30 19 20 17 34 17 18 14 23 11 29 12 23 28 15 34 30 35 21 13 29 18 32 27 30 18 36 20 31 14 27 21 18 12 28 19 20 17 24 22 19 36 28 42 7 26 16 15 14 
27 28 31 22 26 37 24 7 15 23 21 10 39 19 19 26 28 20 20 24 12 35 17 35 20 19 12 32 26 20 17 26 15 25 24 30 17 44 16 29 15 28 24 42 13 13 28 18 16 24 19 13 37 17 37 24 21 13 20 21 
31 25 25 26 17 36 23 21 10 20 22 30 33 23 29 39 13 23 8 28 15 15 13 19 23 20 21 28 22 22 12 27 16 20 26 20 23 19 20 24 16 23 25 33 17 16 38 15 21 19 28 14 20 29 39 34 17 18 17 17 
23 23 33 25 36 18 21 23 16 22 24 33 28 16 14 33 37 9 16 31 21 40 21 34 23 14 29 25 34 16 12 25 17 33 31 27 12 17 20 41 12 22 39 25 18 20 28 27 22 28 17 22 29 19 36 22 26 25 4 20 
19 17 21 21 43 18 24 20 18 43 24 27 24 20 28 29 32 8 22 29 14 38 14 30 27 12 16 32 31 17 21 31 16 15 16 22 25 17 25 19 13 23 18 25 14 13 24 18 20 19 21 10 19 21 17 26 24 18 19 15 
28 18 24 15 47 42 12 8 15 24 20 24 13 6 30 37 37 18 23 29 14 34 15 21 35 11 30 4 23 26 21 18 16 14 31 30 22 22 13 21 18 23 39 14 13 28 25 22 18 25 14 12 36 18 29 27 8 21 18 24 
13 16 31 20 29 22 13 13 13 23 31 46 20 12 22 29 27 22 19 18 17 22 17 30 15 13 19 43 29 22 19 24 21 22 23 28 11 43 21 36 13 21 12 36 14 20 15 26 13 18 16 12 35 17 12 42 19 18 16 14 
29 19 49 25 44 30 20 13 18 38 33 27 24 13 16 24 32 10 17 16 17 30 18 32 22 18 23 35 18 19 14 22 19 18 16 26 18 22 17 31 15 15 32 32 11 18 35 17 21 26 11 15 17 20 28 31 31 17 20 15 
25 11 30 27 23 14 22 16 19 38 30 23 15 17 36 22 44 10 12 34 20 31 17 17 23 13 28 32 38 26 25 28 16 8 21 40 27 29 20 47 11 21 31 29 12 28 25 18 13 23 18 22 16 22 43 22 39 19 17 25 
42 18 14 24 32 25 22 14 27 32 15 34 23 20 29 27 30 16 15 30 17 26 14 16 14 18 27 18 32 17 24 12 17 19 22 24 33 20 3 13 17 15 36 29 15 26 24 18 3 24 11 17 35 18 38 22 40 21 13 13 
30 21 37 31 29 31 30 15 11 15 34 15 47 17 22 41 35 15 12 11 14 18 15 15 11 17 31 22 44 16 16 19 18 25 33 12 22 35 12 22 20 12 33 24 14 11 26 22 11 26 23 15 17 18 32 23 31 13 21 14 
28 22 28 27 39 23 17 20 11 34 21 27 15 16 23 14 33 18 19 16 18 22 13 23 7 30 39 35 16 31 17 28 17 26 18 22 26 26 21 35 15 9 25 30 7 32 31 10 24 9 10 15 25 19 41 34 25 21 13 16 
24 23 23 24 30 30 31 14 12 32 16 34 12 21 27 26 29 17 23 20 15 37 18 12 20 14 39 47 23 28 17 28 14 24 24 21 21 22 4 18 18 9 35 14 13 28 35 15 20 38 12 17 28 11 26 19 14 23 22 11 
25 12 31 27 22 30 21 19 16 28 40 29 20 19 24 21 27 14 19 29 17 26 15 18 26 23 25 19 20 18 20 16 15 19 22 32 16 26 12 37 16 17 38 28 19 14 27 22 30 23 16 10 28 25 24 33 4 26 30 19 
21 25 12 28 9 23 20 18 11 9 24 30 23 20 29 35 35 11 8 18 17 27 15 20 24 15 30 23 23 23 20 22 12 35 28 31 17 18 16 37 16 19 21 24 11 23 24 26 21 20 18 18 18 16 23 26 26 20 21 17 
26 12 38 13 13 25 24 16 21 28 37 33 27 17 21 36 24 16 18 25 22 26 21 16 18 17 24 28 26 21 13 23 17 29 20 12 15 33 14 32 19 20 30 20 14 19 42 21 26 32 19 20 15 20 27 25 17 22 13 21 
14 17 26 12 41 24 15 13 18 38 28 27 25 18 33 21 26 13 16 22 21 32 12 21 22 9 19 35 18 20 6 22 22 17 29 29 25 10 16 22 16 16 28 36 11 12 25 20 29 28 17 17 21 14 44 20 19 27 20 13 
28 31 21 32 35 29 15 13 18 25 22 22 16 18 20 39 20 21 21 15 17 22 14 44 20 17 39 34 42 24 12 21 21 19 21 16 23 26 11 27 11 13 22 29 21 16 27 15 13 10 16 14 25 24 23 18 41 19 16 11 
12 19 21 20 51 21 27 16 20 32 18 39 15 23 21 13 33 22 12 19 17 35 21 27 14 12 14 24 38 21 23 25 18 23 27 34 36 16 6 49 14 15 31 30 13 5 27 14 20 16 12 17 20 35 22 24 19 15 20 19 
20 17 30 29 26 41 23 18 19 26 22 16 25 16 7 20 44 11 18 24 17 20 21 25 24 25 38 35 32 25 14 28 14 19 25 27 19 19 15 31 14 18 35 34 21 13 25 29 13 28 19 12 33 21 18 26 24 11 17 18 
17 17 31 29 34 31 17 16 20 21 14 17 26 20 16 33 31 10 15 29 19 27 17 21 19 14 31 21 17 27 14 23 21 24 20 22 14 12 9 37 12 23 17 29 24 24 19 25 23 20 19 22 5 12 22 33 30 15 27 21 
26 30 21 27 18 33 27 14 9 33 10 28 23 18 25 31 36 14 15 34 22 24 25 28 19 22 21 28 28 21 22 33 11 24 24 32 30 20 6 30 10 14 39 16 15 22 6 21 18 26 18 15 29 31 20 25 33 22 27 16 
29 27 32 14 36 27 17 14 15 27 29 30 17 19 28 16 33 14 13 23 20 18 16 12 25 16 30 27 17 28 14 22 22 17 22 42 11 26 13 40 10 22 22 16 12 17 35 29 24 31 13 22 33 24 26 16 31 20 21 15 
36 32 15 25 27 21 21 17 20 33 29 19 21 17 30 23 28 7 15 23 14 33 21 20 22 15 25 31 13 13 18 19 17 24 27 19 21 28 15 28 7 24 34 34 21 24 21 14 17 29 19 17 29 20 12 18 18 8 10 18 
33 24 17 15 41 29 28 14 24 40 28 32 11 18 22 39 25 9 20 32 20 35 18 35 16 21 25 27 26 17 15 19 10 24 19 33 17 32 12 28 15 18 37 43 16 24 20 30 23 24 25 15 26 23 14 35 21 20 19 15 
31 12 33 16 26 21 16 14 25 30 26 30 33 17 29 19 19 21 20 28 22 40 20 31 22 15 40 20 21 28 11 30 16 10 20 32 26 36 11 22 17 18 29 36 24 16 10 26 18 20 17 23 22 18 21 29 46 15 12 22 
21 17 26 16 37 27 27 16 23 24 29 33 11 28 18 36 28 12 17 23 13 20 14 13 18 26 29 26 17 20 17 37 13 31 15 30 25 37 18 29 11 20 39 27 12 36 26 20 11 23 11 13 19 17 22 15 34 26 18 12 
49 14 25 23 28 34 24 25 18 27 41 24 34 19 20 39 36 12 27 28 9 26 10 29 21 16 39 26 31 20 13 27 12 19 30 25 24 31 16 19 17 18 30 15 16 28 25 32 14 22 16 12 35 38 15 25 32 26 25 11 
45 20 23 16 28 32 20 18 15 34 25 23 16 22 8 29 34 17 7 21 7 25 15 32 24 17 39 29 28 22 15 17 17 23 32 21 21 38 21 27 17 21 19 33 13 26 31 25 25 13 10 16 35 17 38 24 47 20 6 19 
36 16 41 33 34 22 13 12 12 31 30 20 24 12 28 34 20 19 21 30 14 27 25 28 19 15 37 37 15 24 16 31 19 18 27 17 16 13 17 39 13 21 27 30 6 22 23 30 25 20 14 19 38 19 43 30 31 31 27 23 
16 10 32 21 29 20 28 23 19 36 24 19 22 27 15 28 17 4 21 22 18 20 14 17 14 22 40 51 20 14 17 20 18 26 22 25 26 21 16 24 15 20 29 26 15 28 31 15 16 31 15 21 26 26 46 20 25 17 30 24 
19 28 20 25 50 31 26 9 24 12 24 27 18 26 20 41 29 13 8 27 21 32 14 24 17 25 24 25 11 30 19 29 11 21 19 13 18 28 15 28 17 19 31 22 26 26 27 19 20 20 13 8 19 17 28 24 27 27 11 15 
20 22 32 13 42 21 16 15 15 26 24 32 6 12 17 31 30 13 16 28 19 32 20 27 18 28 27 53 16 29 21 24 10 25 26 17 13 33 16 26 14 17 25 17 16 9 23 22 30 11 13 21 25 6 26 27 23 16 14 16 
22 21 29 19 34 25 29 7 22 20 23 33 21 12 21 36 47 20 16 16 17 43 12 34 18 18 10 21 34 21 16 23 9 29 28 24 23 34 5 33 12 24 30 34 12 20 33 35 18 21 19 20 22 23 14 27 28 19 21 18 
16 23 23 23 37 22 23 22 20 11 23 30 25 15 6 21 36 25 18 19 18 32 19 20 26 11 28 41 35 8 9 26 20 25 19 24 24 35 11 30 16 19 25 28 11 17 36 17 16 21 12 20 17 17 26 15 42 23 21 14 
35 17 39 24 17 29 17 22 18 15 28 26 33 19 33 30 31 12 8 26 18 28 18 30 14 5 15 34 18 18 16 21 18 20 34 22 13 23 12 25 8 18 29 34 22 16 29 25 16 30 13 21 34 24 29 32 39 25 18 19 
34 22 24 16 44 32 24 16 14 35 31 17 34 16 13 17 24 14 9 23 8 33 14 22 13 11 29 16 18 26 16 30 9 13 29 16 24 48 11 30 19 14 21 35 13 11 35 19 23 29 17 19 39 18 12 18 31 21 22 20 
25 31 25 20 38 34 19 22 20 20 37 27 16 19 26 48 48 15 13 27 9 25 17 9 19 21 42 25 27 10 17 35 14 21 18 29 10 27 6 19 15 21 32 23 19 13 33 15 20 18 11 12 22 15 24 32 35 27 18 16 
25 25 20 23 26 20 25 22 23 20 38 27 25 22 31 12 34 14 24 12 28 33 15 30 25 15 26 20 31 12 18 11 26 28 25 13 29 32 10 20 8 18 16 24 18 17 29 33 15 26 16 20 40 20 30 17 34 18 18 19 
33 24 24 17 41 30 29 16 10 30 36 34 22 19 31 37 25 18 20 33 13 35 8 11 28 14 29 31 21 18 16 10 9 30 22 25 17 31 14 35 15 22 36 28 19 29 30 16 13 22 17 20 37 16 26 24 20 25 16 16 
36 15 43 17 24 23 23 22 14 37 49 34 26 22 22 38 31 17 15 19 18 22 14 24 23 13 35 45 41 29 16 38 19 26 28 38 9 28 9 14 14 16 37 30 18 32 26 18 19 23 14 15 30 23 47 28 33 15 20 17 
16 20 29 31 15 21 13 10 15 24 23 30 30 18 21 36 26 7 23 24 11 29 15 20 28 24 30 37 28 6 14 32 20 18 32 36 27 22 13 36 17 26 30 29 15 23 22 35 12 25 17 13 40 15 31 18 21 28 19 18 
27 17 26 13 39 27 28 18 5 28 9 25 20 30 27 24 20 18 18 30 15 26 20 28 11 16 32 30 21 35 12 19 16 24 27 19 18 16 13 52 10 15 35 23 11 17 18 22 19 32 18 14 11 19 39 29 18 12 17 21 
24 22 32 24 59 27 29 16 8 31 34 27 26 22 21 22 39 15 20 20 8 41 15 24 17 17 37 15 28 17 15 22 8 14 30 24 22 25 11 37 9 15 51 24 14 20 23 12 22 18 12 12 22 19 25 32 8 31 17 15 
25 16 31 27 50 38 13 15 19 27 34 31 25 21 30 40 31 14 8 10 14 30 13 37 15 18 27 16 29 30 11 17 24 12 22 24 29 22 22 36 12 19 42 42 11 23 32 18 24 21 17 16 23 29 36 22 30 22 27 14 
26 18 17 20 32 33 23 16 15 26 44 38 26 32 22 45 29 18 15 27 23 22 20 24 25 20 21 21 29 13 13 38 13 14 34 27 18 40 15 18 19 22 37 20 10 17 23 13 19 22 12 18 23 23 7 27 27 29 22 18 
21 19 25 16 33 31 20 14 7 26 35 25 29 19 29 15 18 15 14 27 16 15 16 18 32 18 31 7 35 23 16 29 12 12 25 48 17 36 15 35 18 11 32 21 16 26 15 14 20 19 21 17 36 24 48 31 34 15 29 12 
38 29 21 21 28 15 25 26 11 33 24 30 27 18 28 27 28 20 5 27 10 24 13 23 27 27 39 16 22 22 12 17 12 16 24 21 29 36 11 33 15 23 30 36 21 18 22 15 15 20 18 14 27 19 38 27 15 19 23 16 
20 18 28 15 32 29 15 22 18 36 24 15 35 25 13 42 25 14 16 30 20 19 24 20 14 19 19 34 29 18 16 25 17 20 24 26 17 33 18 30 16 15 34 42 20 18 29 25 21 29 12 10 26 25 28 27 25 31 18 19 
14 6 16 35 39 26 21 22 19 13 25 30 27 8 29 31 38 16 20 17 13 22 12 32 18 15 20 35 36 18 11 22 10 23 16 15 27 26 11 26 26 21 32 34 16 10 19 21 16 27 14 20 21 27 29 26 27 36 20 15 
25 19 32 27 13 18 16 15 12 17 35 32 20 24 31 37 30 17 22 17 19 22 19 32 23 13 24 32 19 31 17 32 21 20 12 24 11 40 11 23 26 11 21 25 16 21 29 14 20 26 16 12 30 19 40 16 35 32 18 13 
8 15 14 20 32 18 28 16 14 28 27 33 14 23 34 29 15 13 21 24 7 17 22 25 24 21 45 30 30 16 15 32 20 26 26 23 18 31 16 21 13 21 35 29 23 16 32 17 20 22 15 21 17 24 21 24 32 19 8 22 
30 23 22 26 30 23 29 19 17 19 9 18 25 17 17 21 27 16 23 14 11 26 14 22 8 21 36 16 19 21 13 27 10 19 20 27 22 19 16 33 13 22 28 7 21 22 34 25 22 27 7 17 28 17 37 21 21 22 23 13 
17 20 28 36 32 30 31 13 17 32 49 29 26 20 22 35 28 22 14 34 15 37 27 26 21 13 27 33 25 16 11 35 14 13 23 31 21 22 12 23 11 19 42 25 19 17 21 19 22 16 13 16 40 28 14 36 36 14 15 13 
19 15 35 23 49 19 22 14 11 37 29 13 19 22 29 31 27 9 13 27 12 22 18 32 31 24 27 48 36 19 10 28 15 18 20 32 17 36 26 37 11 12 26 32 15 26 18 9 14 20 15 18 29 22 22 22 23 26 27 15 
27 16 27 27 39 29 24 15 20 49 23 25 19 21 23 24 39 11 19 23 21 26 26 34 21 18 29 24 27 19 17 24 14 28 26 26 23 30 17 43 15 21 29 26 25 20 6 17 13 29 13 9 28 6 27 16 32 24 20 11 
25 24 33 17 29 28 18 12 15 35 22 23 27 18 19 13 25 15 21 17 21 34 15 13 25 23 36 27 25 28 11 34 10 24 22 22 18 29 13 33 19 24 12 20 20 13 13 24 22 20 16 16 30 19 35 21 36 18 8 18 
24 16 28 25 43 15 21 5 16 35 19 20 20 14 17 32 19 12 22 9 20 33 21 26 17 15 47 42 31 17 13 26 14 12 25 40 12 19 20 25 18 27 41 18 23 12 24 24 15 24 20 18 38 27 25 30 31 19 23 22 
27 21 29 17 18 17 24 19 16 36 15 32 17 20 20 19 37 21 5 23 14 32 17 22 30 18 23 31 40 20 13 16 19 26 39 30 32 39 15 25 21 24 31 22 18 21 17 19 22 27 17 16 19 14 24 28 22 15 22 18 
22 21 20 23 22 33 19 19 25 36 15 26 31 18 27 37 44 20 19 34 16 21 6 15 16 17 21 34 32 19 23 21 21 18 38 27 18 24 18 42 19 18 23 15 12 23 19 10 19 27 10 11 18 17 23 18 39 21 14 24 
24 16 38 22 24 29 24 16 18 42 27 27 17 19 29 27 37 14 11 7 13 25 18 26 15 18 25 30 27 30 15 27 20 24 12 13 17 26 16 33 17 20 42 33 16 14 18 32 15 26 14 16 23 24 31 24 29 20 16 23 
30 17 40 22 19 28 25 16 19 33 35 28 21 13 23 23 38 19 17 18 20 32 21 21 20 24 28 28 29 20 11 24 18 30 44 23 19 13 15 32 11 23 37 14 12 25 26 19 17 29 15 9 24 21 27 33 26 23 19 13 
29 18 22 34 47 22 14 18 18 23 25 25 33 12 19 21 33 25 11 16 15 28 17 28 14 27 19 31 28 26 10 15 19 9 23 27 23 36 22 30 22 24 29 27 19 19 29 15 31 23 15 17 37 14 21 23 37 19 14 21 
30 23 40 20 3 28 25 21 25 30 30 27 27 23 25 24 39 14 23 27 10 27 14 14 14 26 30 32 20 15 16 36 10 20 19 26 12 17 10 21 13 19 22 24 13 23 19 35 11 28 9 19 17 19 28 21 25 22 24 21 
22 23 23 20 32 22 32 17 13 37 22 32 29 23 17 34 29 22 24 37 5 17 22 25 12 23 32 28 20 19 12 10 18 17 20 19 9 34 17 20 16 24 35 25 12 15 34 30 15 24 15 16 30 29 27 20 28 21 16 15 
32 30 24 26 20 39 23 16 22 21 20 30 26 16 23 8 32 13 22 26 21 29 25 20 30 19 30 25 28 41 16 18 12 19 30 19 20 29 17 37 9 28 27 22 16 20 14 25 25 17 16 19 32 25 14 24 26 22 22 24 
24 19 19 20 34 30 13 16 11 23 28 28 13 16 27 25 25 5 17 28 17 14 18 15 13 17 34 22 29 40 19 20 16 20 23 20 27 14 11 21 22 17 29 30 17 19 25 26 22 22 11 11 27 28 26 17 42 26 26 18 
31 28 22 20 20 37 29 18 13 28 38 38 17 21 31 40 15 19 19 23 9 37 15 28 22 24 38 38 27 16 18 30 21 29 14 22 26 36 14 28 8 22 34 26 11 25 28 24 28 22 13 17 14 19 45 25 15 19 25 14 
31 14 28 23 34 38 24 17 15 43 21 26 19 22 21 32 27 11 7 10 16 36 15 24 15 13 34 29 20 23 11 32 16 21 14 33 19 20 16 20 10 12 22 14 20 18 15 20 15 13 8 16 36 25 35 23 35 12 21 18 
27 19 35 21 26 27 24 13 15 42 36 25 32 16 25 31 20 14 14 23 7 33 16 28 24 17 28 33 26 20 18 9 13 30 23 23 29 20 15 31 22 22 42 32 13 21 34 25 23 21 17 12 33 21 28 22 25 21 24 16 
25 15 18 30 40 26 24 10 9 22 38 19 22 13 32 28 37 14 17 20 16 24 20 36 29 13 38 39 26 20 17 23 24 23 19 34 18 31 12 25 12 22 32 12 16 26 16 29 15 25 15 15 27 20 28 19 27 12 22 19 
27 13 42 16 32 28 22 22 21 13 17 39 28 20 22 28 36 18 29 18 13 34 11 30 13 6 22 39 23 17 23 21 16 19 6 26 11 30 10 28 15 27 25 17 10 12 9 17 21 24 18 17 30 11 36 27 34 25 21 9 
12 15 28 30 23 17 25 10 13 6 34 23 21 19 34 44 32 16 15 31 14 19 12 20 15 15 27 32 32 25 20 26 7 16 23 13 33 21 11 31 13 17 43 31 16 27 18 28 19 14 11 19 30 21 23 26 22 21 29 18 
33 13 22 20 22 29 12 21 19 26 21 29 19 23 23 29 27 12 22 26 13 23 17 33 15 18 29 44 22 19 14 37 20 26 26 11 25 30 18 33 19 15 27 30 11 21 24 19 22 21 20 20 33 24 41 18 23 15 25 12 
24 20 27 12 40 24 24 13 18 27 23 29 20 22 17 29 33 10 12 24 18 24 14 21 15 23 17 24 22 27 22 27 10 25 23 24 28 18 19 32 9 17 15 19 15 7 16 28 14 30 11 17 16 23 36 16 24 22 17 12 
25 13 28 29 20 17 19 12 11 26 29 38 23 25 6 22 33 13 13 23 9 24 26 25 14 18 28 38 20 24 14 17 15 24 28 15 6 25 10 17 22 25 31 36 19 22 16 18 15 32 16 15 23 21 24 26 18 22 13 19 
31 22 27 25 18 30 19 20 13 26 30 24 25 18 27 29 27 18 11 26 13 26 19 25 30 18 33 36 22 11 17 12 19 20 35 16 19 19 15 32 15 12 35 34 23 11 31 28 23 19 12 15 32 19 43 25 15 21 19 16 
24 23 36 11 30 25 18 16 21 36 31 22 26 15 40 19 12 7 18 19 17 33 7 14 16 13 16 21 24 12 15 19 14 26 24 25 20 14 23 23 14 27 36 25 15 19 36 35 18 16 19 15 32 13 29 28 24 5 19 7 
34 18 17 25 22 30 32 12 17 15 24 27 29 19 27 43 29 17 17 14 14 29 24 18 17 20 36 45 50 34 10 14 23 18 27 27 19 43 16 35 16 12 30 27 9 20 15 17 18 24 12 27 26 17 33 20 34 20 15 21 
21 15 24 28 38 19 12 10 19 33 19 18 26 16 15 30 23 7 22 36 7 16 18 23 22 25 26 15 23 17 22 30 24 30 21 25 22 11 20 25 16 15 30 25 14 22 26 20 20 23 15 19 34 16 27 38 26 25 20 25 
33 21 37 18 41 27 10 18 24 23 8 28 22 25 28 29 31 12 25 21 15 23 11 23 20 12 29 35 28 14 17 27 6 29 19 28 23 33 12 16 13 13 31 25 14 18 32 18 25 18 20 10 24 21 26 27 31 23 3 19 
27 20 34 22 17 28 31 17 15 24 29 18 19 10 22 32 28 16 20 35 9 22 17 17 18 16 38 39 24 19 12 27 16 29 32 1 19 26 17 14 16 20 24 19 23 20 35 32 22 17 19 14 28 22 40 30 34 28 20 19 
29 25 13 31 37 35 10 16 23 19 18 32 20 17 25 29 35 12 16 34 15 23 17 24 24 14 23 33 38 35 10 23 22 30 34 17 14 22 11 46 15 20 31 32 16 9 23 24 29 17 15 20 4 19 22 20 26 19 5 15 
24 27 37 26 43 25 23 22 11 19 27 19 10 20 24 28 12 21 17 23 9 21 9 24 13 17 23 22 30 28 16 16 15 30 35 15 38 30 16 40 10 14 20 19 17 18 22 11 12 19 15 15 16 18 33 26 29 26 23 19 
26 17 15 30 46 27 23 18 22 13 26 21 15 17 14 30 20 9 18 37 13 25 12 24 15 17 34 38 34 32 20 28 8 21 29 18 21 26 14 35 13 14 32 12 18 14 21 22 17 18 13 12 31 18 31 18 26 12 25 14 
20 15 29 27 33 22 23 28 12 25 27 18 17 19 24 38 26 10 9 20 15 33 21 20 16 21 33 9 27 24 16 20 16 25 30 22 34 31 9 35 19 22 29 31 9 31 35 23 12 18 10 14 31 21 30 32 41 19 23 17 
15 17 28 16 31 26 18 15 27 38 30 34 26 19 24 26 32 10 13 22 18 39 21 17 26 29 18 27 40 24 15 21 21 22 20 28 24 30 12 24 14 21 29 43 14 13 24 26 21 27 11 15 28 29 26 32 22 21 30 15 
39 27 27 14 40 26 16 20 21 30 37 36 18 15 17 29 28 10 11 31 22 37 24 16 20 20 19 30 22 25 24 26 11 19 15 31 19 25 19 23 14 21 15 29 15 24 36 32 28 39 12 8 26 16 46 30 31 19 19 17 
30 14 28 28 46 27 14 10 20 11 29 24 21 21 25 39 18 19 23 22 15 25 16 22 13 22 35 28 28 20 22 27 20 17 21 21 24 18 15 27 15 24 35 25 21 18 31 20 19 35 18 10 38 27 21 25 31 30 19 17 
23 16 28 16 25 31 19 15 15 19 31 22 20 20 12 26 21 22 18 17 23 34 12 21 20 18 26 30 13 16 17 32 9 31 20 24 14 32 13 30 21 16 9 27 18 19 23 29 22 42 16 17 15 24 27 35 24 19 18 23 
29 26 24 16 32 27 29 21 21 37 29 33 16 18 29 45 38 12 23 31 12 45 24 14 25 26 30 32 16 10 18 29 15 18 25 25 29 27 16 18 18 10 39 23 15 24 30 26 18 15 10 14 34 21 19 34 13 23 22 21 
28 21 21 13 11 29 15 10 11 26 25 20 17 14 30 21 31 15 22 11 13 32 8 29 18 29 40 28 42 13 16 23 13 22 24 28 27 16 20 29 15 16 24 13 17 20 38 35 20 27 23 16 17 28 29 36 41 25 18 16 
24 19 22 25 22 27 22 21 14 28 22 26 37 18 34 33 10 14 20 26 12 31 24 36 28 16 28 34 33 18 11 31 7 28 27 18 19 22 7 13 6 17 36 36 10 13 27 14 17 26 14 18 15 20 53 28 18 25 24 14 
30 19 33 28 24 39 24 20 12 27 37 32 16 24 22 25 38 15 12 28 13 36 12 25 12 21 31 33 16 18 6 25 21 19 19 27 16 25 16 30 13 30 19 15 17 19 17 36 22 29 11 21 27 24 17 9 29 16 31 26 
28 21 32 11 34 20 25 19 20 33 20 25 20 29 37 30 28 21 9 18 17 25 10 5 20 11 27 36 40 26 6 26 16 14 20 16 17 21 9 27 19 19 28 29 19 18 19 10 24 19 10 20 22 15 16 30 8 21 10 20 
30 28 28 16 43 34 24 20 17 25 20 34 21 18 24 21 19 15 19 21 14 24 9 9 11 11 38 32 37 25 17 20 13 22 9 20 8 21 21 29 14 21 33 31 19 16 30 29 16 32 18 17 37 20 32 38 29 15 26 16 
34 17 35 14 12 32 27 20 15 36 26 41 13 20 12 37 12 13 19 23 16 41 15 23 29 19 45 23 27 18 24 32 12 26 28 31 5 23 13 35 17 13 34 26 16 15 32 19 14 26 9 14 22 15 47 24 27 12 9 21 
29 17 41 13 32 28 19 9 12 27 14 40 29 13 24 26 30 15 10 16 18 23 19 20 20 12 18 31 23 20 10 33 17 27 28 25 23 26 19 27 23 17 18 25 24 24 21 24 13 25 14 8 27 25 19 25 27 17 13 4 
24 15 44 20 21 21 25 17 20 20 19 23 25 18 30 33 30 21 20 41 10 49 22 36 17 14 20 16 50 21 17 23 22 30 28 26 15 30 15 5 20 13 37 37 9 31 23 10 18 15 17 19 38 22 20 24 34 21 30 16 
22 23 34 29 25 25 19 15 19 20 43 39 22 25 23 35 13 19 13 26 15 27 15 21 20 14 37 18 26 13 6 22 18 33 26 28 26 20 19 24 16 21 36 19 22 31 27 13 16 23 13 14 31 22 23 13 28 15 18 11 
34 13 22 25 40 21 25 18 13 25 37 21 25 19 25 15 20 18 19 25 13 24 13 20 14 10 19 36 35 20 13 29 18 17 24 19 21 20 17 38 16 23 34 25 12 16 33 24 30 30 13 14 17 27 33 21 32 13 28 13 
29 24 24 29 42 33 23 21 20 34 25 31 19 23 20 20 34 14 20 29 19 31 20 27 8 16 26 21 17 22 11 31 19 21 19 25 24 29 10 37 14 12 32 23 24 22 29 15 25 14 17 18 18 22 29 33 30 23 13 8 
29 23 27 25 34 17 26 16 15 20 32 10 21 18 26 20 30 16 13 18 20 35 17 30 15 14 33 24 17 16 11 29 17 31 34 19 24 15 13 18 16 27 30 14 17 24 26 15 18 24 16 15 27 31 11 41 34 10 16 14 
31 18 22 18 15 42 10 13 20 32 19 39 16 24 17 24 26 8 23 21 20 38 17 11 23 9 37 33 19 22 10 42 17 39 18 30 12 30 12 23 20 13 34 25 17 21 10 17 18 29 11 20 26 17 48 27 36 15 23 11 
32 18 24 16 17 24 23 14 18 24 33 33 29 14 26 15 24 25 9 22 14 32 15 23 28 21 44 34 24 26 10 17 14 15 40 19 24 35 11 19 17 14 17 33 19 26 21 17 23 21 14 16 19 16 49 25 27 22 28 15 
21 22 31 21 32 27 22 15 20 20 32 17 19 24 23 28 19 15 24 29 8 34 16 24 12 12 23 43 13 19 16 35 15 25 28 25 25 21 15 22 19 21 11 25 16 20 26 28 16 28 11 18 29 31 29 38 34 26 21 16 
19 19 24 22 31 29 20 18 18 39 29 35 34 17 14 34 22 13 18 23 16 37 15 36 23 16 16 36 28 24 14 28 15 19 20 13 21 32 19 26 17 11 28 26 15 18 23 24 28 22 13 19 21 22 35 26 30 24 28 18 
35 15 16 25 45 33 19 23 16 31 16 29 19 20 28 27 27 15 16 27 13 19 16 26 20 15 25 29 24 22 13 22 18 29 34 27 19 30 10 32 16 18 26 25 13 25 21 17 16 24 14 19 29 5 29 14 32 12 12 13 
25 21 25 28 27 27 27 10 18 15 25 39 20 12 27 18 21 12 13 37 10 27 19 8 15 14 28 46 25 12 16 23 24 25 29 23 19 31 10 28 20 23 39 26 12 9 31 22 24 26 13 15 33 23 29 32 17 21 10 15 
24 17 18 17 30 20 25 19 19 28 31 36 14 19 28 23 22 9 20 20 16 36 15 22 20 30 29 25 23 23 16 27 18 21 27 25 25 22 11 33 14 13 28 34 13 12 30 16 14 19 17 14 26 27 16 29 29 18 22 14 
26 21 19 25 43 30 21 14 15 4 14 30 22 17 16 18 39 12 21 18 13 18 15 21 23 16 21 42 32 37 13 33 16 34 14 27 15 28 16 24 19 15 17 44 21 31 19 29 19 30 17 12 39 16 22 28 36 19 27 23 
12 17 32 12 41 31 24 13 13 24 34 17 15 27 17 29 25 17 18 27 15 20 19 14 10 16 22 34 37 25 18 29 14 30 20 25 24 25 11 11 11 12 33 17 18 14 15 29 18 30 13 11 25 23 25 21 26 17 18 15 
38 23 31 28 26 23 26 21 15 36 17 31 31 20 17 29 26 9 30 33 4 24 24 34 19 17 23 19 18 18 13 34 20 23 19 40 18 39 15 36 19 25 36 23 20 21 28 22 16 25 17 13 34 12 24 27 20 16 18 20 
26 20 20 36 52 39 29 21 17 22 32 17 14 15 28 30 18 12 27 29 26 26 20 38 20 20 38 25 30 27 18 13 17 32 28 22 28 24 19 31 15 11 40 30 13 11 25 15 25 18 8 16 23 16 35 22 33 18 16 14 
33 10 26 17 16 35 28 14 13 28 27 30 16 22 25 28 26 7 16 23 20 37 9 16 19 21 34 32 42 18 17 15 14 17 16 23 26 19 12 32 15 7 30 23 18 16 31 26 17 32 15 22 41 17 39 31 18 26 19 18 
25 12 32 29 24 15 18 15 10 44 30 22 18 22 13 25 34 23 15 11 15 34 21 19 14 19 20 38 20 20 10 21 21 24 15 30 26 8 21 28 6 16 37 20 17 17 20 27 25 18 10 17 39 13 29 29 41 17 19 17 
22 24 28 26 33 24 26 17 15 28 33 21 24 15 18 28 26 12 22 17 19 13 15 39 14 15 28 8 27 28 18 21 15 19 25 31 19 39 12 15 18 27 20 38 24 21 25 15 17 19 15 14 26 22 28 15 31 17 28 19 
39 30 20 28 20 25 22 11 18 27 29 35 29 27 19 27 25 10 20 29 14 26 23 31 19 22 16 19 25 25 19 39 20 22 30 31 21 23 11 34 9 19 29 25 11 10 20 26 21 18 15 17 34 20 28 18 21 22 10 12 
32 21 22 22 31 39 14 14 3 13 29 21 24 26 28 28 32 18 20 28 14 21 20 22 16 12 33 33 24 20 18 23 15 23 28 16 22 18 16 24 18 22 46 25 23 11 26 29 19 24 18 17 25 24 26 31 36 15 25 15 
24 18 22 27 40 26 14 17 19 24 32 32 16 19 28 35 20 18 22 23 17 26 24 36 20 18 30 17 27 25 12 31 16 17 28 31 22 34 22 19 15 25 19 21 16 28 16 11 24 26 17 11 23 15 18 12 9 15 20 13 
40 25 33 28 37 28 28 17 14 32 24 28 18 19 26 41 27 21 18 20 16 35 16 28 20 24 38 31 36 10 14 11 13 13 19 26 25 17 9 32 17 24 22 27 17 13 17 21 19 20 12 20 17 22 30 29 35 24 30 13 
26 21 29 10 19 43 19 16 22 21 24 24 23 17 15 21 27 18 16 22 14 31 17 16 21 21 34 40 33 21 19 35 13 22 17 22 23 38 8 38 13 16 33 21 17 15 27 11 19 22 23 15 28 10 20 34 31 21 15 13 
16 18 24 27 29 26 25 12 8 18 25 20 15 25 26 30 35 17 13 25 12 31 13 29 19 18 37 28 21 31 16 20 15 18 29 19 24 26 8 30 18 23 20 32 17 27 21 26 15 18 16 19 28 26 38 30 33 20 26 12 
25 20 20 17 38 21 31 21 14 36 36 29 25 26 24 21 15 25 12 39 10 28 14 25 13 16 14 44 38 24 17 25 16 20 32 20 18 22 20 16 16 24 36 26 21 23 18 18 18 22 16 18 22 9 22 27 13 12 11 17 
34 13 17 12 35 32 22 15 18 33 28 18 6 27 28 24 41 13 20 26 15 29 14 24 26 12 21 25 36 26 12 37 19 18 19 27 18 36 15 16 12 19 23 32 13 19 22 20 12 18 15 16 15 24 21 22 26 24 31 16 
35 20 27 19 15 37 30 17 15 31 26 27 25 18 30 41 21 14 19 17 15 33 17 30 25 10 23 16 33 25 20 27 12 24 31 25 29 19 18 29 6 28 34 20 12 17 21 29 15 23 10 6 20 22 49 20 20 13 22 12 
37 13 23 28 32 23 15 13 20 40 31 9 25 31 22 26 14 7 19 20 18 15 17 21 18 23 31 13 20 21 15 45 5 24 10 36 21 23 12 37 14 23 33 27 14 23 23 10 22 19 16 15 19 20 14 25 15 20 11 13 
21 17 25 27 30 30 23 16 20 15 23 40 25 19 29 31 12 18 15 28 12 21 11 18 17 17 31 29 20 23 23 24 13 22 24 23 18 27 18 32 10 18 36 14 11 17 19 20 22 23 20 18 31 4 29 18 17 33 26 15 
25 14 28 19 23 14 24 18 9 26 34 26 18 19 29 37 34 17 24 32 16 15 15 19 29 18 21 18 8 16 12 29 12 18 22 23 29 28 10 38 20 22 24 33 25 5 19 16 9 28 12 23 30 29 29 27 32 20 26 21 
33 16 29 13 47 37 33 22 11 28 27 32 18 10 13 27 30 13 11 26 19 29 17 15 29 15 33 34 40 30 11 21 17 20 14 36 13 24 10 33 14 21 27 28 12 28 31 18 14 31 20 18 13 9 21 23 28 19 21 22 
31 25 18 23 30 22 18 20 17 27 43 21 26 21 29 43 27 9 17 22 21 41 15 39 24 19 21 40 37 20 16 27 18 27 34 17 17 35 13 35 15 25 27 26 16 13 19 19 22 10 11 16 29 6 35 24 30 20 21 12 
27 17 27 23 31 39 40 12 15 28 27 29 27 25 30 44 37 24 22 12 13 15 20 19 25 22 20 41 28 17 14 13 19 25 31 36 15 23 12 23 7 22 37 12 19 22 19 17 9 28 15 15 39 18 27 40 30 21 23 12 
12 16 35 29 30 19 27 14 17 35 30 24 23 20 23 22 30 14 12 23 20 34 19 20 19 20 37 42 29 21 19 19 18 26 28 28 20 35 15 25 13 6 33 33 13 16 18 24 16 34 18 15 26 13 36 28 29 14 9 19 
19 15 23 21 30 26 11 13 16 30 29 25 24 24 24 36 36 21 13 30 12 18 15 22 22 19 30 25 34 15 17 34 18 33 17 35 19 29 21 31 19 12 22 23 14 24 23 27 14 23 13 18 27 12 25 25 28 16 24 20 
17 23 19 23 35 43 19 20 20 22 32 24 17 15 26 25 42 9 10 27 20 20 13 27 21 12 40 41 35 26 14 25 16 16 35 22 17 22 11 33 21 24 25 20 18 14 26 29 17 31 16 13 26 18 36 28 23 25 27 19 
25 14 20 22 23 34 16 19 18 31 24 21 16 27 24 34 23 22 20 30 16 23 14 17 18 26 13 19 20 15 8 19 18 24 13 28 21 36 7 37 21 15 26 21 23 10 28 17 19 25 13 15 33 13 36 34 33 17 7 26 
27 24 28 20 28 38 22 14 18 32 40 28 25 16 31 52 29 11 10 19 17 38 26 24 13 14 31 31 22 18 14 30 13 35 31 30 16 26 16 29 20 13 20 32 12 24 19 24 18 23 7 20 29 15 29 31 35 24 20 23 
28 15 25 25 37 35 26 14 16 27 38 44 19 13 13 15 25 13 18 29 13 32 21 24 19 23 23 47 29 21 20 28 17 24 11 15 14 27 11 26 10 28 35 32 16 23 24 21 25 27 15 14 31 22 26 37 28 22 18 15 
30 21 30 18 48 15 20 17 16 35 30 15 16 25 23 34 23 13 22 31 13 32 13 29 27 10 32 19 29 22 9 17 9 12 24 24 22 34 21 27 22 27 17 28 10 15 20 18 18 23 13 13 23 13 34 28 31 19 20 19 
8 20 19 31 36 20 3 16 17 31 28 29 14 17 17 34 21 23 19 16 16 27 17 10 25 16 34 35 30 18 15 26 13 9 20 12 18 20 16 24 18 22 27 30 12 17 27 27 17 20 20 13 32 21 22 29 26 14 15 13 
26 24 27 25 28 20 21 22 18 30 21 29 20 20 27 26 31 10 12 29 12 19 21 23 35 24 22 34 28 25 16 41 18 26 20 27 9 20 10 34 14 14 28 21 12 21 28 27 20 21 10 15 37 18 17 28 26 25 19 21 
27 18 34 19 36 14 16 16 13 27 36 30 15 18 33 26 37 24 22 16 14 30 16 32 25 16 41 39 20 27 13 26 18 30 21 14 24 35 11 22 10 23 20 26 10 23 25 11 14 25 13 16 28 23 35 32 24 3 20 18 
27 19 21 23 24 24 17 14 23 34 28 20 18 22 19 28 30 12 31 22 25 24 19 10 28 19 23 31 31 12 19 21 22 16 21 24 20 26 17 41 13 14 45 22 17 17 23 29 18 20 17 17 28 24 31 34 19 27 23 16 
21 25 32 25 37 30 23 14 22 21 19 33 30 13 29 28 32 11 14 28 18 29 14 21 20 11 38 39 33 22 10 12 14 18 28 33 16 35 11 34 15 23 18 22 14 12 49 14 17 25 14 21 32 12 43 29 11 21 14 15 
27 20 22 25 30 30 41 14 10 12 16 16 23 13 19 27 43 23 19 27 19 32 23 25 18 24 21 36 29 28 20 19 13 17 25 12 21 31 19 33 13 24 35 28 15 15 29 25 23 16 16 7 20 22 44 15 19 21 16 19 
21 23 40 24 40 22 22 14 18 40 35 32 29 20 24 32 26 15 16 20 17 13 18 25 22 25 44 29 29 29 12 21 17 25 23 14 22 31 18 32 12 11 33 29 16 9 12 21 16 24 9 13 12 22 29 34 17 18 21 17 
29 20 24 16 44 27 34 11 12 14 22 14 26 12 24 26 25 14 15 24 12 29 11 29 19 11 27 33 16 10 14 29 17 13 17 28 24 30 13 39 17 20 32 9 21 12 29 24 18 21 18 17 28 13 32 30 31 22 7 26 
15 22 32 26 31 17 21 23 15 29 17 38 21 28 28 14 32 9 16 22 19 29 16 28 29 22 32 28 17 12 15 9 7 29 21 23 28 17 15 42 15 14 21 10 10 24 30 23 19 10 12 11 25 13 18 21 18 21 15 14 
38 23 25 25 28 29 25 20 28 34 34 33 34 22 16 20 32 18 21 23 17 30 15 19 16 12 31 21 32 18 14 27 21 34 18 25 32 28 14 29 15 18 25 31 16 20 27 29 22 22 18 16 30 25 36 24 25 27 7 12 
23 21 21 42 21 21 32 17 20 23 38 26 25 15 18 28 33 14 15 7 10 36 17 31 33 17 21 36 19 17 13 35 12 33 33 28 29 23 22 33 20 21 24 14 17 20 25 28 18 29 11 21 16 16 21 22 35 24 28 15 
21 21 28 19 18 27 17 18 18 18 25 32 19 18 24 40 28 11 16 22 20 18 3 43 26 22 28 26 12 18 22 21 19 24 23 26 23 22 14 26 16 18 17 27 17 20 15 34 25 13 8 15 30 20 35 29 27 14 19 13 
33 24 31 20 12 47 21 10 23 28 36 26 30 18 21 20 34 16 17 32 3 34 16 23 30 24 44 31 15 29 15 23 21 15 28 28 15 38 10 35 15 17 21 25 9 19 20 25 22 29 16 21 31 33 44 18 21 20 15 5 
28 16 25 31 24 12 31 24 15 29 31 21 24 22 19 31 29 13 14 25 19 28 18 23 30 24 28 20 30 30 14 21 17 22 34 32 20 25 20 48 15 16 35 25 18 21 27 20 10 15 19 12 30 22 33 24 36 17 18 17 
31 17 30 23 27 24 26 21 16 25 31 29 7 17 17 23 17 12 16 19 16 36 15 16 22 22 25 40 29 29 8 25 17 11 21 40 29 18 16 27 17 17 26 38 20 18 24 21 20 15 15 8 37 18 34 32 23 13 27 9 
26 13 22 23 32 27 24 21 22 26 45 30 30 25 20 32 20 11 6 26 23 37 15 20 27 14 37 26 37 26 11 21 15 29 27 21 37 39 14 21 19 27 15 28 9 22 30 13 30 30 11 12 11 18 16 15 28 17 21 23 
31 15 20 24 31 32 19 13 16 38 21 26 26 26 19 39 27 15 29 14 13 37 25 18 19 21 36 30 39 16 16 21 20 29 26 24 20 29 17 26 14 23 11 34 13 16 19 27 10 21 11 15 27 28 50 33 34 26 18 22 
22 11 15 24 23 36 26 12 18 29 30 44 21 30 23 32 9 17 13 22 11 22 18 32 21 19 34 20 29 19 15 29 17 24 28 32 7 30 14 20 18 25 39 23 2 28 25 27 14 30 12 13 33 14 43 29 16 23 14 14 
47 15 15 26 35 29 15 14 20 28 28 10 19 25 20 38 37 17 14 26 16 32 17 19 23 21 38 29 34 31 17 23 21 10 23 17 31 4 15 29 21 16 24 24 14 25 17 26 22 31 14 17 14 14 40 22 34 17 18 10 
18 21 32 25 40 24 21 14 9 31 27 36 32 12 15 35 27 18 17 20 11 26 15 25 21 19 28 41 20 26 15 26 15 17 34 34 16 29 13 34 11 8 31 17 15 17 38 27 16 28 21 17 28 26 36 27 21 9 20 19 
6 17 22 25 37 27 23 22 15 31 35 22 25 24 15 30 28 17 16 29 13 33 17 24 21 15 16 23 33 26 13 30 10 22 29 24 23 15 9 40 10 21 35 20 17 20 24 22 25 18 16 23 25 15 30 22 32 25 19 14 
23 21 26 19 39 16 20 14 14 36 17 33 29 18 28 35 30 13 12 17 13 18 14 29 22 23 47 24 34 14 16 17 14 28 26 15 26 33 12 26 10 21 33 25 20 25 33 26 25 15 14 20 25 17 11 29 22 13 13 14 
22 18 26 23 32 32 23 17 12 39 10 37 41 17 25 38 7 18 21 31 15 27 15 31 17 12 20 30 27 21 16 24 20 36 8 15 21 35 14 30 14 14 32 30 17 23 29 16 24 27 16 19 33 25 31 20 23 9 17 12 
25 19 23 24 30 8 24 21 17 10 30 33 29 17 18 32 17 20 10 23 17 38 14 29 30 25 32 35 43 27 10 27 17 21 10 41 17 25 19 17 12 23 12 35 13 8 14 23 23 24 14 13 25 16 29 19 17 24 16 12 
20 15 31 15 35 36 24 16 21 31 28 31 16 17 36 24 40 14 14 26 14 21 19 27 9 18 28 18 25 19 19 25 9 19 27 26 20 36 6 25 14 16 24 27 17 13 22 21 21 33 26 17 32 12 28 29 32 19 8 23 
32 22 29 28 26 39 35 14 20 18 32 25 25 22 33 14 23 16 25 17 12 36 18 28 19 19 14 38 14 23 15 20 17 28 20 15 28 25 21 30 11 14 31 20 20 15 29 21 25 27 14 14 41 20 27 28 28 7 12 20 
21 26 13 21 25 38 26 12 10 25 33 28 24 21 27 26 19 13 19 27 9 22 13 18 20 14 19 32 38 17 15 29 15 19 30 23 14 39 12 42 17 27 33 31 13 10 30 32 21 20 17 17 43 7 39 22 23 29 14 19 
15 21 42 28 38 26 21 15 13 23 19 24 23 16 29 25 29 19 17 24 11 14 9 13 25 19 30 32 36 26 7 29 24 26 13 29 27 35 12 37 9 21 28 17 9 8 18 31 11 25 15 10 39 11 22 18 25 21 25 17 

MachineCapacities:
MachineID Capacity
0 10
1 10
2 10
