NumTasks NumMachines NumScenarios
25 2 10
TaskDetails:
TaskID ReleaseTime ResourceConsumption SuccessorsCount Successors...
0 0 1 8 1 2 
1 0 7 3 3 4 5 7 
2 0 2 7 3 4 5 7 
3 0 9 7 2 6 7 
4 0 2 10 1 6 
5 0 1 7 1 6 
6 0 3 2 3 8 9 10 
7 0 5 7 2 9 10 
8 0 3 8 2 11 12 
9 0 2 7 3 12 13 14 
10 0 10 2 1 11 
11 0 3 6 2 13 14 
12 0 2 7 0 
13 0 7 4 0 
14 0 7 9 0 
15 0 4 1 1 19 
16 0 6 4 2 17 18 
17 0 7 6 1 19 
18 0 5 9 1 19 
19 0 9 3 1 20 
20 0 4 4 1 21 
21 0 6 2 1 22 
22 0 7 2 2 23 24 
23 0 8 10 0 
24 0 6 6 0 

8 21 25 13 30 21 14 21 23 24 14 20 27 27 44 35 17 15 15 15 11 25 18 26 20 32 18 15 25 47 30 11 18 10 25 24 16 15 23 12 20 16 28 27 16 16 20 15 6 14 
10 27 22 11 20 7 10 26 16 24 14 23 12 21 40 35 18 27 41 18 18 35 20 18 18 40 21 9 23 27 19 8 12 6 25 18 19 10 22 14 30 8 21 22 17 16 27 15 16 17 
7 22 22 16 27 25 14 10 23 32 16 37 30 23 22 19 16 20 45 23 14 24 15 22 11 28 18 11 19 22 15 6 27 10 21 19 10 16 26 13 18 13 15 18 11 7 28 29 19 14 
13 21 23 10 25 8 16 27 22 32 15 23 35 17 37 38 14 26 30 20 14 16 11 25 26 27 14 11 19 26 19 10 25 11 29 29 23 23 21 12 22 19 21 19 5 18 25 18 10 36 
6 26 22 6 9 18 13 19 19 25 21 23 33 22 24 26 18 30 40 16 23 23 17 30 31 31 22 12 21 21 18 10 13 13 23 8 13 11 35 10 25 17 13 11 16 31 25 11 20 32 
8 15 32 14 28 22 13 25 22 36 8 29 23 35 21 31 6 15 33 18 16 29 24 26 22 14 18 11 17 26 16 8 21 13 10 22 19 16 21 13 32 17 23 18 13 19 24 32 12 21 
16 26 20 12 6 24 13 18 7 30 17 41 30 18 29 26 18 15 23 21 14 16 15 27 17 40 24 16 14 32 18 6 24 6 19 32 12 16 36 10 33 21 18 18 9 24 12 29 11 18 
6 28 23 16 10 14 14 20 15 18 16 21 34 20 29 33 16 29 38 12 20 18 11 18 25 19 14 10 15 36 19 9 10 11 28 22 11 15 32 12 28 26 26 18 16 22 26 19 14 18 
10 25 23 12 22 15 11 15 17 28 16 27 35 31 41 31 17 29 30 32 20 21 19 33 17 27 17 9 11 31 11 13 22 10 25 12 13 15 16 15 26 18 27 22 12 28 23 18 16 20 
12 26 30 11 12 24 12 30 23 17 10 30 15 15 22 27 16 14 38 25 12 28 17 24 23 27 17 15 27 29 9 14 21 9 18 20 17 16 34 14 20 14 20 12 11 23 30 31 10 16 

MachineCapacities:
MachineID Capacity
0 10
1 10
