NumTasks NumMachines NumScenarios
25 2 10
TaskDetails:
TaskID ReleaseTime ResourceConsumption SuccessorsCount Successors...
0 0 4 6 2 2 3 
1 0 9 6 4 4 5 6 8 
2 0 5 8 4 4 5 6 8 
3 0 10 4 3 5 6 8 
4 0 6 2 3 9 10 13 
5 0 2 8 1 7 
6 0 6 10 1 7 
7 0 7 9 3 9 10 13 
8 0 8 3 2 12 14 
9 0 5 2 1 11 
10 0 4 8 2 15 16 
11 0 4 3 2 12 14 
12 0 7 3 1 15 
13 0 6 2 2 14 15 
14 0 4 6 1 16 
15 0 3 4 0 
16 0 5 4 0 
17 0 7 8 1 18 
18 0 10 5 1 19 
19 0 6 8 3 20 21 22 
20 0 4 7 1 23 
21 0 6 7 1 23 
22 0 2 1 1 23 
23 0 2 1 1 24 
24 0 5 6 0 

25 16 14 24 15 22 19 16 34 18 25 15 19 12 38 10 21 23 18 28 11 36 34 36 38 13 10 21 17 26 25 13 15 19 21 27 40 19 24 19 20 11 20 24 14 22 22 18 27 24 
19 16 13 15 12 16 15 13 52 20 22 12 18 7 13 5 11 19 14 29 6 21 28 20 22 25 12 28 16 31 19 13 17 21 17 13 42 18 32 14 18 9 31 17 29 18 25 13 15 23 
19 20 10 14 18 19 19 13 51 27 32 15 13 24 18 13 18 27 24 32 10 26 22 23 22 19 19 17 17 26 36 11 17 12 11 16 30 3 19 15 18 13 13 15 20 15 33 10 29 18 
27 13 11 24 11 19 29 17 31 28 27 15 21 9 25 15 25 11 22 21 10 32 34 22 37 20 7 18 19 29 30 13 20 14 15 13 24 11 32 15 14 6 24 11 21 24 9 16 32 20 
37 12 10 29 13 17 30 18 18 13 22 13 22 16 19 7 16 22 18 37 13 31 24 16 18 22 13 26 19 35 9 8 20 17 18 12 27 9 19 14 9 11 28 12 22 14 19 18 27 31 
16 22 14 18 16 20 23 17 41 28 25 10 11 14 15 13 18 13 14 28 11 32 28 24 20 19 9 31 17 22 18 20 8 17 17 25 36 15 14 20 21 10 27 12 19 19 12 19 32 35 
18 17 13 27 10 2 15 21 24 17 14 17 16 18 25 6 10 24 12 2 13 32 29 24 41 13 24 23 14 25 34 12 25 18 22 21 48 11 27 18 13 15 28 20 16 11 13 10 23 24 
17 20 12 26 14 24 23 25 34 35 25 9 23 21 29 15 15 9 12 15 12 35 37 25 30 23 24 29 16 16 26 18 19 13 17 22 19 14 20 14 28 11 28 13 16 14 13 13 23 27 
16 25 9 25 20 33 15 16 26 25 34 18 18 13 25 9 14 33 11 22 12 31 22 16 38 11 13 13 19 17 20 16 16 14 12 19 13 15 20 12 26 8 19 15 27 15 20 20 24 17 
9 22 14 15 14 15 9 9 39 25 8 9 20 16 16 8 11 21 26 19 11 26 19 20 30 19 17 24 18 19 16 19 28 15 20 21 31 18 17 13 18 11 10 12 18 29 13 9 26 21 

MachineCapacities:
MachineID Capacity
0 10
1 10
