NumTasks NumMachines NumScenarios
25 2 10
TaskDetails:
TaskID ReleaseTime ResourceConsumption SuccessorsCount Successors...
0 0 4 10 1 2 
1 0 4 3 1 3 
2 0 1 8 1 3 
3 0 5 7 2 4 8 
4 0 7 5 3 5 6 7 
5 0 7 6 2 9 11 
6 0 4 5 4 13 14 15 16 
7 0 5 3 2 14 16 
8 0 8 4 3 13 14 16 
9 0 9 5 4 10 12 13 14 
10 0 2 9 1 15 
11 0 6 8 3 15 16 17 
12 0 5 7 2 16 19 
13 0 7 9 1 18 
14 0 2 6 2 17 19 
15 0 10 10 2 18 19 
16 0 2 1 0 
17 0 6 4 1 18 
18 0 9 9 0 
19 0 8 2 0 
20 0 5 9 2 22 24 
21 0 5 4 2 22 24 
22 0 5 2 1 23 
23 0 1 1 0 
24 0 2 7 0 

18 39 27 12 20 11 14 33 38 35 27 38 16 33 17 9 8 29 14 28 24 23 19 21 20 24 34 15 14 21 25 6 20 19 20 12 37 19 35 30 16 15 25 28 46 17 15 18 15 11 
12 30 29 11 17 16 15 36 31 21 17 22 21 25 30 23 10 15 30 17 30 27 8 30 19 12 21 12 13 28 20 10 30 15 22 24 40 25 20 31 24 22 30 20 40 19 12 26 18 9 
12 35 7 18 14 7 14 24 35 28 24 30 16 26 21 7 13 22 28 15 28 22 19 28 37 19 28 6 13 30 30 14 21 23 21 19 32 21 30 40 13 9 25 16 37 22 10 25 15 11 
13 37 21 21 17 18 16 15 14 33 15 36 20 22 26 16 18 23 20 16 43 24 11 24 34 12 35 10 17 15 20 8 38 33 36 20 29 24 45 32 17 18 29 37 37 22 10 13 12 12 
10 28 11 13 12 17 8 21 38 27 23 28 30 33 25 10 16 15 20 22 25 26 17 10 18 16 27 7 12 25 24 11 36 23 31 20 17 27 39 21 13 14 27 20 36 15 20 23 15 10 
12 41 23 13 15 14 13 28 43 30 22 19 16 22 33 14 14 9 18 27 27 16 7 14 19 8 23 12 20 25 25 13 28 35 21 20 19 26 23 38 16 14 26 25 16 31 9 22 21 10 
13 40 18 12 14 12 17 54 34 22 23 43 19 17 26 17 15 32 20 21 32 17 17 19 21 10 26 13 17 27 19 11 42 15 19 30 36 20 34 26 15 24 39 24 24 22 13 18 19 11 
15 35 15 15 17 11 14 32 35 24 16 20 24 17 37 10 15 25 33 21 22 20 15 20 34 14 21 9 16 27 11 11 32 14 22 21 31 29 30 33 14 15 25 28 36 18 16 24 16 10 
11 25 21 10 10 13 15 28 46 28 8 26 16 21 14 6 16 17 25 16 26 22 21 16 27 16 33 12 23 26 16 11 31 29 23 11 28 10 37 43 14 20 33 28 31 25 20 26 18 9 
8 45 24 21 18 10 15 20 37 30 11 37 19 19 25 18 16 23 20 19 21 16 20 26 23 20 31 16 19 28 14 14 19 33 30 12 34 13 33 27 14 16 24 20 35 20 11 23 24 12 

MachineCapacities:
MachineID Capacity
0 10
1 10
