NumTasks NumMachines NumScenarios
25 2 10
TaskDetails:
TaskID ReleaseTime ResourceConsumption SuccessorsCount Successors...
0 0 1 9 1 2 
1 0 10 5 2 3 5 
2 0 2 4 2 3 5 
3 0 2 2 1 4 
4 0 3 5 0 
5 0 6 8 0 
6 0 4 9 2 10 12 
7 0 2 2 2 10 11 
8 0 9 9 3 11 12 13 
9 0 2 6 3 11 12 14 
10 0 3 9 3 13 15 16 
11 0 3 10 2 15 16 
12 0 5 9 2 15 17 
13 0 8 5 1 14 
14 0 5 7 1 17 
15 0 7 4 2 18 19 
16 0 9 4 1 17 
17 0 7 5 2 18 19 
18 0 9 5 3 20 21 23 
19 0 3 4 1 23 
20 0 10 10 1 22 
21 0 6 1 1 24 
22 0 7 6 0 
23 0 6 5 0 
24 0 2 6 0 

8 10 18 22 10 5 6 19 19 14 24 8 12 15 34 8 17 18 29 19 38 17 16 8 13 26 28 24 9 21 37 10 15 25 18 7 17 12 10 27 18 39 20 25 29 36 11 10 29 20 
29 10 11 20 13 10 11 18 13 10 25 12 7 25 16 17 15 24 30 19 38 7 6 6 8 5 15 20 11 29 22 11 15 23 12 15 19 18 8 15 17 26 20 21 29 40 14 11 22 18 
32 11 11 16 16 8 13 18 12 12 19 12 6 27 23 18 8 23 16 14 42 15 19 26 14 23 22 22 16 35 24 11 11 31 15 16 27 9 11 24 27 17 16 36 28 26 15 18 17 26 
25 10 9 24 10 10 13 25 8 14 10 11 8 21 29 30 19 19 12 10 20 13 15 17 9 34 19 23 15 35 32 11 13 6 8 11 19 19 14 12 28 24 16 11 32 25 6 15 15 26 
22 14 11 16 6 13 15 19 23 14 24 10 14 12 30 19 24 22 25 10 25 12 17 37 10 28 30 23 12 32 30 12 10 36 14 11 17 13 7 22 34 25 17 19 29 25 11 11 15 31 
28 12 10 11 11 7 7 11 22 16 16 12 11 24 15 18 13 15 17 18 31 11 18 28 7 24 31 16 16 21 32 9 13 20 16 19 15 14 6 23 15 26 15 20 27 36 11 11 17 25 
23 8 10 23 16 10 6 11 24 8 18 14 13 24 18 18 23 17 42 21 46 13 16 13 6 26 30 14 19 28 21 11 9 30 13 8 24 7 2 15 37 19 22 11 43 27 13 14 29 35 
32 12 11 26 16 8 14 19 18 19 17 6 13 27 24 22 16 18 32 17 28 14 16 21 8 21 42 24 9 33 34 10 15 20 24 17 27 11 10 22 31 41 15 14 29 21 10 17 32 19 
22 11 15 21 16 11 7 20 15 11 24 10 6 22 12 20 16 20 23 14 41 12 18 15 7 25 31 16 23 20 19 16 15 16 19 16 26 15 7 20 31 25 23 16 36 20 14 20 13 20 
15 10 13 21 13 15 8 19 17 9 20 9 15 21 22 15 22 25 28 15 28 14 15 15 14 13 24 26 11 43 38 12 11 29 12 7 14 13 7 21 37 29 12 26 29 29 14 16 38 27 

MachineCapacities:
MachineID Capacity
0 10
1 10
