NumTasks NumMachines NumScenarios
25 4 100
TaskDetails:
TaskID ReleaseTime ResourceConsumption SuccessorsCount Successors...
0 0 7 7 2 8 2 3 4 
1 0 4 7 4 4 2 3 4 
2 0 6 3 7 1 2 3 4 
3 0 4 1 1 2 2 5 6 
4 0 5 9 5 8 2 5 6 
5 0 7 10 4 8 1 7 
6 0 3 9 2 10 1 7 
7 0 9 5 2 8 0 
8 0 4 1 2 2 2 9 11 
9 0 7 5 2 8 2 12 13 
10 0 8 8 8 7 2 11 13 
11 0 8 3 4 4 2 12 14 
12 0 7 7 8 5 1 15 
13 0 4 1 8 5 1 14 
14 0 4 7 7 8 1 15 
15 0 2 8 9 8 2 16 17 
16 0 5 1 7 6 2 19 20 
17 0 7 8 7 3 2 18 21 
18 0 8 6 2 9 2 20 22 
19 0 7 5 6 3 1 22 
20 0 8 2 7 9 1 23 
21 0 8 6 4 3 1 23 
22 0 10 10 8 2 1 23 
23 0 5 8 4 4 1 24 
24 0 4 7 7 7 0 

18 17 39 15 38 36 20 17 23 25 15 17 25 20 12 15 17 12 15 10 35 28 18 33 12 23 13 34 31 12 15 25 32 15 15 31 23 20 35 12 23 33 35 23 34 18 12 16 22 17 41 29 15 28 19 23 41 19 15 21 31 11 18 24 27 20 16 14 17 17 28 14 27 14 23 26 34 16 17 13 33 40 26 39 13 22 28 11 27 37 24 14 24 29 28 23 28 22 29 24 
20 23 30 17 30 20 29 19 13 37 10 21 37 26 12 25 32 12 9 22 21 19 29 30 23 23 17 32 28 28 14 14 25 18 11 49 18 15 19 16 20 26 21 19 26 14 20 20 24 27 36 39 20 19 18 23 22 16 20 23 14 20 11 36 25 19 17 21 24 17 23 16 14 17 17 16 31 23 26 5 17 12 18 45 20 20 22 21 18 31 23 18 32 27 21 18 21 7 17 24 
10 18 16 32 33 18 29 21 11 43 23 6 28 20 12 18 28 26 27 13 30 29 18 35 13 20 19 31 20 14 17 24 26 15 20 54 12 16 28 13 19 27 25 18 22 15 16 21 19 35 28 43 24 34 23 31 35 24 29 31 26 27 24 33 26 28 16 16 25 14 31 24 27 14 27 13 41 24 30 21 20 31 27 31 28 24 21 24 25 33 24 16 21 30 27 19 25 29 29 27 
17 25 51 26 32 18 16 15 10 35 13 21 33 24 12 30 24 9 35 16 34 22 26 48 17 16 21 22 47 21 13 26 20 23 16 40 28 18 25 12 26 28 8 28 16 14 18 25 23 39 39 29 21 21 31 22 23 15 17 41 24 20 21 30 22 26 17 20 28 19 27 15 24 17 25 24 23 22 21 19 25 28 28 10 16 23 20 23 32 25 9 19 27 24 24 32 17 36 45 34 
9 28 34 16 31 23 22 17 17 22 20 27 27 29 22 21 28 30 25 17 11 19 33 13 21 22 18 24 49 24 28 37 22 14 19 34 32 19 26 8 24 20 28 17 22 16 15 18 21 38 37 25 23 25 25 34 31 12 26 30 32 15 31 33 16 20 23 13 24 12 29 16 17 13 30 31 18 23 24 15 26 25 20 25 20 23 26 27 29 20 19 16 18 30 31 26 17 22 14 18 
11 24 28 14 20 28 20 23 17 42 22 16 28 26 14 29 17 25 19 24 20 42 7 40 24 21 11 43 38 31 18 14 20 17 21 30 26 21 32 16 26 31 25 13 32 17 18 28 30 29 27 35 14 27 24 32 28 12 29 14 38 13 31 20 17 31 23 17 17 12 20 19 26 14 24 17 23 10 22 15 26 34 20 32 14 21 6 29 22 32 27 19 19 26 38 16 25 18 29 29 
15 29 52 30 27 13 14 11 21 44 8 11 41 27 20 21 33 28 14 17 16 34 14 39 24 21 21 32 22 32 12 22 30 19 16 16 19 17 29 18 25 21 26 19 17 13 19 25 19 34 28 12 23 18 23 25 25 22 16 27 29 19 30 22 23 19 21 12 30 12 16 18 22 13 25 18 31 23 25 3 13 35 18 26 17 29 21 24 20 39 19 14 30 14 36 23 19 19 30 20 
18 33 5 21 41 23 14 21 16 22 27 25 33 15 19 19 19 27 23 12 18 46 26 20 21 26 11 30 13 38 13 27 9 14 23 24 17 18 8 26 28 28 26 14 21 17 14 11 25 24 21 36 20 24 38 22 41 14 34 32 15 16 14 40 18 35 21 22 12 20 18 21 26 14 26 34 22 23 15 24 19 29 22 21 16 27 18 20 30 23 21 13 23 24 36 31 19 36 23 18 
8 22 33 24 24 24 25 14 13 35 22 17 10 28 13 25 25 22 27 20 35 22 22 31 16 29 15 24 34 32 12 26 27 24 18 29 20 26 23 15 28 33 30 17 15 10 14 27 21 35 33 27 12 30 22 34 33 19 21 36 15 19 32 31 26 27 12 15 20 14 13 20 28 10 38 31 17 29 27 6 25 30 20 26 13 15 18 21 48 25 24 24 18 24 15 16 17 20 29 22 
13 10 23 23 30 19 21 21 2 26 13 15 20 7 16 35 27 27 18 11 28 28 36 8 17 24 21 43 34 40 17 14 3 16 19 28 13 25 22 15 7 37 24 14 26 21 16 17 22 22 38 47 16 22 34 22 42 13 26 18 36 6 33 30 20 28 23 24 18 19 18 19 18 15 40 21 42 20 8 21 22 36 30 25 16 31 17 22 23 23 19 18 6 36 19 17 21 14 19 14 
15 19 21 33 25 28 26 19 5 33 16 18 18 25 10 15 27 28 27 12 30 29 39 34 16 13 11 32 38 21 28 21 22 16 13 32 26 13 38 12 17 20 33 8 24 12 17 14 39 22 32 26 14 29 24 23 21 21 28 26 13 16 48 21 17 24 28 21 21 11 20 14 29 18 41 30 44 27 31 17 13 25 22 25 18 16 13 21 33 27 31 16 21 29 35 27 21 25 28 14 
17 22 18 18 40 26 26 20 14 39 16 27 23 18 4 19 25 28 36 27 34 28 34 41 9 12 21 33 39 30 3 20 25 24 15 18 24 17 32 20 22 12 21 21 35 19 14 22 23 23 31 32 13 34 34 28 31 11 21 17 12 17 24 38 21 25 20 12 20 17 28 14 18 15 23 30 31 14 24 17 27 22 35 20 26 20 22 19 29 32 22 21 24 27 40 24 10 27 44 22 
17 25 18 12 12 24 24 9 9 26 14 15 31 16 12 26 18 24 20 18 33 36 21 29 16 14 13 24 33 18 10 18 34 10 18 33 22 26 25 24 26 24 33 15 26 11 9 18 19 33 39 27 20 34 38 31 17 14 31 38 22 14 31 23 15 30 11 19 19 13 35 27 26 20 27 16 32 19 28 16 28 31 33 25 13 34 33 3 26 26 26 11 12 26 37 18 16 32 29 16 
15 17 39 24 29 28 19 17 9 22 15 14 37 28 7 16 33 21 29 29 25 22 17 28 21 18 14 38 30 35 18 21 26 26 19 27 23 18 12 21 26 18 24 12 20 18 16 9 19 38 26 28 21 16 18 29 26 15 18 36 27 18 24 29 20 17 22 25 9 14 32 16 33 23 23 19 36 27 22 23 21 15 8 20 20 39 27 17 21 28 23 14 20 29 29 41 16 30 43 21 
12 22 38 23 11 22 26 13 9 26 18 31 39 31 14 24 29 21 18 22 25 32 37 29 26 23 18 39 36 35 22 24 32 24 21 18 14 9 24 13 19 22 23 24 17 24 26 21 31 24 25 26 14 20 37 30 3 8 32 34 24 22 37 36 29 19 20 25 24 17 37 25 17 15 28 26 29 35 21 20 5 26 16 24 24 22 26 14 32 16 25 12 16 22 23 35 19 25 31 23 
15 30 34 26 35 17 28 20 14 21 15 18 7 12 12 20 12 23 41 20 30 27 19 40 17 10 16 19 23 23 18 4 31 3 19 16 28 27 33 5 26 16 28 19 27 16 22 25 29 30 33 13 21 22 20 20 35 12 19 33 21 15 29 25 42 22 19 15 27 12 21 12 32 9 31 34 35 22 23 15 29 32 26 31 22 26 23 22 19 35 20 15 20 25 25 27 16 29 41 19 
21 28 16 21 24 20 15 18 16 37 18 26 23 28 19 18 27 29 15 17 26 29 25 29 18 22 16 25 47 17 16 29 13 19 18 37 15 24 11 11 28 18 32 18 27 14 15 19 10 8 28 27 20 15 26 18 42 16 15 39 20 18 21 33 16 13 21 21 25 13 38 11 20 22 40 18 26 21 38 27 10 28 20 24 22 19 19 31 29 18 20 16 17 18 22 17 16 28 36 22 
7 30 27 13 38 27 10 27 14 26 17 15 25 16 21 26 30 19 19 16 24 33 29 23 21 11 12 37 31 28 19 16 23 23 21 12 29 22 18 15 16 28 32 19 23 23 9 24 21 27 35 27 20 19 16 34 33 21 8 29 31 21 13 31 23 20 17 16 32 16 20 19 21 7 28 25 23 27 18 17 23 26 30 42 18 21 17 23 13 20 18 15 15 23 25 16 16 22 24 21 
19 23 32 17 35 32 23 9 12 24 19 23 16 28 11 29 23 19 19 26 22 38 27 23 18 20 22 26 35 35 25 22 18 20 19 34 11 18 22 14 3 24 17 22 34 19 17 24 27 27 31 26 16 16 31 7 22 11 22 21 29 26 8 47 16 23 26 15 20 12 37 6 15 9 33 21 26 14 28 9 15 33 20 24 18 26 17 11 30 24 15 21 29 31 40 21 13 26 25 26 
21 16 29 22 20 24 23 26 21 31 12 18 32 16 19 17 21 13 14 25 19 41 25 24 33 10 10 24 42 38 19 18 30 15 24 27 22 9 25 7 31 21 18 22 15 18 20 23 31 28 37 21 10 21 22 27 25 14 32 22 17 23 26 11 28 22 19 31 26 16 25 13 24 16 28 17 32 36 23 14 27 29 24 25 16 26 28 17 28 19 15 15 23 32 15 35 23 35 28 14 
12 17 16 23 37 26 30 19 8 43 5 18 23 23 18 26 32 16 23 16 31 25 21 17 17 24 13 27 44 28 19 24 20 20 13 34 27 15 17 17 20 35 27 25 20 14 25 28 22 34 38 29 25 8 18 39 34 20 23 37 33 12 7 23 33 21 18 26 13 13 34 21 37 16 36 22 36 35 31 23 19 7 16 31 22 19 19 19 39 24 21 10 31 32 37 18 14 16 36 28 
17 20 34 22 36 22 33 17 21 24 11 26 32 27 11 24 17 26 26 17 19 8 30 20 25 15 18 39 12 16 18 24 22 18 16 33 25 21 24 12 20 12 25 18 21 12 19 24 26 27 29 42 15 16 15 26 13 17 14 31 41 15 38 30 7 34 27 12 14 11 29 11 17 17 30 25 42 16 22 17 14 41 24 13 22 32 23 13 29 25 11 17 22 26 34 40 31 22 30 22 
15 24 34 26 22 31 27 22 6 37 22 16 37 28 14 36 46 29 20 28 37 37 27 23 23 20 19 24 4 32 19 42 37 25 21 31 12 21 15 19 24 24 31 13 18 11 14 18 26 31 27 38 14 27 20 25 39 17 19 26 25 14 48 31 22 29 21 15 27 16 23 15 19 12 27 18 35 27 25 21 13 24 21 30 18 28 24 9 20 31 16 9 22 25 25 19 18 20 36 17 
11 18 18 23 24 20 16 18 15 36 12 15 25 27 12 29 34 35 19 15 21 25 17 31 22 28 15 37 35 31 23 20 29 9 20 27 25 13 33 23 18 20 32 18 16 17 17 22 40 23 18 24 23 10 27 28 39 14 21 34 30 31 29 33 29 35 25 19 32 15 26 22 15 20 22 22 24 23 28 19 32 30 32 23 21 27 35 18 29 27 25 22 19 22 28 15 23 22 43 25 
15 32 29 20 22 22 18 23 15 10 13 20 20 20 12 28 25 33 31 24 17 31 30 38 22 28 12 27 27 31 14 30 24 29 16 33 31 33 26 10 19 33 34 20 23 15 27 26 14 29 24 27 19 20 12 27 28 16 24 36 29 19 39 38 17 8 18 6 33 14 21 17 16 15 34 19 35 24 20 25 20 30 38 15 17 16 19 23 35 24 18 20 23 36 25 25 14 20 19 19 
18 13 38 17 23 27 22 17 19 35 21 15 34 30 15 24 31 21 22 23 21 31 7 32 14 22 20 28 18 15 20 23 24 23 22 19 23 18 35 20 13 34 36 25 33 17 19 18 28 25 29 18 19 13 29 40 18 10 27 20 25 13 30 35 16 26 21 14 26 16 36 13 28 20 34 10 42 13 41 27 19 25 23 25 16 21 22 20 33 13 29 10 25 30 25 18 20 28 30 15 
10 22 21 11 20 28 26 14 14 35 18 23 16 15 11 31 31 17 24 16 26 16 32 23 33 23 14 47 15 21 21 22 15 19 21 30 20 15 26 13 31 35 29 12 23 19 12 12 28 29 42 25 21 18 29 29 37 17 29 31 35 21 28 20 17 20 27 4 30 13 21 18 27 10 46 17 19 37 23 24 18 18 17 40 16 38 20 27 25 35 13 17 24 17 30 23 21 38 39 19 
12 26 16 29 34 29 21 19 21 22 18 7 23 25 19 24 23 28 15 18 18 39 28 33 26 29 19 19 22 33 16 28 20 20 9 11 13 21 22 13 28 26 36 25 22 12 8 17 29 29 30 32 30 24 25 18 37 15 26 39 31 23 39 24 23 34 35 20 28 11 17 19 34 5 42 24 36 8 33 10 5 46 38 26 18 36 6 7 31 10 24 28 22 38 22 24 17 12 24 26 
16 40 38 13 35 17 18 21 17 25 16 22 28 32 19 22 30 19 22 18 33 41 27 28 6 22 14 34 41 33 20 11 29 21 15 11 12 24 39 17 29 27 26 19 20 13 6 12 19 27 26 25 3 20 25 19 24 15 25 25 43 17 36 30 16 26 15 16 37 8 27 16 27 18 49 25 8 17 27 29 13 32 25 24 19 32 15 21 31 36 22 18 20 25 35 28 23 25 44 30 
19 25 54 25 18 14 27 18 24 32 15 26 39 22 16 25 39 25 18 14 25 29 27 33 20 31 14 27 33 22 21 31 18 20 22 32 27 9 33 25 33 21 27 20 24 17 15 17 23 36 39 29 21 23 25 21 32 13 15 24 34 13 28 33 23 24 17 17 31 24 24 22 21 22 23 24 29 22 24 26 13 32 28 44 15 27 23 4 29 21 17 14 20 35 29 27 14 35 29 15 
12 21 29 24 30 23 13 16 11 44 23 23 27 20 15 22 38 15 22 25 27 26 29 41 28 20 17 42 33 19 14 23 29 31 21 24 15 24 36 14 24 34 17 17 24 14 16 17 23 26 5 38 15 11 22 28 23 21 23 24 34 24 37 27 17 27 15 28 36 10 22 12 18 19 26 22 25 21 28 14 29 16 20 22 19 24 22 25 29 29 26 11 17 24 7 22 21 19 20 32 
15 10 37 19 19 20 18 23 8 27 16 24 26 27 12 31 20 24 16 21 28 30 28 27 25 17 11 38 24 23 18 23 13 16 23 32 10 21 34 12 24 15 35 18 23 16 13 14 40 21 20 34 19 21 19 23 37 22 17 30 32 18 41 12 13 20 22 21 28 13 15 15 23 12 27 21 26 25 24 25 24 34 28 46 24 30 8 28 27 22 7 23 15 24 23 27 20 32 31 15 
15 10 25 20 19 16 16 21 20 30 13 27 23 20 18 28 29 29 26 14 33 27 19 32 22 12 13 27 39 17 11 28 17 19 13 31 23 14 25 12 18 17 28 24 24 17 15 22 28 25 28 23 18 33 23 29 32 11 21 31 16 21 17 30 25 8 14 19 23 11 23 23 27 13 41 10 33 18 35 12 23 25 19 40 16 34 18 22 34 8 23 18 24 29 19 29 18 31 11 15 
11 22 17 12 43 21 23 11 14 37 16 24 22 26 12 22 24 12 21 20 16 41 37 34 8 30 14 27 33 28 19 33 23 20 20 5 15 18 24 19 3 18 42 14 30 12 14 21 20 31 21 13 26 23 13 28 34 18 26 31 26 10 38 26 9 26 29 23 25 11 19 14 23 16 29 17 28 18 23 23 11 36 14 28 16 19 22 26 23 32 28 11 25 17 40 24 13 15 18 18 
23 22 20 23 36 22 20 25 17 36 15 30 25 23 5 24 18 16 14 16 30 33 27 43 26 18 12 14 27 15 16 20 29 12 16 17 27 12 42 11 26 22 32 22 23 11 13 17 16 26 33 28 28 18 23 14 41 18 23 36 33 19 24 40 15 12 20 24 21 24 19 18 29 15 34 25 11 30 31 22 14 32 33 17 17 22 15 24 37 35 18 18 22 22 21 28 13 44 28 36 
17 12 28 25 22 27 13 23 11 38 16 32 13 15 16 16 30 21 19 23 32 41 28 42 24 18 11 29 32 32 12 25 24 19 24 30 14 11 20 12 26 25 35 27 29 27 16 21 23 8 34 29 11 20 15 28 24 21 21 26 29 27 44 30 21 26 14 14 21 13 23 19 31 15 33 35 30 20 16 23 22 13 16 9 27 14 23 21 18 20 21 15 25 14 27 23 12 26 41 16 
12 20 33 17 29 27 20 14 14 23 20 26 29 25 16 33 15 28 36 13 21 33 28 31 22 33 12 22 15 21 21 32 24 18 9 30 23 14 20 17 16 36 25 16 21 19 23 17 26 16 26 31 26 17 24 16 35 17 25 23 23 20 40 28 17 29 26 25 39 15 31 16 32 12 26 28 35 22 20 21 22 28 22 38 7 36 25 19 28 32 19 13 35 31 27 39 22 28 23 9 
22 27 12 21 30 23 18 18 11 26 18 22 34 17 22 15 23 21 10 19 34 25 23 12 18 31 13 22 32 21 20 30 21 22 26 27 29 21 19 16 23 36 28 27 6 14 16 14 27 24 36 36 17 22 34 36 24 12 29 19 23 17 41 13 16 22 21 11 25 16 16 10 27 12 35 29 13 23 26 17 21 24 14 18 15 34 16 17 20 18 26 12 32 32 32 28 20 9 29 21 
17 39 22 25 18 25 26 16 18 36 15 23 27 19 17 22 29 26 19 14 36 22 18 49 23 27 17 20 4 23 20 16 16 15 18 37 23 19 17 20 19 30 27 21 27 21 18 21 30 24 24 27 19 20 27 28 32 14 24 30 42 18 31 30 12 32 19 13 20 12 24 15 35 18 29 21 31 11 25 19 18 21 38 19 14 20 32 25 26 29 23 21 15 17 28 22 22 20 7 33 
14 25 34 26 27 19 15 15 4 32 16 18 20 25 27 21 30 27 27 23 19 31 19 36 19 18 23 35 22 15 11 27 36 20 15 23 32 25 28 15 24 14 33 19 28 20 18 12 26 23 25 31 21 17 21 25 24 15 29 32 22 17 34 37 18 22 20 18 30 12 21 20 36 8 28 18 31 23 25 18 19 24 16 19 19 22 20 22 23 23 22 11 21 26 39 25 17 22 37 24 
14 17 15 22 31 12 19 9 18 45 10 14 18 22 9 30 30 27 8 26 29 34 28 10 16 27 20 31 33 30 25 24 24 26 13 9 15 22 14 15 13 20 19 15 18 20 14 26 27 33 23 28 17 24 14 12 24 15 25 37 30 14 12 49 22 25 16 22 11 6 31 10 34 13 25 14 18 27 17 21 22 21 22 26 14 31 9 28 46 11 26 20 22 25 29 27 22 38 26 11 
11 18 27 21 26 22 27 12 20 41 18 20 20 13 13 27 21 35 29 23 30 47 38 23 17 20 18 42 25 25 15 27 19 16 12 22 26 20 21 15 15 7 34 20 18 12 21 17 25 23 29 39 23 30 12 18 19 15 29 34 30 14 21 22 19 27 16 16 29 14 23 19 33 17 40 20 38 20 32 27 21 27 28 19 16 19 30 18 39 23 19 17 25 20 26 30 20 24 39 9 
21 20 34 13 35 20 30 19 11 39 9 19 30 19 20 18 25 26 20 17 28 38 31 23 16 23 11 31 29 27 17 30 19 8 15 31 28 22 19 9 23 21 24 26 20 17 18 8 21 27 17 25 20 32 31 32 31 15 29 24 24 12 37 38 22 24 27 15 22 14 35 20 19 20 25 21 38 30 23 19 29 35 24 36 25 19 28 20 27 24 21 17 13 20 42 27 16 21 24 26 
15 26 36 23 33 24 24 13 10 33 17 13 34 30 16 29 21 22 18 27 14 32 22 42 25 18 17 20 22 18 22 18 7 11 19 26 16 10 38 12 9 17 26 19 15 10 13 25 18 35 30 35 10 33 18 19 25 25 24 23 30 21 19 30 24 22 32 27 13 14 25 21 19 10 54 10 35 29 36 11 28 21 25 7 10 28 13 11 20 29 11 20 27 40 15 35 13 10 37 16 
16 20 29 23 31 16 17 8 13 16 15 26 37 22 17 25 31 27 26 21 18 23 27 46 24 32 10 34 34 30 19 29 23 19 17 32 12 25 21 18 9 31 31 12 36 14 26 9 21 19 18 22 16 17 30 24 30 7 15 38 26 19 16 16 18 14 26 11 26 17 20 18 43 7 17 18 24 17 23 15 19 22 25 23 22 26 21 28 38 23 25 5 23 30 23 31 18 13 41 12 
18 28 16 14 30 32 24 15 15 32 7 17 23 35 14 19 22 22 19 14 26 22 35 42 27 15 19 23 18 18 17 21 33 15 21 28 26 17 32 8 20 31 30 20 32 10 15 20 14 16 33 18 32 29 28 21 33 17 28 31 38 24 23 18 9 22 20 23 36 16 12 11 22 11 18 24 39 20 20 17 23 39 24 34 25 22 28 30 30 25 33 19 14 20 26 33 16 26 33 19 
13 17 45 21 16 33 17 10 12 38 11 23 31 17 9 23 37 33 19 24 31 20 28 22 24 18 11 21 22 20 22 39 21 15 13 31 21 21 31 23 22 28 42 22 19 14 23 20 17 42 31 36 32 22 35 25 22 11 18 28 38 22 39 50 16 19 19 10 34 12 22 19 14 10 28 27 28 18 29 13 18 17 22 14 21 29 23 16 45 23 20 22 11 21 13 29 14 34 20 20 
11 28 24 21 39 18 20 17 15 34 18 5 20 13 18 15 11 25 24 29 29 40 19 9 16 17 18 15 35 22 19 24 33 26 15 32 14 21 23 14 21 24 28 23 29 15 12 20 25 32 24 35 22 23 18 20 26 16 19 24 17 19 43 39 21 25 24 21 9 14 27 18 17 22 27 13 25 22 12 28 18 34 28 23 18 16 23 35 27 18 14 13 30 23 9 36 16 35 41 25 
19 14 36 20 30 24 26 20 12 23 6 21 28 14 11 21 9 18 17 15 25 41 26 21 18 31 9 20 33 37 25 33 23 15 11 43 20 19 30 21 11 28 38 15 25 18 16 21 21 19 50 35 21 25 17 28 24 15 20 31 34 18 36 25 21 33 20 29 16 14 32 16 22 14 37 27 25 24 26 20 24 40 29 29 16 16 11 29 27 18 25 16 17 19 28 29 21 30 13 24 
16 23 25 20 49 20 17 13 12 25 21 19 26 21 13 28 33 26 29 31 25 31 25 23 18 17 21 38 15 18 15 21 19 31 21 32 16 22 17 15 22 31 35 22 17 10 18 23 23 21 35 31 9 26 26 30 11 15 31 20 31 24 30 34 16 25 23 13 20 16 27 19 25 10 32 19 19 17 23 12 16 22 20 14 12 26 12 25 22 21 28 14 26 29 32 38 17 18 12 20 
9 28 34 22 35 22 21 25 18 48 10 18 31 34 10 27 32 27 8 19 28 58 15 25 15 10 19 19 30 31 23 22 23 29 25 43 22 16 28 17 31 25 22 22 28 12 15 18 18 20 23 26 21 26 29 24 15 12 13 23 34 21 29 23 13 19 33 24 21 16 40 10 34 22 35 24 24 30 27 9 27 26 27 29 17 24 20 25 41 32 17 16 14 29 44 20 22 28 25 25 
23 24 31 13 46 31 18 17 19 47 12 25 28 13 15 25 31 18 10 11 26 21 19 23 15 28 20 29 26 21 10 23 31 12 21 34 29 20 29 11 17 24 33 23 23 12 19 21 28 17 22 29 12 33 22 29 38 12 24 21 26 14 39 18 29 34 22 16 34 15 27 23 38 15 50 14 32 16 10 31 22 34 27 23 14 25 16 21 35 26 12 19 19 22 21 29 13 30 20 16 
11 25 37 2 43 24 26 13 16 40 19 22 25 23 20 25 19 28 27 23 12 21 20 29 27 15 10 28 28 21 22 33 19 21 19 34 16 19 25 17 22 38 26 8 28 11 18 20 28 15 38 32 23 26 25 28 25 15 23 32 27 15 31 41 16 36 18 20 28 7 30 10 16 11 25 20 33 29 36 26 17 34 10 31 8 27 21 17 25 22 20 17 20 16 32 28 19 19 35 25 
14 22 18 22 32 31 25 23 17 29 19 23 30 30 27 20 31 13 16 16 28 9 22 29 17 31 10 26 40 28 14 28 27 25 18 39 20 15 25 16 18 32 16 11 21 12 26 18 21 25 30 38 17 21 20 32 30 17 17 33 36 18 29 38 13 23 21 21 20 21 24 16 15 21 32 10 28 24 29 22 25 31 25 37 17 25 32 22 21 25 26 13 19 26 30 22 9 22 31 26 
18 33 36 19 24 19 30 20 17 28 17 15 40 25 15 20 25 36 26 15 30 26 37 38 14 26 16 36 32 19 18 23 34 8 16 17 20 15 23 21 24 45 32 19 13 18 18 23 18 33 19 18 18 23 24 31 32 9 18 42 17 9 35 19 13 30 22 17 31 21 34 20 31 19 25 21 37 20 25 20 20 29 30 28 19 33 25 25 38 22 17 18 22 26 30 29 18 13 33 21 
18 18 39 15 35 24 28 13 17 41 18 33 28 28 17 11 31 23 22 19 25 18 17 30 19 21 17 33 14 16 23 30 16 15 18 25 31 24 13 16 25 42 29 18 21 17 11 18 24 19 30 32 16 23 28 35 35 17 17 23 35 12 28 32 15 21 14 23 29 13 29 18 16 19 22 25 17 16 20 26 10 32 20 34 16 27 27 28 39 12 34 15 26 16 32 29 22 37 22 16 
5 27 25 18 26 27 20 19 14 21 13 13 44 28 14 28 21 21 21 20 30 9 25 25 28 17 13 32 28 17 25 13 24 19 15 24 27 25 33 13 20 33 41 26 22 16 12 25 22 34 22 30 17 28 20 16 40 19 23 21 34 22 19 35 14 24 25 11 33 22 34 21 29 9 23 27 31 33 24 19 21 37 23 32 21 36 24 22 27 12 19 13 13 38 20 28 15 13 28 26 
15 20 29 27 22 32 20 21 13 36 17 31 21 20 16 30 7 25 25 32 26 18 28 31 14 14 15 33 24 31 16 26 13 18 22 34 26 11 30 8 30 31 20 13 17 20 10 23 23 38 47 25 17 26 15 20 18 18 34 30 29 13 39 33 20 18 15 14 14 18 24 24 33 22 39 26 26 22 35 17 22 31 18 33 23 22 19 17 29 27 22 14 22 14 33 22 20 20 43 18 
12 26 43 25 24 14 20 13 15 35 10 18 17 27 15 30 20 14 28 23 24 29 30 29 11 16 11 18 38 27 13 37 28 20 11 28 14 24 24 17 20 23 19 16 10 20 19 22 22 22 37 25 13 25 29 18 25 12 22 35 39 8 10 24 24 29 16 18 32 16 10 23 13 17 5 20 25 18 23 19 23 34 25 14 16 39 21 31 20 33 23 15 4 30 27 26 27 24 39 16 
20 19 39 27 41 17 27 18 17 19 15 19 30 26 10 24 36 14 16 29 15 45 22 30 18 25 20 18 28 26 18 43 17 14 12 30 16 10 17 12 18 18 26 14 22 17 17 20 22 24 22 32 23 29 32 11 23 17 20 38 32 21 25 34 19 32 18 26 8 15 30 16 21 10 23 19 50 24 27 16 15 24 32 26 12 28 23 14 14 32 25 22 11 18 37 27 12 29 32 33 
24 30 23 20 19 19 35 12 16 25 14 12 30 15 14 13 13 24 22 18 37 27 37 24 15 22 18 27 34 26 19 19 25 16 23 33 20 11 33 16 25 19 33 22 27 13 24 16 24 23 21 32 20 29 25 31 24 16 30 35 20 21 29 23 16 11 15 14 31 17 35 15 27 20 28 21 25 27 28 19 21 26 14 25 15 37 24 26 44 33 26 10 20 34 32 20 9 17 34 20 
17 26 21 23 26 23 21 19 16 26 12 28 27 28 11 17 27 21 21 21 23 24 34 33 23 26 19 30 28 29 25 30 18 23 15 25 15 16 26 12 12 22 42 23 12 12 15 16 29 35 29 24 23 22 18 27 20 12 26 22 21 11 25 36 8 23 24 18 17 16 24 19 31 18 28 15 29 19 28 16 18 20 29 25 16 30 22 23 24 17 22 19 19 36 25 35 24 17 46 13 
17 19 32 27 45 16 18 17 14 18 18 16 30 24 20 22 30 14 19 17 19 43 19 36 15 20 19 32 25 29 20 11 17 13 13 20 27 23 38 23 24 16 25 13 21 21 24 18 22 27 41 26 20 20 29 34 40 13 22 26 14 14 24 29 16 33 19 15 23 11 36 10 14 9 35 21 16 29 21 22 6 29 19 26 15 25 12 25 28 15 24 12 17 31 17 30 20 26 23 23 
11 31 29 24 26 22 26 15 16 18 19 19 33 23 12 21 31 22 18 24 33 19 28 38 16 13 13 40 26 28 13 26 22 16 17 18 37 19 27 10 19 20 32 17 25 14 18 19 20 19 20 22 22 18 19 34 23 18 22 36 26 15 23 28 26 9 25 15 24 11 31 15 16 19 25 24 16 19 29 18 18 28 20 24 18 37 24 24 16 30 28 15 33 16 25 26 12 21 35 21 
14 36 31 19 18 32 22 29 12 24 13 19 25 21 16 33 14 11 27 15 18 36 24 29 30 12 21 32 32 22 14 34 25 14 24 29 18 14 35 17 21 29 33 21 13 16 22 19 26 35 23 24 20 22 33 31 34 10 47 28 30 25 26 33 27 25 24 19 27 12 26 22 26 14 37 17 34 16 37 14 27 17 22 22 30 31 12 16 26 22 27 17 31 34 29 20 22 23 22 24 
13 23 26 12 26 20 22 19 16 38 14 10 34 12 21 26 36 14 26 21 13 32 27 46 23 22 14 28 10 34 9 20 14 10 22 38 5 17 9 12 26 35 21 20 26 19 21 25 23 29 35 24 20 25 23 17 28 17 16 26 25 21 26 30 26 29 15 20 22 15 22 6 32 13 33 24 23 21 15 15 21 39 16 25 21 34 19 24 33 28 36 16 30 29 35 21 11 29 49 20 
18 28 30 11 34 22 26 21 10 26 15 20 26 25 17 36 31 25 24 15 30 22 27 10 12 21 19 41 33 18 17 21 26 24 20 24 26 21 30 13 25 24 19 14 28 10 28 20 10 14 27 27 19 28 35 33 27 11 20 32 29 1 30 32 15 21 16 11 23 13 21 11 23 20 36 28 22 23 22 19 25 26 32 24 17 29 39 12 40 6 25 18 23 6 34 18 5 19 27 23 
11 28 38 12 30 20 18 19 13 39 18 26 15 18 9 27 27 19 27 18 19 37 26 20 24 15 18 25 28 29 12 27 8 25 16 29 25 15 31 11 16 27 25 19 26 15 21 15 28 31 26 16 24 25 21 30 33 11 31 36 34 26 37 25 15 8 20 18 26 11 20 15 20 12 32 19 30 26 41 16 24 24 5 34 21 33 20 10 39 16 21 16 25 20 28 29 19 28 15 16 
11 23 37 22 28 15 12 13 13 25 11 23 18 23 18 14 29 30 15 18 34 18 21 35 19 23 13 32 29 26 8 22 32 26 21 31 25 10 31 14 24 29 30 14 32 15 25 17 21 32 34 33 18 7 38 17 24 13 26 30 32 16 40 33 10 35 14 8 26 16 19 17 27 15 19 24 16 26 31 18 19 13 29 21 12 31 19 21 40 26 23 26 25 15 27 20 17 21 32 25 
17 26 42 25 21 27 21 19 25 33 17 26 33 23 18 34 27 22 9 22 26 34 20 20 13 26 15 25 30 22 22 28 39 8 21 28 17 18 23 21 9 26 36 12 19 9 10 25 32 31 18 16 11 28 25 29 36 13 19 40 31 18 31 25 17 14 14 15 24 12 14 26 28 13 25 15 27 29 32 21 21 26 16 20 20 25 17 17 53 29 23 27 19 23 10 21 17 29 26 27 
20 27 12 24 33 34 26 31 18 32 15 16 19 31 13 14 13 9 22 15 38 25 32 28 25 25 11 24 14 23 17 36 10 24 22 40 21 20 40 19 19 32 18 7 27 11 21 17 14 29 33 32 18 23 34 20 44 11 30 32 14 26 42 26 26 20 15 17 22 12 19 15 33 11 27 16 17 16 23 22 13 34 15 27 19 40 16 16 41 20 15 16 30 33 33 31 22 22 26 17 
8 26 40 21 26 29 25 15 16 34 15 14 17 18 14 32 37 16 24 22 27 30 31 29 14 20 10 32 37 25 23 18 36 15 7 27 34 10 29 11 23 13 26 20 28 13 11 26 28 23 26 46 20 18 30 33 47 14 25 34 27 14 20 25 17 23 20 19 34 17 4 16 29 13 24 17 33 28 30 19 12 37 19 31 27 20 20 20 21 22 17 18 6 13 35 23 18 24 28 14 
20 18 25 24 30 22 16 12 14 38 20 19 20 32 15 24 31 17 12 14 31 33 18 40 25 12 19 48 43 40 20 16 26 22 21 34 28 18 31 18 21 24 18 19 26 9 11 23 18 40 41 39 18 21 29 26 35 19 26 29 34 19 21 39 9 25 17 24 23 19 18 16 22 10 13 18 23 24 28 12 18 30 36 21 19 30 27 24 31 34 22 20 28 40 26 26 21 23 31 19 
13 23 34 19 31 23 18 25 15 28 18 18 17 14 14 25 27 33 14 24 12 30 26 29 26 21 27 41 24 22 16 25 28 19 23 25 23 20 27 10 19 35 35 2 25 16 20 16 29 37 29 36 21 24 32 12 46 13 21 22 17 14 24 40 23 19 27 17 22 14 10 25 20 16 41 19 21 27 20 27 18 23 20 17 11 30 6 30 32 28 16 5 31 26 29 26 16 48 35 19 
6 19 59 24 31 20 33 18 15 29 12 19 18 30 12 12 25 24 26 22 15 36 27 10 19 24 22 36 37 26 20 19 29 8 17 35 26 18 24 8 33 20 24 10 22 13 15 31 15 22 37 30 20 23 28 27 41 10 20 16 17 27 18 40 21 26 25 18 32 22 32 19 27 6 30 20 20 24 27 19 18 28 20 14 13 16 29 17 30 15 32 6 13 27 30 21 14 23 23 13 
12 21 22 12 35 25 22 23 20 29 16 22 12 32 13 17 48 16 24 25 29 24 24 34 21 25 3 31 24 30 22 26 25 12 15 25 25 8 35 15 12 27 9 20 21 15 19 17 14 26 22 30 15 16 20 21 34 14 17 31 23 21 39 33 20 26 29 17 26 15 28 11 19 18 18 22 10 27 32 18 15 38 26 10 24 24 18 19 49 27 20 13 10 27 32 38 7 27 31 18 
20 27 32 30 25 17 20 16 12 28 22 21 32 19 12 23 32 21 22 18 21 35 11 33 14 11 13 36 49 18 19 23 19 20 19 11 28 18 29 13 18 23 39 25 20 20 13 14 25 26 21 22 24 14 23 29 30 11 20 36 34 7 28 25 22 26 22 24 32 21 28 20 23 14 24 22 17 24 20 26 14 37 24 30 16 27 11 19 26 31 22 15 15 23 33 36 15 30 35 16 
12 20 28 13 41 22 20 19 20 25 12 20 22 20 19 16 40 10 31 22 20 33 26 43 17 16 9 26 33 18 11 29 24 14 13 22 26 25 21 14 13 31 34 21 24 12 9 20 19 28 40 38 12 30 28 20 40 20 25 37 26 13 42 25 28 13 11 21 32 18 33 21 32 15 19 14 23 19 18 28 23 13 21 27 17 29 16 22 46 29 20 18 23 22 32 39 17 34 34 16 
18 30 21 21 24 19 26 16 12 23 15 18 19 39 10 20 25 21 11 25 33 36 32 39 30 20 14 31 29 35 32 11 19 25 16 30 23 16 21 13 23 30 30 5 33 15 17 17 20 25 23 45 26 28 20 31 28 13 12 26 21 16 38 11 18 25 20 27 26 21 13 15 23 16 38 29 31 17 19 9 15 38 27 11 12 23 10 16 46 22 26 22 23 25 22 23 11 24 30 19 
11 32 35 19 28 29 21 20 12 25 22 20 30 28 13 30 28 16 15 25 10 43 6 15 15 20 22 41 36 15 25 29 14 17 15 16 24 32 35 15 25 34 31 21 31 17 20 19 15 40 32 32 16 12 34 16 45 19 15 40 41 26 12 40 21 36 21 21 26 14 20 16 29 21 23 15 16 10 31 16 24 44 17 26 14 23 16 23 27 24 18 12 21 23 25 21 22 24 43 18 
18 27 39 23 26 25 21 21 21 32 13 19 40 26 17 20 34 28 17 19 33 26 27 20 20 15 19 25 33 21 14 22 29 16 17 28 19 18 25 21 21 33 23 22 25 10 16 21 28 32 35 26 14 21 26 14 22 19 16 33 32 10 15 23 32 23 22 21 17 21 28 10 33 10 31 16 33 19 32 20 24 31 24 28 12 30 17 21 37 26 31 14 19 20 22 28 11 25 27 24 
13 9 33 19 27 23 15 22 15 24 15 21 19 25 11 29 28 30 21 10 30 35 20 21 17 28 7 21 33 12 22 18 23 21 18 34 29 11 11 13 19 33 25 21 27 10 23 22 34 28 33 39 22 18 26 27 27 5 16 36 40 16 22 45 15 12 15 13 28 10 20 16 17 16 12 19 35 21 19 16 24 31 27 25 17 38 14 26 38 21 9 19 10 11 19 20 14 24 32 26 
17 24 25 23 21 18 28 13 19 24 17 30 27 27 18 10 22 12 20 23 25 25 27 22 26 16 13 46 20 23 21 14 23 14 16 44 29 20 30 12 19 40 30 19 21 17 23 21 13 21 44 36 17 13 22 30 39 19 28 33 22 22 30 17 23 15 19 22 29 9 32 22 28 15 31 26 18 26 23 20 14 30 21 11 18 28 18 8 8 12 35 17 33 20 22 33 20 23 27 16 
14 26 12 19 31 25 16 18 19 37 16 12 43 25 27 26 26 26 23 24 30 35 18 36 24 21 17 37 21 20 11 27 26 29 9 26 12 20 19 15 28 20 30 16 28 19 27 9 28 34 4 33 13 28 33 15 20 16 33 22 25 11 23 33 23 26 15 18 35 11 31 29 27 11 33 32 31 11 19 18 28 29 25 31 20 17 27 22 28 27 20 11 27 14 28 21 14 27 27 29 
15 28 44 24 24 14 20 14 17 13 19 12 24 18 13 18 29 17 21 26 19 61 28 18 21 10 11 46 38 20 25 32 23 18 17 18 20 24 41 18 27 20 32 19 35 22 19 22 24 37 32 35 15 18 37 24 13 14 10 46 33 15 37 28 22 22 15 23 35 4 27 19 13 16 38 22 47 20 20 15 25 41 28 24 17 25 29 25 39 19 21 12 23 40 24 32 9 25 25 14 
14 22 45 13 25 28 30 11 20 25 18 21 25 14 16 26 17 12 31 22 28 51 22 43 32 32 12 15 16 32 19 31 28 26 20 19 28 14 22 23 24 42 37 21 24 20 15 20 32 32 25 26 26 13 16 40 10 15 22 27 22 22 21 13 15 30 16 12 32 10 14 15 25 11 21 25 25 27 24 10 17 33 15 26 9 25 15 24 40 21 26 18 15 28 19 27 20 26 32 11 
14 14 20 24 18 22 24 10 16 25 17 25 40 25 12 20 38 33 32 15 31 30 7 50 18 14 14 46 40 9 14 23 32 28 18 27 22 19 34 16 2 27 27 18 27 12 17 14 19 26 30 27 19 21 38 21 38 11 36 27 32 23 25 23 32 26 22 26 13 11 21 11 25 20 31 22 31 23 32 12 24 30 25 30 10 23 17 21 35 27 15 22 22 41 34 18 16 26 7 21 
12 32 43 17 28 22 17 16 13 14 19 23 33 25 21 25 17 25 26 19 9 33 36 36 8 28 22 25 20 27 13 34 15 13 17 34 15 21 19 6 23 24 21 17 27 14 20 22 21 40 44 35 17 28 31 33 33 12 15 27 28 18 27 44 29 28 19 24 21 8 35 22 27 18 32 35 35 10 14 14 28 35 26 28 18 21 12 19 12 46 29 8 19 32 37 31 17 28 30 25 
10 24 40 17 10 16 22 14 15 30 14 19 32 22 20 11 37 18 19 10 33 33 24 24 19 23 14 23 27 22 19 19 30 28 20 25 19 19 22 15 5 22 3 20 20 21 21 22 25 27 36 36 20 16 23 24 27 10 27 19 24 9 30 20 17 33 13 28 32 14 24 8 23 10 46 19 26 36 35 17 21 28 22 18 11 13 13 11 33 18 16 13 20 22 28 26 17 21 39 7 
17 28 28 11 30 13 39 11 16 27 18 24 44 21 16 17 14 24 26 38 16 34 23 28 24 34 17 22 31 25 19 36 21 9 12 34 29 19 23 17 20 19 24 22 33 14 15 15 23 49 35 45 25 23 26 26 24 13 28 26 36 21 11 34 13 27 15 19 32 15 21 14 24 13 34 28 24 28 29 13 23 28 20 28 12 14 26 24 34 27 14 17 31 30 25 38 19 29 27 22 
16 22 34 20 22 22 14 23 14 36 18 23 19 33 20 17 23 16 20 18 18 35 23 36 22 12 13 26 19 23 12 18 46 23 15 25 23 25 17 12 14 29 23 21 22 13 10 12 21 20 36 34 13 27 24 25 23 10 11 28 23 27 22 25 34 18 25 13 14 18 23 24 24 22 37 22 31 16 27 13 26 32 23 31 21 2 13 23 22 12 14 8 26 30 21 25 15 30 22 23 
18 30 35 20 22 27 22 16 13 18 18 17 29 26 15 20 18 16 18 18 33 43 27 33 30 22 15 27 35 19 15 38 23 27 24 32 21 17 31 11 14 32 42 17 26 16 16 22 25 24 35 32 24 28 16 22 25 9 26 26 34 23 32 35 19 30 27 11 20 17 26 22 22 14 38 17 18 17 25 17 8 26 35 20 22 34 21 25 30 37 24 16 16 22 30 21 17 20 44 9 
26 26 25 14 40 21 20 11 16 37 16 24 26 19 13 21 32 20 24 13 23 26 14 39 11 22 15 35 27 15 20 22 35 33 16 25 23 16 26 13 14 32 18 35 15 17 17 31 26 32 26 35 11 25 24 37 38 19 15 24 20 13 18 34 17 23 20 16 27 9 14 24 27 13 14 21 19 31 16 16 21 34 20 17 22 23 26 22 25 29 12 14 23 21 43 38 22 26 24 18 
7 28 25 24 34 30 26 13 16 37 20 23 37 31 11 28 14 24 26 17 28 36 23 26 23 22 11 16 55 30 14 28 3 23 22 30 21 16 32 16 12 14 37 19 19 15 19 16 21 10 26 43 12 22 35 26 31 7 30 31 40 12 33 33 16 17 25 19 23 23 15 19 24 23 30 21 27 25 27 21 10 32 16 31 14 25 24 14 33 33 22 8 28 28 11 26 12 18 19 21 
16 21 20 25 29 16 16 19 16 32 20 29 36 22 17 30 26 27 26 31 29 25 20 32 27 22 15 38 36 33 22 28 37 18 17 10 20 13 19 16 10 38 22 17 16 15 18 22 15 30 23 25 20 20 38 16 34 14 19 32 17 13 20 19 18 19 28 21 25 21 15 17 23 14 29 29 28 22 16 20 15 34 23 20 20 37 25 20 30 16 28 17 25 7 30 36 10 21 16 20 
9 25 26 19 37 21 26 7 16 33 14 17 45 21 17 24 31 25 26 19 23 28 9 27 19 34 13 14 20 17 26 23 30 9 21 39 21 22 17 12 20 32 44 13 40 21 11 22 24 27 45 27 25 22 21 21 33 17 20 37 30 10 23 24 18 24 21 20 21 15 26 8 18 18 20 28 32 22 28 12 30 38 28 29 22 26 26 19 19 28 24 15 15 20 36 27 20 23 15 26 
16 26 30 19 20 25 12 15 10 43 18 19 34 32 20 26 30 25 19 22 28 28 20 28 16 23 12 11 51 27 20 27 23 23 21 25 21 22 36 8 11 29 38 22 27 14 20 21 22 27 38 23 20 15 24 33 31 9 20 30 23 17 31 40 5 22 25 14 26 11 25 18 20 12 26 11 28 23 25 22 20 24 10 22 17 30 24 17 35 23 22 17 19 30 24 27 23 28 30 24 
13 18 23 17 36 25 28 23 13 28 19 19 38 25 12 10 25 21 24 16 12 30 31 39 11 21 17 17 38 13 27 20 22 23 22 37 30 18 21 11 25 29 26 11 27 16 18 26 18 36 32 30 14 20 17 37 38 17 25 28 24 14 35 32 26 20 18 14 36 19 20 21 31 16 21 29 29 23 33 17 13 36 27 19 19 26 15 16 37 38 13 15 23 24 31 22 19 34 30 25 
12 23 22 18 41 29 16 18 16 27 19 12 34 28 22 19 29 32 28 25 51 52 24 46 15 20 16 24 42 32 24 23 23 15 19 31 20 21 18 18 20 34 43 22 26 15 8 28 23 27 40 31 30 36 14 12 30 11 21 36 40 17 46 44 21 24 16 23 21 10 25 17 23 16 43 15 29 24 30 22 23 33 17 5 15 24 29 20 24 24 30 22 12 21 19 33 22 23 33 20 
19 24 18 27 14 18 23 20 21 29 19 22 31 29 16 20 31 7 33 12 27 34 23 19 20 12 12 23 22 24 19 19 23 23 21 7 31 17 7 14 17 34 21 18 11 20 14 21 22 28 29 21 20 17 21 28 38 16 25 28 29 20 29 22 19 22 21 25 22 17 13 21 15 10 33 25 39 31 25 19 21 47 20 22 21 31 21 25 32 25 11 12 22 16 19 17 23 15 18 27 

MachineCapacities:
MachineID Capacity
0 10
1 10
2 10
3 10
