NumTasks NumMachines NumScenarios
10 2 50
TaskDetails:
TaskID ReleaseTime ResourceConsumption SuccessorsCount Successors...
0 0 3 5 1 1 
1 0 4 7 1 3 
2 0 4 3 1 4 
3 0 8 9 1 4 
4 0 7 10 0 
5 0 6 7 2 7 8 
6 0 4 5 2 7 8 
7 0 4 5 1 9 
8 0 5 1 0 
9 0 1 4 0 

16 22 17 24 18 31 13 31 24 11 21 23 25 10 29 12 18 18 14 7 
13 25 17 20 41 30 17 25 24 11 16 20 28 10 28 20 19 10 10 22 
10 13 23 24 39 37 16 17 27 15 30 23 28 12 28 23 3 15 14 20 
16 15 10 23 20 27 13 27 26 9 33 36 30 11 19 21 19 17 10 22 
20 22 25 27 30 28 17 15 17 8 43 44 27 4 22 36 12 15 22 26 
12 8 24 22 13 22 14 31 14 13 27 34 20 17 42 34 18 14 20 18 
27 24 28 28 35 32 13 35 21 8 21 33 21 10 25 31 17 13 9 20 
17 31 21 20 19 38 10 29 12 15 25 40 26 13 33 25 12 23 14 4 
19 29 21 27 46 26 11 28 20 12 24 22 20 11 19 26 11 14 18 13 
22 17 25 21 29 34 7 16 23 14 28 27 38 6 29 24 12 13 19 20 
19 21 10 16 46 19 17 29 22 9 29 34 12 8 22 28 17 12 23 21 
16 24 20 27 16 18 15 37 24 10 34 26 42 10 25 19 15 17 14 17 
9 27 24 22 36 21 12 38 24 11 43 25 20 7 29 29 13 13 14 16 
20 19 26 28 39 49 13 25 29 4 21 28 31 9 30 32 14 10 28 13 
16 15 15 24 29 43 17 22 15 18 29 36 26 10 20 21 14 13 22 21 
18 33 18 21 29 33 11 40 26 12 41 20 21 14 25 27 18 14 17 22 
16 15 17 20 16 46 10 18 17 9 35 28 39 10 34 27 14 18 16 18 
18 21 21 22 19 21 13 29 20 11 42 40 28 13 37 38 14 7 16 8 
17 20 25 29 41 20 14 31 25 13 23 26 32 11 38 24 12 13 17 15 
18 11 30 25 29 31 13 33 25 3 27 31 12 6 33 28 18 14 16 20 
10 25 20 29 19 31 14 16 23 10 40 17 27 14 36 26 5 8 21 18 
21 15 26 21 34 21 10 25 15 13 23 18 30 7 37 31 24 16 15 9 
17 15 18 17 17 32 13 21 15 19 28 11 24 11 28 27 16 16 19 13 
20 22 21 20 35 18 14 26 15 10 35 28 23 14 28 31 22 13 24 20 
12 4 19 16 6 37 13 37 21 9 43 32 20 5 40 23 17 21 24 17 
24 29 33 22 39 30 14 14 19 12 24 21 26 6 22 24 17 19 16 16 
14 17 17 19 38 25 15 14 27 8 44 45 24 6 24 28 24 20 21 22 
19 19 18 28 40 38 12 34 21 12 25 26 28 8 33 22 21 11 20 27 
18 16 35 20 25 34 14 20 27 13 38 37 21 9 20 28 18 18 17 20 
20 30 23 28 40 36 11 24 9 15 36 23 30 10 28 15 12 16 13 22 
16 13 23 19 16 29 10 20 21 15 25 25 26 11 20 10 13 15 29 18 
15 17 31 28 21 52 18 32 5 7 32 33 23 6 21 24 16 14 17 18 
18 18 25 15 25 33 16 21 19 7 18 26 24 11 28 25 18 13 21 20 
12 17 26 12 9 24 14 21 24 14 17 28 27 7 22 22 10 11 25 19 
13 21 26 17 18 33 10 53 23 12 46 31 29 5 26 26 21 12 13 10 
9 11 22 16 18 30 11 31 22 9 28 35 36 11 27 36 14 15 17 16 
13 22 25 23 16 31 9 19 25 7 14 38 35 5 34 21 15 13 21 8 
10 21 29 19 45 25 18 34 21 16 36 37 33 9 27 37 25 9 26 16 
14 27 27 20 23 27 16 22 34 11 21 20 23 11 20 24 19 18 16 28 
16 26 21 22 16 16 12 40 29 11 32 35 18 8 19 25 22 18 21 15 
22 19 24 12 15 42 18 38 17 14 28 28 26 8 29 25 11 14 25 13 
17 21 20 17 41 20 14 44 32 12 28 44 30 6 23 29 8 15 28 23 
19 29 25 25 31 23 17 28 21 13 29 22 27 7 24 19 15 17 12 10 
21 25 25 15 21 33 10 25 20 14 39 32 35 10 16 29 15 9 14 20 
17 14 19 40 21 11 12 43 30 19 24 21 24 7 25 29 18 15 16 11 
19 24 25 20 31 40 13 30 14 11 22 25 31 15 26 22 17 20 12 10 
15 16 20 26 38 41 11 40 28 8 31 35 35 11 29 24 17 22 19 6 
17 20 24 21 34 40 14 19 14 10 27 28 27 12 30 24 15 19 18 15 
14 24 25 24 26 26 11 19 10 12 34 47 26 8 24 33 10 15 15 17 
16 24 25 25 22 31 10 16 21 14 34 20 22 8 40 21 15 25 25 17 

MachineCapacities:
MachineID Capacity
0 10
1 10
