NumTasks NumMachines NumScenarios
10 2 50
TaskDetails:
TaskID ReleaseTime ResourceConsumption SuccessorsCount Successors...
0 0 1 4 1 3 
1 0 6 2 1 2 
2 0 6 8 1 3 
3 0 7 3 1 4 
4 0 5 5 0 
5 0 5 2 2 6 8 
6 0 5 5 1 7 
7 0 9 9 1 9 
8 0 2 1 0 
9 0 10 3 0 

12 22 32 28 13 15 44 28 18 23 30 16 12 27 18 36 22 22 13 24 
19 17 25 21 13 19 35 24 14 20 23 10 12 28 22 19 40 28 15 14 
11 17 15 38 14 20 31 35 9 13 35 15 16 26 22 33 21 44 14 21 
12 13 18 20 14 12 29 30 3 24 19 13 13 25 31 22 21 28 15 20 
13 18 19 23 7 17 20 27 12 19 24 16 10 19 21 19 28 33 9 18 
7 11 36 28 11 19 22 20 11 20 24 8 14 33 20 30 26 27 12 24 
14 17 31 16 14 21 36 16 6 30 23 13 13 20 23 27 33 22 11 21 
15 17 29 15 14 12 7 32 9 24 24 12 10 15 30 26 22 24 15 21 
10 15 30 17 18 25 31 40 16 16 24 13 16 20 26 28 18 28 14 20 
12 20 24 23 12 16 26 22 8 21 35 8 17 26 22 40 12 26 12 28 
5 12 23 16 14 29 34 17 8 13 35 8 15 4 14 29 25 10 18 31 
9 12 17 22 17 30 28 31 11 16 7 14 8 29 22 25 15 26 12 16 
14 15 27 27 17 35 22 22 15 21 38 4 6 19 31 34 23 24 15 22 
10 9 28 8 11 23 49 30 13 21 29 7 10 18 22 20 30 34 15 23 
12 9 32 26 15 29 34 37 15 16 21 14 12 16 28 27 24 40 9 22 
14 20 46 14 17 29 23 18 15 17 29 11 9 23 24 30 35 26 15 23 
7 16 22 24 10 24 46 11 11 19 24 9 16 26 28 25 29 31 16 15 
12 9 37 25 19 27 40 19 11 21 22 13 13 18 27 25 25 23 9 19 
5 12 17 20 18 18 27 35 3 33 29 9 20 21 25 30 31 25 14 22 
12 21 14 27 11 18 33 29 16 26 29 10 3 20 29 23 29 26 8 24 
7 16 39 21 15 27 41 18 2 24 36 11 14 14 37 29 26 26 10 22 
11 15 31 31 15 14 17 28 13 19 28 11 15 19 31 26 18 16 15 26 
9 17 23 14 22 14 19 19 11 18 19 13 5 21 14 41 21 17 10 31 
11 13 22 25 14 21 39 17 13 19 27 7 12 17 10 30 16 36 14 18 
9 7 33 24 23 28 29 8 13 26 27 16 8 31 22 28 28 32 18 22 
15 19 20 23 13 14 30 34 9 29 21 10 16 23 26 32 29 20 8 21 
10 11 27 22 16 31 26 29 11 27 13 12 18 20 20 20 23 35 10 24 
15 15 33 28 13 25 38 33 13 21 30 10 16 25 23 33 19 42 12 19 
11 12 31 41 13 16 30 28 10 32 43 11 10 36 27 31 37 33 12 25 
11 15 34 31 11 38 26 17 11 16 23 11 9 27 22 27 17 35 14 29 
10 9 27 33 14 26 28 31 9 23 36 12 16 28 17 22 24 36 13 23 
9 19 29 30 14 16 31 48 16 27 29 9 14 17 21 31 26 35 8 23 
9 10 27 27 14 14 39 23 8 7 21 11 15 23 15 21 25 25 11 35 
13 16 37 30 13 31 12 33 11 16 21 10 15 34 27 20 37 37 12 24 
14 16 22 21 19 18 30 30 6 27 45 9 16 30 34 15 35 35 16 26 
11 14 32 26 19 30 36 25 10 23 29 12 19 9 26 23 33 11 12 24 
10 13 26 16 15 32 26 18 8 27 29 10 23 34 24 23 25 28 17 20 
9 8 25 26 13 27 21 31 12 21 32 10 11 22 25 18 26 25 12 31 
12 11 26 30 9 13 33 24 11 23 36 13 14 14 33 19 32 9 14 26 
6 13 28 15 13 21 19 24 11 20 24 8 16 11 31 37 33 16 16 25 
12 17 34 22 15 32 28 36 8 26 26 11 14 25 25 30 32 26 12 25 
4 10 33 21 15 39 40 25 10 20 37 12 14 10 31 34 26 24 18 22 
11 11 31 20 17 36 7 15 15 18 28 11 16 18 24 22 26 30 18 25 
11 8 20 13 16 12 42 34 9 22 32 14 13 16 18 27 34 28 11 23 
14 11 21 21 4 33 39 20 10 26 27 6 18 15 27 28 17 23 14 21 
10 19 37 15 10 20 15 20 5 22 25 9 11 27 20 19 30 40 15 25 
15 18 26 8 13 7 36 28 13 22 27 11 11 14 35 20 26 28 13 23 
11 14 35 12 12 29 19 34 12 23 26 18 9 21 26 23 24 43 10 21 
13 11 37 19 20 18 20 34 10 23 31 16 11 20 28 32 23 27 11 17 
10 11 38 30 16 34 40 41 12 17 28 15 12 34 31 35 23 25 13 18 

MachineCapacities:
MachineID Capacity
0 10
1 10
