NumTasks NumMachines NumScenarios
20 2 30
TaskDetails:
TaskID ReleaseTime ResourceConsumption SuccessorsCount Successors...
0 0 8 9 2 2 4 
1 0 4 5 1 3 
2 0 10 7 4 5 6 7 9 
3 0 10 7 2 4 7 
4 0 9 9 3 5 6 9 
5 0 7 5 2 8 11 
6 0 9 5 2 8 11 
7 0 4 4 1 11 
8 0 6 4 1 10 
9 0 8 10 2 10 11 
10 0 2 10 0 
11 0 7 4 0 
12 0 6 6 2 13 14 
13 0 9 7 1 15 
14 0 7 9 2 16 17 
15 0 10 8 2 16 17 
16 0 2 7 2 18 19 
17 0 2 5 1 19 
18 0 8 1 0 
19 0 6 10 0 

17 25 13 19 13 18 26 17 13 17 13 19 14 34 19 8 29 27 28 9 39 8 22 12 2 11 14 28 15 15 12 13 34 20 7 15 18 24 21 30 
21 16 18 18 8 9 31 9 12 11 17 17 13 30 17 9 22 27 31 12 35 11 28 19 9 34 9 31 15 15 13 34 46 30 24 9 21 17 18 21 
17 8 11 24 11 12 40 6 11 15 15 18 14 26 23 10 22 44 20 12 23 13 9 14 9 20 12 10 11 17 13 20 24 25 23 12 15 25 12 33 
11 14 10 16 9 9 16 11 17 18 20 12 15 27 9 8 28 27 18 14 43 17 26 11 7 15 18 38 11 14 9 32 31 16 20 2 19 37 20 25 
16 11 9 25 12 10 27 12 16 13 19 12 10 14 19 13 19 33 36 15 28 8 14 12 13 43 6 36 14 11 8 28 36 18 21 10 24 21 20 17 
18 13 10 24 9 7 27 12 17 11 18 13 11 27 25 13 26 39 23 15 29 9 32 10 8 38 9 36 17 24 10 25 19 26 12 12 13 32 16 17 
9 12 11 18 11 11 25 15 12 14 29 17 10 14 18 7 16 36 27 11 35 14 24 11 11 29 11 31 15 14 8 10 41 25 24 13 17 19 21 32 
19 24 11 16 11 7 26 12 18 14 16 17 17 24 19 9 17 30 32 10 34 10 10 12 11 34 3 40 16 15 9 24 27 24 19 12 33 28 17 24 
19 14 5 24 3 8 18 10 11 15 20 8 12 16 19 5 25 34 27 13 31 11 24 9 9 26 14 24 13 14 9 24 21 25 13 7 19 17 25 25 
12 13 10 20 11 15 37 10 14 19 14 17 8 39 22 9 23 40 28 11 23 12 37 17 8 29 9 28 16 15 10 9 25 18 12 15 13 18 15 35 
12 19 15 17 11 5 30 11 13 13 18 19 12 33 20 10 25 28 29 14 27 13 17 10 8 37 9 31 14 23 13 18 21 30 13 18 14 25 23 19 
15 15 11 18 12 9 27 9 14 22 17 14 16 30 19 4 27 34 15 13 30 14 6 7 9 45 9 25 9 16 11 13 31 14 11 10 21 19 25 11 
10 14 5 20 13 15 32 13 13 14 16 16 14 38 13 9 29 25 26 9 20 9 27 12 11 32 12 28 13 8 11 31 37 28 22 7 20 21 20 25 
11 18 11 30 9 15 35 12 15 20 25 17 13 11 15 10 32 45 29 12 26 9 16 14 8 39 13 26 14 17 9 21 41 35 15 12 13 27 10 25 
14 19 17 9 13 10 26 9 14 11 20 17 13 22 13 14 22 32 42 8 37 12 18 10 17 20 13 29 9 17 8 31 32 26 24 15 23 30 17 17 
12 11 18 21 12 12 33 10 12 22 18 9 15 24 17 13 25 28 28 14 27 11 14 6 9 33 11 38 15 17 10 21 42 16 23 13 16 11 13 39 
24 16 8 18 14 14 8 10 15 11 13 20 14 27 12 13 22 32 29 15 33 10 15 11 16 32 10 30 9 7 5 21 33 24 33 13 16 23 28 25 
14 18 20 24 10 13 34 10 21 10 18 16 11 28 22 10 11 28 23 13 36 12 18 11 10 12 11 15 16 13 14 17 19 25 12 11 26 21 13 28 
8 13 10 21 11 15 17 10 19 19 23 12 12 30 16 8 30 43 29 12 30 10 14 15 15 39 11 10 6 17 12 23 15 35 17 12 32 20 25 22 
7 14 11 18 5 14 16 11 11 17 19 16 7 22 15 15 25 24 27 12 19 11 22 17 8 31 11 40 9 20 7 21 32 16 19 13 26 19 21 36 
11 12 10 24 9 13 30 2 14 21 22 18 11 21 19 10 12 16 17 5 6 14 18 10 8 57 12 19 12 1 8 20 28 29 8 17 17 25 21 31 
14 16 15 12 8 16 25 12 16 18 20 18 13 30 12 17 22 23 35 16 34 10 17 17 6 34 11 20 16 13 12 33 33 11 18 16 31 18 13 37 
15 16 16 24 13 13 19 9 16 13 9 17 8 21 29 13 17 27 31 6 17 13 12 15 9 32 12 30 15 21 14 17 37 27 26 13 17 18 12 47 
10 13 9 10 15 12 31 6 9 21 19 16 13 22 18 11 26 40 25 9 25 18 15 12 12 26 11 28 11 13 11 31 20 34 26 13 21 32 13 21 
18 18 15 16 9 13 28 7 14 12 18 25 14 26 12 13 24 25 18 7 24 19 11 14 7 37 11 32 15 11 6 29 28 28 24 13 9 16 29 22 
13 20 7 25 7 16 31 9 14 18 19 19 15 16 22 9 13 27 15 11 30 12 16 10 15 31 6 36 14 18 18 14 35 32 20 10 18 18 16 36 
12 14 8 15 10 12 30 10 12 22 9 18 14 25 28 9 14 17 19 11 28 6 25 11 11 40 8 30 17 17 12 22 19 19 18 9 26 24 17 23 
18 12 10 24 13 14 23 9 13 12 12 18 14 32 16 3 18 30 32 14 24 12 24 11 8 28 13 16 16 18 8 31 23 31 18 12 22 30 18 26 
14 17 12 18 11 15 33 4 11 12 17 15 9 17 13 11 20 26 31 11 31 11 24 12 9 27 10 40 16 14 7 36 25 16 15 12 30 25 22 24 
18 12 10 12 11 6 25 10 13 13 14 20 14 18 20 16 29 31 33 12 31 15 21 8 8 34 16 24 13 10 6 15 30 26 16 18 14 20 7 26 

MachineCapacities:
MachineID Capacity
0 10
1 10
