NumTasks NumMachines NumScenarios
20 2 30
TaskDetails:
TaskID ReleaseTime ResourceConsumption SuccessorsCount Successors...
0 0 4 3 2 3 4 
1 0 8 3 2 3 4 
2 0 7 4 2 4 5 
3 0 3 5 3 5 6 7 
4 0 5 7 2 8 9 
5 0 5 2 1 8 
6 0 1 6 2 11 12 
7 0 2 7 3 9 10 13 
8 0 5 5 3 10 11 13 
9 0 10 3 2 11 12 
10 0 4 3 1 12 
11 0 2 4 0 
12 0 3 3 0 
13 0 4 6 0 
14 0 6 7 2 16 17 
15 0 3 4 2 16 17 
16 0 6 2 1 18 
17 0 1 8 1 19 
18 0 3 6 1 19 
19 0 6 2 0 

19 29 18 10 27 14 27 37 21 17 14 17 32 27 9 19 23 9 19 18 21 19 23 10 26 10 24 21 19 14 22 21 19 24 9 7 9 20 17 15 
14 28 24 12 25 14 23 24 15 17 13 27 31 12 30 21 21 20 15 22 36 12 18 18 29 11 16 20 19 11 21 21 14 19 15 13 21 17 13 17 
11 31 36 11 20 30 20 35 21 21 13 23 31 24 18 19 21 17 35 11 18 15 17 9 44 13 25 24 15 8 18 39 10 26 13 18 22 19 21 12 
21 43 16 8 25 13 43 19 13 21 16 25 21 32 24 17 33 25 27 15 39 18 25 22 16 10 10 17 16 11 33 28 20 30 10 11 15 17 20 9 
21 23 21 12 17 11 32 36 17 20 11 38 28 16 37 14 23 18 18 11 30 14 20 24 43 10 19 19 18 12 23 42 13 19 8 16 27 8 18 12 
12 18 32 10 6 23 33 22 24 24 16 24 27 26 41 20 16 18 22 19 33 16 11 15 24 12 24 8 20 10 12 29 5 34 10 13 38 15 8 11 
22 31 29 8 28 18 33 26 23 20 16 37 19 27 40 12 18 17 19 20 36 18 20 16 38 8 17 12 14 9 19 28 19 34 12 9 13 19 20 7 
21 16 24 16 29 13 20 19 13 25 16 18 19 23 29 12 25 20 18 10 18 14 28 17 33 10 28 16 15 8 10 37 4 22 9 7 29 9 15 13 
23 11 15 12 24 28 24 36 33 24 14 26 23 21 30 22 14 22 24 23 28 10 24 16 17 5 23 20 8 8 25 26 14 28 9 11 19 22 16 9 
10 23 29 9 29 9 31 41 29 19 9 20 21 21 27 21 20 10 24 17 32 17 21 14 31 12 20 18 20 14 25 29 7 28 9 11 18 9 16 12 
29 20 22 9 27 26 27 27 7 26 12 10 23 27 18 15 27 5 36 13 18 15 15 13 22 7 18 12 20 11 24 28 3 25 12 13 28 8 14 15 
19 21 17 13 20 20 25 46 21 24 15 22 20 21 18 16 34 26 27 9 35 9 26 18 27 8 13 19 15 6 16 42 16 26 10 16 28 19 16 16 
13 31 22 9 21 16 27 25 19 28 14 31 21 19 35 13 20 19 24 11 36 11 12 11 40 12 16 18 19 12 23 21 14 37 13 11 19 10 17 12 
18 18 12 14 12 37 36 40 11 19 12 26 18 32 9 16 20 25 26 5 41 18 21 23 18 14 17 19 19 6 26 38 21 26 17 9 24 19 17 22 
18 17 17 9 18 14 16 14 20 26 18 31 32 29 24 14 21 13 27 20 32 14 29 8 43 13 17 17 15 8 23 20 8 23 10 9 16 14 14 13 
25 30 20 13 25 19 40 13 15 25 11 15 28 19 35 10 30 17 28 12 29 19 28 16 37 10 24 18 16 13 14 27 21 20 11 11 18 15 17 10 
18 26 16 14 15 25 17 36 17 29 13 29 22 22 33 9 26 24 34 18 27 16 20 14 26 12 10 6 14 9 28 36 19 39 15 15 22 16 14 13 
14 27 15 10 28 11 16 37 25 22 16 28 19 27 19 17 25 19 24 19 43 18 28 20 44 9 13 21 12 7 19 19 13 27 11 11 20 13 19 14 
17 27 26 14 21 25 29 32 32 33 17 20 28 25 31 18 19 15 26 14 25 18 22 14 22 15 17 12 14 9 23 30 11 12 9 12 20 19 22 8 
29 23 20 14 25 16 20 25 13 28 14 21 28 20 37 29 13 25 29 11 37 15 11 15 31 16 22 17 18 9 7 22 16 36 19 15 29 15 21 10 
13 26 17 9 15 20 31 42 27 18 11 40 25 42 32 18 21 28 41 16 23 12 21 20 31 10 21 12 16 12 15 13 13 21 15 13 37 18 12 17 
14 29 27 11 28 27 29 29 17 19 13 15 24 17 9 12 28 24 32 12 28 7 24 15 42 13 24 17 13 13 21 51 10 30 11 7 15 10 21 9 
14 19 18 9 21 22 31 25 27 22 20 23 27 20 22 9 15 30 44 15 30 21 25 13 39 11 19 24 10 10 28 25 16 34 11 12 22 16 11 11 
21 34 19 17 28 28 20 31 14 17 17 26 19 21 33 28 28 16 24 19 13 23 24 17 30 9 24 18 13 8 35 20 14 31 9 14 34 20 16 12 
17 24 9 13 20 9 24 34 21 21 13 20 23 33 24 28 16 19 42 16 21 11 30 14 13 13 20 15 16 13 29 24 14 23 14 11 25 15 12 7 
21 23 27 18 19 21 23 24 17 30 10 24 24 14 27 15 15 30 29 15 29 12 19 12 49 8 24 24 20 12 23 25 13 33 9 9 21 11 23 16 
16 35 26 12 11 26 26 32 13 24 11 19 13 21 31 19 14 18 36 12 23 13 15 16 36 4 18 14 24 8 27 40 12 19 7 9 22 21 7 8 
14 27 20 10 16 21 15 26 20 23 10 23 22 27 15 30 16 34 34 15 26 20 21 17 17 13 13 16 21 7 24 18 17 30 6 12 20 15 22 6 
21 19 20 15 22 17 30 29 19 20 9 27 13 20 36 14 17 13 32 12 33 18 27 17 33 9 25 20 15 9 23 16 11 28 10 16 14 12 10 17 
17 30 17 4 23 18 32 18 21 20 18 27 12 30 20 20 25 17 19 11 29 14 20 25 27 19 13 10 11 8 21 11 11 32 9 11 24 17 20 3 

MachineCapacities:
MachineID Capacity
0 10
1 10
