NumTasks NumMachines NumScenarios
30 3 30
TaskDetails:
TaskID ReleaseTime ResourceConsumption SuccessorsCount Successors...
0 0 5 2 2 4 5 8 11 15 
1 0 1 10 2 6 8 9 10 12 14 15 
2 0 7 8 7 3 6 11 16 
3 0 8 8 6 1 10 
4 0 8 2 8 2 11 16 
5 0 6 2 8 3 10 12 14 
6 0 1 8 9 1 14 
7 0 6 6 5 0 
8 0 6 6 7 1 16 
9 0 2 5 3 0 
10 0 3 3 3 0 
11 0 2 8 4 0 
12 0 7 10 2 1 16 
13 0 2 8 9 0 
14 0 2 7 4 0 
15 0 5 9 3 0 
16 0 5 7 5 0 
17 0 2 8 8 4 23 24 26 27 
18 0 5 4 6 2 25 29 
19 0 7 2 8 0 
20 0 8 10 5 3 25 26 27 
21 0 9 5 6 1 29 
22 0 7 8 9 0 
23 0 2 7 8 0 
24 0 3 2 3 0 
25 0 4 8 9 0 
26 0 7 3 10 0 
27 0 4 5 1 0 
28 0 5 5 2 0 
29 0 9 9 4 0 

29 23 13 31 23 13 17 25 23 10 25 45 40 26 22 27 23 27 31 26 33 24 21 14 18 9 26 23 18 33 16 35 35 22 29 13 19 19 36 13 20 25 27 15 12 34 7 29 29 22 14 18 35 21 13 14 15 34 17 39 17 30 16 25 27 22 34 6 14 23 17 29 43 18 40 45 22 21 21 13 27 19 27 26 24 35 28 18 18 33 
42 19 20 30 19 27 20 32 30 21 29 22 23 22 24 26 20 11 34 20 22 11 15 33 32 16 25 22 30 32 20 28 30 27 24 22 20 16 25 23 20 22 20 18 12 31 26 14 36 10 19 24 45 18 11 24 28 16 20 15 15 27 18 16 12 2 37 22 11 23 21 32 34 17 30 24 18 29 27 28 17 26 24 23 16 32 39 15 17 32 
15 22 14 15 28 17 22 32 22 18 23 31 30 28 25 25 19 20 49 22 39 30 22 27 12 18 17 16 17 26 18 24 22 21 28 11 15 10 23 20 24 25 14 17 12 32 25 18 30 24 29 15 35 20 13 17 22 36 22 21 20 21 14 9 17 26 22 19 13 23 19 42 31 21 30 33 24 19 27 17 14 20 23 24 19 31 24 20 17 21 
40 19 26 31 27 19 21 26 28 10 29 28 32 19 23 32 19 14 26 21 19 13 20 32 17 10 14 12 19 24 13 27 32 21 19 17 15 8 20 25 13 21 20 13 9 32 22 7 24 22 22 17 15 17 13 11 14 23 29 18 19 24 16 15 24 17 22 10 18 22 29 37 32 13 37 24 36 30 26 23 30 18 25 35 20 35 43 23 20 33 
23 16 12 14 16 23 28 25 24 25 15 31 27 14 24 38 21 15 51 20 21 10 12 22 28 13 41 8 13 24 28 38 37 17 32 13 14 10 17 34 33 16 23 16 23 25 26 20 19 14 20 20 41 38 26 20 18 28 34 28 15 16 25 20 16 14 46 19 8 17 22 31 26 22 38 30 19 31 17 12 21 13 27 36 21 24 23 15 19 27 
15 27 18 28 14 16 27 31 15 27 24 29 27 15 17 15 14 22 24 26 24 32 23 28 32 12 25 24 27 24 13 34 33 10 19 16 18 14 7 22 20 22 24 14 18 29 27 15 35 24 26 14 21 10 14 16 30 25 21 27 10 16 15 15 16 18 24 15 13 27 16 40 23 29 38 47 27 30 13 24 17 29 29 27 36 25 20 18 15 29 
20 10 13 24 17 24 15 32 10 26 33 15 41 16 20 36 21 23 34 32 38 21 24 17 25 22 29 16 7 12 18 28 31 15 25 13 13 18 33 22 23 41 23 16 14 35 27 10 26 21 16 17 26 23 23 16 28 17 14 29 24 34 10 23 24 12 32 19 18 20 16 41 28 25 34 22 27 22 35 30 17 26 27 29 13 32 34 23 18 28 
31 15 16 38 18 20 24 17 19 23 25 31 30 20 23 26 26 17 24 22 29 21 19 21 25 12 43 17 25 17 22 31 26 21 20 18 19 17 9 20 29 17 29 12 15 12 34 19 13 24 15 22 24 5 15 19 26 36 20 19 14 32 19 22 30 22 18 9 17 29 33 42 27 25 36 27 21 20 35 22 17 28 25 22 18 19 31 10 21 33 
24 14 15 25 29 10 23 23 22 17 24 32 31 26 25 46 25 20 21 19 29 16 14 23 24 13 21 23 24 15 31 25 26 22 14 19 20 15 25 34 24 14 18 16 17 29 31 18 22 27 22 22 25 11 14 12 22 23 19 22 19 24 16 26 14 24 35 11 22 27 24 30 29 26 47 23 37 18 20 15 16 23 19 19 21 21 38 18 13 32 
16 20 20 15 27 17 17 48 18 17 34 24 30 28 27 31 13 21 28 21 25 21 18 13 20 17 34 17 34 19 30 42 20 19 23 19 25 17 25 14 23 26 26 17 19 20 19 38 16 30 19 20 15 14 10 21 29 15 30 19 18 32 14 22 29 19 11 20 11 21 31 39 44 21 23 32 24 18 32 19 14 28 19 26 16 22 28 17 16 24 
21 14 14 42 26 5 25 29 25 22 31 29 29 26 19 29 28 15 29 10 45 26 24 26 21 16 30 24 7 32 29 31 34 15 18 17 16 16 41 23 26 26 13 21 16 34 24 10 20 16 29 30 31 24 14 17 15 33 16 31 12 22 14 18 24 8 45 23 15 19 16 41 30 32 21 21 26 23 26 27 22 10 20 32 17 39 28 13 13 18 
24 19 17 25 12 22 23 37 18 18 21 27 31 16 15 23 20 13 26 22 31 23 17 15 13 12 40 13 19 21 32 21 23 21 28 22 18 16 28 24 28 13 27 14 18 33 21 17 32 15 21 22 23 14 14 15 13 36 15 41 14 19 12 16 25 16 21 20 11 32 25 33 38 14 33 36 30 34 24 14 21 19 23 38 23 23 39 20 20 30 
22 16 13 24 21 18 36 29 15 16 31 27 39 21 23 26 21 14 32 26 32 23 17 24 15 15 32 17 20 22 36 27 28 23 26 15 19 15 22 22 25 17 13 19 13 6 29 17 19 19 28 17 20 15 7 18 31 27 20 16 17 29 14 9 23 23 19 13 12 27 11 24 36 32 30 32 36 25 15 18 21 22 18 27 10 17 30 7 23 33 
24 19 17 31 27 19 26 26 10 26 27 23 20 8 16 21 16 27 33 23 22 15 9 28 31 17 21 27 26 28 32 27 29 22 21 11 18 17 29 20 25 32 27 20 9 28 33 11 17 19 20 15 34 28 19 13 11 23 33 30 13 31 13 17 16 5 36 20 6 17 20 33 27 19 24 20 32 21 29 28 16 27 32 19 20 5 51 15 13 20 
36 14 8 34 35 24 25 26 21 30 16 32 30 17 15 32 16 17 32 17 31 16 16 26 35 12 9 30 24 24 28 41 26 16 19 8 18 12 17 27 28 17 29 14 16 26 21 17 24 25 13 27 35 31 17 8 25 23 27 23 16 21 16 22 17 21 33 21 16 17 20 25 22 32 25 15 22 19 27 16 27 18 14 35 22 24 21 26 15 34 
29 12 11 25 27 27 26 17 28 23 22 26 26 14 18 29 25 19 27 21 19 24 12 28 31 13 29 29 20 27 31 23 18 23 22 18 7 10 8 28 10 27 23 14 9 28 33 15 30 20 13 25 11 21 26 13 17 23 24 20 18 30 27 21 22 16 38 17 20 28 18 34 43 26 21 29 38 24 22 24 32 30 30 18 11 25 27 25 16 25 
27 23 13 26 25 28 21 48 18 19 20 24 26 15 22 21 21 18 35 27 30 14 16 22 26 12 19 17 17 30 22 24 1 11 19 22 17 13 23 19 24 26 22 11 13 31 35 22 23 18 16 17 8 21 13 20 9 32 26 22 15 17 17 22 24 20 31 10 18 30 15 36 37 19 25 23 25 17 27 23 13 15 28 22 22 35 30 14 13 18 
23 13 11 36 36 13 28 36 21 13 30 37 28 16 9 44 21 15 33 28 27 16 15 10 28 15 45 26 22 23 29 33 19 34 25 18 19 21 25 20 24 16 34 19 17 36 21 21 21 29 22 22 25 21 18 19 17 24 28 15 9 8 24 19 23 14 12 23 11 24 22 26 28 38 26 18 17 22 35 19 16 26 26 13 28 35 38 14 20 44 
25 19 18 31 27 20 35 31 20 30 23 19 19 14 11 34 18 15 23 19 32 11 18 20 16 17 17 38 14 30 17 28 16 29 22 26 21 13 20 20 18 15 18 17 16 37 33 22 32 23 35 19 25 29 15 11 9 19 35 22 13 25 23 16 20 21 29 21 10 30 30 38 24 12 23 26 20 21 12 8 27 20 18 21 13 31 32 19 11 33 
25 15 14 26 20 14 26 27 21 20 26 31 28 16 14 14 11 21 32 21 37 26 22 24 24 13 34 15 18 30 32 30 36 10 35 18 23 15 17 17 30 17 10 12 14 27 25 24 32 12 16 17 32 19 17 17 12 33 27 30 13 22 14 18 20 30 42 17 13 32 15 33 29 24 25 22 41 24 32 25 17 19 36 38 23 35 22 15 16 34 
27 22 14 15 20 22 13 34 29 22 29 17 31 15 17 15 26 18 24 39 28 26 23 19 21 17 37 21 19 29 34 42 28 22 22 6 23 26 14 11 19 28 15 22 25 12 21 24 22 24 34 24 22 19 16 17 28 31 28 35 8 23 16 18 26 15 14 18 14 24 22 25 20 18 15 38 27 19 31 24 26 27 25 26 30 29 39 18 21 25 
16 12 16 28 33 31 10 41 20 17 23 25 34 18 16 37 8 20 28 25 31 13 13 17 22 22 35 16 27 30 27 12 28 24 18 22 19 10 41 26 19 28 14 13 15 49 12 17 19 17 24 21 27 34 9 11 8 23 27 24 16 24 22 16 15 20 26 20 17 10 22 17 25 37 30 41 30 20 31 12 15 20 18 20 15 25 35 21 19 23 
27 11 19 39 17 19 27 29 23 22 42 21 27 21 21 27 18 19 18 29 26 23 15 20 22 17 37 19 19 29 34 21 38 19 14 13 18 12 18 28 7 22 33 9 19 26 30 24 20 23 15 19 31 27 19 11 26 20 20 31 15 28 8 14 17 14 33 21 14 17 16 38 48 7 33 26 32 28 13 23 25 19 19 25 27 36 45 16 19 31 
27 6 10 37 27 19 26 37 23 19 38 31 28 26 14 36 17 12 24 14 28 19 9 27 27 18 38 18 19 20 20 17 41 19 18 17 23 10 24 14 22 18 28 25 11 24 28 26 13 20 25 11 32 21 12 12 20 16 29 25 8 22 26 19 35 12 24 10 13 21 30 32 37 29 21 26 35 28 23 13 21 33 28 14 22 24 48 10 18 21 
27 28 18 29 10 20 22 26 16 26 25 35 25 19 28 25 13 14 26 21 39 23 18 8 18 11 36 16 27 30 34 26 34 21 23 22 18 15 29 16 22 16 29 19 15 30 28 15 17 21 36 15 25 18 8 14 14 26 30 19 13 30 18 10 18 26 29 21 17 19 21 38 29 31 32 20 35 28 25 16 13 27 39 19 25 28 30 6 18 23 
30 21 14 23 33 14 24 27 20 23 25 34 40 22 18 27 18 28 36 31 27 17 13 19 21 12 20 26 27 28 33 42 28 24 29 15 25 14 39 23 29 27 20 22 17 34 21 19 20 22 18 18 20 20 16 13 19 28 15 16 17 23 16 9 22 7 38 18 15 12 34 28 39 17 35 23 27 19 18 18 20 16 28 15 22 38 39 16 15 39 
22 19 11 23 21 25 14 35 29 26 21 28 14 17 23 61 26 22 24 26 27 24 18 20 26 16 43 22 21 30 34 33 16 21 27 16 14 14 18 18 16 22 28 18 13 28 29 18 24 29 18 13 26 20 11 21 18 28 40 42 15 20 20 23 12 11 34 15 9 23 13 11 21 23 32 15 20 20 31 21 20 21 34 25 26 28 54 15 16 25 
28 13 19 37 23 28 34 19 29 13 31 36 24 17 31 33 18 19 29 23 38 19 20 25 19 16 17 22 12 22 27 34 21 26 13 12 26 11 20 26 24 29 19 15 13 22 28 28 24 23 17 24 23 21 12 20 17 26 24 32 14 18 22 26 14 18 9 17 18 25 34 26 27 21 21 26 14 22 15 20 18 17 27 19 26 15 28 19 23 19 
24 23 21 28 26 17 20 14 21 23 29 24 23 24 20 30 21 23 21 20 8 13 15 22 20 13 38 19 26 26 17 36 22 15 24 12 16 16 21 24 19 29 17 10 24 28 25 34 34 27 8 17 33 19 16 17 14 19 16 35 17 24 23 22 8 12 34 22 11 23 24 35 17 29 33 33 32 32 21 10 18 23 31 19 17 38 29 18 17 43 
19 11 21 21 20 27 20 41 19 21 19 42 25 7 23 36 20 30 23 28 30 24 26 31 15 20 41 19 21 28 26 12 31 12 30 21 17 12 25 17 17 17 37 16 20 31 30 18 21 30 26 16 28 21 10 15 22 23 27 34 17 10 18 14 25 22 19 26 4 30 27 25 23 38 44 37 17 30 36 17 17 18 28 27 21 28 27 16 16 22 

MachineCapacities:
MachineID Capacity
0 10
1 10
2 10
