NumTasks NumMachines NumScenarios
30 3 30
TaskDetails:
TaskID ReleaseTime ResourceConsumption SuccessorsCount Successors...
0 0 7 3 1 3 5 6 9 
1 0 4 8 5 4 4 8 9 11 
2 0 7 5 8 0 
3 0 2 9 6 1 10 
4 0 5 4 8 2 7 10 
5 0 8 6 6 0 
6 0 8 9 4 1 8 
7 0 5 5 6 0 
8 0 3 2 3 0 
9 0 6 9 1 0 
10 0 5 6 9 0 
11 0 2 1 2 0 
12 0 6 1 6 3 19 23 24 
13 0 5 9 5 1 25 
14 0 10 6 7 2 22 28 
15 0 4 10 1 3 20 27 28 
16 0 7 4 3 1 26 
17 0 2 9 6 2 22 29 
18 0 4 4 8 1 29 
19 0 4 9 9 1 28 
20 0 6 2 8 1 29 
21 0 8 9 5 1 26 
22 0 6 6 9 0 
23 0 3 8 2 0 
24 0 6 2 2 0 
25 0 5 7 1 1 28 
26 0 2 9 4 0 
27 0 8 2 9 0 
28 0 3 8 5 1 29 
29 0 3 5 7 0 

19 34 16 19 23 24 10 30 29 17 32 23 15 14 40 38 33 17 19 33 32 17 22 15 39 20 14 30 15 17 16 27 12 32 23 23 8 10 14 16 26 26 39 18 38 39 21 23 25 20 34 16 29 7 39 18 18 33 30 20 33 19 32 20 17 19 13 15 21 19 15 35 24 28 29 17 23 30 15 19 29 20 33 14 14 21 17 25 19 18 
33 21 17 21 43 32 15 36 29 8 23 16 21 8 19 27 25 19 35 32 27 22 44 24 26 29 27 27 21 7 14 27 13 35 25 21 27 31 33 26 14 9 34 19 26 17 15 24 25 6 25 21 28 25 29 41 31 29 27 21 24 31 26 21 30 28 31 24 17 28 34 9 33 35 25 11 29 26 22 29 27 27 26 14 29 20 16 25 21 24 
19 14 4 14 37 35 22 39 18 16 17 24 18 17 19 22 31 20 13 35 23 18 34 15 24 24 18 25 19 28 15 14 28 41 15 22 7 22 34 12 28 19 17 23 25 39 23 17 27 15 12 21 20 17 4 23 23 35 28 16 23 11 37 21 27 29 18 22 18 19 26 26 30 30 13 22 19 37 20 16 25 28 24 15 23 13 14 28 34 10 
30 17 18 23 34 37 12 18 30 16 22 28 19 11 37 23 27 23 15 37 28 26 36 24 42 23 14 21 20 23 9 30 9 15 26 18 14 19 19 23 17 29 16 13 30 42 21 33 18 19 27 16 21 31 39 24 7 26 33 22 23 25 28 27 21 25 27 20 21 11 32 47 43 21 11 21 29 41 16 11 29 28 27 10 29 19 15 27 26 15 
24 23 22 14 15 39 13 26 28 16 46 16 14 15 14 29 36 20 21 26 35 18 35 17 31 25 25 23 17 21 14 33 21 28 20 14 28 27 39 37 15 26 20 20 29 28 11 18 28 19 17 9 22 25 15 28 25 27 26 19 16 16 34 23 27 40 25 27 16 29 17 27 44 11 36 19 18 23 30 22 37 24 18 19 15 32 19 26 23 19 
25 21 14 21 39 26 18 35 28 20 21 22 22 18 19 24 16 18 36 40 23 30 26 14 40 18 12 20 11 14 19 25 19 30 14 15 25 36 24 42 35 31 8 16 14 41 16 38 31 12 23 12 24 21 24 14 27 25 23 28 15 17 43 15 21 25 25 10 6 31 20 16 29 15 30 14 35 22 26 16 24 25 21 15 11 15 11 30 25 16 
17 21 19 19 30 26 14 20 32 18 22 19 9 20 13 32 22 16 22 25 15 17 32 19 29 15 20 23 16 20 15 37 13 43 20 9 22 13 29 31 27 9 25 17 37 21 8 17 29 19 29 21 21 23 35 27 21 35 26 26 34 14 26 16 38 23 23 19 16 25 33 25 44 37 36 20 25 38 25 30 22 20 22 17 24 19 15 20 19 15 
22 20 15 13 12 21 23 13 29 14 33 26 23 17 33 24 17 15 27 29 26 19 41 23 26 24 27 18 18 25 11 38 16 33 32 12 21 22 29 57 24 25 23 15 30 23 10 33 30 14 27 11 23 27 50 19 11 28 19 35 19 25 15 31 8 20 22 16 20 24 27 39 35 14 35 17 6 29 21 19 14 17 30 20 28 23 22 21 39 15 
17 19 13 18 27 21 19 26 15 18 34 25 26 22 23 28 44 5 21 35 36 13 25 29 47 28 25 27 23 22 13 33 22 38 25 10 22 29 29 25 17 17 17 15 27 44 4 39 15 12 22 19 39 29 19 43 18 17 27 19 21 19 16 10 15 27 22 27 18 19 28 35 33 14 33 20 28 35 19 27 25 25 35 16 27 17 25 29 40 23 
29 24 14 16 25 26 20 28 11 14 36 25 21 17 30 35 23 21 39 41 18 11 33 21 25 27 35 20 13 16 17 33 23 32 30 13 13 47 16 22 20 32 27 9 36 40 17 39 26 17 22 16 26 20 23 19 25 42 26 33 26 13 24 20 19 13 28 22 11 9 28 52 32 32 26 29 23 15 8 17 49 25 28 5 30 21 10 26 14 27 
23 28 14 17 37 44 18 23 27 19 36 19 23 22 32 26 31 16 22 27 23 24 28 17 23 22 18 20 20 12 12 29 17 32 8 23 28 23 13 25 16 18 31 20 39 42 17 31 34 20 23 15 28 19 34 41 21 26 24 19 29 16 37 20 33 22 22 19 20 27 21 31 42 44 31 17 13 28 25 35 31 25 22 28 23 14 22 38 19 18 
25 13 14 20 18 44 19 39 36 15 29 31 18 16 27 30 27 15 38 39 27 19 28 17 37 14 21 21 13 19 12 28 20 24 27 24 27 27 27 16 22 22 24 14 42 28 22 29 33 14 9 13 33 16 19 13 20 25 28 22 14 17 33 18 28 27 21 19 15 25 27 25 24 28 19 18 25 30 20 35 31 19 26 19 23 19 18 24 24 12 
23 25 18 21 31 23 14 11 32 16 30 22 22 13 25 33 27 16 24 30 25 9 45 30 34 22 22 13 27 28 13 22 16 25 22 20 22 29 23 40 19 26 31 23 17 21 19 25 31 16 20 21 26 7 35 34 23 22 24 25 24 22 17 19 24 27 26 24 18 20 25 22 21 30 24 23 19 24 32 17 42 21 42 16 30 28 20 24 28 23 
26 20 8 14 35 20 17 33 31 19 43 26 19 14 20 11 23 13 32 35 22 17 41 4 25 25 22 23 22 11 19 21 17 33 26 21 33 40 20 44 8 31 30 18 27 15 14 36 25 21 23 18 30 26 26 22 22 29 35 22 19 21 32 23 23 29 25 21 19 30 24 33 40 16 30 11 22 41 8 18 22 15 22 12 28 20 17 22 19 26 
30 21 20 18 13 34 18 25 22 17 41 15 28 14 34 35 24 18 26 25 26 21 44 28 32 28 32 16 25 20 14 28 22 39 27 20 21 17 28 19 23 18 25 17 31 39 27 35 27 17 31 14 18 21 23 24 15 26 39 38 27 19 13 19 32 30 16 25 18 29 27 29 38 20 28 24 19 42 31 26 28 17 25 14 25 16 14 30 26 22 
24 32 14 22 40 33 24 22 24 22 38 11 26 24 15 22 30 12 33 27 25 18 36 25 26 21 31 34 17 15 26 12 15 18 28 20 20 18 33 27 21 23 25 17 26 35 8 22 23 10 17 19 22 20 26 40 16 26 19 18 12 25 34 22 27 32 24 17 26 26 26 38 35 20 49 24 23 38 11 13 33 18 24 12 23 15 9 22 34 22 
31 12 14 10 33 29 25 10 26 15 40 20 19 15 22 30 24 17 38 8 28 12 26 14 28 18 28 29 18 12 21 34 18 29 14 25 30 23 24 35 32 30 17 18 29 25 15 36 28 20 24 19 22 25 34 19 24 12 23 20 20 22 18 23 19 30 32 23 17 19 14 51 28 32 27 26 17 39 21 19 25 17 16 13 34 20 16 17 19 26 
33 15 7 14 34 38 18 32 21 13 25 18 24 23 34 32 22 21 25 41 32 24 31 21 27 6 16 15 14 9 11 35 29 25 19 25 24 42 26 33 23 25 29 24 26 21 18 33 35 23 22 28 22 22 28 31 26 23 38 17 20 21 21 29 16 37 28 20 21 30 39 18 25 34 20 23 31 23 5 31 33 19 39 31 14 22 15 41 26 19 
18 18 11 13 24 17 18 25 30 21 25 17 23 10 30 30 36 21 31 13 19 19 22 23 26 25 15 32 24 22 15 34 16 32 14 28 12 40 25 25 14 25 19 13 17 21 16 17 41 19 28 12 23 8 34 31 16 24 27 20 20 27 29 19 22 31 24 31 16 34 29 31 46 39 24 12 6 31 16 31 24 26 34 24 19 19 14 26 21 24 
25 24 10 24 27 40 22 27 27 9 19 17 14 18 30 35 40 16 29 28 34 15 15 25 27 28 21 27 18 12 14 23 28 40 11 15 25 33 44 23 3 17 28 16 28 33 17 31 22 16 20 20 29 12 23 31 18 34 29 34 31 12 20 21 32 27 14 29 21 36 23 36 22 18 26 20 20 32 21 25 31 29 24 17 15 22 15 27 29 18 
27 10 13 13 28 22 11 27 28 12 49 24 28 23 36 19 7 17 27 27 24 10 33 21 18 22 26 14 24 28 18 34 25 33 23 20 28 41 26 33 19 33 24 21 37 40 20 26 30 17 26 17 26 10 26 26 36 19 30 35 19 26 15 30 31 26 26 21 17 26 24 24 19 37 17 22 11 24 29 39 52 24 18 8 18 15 23 13 27 14 
20 16 12 13 35 25 29 34 30 17 16 23 17 18 24 38 32 7 22 19 16 24 40 30 33 16 19 22 14 30 22 14 17 22 31 15 16 31 22 35 18 24 29 13 38 39 17 39 19 17 24 13 17 17 27 30 28 31 42 35 19 28 33 30 18 32 14 21 8 16 30 21 25 27 25 18 22 14 23 20 23 29 23 16 29 18 12 19 25 22 
8 21 15 21 33 22 13 28 14 15 30 21 25 15 27 34 35 18 31 41 25 21 16 34 31 29 21 33 18 19 15 25 18 27 26 15 18 38 20 30 18 28 22 19 21 29 18 33 46 15 16 19 25 28 27 12 20 27 23 33 21 25 26 22 19 22 31 16 7 31 22 38 32 15 26 14 22 29 21 30 36 24 15 7 26 17 22 26 18 24 
23 27 14 25 33 37 21 34 26 17 23 20 28 14 24 25 32 13 17 18 36 14 21 25 17 21 22 22 17 20 13 34 17 30 38 20 26 34 26 32 33 27 21 12 38 37 17 21 20 12 26 25 25 23 26 34 12 38 22 30 25 25 18 19 28 19 18 24 23 38 18 40 24 30 21 30 13 34 24 38 28 26 26 16 16 18 25 33 23 19 
24 19 6 19 24 30 14 30 33 25 36 11 36 23 21 23 23 21 28 40 23 13 32 21 20 25 11 24 28 20 5 40 20 30 18 11 21 36 34 14 12 26 29 19 28 20 21 25 25 18 29 15 31 20 30 20 25 24 34 26 23 24 26 13 34 22 25 25 17 31 35 42 33 38 33 11 12 30 24 22 32 26 20 20 38 25 18 19 26 19 
20 12 18 19 31 22 23 17 23 22 31 16 22 18 34 26 33 26 14 19 16 28 30 30 22 16 25 31 21 18 16 22 12 27 9 24 25 44 24 45 18 14 19 12 24 26 21 25 11 8 20 13 37 18 34 36 21 29 25 12 18 26 28 21 24 35 26 15 25 30 23 30 28 29 29 25 36 18 23 32 13 23 26 19 20 18 15 24 35 23 
22 18 18 15 40 35 13 30 27 12 20 22 23 20 33 37 29 20 25 32 29 21 44 34 35 23 24 18 12 33 22 37 16 15 29 24 28 19 9 44 17 28 24 13 36 21 22 37 23 13 16 17 21 19 37 45 22 22 25 29 25 26 31 29 26 36 23 31 24 29 19 6 34 31 33 20 30 18 29 14 38 15 20 15 29 19 19 22 23 25 
21 13 18 24 31 23 17 31 26 21 37 15 17 10 30 35 16 11 18 31 22 15 26 23 50 30 24 17 14 25 11 36 23 35 16 12 33 27 19 26 12 16 15 11 34 34 21 41 24 14 18 18 20 21 21 37 8 16 24 26 5 18 26 24 24 19 24 22 20 28 28 29 31 18 12 22 29 18 21 28 18 22 23 18 11 20 19 28 24 29 
29 12 17 9 23 25 15 45 22 19 22 16 11 13 23 44 25 17 24 32 16 23 40 20 43 20 27 21 15 22 18 27 24 29 25 20 25 36 26 28 4 26 20 21 37 27 5 12 27 19 17 15 40 31 34 37 14 37 25 18 17 23 26 28 20 10 22 24 21 22 24 36 39 28 6 20 23 47 30 17 23 19 19 17 19 20 13 19 17 17 
14 13 11 16 43 44 17 26 28 4 29 34 28 15 22 36 36 15 26 26 15 26 25 19 37 20 10 20 20 20 19 30 24 40 27 25 25 35 36 16 14 32 13 14 18 28 9 25 27 14 31 9 11 19 34 24 3 30 18 24 27 13 10 22 38 20 22 16 30 32 35 36 27 20 30 14 26 30 24 38 24 21 37 20 36 30 17 19 29 20 

MachineCapacities:
MachineID Capacity
0 10
1 10
2 10
