NumTasks NumMachines NumScenarios
30 3 30
TaskDetails:
TaskID ReleaseTime ResourceConsumption SuccessorsCount Successors...
0 0 2 6 4 0 
1 0 3 6 9 2 5 7 
2 0 3 4 4 1 7 
3 0 7 2 2 1 7 
4 0 6 6 6 0 
5 0 7 3 10 0 
6 0 9 2 8 0 
7 0 8 8 8 0 
8 0 3 1 9 3 18 23 27 
9 0 10 10 3 4 24 26 27 28 
10 0 3 7 7 2 21 29 
11 0 5 8 10 4 20 22 26 29 
12 0 8 8 6 3 24 26 28 
13 0 3 5 4 0 
14 0 3 6 3 4 24 26 27 29 
15 0 5 6 2 2 23 27 
16 0 10 1 3 1 24 
17 0 2 7 7 2 26 27 
18 0 10 4 7 3 20 22 29 
19 0 4 8 3 0 
20 0 5 10 9 1 28 
21 0 8 9 10 2 24 27 
22 0 8 7 9 1 24 
23 0 7 9 8 0 
24 0 6 3 2 0 
25 0 7 8 2 0 
26 0 8 1 8 0 
27 0 5 10 2 0 
28 0 5 9 6 0 
29 0 9 3 9 0 

19 17 22 34 21 47 9 18 7 19 33 13 34 25 30 18 23 37 23 24 24 23 32 16 38 33 25 26 39 18 20 21 44 23 20 18 16 26 18 34 21 16 23 20 35 26 36 29 26 21 30 12 25 18 29 18 12 6 35 50 25 33 23 19 14 16 22 26 20 15 27 14 46 8 6 23 23 17 22 17 11 22 14 14 49 18 16 22 17 29 
21 11 31 37 11 27 16 15 12 15 34 19 39 23 35 15 20 20 16 18 29 20 26 27 20 32 15 23 24 14 23 31 43 20 16 21 21 14 16 37 20 19 23 6 11 43 21 13 23 30 32 27 14 15 34 28 25 11 24 36 16 24 28 23 20 35 26 23 32 15 15 19 39 17 16 22 17 22 23 13 16 17 17 24 39 19 17 17 16 28 
35 17 23 38 20 24 24 17 22 22 23 17 32 39 25 32 16 22 28 18 36 21 26 13 34 23 20 20 45 9 33 32 34 22 11 13 27 14 33 45 28 11 20 21 26 35 22 9 11 32 24 30 21 31 26 11 21 15 26 28 36 24 36 13 18 27 28 22 21 19 28 31 23 29 15 29 20 20 8 15 16 18 19 27 19 20 32 14 18 18 
19 16 35 21 28 32 15 24 16 20 33 10 25 12 14 31 18 40 25 15 22 19 36 31 41 22 21 14 36 28 43 23 27 23 18 24 18 12 32 31 16 16 18 23 26 33 35 18 21 9 23 30 20 20 26 34 13 20 28 29 23 27 41 19 26 25 14 30 29 18 26 24 16 11 18 29 24 22 25 21 14 20 19 26 23 16 26 16 23 17 
18 16 22 45 32 29 13 7 14 22 22 18 16 14 24 19 23 29 22 30 12 13 30 16 27 32 18 14 26 13 18 17 32 19 24 24 17 24 26 33 26 24 26 13 24 30 32 17 30 15 38 27 16 34 22 34 18 15 28 22 26 27 32 18 16 49 26 11 36 13 25 27 35 28 31 20 25 23 26 13 20 30 16 34 25 18 15 26 18 22 
23 14 15 21 22 16 21 21 5 25 19 15 29 33 41 21 9 31 18 10 27 32 15 19 28 31 8 13 26 21 36 13 33 15 14 17 34 10 15 34 22 17 32 25 34 36 37 18 16 25 32 24 27 24 29 42 25 18 30 41 12 30 19 11 31 24 25 24 31 27 26 38 37 29 22 28 20 21 23 30 10 22 16 24 24 23 11 24 15 37 
16 12 22 41 21 20 18 20 19 10 24 15 44 29 31 21 16 37 12 27 25 21 43 11 24 14 26 19 13 14 13 20 20 10 13 21 38 16 24 21 18 27 28 17 14 28 30 17 26 32 21 31 20 17 35 40 20 15 42 20 32 30 41 17 10 29 35 42 25 32 17 22 23 28 9 28 27 19 23 21 12 16 15 23 18 13 34 18 15 29 
23 7 20 21 13 14 14 12 19 11 23 27 33 26 21 16 22 28 26 33 27 11 38 18 16 24 19 24 34 18 32 35 52 10 10 13 25 19 26 47 20 7 20 25 20 33 15 17 24 29 22 13 25 26 25 28 19 12 39 22 26 28 36 15 14 26 45 22 36 20 39 30 20 21 19 28 26 22 26 10 15 12 21 20 32 20 4 30 17 26 
34 14 23 34 8 18 19 21 18 18 31 19 22 27 12 26 19 25 27 24 46 27 31 21 24 40 18 14 22 22 11 16 39 22 20 11 32 18 19 31 21 28 24 15 25 49 20 11 23 22 22 32 14 18 31 17 25 17 43 24 22 33 16 22 14 27 25 21 23 30 25 20 23 31 27 14 24 28 20 21 19 21 20 28 20 27 25 30 19 25 
24 24 24 30 18 31 24 29 17 31 45 21 44 27 35 14 10 38 20 31 19 18 21 13 37 23 22 17 31 25 22 26 33 16 23 16 29 28 19 29 22 12 20 22 24 35 36 18 20 25 23 31 18 25 25 33 28 9 29 38 20 25 44 31 22 23 16 35 15 24 27 40 34 20 7 14 19 22 16 24 21 26 17 17 38 22 30 13 10 29 
19 19 26 21 30 39 27 23 23 18 32 12 38 38 27 20 11 13 23 31 45 17 17 29 30 21 18 16 29 14 44 13 38 16 24 19 27 10 27 36 18 16 28 16 23 28 25 21 7 23 38 18 19 20 29 31 17 13 27 9 33 27 50 22 20 16 25 10 28 24 34 13 55 18 19 29 37 28 28 21 14 24 11 17 40 24 10 22 17 25 
24 15 29 21 14 16 21 17 17 14 19 15 34 31 27 25 15 32 18 20 37 11 42 25 38 20 21 14 32 16 35 18 30 15 21 14 33 24 14 41 14 16 30 34 22 28 32 15 23 12 33 26 19 8 29 32 13 11 27 39 20 28 34 27 13 24 26 18 24 21 33 35 29 34 19 26 25 30 27 27 8 18 14 26 30 17 28 18 18 30 
24 17 24 32 24 37 29 22 16 10 33 24 29 31 27 29 12 16 21 31 12 12 34 15 23 27 23 15 30 37 41 13 24 19 15 15 24 15 37 38 26 16 28 19 35 19 16 18 13 25 29 14 22 26 24 28 20 17 30 38 16 25 17 22 17 28 20 18 16 16 10 28 36 23 18 48 25 11 18 18 12 19 18 21 31 33 20 13 14 27 
26 14 22 35 19 31 26 21 19 19 22 25 34 29 20 13 17 30 27 26 29 24 47 21 28 42 16 16 25 23 35 26 17 28 17 22 24 19 35 30 12 17 23 15 18 29 31 20 15 18 24 31 31 24 21 26 24 16 33 20 26 22 28 19 8 16 32 19 16 16 27 32 41 22 18 23 21 22 32 16 16 20 23 37 27 24 33 14 8 36 
21 23 27 22 35 31 21 16 10 17 23 13 44 32 36 16 21 39 18 13 14 20 36 12 31 16 21 24 38 30 26 16 39 18 16 17 26 20 17 39 24 15 17 16 16 21 30 13 20 28 34 17 20 18 31 11 20 7 39 23 25 38 28 7 25 18 33 13 39 22 17 34 25 26 11 18 19 16 28 16 23 17 21 22 17 20 25 27 15 37 
26 14 19 24 23 27 17 30 17 17 25 11 22 45 34 21 22 32 26 24 38 21 26 27 28 27 21 25 46 21 35 28 33 24 17 14 33 16 30 29 16 29 26 23 30 22 21 21 20 20 34 20 19 17 29 37 23 21 38 27 40 22 42 11 27 30 23 12 22 19 33 30 25 18 19 23 13 22 12 34 18 22 16 36 28 21 17 34 18 30 
25 22 25 28 36 21 24 22 24 13 20 34 27 36 28 21 15 34 24 12 18 13 23 14 35 35 21 15 33 25 33 31 23 25 25 12 35 19 23 42 23 21 36 18 22 21 33 18 14 28 38 31 22 21 26 60 29 13 20 32 15 30 27 12 29 25 39 22 22 25 26 34 27 34 23 38 20 18 20 20 22 22 21 20 35 26 31 23 15 34 
13 17 24 11 8 26 23 20 14 20 29 13 39 21 24 9 21 25 33 24 27 20 26 32 33 32 12 20 18 13 29 21 10 12 13 21 14 9 25 31 19 15 29 13 16 24 14 16 13 19 44 18 11 19 26 30 18 22 29 28 23 26 18 19 21 29 22 13 23 14 24 22 39 16 17 23 7 26 16 23 21 11 19 25 19 24 34 26 16 33 
15 16 29 21 24 42 20 11 25 15 27 14 29 39 28 25 15 28 18 18 22 20 23 17 33 28 19 15 29 15 24 25 40 12 22 14 25 23 35 30 27 26 21 23 31 23 33 19 17 19 17 23 21 17 27 37 8 15 26 25 26 17 25 29 21 27 24 27 22 19 27 25 41 30 23 23 13 22 24 17 14 10 17 31 29 34 20 20 12 26 
28 26 23 25 20 39 21 25 13 18 34 18 32 36 15 21 29 29 25 17 37 21 21 18 17 19 28 21 24 23 33 18 37 30 12 15 44 22 36 42 29 20 27 25 32 33 26 25 23 11 41 19 18 18 33 43 14 13 28 39 25 18 30 14 14 44 24 22 24 7 19 24 22 37 18 26 17 25 19 12 17 18 20 27 30 20 25 16 16 29 
28 16 33 29 29 32 15 23 30 22 26 16 44 29 37 25 11 29 18 23 8 19 23 20 30 45 17 11 20 22 32 31 25 20 14 32 43 22 21 36 21 16 17 17 41 34 22 19 4 15 25 24 30 27 35 32 24 11 26 13 28 27 38 23 12 27 33 26 19 19 27 27 23 28 22 19 12 24 20 15 16 22 11 19 34 23 23 15 11 24 
23 23 27 20 22 23 21 19 26 18 21 17 19 28 18 23 17 36 14 23 28 21 19 25 29 18 22 18 48 23 24 20 34 18 16 21 24 25 11 58 22 24 28 18 20 23 34 16 16 22 38 26 21 24 31 32 22 15 50 31 19 22 48 24 11 42 38 20 23 21 35 21 28 32 13 17 13 19 26 22 17 19 20 20 20 21 16 29 21 25 
33 17 20 26 19 37 18 25 14 19 36 23 29 27 27 24 22 23 23 30 28 14 32 14 34 47 14 17 40 10 33 19 23 11 19 17 29 13 34 35 29 21 40 18 12 30 35 19 14 23 32 29 23 21 23 29 19 15 39 22 26 38 36 13 18 15 28 18 26 20 18 35 33 26 20 12 28 13 33 16 15 22 21 12 40 36 30 12 11 29 
27 24 29 24 20 34 14 14 18 14 31 16 27 7 25 35 15 21 24 24 28 24 19 27 21 15 23 19 20 26 34 24 36 21 22 8 19 29 34 26 18 21 30 16 22 34 36 11 22 11 19 23 34 22 22 22 12 19 22 25 32 38 17 27 22 19 30 33 25 29 24 13 14 23 30 27 17 23 25 20 6 18 24 17 32 21 15 18 19 43 
18 23 38 37 21 20 25 31 19 23 28 16 31 24 49 17 21 31 22 24 23 15 31 16 25 28 21 17 31 24 41 17 37 9 12 19 26 14 20 34 26 27 23 16 30 28 31 19 25 16 11 23 20 22 27 27 18 22 32 14 19 20 28 24 26 28 12 24 25 26 23 24 26 14 16 21 32 25 12 17 18 14 14 29 34 21 27 23 16 22 
38 13 36 22 29 14 33 23 17 31 28 11 22 30 29 15 31 30 12 22 22 22 16 20 27 32 33 19 33 28 36 20 42 27 23 20 36 25 24 34 19 29 26 30 24 20 38 19 15 31 28 25 28 24 25 15 18 18 35 18 26 16 34 23 17 32 32 7 23 8 17 30 31 26 20 27 17 23 18 33 18 19 19 26 16 19 38 20 16 25 
24 18 15 26 33 21 16 30 16 35 18 21 46 26 31 19 24 24 29 13 23 9 22 20 30 21 26 24 33 20 21 14 58 23 16 12 28 13 22 38 15 15 38 24 25 32 37 13 24 27 21 19 31 15 17 34 26 16 35 14 37 20 24 28 11 26 26 15 33 21 20 31 32 17 13 39 21 21 21 18 7 21 21 33 30 23 18 22 23 35 
20 10 26 22 19 29 22 11 3 11 34 23 36 30 16 19 16 39 21 13 24 18 14 18 17 25 28 24 31 15 25 19 37 14 16 13 38 23 32 23 23 27 27 25 27 42 36 14 18 23 38 29 24 19 24 7 16 21 17 19 13 29 43 15 21 23 22 15 28 16 29 31 34 15 17 25 30 27 14 20 19 27 13 33 34 20 31 22 23 22 
25 20 27 27 18 32 14 22 12 18 17 18 14 25 14 25 13 37 26 20 14 19 15 35 31 24 18 18 21 27 30 20 38 26 18 13 24 19 29 40 28 28 24 30 28 30 28 23 11 27 39 34 28 21 15 37 24 7 26 23 26 30 14 29 21 28 38 32 33 12 16 28 31 20 26 34 13 28 19 13 4 15 10 35 30 20 27 19 17 27 
32 15 32 31 28 36 18 6 20 17 27 23 36 42 38 33 13 23 28 20 21 22 31 26 18 40 25 25 24 24 36 30 20 16 16 20 22 15 20 24 31 22 26 27 19 20 28 19 12 31 27 14 30 18 22 25 32 19 32 35 24 21 17 19 23 26 27 20 32 24 12 20 24 9 25 25 17 36 12 14 17 8 22 13 21 20 23 23 11 11 

MachineCapacities:
MachineID Capacity
0 10
1 10
2 10
