NumTasks NumMachines NumScenarios
10 2 100
TaskDetails:
TaskID ReleaseTime ResourceConsumption SuccessorsCount Successors...
0 0 3 10 1 4 
1 0 1 5 1 4 
2 0 4 7 0 
3 0 5 6 0 
4 0 9 3 0 
5 0 3 7 1 8 
6 0 5 3 0 
7 0 8 8 0 
8 0 3 9 0 
9 0 9 6 0 

31 25 30 12 21 29 32 20 30 8 19 21 23 30 29 25 27 26 25 22 
23 11 37 30 25 39 21 19 16 22 19 21 28 42 21 23 25 30 20 23 
31 23 15 16 24 29 22 17 20 13 16 18 16 15 20 32 24 27 15 21 
20 36 28 28 25 35 31 15 27 15 12 23 20 32 18 22 27 25 21 24 
26 12 28 27 22 22 29 22 8 15 12 21 13 15 11 25 19 14 16 24 
20 26 40 25 16 29 35 13 12 22 12 28 21 14 22 31 39 28 25 35 
23 25 10 47 21 26 38 34 17 19 15 28 25 39 16 26 22 26 15 21 
29 30 21 15 32 36 24 16 13 14 20 22 16 23 21 24 19 25 23 30 
22 14 19 8 23 24 28 22 20 20 21 15 24 16 17 36 35 28 16 24 
15 24 27 14 21 41 39 17 27 28 12 23 19 17 24 23 23 38 23 38 
35 33 32 21 36 34 20 23 15 20 16 27 25 19 13 33 19 20 24 21 
32 30 24 21 26 25 34 19 20 21 14 23 26 29 14 25 17 26 20 30 
31 27 37 21 29 41 38 9 17 16 13 23 31 26 17 22 27 20 18 34 
36 33 37 21 35 23 19 18 13 10 21 11 28 15 15 35 28 20 17 37 
26 18 21 9 27 23 45 19 12 11 18 23 27 37 25 22 17 34 23 35 
22 32 23 24 32 29 26 19 15 10 10 8 23 22 18 26 25 29 31 25 
11 20 15 30 19 34 25 25 17 18 20 21 9 27 23 29 30 23 18 30 
22 21 40 35 22 25 29 20 19 12 19 19 31 16 21 46 28 38 24 22 
26 23 29 31 22 33 27 13 21 11 11 20 9 14 25 38 24 34 20 28 
33 21 10 24 25 32 30 23 21 16 22 28 29 29 23 11 14 18 23 20 
38 22 34 21 32 26 24 21 22 18 21 18 18 24 22 16 22 31 19 27 
53 11 21 17 37 23 9 12 24 20 16 27 11 22 16 28 21 17 22 26 
33 13 27 25 24 29 34 18 31 14 20 27 21 29 25 36 22 20 14 29 
23 20 46 27 24 28 35 13 24 19 9 22 25 27 24 35 26 22 21 19 
28 19 30 22 27 27 34 27 13 17 13 31 22 22 20 35 26 12 21 20 
30 19 30 21 18 32 32 22 29 12 15 21 8 19 19 11 24 27 8 34 
23 30 38 13 21 40 24 20 18 17 16 19 31 37 21 36 16 11 14 13 
28 19 33 27 25 27 36 14 9 21 23 21 23 30 27 19 19 24 10 26 
39 23 28 30 25 32 43 18 23 11 15 10 26 34 23 31 23 25 21 28 
30 26 11 35 21 31 4 14 31 14 27 18 15 17 24 21 17 26 10 20 
30 25 31 10 28 17 31 14 13 15 20 20 14 17 21 22 30 15 12 32 
41 32 42 38 31 29 21 18 18 19 28 33 22 31 19 34 27 23 19 31 
21 11 38 35 24 27 16 19 30 12 19 18 19 31 22 30 21 22 15 26 
30 23 21 16 28 41 26 9 12 27 18 20 21 22 32 23 27 30 22 23 
28 21 27 21 28 29 19 15 25 20 25 24 21 37 27 37 25 30 26 42 
40 18 20 25 10 22 25 21 22 16 18 22 30 29 14 37 27 25 17 20 
35 19 25 28 32 18 26 22 18 15 14 16 19 35 17 47 32 27 13 31 
28 17 38 17 22 25 30 23 19 13 22 22 31 23 20 35 18 28 13 29 
28 22 20 13 24 26 16 20 10 20 8 22 19 18 19 29 24 29 13 31 
38 31 51 24 12 13 30 13 13 18 36 30 36 26 28 24 15 42 11 24 
32 25 26 17 29 28 28 16 17 29 18 31 17 31 23 36 28 19 15 38 
31 25 45 20 19 37 18 15 23 13 19 20 25 23 27 36 21 32 11 23 
44 16 27 26 24 31 29 17 19 8 11 21 20 15 17 32 23 19 30 18 
28 22 20 25 18 43 31 19 18 22 18 8 37 28 32 18 26 31 22 21 
25 27 32 28 16 34 31 23 20 20 17 32 13 23 21 28 20 35 9 30 
24 25 26 29 21 28 31 22 21 26 11 21 16 28 21 30 29 28 23 37 
17 9 2 25 11 12 20 24 24 19 22 22 18 19 21 34 12 25 13 21 
31 31 31 28 32 25 20 21 24 16 19 9 16 23 22 23 16 27 13 26 
31 14 34 14 28 33 46 17 25 19 18 33 13 35 15 21 17 12 22 11 
20 25 32 25 30 20 18 8 16 17 10 19 18 31 18 9 19 32 12 41 
34 16 26 27 20 19 36 19 21 8 17 27 23 27 24 24 31 18 11 22 
34 21 32 19 35 15 22 15 18 11 16 22 20 19 30 31 24 25 18 28 
35 23 28 18 25 28 19 8 9 28 22 17 22 28 30 19 25 30 20 38 
31 34 50 16 20 29 16 8 24 16 20 28 25 30 21 13 16 23 20 42 
31 33 23 21 27 29 5 22 29 11 13 16 15 29 12 30 19 29 18 41 
22 32 19 29 13 31 16 15 20 18 20 19 25 19 28 32 25 22 17 38 
33 27 37 25 28 28 26 21 13 12 18 30 31 22 8 38 13 29 20 36 
30 21 34 20 17 37 28 25 8 20 20 16 30 21 18 22 21 21 21 38 
17 13 42 22 28 20 28 24 27 14 25 25 26 26 17 22 27 24 22 34 
22 21 25 29 29 18 27 13 27 14 20 35 18 18 16 30 27 19 18 31 
24 24 21 28 24 30 21 28 24 14 14 23 25 18 19 20 29 24 7 14 
35 27 41 29 20 33 32 8 14 13 27 19 19 28 14 35 14 16 18 33 
25 22 36 28 10 46 42 20 30 22 18 20 17 28 23 25 27 29 25 17 
26 12 36 29 19 33 31 21 25 17 20 18 26 19 17 35 24 20 18 30 
39 23 42 41 16 32 36 19 15 21 19 18 8 22 12 25 28 26 17 35 
24 25 41 36 28 40 27 20 17 10 13 25 19 18 24 13 30 29 22 38 
28 23 24 30 29 35 18 10 23 9 15 12 18 13 26 35 23 26 25 41 
22 18 29 22 17 47 25 18 16 14 19 14 22 38 13 26 13 22 26 26 
35 26 30 21 25 35 23 15 19 14 17 24 23 23 22 27 25 24 29 24 
49 23 24 25 19 18 17 25 18 16 15 22 10 20 10 25 24 29 16 17 
36 16 18 20 21 38 39 24 19 20 16 17 20 27 14 42 20 22 22 37 
27 21 24 39 22 24 26 11 19 11 20 35 14 23 33 38 19 12 16 36 
23 30 28 37 21 32 20 14 17 15 20 20 25 10 11 34 26 25 19 30 
31 27 45 24 30 36 28 28 17 19 18 9 23 20 23 32 11 28 19 32 
32 35 23 34 10 32 28 16 25 14 8 24 15 28 28 24 26 15 20 30 
26 14 36 29 24 46 32 16 11 11 15 29 11 23 24 43 15 35 18 39 
27 21 34 34 22 36 30 26 16 18 20 33 24 28 29 18 27 7 20 21 
44 22 27 26 11 26 23 22 15 14 17 21 23 20 24 38 23 15 22 20 
22 31 20 26 27 10 26 22 19 15 16 23 33 27 18 27 29 17 30 24 
31 22 22 19 23 18 18 11 10 12 11 27 22 29 33 25 28 19 17 32 
31 26 23 31 22 47 15 18 18 15 22 12 21 22 13 32 24 23 20 15 
32 14 27 21 26 42 34 14 20 12 15 22 25 26 24 37 16 18 23 20 
24 32 48 33 28 32 41 9 18 13 19 18 21 25 19 44 16 37 19 18 
29 25 27 22 23 15 24 17 18 23 23 37 22 25 18 25 22 20 25 18 
28 25 26 16 25 33 17 6 24 10 16 22 31 31 25 26 19 28 15 30 
33 24 19 17 22 38 25 12 9 22 15 25 29 32 26 25 21 29 10 40 
41 16 32 32 16 34 20 12 36 30 13 21 19 27 29 29 29 27 27 32 
43 24 29 17 27 33 25 18 16 18 11 35 15 20 27 23 22 23 20 9 
22 14 35 22 13 20 28 27 19 19 21 24 7 37 14 25 16 28 27 17 
33 27 24 28 26 16 26 19 27 13 23 28 12 29 19 28 17 31 18 29 
36 22 33 28 16 29 29 27 11 11 11 21 23 9 21 30 25 17 17 30 
14 32 21 25 24 23 23 23 34 16 25 24 22 25 21 30 25 17 15 28 
22 18 32 20 15 31 31 25 14 14 15 18 20 26 19 38 29 12 23 20 
27 15 32 29 22 33 31 24 24 17 18 24 16 27 29 14 24 25 20 28 
39 21 26 21 18 40 33 23 9 15 13 18 31 14 42 24 15 24 13 19 
24 21 29 30 10 26 22 18 30 13 22 32 20 33 23 34 16 23 15 18 
29 27 40 15 26 25 19 20 18 17 23 18 18 31 22 31 21 30 16 40 
24 18 21 18 32 50 30 20 23 7 11 29 18 22 26 37 22 15 23 19 
35 12 23 24 20 38 30 19 31 19 26 16 23 22 22 28 27 27 27 32 
37 12 46 29 18 26 21 19 12 24 22 35 25 38 10 38 20 9 24 21 

MachineCapacities:
MachineID Capacity
0 10
1 10
