NumTasks NumMachines NumScenarios
10 2 100
TaskDetails:
TaskID ReleaseTime ResourceConsumption SuccessorsCount Successors...
0 0 10 5 0 
1 0 7 5 0 
2 0 5 4 1 4 
3 0 7 8 0 
4 0 8 5 0 
5 0 4 4 1 9 
6 0 6 8 1 8 
7 0 9 9 0 
8 0 2 5 0 
9 0 6 2 0 

30 24 21 32 18 43 17 14 22 39 16 15 28 17 37 8 20 16 15 11 
22 12 17 16 18 30 31 22 30 20 11 31 25 22 37 23 20 14 16 15 
22 21 19 28 9 24 19 22 23 37 19 24 31 28 23 29 13 12 17 24 
27 34 17 16 15 41 4 23 17 21 12 24 35 22 32 23 20 17 22 18 
11 30 15 34 16 11 9 19 21 36 19 31 24 18 24 34 13 10 15 25 
22 25 17 36 24 19 14 17 25 19 22 29 27 14 24 27 24 22 9 20 
20 34 25 28 20 35 15 23 21 12 18 26 33 15 22 27 23 14 9 23 
25 27 19 28 23 28 19 24 43 30 24 23 10 5 46 29 20 14 19 12 
23 24 17 26 19 30 14 19 27 28 19 33 11 15 18 12 16 11 20 20 
43 15 21 21 17 24 28 25 27 24 18 31 17 15 31 19 16 18 15 21 
12 37 27 22 19 17 14 17 32 26 13 23 13 17 36 29 29 10 18 20 
30 27 14 31 10 29 21 37 30 38 19 29 30 4 16 20 20 10 20 18 
22 25 25 12 25 42 13 26 34 28 30 18 22 20 31 17 23 9 16 16 
35 33 26 23 16 35 18 24 16 19 12 28 22 17 27 26 25 17 24 17 
25 28 23 12 12 28 11 24 27 19 26 19 21 19 29 20 17 13 14 23 
19 29 13 20 15 19 9 19 25 27 21 23 24 13 19 25 22 13 15 26 
8 25 25 38 14 27 31 25 10 19 17 23 33 13 31 25 26 10 17 15 
25 30 11 16 14 22 32 26 32 37 16 25 25 22 34 12 20 18 16 19 
15 26 24 26 20 19 16 31 38 16 24 29 29 15 31 31 14 11 20 15 
25 42 27 18 24 19 17 22 17 29 23 34 29 16 29 28 22 21 20 18 
23 19 21 17 21 22 19 20 23 22 12 21 16 13 19 32 17 16 18 16 
27 28 18 26 21 24 17 19 14 35 15 27 25 23 27 19 20 25 16 22 
26 19 15 22 13 30 25 19 24 36 14 21 29 12 22 22 19 18 21 17 
12 20 27 25 6 32 22 24 32 25 18 41 16 12 31 28 24 12 16 25 
33 23 23 26 18 19 20 24 27 49 18 31 25 16 37 25 35 9 14 27 
28 14 25 19 21 27 35 31 23 17 19 41 38 16 23 30 14 5 22 14 
25 31 27 25 15 11 22 17 28 32 23 22 35 28 45 14 29 14 16 22 
26 36 23 38 15 35 25 21 26 33 10 22 26 17 28 28 17 21 13 18 
25 33 21 28 10 27 23 22 17 20 8 21 32 17 48 29 20 17 31 22 
16 41 19 32 12 23 18 29 22 22 21 20 17 19 36 22 24 20 16 12 
11 25 16 23 21 37 12 33 26 35 17 18 29 18 26 25 20 13 11 28 
24 32 26 27 19 32 14 25 24 14 14 25 23 28 18 19 23 18 18 14 
19 28 16 20 19 20 17 22 35 24 21 16 20 14 32 19 18 19 16 21 
33 42 18 25 17 26 28 24 18 16 12 24 22 13 24 29 18 17 12 22 
16 27 21 19 17 36 17 19 31 29 23 39 18 18 31 26 26 7 21 12 
21 41 24 29 22 19 25 31 21 23 29 25 20 18 24 23 13 12 15 13 
31 33 27 29 15 23 19 21 18 18 26 31 38 20 30 26 20 17 12 23 
25 30 27 24 8 32 19 24 30 31 11 34 28 12 41 20 24 18 15 22 
20 35 29 30 13 33 16 28 30 24 20 27 33 11 33 18 16 17 21 18 
22 45 17 13 17 33 22 25 22 21 20 31 41 21 35 27 25 13 22 9 
24 25 17 18 15 33 18 20 19 17 19 36 30 10 26 25 12 16 21 22 
20 37 21 27 18 22 12 29 23 34 16 25 37 14 26 18 10 22 18 21 
27 32 23 21 19 40 17 26 29 18 12 18 30 19 43 19 19 14 15 21 
32 19 25 24 11 41 11 30 35 25 24 19 13 22 25 19 31 9 20 17 
31 28 18 33 28 31 27 19 17 39 22 18 31 19 24 27 18 12 16 28 
25 30 26 21 11 39 30 25 21 25 24 26 37 22 31 28 21 13 10 16 
26 42 22 21 7 36 24 28 27 29 11 24 19 24 28 19 22 8 18 13 
23 25 11 22 19 14 16 27 22 33 23 16 30 21 38 34 15 11 20 25 
23 24 15 28 25 33 16 20 21 22 12 27 15 19 22 25 21 17 16 25 
24 29 24 40 16 6 23 28 23 33 20 16 19 17 27 14 22 19 21 19 
29 33 20 16 20 28 19 20 26 21 9 26 16 17 39 23 10 16 15 17 
22 29 23 19 18 31 20 22 28 31 13 31 19 21 22 26 34 17 8 12 
19 29 18 30 17 33 16 26 25 30 27 22 27 10 9 23 34 7 13 13 
17 32 14 13 21 23 27 18 32 18 22 35 26 21 17 33 25 11 17 17 
34 27 21 25 12 32 21 14 23 36 18 28 8 4 30 29 15 18 13 17 
17 22 25 28 21 23 20 21 24 27 14 22 38 16 15 30 32 11 18 25 
23 33 25 17 13 42 15 28 31 26 16 35 25 10 18 31 27 16 16 19 
20 32 29 23 27 36 24 16 33 24 15 23 31 17 40 22 17 7 18 12 
32 36 28 31 14 26 12 25 26 41 15 30 24 13 32 30 26 29 14 14 
18 32 18 15 20 37 19 19 24 23 21 39 26 26 38 34 27 13 10 16 
29 33 20 22 18 28 20 21 24 34 21 10 27 19 21 25 30 15 8 18 
31 27 35 16 22 25 21 24 27 32 16 28 9 19 16 12 23 22 10 12 
17 17 16 13 12 38 21 28 26 15 22 19 25 19 20 14 23 8 12 16 
16 36 15 28 24 25 21 24 31 21 12 25 29 16 44 18 24 13 13 23 
18 43 14 24 20 35 18 17 22 28 25 27 9 15 37 14 29 9 7 28 
22 18 28 26 25 29 24 18 7 21 15 30 26 18 27 35 29 11 16 11 
19 38 31 26 17 28 20 9 24 41 17 35 33 27 29 30 19 18 14 19 
27 24 28 28 21 9 19 26 29 24 19 32 7 15 33 26 17 7 11 28 
28 26 24 32 11 26 26 17 23 27 16 32 27 18 10 23 12 20 17 18 
15 23 25 23 17 38 18 19 21 30 20 18 24 26 27 32 18 17 17 20 
15 34 28 34 19 26 7 24 13 45 17 22 33 22 44 28 20 16 20 18 
18 17 27 19 12 24 31 18 13 15 17 29 26 27 38 30 24 13 17 21 
23 21 20 18 17 28 13 17 23 22 17 28 11 18 36 31 25 11 13 14 
24 25 26 25 19 28 19 23 15 32 15 25 35 17 26 34 29 10 12 22 
23 28 26 12 23 35 29 25 32 29 5 27 42 7 34 16 23 16 17 13 
15 23 32 21 18 27 21 31 24 25 20 14 30 17 31 18 26 17 17 16 
37 34 29 39 14 27 11 26 21 29 16 22 12 22 13 27 15 14 17 26 
23 37 29 36 9 36 37 22 31 21 11 20 31 18 12 29 21 11 22 24 
23 31 24 28 25 39 20 20 27 34 16 25 17 21 20 35 19 11 15 16 
16 19 25 28 13 23 12 21 22 13 10 26 17 20 37 34 25 16 21 23 
28 26 16 26 10 27 6 20 30 20 16 26 17 9 35 26 25 16 14 18 
11 16 24 35 20 33 21 30 23 17 22 16 38 25 35 21 31 13 19 15 
18 23 30 18 19 37 18 28 21 33 22 30 27 24 18 27 11 18 18 15 
38 23 24 27 15 29 32 22 17 21 18 21 22 17 39 14 19 14 15 24 
15 29 17 22 19 31 22 22 26 24 22 37 21 11 29 33 26 9 22 16 
27 38 21 31 25 13 21 24 40 20 18 17 40 15 22 36 16 16 9 18 
22 36 30 24 27 28 15 24 17 21 20 18 35 21 20 16 25 16 12 21 
23 12 17 35 13 34 11 26 42 21 21 34 26 9 25 26 20 16 7 20 
22 36 16 29 23 21 16 23 31 31 19 24 23 19 32 23 19 18 13 19 
18 27 22 32 17 39 19 18 25 21 15 16 20 17 29 22 27 25 12 14 
25 50 21 13 16 27 30 25 36 32 13 32 29 18 27 27 14 20 19 25 
42 22 19 27 20 23 27 28 21 24 27 25 34 22 28 21 14 16 26 23 
22 35 29 26 15 28 32 21 28 26 24 27 35 26 23 26 20 9 15 23 
22 26 21 31 15 35 17 24 6 35 21 18 35 21 23 27 24 10 18 18 
31 28 17 31 15 25 22 13 40 32 14 34 21 23 21 13 17 20 12 11 
26 28 26 29 30 23 15 14 32 18 18 22 40 17 23 21 20 14 12 13 
24 31 21 19 12 23 37 24 17 24 14 24 33 6 36 21 23 22 11 16 
34 11 21 26 18 34 29 26 36 29 21 22 34 21 16 19 22 18 12 15 
31 30 21 31 20 32 22 22 24 27 21 24 24 14 19 21 29 10 18 15 
29 32 27 35 19 28 14 18 22 29 18 26 34 19 24 15 19 11 14 26 

MachineCapacities:
MachineID Capacity
0 10
1 10
