NumTasks NumMachines NumScenarios
15 2 50
TaskDetails:
TaskID ReleaseTime ResourceConsumption SuccessorsCount Successors...
0 0 8 2 3 4 6 8 
1 0 3 5 1 5 
2 0 1 4 1 7 
3 0 2 6 2 6 8 
4 0 8 6 1 9 
5 0 7 3 1 9 
6 0 5 5 0 
7 0 5 2 0 
8 0 5 5 0 
9 0 9 9 0 
10 0 1 2 0 
11 0 3 10 1 14 
12 0 10 3 1 14 
13 0 2 3 1 14 
14 0 7 4 0 

7 18 15 28 27 13 15 23 15 14 36 14 27 10 32 26 29 37 34 15 11 42 8 20 17 29 13 5 20 19 
15 14 37 26 21 18 35 17 13 20 14 14 19 13 29 32 26 34 24 15 20 24 11 33 16 26 18 4 15 21 
11 14 39 32 21 9 27 32 11 28 35 11 18 8 37 23 22 36 20 17 10 34 17 23 35 36 20 7 24 23 
6 12 21 25 12 11 27 23 8 17 32 16 18 15 36 40 25 27 18 16 13 19 11 15 23 28 26 9 15 24 
7 13 29 24 23 13 24 42 8 15 44 10 20 20 27 17 19 20 15 18 14 24 22 25 20 21 31 15 26 19 
7 17 27 20 11 13 11 40 8 23 34 12 18 15 16 32 24 26 26 13 14 18 13 18 38 31 14 12 20 30 
10 12 26 24 39 8 29 18 8 25 28 13 30 12 41 33 20 20 28 12 11 27 15 22 25 37 24 7 30 14 
5 10 33 27 15 11 35 24 11 22 26 10 17 17 37 30 16 27 24 14 13 28 13 34 25 25 20 9 34 21 
14 16 29 21 34 12 30 26 6 31 29 9 22 11 18 19 17 45 12 14 13 31 8 27 23 19 22 10 15 16 
13 8 16 26 17 12 43 39 10 24 21 11 25 17 25 33 31 30 24 16 10 28 17 31 35 27 18 11 15 19 
11 18 22 27 21 21 38 37 15 22 34 9 34 21 25 17 23 19 18 10 14 24 5 10 27 23 25 13 23 15 
10 19 27 31 32 8 35 16 11 20 17 9 20 19 18 24 28 31 24 11 12 40 8 24 17 47 17 13 26 22 
7 18 24 40 31 15 32 21 10 17 18 10 26 6 17 27 34 39 19 14 9 25 19 31 31 27 20 8 26 19 
11 12 23 30 31 11 44 30 9 19 41 10 18 13 10 15 29 30 20 14 11 47 18 35 17 24 3 11 18 19 
8 12 19 28 28 18 44 12 10 25 31 12 31 13 21 28 21 26 20 15 12 23 13 24 28 20 21 11 10 20 
12 11 29 29 31 15 36 21 12 27 35 13 28 18 39 20 29 41 22 9 13 21 22 32 41 36 19 13 32 19 
11 16 26 21 30 17 23 30 5 13 20 12 22 12 35 20 17 25 28 15 13 35 16 33 24 24 12 12 17 15 
11 20 24 34 23 14 17 38 12 28 27 13 37 19 35 23 23 30 32 13 16 31 11 18 33 22 26 3 16 13 
12 15 17 29 31 15 22 26 10 15 25 11 14 9 33 35 21 25 34 16 10 41 19 21 16 35 20 9 19 18 
11 17 25 28 25 16 22 33 4 27 28 13 18 14 21 23 26 24 23 16 5 24 11 19 41 39 16 11 18 12 
10 19 16 20 23 12 25 20 9 19 38 8 14 13 33 31 24 23 31 14 16 34 13 27 39 29 23 8 24 16 
9 13 23 32 26 16 10 33 5 29 25 10 27 14 30 35 29 20 16 11 9 26 12 25 10 41 16 10 33 24 
9 12 17 33 25 12 14 33 9 15 36 16 26 10 32 24 16 31 23 15 9 37 17 21 36 34 25 9 21 16 
13 10 26 10 27 5 24 35 11 24 9 10 18 11 27 27 16 35 26 13 14 37 8 34 30 37 19 13 9 20 
8 10 35 27 32 7 28 14 11 18 31 12 18 3 23 41 29 42 23 11 12 26 9 33 29 18 25 18 21 17 
13 18 21 16 9 11 35 26 9 23 29 4 27 17 31 30 22 27 30 12 9 29 18 18 31 42 23 15 25 12 
11 9 25 15 12 15 35 20 9 29 31 14 32 12 18 34 29 35 31 10 11 21 18 39 22 29 16 12 23 21 
12 16 23 16 33 11 19 25 8 14 13 9 20 12 26 24 26 31 23 14 10 32 8 21 27 22 31 10 20 31 
13 22 25 27 23 15 22 33 14 25 15 9 23 17 18 29 24 30 28 17 12 38 18 35 20 39 18 9 15 24 
8 13 14 37 26 17 32 31 17 37 50 9 23 14 28 40 24 38 25 13 12 29 16 32 16 22 21 14 34 26 
12 14 17 23 22 11 49 26 10 9 31 11 25 16 5 25 24 36 32 20 11 11 16 25 25 27 6 11 31 31 
10 25 36 20 31 21 18 16 10 25 27 11 19 11 17 20 12 16 20 12 12 34 12 15 24 27 15 7 20 15 
14 19 25 8 33 15 22 27 14 17 34 7 28 7 27 32 22 28 19 16 15 16 13 28 36 21 26 14 23 13 
10 19 16 40 11 8 34 34 12 16 25 8 28 10 29 33 27 28 24 17 10 14 14 34 34 42 32 10 18 22 
12 16 13 32 26 14 29 21 11 25 27 14 28 15 23 15 28 16 13 8 7 32 16 34 31 18 21 12 11 9 
9 14 37 19 35 17 31 40 5 29 20 12 26 15 20 33 23 34 21 10 12 33 16 25 24 28 24 11 18 9 
16 15 33 36 32 15 37 23 13 15 32 15 20 11 28 17 37 39 30 16 14 34 11 26 30 40 19 5 29 15 
11 11 27 19 6 19 23 33 11 17 21 9 18 9 15 6 23 26 28 14 11 31 19 24 20 32 23 13 27 16 
13 12 38 27 24 19 33 27 9 31 20 18 23 16 27 21 37 21 21 17 13 27 16 33 18 25 29 8 14 18 
8 7 19 29 30 12 34 31 9 28 33 15 28 9 18 27 37 43 10 13 12 35 13 30 39 27 19 10 29 20 
8 12 27 26 18 13 37 21 9 14 26 15 23 14 26 43 27 37 20 12 7 35 14 38 12 27 16 11 6 19 
10 9 24 24 17 10 26 29 8 22 35 6 26 11 40 9 36 20 19 12 8 29 12 18 26 31 19 9 27 15 
5 21 12 28 30 8 25 15 11 31 18 14 30 17 30 24 40 30 33 9 10 40 14 27 35 32 18 12 27 27 
10 14 13 34 26 19 23 18 10 20 16 9 30 20 22 29 37 41 22 10 11 27 7 28 20 31 14 15 28 21 
13 15 30 24 25 11 28 23 9 20 15 11 18 13 10 19 34 31 22 11 13 18 25 35 22 25 26 8 15 23 
9 17 18 28 19 13 36 27 10 20 30 14 17 15 9 31 26 38 21 12 11 23 13 26 31 33 21 10 10 13 
8 19 15 20 21 20 31 28 6 6 31 6 10 9 19 18 32 32 19 7 7 13 13 39 21 29 20 7 13 16 
10 14 26 10 31 12 20 15 9 21 25 8 15 15 30 21 31 17 20 13 18 25 17 38 41 44 18 9 17 16 
17 17 20 41 20 21 19 47 8 18 30 14 20 5 37 31 22 22 24 11 9 37 16 21 32 29 30 5 17 25 
8 13 29 31 34 17 23 41 12 23 27 6 19 20 17 29 30 31 26 12 16 21 20 18 25 35 34 9 21 20 

MachineCapacities:
MachineID Capacity
0 10
1 10
