NumTasks NumMachines NumScenarios
15 2 50
TaskDetails:
TaskID ReleaseTime ResourceConsumption SuccessorsCount Successors...
0 0 3 5 1 2 
1 0 9 8 2 5 7 
2 0 7 7 1 6 
3 0 3 5 1 6 
4 0 8 6 1 7 
5 0 10 4 0 
6 0 2 7 0 
7 0 7 6 0 
8 0 7 5 1 13 
9 0 4 3 2 12 13 
10 0 3 9 2 12 14 
11 0 1 2 0 
12 0 7 2 0 
13 0 9 6 0 
14 0 5 3 0 

20 17 25 25 14 7 17 20 15 11 14 16 22 8 18 31 14 9 7 12 10 19 20 12 40 28 29 31 15 11 
39 23 16 14 18 3 16 19 17 14 7 18 28 15 16 36 20 13 24 15 7 29 21 17 44 21 39 14 26 7 
31 32 15 20 14 11 21 28 38 12 31 4 34 23 22 34 19 14 15 7 11 35 18 14 31 13 31 29 31 3 
32 27 19 17 17 10 15 27 21 12 31 7 25 21 24 43 20 11 17 16 13 31 25 13 26 23 32 25 24 11 
31 23 23 13 3 12 22 27 20 14 19 20 27 20 21 34 12 14 25 11 11 21 30 18 23 34 36 31 29 10 
18 27 15 13 22 7 24 28 33 9 26 17 13 19 25 30 7 13 23 14 17 24 25 18 29 22 30 21 26 10 
33 34 20 13 15 12 22 20 32 8 33 11 29 14 13 22 17 9 20 16 15 13 18 16 30 26 26 28 26 4 
39 26 21 15 19 11 19 12 19 11 25 11 23 15 25 34 13 16 32 19 12 27 28 14 35 29 36 16 18 9 
24 37 21 16 11 11 12 23 14 13 27 22 10 17 21 28 14 13 28 19 15 15 20 23 38 24 29 29 11 9 
23 29 20 15 17 8 17 17 28 10 32 15 24 18 27 26 12 17 24 15 12 33 18 16 18 20 27 35 28 15 
15 22 26 14 6 11 21 26 19 12 34 23 21 16 17 31 19 8 23 7 14 9 31 10 20 39 32 15 22 8 
36 16 28 11 13 14 31 28 25 12 20 12 14 27 13 40 8 13 19 18 20 34 28 21 55 25 43 32 35 8 
26 33 24 12 20 9 18 29 33 7 21 13 11 12 16 18 16 10 25 15 11 22 13 11 38 29 22 17 14 11 
13 16 21 12 22 13 26 31 24 13 10 21 18 20 21 29 21 15 20 17 15 24 19 14 29 31 32 15 15 10 
23 20 21 12 20 13 23 21 28 7 26 10 23 20 17 14 15 15 19 20 8 25 19 14 50 34 31 41 27 8 
42 30 19 12 24 12 16 11 35 10 30 22 17 25 23 44 15 9 34 16 12 22 26 14 22 22 40 35 38 12 
38 27 31 17 27 10 3 25 10 10 31 14 19 26 15 28 18 14 30 22 4 30 22 17 42 32 24 44 14 14 
26 31 26 22 28 9 16 22 34 6 19 13 10 11 26 18 8 9 25 20 15 18 26 15 22 38 35 15 15 9 
31 26 15 18 22 13 12 29 16 11 32 13 18 20 28 37 8 15 20 19 7 16 17 14 43 26 16 33 27 10 
35 24 23 19 14 8 13 31 18 15 41 16 33 29 17 35 14 12 29 11 10 27 23 14 42 22 48 29 11 8 
15 23 21 15 19 13 21 20 37 8 17 16 16 9 25 38 10 14 38 16 17 27 18 14 37 18 34 42 22 6 
27 27 22 15 21 9 32 24 27 13 24 17 20 11 28 27 12 17 26 15 11 26 27 18 30 23 28 31 32 12 
19 36 27 15 19 8 20 26 23 12 26 14 20 19 15 28 15 13 32 18 12 25 24 13 23 25 27 14 22 14 
30 18 16 19 17 9 12 22 37 10 35 15 19 18 23 44 19 11 30 16 14 6 16 16 21 22 29 36 20 10 
13 28 14 14 15 9 19 21 25 12 23 14 26 13 18 24 20 16 16 9 14 19 34 17 34 12 28 36 16 7 
10 12 22 18 15 8 25 21 27 11 31 15 15 9 8 20 21 13 30 13 14 27 20 20 35 26 27 32 29 5 
33 21 17 19 10 10 14 16 19 10 31 11 26 20 11 16 16 17 30 15 16 24 18 13 35 33 34 32 24 12 
35 34 22 22 23 11 8 20 44 16 27 25 23 21 20 26 13 13 23 10 10 23 18 12 43 40 34 20 13 7 
14 32 26 14 19 12 15 20 18 14 35 21 22 16 19 31 21 18 23 18 18 28 25 19 33 21 36 40 16 10 
29 29 22 13 25 13 21 30 26 14 27 18 19 10 11 33 21 19 38 23 11 30 23 13 29 18 18 39 10 9 
25 24 24 15 18 15 22 27 26 12 30 15 23 20 19 24 14 11 20 16 18 19 21 14 31 22 34 20 20 4 
46 48 15 22 19 10 20 30 24 11 10 11 22 15 22 25 15 19 19 16 14 27 25 18 28 23 29 26 15 13 
24 25 22 12 13 10 14 26 27 15 30 13 25 12 19 34 9 10 37 16 14 14 16 17 23 14 25 29 19 10 
43 15 32 14 19 13 29 21 34 12 23 20 27 20 24 27 5 14 33 13 13 30 16 16 27 16 30 30 13 9 
27 22 19 20 20 8 29 21 11 12 19 19 13 19 17 29 13 11 54 19 11 26 24 13 28 16 36 16 26 6 
31 21 35 16 17 9 20 14 13 14 31 15 15 19 22 32 11 13 26 20 12 26 24 13 35 14 15 32 27 14 
37 45 29 20 12 8 29 14 35 10 22 13 18 14 13 29 16 14 34 17 13 24 19 21 37 34 24 9 16 8 
38 29 8 16 21 11 13 10 22 10 25 19 21 6 25 37 18 13 16 9 9 17 27 15 28 36 41 28 19 10 
38 22 28 15 25 10 11 22 34 12 32 5 17 23 27 32 23 12 31 13 10 34 31 18 28 25 29 36 24 18 
23 24 19 15 8 12 29 24 26 11 38 16 8 8 24 31 19 11 43 21 11 21 23 18 37 28 40 27 27 8 
29 41 28 15 20 12 28 20 40 14 27 17 18 27 14 36 13 18 31 16 12 30 21 12 41 19 28 36 19 8 
30 17 15 11 16 8 26 30 41 13 24 23 20 1 23 30 10 11 30 19 15 23 30 18 33 22 20 27 15 8 
20 23 23 10 18 12 22 22 26 12 20 14 17 17 27 44 21 15 24 21 11 24 29 11 20 17 32 45 27 10 
21 33 21 12 18 8 19 20 19 14 16 16 21 20 16 14 17 13 29 21 9 32 22 15 41 22 48 36 29 17 
23 25 25 15 24 9 22 8 17 9 28 16 23 22 23 38 14 11 31 17 10 20 25 24 34 23 40 41 32 14 
19 18 21 20 20 4 14 20 15 14 26 14 21 23 14 43 8 12 25 18 15 39 35 13 13 28 27 27 30 11 
17 19 25 18 21 8 11 30 14 13 28 17 13 15 9 30 16 12 25 9 13 19 27 16 19 33 26 29 31 10 
36 33 24 11 22 8 23 27 28 8 22 10 18 19 18 29 11 13 22 16 9 29 21 11 34 27 36 30 8 10 
24 22 16 11 19 7 22 22 14 7 22 8 24 17 23 25 12 13 23 18 11 23 33 16 23 25 39 25 33 13 
33 28 10 14 19 14 24 20 18 11 20 15 21 20 14 23 10 17 36 21 14 21 31 22 38 20 29 17 25 6 

MachineCapacities:
MachineID Capacity
0 10
1 10
