NumTasks NumMachines NumScenarios
15 2 50
TaskDetails:
TaskID ReleaseTime ResourceConsumption SuccessorsCount Successors...
0 0 3 1 2 5 7 
1 0 4 7 1 6 
2 0 2 10 1 8 
3 0 2 5 1 8 
4 0 4 10 1 8 
5 0 7 4 1 8 
6 0 7 3 0 
7 0 6 6 0 
8 0 2 5 0 
9 0 10 9 2 13 14 
10 0 2 5 2 13 14 
11 0 3 7 1 14 
12 0 7 7 0 
13 0 7 7 0 
14 0 1 6 0 

21 17 36 21 27 18 23 15 26 30 10 30 24 13 20 28 28 16 16 24 28 24 9 14 20 19 13 26 18 33 
30 11 22 23 27 22 12 19 30 37 18 31 18 28 16 19 32 34 16 25 30 26 8 14 22 23 12 25 12 26 
25 11 26 27 32 21 13 22 24 33 15 35 20 17 19 18 41 38 16 24 12 25 12 20 21 21 19 25 10 36 
21 19 37 17 34 16 14 16 25 23 14 51 23 28 12 5 18 26 19 25 24 19 12 20 24 20 12 25 13 30 
17 19 32 24 26 17 10 13 24 32 6 27 10 29 21 21 29 28 18 26 27 21 12 9 18 8 12 23 13 32 
31 24 22 15 16 12 13 8 33 32 19 30 14 34 31 16 35 16 24 35 24 27 14 12 21 21 12 24 13 40 
23 15 26 23 21 30 14 14 33 18 17 23 19 28 31 16 39 40 8 27 27 12 9 17 26 18 7 30 18 34 
15 13 34 20 27 39 16 9 35 30 26 50 19 16 12 23 29 39 20 38 16 29 11 13 17 19 18 24 17 35 
16 13 23 23 33 21 17 13 25 37 7 18 27 36 28 12 28 13 18 38 25 35 14 7 20 13 14 20 14 16 
25 19 26 14 23 29 14 11 31 28 23 23 17 34 19 20 41 36 15 24 17 25 13 13 27 9 13 19 14 34 
21 19 30 12 26 22 20 16 32 23 13 14 19 21 13 26 29 19 17 18 29 33 19 16 19 28 17 23 12 35 
31 22 40 17 14 13 23 13 11 22 21 44 25 24 22 33 47 20 17 42 43 21 16 15 29 34 12 9 14 28 
26 20 29 33 25 14 15 17 38 35 14 29 25 37 27 19 42 27 11 12 17 32 12 15 30 30 12 24 15 32 
16 15 9 23 28 15 12 10 25 19 14 19 18 36 15 26 28 34 15 34 16 29 16 15 30 22 9 37 18 29 
14 19 24 28 31 7 13 15 42 14 19 21 30 30 14 27 44 46 18 31 23 26 13 12 16 20 13 15 12 19 
33 15 19 37 26 12 10 17 32 43 15 32 25 28 23 28 27 30 10 26 9 23 12 12 25 19 16 20 18 30 
18 19 29 19 15 20 14 12 20 17 17 27 33 17 31 24 30 31 10 25 25 26 12 17 18 20 8 22 12 31 
17 28 22 49 18 7 20 15 21 21 10 29 23 19 16 19 29 28 10 22 21 26 9 12 26 18 14 23 13 31 
22 14 29 15 16 14 14 12 26 30 17 29 24 27 19 11 24 35 10 30 25 17 16 18 20 22 17 23 15 17 
27 14 33 24 18 25 14 11 13 21 17 24 21 23 21 19 29 26 14 24 12 28 13 17 27 23 11 27 6 33 
33 24 27 36 22 27 14 12 31 40 16 20 16 34 23 7 29 15 21 35 13 19 17 17 26 8 16 29 6 18 
17 22 25 26 19 21 11 15 43 48 14 16 22 11 17 26 31 33 16 31 30 19 12 20 37 16 17 27 8 29 
21 14 16 24 17 17 18 14 29 15 12 25 22 24 20 19 30 17 23 16 25 21 10 21 34 22 17 29 15 30 
30 15 29 24 20 24 22 13 44 40 14 29 28 40 21 27 26 35 19 21 23 23 12 19 28 24 20 24 16 24 
11 19 20 28 26 26 15 15 24 39 20 27 22 30 16 30 34 22 23 51 24 21 13 17 18 21 16 27 15 23 
21 24 20 29 25 25 16 16 40 14 15 19 30 17 28 18 30 37 16 33 25 13 17 21 9 22 15 21 15 30 
22 5 17 23 28 29 17 13 32 21 22 29 24 41 17 22 24 24 16 22 23 23 14 17 18 18 10 29 20 33 
18 27 42 26 12 23 15 15 30 28 17 29 22 23 24 16 37 26 23 37 16 12 12 10 24 23 13 24 14 35 
18 21 20 21 21 17 10 19 27 16 10 24 19 40 27 18 41 17 22 41 24 15 6 20 25 25 3 29 19 25 
30 23 44 34 24 13 20 14 44 27 14 28 25 22 25 19 21 36 15 20 26 14 13 24 32 21 14 34 14 27 
24 8 46 16 21 31 16 16 30 30 5 18 17 25 27 21 38 33 12 30 25 15 15 16 24 34 12 22 17 28 
22 13 23 26 22 18 17 15 34 18 15 43 26 42 14 9 27 35 12 24 26 38 16 11 13 14 20 18 21 44 
25 13 18 28 25 28 16 18 25 26 21 32 36 46 18 20 29 31 11 20 25 23 12 10 17 29 14 38 18 20 
26 19 23 22 16 17 16 10 25 40 12 26 14 39 13 19 35 16 22 29 28 31 11 20 15 13 12 23 18 33 
27 15 31 20 25 20 17 13 36 22 20 20 31 32 21 24 38 30 17 25 16 19 6 14 22 22 14 37 19 30 
22 15 21 31 28 16 20 19 29 33 18 20 19 36 19 17 20 24 14 9 12 30 13 23 20 33 10 23 10 28 
29 14 12 8 31 19 15 19 26 24 16 32 6 23 21 13 27 30 18 25 29 27 10 14 17 18 21 22 19 31 
26 8 25 26 26 18 16 18 33 36 20 17 12 28 32 23 20 13 19 39 28 26 14 13 20 30 17 26 9 38 
26 18 31 26 24 21 16 6 20 17 12 25 29 23 34 20 20 31 15 39 27 32 12 12 19 22 12 21 11 33 
18 15 33 28 17 23 17 16 37 27 20 22 26 28 19 11 41 37 16 27 29 27 15 15 33 24 13 27 14 30 
24 23 31 21 8 15 17 20 30 27 16 19 20 25 15 24 23 28 11 28 18 22 8 17 20 39 19 28 21 32 
25 17 23 28 25 10 14 20 16 36 13 22 24 26 17 8 23 29 21 31 23 19 12 15 26 15 12 23 13 10 
22 24 26 26 21 16 13 22 32 18 24 23 22 21 21 22 39 27 15 39 23 34 16 11 30 33 9 29 10 21 
11 11 28 40 18 24 11 13 29 16 19 33 23 23 20 17 33 42 16 14 20 19 11 10 12 27 20 10 15 34 
23 11 19 21 29 21 16 16 33 24 14 21 22 45 22 19 38 20 16 29 16 28 11 16 21 34 21 28 16 37 
23 14 34 27 14 20 16 15 30 19 15 33 25 44 23 21 20 45 10 34 15 32 12 19 25 29 18 11 16 24 
14 11 16 27 12 13 18 8 20 28 23 25 12 18 23 24 24 33 12 31 37 16 9 15 19 22 6 15 20 33 
22 20 31 18 29 20 16 12 35 19 9 28 21 22 13 22 31 43 13 19 35 22 9 21 22 20 11 30 14 43 
32 16 22 26 24 20 20 15 38 26 13 44 21 27 35 28 33 29 12 37 31 31 14 11 17 19 18 23 6 31 
23 20 45 28 21 28 24 18 31 34 10 37 21 21 21 28 13 30 14 27 23 16 13 9 19 28 10 36 14 20 

MachineCapacities:
MachineID Capacity
0 10
1 10
