NumTasks NumMachines NumScenarios
25 2 50
TaskDetails:
TaskID ReleaseTime ResourceConsumption SuccessorsCount Successors...
0 0 9 9 1 5 
1 0 5 2 3 3 4 5 
2 0 9 4 0 
3 0 3 4 0 
4 0 7 8 0 
5 0 3 3 0 
6 0 4 5 4 17 19 20 23 
7 0 8 2 2 8 14 
8 0 5 10 3 12 16 23 
9 0 5 2 2 17 20 
10 0 6 7 4 11 17 20 21 
11 0 7 6 2 19 23 
12 0 4 3 1 20 
13 0 6 4 1 24 
14 0 9 5 1 24 
15 0 6 5 1 23 
16 0 3 4 0 
17 0 6 3 1 24 
18 0 2 6 0 
19 0 3 8 0 
20 0 6 1 1 22 
21 0 5 7 0 
22 0 4 5 0 
23 0 3 3 0 
24 0 2 8 0 

9 19 17 10 39 21 19 9 20 16 20 16 11 42 32 8 13 15 30 9 21 13 21 13 21 19 17 21 14 25 21 13 20 25 25 20 23 19 21 10 34 37 11 13 12 28 13 19 31 24 
14 16 12 7 37 14 13 31 10 24 21 30 3 38 16 9 22 17 27 17 25 28 22 14 21 18 25 10 17 19 25 12 24 42 27 36 16 17 34 16 44 22 10 16 17 32 11 29 11 27 
10 29 11 14 29 12 13 21 15 11 12 27 19 34 23 12 21 8 31 12 26 10 11 16 12 15 16 23 23 22 36 13 22 19 19 32 29 21 21 18 20 32 13 15 11 30 16 29 17 14 
6 18 14 10 21 31 13 17 14 17 13 23 17 34 31 16 20 16 27 5 37 25 22 13 19 23 18 21 9 24 33 10 22 45 19 33 32 20 34 24 27 28 11 27 18 37 15 31 16 12 
9 22 11 15 35 28 2 20 15 25 9 30 25 22 24 12 25 16 33 12 41 23 9 14 14 19 24 21 7 29 40 12 19 30 32 31 25 17 14 26 27 36 9 25 16 18 18 33 24 12 
16 29 12 9 23 28 16 14 15 19 19 19 16 27 29 14 17 16 28 9 42 14 21 11 24 20 19 27 15 19 26 11 12 25 8 24 31 26 32 17 42 25 13 23 16 21 19 26 33 24 
15 23 13 10 32 31 7 21 8 19 14 22 17 33 22 17 15 24 28 20 7 33 20 15 13 22 7 26 18 6 29 9 19 33 22 19 12 19 34 14 22 18 16 18 20 53 10 38 28 23 
14 24 14 8 25 28 8 37 8 21 16 22 23 31 29 5 22 15 39 18 16 19 15 16 27 15 19 10 13 23 21 13 28 31 24 27 42 13 26 9 22 43 11 20 17 31 16 27 22 27 
12 22 16 7 41 14 13 22 13 24 8 31 9 39 29 11 21 20 21 19 32 34 9 15 10 20 17 14 16 17 22 16 21 30 25 18 17 27 39 14 26 37 8 17 17 26 15 14 28 25 
13 13 8 8 19 23 23 17 16 15 17 21 13 24 24 12 16 15 33 13 34 24 17 17 15 10 22 17 24 9 37 12 26 37 33 29 33 6 25 9 23 21 16 17 13 24 20 43 35 28 
11 23 14 11 46 21 18 29 16 37 10 35 15 24 33 16 15 13 33 11 28 14 14 12 22 19 19 10 24 21 23 12 18 38 18 16 34 19 25 26 32 26 8 19 14 41 1 36 25 27 
7 21 13 12 27 34 15 25 13 17 6 31 15 22 32 11 17 13 8 18 22 31 19 15 13 24 21 12 19 19 20 8 17 32 17 27 26 23 18 21 21 28 9 22 10 34 19 33 26 19 
5 8 13 5 17 26 17 37 20 27 12 35 25 10 14 14 14 13 22 14 28 24 22 14 19 25 16 23 11 18 25 10 26 31 32 29 18 29 39 23 29 27 12 18 18 32 15 32 34 30 
16 22 12 11 34 25 18 24 13 17 11 30 11 27 21 15 23 13 19 16 22 17 20 9 22 24 23 21 17 9 30 8 21 24 21 30 32 21 17 29 33 19 5 19 14 17 8 18 29 33 
10 20 13 11 33 19 10 15 11 33 9 25 7 40 15 15 11 15 26 17 27 25 20 17 25 18 20 15 18 21 33 13 20 19 13 23 29 22 29 18 22 22 12 15 17 43 10 27 21 8 
9 15 13 14 32 19 12 20 16 22 20 25 14 23 12 20 10 9 27 17 33 25 16 10 16 16 17 15 18 18 57 13 20 35 22 27 35 30 17 16 21 34 8 19 11 41 13 30 27 21 
13 20 16 13 30 37 22 36 15 25 15 27 15 20 28 17 16 12 16 13 46 17 13 18 27 21 14 20 16 23 29 10 25 38 10 31 25 22 25 16 21 34 11 18 19 25 14 33 16 28 
10 27 11 8 28 31 10 17 6 24 12 29 21 31 28 12 17 16 21 15 26 24 23 8 26 22 13 19 22 19 36 11 20 15 14 21 26 16 32 14 32 17 8 20 15 37 16 11 20 27 
11 27 14 15 44 28 18 24 15 23 14 34 30 33 21 12 23 14 16 15 33 29 19 16 14 14 11 24 21 16 32 13 29 21 18 19 28 14 33 32 26 34 8 13 11 30 20 23 26 15 
17 22 12 13 25 21 14 19 8 21 21 28 20 30 36 10 13 17 26 12 35 18 21 10 21 16 29 27 20 15 30 16 20 32 14 17 18 21 26 23 27 30 9 28 12 30 16 33 23 24 
9 24 16 7 14 33 18 38 15 27 11 26 14 21 20 15 17 14 22 18 36 16 21 14 20 20 22 33 16 16 12 11 16 31 28 26 28 23 24 12 29 23 7 15 16 33 13 16 18 16 
18 20 12 8 23 28 9 21 13 22 21 18 24 43 30 13 14 18 20 19 41 12 19 17 8 21 16 24 20 17 39 12 21 37 29 19 19 20 29 24 40 20 8 19 20 48 15 30 25 20 
11 11 12 7 10 15 12 18 17 27 16 17 29 35 23 12 14 10 18 9 14 23 17 9 21 23 20 10 13 11 32 8 27 30 29 22 33 21 18 22 32 21 15 15 18 34 11 40 29 31 
11 21 8 9 34 25 28 25 20 20 10 17 16 26 23 17 13 8 22 11 35 20 8 14 24 21 19 24 15 21 28 8 20 15 29 21 42 12 27 13 39 26 10 14 18 30 9 39 19 23 
9 29 15 13 23 11 12 20 13 31 16 37 18 26 38 11 14 9 24 4 25 4 18 21 22 15 16 15 8 10 22 13 14 32 17 29 28 19 27 21 39 13 14 19 17 28 16 17 41 28 
11 26 17 12 22 27 17 21 11 20 21 25 15 19 33 10 21 22 22 7 21 21 14 17 15 19 19 7 14 2 28 16 21 31 18 32 25 22 26 13 24 26 10 16 13 28 11 31 27 29 
12 17 17 10 19 22 10 31 15 19 14 37 17 27 30 16 20 14 29 15 34 18 20 15 23 9 20 10 22 17 30 8 26 45 15 21 25 18 23 18 18 30 11 19 17 30 14 17 24 19 
14 16 11 11 23 37 13 23 12 20 13 30 14 34 24 9 15 12 28 6 30 21 21 19 22 32 15 11 14 7 43 13 22 29 16 25 29 27 26 21 28 25 12 19 11 25 20 18 17 32 
9 19 16 8 21 23 8 21 14 21 18 37 9 22 11 16 15 11 27 19 20 17 20 12 22 20 13 26 15 13 20 11 12 32 14 27 31 19 24 18 20 28 8 14 14 26 11 27 22 25 
10 18 12 16 33 28 13 29 19 30 12 47 9 19 27 9 9 14 28 19 28 28 19 21 26 25 16 25 14 16 37 17 17 48 31 33 35 14 7 16 32 25 8 18 20 39 10 40 34 29 
4 12 11 9 23 42 19 19 18 20 16 25 27 26 25 15 14 21 26 13 41 29 21 21 23 18 16 10 11 8 29 17 22 48 21 24 32 25 27 24 33 30 17 16 15 26 18 43 10 36 
11 22 11 11 26 20 10 30 19 17 12 34 12 32 37 10 8 15 27 16 19 21 26 19 20 9 16 27 12 16 29 13 21 37 24 19 27 26 20 10 21 26 9 13 17 30 20 21 32 13 
8 26 14 13 24 24 20 25 17 23 18 16 12 15 18 16 17 14 27 19 31 21 19 16 11 16 15 7 20 17 38 7 21 25 19 20 22 22 19 17 28 29 14 13 14 44 14 33 19 22 
11 18 15 13 24 26 18 26 14 30 14 44 18 13 31 16 15 17 28 17 28 24 21 16 16 16 14 19 10 12 35 15 19 20 13 18 36 27 22 27 17 37 10 13 17 26 12 28 20 21 
16 23 13 14 15 22 15 18 6 36 17 23 6 28 26 13 17 11 29 12 28 22 17 13 19 11 18 14 8 6 22 12 10 7 28 26 46 33 27 24 29 32 14 19 21 32 17 19 17 24 
10 27 13 8 30 32 9 33 12 29 17 28 20 39 28 12 18 16 44 8 14 19 13 10 14 19 35 10 14 17 34 13 16 17 25 23 38 24 34 31 23 38 13 19 13 28 22 17 21 26 
12 17 14 13 25 33 17 26 14 25 13 39 21 29 29 13 12 24 35 10 27 24 20 17 19 19 13 17 15 12 34 13 19 28 24 28 30 19 21 21 22 19 5 22 15 35 10 27 22 26 
9 17 13 4 21 37 17 29 13 25 22 20 13 22 29 9 19 8 20 16 25 16 13 16 17 16 17 15 10 15 26 13 20 36 23 22 23 18 37 20 29 24 5 14 12 35 21 35 26 29 
11 22 12 11 25 15 17 32 8 20 12 20 14 21 23 13 16 14 30 18 42 21 15 14 26 17 19 11 9 9 30 12 19 22 10 26 20 18 24 30 35 37 7 22 25 26 17 13 27 21 
11 12 16 14 10 26 13 29 16 18 9 25 17 23 16 7 15 17 32 16 23 23 18 16 30 22 20 13 22 21 26 13 19 30 20 31 26 24 25 22 23 32 8 20 17 45 11 31 23 14 
14 32 14 8 19 33 15 19 15 20 18 24 14 30 22 8 15 20 34 15 28 20 14 18 15 24 15 30 19 18 41 9 17 25 15 26 15 18 23 25 34 26 8 20 18 23 9 27 9 9 
13 17 16 8 5 33 23 29 8 25 16 19 26 18 16 9 19 21 13 8 27 23 20 24 8 10 28 15 16 20 27 8 24 27 28 18 26 21 27 20 13 26 9 14 23 47 16 18 29 22 
13 18 13 8 23 14 20 16 8 9 12 25 19 32 18 12 17 8 17 7 28 25 14 20 18 13 17 10 14 13 23 13 14 35 29 17 31 17 28 15 20 27 11 18 22 1 14 39 24 17 
13 23 10 15 16 28 12 28 8 23 19 28 14 28 33 14 23 14 23 17 32 21 26 12 25 25 25 24 18 12 43 11 25 22 25 16 40 19 16 33 19 27 10 14 12 27 21 36 33 25 
10 27 15 9 33 23 13 22 13 15 9 15 14 37 12 12 18 17 40 18 33 10 23 17 23 23 7 19 15 16 35 15 22 25 21 25 33 12 20 20 7 28 9 14 19 37 20 15 19 24 
8 25 13 9 30 26 16 19 16 25 20 25 19 33 7 8 16 13 24 18 34 24 19 15 22 22 19 10 15 15 24 16 20 43 31 20 20 10 17 11 30 32 9 26 20 30 20 23 32 27 
15 14 11 10 13 34 13 18 12 31 17 30 16 33 31 14 19 10 28 16 23 18 18 18 16 16 24 23 24 19 15 15 26 44 14 33 34 16 18 14 24 40 11 17 15 39 17 39 21 15 
8 26 11 5 30 24 18 14 13 27 13 19 16 23 27 12 17 15 14 15 38 31 21 16 30 25 19 22 15 19 36 11 21 43 19 33 28 31 18 21 26 15 8 14 18 23 20 27 13 17 
12 12 11 8 26 28 9 14 7 21 22 30 17 21 22 12 21 17 19 19 30 26 23 12 18 29 22 8 16 18 24 14 23 25 28 20 21 19 23 14 41 25 10 16 16 32 17 39 18 23 
13 24 10 9 9 17 10 20 15 24 19 13 19 18 4 12 18 14 33 18 41 31 11 13 12 22 18 21 13 21 23 12 13 43 22 30 29 10 20 20 30 25 9 11 15 47 20 33 19 16 

MachineCapacities:
MachineID Capacity
0 10
1 10
