NumTasks NumMachines NumScenarios
25 2 50
TaskDetails:
TaskID ReleaseTime ResourceConsumption SuccessorsCount Successors...
0 0 3 7 4 3 8 9 18 
1 0 6 8 7 9 10 12 13 14 15 17 
2 0 8 10 7 9 10 11 12 14 17 18 
3 0 5 4 3 12 16 17 
4 0 8 6 3 9 14 15 
5 0 10 8 6 10 12 15 16 17 18 
6 0 6 7 1 15 
7 0 5 5 3 12 14 15 
8 0 8 6 2 14 15 
9 0 5 9 1 16 
10 0 5 3 0 
11 0 8 3 0 
12 0 2 3 0 
13 0 2 3 1 18 
14 0 6 9 1 16 
15 0 8 6 0 
16 0 4 8 0 
17 0 5 10 0 
18 0 5 3 0 
19 0 4 7 2 23 24 
20 0 3 4 0 
21 0 8 9 1 24 
22 0 7 10 0 
23 0 7 6 0 
24 0 4 5 0 

19 18 32 17 16 19 32 15 15 6 20 32 10 30 20 26 21 28 17 49 19 16 27 10 20 10 12 42 7 23 20 29 16 22 26 25 9 18 29 12 10 21 22 17 13 29 19 21 35 16 
29 8 33 22 46 27 24 11 12 10 22 12 12 26 25 28 25 15 13 16 12 17 30 12 19 20 15 23 5 21 16 25 18 16 17 20 12 16 29 15 5 18 34 16 20 13 26 26 25 30 
22 11 27 28 29 10 29 13 25 16 29 32 6 24 26 21 23 23 19 26 11 20 11 9 23 16 17 35 10 18 24 29 28 17 29 31 6 16 38 11 16 14 39 22 17 13 12 17 16 25 
28 19 23 24 32 25 25 13 12 11 16 23 13 20 16 23 24 37 11 33 9 20 8 11 16 16 20 12 17 22 28 21 23 14 23 26 10 18 27 14 10 12 26 27 15 29 15 23 25 18 
18 21 34 33 36 22 35 15 24 14 12 31 15 30 23 32 31 31 16 19 12 25 13 15 22 17 9 26 23 16 33 28 28 16 39 35 4 16 30 16 7 22 20 13 13 29 22 21 39 30 
28 11 25 17 27 16 25 15 27 8 25 19 9 21 20 16 27 35 12 24 11 19 21 12 17 12 18 23 13 27 16 15 19 20 28 32 13 24 15 10 7 14 24 22 14 36 20 19 41 15 
18 15 18 22 33 19 28 14 18 14 15 43 12 26 30 22 22 28 14 26 9 19 17 12 12 12 15 30 10 25 23 23 25 21 30 22 13 17 30 14 15 13 25 25 18 25 21 12 29 12 
24 23 25 18 18 19 39 18 19 15 20 20 12 7 29 22 23 26 17 24 14 21 20 14 18 22 13 13 18 16 22 22 22 14 26 27 10 21 46 14 15 18 44 17 18 26 13 30 39 9 
26 21 43 19 32 14 30 11 15 11 23 45 12 31 27 29 20 29 15 38 13 16 28 6 23 14 13 31 6 26 27 25 26 16 19 49 14 18 40 18 12 20 30 19 11 23 19 22 17 23 
13 21 30 24 41 12 26 15 18 12 16 28 9 21 20 37 25 19 15 39 10 20 19 17 15 21 14 32 20 29 31 16 21 14 37 24 13 15 34 16 11 16 26 23 17 27 18 17 21 24 
30 16 34 10 29 12 43 14 21 13 26 30 13 24 27 38 27 24 12 28 17 16 18 13 16 10 10 35 19 29 28 21 18 15 22 39 7 11 32 13 13 15 33 19 13 21 25 11 12 26 
31 26 39 20 44 27 24 14 7 10 24 23 5 24 28 34 20 19 17 22 12 34 34 18 16 14 8 17 11 14 15 19 19 17 20 19 6 16 21 13 13 6 36 31 18 29 31 17 9 17 
13 14 26 35 45 18 20 13 26 14 20 23 11 31 21 29 17 12 16 33 13 17 25 12 18 14 11 34 20 14 7 27 12 23 30 39 12 28 29 13 9 13 39 9 16 26 20 28 20 21 
12 23 17 19 18 13 22 20 15 13 28 40 9 23 33 39 25 18 11 19 13 25 22 11 19 15 24 39 22 22 31 20 18 18 20 41 12 16 31 10 18 11 19 17 11 31 17 15 17 20 
22 10 21 24 20 19 40 18 13 15 14 39 15 18 13 32 26 23 15 28 13 20 39 10 18 18 7 24 14 24 29 22 20 13 31 42 13 11 32 16 10 23 24 19 10 37 32 24 43 27 
23 19 32 21 23 22 22 4 22 15 8 31 12 15 18 13 26 26 21 21 17 23 27 16 13 14 12 13 19 23 34 23 8 17 17 42 9 14 40 17 14 22 41 22 18 17 24 14 38 27 
28 20 22 21 21 25 22 17 19 5 27 18 13 19 16 27 19 17 11 47 14 17 15 17 11 10 18 41 15 28 26 35 32 11 35 36 7 18 26 14 10 13 50 28 7 25 27 16 33 28 
17 19 19 30 41 18 20 11 5 10 26 26 7 17 24 25 25 22 20 26 12 17 13 13 20 10 17 31 29 28 31 33 29 15 22 25 14 15 36 10 12 18 33 23 19 33 16 16 38 29 
17 18 20 23 41 25 37 15 23 18 26 34 11 25 22 10 24 28 13 24 9 13 20 18 16 15 8 39 21 19 17 20 29 12 19 26 9 17 36 16 12 28 17 27 10 24 36 18 30 17 
23 26 21 23 35 23 34 15 23 13 11 45 11 24 30 44 23 28 16 21 16 20 27 11 21 15 25 48 15 33 18 32 23 23 18 34 18 19 33 12 14 12 39 25 15 27 21 17 24 24 
21 24 28 24 44 13 23 19 19 15 21 16 9 25 18 15 27 23 17 28 8 17 28 11 13 12 17 28 18 33 31 16 28 20 36 22 10 17 28 19 6 31 21 31 14 22 21 17 43 18 
27 10 18 21 23 20 23 25 7 13 20 27 6 16 28 36 21 27 22 38 10 28 34 11 11 15 16 24 7 14 12 25 12 22 22 23 10 20 41 15 21 13 31 27 9 25 9 28 22 19 
29 7 35 24 29 15 36 17 16 8 30 25 10 16 24 22 18 21 11 18 10 25 36 17 22 13 18 5 19 18 16 25 23 13 38 26 14 13 37 13 12 23 42 24 18 26 22 21 30 34 
30 12 27 24 45 5 11 18 21 11 30 33 9 32 18 28 23 33 15 34 9 14 26 9 20 10 16 34 11 21 30 26 13 16 39 33 9 28 24 14 5 23 27 27 18 19 30 24 35 26 
15 23 38 22 19 20 21 12 16 15 28 28 11 11 34 22 20 29 20 38 16 13 22 9 21 13 18 30 17 12 28 27 15 19 29 32 9 18 25 12 11 16 27 26 15 16 33 21 31 31 
18 23 27 20 35 19 28 18 14 14 18 36 6 21 30 6 23 22 16 31 15 23 19 12 16 21 18 25 12 22 15 33 38 21 26 27 15 15 21 9 7 17 38 21 24 11 16 18 28 26 
20 29 20 31 10 15 30 6 23 13 26 17 13 29 25 27 29 21 6 11 10 23 31 12 24 19 11 33 22 11 12 12 22 19 29 40 11 13 17 15 13 23 30 24 5 22 28 12 23 26 
24 15 22 20 29 24 34 15 14 16 15 43 11 14 23 20 23 10 15 29 14 25 16 16 25 11 14 19 11 26 33 20 26 18 15 49 11 9 29 18 13 17 28 9 14 26 23 6 39 27 
34 26 25 30 31 14 43 13 26 10 20 25 9 26 33 29 31 29 14 37 6 25 25 11 22 17 19 31 26 14 35 23 20 19 24 21 11 15 27 15 12 21 29 19 8 18 17 25 35 30 
14 21 38 17 34 25 21 12 18 16 20 24 8 22 18 24 38 28 21 25 10 24 33 10 18 15 17 39 20 19 33 28 27 24 40 27 10 21 34 7 16 19 22 7 18 21 21 20 33 27 
14 23 26 23 22 7 33 18 14 15 24 27 14 22 21 31 23 28 14 33 15 24 30 13 18 15 10 24 15 16 16 17 17 13 39 26 9 12 24 12 10 2 41 17 15 27 15 20 27 33 
26 22 26 30 26 24 39 13 16 15 30 31 7 19 22 31 33 17 15 19 11 10 27 18 24 19 12 26 14 28 32 17 22 17 47 21 7 17 37 10 13 14 39 15 12 27 24 25 24 26 
28 17 23 33 43 21 37 16 9 10 24 27 9 11 23 19 20 20 26 29 13 23 32 12 20 15 16 7 15 9 24 24 18 14 31 30 14 14 26 10 22 17 30 27 15 21 20 20 33 22 
25 15 21 21 34 17 35 8 19 16 23 39 10 18 24 35 21 27 18 36 15 14 21 12 15 18 20 31 18 26 28 21 25 14 36 44 15 19 49 14 13 21 22 16 11 32 26 18 28 27 
27 33 26 28 29 16 28 12 16 13 13 40 13 19 16 42 19 41 18 24 18 16 23 10 16 16 16 30 16 21 35 22 27 19 18 42 18 8 29 12 8 14 36 24 23 31 19 26 26 22 
28 13 25 27 25 10 15 16 14 14 21 36 13 34 23 18 21 25 22 34 9 27 32 9 18 7 15 25 11 17 19 20 12 18 20 34 8 11 31 17 13 14 36 23 19 18 16 26 32 24 
14 23 13 31 25 7 26 17 18 13 24 35 11 22 18 27 27 12 23 26 12 26 30 10 23 13 20 23 16 11 35 35 20 14 47 27 16 23 41 11 16 25 36 18 12 23 30 18 48 20 
29 17 21 15 33 19 35 19 23 15 26 20 10 15 31 30 20 28 16 30 10 16 17 14 21 15 15 20 20 22 21 15 22 21 30 27 13 16 23 13 14 18 40 12 14 27 17 16 40 35 
28 13 27 22 11 18 13 14 12 13 26 37 10 17 23 20 28 25 19 24 10 25 29 8 18 14 14 24 8 19 16 31 35 19 16 39 15 13 36 14 12 18 23 20 17 38 28 26 31 14 
33 22 29 32 37 18 22 16 25 11 23 40 13 9 20 26 20 26 15 33 13 8 28 17 16 14 21 27 14 19 19 26 37 9 27 25 7 23 17 16 14 23 32 22 13 31 34 33 29 17 
24 33 25 24 29 26 35 20 14 15 21 32 13 20 26 35 16 24 15 34 13 26 32 13 22 12 7 21 24 14 27 29 20 10 33 30 11 15 37 17 5 19 31 22 22 29 10 25 32 31 
27 19 32 25 32 6 47 16 23 16 28 34 11 25 30 19 18 32 11 29 13 26 34 13 26 18 13 41 22 9 20 20 27 21 24 27 6 12 26 15 17 9 45 27 15 28 23 6 16 10 
24 13 31 32 24 16 28 7 19 10 18 33 15 22 29 16 29 41 18 38 12 13 15 9 12 13 14 15 18 17 32 30 16 19 29 38 8 9 27 12 6 20 35 30 13 19 32 24 16 17 
17 18 26 27 44 24 28 11 14 13 26 14 6 21 15 20 26 27 14 20 10 14 16 16 13 17 12 31 22 37 33 26 26 18 31 21 13 22 26 5 9 17 32 19 12 17 21 12 32 24 
21 13 20 24 29 12 23 20 19 15 16 41 11 12 22 24 37 26 14 34 7 16 21 8 26 15 18 19 13 18 25 25 21 14 18 33 13 26 26 10 10 21 14 27 15 23 15 12 16 18 
31 23 32 20 21 15 19 13 19 10 34 36 8 19 19 30 31 36 15 27 18 22 17 16 23 12 23 19 16 10 20 27 24 8 33 26 6 15 34 13 15 12 42 21 16 17 22 12 21 22 
18 20 30 31 19 24 36 11 20 9 21 31 11 32 17 23 28 33 16 19 10 8 26 14 17 17 11 38 19 36 14 9 25 14 17 38 5 15 31 11 11 26 31 21 12 30 23 26 27 17 
32 27 18 23 47 10 27 14 25 16 19 37 5 14 23 20 15 24 19 26 10 15 25 18 13 16 14 23 10 14 25 25 26 16 37 32 11 26 38 15 9 20 39 13 22 12 18 20 27 23 
26 12 27 31 22 20 26 14 16 14 23 32 9 19 26 26 32 13 11 37 9 18 26 5 15 10 17 21 9 12 26 28 36 15 36 30 12 8 26 9 11 7 24 17 15 17 21 23 31 23 
28 13 18 22 16 8 27 5 24 8 23 23 11 30 22 23 34 22 22 15 12 27 12 12 14 16 11 17 12 31 27 28 31 20 30 36 13 21 36 15 10 20 39 15 21 17 23 15 11 35 

MachineCapacities:
MachineID Capacity
0 10
1 10
