NumTasks NumMachines NumScenarios
25 2 50
TaskDetails:
TaskID ReleaseTime ResourceConsumption SuccessorsCount Successors...
0 0 5 1 4 6 7 8 10 
1 0 4 1 2 4 10 
2 0 6 7 4 7 8 9 10 
3 0 3 10 2 9 10 
4 0 2 2 3 7 8 9 
5 0 3 6 3 8 9 10 
6 0 9 1 0 
7 0 2 2 0 
8 0 4 4 0 
9 0 5 5 0 
10 0 4 9 0 
11 0 8 1 4 12 15 16 17 
12 0 2 8 4 18 21 23 24 
13 0 5 3 1 18 
14 0 4 1 2 22 23 
15 0 6 2 3 21 23 24 
16 0 6 8 1 24 
17 0 3 7 0 
18 0 5 5 1 22 
19 0 2 5 0 
20 0 5 5 0 
21 0 9 9 0 
22 0 1 2 0 
23 0 10 3 0 
24 0 3 10 0 

27 27 25 29 18 17 21 17 11 17 16 48 23 11 11 36 36 20 19 32 20 22 11 10 17 14 20 23 11 13 8 13 25 19 19 16 21 24 10 16 26 10 17 12 28 29 20 35 22 17 
41 28 21 21 19 23 14 18 11 13 15 16 20 13 21 23 21 17 19 29 18 23 14 22 13 18 8 27 18 15 11 13 26 25 17 10 25 18 14 16 30 13 18 15 31 22 24 26 25 13 
24 12 30 19 22 9 18 26 10 13 12 21 23 14 9 30 24 25 33 8 19 24 12 12 30 3 12 20 17 14 9 11 21 27 24 7 29 32 13 29 31 13 21 15 35 15 32 35 24 19 
27 27 21 13 21 22 14 24 12 16 17 40 22 8 17 25 36 25 10 19 9 35 12 16 23 10 9 18 15 7 7 9 28 21 34 19 24 31 14 16 43 13 16 18 34 25 34 30 14 14 
9 27 22 26 27 18 15 33 12 15 16 29 21 12 19 35 23 22 25 29 14 22 9 20 21 12 16 11 13 11 12 13 19 24 10 14 31 21 18 17 29 12 23 10 22 26 28 24 24 11 
38 31 31 28 12 16 20 27 11 23 16 14 18 8 20 9 21 14 25 24 13 20 7 16 21 10 19 28 14 8 8 12 32 28 26 11 24 26 12 25 38 12 29 14 19 19 23 31 26 9 
17 21 17 13 19 13 11 17 14 21 17 23 13 10 2 19 18 19 21 17 17 39 14 9 17 13 19 29 11 12 7 16 19 36 27 9 37 36 11 16 42 11 23 13 28 23 28 26 16 14 
32 26 36 37 36 21 17 16 9 21 15 26 27 18 13 28 26 22 13 28 16 28 17 24 27 17 16 13 14 10 12 19 39 25 19 12 45 42 11 29 25 7 24 18 30 29 31 29 27 12 
33 20 32 19 36 29 23 21 10 22 16 34 17 14 13 18 27 10 9 20 10 27 14 16 17 8 27 19 18 5 7 14 21 32 19 16 35 9 11 13 27 15 20 7 19 23 21 34 18 14 
28 23 29 15 16 22 17 13 11 15 19 16 21 9 14 33 17 17 31 18 16 30 14 10 26 14 11 16 12 7 14 11 31 34 12 11 23 36 7 16 20 10 33 14 34 27 17 38 21 10 
29 19 26 25 21 23 20 16 11 16 18 20 21 13 17 33 17 18 26 17 17 27 14 2 28 11 9 18 17 7 9 17 21 26 25 17 25 29 15 17 21 13 27 17 37 21 25 24 22 8 
36 17 18 15 22 23 10 22 14 25 12 35 14 9 21 31 26 17 18 18 14 24 12 12 13 9 16 20 17 11 14 15 36 22 42 14 18 34 4 31 39 7 30 17 34 22 27 44 21 14 
34 35 25 19 28 10 12 16 10 16 17 26 19 8 21 26 17 16 18 24 20 29 12 16 26 12 19 23 20 5 9 11 28 27 21 13 31 24 5 3 34 17 17 12 23 15 25 27 10 12 
8 30 23 20 12 22 7 20 14 17 17 26 24 11 20 20 44 20 23 27 20 20 10 16 24 6 12 22 19 6 12 9 22 22 24 16 28 34 10 20 44 7 26 14 28 29 25 36 19 15 
27 17 26 22 13 22 21 34 8 10 8 30 10 14 7 31 27 14 24 19 14 18 15 17 13 18 13 15 20 12 8 11 25 28 18 11 39 16 5 36 37 7 28 10 28 22 23 27 21 15 
25 28 29 37 22 19 14 24 19 19 16 23 23 11 23 35 20 16 24 19 21 17 9 12 28 11 12 19 21 17 12 10 16 17 16 15 43 29 10 33 26 11 25 14 17 27 27 25 27 12 
34 23 22 29 24 26 25 22 12 10 13 27 23 12 14 33 30 17 23 21 17 24 13 14 19 16 20 18 19 14 12 18 14 23 44 18 39 29 15 25 33 11 26 16 27 30 19 18 22 17 
18 36 17 22 19 16 16 14 11 11 17 25 22 10 5 14 33 12 25 25 14 33 9 13 26 10 21 21 16 8 11 12 22 19 18 16 5 19 11 26 32 16 25 19 24 18 38 39 27 16 
42 21 24 18 19 19 10 21 11 15 12 15 22 17 13 33 13 14 20 18 10 32 10 15 25 2 14 19 13 15 6 9 32 44 27 8 29 27 9 19 29 9 24 13 28 20 38 20 16 12 
29 19 46 33 13 24 20 28 17 17 13 33 15 11 12 24 26 25 28 23 16 34 15 19 22 15 21 28 21 16 11 15 26 30 33 12 36 20 8 33 31 12 21 9 28 26 28 26 25 17 
41 30 23 28 31 22 17 19 10 18 16 30 18 14 14 28 31 13 32 13 12 30 14 16 23 16 14 14 15 15 13 6 34 28 25 9 32 15 12 22 33 12 16 12 24 28 33 23 26 19 
21 26 19 30 23 24 16 25 15 16 12 23 29 11 9 18 18 14 19 20 19 23 14 14 24 10 11 11 15 10 14 16 25 25 29 17 26 27 6 18 41 10 27 14 26 19 47 33 23 17 
28 28 31 27 17 24 18 21 17 20 15 18 16 8 16 15 17 26 27 15 18 35 7 15 21 17 20 14 13 8 12 20 29 39 26 11 20 27 9 23 18 10 24 14 24 22 34 32 20 12 
6 14 33 23 27 20 14 20 13 20 12 16 27 10 16 21 23 14 23 15 12 13 17 20 23 13 12 11 13 10 15 11 26 24 31 15 23 17 5 21 43 11 23 14 32 19 13 32 23 6 
29 24 20 19 23 22 6 13 14 24 12 24 25 15 8 27 33 17 27 27 16 45 9 14 31 10 18 17 14 10 9 16 23 15 28 14 31 24 12 30 29 9 25 6 33 32 33 32 27 19 
24 29 33 31 25 27 7 16 17 14 17 18 12 10 13 20 26 13 22 15 15 30 18 9 25 14 14 13 19 8 9 17 27 33 26 15 27 26 13 18 29 13 18 8 38 21 27 35 28 13 
23 21 32 24 23 17 10 21 9 22 16 24 20 10 20 33 17 17 11 17 11 24 12 20 26 12 26 22 9 7 8 13 13 31 25 11 35 28 9 27 30 13 24 17 26 11 27 32 24 14 
35 25 23 20 22 22 18 29 7 14 18 30 25 13 11 26 30 12 30 24 16 24 15 18 22 12 16 6 20 13 10 15 17 36 19 13 24 23 6 12 33 11 32 21 17 21 28 19 19 12 
19 18 25 26 25 22 9 27 11 11 19 28 19 12 14 29 15 12 23 13 12 17 14 13 11 20 24 26 20 7 13 18 27 31 26 22 38 41 5 29 35 11 31 20 28 30 35 27 10 12 
24 17 19 27 18 18 14 17 13 14 18 32 21 18 14 23 32 17 34 32 20 24 13 11 29 8 24 22 18 8 8 18 9 45 37 13 41 27 12 22 32 13 21 22 22 24 21 21 21 6 
31 18 32 24 19 4 25 34 11 15 10 33 14 13 13 16 34 20 20 14 12 31 14 27 25 13 14 25 21 13 10 15 25 22 32 10 29 27 10 21 17 15 22 16 29 37 31 40 20 8 
35 19 32 10 33 17 14 14 13 18 15 37 19 11 4 29 28 22 22 17 19 25 11 17 26 14 22 7 13 15 7 15 19 22 23 13 27 19 11 23 37 7 37 14 28 17 36 32 4 15 
33 26 19 19 25 14 13 31 19 25 12 25 32 10 12 27 22 16 28 14 12 34 18 14 25 13 13 21 18 13 6 19 25 16 17 15 33 43 11 18 38 15 25 11 26 30 21 26 22 18 
37 17 33 19 30 15 13 14 13 16 14 40 22 12 14 25 27 17 24 21 22 28 14 15 8 7 15 18 11 10 10 14 22 18 26 15 25 29 11 19 27 10 35 19 28 26 29 34 22 14 
28 22 36 26 15 22 9 23 17 16 13 17 20 15 11 16 38 17 27 14 18 28 21 14 19 6 18 20 14 10 10 16 35 20 27 14 31 35 14 19 38 9 17 20 32 30 27 26 20 12 
28 24 20 16 22 20 12 15 18 13 14 32 26 9 13 38 13 20 22 19 12 29 11 23 27 11 18 13 12 12 10 17 18 32 23 12 21 29 8 15 33 12 17 16 22 28 14 33 27 15 
29 18 40 21 32 26 15 25 16 10 18 26 15 9 12 30 18 18 18 22 14 28 11 15 19 8 17 18 17 12 16 17 27 42 32 14 37 31 8 19 18 11 22 15 25 12 26 39 24 12 
29 16 23 29 19 24 14 21 11 14 19 30 18 10 15 11 19 15 26 23 15 24 12 18 18 12 13 9 17 10 9 11 19 15 25 18 39 34 13 17 20 3 19 13 16 21 21 30 30 14 
37 37 21 28 26 21 16 24 8 11 12 25 26 9 12 22 31 19 24 22 19 36 12 11 11 7 17 17 15 12 13 8 22 35 23 15 23 21 8 37 25 7 22 13 18 30 26 27 17 10 
33 21 26 22 23 16 13 30 10 21 10 14 24 8 15 23 21 10 16 15 11 12 12 16 26 15 13 18 24 13 4 12 22 35 17 12 21 41 10 20 26 10 9 12 30 17 21 39 12 10 
34 22 20 13 13 18 18 26 7 18 13 32 10 8 17 35 32 19 25 18 14 15 10 17 21 11 17 18 11 9 22 14 30 18 17 10 31 21 11 22 26 9 21 17 18 14 43 27 23 12 
47 29 17 19 11 15 18 22 18 18 18 25 22 7 19 21 25 12 11 21 13 32 11 12 19 16 9 19 12 13 8 10 18 38 30 18 22 17 5 18 41 8 17 19 46 26 31 29 21 18 
13 20 28 21 39 15 14 16 15 15 17 25 20 7 6 38 12 16 17 29 9 27 14 11 25 15 16 16 15 9 9 15 14 30 27 10 8 17 9 27 21 17 11 13 12 17 35 14 25 11 
43 25 26 24 23 18 13 15 19 23 13 32 19 9 13 23 29 22 18 10 10 23 15 14 16 15 24 19 15 11 10 21 31 26 22 12 33 28 6 22 26 13 22 17 37 19 16 14 17 13 
24 21 37 22 24 20 8 26 10 15 12 31 25 13 18 26 31 22 18 27 15 28 13 14 26 10 17 16 10 9 12 24 17 31 20 19 7 31 11 20 28 9 20 14 19 26 27 36 18 16 
32 27 17 23 13 17 11 26 15 18 18 26 16 12 18 34 35 17 18 18 10 29 11 19 24 12 21 7 15 9 6 18 19 35 18 5 9 13 12 29 32 8 20 8 29 13 24 27 21 13 
23 26 23 20 20 22 17 17 12 23 15 32 24 13 19 44 27 11 20 22 9 23 13 15 23 9 13 23 19 11 9 21 18 37 18 18 12 22 11 25 28 9 20 18 21 10 23 21 25 15 
32 14 19 19 23 17 17 20 17 23 14 26 19 4 12 29 24 24 31 23 16 20 11 12 33 19 20 23 16 16 12 13 24 23 16 14 35 23 14 33 29 13 14 8 35 30 14 30 29 10 
21 15 33 17 16 20 13 19 13 26 13 23 30 7 19 25 19 21 21 13 12 18 18 20 23 18 12 8 10 11 15 13 13 23 33 12 19 27 14 13 38 8 23 19 30 23 33 25 13 7 
27 24 16 24 22 16 13 28 13 19 18 33 18 15 11 28 28 18 23 34 18 18 12 15 20 11 24 15 15 12 6 20 17 30 18 14 35 34 10 13 24 15 18 12 27 32 16 13 20 15 

MachineCapacities:
MachineID Capacity
0 10
1 10
