NumTasks NumMachines NumScenarios
25 2 50
TaskDetails:
TaskID ReleaseTime ResourceConsumption SuccessorsCount Successors...
0 0 7 4 3 4 7 10 
1 0 3 6 3 7 10 11 
2 0 5 2 4 6 7 10 11 
3 0 3 5 1 12 
4 0 2 2 1 11 
5 0 9 4 1 11 
6 0 6 8 1 12 
7 0 4 10 1 12 
8 0 3 2 0 
9 0 8 8 0 
10 0 10 7 0 
11 0 2 1 0 
12 0 4 3 0 
13 0 9 4 2 19 23 
14 0 2 7 2 22 24 
15 0 4 10 1 19 
16 0 2 1 3 18 21 23 
17 0 5 2 1 24 
18 0 5 3 0 
19 0 9 8 2 21 24 
20 0 7 7 0 
21 0 3 5 0 
22 0 8 6 0 
23 0 4 10 0 
24 0 7 2 0 

28 15 10 8 9 21 24 11 27 27 13 19 10 24 20 15 21 10 18 11 13 19 15 26 21 19 15 17 11 4 24 20 11 22 34 19 25 21 24 31 6 7 16 35 10 34 36 11 22 5 
16 13 12 16 10 26 24 8 47 15 13 30 15 20 33 16 30 12 10 35 17 27 27 16 12 22 16 13 12 12 20 9 16 14 31 11 18 30 14 31 17 13 13 22 13 37 23 18 20 7 
15 13 9 15 10 30 16 8 24 22 17 29 13 28 24 20 31 8 11 31 12 23 35 14 13 17 16 19 14 11 17 27 11 22 24 18 10 22 15 25 2 16 12 21 12 22 41 24 21 9 
21 15 14 8 12 6 28 9 19 26 17 36 13 30 29 14 22 11 16 31 23 28 19 28 14 21 13 10 10 11 29 21 11 20 30 18 25 26 27 33 10 8 16 27 10 32 31 15 13 11 
14 12 15 13 8 26 29 11 26 15 21 31 14 34 11 14 16 10 19 22 17 27 33 13 14 14 14 17 14 16 23 18 6 25 30 27 18 25 19 19 6 10 14 21 11 19 37 14 9 11 
14 12 19 13 8 25 26 8 28 14 12 22 11 24 20 14 22 6 11 13 23 20 13 20 14 16 13 14 17 13 25 22 15 21 20 25 23 16 20 29 9 10 20 18 12 18 28 25 18 3 
20 12 14 16 8 23 21 11 46 20 15 29 17 34 16 14 18 13 11 31 15 25 39 15 14 18 10 17 9 6 17 21 12 8 30 20 24 18 25 43 14 8 13 30 12 15 31 33 16 13 
16 12 1 15 9 29 7 12 22 10 16 36 15 33 15 15 26 11 15 8 17 23 32 16 17 26 10 17 9 11 20 11 10 27 27 14 33 23 24 19 16 11 10 30 15 20 27 27 15 8 
21 9 14 19 16 34 13 11 28 18 16 25 15 25 31 12 30 8 14 32 17 22 16 22 20 15 13 15 10 8 20 32 16 27 34 14 33 17 29 13 6 11 12 30 12 23 34 18 11 10 
17 15 12 17 9 25 26 11 27 22 17 39 10 31 4 10 30 10 14 26 25 29 21 15 12 11 11 11 13 12 11 22 10 17 32 8 13 21 15 23 11 11 17 18 11 24 23 19 15 10 
16 12 13 10 9 20 25 8 12 12 16 23 18 22 24 10 26 9 15 28 18 19 26 17 12 8 11 6 14 4 18 16 8 22 18 15 28 25 15 27 12 11 11 25 13 29 34 22 16 10 
15 13 8 17 13 14 18 3 32 15 17 26 12 29 34 13 27 3 9 20 26 24 21 35 17 17 3 11 9 11 13 21 13 15 27 14 13 26 29 28 11 12 11 26 10 26 25 11 18 13 
20 15 13 12 14 17 29 13 41 26 17 25 17 31 24 19 33 8 15 26 15 16 41 18 14 17 8 14 18 13 19 20 15 29 18 21 18 32 34 20 15 13 16 28 13 30 27 29 18 8 
19 9 15 13 9 29 21 13 33 15 13 28 12 31 37 18 17 11 10 27 14 34 37 29 17 17 9 10 18 9 25 25 20 19 16 17 20 24 26 29 12 10 18 19 19 43 40 16 15 10 
20 7 12 5 10 31 22 11 23 21 16 26 18 27 21 23 22 14 15 12 12 18 40 17 12 18 10 11 13 9 24 18 14 19 35 16 21 13 17 16 11 13 13 29 15 9 27 19 11 14 
25 11 9 21 16 21 22 11 38 16 14 22 13 25 25 16 10 12 17 20 22 19 33 14 14 13 11 19 11 8 18 24 19 14 19 7 15 34 18 27 9 5 13 29 19 25 24 20 18 10 
21 12 10 11 8 22 13 10 23 10 8 24 13 31 22 16 25 7 16 29 13 19 28 14 11 10 8 9 15 11 19 21 16 16 19 13 14 19 30 24 13 13 17 23 5 37 34 13 19 6 
16 12 11 18 14 27 14 8 21 17 18 26 19 16 28 19 8 11 10 22 24 28 27 28 13 15 12 16 15 12 23 24 8 19 26 24 23 15 22 28 6 13 15 11 9 19 26 25 14 10 
17 12 10 20 9 23 27 6 20 14 14 28 17 31 19 16 14 8 13 30 20 25 45 24 20 17 16 13 14 15 18 8 15 17 23 19 28 28 22 33 9 14 11 17 12 28 23 33 18 7 
29 15 12 15 6 22 22 14 24 21 15 29 8 22 29 16 23 18 9 27 24 28 34 5 16 12 14 11 13 13 25 23 20 26 23 20 20 28 23 26 11 9 12 14 23 22 32 16 18 10 
15 12 12 17 14 30 16 13 26 31 12 32 10 18 19 20 17 4 10 28 21 12 24 29 11 22 8 10 15 9 12 25 12 17 25 15 19 19 18 21 13 8 7 27 7 32 22 24 16 11 
23 10 10 15 13 25 27 14 18 19 16 21 13 34 27 21 25 7 14 18 11 26 29 18 15 18 11 9 17 12 20 19 19 15 34 20 19 24 18 19 9 13 11 25 7 17 27 18 12 14 
16 17 9 12 12 13 23 16 21 19 12 31 16 12 15 12 18 12 17 28 16 24 37 19 26 12 15 17 10 12 15 20 17 9 34 15 17 16 17 5 13 8 6 33 21 37 21 20 17 9 
20 6 11 21 16 30 23 12 35 23 17 25 11 25 26 21 22 9 13 38 13 17 31 21 17 17 11 14 10 8 20 24 10 15 19 10 17 21 23 30 12 13 9 21 14 40 27 21 21 11 
21 12 6 14 14 25 14 9 7 21 9 29 11 29 27 16 22 11 18 20 18 20 33 27 18 15 9 17 15 11 26 24 14 19 25 15 25 28 20 37 10 10 16 23 16 15 29 27 13 16 
21 9 10 10 9 24 25 8 27 20 9 29 11 17 32 17 23 11 12 10 24 23 21 18 12 24 9 10 15 6 11 17 5 19 21 14 26 23 17 24 14 9 10 17 14 23 20 12 14 10 
21 17 8 15 9 19 27 10 45 12 14 42 12 16 25 15 23 11 15 19 13 18 36 12 17 14 8 16 7 13 17 25 17 14 29 16 15 17 36 23 8 12 12 23 17 29 26 26 18 12 
19 11 8 15 14 32 19 9 17 10 8 36 10 18 36 20 27 14 23 15 21 24 31 22 11 18 5 16 15 6 14 17 11 27 14 10 22 26 27 28 13 12 15 14 17 15 21 18 9 12 
21 9 11 14 12 25 23 7 44 22 10 30 13 28 34 16 26 8 16 14 16 13 34 18 11 6 17 6 16 15 17 20 17 23 31 15 35 21 15 38 10 10 11 22 15 23 35 12 24 5 
26 15 16 12 9 27 11 11 21 14 14 28 15 20 22 16 25 14 13 35 24 21 21 13 9 17 14 15 15 13 15 8 7 10 23 30 16 34 23 17 10 9 17 36 19 32 6 9 19 5 
17 12 11 13 8 28 20 8 25 21 13 30 12 35 30 12 21 10 18 26 18 24 30 31 15 21 11 14 18 13 20 19 10 23 36 22 34 26 22 32 6 11 14 25 17 15 19 24 22 10 
20 16 11 7 13 14 29 10 32 16 14 44 18 21 15 26 6 5 12 18 19 23 36 21 17 16 12 12 14 6 23 27 9 24 15 8 28 22 22 22 14 10 16 13 9 27 19 23 15 10 
22 9 12 14 9 32 27 10 20 17 13 9 13 22 15 14 28 12 16 17 21 16 10 13 10 15 11 12 14 9 20 23 18 18 32 20 26 14 7 27 10 13 12 25 6 23 11 16 15 10 
21 8 10 13 11 24 33 11 35 21 8 39 12 23 20 17 23 16 14 24 18 25 21 21 16 20 9 9 10 12 22 13 9 13 29 14 30 25 23 36 10 11 11 31 8 14 19 28 10 7 
23 14 12 16 7 26 14 15 35 7 15 23 14 24 18 26 24 10 20 25 17 31 21 19 16 20 12 8 16 8 12 23 21 22 31 7 19 15 18 26 11 12 17 23 16 24 32 22 11 9 
23 14 13 12 13 29 21 7 31 24 14 30 5 23 26 18 24 4 10 22 12 24 18 21 8 15 7 12 14 12 32 23 9 10 29 9 23 28 22 18 10 9 14 25 12 19 9 21 9 6 
17 12 17 15 12 31 24 9 27 23 22 22 15 26 29 20 20 12 18 32 17 25 27 19 13 13 16 13 16 5 14 21 14 11 13 23 25 11 20 48 13 15 8 20 12 32 4 23 11 12 
19 10 14 18 6 17 18 11 39 21 10 24 11 17 23 23 15 12 15 26 15 41 27 28 8 21 14 14 16 9 19 17 17 22 19 17 19 17 20 28 14 13 16 14 16 29 27 24 20 7 
23 15 13 16 8 38 26 12 24 25 18 28 15 13 24 19 29 11 19 23 24 18 32 16 20 14 7 16 13 10 27 26 12 27 12 23 30 22 19 27 14 17 21 32 21 27 21 25 8 13 
15 17 10 8 10 32 24 10 14 21 16 32 11 22 20 22 30 9 13 35 12 24 28 22 15 12 8 12 10 12 22 11 12 15 20 17 32 32 19 28 11 10 14 25 17 16 26 29 9 11 
13 9 16 17 10 19 26 8 28 7 9 30 16 25 18 14 17 9 17 27 13 23 17 16 19 15 8 10 17 14 25 16 10 18 37 20 14 18 21 23 10 8 11 13 15 34 31 18 14 12 
11 17 10 13 8 20 16 13 30 22 13 13 11 10 25 13 17 6 7 30 15 20 52 20 10 19 10 14 12 10 20 31 14 17 33 8 28 20 23 26 8 11 11 10 17 23 44 25 17 9 
20 11 10 19 8 22 17 11 35 15 12 35 12 23 26 23 26 14 20 23 17 22 28 24 16 17 11 15 14 9 22 32 14 32 27 11 20 26 22 27 10 10 14 26 12 20 31 18 15 9 
22 13 13 13 6 29 30 13 27 15 7 19 15 34 24 17 19 3 16 26 17 28 23 31 20 13 16 7 15 14 14 11 17 11 20 19 22 11 26 34 10 12 17 21 20 28 30 23 13 15 
14 13 11 16 11 34 21 15 33 12 16 29 17 16 28 22 22 6 12 22 25 38 23 22 21 13 16 8 12 14 16 32 13 36 25 15 25 21 29 47 14 11 19 13 13 22 23 7 20 11 
17 10 5 7 13 17 26 12 13 16 14 28 10 29 26 18 17 12 10 27 22 23 47 25 17 15 8 11 8 8 17 20 15 28 31 25 18 20 20 22 12 10 11 12 14 33 33 21 18 11 
20 12 20 21 8 25 11 15 35 19 10 28 13 37 25 15 25 14 6 12 19 14 32 18 10 21 12 15 13 11 21 20 12 32 16 11 29 23 23 20 9 11 14 20 6 22 27 32 23 7 
18 11 8 19 4 27 20 12 23 27 19 36 5 23 23 20 25 11 13 29 9 20 22 25 12 1 10 5 14 8 29 19 10 14 29 10 21 22 17 25 11 8 16 27 11 10 23 25 6 10 
17 12 11 10 11 26 27 11 35 4 17 24 11 32 11 16 23 5 16 33 20 21 21 20 13 14 11 14 10 12 21 15 12 19 23 13 27 26 14 38 10 11 15 13 12 28 26 17 15 9 
14 14 11 19 12 35 20 17 33 7 17 20 12 26 29 14 26 8 13 16 26 28 33 5 15 16 14 11 12 15 21 23 18 17 13 15 19 33 13 22 10 11 12 26 10 34 24 15 17 7 

MachineCapacities:
MachineID Capacity
0 10
1 10
