NumTasks NumMachines NumScenarios
25 2 50
TaskDetails:
TaskID ReleaseTime ResourceConsumption SuccessorsCount Successors...
0 0 5 7 6 5 6 8 9 15 16 
1 0 4 3 5 8 10 11 13 15 
2 0 9 3 3 7 12 15 
3 0 1 2 4 12 13 15 16 
4 0 2 7 2 11 14 
5 0 9 6 1 10 
6 0 3 5 0 
7 0 2 2 2 10 14 
8 0 1 3 2 12 14 
9 0 4 7 1 14 
10 0 2 10 0 
11 0 2 5 1 16 
12 0 4 10 0 
13 0 7 4 0 
14 0 3 7 0 
15 0 6 6 0 
16 0 2 5 0 
17 0 10 9 2 22 24 
18 0 5 2 3 21 22 23 
19 0 3 7 0 
20 0 7 7 2 22 24 
21 0 7 7 0 
22 0 1 6 0 
23 0 8 3 0 
24 0 9 8 0 

27 27 31 27 29 26 7 11 29 37 22 18 13 15 17 19 33 30 26 11 15 18 16 18 27 12 19 16 16 39 24 24 18 28 31 33 10 29 24 14 16 26 32 17 12 7 29 13 26 35 
41 22 31 23 26 26 9 10 32 29 20 8 17 10 25 14 31 24 17 19 18 21 39 25 40 14 25 19 23 26 24 17 12 33 26 24 15 32 16 16 34 27 34 11 8 15 17 28 11 27 
44 29 22 27 24 16 14 15 34 19 11 33 23 11 18 14 23 20 26 17 19 33 32 16 24 22 17 31 26 36 29 16 18 50 23 24 18 29 26 13 32 16 32 15 9 18 32 24 21 23 
32 12 25 11 16 35 10 14 13 27 16 24 14 9 18 21 29 34 28 16 15 30 43 17 24 15 30 11 19 26 42 12 19 39 45 14 21 37 34 16 24 22 27 17 13 16 29 13 36 24 
37 28 20 16 17 31 6 5 39 45 16 17 17 5 20 12 30 21 25 21 13 17 43 13 36 18 21 22 20 34 28 20 18 22 24 12 14 27 24 12 29 36 13 14 12 12 23 12 20 25 
40 19 18 27 30 29 10 16 28 29 15 14 17 8 18 13 17 21 26 13 8 18 34 11 19 12 31 26 11 34 18 16 9 35 38 36 14 18 19 12 25 18 30 12 14 8 22 17 23 14 
28 32 34 9 30 31 9 13 35 38 23 13 17 8 18 16 26 20 24 24 12 28 13 13 29 18 14 29 27 42 16 25 16 17 25 22 24 16 23 12 21 23 33 16 9 15 27 12 28 28 
17 33 37 27 26 40 13 13 27 29 13 24 18 7 26 9 19 28 29 19 13 18 22 19 20 16 12 18 26 22 23 18 15 37 36 25 14 18 22 15 25 29 26 14 12 14 31 24 26 25 
10 23 21 27 19 21 9 6 30 31 15 24 22 9 20 14 25 13 37 22 19 20 44 18 42 20 33 30 31 27 53 29 17 34 47 21 17 24 27 12 21 28 39 5 12 19 31 11 32 20 
25 26 30 13 28 20 13 14 32 37 11 12 22 9 21 13 23 34 31 17 13 11 36 17 13 10 24 29 31 35 22 20 14 29 15 18 16 28 30 10 29 22 23 11 11 14 21 18 19 22 
22 33 10 16 27 21 6 14 31 32 9 21 11 12 20 20 16 30 24 11 26 18 33 17 29 16 31 11 12 25 38 25 20 38 19 28 19 21 12 12 31 41 24 17 15 11 11 18 32 22 
7 15 30 30 33 31 9 18 35 25 9 32 20 10 21 16 20 32 17 26 15 16 46 19 39 14 19 19 12 20 23 19 13 36 34 26 13 30 20 17 11 18 25 9 8 16 27 18 23 29 
28 26 30 21 23 30 14 13 27 38 15 19 19 12 10 15 18 28 29 24 5 21 28 20 34 13 28 11 20 35 30 22 16 38 42 15 7 28 20 9 29 21 25 15 16 12 25 20 35 24 
34 29 17 21 13 34 11 13 27 41 23 20 12 5 13 18 27 19 22 20 8 21 20 16 20 8 25 29 21 30 21 21 9 37 31 19 18 12 29 11 28 25 48 14 12 9 36 22 37 41 
30 11 15 13 31 9 9 16 13 24 21 14 7 11 15 17 9 37 32 27 14 17 16 6 32 16 24 21 17 33 18 19 14 30 33 25 19 16 9 18 19 36 24 15 12 8 32 28 26 24 
16 30 39 12 33 35 12 14 31 20 18 27 8 11 18 15 31 38 29 14 11 25 34 6 25 16 33 25 28 28 34 22 21 38 35 23 15 39 26 15 20 28 15 3 14 15 25 19 21 28 
22 19 23 21 24 30 13 8 30 31 13 24 29 5 18 19 33 25 20 27 17 29 29 17 10 11 36 22 19 20 14 32 19 32 14 9 20 26 16 15 20 30 17 11 6 19 25 19 37 28 
43 31 21 13 24 23 10 18 20 26 9 25 16 7 18 16 14 26 32 23 9 20 32 12 31 16 18 27 18 26 30 33 18 30 34 13 20 18 23 6 32 25 13 16 9 10 24 17 21 22 
31 26 26 30 27 40 11 10 40 34 18 11 25 8 16 17 32 41 25 28 13 21 33 19 24 18 31 28 25 38 15 22 13 20 32 24 21 25 28 18 21 22 34 16 12 17 40 17 32 12 
15 13 25 22 11 34 9 16 35 45 15 16 14 16 16 16 34 32 24 9 14 26 32 13 22 14 14 25 22 31 14 23 17 37 19 25 18 30 26 16 22 28 34 16 15 15 20 19 25 30 
17 32 21 23 23 25 11 10 27 22 15 22 14 13 19 11 19 31 29 20 9 24 37 13 40 13 17 28 24 26 26 31 13 27 14 24 23 30 31 12 21 31 37 13 6 14 16 19 32 23 
34 32 20 26 21 16 10 15 34 20 9 10 8 7 13 7 21 26 36 25 12 19 28 19 34 14 28 29 23 22 23 22 15 27 21 22 14 31 21 16 10 28 43 15 11 8 33 15 23 15 
22 22 18 24 13 28 9 12 34 34 14 26 20 11 24 11 27 38 12 29 14 17 29 18 30 12 35 20 21 25 42 24 10 39 30 29 18 22 19 17 13 15 31 13 12 11 22 12 32 22 
30 35 30 34 21 29 5 6 18 34 16 23 23 14 20 13 30 32 25 13 16 27 23 16 36 9 27 21 18 27 15 14 20 20 32 27 2 10 26 17 35 31 27 20 11 15 25 16 25 31 
40 29 18 18 21 21 7 8 25 41 21 33 23 8 18 12 29 27 30 21 21 29 30 19 33 20 14 23 9 34 26 30 18 39 20 22 18 33 13 13 28 32 21 15 12 7 28 24 31 13 
36 33 24 25 24 21 7 20 17 9 20 29 18 12 11 20 15 23 25 28 20 33 26 9 23 21 18 33 25 36 26 31 18 20 26 22 21 42 18 11 20 20 33 6 9 12 28 22 40 24 
37 20 28 14 29 27 3 10 37 43 16 27 17 9 9 16 20 27 30 26 11 30 23 20 27 24 28 25 19 28 16 28 16 25 24 22 17 31 24 16 24 32 33 15 13 19 16 17 29 21 
31 30 16 33 26 30 11 8 32 31 15 30 20 10 9 24 33 27 24 27 21 22 30 16 39 11 24 25 17 12 45 17 15 34 23 23 15 21 31 12 30 33 35 17 10 10 28 25 30 23 
26 14 14 28 25 26 11 11 12 32 16 20 13 9 20 7 38 29 27 18 15 29 17 12 30 17 11 19 23 30 29 17 18 18 40 22 14 11 27 14 25 20 36 13 12 18 21 12 28 20 
34 33 19 15 18 24 12 10 32 32 9 20 17 9 23 20 27 31 13 20 13 15 26 22 31 12 24 24 20 13 20 28 14 54 16 24 20 31 19 11 24 21 29 15 6 13 23 22 22 31 
36 27 25 29 13 27 12 15 23 32 15 24 18 6 31 14 14 23 23 18 16 21 23 22 24 21 28 25 17 42 32 33 20 21 18 24 12 23 12 12 26 17 34 20 10 4 34 18 33 26 
30 31 38 15 15 33 15 15 23 25 14 22 19 10 20 17 32 31 26 25 16 29 35 13 35 21 22 22 22 24 27 25 8 2 27 21 13 34 20 14 24 17 22 10 14 23 16 19 23 11 
23 20 23 17 25 33 11 8 27 29 11 28 18 13 8 7 27 36 30 14 14 16 38 25 31 18 28 14 22 22 25 30 16 34 30 18 18 26 23 17 26 34 21 14 10 16 19 27 36 28 
15 38 13 21 26 26 8 10 26 29 10 22 21 13 23 17 39 32 24 18 5 27 20 18 34 8 30 23 18 18 35 30 14 23 17 19 10 36 18 11 22 18 22 19 9 11 26 22 32 16 
38 30 11 17 29 24 8 13 34 27 20 15 20 9 19 14 15 20 25 15 8 24 21 19 35 16 37 27 15 19 10 10 10 39 35 27 25 41 32 13 31 23 32 17 10 19 26 22 34 15 
25 23 24 18 15 28 8 8 34 23 14 26 17 4 23 16 14 23 28 23 6 40 28 16 36 20 29 19 22 26 46 24 12 11 31 23 20 34 16 16 27 23 16 17 8 13 21 23 24 21 
23 34 21 25 30 29 10 15 30 39 22 22 21 5 21 17 26 28 13 28 14 16 28 20 30 10 31 20 24 33 31 27 15 23 24 18 18 27 23 15 21 30 35 5 16 12 23 19 33 19 
14 35 21 27 33 16 6 11 46 25 20 29 11 6 14 16 31 27 15 25 5 16 40 8 28 21 33 13 15 30 14 21 17 21 43 23 13 27 15 15 29 30 16 19 15 20 20 22 25 25 
23 24 22 33 23 33 11 14 28 32 13 20 14 8 29 19 22 23 22 25 14 18 27 18 28 17 11 22 22 28 25 20 16 29 28 23 12 23 19 12 14 17 21 9 10 17 21 8 20 13 
41 15 28 29 22 26 13 11 17 14 14 25 18 17 21 21 18 29 18 27 17 21 17 13 29 18 14 20 25 31 20 17 18 15 15 31 13 26 14 11 17 22 28 21 8 11 12 13 42 31 
37 10 30 25 27 32 10 13 24 32 17 27 15 6 27 16 30 15 29 28 19 30 30 11 33 9 31 28 21 26 25 25 12 22 44 24 28 7 22 8 24 21 30 14 10 6 28 17 27 28 
38 29 27 29 25 22 11 11 39 30 14 22 20 15 28 12 22 32 23 28 9 10 36 15 19 22 35 27 22 25 29 22 15 35 32 26 11 28 22 18 5 31 38 13 10 20 22 13 25 21 
22 23 20 24 37 29 9 9 37 28 22 29 15 10 19 17 20 41 20 18 15 25 23 17 30 9 34 23 19 34 48 17 13 20 9 18 16 35 30 15 33 28 34 17 12 12 24 25 22 12 
25 30 27 26 20 25 11 11 32 16 18 27 12 9 16 18 36 35 23 25 15 20 32 13 44 11 20 16 18 34 36 22 15 45 10 21 16 28 30 14 20 12 29 13 11 13 17 22 26 20 
31 35 15 25 35 25 10 14 29 29 15 16 19 15 27 18 25 33 17 24 18 24 21 16 30 11 21 27 22 45 49 17 12 36 41 25 16 28 32 15 27 44 29 18 15 16 24 20 27 26 
44 28 28 27 20 25 2 11 33 32 16 33 14 5 18 19 14 20 24 24 21 29 23 15 31 8 14 24 18 22 37 31 22 43 33 19 13 18 21 11 19 25 29 8 9 15 18 16 34 18 
18 30 25 30 31 35 9 11 17 38 11 25 9 12 23 7 27 11 38 29 8 9 33 15 19 20 7 24 10 32 17 11 18 24 34 18 17 15 19 12 21 29 22 15 10 14 23 25 21 23 
31 27 22 19 30 31 12 11 38 37 13 15 11 9 21 14 26 26 20 11 17 30 42 24 36 22 38 22 20 14 34 8 16 31 42 11 10 31 22 15 31 25 31 16 12 16 27 19 31 27 
32 16 31 30 26 28 12 9 18 33 19 14 21 9 10 13 19 25 33 27 9 24 20 15 11 13 34 28 28 25 35 15 20 35 32 21 17 38 25 15 29 26 29 10 9 11 21 18 31 21 
19 24 33 30 34 16 13 11 23 32 15 20 21 12 21 18 43 27 27 20 13 27 32 16 28 12 32 12 11 40 21 26 12 25 32 27 23 24 27 13 36 26 31 11 7 17 29 16 30 24 

MachineCapacities:
MachineID Capacity
0 10
1 10
