NumTasks NumMachines NumScenarios
25 2 50
TaskDetails:
TaskID ReleaseTime ResourceConsumption SuccessorsCount Successors...
0 0 2 6 3 2 6 8 
1 0 9 4 3 9 10 13 
2 0 1 7 4 9 10 11 13 
3 0 2 4 2 13 14 
4 0 2 8 3 8 11 13 
5 0 2 2 2 9 10 
6 0 8 5 1 12 
7 0 5 1 2 9 12 
8 0 2 8 2 9 14 
9 0 6 2 0 
10 0 4 4 1 14 
11 0 6 3 0 
12 0 4 7 2 13 14 
13 0 10 2 0 
14 0 2 7 0 
15 0 6 8 4 18 20 21 24 
16 0 7 7 3 21 23 24 
17 0 10 7 2 21 23 
18 0 3 4 2 22 23 
19 0 4 10 0 
20 0 5 6 0 
21 0 2 8 1 22 
22 0 4 3 0 
23 0 4 6 0 
24 0 7 10 0 

31 9 15 17 23 25 6 25 11 8 32 26 16 20 38 28 9 30 23 26 13 30 19 14 18 12 13 33 31 20 12 21 8 29 21 13 20 10 6 10 24 37 9 7 17 22 21 25 28 17 
30 4 27 21 33 15 23 28 9 11 16 16 13 14 27 33 36 18 26 22 12 12 30 15 24 28 18 38 23 13 36 40 11 30 20 7 20 11 15 12 9 30 17 23 26 17 22 16 35 21 
27 18 29 22 21 21 13 36 9 9 25 25 9 25 23 42 40 17 14 14 7 35 29 16 28 29 7 18 21 18 34 19 17 26 19 22 24 9 13 11 14 22 16 19 21 23 19 23 26 12 
21 14 22 20 22 13 15 28 10 8 22 36 22 27 29 40 16 21 25 18 17 22 19 15 19 17 18 37 38 10 31 42 9 33 19 15 13 9 14 7 17 23 8 14 18 21 26 20 30 18 
14 16 23 17 15 20 22 25 13 10 25 17 27 22 27 19 38 17 21 28 13 37 16 13 32 24 23 22 31 24 21 35 13 34 22 16 18 17 19 8 17 26 12 21 16 14 19 17 22 11 
24 21 22 17 21 30 21 35 14 8 19 30 14 16 26 37 35 19 15 28 16 20 19 11 22 24 27 47 15 23 45 30 14 17 10 15 31 15 14 13 19 25 12 22 7 20 35 25 12 15 
21 16 34 17 23 13 23 28 14 6 22 35 20 16 33 20 18 28 29 27 18 37 16 11 20 27 18 23 29 21 36 30 11 32 11 14 20 13 14 13 6 24 12 19 24 17 14 34 32 15 
22 9 32 17 29 18 16 23 8 9 20 28 19 20 22 39 17 22 22 33 13 15 37 16 22 22 25 42 33 28 21 29 10 25 17 14 25 11 17 13 19 24 13 16 17 22 19 28 22 29 
26 21 31 22 18 13 24 25 9 5 23 19 24 24 35 35 29 15 23 16 11 28 28 22 16 9 17 29 13 10 18 27 14 29 13 17 16 13 18 7 23 40 12 16 11 10 22 23 18 18 
23 9 23 16 32 28 14 15 12 7 19 27 12 18 32 16 35 17 35 18 9 29 14 13 26 22 15 32 36 18 35 28 16 24 7 25 16 13 14 15 24 37 9 11 20 20 20 22 23 13 
28 18 20 18 20 17 10 19 12 4 20 14 18 26 28 16 29 16 33 14 13 30 19 15 26 24 21 44 37 20 34 32 15 41 17 14 20 17 14 15 25 3 13 18 21 12 25 14 21 11 
21 23 19 16 20 16 14 36 7 12 27 34 8 27 14 23 22 12 19 29 13 32 22 15 30 31 15 29 22 17 31 30 13 35 18 14 25 16 14 8 12 37 15 10 19 16 19 26 23 24 
28 14 24 11 23 20 21 19 8 8 27 28 23 17 25 29 42 22 33 29 15 20 8 16 37 26 13 24 43 26 37 27 8 28 22 15 18 11 15 12 19 21 15 18 15 26 27 36 19 24 
36 17 16 25 21 20 10 34 13 12 26 21 22 21 24 26 23 16 20 20 15 39 13 15 30 21 20 23 31 15 32 37 16 28 27 9 15 15 12 11 28 15 6 22 16 18 21 30 15 18 
21 20 22 24 20 28 19 36 8 11 23 30 20 21 27 32 26 21 23 32 15 30 27 19 17 16 24 22 25 29 17 30 10 35 18 17 23 9 10 9 17 31 17 12 16 23 22 20 20 14 
17 11 23 17 24 24 14 24 14 7 18 30 22 20 18 47 22 22 17 35 16 34 19 14 26 23 15 26 35 20 44 15 6 26 13 17 25 13 13 10 23 42 12 21 24 24 11 29 29 21 
33 19 29 23 23 23 16 20 11 11 24 30 16 16 37 45 37 28 30 27 6 44 27 21 23 17 9 42 33 16 38 28 11 25 17 16 23 15 14 7 28 35 10 8 18 18 22 20 35 16 
25 13 28 14 25 33 18 25 9 9 24 23 11 24 25 39 30 14 19 31 18 27 22 13 42 13 22 16 44 15 41 37 20 23 12 17 24 4 13 10 11 31 13 17 20 19 25 31 31 15 
21 12 28 17 26 17 15 19 15 14 15 16 15 29 44 34 26 22 19 31 10 18 18 22 36 29 19 16 12 10 29 34 14 25 15 16 23 13 11 18 19 30 16 18 19 17 21 18 27 21 
28 19 18 11 20 16 23 38 14 15 22 29 20 32 21 32 19 9 31 26 10 51 23 8 30 10 30 36 23 29 29 31 14 18 22 14 13 6 12 8 21 22 19 12 16 19 19 24 21 12 
27 16 33 11 30 20 17 29 9 15 15 28 17 18 27 30 31 5 15 45 16 28 27 19 30 24 12 33 41 17 32 34 16 28 20 20 12 11 17 7 6 13 15 13 21 13 28 34 27 21 
19 12 22 13 26 19 15 32 13 12 24 14 20 28 43 27 13 23 30 18 15 36 30 15 22 22 8 19 19 24 35 26 12 33 24 8 22 11 12 9 29 29 14 14 23 8 25 17 14 21 
18 15 27 11 21 25 15 33 12 13 25 30 15 15 31 40 28 31 37 28 15 29 17 17 33 16 15 41 24 17 43 31 20 18 20 11 18 16 16 7 17 32 16 18 8 17 33 25 17 27 
27 22 19 16 31 18 10 31 8 15 32 38 18 15 24 29 22 19 29 28 10 19 32 18 28 24 16 23 31 18 28 24 12 14 15 15 11 14 21 15 13 22 14 18 14 13 18 12 30 27 
14 14 22 12 25 23 12 28 13 15 15 16 20 21 29 22 30 22 21 33 12 40 16 9 30 30 19 30 29 12 28 29 13 24 22 17 14 17 17 12 13 30 11 11 14 17 18 14 25 14 
21 20 22 16 14 18 14 31 9 12 10 25 18 20 27 37 34 17 24 27 12 41 30 14 30 22 25 35 33 29 41 38 13 43 22 21 14 13 18 8 18 28 11 9 11 7 18 14 32 15 
22 11 31 17 17 32 11 25 6 14 33 18 17 24 24 23 29 22 24 21 11 30 30 18 20 25 16 41 31 19 30 22 19 36 13 4 18 15 15 11 21 38 13 18 12 20 24 27 26 24 
26 13 24 13 25 18 22 22 13 9 29 30 16 19 39 9 27 20 25 26 12 36 23 19 28 29 10 26 20 20 31 18 15 30 21 13 23 6 19 10 18 39 18 15 21 15 21 14 13 14 
32 15 25 14 18 19 17 30 9 13 26 34 14 32 38 16 28 27 32 31 12 23 21 10 26 13 13 23 37 21 25 24 15 16 11 16 22 12 23 9 22 38 12 14 17 30 40 24 30 16 
20 19 16 21 20 14 13 26 15 5 23 34 19 13 28 28 34 26 21 32 12 21 37 15 24 26 17 37 40 20 30 28 18 18 24 17 17 9 11 9 12 27 12 12 13 15 11 14 36 24 
24 16 25 22 24 29 16 27 11 11 16 30 16 27 23 45 30 16 18 37 14 40 14 16 28 20 18 38 35 18 11 37 10 33 21 19 23 11 10 8 14 20 14 17 11 12 28 24 25 17 
38 12 22 17 27 16 18 18 12 6 27 33 20 17 30 29 30 25 28 36 14 33 27 11 37 25 14 26 36 10 37 33 26 26 22 14 17 13 12 4 31 43 5 12 26 10 20 23 30 9 
27 7 23 21 28 22 3 20 16 12 18 24 20 28 29 30 38 20 20 14 15 36 10 14 33 21 14 22 30 22 57 19 12 38 10 16 21 13 8 8 29 30 10 22 15 6 23 25 26 21 
33 11 30 27 11 21 18 16 13 11 16 20 10 18 20 36 20 17 28 29 9 35 18 16 25 28 23 34 36 11 32 20 3 24 16 10 13 9 16 13 26 18 5 19 17 13 18 21 15 18 
31 15 34 29 25 20 7 35 13 12 21 14 15 24 25 16 35 11 36 31 13 29 24 19 33 29 15 34 22 22 34 23 12 21 11 15 19 14 15 6 24 6 13 15 15 13 33 19 24 19 
23 19 27 16 12 26 16 31 11 10 20 26 21 21 29 22 15 22 20 23 12 31 23 24 33 15 20 36 22 18 30 15 9 19 14 10 17 13 14 6 20 29 7 18 6 15 16 17 26 13 
31 11 32 20 28 27 8 29 12 12 16 29 18 25 36 28 29 24 31 29 10 25 32 11 29 27 15 36 40 22 35 29 18 17 20 14 12 15 19 9 30 42 14 18 13 20 28 23 17 15 
10 17 17 23 25 22 22 33 9 14 17 27 14 19 29 33 20 16 27 18 11 29 21 16 20 23 18 38 30 24 23 21 16 29 12 16 15 13 12 5 33 18 13 16 10 15 20 19 38 13 
5 10 14 8 22 30 14 29 13 8 19 24 22 18 41 22 21 25 23 39 18 31 22 15 23 24 8 31 24 7 40 22 12 13 27 14 18 9 15 11 13 39 10 19 15 7 15 17 16 11 
39 11 22 14 29 17 27 30 14 11 13 16 19 21 25 20 24 21 20 23 12 27 15 13 16 24 15 37 23 21 35 28 10 22 25 11 12 10 11 10 27 22 14 13 16 17 14 18 15 24 
31 12 9 16 24 32 8 34 10 8 24 27 11 21 30 26 28 17 24 17 13 29 12 21 34 25 18 31 35 10 23 27 15 25 18 19 14 15 12 11 21 33 15 19 19 15 15 25 17 18 
32 12 24 10 29 21 17 33 10 11 22 31 5 24 34 27 27 20 17 26 10 29 21 16 24 23 16 15 21 19 24 35 20 24 20 23 17 14 14 6 16 34 12 11 17 17 17 24 26 23 
10 8 29 14 12 20 20 33 13 17 21 21 8 17 26 40 33 32 27 38 16 29 14 19 23 18 20 30 26 19 13 17 10 26 16 10 25 13 18 6 21 12 17 16 15 29 31 20 22 12 
32 18 21 23 26 25 17 29 5 14 35 32 13 24 26 23 33 19 30 30 14 42 22 9 26 26 14 11 11 25 20 28 7 33 7 14 18 7 18 6 38 30 17 14 19 12 20 21 15 20 
24 14 35 20 30 25 22 33 5 10 26 22 20 21 28 37 20 15 21 30 8 23 15 24 26 16 17 26 24 11 23 38 18 32 8 23 24 9 8 8 16 11 13 21 14 13 27 15 16 10 
22 11 27 13 26 14 29 23 9 11 31 36 16 29 28 31 24 23 32 29 10 23 16 20 39 16 13 23 32 21 37 36 15 29 25 13 14 15 19 13 10 30 16 13 19 10 17 14 22 15 
16 15 34 27 13 16 16 19 13 8 25 28 16 15 19 32 19 32 18 33 8 31 29 14 20 19 22 28 29 13 35 34 8 34 20 16 15 9 16 15 10 35 10 14 19 11 20 36 15 16 
20 18 25 15 11 22 11 17 13 9 16 27 24 23 31 24 22 16 30 22 8 32 30 17 32 15 14 30 38 23 45 38 13 21 19 17 12 10 14 9 22 26 11 9 19 17 32 11 20 15 
17 9 16 17 27 21 21 29 11 13 28 33 17 22 37 33 16 16 33 23 10 25 22 8 14 13 24 40 19 15 33 25 8 30 12 16 13 13 15 8 20 43 10 16 24 20 25 22 19 9 
23 14 31 11 22 18 17 35 11 7 16 40 11 15 32 33 20 13 20 16 19 25 18 14 24 32 23 16 27 6 37 35 19 29 28 21 21 11 11 17 29 27 13 13 14 17 16 21 28 10 

MachineCapacities:
MachineID Capacity
0 10
1 10
