NumTasks NumMachines NumScenarios
25 2 50
TaskDetails:
TaskID ReleaseTime ResourceConsumption SuccessorsCount Successors...
0 0 6 4 1 3 
1 0 6 9 3 5 7 9 
2 0 6 7 3 10 11 12 
3 0 7 4 3 10 11 12 
4 0 6 2 0 
5 0 3 7 3 10 11 12 
6 0 7 6 2 11 12 
7 0 4 5 3 10 11 12 
8 0 8 8 1 12 
9 0 1 4 1 11 
10 0 2 2 0 
11 0 3 3 0 
12 0 3 2 0 
13 0 10 6 0 
14 0 3 2 2 17 19 
15 0 10 10 4 17 18 19 23 
16 0 6 7 3 19 22 23 
17 0 2 6 3 21 22 24 
18 0 7 9 0 
19 0 2 1 2 21 24 
20 0 2 9 1 23 
21 0 8 4 0 
22 0 2 9 0 
23 0 4 4 0 
24 0 10 4 0 

22 24 14 16 23 29 23 27 22 12 24 19 25 19 12 19 9 14 30 13 21 16 14 37 24 13 23 37 23 26 8 33 25 25 20 25 39 25 8 25 29 19 36 20 23 14 18 30 8 19 
22 17 14 25 15 15 11 20 32 11 33 12 25 24 10 17 3 31 19 7 23 14 13 18 29 16 26 29 20 11 3 17 14 23 16 19 37 36 10 28 28 18 26 23 18 8 19 29 15 7 
21 25 8 22 19 21 10 22 20 13 34 6 22 13 6 19 11 24 29 9 18 17 22 42 15 16 14 19 31 16 8 31 21 22 18 18 18 11 11 21 34 21 29 26 22 18 13 24 13 12 
25 23 11 33 17 26 14 13 29 15 23 15 32 15 10 34 7 28 39 14 19 15 25 32 27 13 23 29 40 29 5 27 17 19 12 16 35 37 12 27 30 32 22 19 17 16 26 16 17 16 
17 35 11 31 16 19 29 17 24 13 23 25 27 31 9 33 9 20 26 6 21 11 27 29 20 10 12 23 27 11 11 25 21 30 18 20 21 35 9 29 21 25 24 10 20 7 14 34 13 7 
30 28 16 21 13 19 30 20 28 13 29 24 21 21 19 24 14 22 36 14 21 17 23 22 23 16 19 30 35 25 15 28 17 8 16 17 27 22 14 30 12 24 19 14 24 21 15 24 18 16 
18 34 16 30 13 21 19 17 25 9 29 17 35 19 15 17 17 37 13 17 18 15 30 29 31 11 18 31 30 14 11 21 27 15 18 12 23 16 6 48 30 29 31 21 21 22 16 17 13 16 
32 30 4 33 12 13 27 12 26 9 41 18 31 17 17 30 14 29 34 8 11 16 30 37 28 12 24 19 15 25 17 26 27 29 12 20 33 30 12 36 17 12 42 19 20 7 16 27 4 15 
30 26 18 32 7 29 19 12 31 12 28 14 20 5 18 25 10 25 16 11 24 12 13 24 24 12 15 20 29 10 3 12 26 25 16 24 20 18 8 16 21 24 20 17 15 22 14 22 18 11 
19 27 10 29 17 24 20 38 30 16 26 14 22 13 10 16 11 34 43 7 15 14 19 25 33 12 28 25 15 33 12 27 16 30 14 30 14 24 5 38 36 26 20 20 27 11 18 26 20 11 
16 34 16 29 9 30 19 15 13 12 29 19 18 23 8 27 12 34 24 2 17 18 20 33 24 12 23 18 22 27 17 25 13 25 17 19 40 24 13 24 28 28 38 20 16 11 13 33 20 13 
21 33 16 28 9 20 18 23 21 18 32 17 24 20 10 12 11 27 26 10 14 5 29 35 31 14 30 15 37 35 11 30 19 15 21 15 28 12 5 16 13 27 44 18 25 18 24 32 22 10 
28 26 17 34 23 18 13 23 22 9 34 22 25 13 17 11 11 30 30 8 23 9 26 29 30 12 26 26 29 18 11 25 16 23 13 18 13 15 7 33 16 23 34 19 19 16 29 22 23 13 
27 25 21 22 15 13 12 19 14 12 31 17 8 19 22 20 12 19 19 9 16 15 17 30 24 17 27 31 21 31 13 23 16 25 17 12 19 13 16 28 42 22 21 20 36 17 19 22 17 20 
33 31 10 20 13 27 30 21 29 8 29 15 25 8 15 15 7 45 23 15 18 15 14 28 39 10 22 22 23 37 10 33 29 29 14 14 24 27 11 29 34 23 22 23 18 13 19 15 21 12 
24 26 13 29 15 14 19 22 22 12 34 27 29 32 14 24 11 20 34 9 20 13 27 20 19 10 31 31 19 29 13 27 18 16 12 23 3 17 13 19 5 23 24 13 17 12 11 34 22 18 
19 23 15 32 20 23 21 17 34 17 27 21 11 21 14 21 21 27 23 11 16 18 24 21 18 18 21 9 17 32 12 36 19 29 12 20 27 19 11 27 10 20 26 21 8 18 15 23 9 3 
31 22 18 27 14 27 21 21 18 12 39 22 14 19 14 25 6 36 33 6 40 15 33 29 20 10 20 31 13 26 14 10 29 23 11 13 29 28 10 15 26 23 27 22 14 16 12 33 15 18 
20 18 16 32 15 20 30 15 16 14 34 17 21 17 18 16 7 29 26 7 15 14 38 24 29 4 23 21 17 42 12 20 17 24 15 24 38 19 12 29 34 34 38 23 26 18 18 33 9 12 
26 35 19 31 24 30 26 18 41 10 21 16 25 22 9 19 11 25 19 8 32 21 20 27 18 12 20 26 18 38 11 22 22 35 19 13 19 25 10 22 21 21 33 14 14 17 14 33 14 21 
26 25 16 25 17 30 24 21 22 4 39 20 27 30 10 20 11 19 34 13 25 18 34 20 28 6 26 24 29 21 12 27 21 32 20 19 17 25 5 24 27 16 34 20 15 16 29 31 12 17 
25 18 10 27 19 24 24 24 30 14 23 15 32 20 12 10 9 23 52 6 20 14 24 23 35 14 25 33 17 20 16 24 17 29 18 16 37 11 11 19 27 13 27 19 26 17 18 24 12 15 
25 22 17 29 22 24 24 24 36 11 28 17 28 20 14 27 9 26 38 15 13 23 19 21 35 10 18 13 25 30 17 31 25 31 17 13 29 16 9 33 29 16 22 16 25 20 19 19 17 15 
18 23 19 33 21 26 26 21 27 14 17 20 22 24 14 19 17 28 36 11 33 15 20 39 13 12 17 23 16 32 12 34 31 27 9 22 21 13 5 31 22 16 19 16 24 20 22 36 22 14 
32 23 18 20 20 28 24 12 22 11 30 10 16 24 8 25 13 36 32 12 32 19 34 26 28 11 21 28 10 26 10 30 19 24 17 22 14 22 9 22 14 18 38 19 11 20 30 22 22 15 
28 20 15 25 4 15 32 22 14 6 25 18 16 24 13 6 12 14 29 9 7 26 27 25 23 14 11 19 23 41 12 29 11 23 13 19 24 17 10 39 25 24 26 11 15 16 12 28 16 22 
23 19 18 37 12 24 18 12 30 14 14 19 26 22 18 31 10 15 29 11 20 22 21 36 26 8 19 24 30 43 11 27 13 23 18 20 31 21 14 29 24 29 24 17 16 12 19 17 22 12 
25 36 13 41 22 7 19 22 31 12 35 9 27 30 19 23 7 22 26 5 24 12 23 27 24 8 33 27 27 28 6 22 24 30 19 16 40 23 7 28 36 24 18 15 18 18 18 29 14 16 
30 28 24 21 27 21 16 24 26 5 34 16 23 16 25 22 15 25 32 8 16 25 17 27 27 10 27 18 38 27 9 19 22 22 13 33 23 22 8 35 18 27 17 16 27 12 15 26 15 18 
12 26 19 25 22 17 17 23 18 11 24 18 22 21 22 32 9 23 30 10 12 18 27 25 26 12 20 33 31 26 8 24 24 35 17 26 31 11 11 32 17 32 30 22 14 20 18 31 21 12 
18 25 10 25 10 17 26 8 22 13 19 18 19 26 13 26 16 37 28 9 11 14 15 31 15 12 27 10 30 19 10 23 34 30 14 23 23 23 8 20 19 14 24 28 25 22 21 28 23 18 
23 18 20 30 13 15 19 23 20 15 28 21 13 21 16 27 11 24 37 13 12 8 17 29 33 9 27 16 26 32 12 29 11 23 10 27 29 18 13 35 40 17 35 15 20 14 16 29 27 21 
27 21 15 29 16 30 23 16 39 12 22 16 11 28 14 28 10 28 32 8 13 19 27 29 32 10 14 18 25 30 14 25 22 25 13 17 34 14 10 18 17 24 29 17 26 18 18 25 21 15 
15 23 13 39 12 21 25 21 20 18 17 25 29 18 12 18 13 30 34 10 25 17 21 29 17 16 27 39 22 31 6 19 22 25 14 13 27 29 9 22 15 19 33 13 19 18 25 36 27 15 
21 29 13 34 19 19 15 15 43 11 24 18 31 15 13 19 17 8 32 12 23 14 28 31 31 9 21 36 29 23 13 15 21 30 9 16 31 27 8 24 21 24 40 26 25 19 19 25 15 17 
15 29 20 37 20 27 27 23 17 5 36 24 25 28 5 23 10 34 22 13 23 16 23 31 32 17 20 23 18 23 17 22 23 20 18 22 31 23 6 42 9 26 30 22 15 21 25 22 13 14 
23 19 15 39 25 30 23 16 27 15 28 20 32 30 23 33 14 23 31 10 16 20 20 34 25 18 34 25 50 30 9 15 21 37 8 16 34 18 6 32 35 15 39 18 18 18 21 26 24 17 
29 32 13 29 12 21 28 26 32 12 43 28 16 24 20 25 13 31 26 4 20 15 16 31 20 9 20 22 25 22 11 28 26 32 24 10 37 33 12 12 22 39 39 23 36 10 15 27 13 21 
15 25 10 20 19 14 10 18 18 16 26 18 28 8 11 14 10 44 25 10 14 21 27 17 26 14 22 29 36 31 2 33 25 33 15 18 21 16 12 40 29 20 24 11 22 24 17 24 13 10 
25 22 18 29 23 21 25 23 18 14 24 18 17 18 13 21 11 34 34 8 25 8 28 21 26 5 24 22 29 26 17 24 40 24 12 17 31 26 10 24 18 28 28 17 24 12 24 42 18 16 
27 30 19 22 14 15 18 18 42 15 29 10 21 15 15 22 10 33 35 9 19 18 32 35 12 16 28 16 26 29 10 31 22 15 22 17 17 37 14 21 37 24 34 19 20 15 20 31 11 17 
12 19 10 23 19 20 21 14 24 7 30 13 31 20 14 10 8 27 27 8 30 12 19 33 26 8 25 15 31 25 11 33 7 21 9 20 21 27 8 17 30 19 25 19 23 12 31 36 12 16 
26 38 8 37 20 22 26 20 25 8 17 20 21 19 10 17 14 31 16 6 11 22 17 21 19 11 28 34 28 10 12 36 18 34 15 15 18 18 7 39 39 23 38 21 24 15 25 32 12 19 
28 32 15 36 18 18 16 22 15 15 21 16 13 21 7 25 5 37 25 15 18 18 17 30 27 11 25 21 23 22 4 28 17 32 11 22 46 7 12 33 9 24 29 16 20 23 24 23 13 20 
25 18 17 37 16 25 17 23 3 12 28 22 44 25 10 21 8 22 36 10 18 17 20 24 27 7 14 22 25 32 12 23 16 38 13 14 26 31 6 32 18 25 53 22 19 23 26 19 17 15 
27 21 9 37 21 17 17 23 40 8 16 17 44 20 11 21 8 28 26 16 15 15 10 14 24 12 21 33 32 13 6 20 22 29 12 26 35 15 9 31 24 12 32 14 28 11 27 21 26 25 
18 16 8 34 26 23 24 31 41 10 29 20 24 23 18 18 10 25 38 12 15 22 30 24 24 4 22 14 22 29 7 19 11 21 11 9 28 28 14 28 38 16 20 16 14 16 14 32 11 7 
20 29 12 32 11 36 25 32 30 11 32 26 23 24 10 15 11 17 32 11 18 10 34 22 30 13 21 26 36 29 13 36 33 21 13 18 27 25 10 26 32 28 28 17 19 26 20 27 16 19 
21 29 20 30 21 17 14 18 32 5 13 19 23 34 6 22 12 21 29 13 31 17 29 12 20 16 24 34 41 29 9 22 28 29 13 7 17 18 11 40 20 16 33 12 23 17 19 24 25 17 
21 25 15 45 20 23 14 27 23 12 44 12 32 19 14 27 9 50 36 11 24 11 16 43 24 15 30 27 27 20 13 26 31 38 12 24 16 30 7 26 33 14 34 19 26 21 19 23 23 16 

MachineCapacities:
MachineID Capacity
0 10
1 10
