NumTasks NumMachines NumScenarios
10 3 500
TaskDetails:
TaskID ReleaseTime ResourceConsumption SuccessorsCount Successors...
0 0 9 8 10 2 3 4 
1 0 5 8 7 0 
2 0 4 2 2 0 
3 0 8 6 1 0 
4 0 7 1 5 0 
5 0 8 2 10 1 8 
6 0 5 3 9 0 
7 0 1 2 3 0 
8 0 6 6 4 0 
9 0 6 4 4 0 

32 31 15 18 12 30 14 19 24 14 26 17 35 36 16 32 25 21 19 13 15 9 10 23 31 22 36 15 29 21 
20 13 18 13 19 27 19 18 21 14 19 34 15 31 14 21 32 22 21 29 14 20 22 12 35 23 22 19 26 26 
35 27 19 14 12 36 23 32 22 22 43 20 16 30 14 23 35 19 16 17 7 24 28 13 23 13 32 18 26 21 
42 22 16 13 19 36 12 26 17 14 17 22 20 27 20 51 29 29 15 18 13 16 25 21 29 14 45 18 19 22 
28 32 17 20 10 32 15 27 14 20 23 22 17 25 17 13 31 20 18 15 17 19 35 22 40 23 23 12 11 24 
30 22 16 10 13 22 13 26 18 11 30 22 19 32 19 23 16 18 14 11 16 17 11 19 30 32 32 18 13 29 
43 32 13 15 22 47 17 10 14 16 23 28 19 29 14 34 19 25 18 14 27 18 34 20 25 19 26 18 24 15 
45 16 22 12 20 23 20 32 20 15 33 20 15 32 19 34 38 22 14 18 18 22 23 13 23 20 26 18 16 19 
29 25 20 21 25 29 13 27 18 18 35 31 17 29 4 29 26 10 15 18 17 15 31 15 24 14 23 22 22 17 
38 18 15 15 15 28 11 30 23 14 23 33 20 31 20 13 22 13 14 13 15 23 13 23 32 28 31 21 13 18 
23 22 22 23 19 33 22 20 23 13 17 27 22 24 16 21 18 7 11 25 18 14 31 20 37 17 22 18 21 17 
45 29 18 17 25 29 11 30 20 19 24 21 19 32 14 32 35 29 20 21 17 16 26 11 28 24 19 17 13 38 
48 38 21 22 25 20 20 24 23 7 10 25 18 26 16 25 27 21 16 19 19 10 22 15 17 24 22 17 31 18 
30 31 13 19 25 25 20 18 28 17 42 21 18 28 24 16 29 17 17 28 18 25 28 11 18 16 32 28 11 22 
47 22 14 23 15 26 21 15 25 17 30 25 26 27 13 28 34 18 18 29 17 17 17 19 30 18 34 16 19 22 
28 28 19 14 16 31 9 37 17 21 20 24 12 31 19 31 22 9 16 22 21 18 24 11 31 20 29 21 14 20 
35 30 15 9 16 28 22 33 22 18 35 21 4 42 20 18 31 23 18 30 18 33 35 9 43 13 24 13 27 22 
24 19 11 8 26 28 15 31 29 14 24 31 8 25 14 24 32 12 21 13 18 15 25 18 29 18 25 25 31 17 
13 24 24 18 25 39 16 27 35 10 22 20 31 41 18 23 14 29 20 22 12 24 28 14 27 16 29 22 23 19 
22 21 22 18 26 28 26 25 13 16 30 21 29 27 15 28 23 29 16 22 13 15 25 12 30 24 24 18 24 21 
26 33 24 15 31 40 16 24 29 18 18 23 21 21 14 41 14 18 17 13 12 14 29 10 35 10 28 12 23 26 
24 33 26 19 8 30 18 22 15 20 32 31 18 14 11 31 29 17 24 13 8 21 28 12 21 30 30 23 22 11 
11 18 17 17 22 37 27 23 21 20 27 12 26 26 20 36 35 11 16 22 13 13 16 14 24 21 24 20 18 10 
30 30 12 13 19 32 22 23 22 20 37 17 29 26 15 15 27 14 21 28 11 18 33 19 31 19 34 18 28 24 
19 28 20 17 30 26 23 23 19 18 16 28 24 28 21 35 16 31 6 12 12 20 20 16 31 29 25 20 21 23 
34 35 15 10 23 22 19 27 23 14 28 23 29 27 17 19 27 27 18 22 12 22 31 18 31 28 28 16 23 26 
12 21 22 12 18 26 14 19 22 10 13 23 5 20 12 18 35 25 17 28 16 21 27 8 21 18 25 15 31 16 
29 22 20 19 12 40 23 21 21 16 30 28 18 23 18 8 27 21 13 6 25 21 29 18 25 27 36 21 31 10 
25 20 26 15 13 28 26 26 14 7 32 20 27 33 15 9 25 11 22 22 11 20 32 16 39 30 20 16 27 23 
21 24 20 14 18 24 17 25 27 17 24 19 18 21 15 43 39 15 12 27 22 26 29 10 36 23 31 19 29 28 
26 36 25 10 14 33 20 35 41 16 21 22 28 28 19 43 27 19 14 35 12 17 28 12 28 24 22 22 17 18 
23 27 28 13 17 38 21 14 29 18 13 26 15 22 7 40 26 16 14 18 18 20 36 22 33 24 25 10 16 15 
31 19 22 18 25 12 26 23 28 15 34 29 19 24 10 30 20 4 14 24 9 23 25 15 42 13 23 21 26 22 
35 25 21 17 19 37 20 31 10 17 26 24 29 23 12 28 25 12 14 20 15 16 19 16 21 17 31 21 18 23 
28 25 16 14 13 29 22 26 13 15 39 24 11 26 13 42 28 2 23 18 18 18 28 17 25 19 33 23 27 17 
23 27 19 19 27 25 17 12 25 16 31 17 27 47 22 45 37 24 17 24 9 14 19 10 15 24 23 22 25 22 
28 30 16 14 23 37 19 25 18 21 24 16 18 20 12 34 14 26 18 22 17 20 35 16 25 21 29 23 15 22 
27 39 16 17 26 29 11 21 20 11 22 19 13 13 16 32 35 14 13 12 13 24 20 13 32 25 20 16 16 20 
31 21 18 18 21 38 21 23 23 20 18 30 4 24 24 24 23 9 17 19 20 18 41 18 39 9 39 10 19 24 
30 33 21 15 17 31 18 15 21 20 31 17 21 27 11 41 36 9 7 17 19 30 14 14 28 28 35 20 14 21 
38 21 19 22 23 31 21 23 25 14 19 31 21 28 14 35 21 26 15 28 17 19 39 23 30 36 39 26 18 26 
34 21 15 15 24 25 18 34 22 19 37 29 16 43 13 22 29 16 18 22 21 17 22 17 22 12 36 10 26 21 
28 15 22 17 16 16 18 22 29 14 26 28 29 31 11 40 29 18 20 22 19 21 35 21 41 26 37 13 21 31 
20 16 21 16 17 13 11 19 24 18 37 24 21 31 13 28 26 25 12 15 17 19 30 16 46 19 34 24 16 21 
46 22 31 15 26 16 16 17 21 13 28 17 21 24 18 21 27 21 9 22 11 14 29 16 36 14 23 17 16 20 
21 31 24 23 19 22 15 19 12 14 40 27 18 23 15 44 34 13 16 22 9 12 16 17 45 26 27 18 27 14 
31 29 26 15 30 21 24 35 22 13 36 20 17 41 14 24 20 24 10 21 14 14 23 18 22 20 35 22 34 14 
32 26 14 15 17 34 11 23 22 15 32 29 33 22 12 44 28 21 11 14 17 24 37 13 41 12 26 17 7 28 
32 21 19 24 23 16 19 19 26 15 29 17 17 27 15 20 26 17 8 12 14 18 27 15 10 18 21 19 20 13 
32 28 16 15 28 27 23 22 13 22 26 18 20 26 14 39 18 31 15 25 14 19 28 12 36 25 19 24 20 26 
24 34 20 17 17 31 22 32 9 19 40 34 23 16 14 32 31 13 24 24 23 21 33 12 20 33 18 14 21 17 
9 33 6 15 14 33 15 33 17 13 27 22 16 28 19 27 26 27 9 13 22 14 19 16 44 17 28 21 25 13 
28 38 16 15 20 40 16 23 23 16 19 22 13 25 15 33 20 41 21 14 21 20 30 16 20 24 31 17 21 26 
33 18 16 16 15 24 19 24 19 16 14 26 21 32 12 31 30 23 20 19 12 18 25 16 27 23 28 15 19 16 
24 23 6 20 21 27 14 31 29 15 17 33 23 42 15 32 21 16 26 23 16 27 29 15 29 21 12 14 20 22 
43 20 19 13 34 37 20 26 29 13 25 13 14 31 22 29 31 13 19 11 18 14 25 9 13 19 32 16 12 27 
36 22 18 21 33 16 14 21 32 13 28 25 19 29 14 23 20 29 10 25 13 24 26 16 31 13 36 22 25 24 
29 26 14 20 15 37 19 23 36 11 30 30 26 34 13 36 29 20 18 19 18 10 30 26 33 25 20 16 35 25 
22 35 28 17 12 18 18 39 11 13 18 21 19 26 22 23 24 27 24 27 18 14 22 15 39 20 35 14 24 23 
32 18 17 9 31 33 18 27 18 23 16 16 24 36 17 29 34 23 17 23 10 22 32 15 26 20 24 17 17 24 
42 13 21 17 16 30 33 30 25 15 29 19 18 17 16 22 18 18 18 26 18 21 26 20 34 34 31 18 21 19 
22 26 22 19 30 29 16 24 10 19 28 17 16 24 18 24 21 14 15 16 10 24 25 21 30 22 19 13 20 27 
30 33 23 13 14 37 14 27 32 17 14 22 24 21 16 33 20 25 18 22 16 20 23 15 29 24 30 26 17 21 
34 18 26 22 20 45 26 32 29 11 26 29 13 20 12 33 13 19 16 15 20 21 29 16 38 21 46 18 28 27 
26 21 21 18 18 31 16 22 16 17 11 20 22 27 18 48 22 23 16 22 11 17 20 20 31 21 22 14 15 25 
36 29 16 4 17 32 19 13 13 16 40 23 6 30 10 53 22 22 17 11 17 13 24 13 38 25 31 20 24 18 
41 25 16 17 15 34 23 23 18 23 39 9 15 34 10 26 23 20 17 34 20 14 31 16 20 27 17 18 15 24 
32 17 24 20 19 34 18 29 30 10 30 18 22 37 15 30 27 18 17 21 12 28 26 9 32 35 26 18 32 23 
23 11 18 22 11 15 16 25 24 16 36 26 7 27 18 24 29 20 16 12 17 27 30 15 41 27 22 12 8 20 
30 23 22 23 20 16 16 40 16 10 37 22 27 19 19 27 16 30 8 22 20 13 36 16 30 24 32 19 22 25 
23 19 26 19 31 25 12 19 16 17 32 21 16 23 19 33 32 21 16 15 14 24 16 16 10 24 39 24 17 29 
31 26 16 28 19 30 15 22 27 13 23 27 22 19 15 47 30 20 14 21 16 19 24 8 27 17 33 17 25 13 
34 31 28 16 19 34 20 35 15 21 26 25 26 39 14 36 36 22 20 38 21 12 20 14 52 25 24 22 16 18 
38 28 25 11 24 39 18 31 25 11 28 26 17 23 22 46 29 14 20 31 24 15 34 11 20 14 25 13 24 33 
22 18 23 9 11 34 18 21 23 15 30 26 17 27 19 34 22 17 15 18 13 24 35 18 24 33 22 19 34 16 
14 18 23 17 17 25 29 19 25 12 39 20 20 41 14 32 22 27 11 16 17 23 46 23 28 18 18 24 20 12 
26 13 20 21 28 37 16 22 16 12 21 25 16 29 11 18 16 24 11 23 8 15 14 16 30 26 13 25 29 14 
33 18 17 13 29 40 21 24 22 17 27 20 26 26 17 28 31 13 20 31 14 14 20 13 30 15 27 24 5 13 
36 22 8 3 15 44 25 31 26 14 35 18 27 35 16 25 14 28 13 23 10 20 41 20 24 21 22 21 17 20 
42 25 17 17 20 49 23 27 20 17 26 28 24 26 18 26 27 13 13 28 15 27 29 8 40 26 16 22 19 29 
35 24 9 12 15 34 20 27 25 9 22 31 17 23 15 14 19 22 12 20 9 16 31 18 23 25 27 7 25 22 
25 29 18 8 31 29 1 27 11 19 35 10 10 43 11 35 52 22 23 11 28 15 23 15 44 14 36 20 11 12 
21 22 16 7 20 31 19 18 27 13 20 28 12 28 16 33 25 13 17 18 13 23 40 11 54 24 31 10 18 23 
29 18 11 15 29 36 24 29 24 10 33 28 20 40 15 34 24 18 18 16 23 18 16 19 36 8 37 20 18 27 
24 31 25 18 30 9 13 18 20 16 41 22 21 35 15 48 18 17 19 28 20 18 43 23 22 19 27 17 9 32 
23 30 18 18 20 37 26 15 25 14 34 28 16 28 9 28 39 11 15 17 17 24 32 8 34 23 31 20 22 17 
26 21 30 18 23 40 19 27 16 10 37 31 34 18 15 21 23 21 10 24 15 23 32 15 14 13 11 19 26 31 
25 27 25 20 28 23 11 30 20 11 23 15 17 32 15 19 21 16 16 16 16 18 14 19 33 25 24 19 21 22 
34 25 22 15 25 26 12 19 5 16 18 26 12 26 16 36 22 21 17 9 15 20 42 11 36 19 23 21 25 16 
27 22 17 13 20 16 24 32 19 17 24 23 23 30 19 43 27 20 20 24 14 21 34 19 14 26 43 10 15 17 
36 30 22 18 27 33 16 31 20 14 17 24 13 33 16 36 39 33 17 26 15 24 28 13 22 28 40 11 22 24 
20 15 23 19 23 28 10 24 41 8 43 37 31 29 22 21 28 13 20 15 23 21 33 19 37 20 38 21 26 12 
35 28 12 21 21 35 21 34 21 10 28 23 19 31 16 25 13 23 10 28 8 22 31 18 32 26 20 23 18 35 
43 32 15 19 21 20 11 31 20 15 34 26 27 18 13 23 29 22 20 22 19 22 25 13 27 18 26 19 25 32 
15 28 17 15 16 36 18 23 30 24 38 23 14 32 19 31 26 14 14 24 18 18 30 16 29 22 28 7 22 28 
24 22 20 22 18 34 21 27 36 14 31 40 16 35 13 29 18 18 9 12 20 13 32 13 27 19 25 14 24 20 
28 24 21 17 24 25 21 42 28 10 51 18 20 38 13 26 15 23 18 19 14 16 17 15 46 17 31 31 35 27 
29 23 16 16 24 27 12 29 24 9 37 20 27 25 17 31 20 19 15 20 15 22 25 10 27 28 35 23 22 21 
38 32 18 19 11 39 10 16 26 17 24 11 20 31 16 34 25 33 15 15 16 24 23 14 31 20 26 13 28 32 
36 17 16 18 14 34 19 27 21 14 33 20 12 20 14 46 28 19 17 19 15 16 25 19 45 23 21 15 28 17 
23 22 33 15 19 28 28 29 23 15 36 2 18 17 5 24 19 11 19 31 22 13 30 16 35 16 27 17 27 9 
21 16 23 10 26 31 19 20 23 14 41 22 22 29 13 35 10 29 16 21 18 18 18 16 30 25 27 16 25 14 
21 24 24 18 12 27 26 15 22 15 42 24 19 32 9 34 30 26 17 21 17 23 19 12 35 23 21 16 27 27 
38 18 25 16 23 20 18 5 19 16 23 24 10 30 10 36 11 19 19 22 12 23 22 16 24 25 30 18 33 20 
20 41 16 18 17 39 19 15 28 13 18 22 22 46 19 37 27 33 18 15 19 15 15 12 15 25 28 19 18 27 
39 22 31 12 12 25 21 29 23 11 16 18 11 40 15 47 28 18 16 14 13 18 34 20 39 26 21 23 21 30 
44 14 15 17 12 13 15 28 19 11 22 13 27 35 16 47 25 21 14 25 19 23 23 20 33 28 27 18 17 19 
37 26 12 18 21 44 21 21 20 15 27 20 23 23 13 15 24 17 19 28 12 17 35 15 33 24 17 16 12 31 
4 7 19 17 27 29 26 36 24 10 28 21 29 26 20 33 30 27 10 25 17 11 34 12 26 34 17 26 22 19 
20 27 13 14 15 24 17 28 26 24 25 22 20 32 14 28 24 16 18 9 17 13 21 24 16 30 38 18 17 21 
40 20 18 9 27 18 22 23 18 16 38 19 17 28 13 42 32 15 15 14 17 21 24 19 28 19 22 20 14 20 
23 23 20 14 20 20 14 22 24 15 17 22 28 37 23 21 22 27 15 22 14 12 42 11 32 24 35 17 32 14 
32 21 14 12 18 15 14 43 19 17 26 26 25 6 13 30 18 24 10 7 7 12 51 17 29 15 14 20 19 23 
41 11 25 14 18 26 20 28 35 9 24 28 5 26 16 48 20 14 24 27 18 13 23 11 29 32 33 24 29 22 
21 28 24 9 14 15 18 27 22 17 31 25 20 29 21 34 26 22 17 16 11 22 28 12 26 27 38 23 32 24 
12 19 24 15 15 23 10 30 24 9 16 16 12 21 18 44 34 18 18 8 17 21 28 15 33 26 30 20 24 11 
30 19 18 17 17 31 24 21 13 10 45 19 18 29 13 16 39 22 13 21 18 19 22 17 30 28 14 24 17 30 
23 22 20 8 10 25 13 32 29 15 15 21 18 36 14 23 27 19 19 19 18 22 26 15 22 21 38 25 15 27 
37 19 15 20 26 38 25 17 24 11 36 28 16 36 15 44 38 31 12 14 17 20 21 9 13 30 21 17 26 19 
27 26 22 15 26 19 19 11 29 11 32 24 23 32 10 24 17 23 20 16 20 14 21 7 30 13 26 24 21 18 
43 20 18 10 23 31 21 27 13 12 18 32 22 32 13 49 28 27 12 17 17 17 32 12 16 26 24 13 28 18 
21 22 12 10 17 34 17 28 14 14 37 26 21 22 19 34 36 26 7 28 14 18 28 19 27 20 34 11 25 23 
29 18 16 15 25 20 21 25 17 9 27 25 21 26 17 46 21 17 13 18 4 15 24 24 43 25 29 19 29 25 
32 32 24 19 28 44 22 23 27 14 44 30 18 28 15 43 17 30 12 16 17 13 34 22 30 5 13 13 11 25 
16 23 20 16 6 23 27 35 22 13 28 42 20 30 15 26 27 16 13 19 24 19 39 21 23 11 34 22 17 26 
44 24 14 15 18 15 18 27 11 18 27 23 33 31 11 34 23 18 14 31 14 23 23 12 31 19 37 28 12 23 
36 28 9 20 14 24 17 16 27 15 27 15 19 32 14 31 22 24 11 7 17 20 16 21 35 18 25 23 20 12 
34 18 19 26 21 36 7 12 20 16 18 31 30 25 20 30 34 18 11 22 21 23 9 14 28 27 20 18 17 14 
26 20 29 18 15 26 23 23 28 13 29 29 20 34 21 27 28 21 12 20 22 27 26 19 11 13 26 20 18 25 
14 18 27 10 17 16 23 17 20 11 21 28 18 23 13 25 25 27 20 19 25 25 33 18 32 20 28 22 14 19 
17 36 21 17 14 23 16 30 25 8 35 18 16 27 14 24 44 23 22 17 17 18 20 21 40 32 32 22 20 23 
27 28 14 9 17 30 24 26 37 18 24 24 27 35 13 24 24 21 16 10 20 22 26 12 32 22 27 18 18 24 
48 21 25 12 22 25 20 29 17 17 30 14 17 25 19 34 38 21 10 30 15 23 22 13 19 24 34 13 14 18 
27 23 15 14 12 29 30 22 30 12 34 28 22 37 15 29 15 14 12 24 11 18 12 20 28 28 29 14 32 29 
43 21 13 14 21 22 14 31 21 14 25 19 28 36 17 18 24 13 14 31 10 11 7 14 34 23 22 21 26 36 
23 35 22 16 18 31 17 22 26 14 42 26 19 30 14 36 32 23 12 21 23 13 13 16 27 28 15 27 19 10 
37 43 18 14 31 30 19 19 28 13 15 21 23 14 19 43 29 33 13 15 21 15 33 16 12 34 18 19 19 19 
30 23 19 17 14 36 23 31 20 5 27 27 25 27 15 23 17 24 17 16 17 17 30 17 30 26 16 19 13 32 
35 22 26 21 27 37 17 22 37 13 32 14 21 32 23 30 40 18 22 28 12 18 18 14 48 22 28 21 19 24 
21 22 18 9 24 38 11 34 23 14 34 29 4 26 17 32 22 25 15 16 10 27 33 10 27 27 15 20 28 23 
23 33 27 13 21 33 21 15 15 14 30 16 10 31 20 26 29 26 17 15 16 23 31 9 26 24 25 16 22 21 
25 16 13 16 11 26 24 20 31 9 29 18 15 16 11 24 27 18 9 18 22 12 13 9 21 18 20 16 25 14 
31 30 14 17 13 22 17 17 26 19 30 21 21 22 7 26 22 24 17 22 20 13 24 19 22 26 31 9 16 32 
31 18 24 20 14 21 21 42 20 16 20 23 15 21 15 28 24 14 13 21 16 11 42 15 21 22 34 16 28 26 
26 20 20 12 34 14 17 27 18 19 35 23 22 32 7 30 28 22 21 19 14 18 41 14 15 30 33 25 25 18 
34 29 14 13 23 33 9 34 18 13 22 22 22 32 13 36 27 22 12 14 16 18 37 20 23 31 9 20 30 15 
18 25 27 14 22 35 17 38 27 10 25 27 21 22 14 40 23 25 14 14 13 21 21 9 30 9 20 19 18 27 
40 16 19 22 22 39 24 26 28 19 17 22 34 34 20 24 16 20 16 26 13 15 34 22 22 26 9 16 17 29 
20 36 24 16 10 24 26 30 14 22 38 24 25 35 20 32 37 11 12 15 17 27 25 16 22 15 19 23 17 25 
18 23 19 13 22 34 25 18 24 23 27 27 19 21 15 38 24 26 14 19 17 16 24 20 22 17 38 14 13 34 
28 33 12 18 31 39 20 30 21 9 23 21 9 32 11 38 28 28 19 12 22 19 44 18 19 25 15 19 34 11 
25 29 11 19 15 33 22 28 22 13 16 19 17 29 15 42 18 17 17 18 17 12 8 16 30 20 27 16 24 14 
35 31 17 17 24 31 12 23 29 17 16 25 16 23 12 36 20 17 14 32 21 17 34 11 38 24 31 24 20 22 
29 20 24 22 23 31 14 21 20 15 25 28 24 20 10 39 21 22 6 13 17 22 25 14 35 17 24 19 23 29 
27 20 20 11 6 44 18 23 14 16 32 20 15 39 17 38 30 9 15 21 19 17 18 12 32 20 35 22 20 16 
23 27 19 13 20 23 18 30 23 12 36 24 31 27 15 13 26 20 17 23 14 17 37 7 15 17 30 19 21 17 
20 25 26 14 16 12 20 35 25 19 38 30 21 26 16 22 23 20 14 17 20 22 22 17 14 27 16 20 20 26 
34 8 12 25 23 28 19 26 28 14 26 24 24 21 25 16 26 23 18 15 18 14 25 9 28 19 15 11 18 15 
29 24 23 21 16 29 25 25 15 23 23 28 22 25 18 18 29 11 19 20 16 20 16 14 37 23 29 14 30 21 
26 29 13 15 9 31 16 29 23 18 33 28 29 29 21 24 33 24 14 18 17 18 34 15 19 16 29 14 17 23 
46 27 14 18 21 24 21 27 20 19 41 20 14 34 14 28 31 10 16 23 10 18 16 13 30 28 33 14 22 22 
36 16 20 16 23 31 16 18 17 13 32 21 27 35 13 31 30 19 18 10 24 21 41 18 34 19 21 12 13 24 
34 23 9 17 28 32 22 22 18 7 32 15 18 12 17 33 35 16 15 24 16 17 23 15 23 24 19 17 20 25 
28 20 17 15 17 38 22 32 17 12 41 16 27 31 7 42 32 28 15 15 15 23 33 21 8 16 38 24 24 25 
29 29 19 14 16 32 25 24 28 7 36 21 9 31 11 37 36 22 18 21 17 17 15 11 18 19 24 20 20 31 
21 26 18 16 12 42 22 25 18 20 17 26 26 23 17 27 27 18 20 12 21 16 35 14 24 18 42 23 17 24 
30 35 16 10 26 22 17 28 18 24 43 30 16 25 11 37 25 17 23 33 15 17 28 11 35 20 24 24 19 19 
43 30 18 19 19 19 19 33 21 16 18 29 22 33 14 40 18 14 13 20 13 13 38 12 21 17 20 20 18 20 
17 22 24 15 17 18 18 18 24 17 28 21 18 20 18 45 27 20 15 28 14 21 40 12 21 25 11 20 19 22 
22 29 12 19 17 28 14 26 16 14 37 20 24 27 20 29 22 24 18 30 18 22 24 19 42 23 25 26 16 15 
22 35 16 15 18 30 27 29 28 20 39 7 19 21 13 25 26 30 19 20 14 25 30 6 27 18 20 8 39 21 
24 23 19 21 23 29 15 31 22 21 27 25 7 29 16 27 29 22 15 23 16 22 23 23 33 22 27 27 18 35 
24 17 22 13 16 30 24 20 29 13 34 21 15 18 16 40 29 27 16 24 10 24 29 20 16 16 21 20 33 26 
37 34 10 24 10 33 19 13 17 12 31 26 14 25 13 29 20 22 16 18 17 16 31 11 41 18 29 22 19 28 
31 20 29 11 22 23 35 20 16 21 36 30 12 24 14 32 23 25 20 23 19 13 26 22 31 17 23 22 28 18 
17 29 24 10 19 37 26 35 26 21 31 19 20 23 20 21 20 21 17 31 20 21 16 10 42 31 22 21 29 21 
33 25 22 20 24 36 21 34 23 15 34 20 19 33 5 40 19 17 13 19 22 14 30 19 34 33 23 18 24 22 
36 25 22 9 26 35 18 33 18 18 36 17 10 29 18 23 37 26 16 13 11 17 33 10 53 14 24 22 14 21 
25 16 19 13 21 24 27 14 15 16 17 23 18 25 16 28 27 19 15 13 23 28 15 7 27 19 19 16 13 5 
39 32 25 19 27 34 18 30 20 14 46 15 21 4 14 36 37 15 16 12 20 22 30 13 26 16 33 22 30 12 
22 35 20 16 18 32 18 16 28 13 27 24 6 28 15 48 14 17 19 18 16 16 16 12 22 18 30 30 20 12 
27 25 18 23 23 22 21 19 22 18 19 19 12 39 17 30 33 20 21 20 15 21 15 23 43 27 22 20 9 30 
24 25 13 1 23 19 21 43 20 13 31 28 12 12 12 19 36 24 16 16 19 15 26 20 32 19 39 20 29 22 
20 24 15 21 22 32 28 25 25 17 21 32 13 29 6 12 26 19 9 28 15 16 45 12 35 18 33 12 24 28 
46 16 10 20 15 29 23 38 26 12 27 24 21 27 10 19 32 11 12 16 7 21 38 13 48 24 39 15 29 27 
41 22 28 13 27 21 19 28 32 23 40 31 21 11 17 46 31 30 14 16 21 19 25 15 29 25 29 15 16 17 
21 26 22 19 26 38 15 15 18 19 23 32 27 28 21 48 26 11 23 13 11 19 34 19 43 19 35 15 26 20 
31 19 11 17 19 31 26 31 31 14 33 21 23 26 10 21 22 21 9 26 12 21 22 20 16 22 20 16 24 15 
33 39 22 12 13 31 25 21 36 14 35 27 16 23 13 35 33 18 20 23 17 17 26 18 22 21 29 18 28 28 
40 29 28 13 13 26 22 42 32 20 32 23 28 33 15 25 30 12 12 10 15 12 25 12 37 17 34 22 31 17 
13 22 12 11 22 30 20 21 23 15 15 16 17 31 18 20 23 11 17 24 14 21 36 16 21 17 11 18 23 18 
29 29 15 10 20 10 22 27 21 15 21 20 21 34 15 23 13 16 19 10 23 18 42 9 43 20 27 14 24 21 
34 25 21 18 11 32 22 16 26 8 20 35 17 14 17 22 15 18 18 21 18 22 19 17 16 18 1 18 25 32 
42 22 14 19 9 27 18 28 21 12 18 31 16 19 15 30 26 10 20 15 18 23 35 15 27 21 17 29 18 23 
27 34 15 20 17 20 18 15 18 13 17 24 27 21 11 11 24 12 14 10 14 21 21 13 32 17 21 23 29 20 
16 27 25 22 21 34 21 21 25 9 33 27 15 28 16 23 36 15 17 18 18 20 32 17 27 25 23 19 19 23 
28 22 12 13 19 30 21 21 17 18 38 30 18 25 22 23 20 35 12 20 15 20 31 20 31 22 28 20 20 38 
15 23 16 14 15 28 29 21 19 17 43 22 21 20 23 40 28 34 11 25 17 20 38 13 36 29 9 15 14 24 
26 37 14 14 31 14 14 27 23 13 36 32 21 24 8 27 16 15 12 21 14 22 8 9 35 29 26 22 22 24 
35 17 18 14 10 32 15 17 15 18 29 23 10 22 11 25 26 23 13 29 18 21 28 13 51 16 25 18 22 30 
30 17 25 20 20 22 18 19 23 18 28 23 25 37 19 41 29 14 22 26 19 21 26 18 29 25 41 22 10 28 
41 18 25 24 27 33 17 21 23 15 31 31 18 40 13 18 23 22 11 18 10 29 23 12 20 20 47 19 26 17 
39 29 21 14 22 34 11 29 29 8 24 13 14 25 10 45 24 10 17 16 14 19 38 12 28 20 26 18 32 28 
25 26 25 16 18 44 14 21 27 20 23 24 21 22 15 36 21 24 20 21 12 24 29 15 33 21 28 16 27 23 
17 17 23 19 27 30 18 23 17 16 37 27 25 22 23 33 29 27 16 30 22 12 24 16 38 29 16 24 21 16 
35 31 20 23 18 25 19 16 21 12 13 18 19 19 18 27 24 16 12 21 18 18 34 13 35 23 27 14 26 12 
22 33 17 16 11 35 16 16 26 5 37 24 16 30 15 36 32 7 12 21 17 11 36 14 28 34 37 6 26 22 
20 24 11 21 20 22 13 25 24 11 28 24 13 22 17 23 18 33 17 8 19 11 28 18 39 24 22 15 32 12 
44 35 16 20 4 22 15 17 30 11 33 25 18 42 15 44 24 17 19 29 22 19 23 11 36 26 14 14 30 17 
21 25 23 12 24 25 12 23 19 25 33 26 19 38 19 30 25 19 16 30 18 19 21 13 36 22 32 20 20 23 
8 18 27 14 24 22 19 15 26 15 17 23 14 3 15 38 21 13 22 16 10 23 29 21 26 18 38 19 19 19 
22 24 14 13 31 42 21 17 14 17 22 24 21 14 16 20 27 20 14 23 18 11 18 19 28 32 28 19 18 39 
36 26 14 18 23 29 14 28 29 15 26 11 21 33 16 33 23 11 18 24 17 21 26 15 35 17 11 14 23 30 
27 22 19 19 18 26 24 26 7 14 22 29 19 26 18 31 20 19 11 12 18 22 30 14 42 24 24 16 29 33 
33 19 16 22 31 34 16 17 23 21 20 16 10 29 12 40 22 25 12 9 6 14 31 20 37 22 22 15 16 13 
33 24 28 17 18 27 17 18 21 18 24 15 11 28 21 35 31 9 19 20 14 18 14 13 30 23 32 18 18 11 
28 5 25 23 17 17 22 28 24 20 26 34 20 28 22 20 32 10 14 22 17 32 23 21 12 27 35 20 23 17 
38 17 13 14 20 17 12 27 12 15 23 20 35 23 15 28 36 19 17 22 19 20 23 19 30 24 20 29 9 11 
31 16 15 16 27 23 11 28 29 20 22 25 20 35 15 25 24 24 10 9 19 14 49 18 29 19 24 21 19 22 
31 26 19 14 19 29 31 25 20 16 22 33 9 40 22 36 23 18 22 23 16 21 29 18 26 32 15 20 14 19 
24 28 29 14 29 27 17 27 28 15 22 17 21 37 17 24 30 21 14 31 27 18 35 15 28 29 23 23 22 24 
22 22 22 12 25 30 17 17 11 8 30 21 19 28 16 34 29 24 18 25 13 10 12 17 39 27 22 21 14 27 
33 15 12 15 25 33 13 36 14 13 34 24 20 29 24 47 24 28 11 19 13 18 32 13 32 32 48 8 17 25 
45 20 20 20 14 26 23 34 20 22 26 28 12 33 17 48 24 16 15 15 16 20 19 18 17 22 26 18 21 23 
29 16 23 18 16 35 21 17 19 15 21 19 17 10 24 21 33 19 23 24 11 27 16 16 21 16 23 21 28 16 
36 22 15 10 23 27 21 22 18 11 25 23 14 39 12 40 22 5 22 18 19 12 25 17 27 19 19 14 28 33 
35 26 22 16 17 22 27 22 30 13 19 19 23 26 19 37 19 27 12 34 20 26 24 11 25 19 24 23 17 12 
17 26 24 20 20 49 24 26 19 10 25 28 28 32 22 20 26 16 16 25 13 18 26 10 43 20 43 27 18 14 
32 31 18 22 28 39 21 13 21 11 37 14 29 39 17 50 13 11 22 23 16 14 25 14 36 28 23 13 22 31 
18 24 12 5 25 26 23 18 18 11 18 29 28 45 12 18 29 17 18 24 15 19 34 12 32 18 28 19 22 22 
28 34 24 12 17 40 19 33 20 19 43 18 19 23 23 47 19 31 12 23 25 21 33 8 47 10 23 18 18 30 
26 35 20 14 10 33 27 29 19 15 23 33 16 22 8 42 33 25 11 19 13 10 24 15 30 21 30 18 23 18 
49 32 21 14 21 25 17 9 15 13 26 21 20 36 10 27 20 24 19 11 21 16 20 14 28 21 23 21 6 12 
21 26 20 14 19 33 24 28 25 17 24 37 18 47 11 40 36 20 10 23 17 13 18 18 32 20 25 16 19 14 
30 12 18 16 33 12 17 33 20 6 24 24 17 22 12 29 21 22 18 17 18 18 38 6 44 16 22 22 21 12 
26 31 31 21 19 19 22 38 16 21 24 24 6 19 19 28 28 19 9 27 19 19 30 18 8 25 21 23 23 29 
21 25 26 24 19 26 24 32 18 17 13 24 21 25 17 34 16 24 14 21 19 16 30 21 38 9 22 20 25 16 
7 18 24 26 21 24 23 29 24 13 35 15 20 36 20 9 16 22 20 23 13 18 32 19 22 23 28 18 19 24 
19 22 27 13 17 26 15 30 14 13 25 13 31 31 17 26 33 18 24 22 10 20 22 21 34 12 27 18 33 21 
43 26 21 13 9 31 23 25 23 18 19 9 10 31 12 24 28 17 18 18 21 17 17 13 23 19 12 17 22 29 
42 21 22 18 16 38 16 32 27 18 27 28 29 34 15 38 32 23 15 14 22 22 31 15 25 27 30 12 34 17 
15 15 17 15 10 28 10 30 18 14 18 16 20 14 12 36 28 25 9 11 19 12 31 25 21 23 34 13 16 30 
23 14 27 14 25 37 22 29 30 14 12 16 23 28 18 38 24 34 16 18 20 23 24 21 39 16 36 18 16 21 
33 42 32 16 16 33 11 23 22 7 26 27 30 22 16 11 29 29 14 19 13 22 14 15 11 14 27 20 25 20 
34 16 25 11 22 22 14 17 17 12 23 29 26 37 15 31 24 28 12 21 14 14 31 21 46 16 37 18 25 25 
39 10 23 15 28 15 35 29 20 18 34 21 18 19 18 15 31 9 26 26 17 10 39 18 19 15 13 17 12 20 
33 22 23 23 15 33 20 31 31 15 28 15 26 25 15 36 32 26 15 15 21 21 37 15 18 23 35 22 22 22 
40 32 17 19 23 40 17 31 11 8 38 20 20 28 13 24 28 8 9 28 15 19 23 17 29 27 27 21 27 24 
35 36 23 12 13 28 22 31 29 12 25 21 14 33 13 30 34 15 26 15 13 17 29 21 25 29 48 22 26 25 
28 33 21 18 17 24 22 20 18 15 30 18 25 40 23 40 28 32 19 24 18 28 12 15 16 11 25 15 28 25 
33 39 21 13 20 29 17 23 24 17 43 25 25 20 16 32 16 21 18 29 10 15 16 9 28 19 22 20 30 20 
26 31 18 8 27 30 14 26 19 13 37 32 21 33 17 7 25 27 20 16 21 27 36 12 26 27 31 25 22 24 
28 29 17 25 11 31 22 20 31 12 29 16 15 37 15 33 26 18 16 11 20 19 36 17 6 22 8 17 20 35 
34 21 14 19 21 35 19 23 25 17 15 22 22 27 13 49 22 16 16 22 18 15 23 9 26 39 18 14 27 19 
19 21 15 16 20 40 23 21 10 14 36 25 13 16 14 40 24 24 19 22 29 19 37 15 12 25 33 18 26 24 
26 19 26 16 24 25 10 36 19 15 23 23 26 14 16 22 27 18 8 12 19 18 29 14 21 28 16 14 38 20 
25 25 18 9 24 22 15 17 17 14 23 28 6 42 14 29 24 17 19 25 25 26 16 14 38 21 33 20 25 23 
38 34 21 15 10 13 18 27 17 22 20 25 19 15 17 43 20 14 24 10 15 18 38 13 47 27 22 18 31 36 
19 28 25 13 26 27 22 24 18 21 33 19 22 29 21 26 25 18 11 18 17 23 29 15 28 20 43 25 26 36 
28 39 20 19 18 33 29 20 26 15 34 27 14 19 17 17 22 32 13 12 22 20 24 21 29 14 35 21 28 17 
18 22 18 10 20 27 15 28 18 17 7 24 20 38 17 34 21 20 16 14 18 22 25 13 11 20 34 17 29 21 
37 13 13 16 16 33 21 13 20 11 42 24 22 7 20 32 28 25 12 10 17 35 23 19 31 27 33 10 24 18 
29 32 13 11 21 24 26 26 28 18 44 27 25 20 22 21 36 32 13 19 15 12 32 25 19 25 23 20 27 19 
36 23 19 21 6 32 13 22 17 15 37 35 27 15 14 30 21 14 12 14 16 16 39 20 21 25 27 22 23 30 
39 23 18 11 15 25 23 21 21 15 35 24 11 25 18 31 20 19 17 13 17 20 19 21 34 28 23 11 35 28 
15 36 17 15 19 36 26 17 30 13 18 25 12 31 17 25 28 21 17 18 16 19 23 18 38 23 29 14 26 36 
36 22 23 18 23 37 15 14 20 18 26 24 18 41 15 36 15 5 10 33 20 18 26 21 37 11 24 20 27 8 
38 26 25 17 24 21 16 19 16 19 24 21 13 31 20 25 18 18 10 21 11 12 36 14 20 19 48 20 24 29 
28 14 16 15 16 34 18 31 17 20 27 23 20 48 16 29 24 20 20 25 8 13 20 14 20 14 34 21 20 27 
39 32 20 18 26 21 25 19 24 20 30 19 16 29 12 43 29 27 21 18 9 18 15 21 20 18 49 10 16 21 
28 26 22 11 21 34 21 16 23 14 37 14 26 43 15 24 9 15 9 18 17 14 37 15 25 22 26 22 14 26 
43 25 11 14 25 29 8 15 28 16 32 28 32 27 17 22 26 27 20 24 17 17 24 17 32 16 23 20 27 25 
42 20 25 13 21 28 19 33 14 18 20 21 24 26 8 43 29 25 14 24 16 16 38 18 33 15 8 13 25 18 
21 18 19 17 28 17 14 23 18 14 11 27 25 14 12 28 22 23 10 17 14 20 29 11 32 25 24 21 21 6 
39 27 26 18 23 34 10 26 22 13 34 19 16 30 18 24 17 21 17 34 17 21 39 12 33 25 48 19 26 22 
27 30 19 23 17 41 19 32 34 16 29 18 18 29 15 22 19 29 14 11 15 24 28 12 23 17 19 18 32 21 
36 21 17 14 24 20 17 24 31 20 14 32 27 19 13 22 19 15 21 21 25 14 28 13 19 29 28 9 19 24 
37 26 18 10 15 32 16 20 24 19 41 32 18 43 20 25 18 24 15 16 14 24 22 19 55 28 19 11 20 27 
26 32 15 7 14 26 19 27 23 16 21 20 17 35 21 28 26 16 16 25 20 20 31 14 39 37 22 17 19 24 
29 21 26 12 23 28 26 23 33 21 28 24 20 22 16 26 30 20 14 26 17 20 30 17 34 33 28 20 22 22 
46 25 6 13 13 37 16 12 22 5 26 14 24 32 16 18 24 26 20 15 16 20 23 11 29 27 21 16 27 20 
23 11 17 16 24 22 26 30 20 9 34 30 25 24 15 39 19 28 10 22 15 17 24 16 26 25 35 23 9 17 
37 17 11 17 23 25 20 25 23 14 33 19 27 25 8 35 24 17 17 23 22 12 27 4 30 27 18 13 20 14 
21 28 13 13 26 11 25 29 27 16 23 21 34 37 18 23 23 21 14 10 17 30 15 11 40 19 33 26 31 15 
43 16 19 17 16 30 26 27 30 20 23 26 23 26 18 44 26 22 18 15 10 13 31 18 30 28 14 21 17 23 
25 17 25 22 6 27 18 28 23 14 40 24 16 28 23 27 23 13 19 24 24 23 42 21 29 19 38 23 23 19 
32 26 14 14 24 35 22 25 15 11 23 24 16 20 17 35 21 22 13 21 13 23 24 18 50 28 14 17 31 20 
34 32 29 21 23 40 20 18 9 10 22 23 14 31 18 25 40 17 21 16 24 21 24 14 36 32 35 17 17 13 
21 29 15 8 21 34 13 14 15 13 21 16 29 28 12 49 23 17 23 20 13 20 31 15 35 32 26 18 17 21 
37 23 25 15 13 9 17 22 24 16 20 24 17 27 16 42 26 23 20 22 9 11 23 15 32 25 30 19 32 28 
30 18 15 23 16 33 18 23 18 18 29 21 21 27 13 47 28 17 24 20 11 20 32 15 36 26 34 19 21 14 
28 20 25 20 20 22 25 28 27 13 27 31 19 25 17 26 18 20 18 28 28 18 25 8 29 25 18 22 28 12 
21 31 21 14 18 37 20 13 19 16 25 29 19 31 16 23 28 19 14 32 23 16 17 17 34 18 24 17 33 13 
24 18 22 26 13 20 19 25 22 17 19 35 13 28 16 36 18 12 19 7 15 21 30 20 45 23 41 23 22 23 
34 24 22 11 34 29 19 25 29 11 20 20 28 26 12 42 29 25 24 18 4 19 32 20 51 24 29 18 27 26 
32 21 26 15 27 32 13 24 19 9 19 34 21 28 12 20 28 30 10 18 13 20 16 10 19 16 24 18 16 20 
22 28 15 25 11 36 12 30 14 14 26 19 18 30 18 41 22 25 15 18 17 16 41 16 24 29 21 21 29 26 
20 29 19 23 29 44 6 16 28 16 16 30 22 25 12 26 22 8 18 15 14 15 12 19 33 15 30 23 26 21 
22 19 26 21 15 31 19 23 23 21 25 17 21 28 13 28 30 33 15 24 11 27 30 15 44 17 19 20 26 18 
29 7 21 14 26 32 26 26 32 13 40 26 20 23 16 58 28 15 12 17 20 15 27 16 34 28 15 27 21 19 
28 25 12 18 28 21 20 29 25 19 14 22 19 30 17 47 23 20 12 18 18 21 17 15 18 19 27 19 13 18 
34 22 17 6 20 34 22 13 24 10 18 23 24 20 17 57 34 17 16 18 16 15 36 9 21 16 41 16 22 25 
32 24 20 18 23 27 14 15 21 21 25 16 31 35 20 35 29 30 14 18 11 26 38 17 24 22 37 25 17 23 
40 34 11 20 23 28 12 33 19 17 29 31 27 34 16 21 32 25 21 27 10 17 35 19 28 21 12 21 26 22 
19 30 22 17 31 27 17 27 12 14 41 22 11 25 19 26 29 14 17 21 18 26 30 16 27 33 20 18 19 25 
26 27 19 12 8 13 20 32 20 15 21 18 24 26 13 32 20 27 16 19 10 25 25 12 33 16 18 11 17 12 
36 22 12 15 15 16 11 24 28 18 32 21 26 16 17 35 26 20 21 19 14 19 31 12 27 32 35 17 32 17 
31 27 14 15 16 28 9 29 21 17 32 23 19 30 15 27 31 7 13 28 15 18 38 11 30 23 41 21 32 27 
24 26 26 18 25 27 22 18 26 16 26 19 19 28 19 30 24 15 11 28 20 19 31 9 15 17 37 13 22 13 
42 24 25 15 19 24 20 21 25 22 39 18 27 35 15 27 30 19 24 21 13 26 23 17 23 19 22 21 24 9 
30 32 13 21 15 32 18 22 21 15 26 17 20 17 18 36 26 13 25 14 17 20 28 21 41 11 16 26 28 23 
27 24 24 19 34 22 17 30 14 18 17 10 15 35 14 23 40 17 16 17 6 20 15 16 20 21 28 26 19 14 
17 16 8 13 22 30 23 25 23 9 33 24 25 33 17 15 13 16 17 28 13 13 32 9 24 5 33 15 21 21 
43 38 21 17 17 37 18 17 16 13 20 20 18 28 18 35 36 21 7 14 16 10 44 12 20 24 24 16 33 26 
29 33 15 20 20 17 14 29 23 16 21 23 16 28 22 33 32 13 14 18 13 21 15 20 36 20 20 19 19 26 
29 25 19 13 26 31 16 20 22 20 21 24 20 39 13 25 24 31 20 24 17 9 33 17 38 25 34 14 20 25 
19 26 19 14 24 27 25 30 26 18 38 16 17 20 19 22 23 21 16 10 21 17 30 12 35 21 22 19 20 25 
21 25 22 11 14 29 23 22 18 13 20 30 11 22 13 37 39 23 10 23 16 18 38 10 38 24 15 16 12 16 
28 10 13 20 15 38 15 26 13 17 33 15 18 29 14 20 24 13 17 27 11 13 24 11 18 21 28 25 23 28 
6 19 22 14 15 28 11 22 33 16 18 24 19 34 13 34 24 14 15 22 18 12 8 14 19 13 41 24 24 31 
35 28 13 14 16 41 21 22 18 16 23 23 13 29 11 37 30 23 17 23 11 21 24 19 24 20 29 16 25 19 
34 25 18 19 13 31 16 23 24 16 41 24 23 32 13 13 29 10 19 18 22 12 26 11 31 24 28 11 27 29 
43 15 24 20 25 24 15 23 25 14 39 23 11 28 15 30 23 25 22 9 16 18 23 15 41 28 30 15 26 16 
52 16 9 8 21 23 21 30 10 10 22 19 10 19 14 15 27 15 14 24 16 19 27 8 49 18 26 26 27 21 
27 23 28 24 19 19 24 22 25 11 27 25 18 7 15 11 32 19 11 23 13 21 42 11 32 12 23 18 29 21 
34 38 20 18 20 17 18 25 31 11 23 27 25 41 28 48 18 11 23 16 18 21 25 23 33 27 30 11 22 23 
15 25 12 12 19 31 15 43 20 13 30 18 25 27 13 42 20 16 15 26 20 14 15 9 38 26 18 13 26 17 
19 26 16 8 26 42 9 15 23 14 29 32 17 14 14 23 38 25 24 28 15 19 29 7 40 19 28 14 22 21 
25 28 21 15 21 29 19 29 27 13 25 33 19 34 16 51 31 23 23 16 21 19 12 17 48 18 7 18 22 29 
36 25 21 13 30 26 19 20 15 14 27 17 20 31 17 18 29 23 6 27 13 21 31 18 24 13 23 12 23 21 
25 23 25 13 27 22 26 13 19 15 25 24 23 31 5 37 26 21 21 20 10 20 41 16 27 19 28 12 19 11 
28 28 19 17 23 41 12 19 22 11 24 22 27 35 14 25 20 23 16 27 21 2 26 14 36 11 29 19 19 15 
44 25 27 23 23 21 24 21 22 17 37 26 25 38 16 37 28 27 8 29 19 24 12 15 45 15 17 21 20 19 
32 25 24 13 18 40 19 21 22 15 32 19 15 29 21 50 17 19 22 28 21 13 19 12 21 35 26 19 23 27 
29 12 18 17 32 21 19 31 4 14 21 18 19 25 6 28 23 30 22 24 22 18 29 21 19 15 26 13 10 23 
31 24 9 22 21 27 12 19 13 15 17 23 15 20 17 38 28 13 15 28 22 12 50 17 32 30 16 13 15 16 
30 23 17 9 11 24 19 22 13 14 30 23 22 35 18 37 25 17 10 28 23 19 29 17 43 11 25 14 15 19 
16 26 14 10 22 44 16 22 16 15 20 23 23 34 20 46 35 23 8 19 19 14 27 14 28 27 23 13 24 10 
33 18 17 16 17 22 17 18 24 13 29 16 19 16 19 26 20 16 18 25 17 16 30 27 20 20 26 12 17 21 
30 33 17 11 11 24 19 30 27 13 21 28 23 8 16 33 28 16 16 23 20 17 45 17 16 27 34 21 22 26 
14 38 27 17 11 22 13 20 24 16 28 28 31 26 18 31 15 17 17 14 16 18 23 14 56 29 29 22 26 22 
30 22 22 11 15 26 23 35 27 11 35 38 11 24 23 33 26 18 21 20 14 21 32 17 22 18 25 20 22 36 
25 17 19 18 22 35 14 22 22 21 25 28 16 29 22 28 37 30 17 12 20 18 20 19 41 24 36 23 18 16 
22 25 19 11 12 37 27 33 30 10 27 26 12 27 13 35 41 21 11 17 11 23 25 14 39 18 26 20 11 24 
28 30 27 23 30 50 15 10 21 12 42 27 23 26 15 32 28 15 17 26 23 19 17 9 39 9 28 16 21 24 
31 34 13 20 27 27 19 22 21 14 17 29 25 25 17 27 38 23 20 15 15 16 32 11 30 21 26 23 26 21 
39 23 24 15 20 45 23 14 29 20 20 22 23 41 15 33 23 16 17 14 14 22 24 14 27 16 30 15 20 23 
15 22 15 23 21 21 29 30 15 13 26 24 18 27 9 21 30 27 9 29 14 18 18 17 26 23 39 15 7 23 
34 24 18 21 24 55 20 25 13 17 26 31 18 25 14 46 27 28 15 14 17 19 37 20 42 29 28 22 16 20 
37 39 25 13 27 37 16 40 31 10 33 34 21 28 11 12 31 24 15 16 17 19 38 15 32 13 34 9 30 20 
27 30 23 18 19 18 12 20 27 16 18 30 9 31 17 42 27 23 13 11 7 20 19 9 19 20 24 14 17 15 
38 18 21 16 26 15 16 28 11 18 24 38 29 25 24 16 28 20 13 20 16 21 36 10 42 22 28 15 18 11 
30 25 29 25 21 34 29 23 14 20 27 32 31 34 15 31 23 20 14 23 13 19 28 20 26 22 21 18 37 20 
44 28 8 15 23 31 15 28 31 22 37 22 19 31 19 24 18 26 7 26 18 14 26 13 13 10 10 16 27 31 
17 17 21 10 18 32 18 28 12 15 49 24 13 33 19 25 29 20 20 26 13 27 31 19 20 21 36 21 16 27 
28 22 25 16 14 34 17 32 16 15 16 28 21 30 11 25 10 21 21 17 13 20 21 14 32 23 22 29 15 12 
32 24 14 25 24 36 14 32 21 18 16 9 22 22 23 53 27 23 19 9 18 15 32 18 39 26 19 17 20 33 
48 26 19 22 11 22 21 22 13 4 27 16 19 32 23 36 11 21 16 12 14 12 22 12 16 21 35 18 21 24 
35 22 15 8 26 24 13 30 17 11 16 26 6 28 9 39 29 31 17 14 22 24 30 19 32 19 19 23 21 19 
30 18 14 16 22 26 17 22 13 7 14 16 27 29 21 34 30 17 13 20 7 16 11 12 44 22 25 20 25 26 
35 20 23 21 16 41 23 25 29 15 29 34 21 21 20 30 32 18 21 12 8 22 34 19 28 28 25 26 13 22 
14 32 9 14 22 28 21 36 20 15 39 25 32 20 16 24 42 27 12 24 19 23 7 13 26 26 31 12 26 22 
29 20 24 14 14 32 12 21 18 11 43 21 20 17 9 42 28 18 24 11 17 20 24 8 22 21 13 26 29 13 
31 23 20 16 12 19 23 21 25 13 26 17 12 28 14 27 17 28 17 25 18 19 31 14 39 20 42 16 14 21 
45 30 17 17 13 32 17 10 21 18 18 22 20 22 11 4 24 16 26 18 12 15 32 16 38 16 18 15 25 19 
38 28 20 22 24 49 13 43 28 22 23 19 13 15 27 29 29 19 22 28 18 19 20 16 29 4 37 12 28 31 
15 38 18 8 19 18 21 30 30 17 19 21 25 29 23 30 22 25 20 27 14 18 24 14 37 16 42 26 22 28 
29 30 9 20 16 31 19 24 19 13 27 20 26 16 15 17 11 18 18 31 17 21 34 12 39 19 30 20 27 16 
41 37 21 10 17 29 16 21 24 17 22 12 21 20 14 20 32 13 13 23 20 15 32 17 23 20 36 14 25 21 
32 13 14 19 23 30 17 21 17 13 19 14 13 32 20 27 22 24 18 15 16 15 27 11 33 29 28 22 26 21 
22 21 25 17 33 39 16 20 14 20 31 19 24 18 22 24 27 26 15 27 21 23 30 20 39 26 24 21 19 26 
25 17 23 15 23 35 24 27 26 17 10 21 18 19 11 30 20 26 19 19 13 19 32 16 19 28 24 11 24 19 
45 27 23 11 28 18 21 28 15 16 27 29 22 32 11 11 28 25 17 23 18 13 33 15 27 16 31 7 21 20 
33 17 20 17 16 22 25 31 22 18 20 20 23 22 11 21 19 24 17 29 22 15 32 9 26 14 29 26 23 12 
30 30 20 11 19 30 20 22 21 22 11 36 25 14 14 26 29 19 14 16 9 29 12 12 39 25 18 26 16 27 
20 21 18 9 28 26 25 34 22 8 31 13 26 29 12 30 17 35 17 37 13 23 16 16 23 18 37 12 26 21 
31 26 9 13 19 36 14 30 21 13 44 24 26 20 18 19 30 18 15 14 10 17 29 13 34 19 32 22 29 15 
32 13 16 26 10 27 17 28 20 15 38 27 31 31 15 36 17 14 14 13 25 15 32 19 21 15 30 13 13 27 
35 32 17 13 25 26 18 23 15 13 45 22 20 30 21 29 20 23 19 19 17 19 29 14 39 16 31 12 19 27 
29 24 13 16 28 35 10 30 21 15 16 17 16 39 9 26 28 29 15 23 18 19 33 12 30 16 34 20 8 21 
30 25 21 20 16 35 14 28 23 22 27 34 25 35 16 29 19 19 15 20 17 20 26 17 33 30 28 23 34 19 
17 29 15 14 21 28 21 33 19 22 30 22 10 32 17 32 24 24 15 17 13 10 28 18 39 20 30 10 21 22 
28 23 19 17 30 27 16 30 17 16 33 23 22 32 21 34 33 16 10 23 23 22 24 22 30 25 15 19 19 23 
35 23 18 16 19 32 17 17 21 16 27 20 17 26 15 30 23 19 18 27 22 20 25 17 18 24 29 17 20 21 
24 30 17 12 17 31 18 29 22 5 27 12 24 16 11 23 24 23 15 26 15 19 35 9 33 13 24 26 20 13 
34 15 15 13 15 43 13 24 25 6 21 20 19 41 15 15 28 19 24 23 19 18 26 17 19 21 36 22 30 22 
21 12 24 16 26 33 17 22 26 17 27 28 13 29 9 27 24 17 11 15 16 15 31 18 37 22 30 23 14 21 
35 20 15 10 23 24 20 32 19 14 27 38 20 22 14 31 27 23 18 19 18 19 33 13 21 25 26 12 21 29 
24 15 23 12 14 23 22 21 20 20 15 25 22 25 17 26 25 22 12 23 22 21 27 13 27 4 13 20 22 18 
20 15 26 13 25 23 17 16 19 14 31 22 14 37 18 52 23 27 16 32 10 20 21 15 32 19 34 14 13 37 
38 37 15 21 19 38 22 16 31 12 21 24 27 25 21 46 13 18 19 10 21 22 31 12 23 19 33 12 15 31 
21 25 17 18 21 33 19 18 25 9 13 21 15 31 21 35 32 24 14 28 14 19 33 14 22 9 19 11 25 14 
34 18 12 21 19 38 16 15 19 17 23 19 19 23 15 27 35 25 19 26 14 16 34 20 27 28 16 21 31 22 
21 25 18 10 36 39 5 21 30 21 25 23 15 17 11 24 23 28 20 21 13 29 24 21 30 27 36 24 28 20 
36 26 22 16 16 31 22 19 27 9 23 24 15 21 14 38 25 21 12 34 26 27 37 20 32 18 31 12 14 16 
36 26 13 13 32 34 33 23 26 23 27 26 27 22 17 38 31 11 17 30 18 17 37 13 38 24 28 10 31 25 
23 15 19 11 28 22 10 24 19 13 32 20 24 25 13 25 31 9 16 15 10 24 36 13 23 22 26 20 16 25 
31 24 18 8 19 28 26 32 12 10 25 28 24 29 23 24 29 12 14 15 12 18 35 11 22 25 27 6 23 20 
33 21 24 19 18 41 19 34 32 13 36 27 13 36 15 34 24 12 19 27 13 12 23 14 16 34 29 15 18 24 
16 22 23 24 18 14 19 31 26 12 18 25 13 34 12 26 18 18 21 22 11 22 35 5 44 21 9 15 28 17 
31 21 16 20 27 22 13 25 30 11 27 25 31 23 15 32 22 26 17 24 17 17 33 16 27 22 32 14 24 17 
22 24 18 13 26 21 23 12 20 23 19 21 19 7 16 39 32 18 15 17 16 23 26 21 24 11 33 26 15 32 
45 26 20 12 18 23 18 21 20 16 26 14 23 23 21 37 36 33 13 26 11 18 28 10 34 21 28 23 29 31 
24 23 17 11 23 35 18 23 30 19 25 29 10 17 15 34 33 33 20 20 19 23 29 13 22 26 16 18 22 21 
20 13 16 18 23 23 19 26 26 15 26 16 16 30 9 21 30 22 14 20 16 27 18 13 1 11 28 15 24 29 
35 24 21 19 24 33 18 18 26 14 22 17 23 29 15 26 32 19 15 21 19 13 30 11 33 18 33 21 34 21 
44 14 21 21 20 30 22 26 20 17 25 27 27 21 19 27 24 18 14 25 21 19 17 16 38 19 31 21 16 21 
36 30 14 19 26 28 21 23 30 22 26 24 20 15 16 35 21 26 16 15 18 23 30 19 45 15 28 24 15 17 
29 34 14 9 26 33 22 15 18 12 18 11 6 20 16 24 38 27 20 26 19 20 36 16 25 25 23 19 18 21 
33 36 19 22 21 25 20 31 20 17 26 31 26 28 21 12 24 9 13 11 13 20 33 10 16 24 31 23 17 22 
31 17 14 15 20 25 15 30 13 16 28 26 26 32 23 23 25 22 17 8 11 29 23 15 44 17 23 16 23 19 
18 18 19 19 19 27 17 28 22 10 28 28 24 36 19 29 33 30 13 20 12 17 31 21 13 29 23 15 25 18 
31 19 21 9 20 27 29 22 22 8 19 30 23 28 13 23 17 19 15 25 16 19 32 11 13 14 24 14 15 29 
33 25 24 18 15 31 16 28 17 18 25 24 26 25 13 43 27 16 15 16 19 15 32 14 14 23 33 22 15 27 
32 33 17 19 15 22 20 30 22 19 35 26 24 27 20 21 24 21 12 15 20 15 40 20 26 28 35 19 25 29 
30 18 11 26 14 46 13 25 19 16 17 21 9 40 21 33 30 21 16 18 20 15 24 13 42 13 28 23 27 22 
39 29 15 13 19 27 20 27 18 7 20 24 9 16 10 31 32 12 11 10 18 22 28 14 33 26 27 12 6 30 
35 21 27 14 23 31 19 26 18 15 35 16 14 22 20 36 21 31 19 16 13 21 24 19 30 12 21 18 17 27 
24 23 18 14 12 23 19 24 12 17 20 20 20 32 23 31 33 21 16 17 9 25 39 16 27 24 25 18 25 20 
39 36 15 15 22 21 19 29 22 19 33 15 15 14 19 34 35 23 12 22 20 19 39 11 37 22 9 27 26 17 
21 21 17 21 16 30 13 6 16 16 45 18 15 18 17 20 35 13 14 26 17 17 19 12 38 31 30 7 25 36 
28 23 10 8 23 24 22 13 22 13 24 30 22 12 13 29 26 38 5 22 8 27 28 13 22 28 26 22 25 23 
24 28 19 8 23 23 20 23 15 15 14 23 11 27 10 23 21 17 15 25 16 21 29 15 38 12 22 26 25 21 
37 26 9 19 18 33 15 19 15 11 23 22 22 26 12 32 40 20 13 20 16 17 24 15 37 24 16 17 28 12 
20 22 16 15 23 29 25 27 24 4 27 16 13 44 20 28 24 14 17 17 13 11 30 17 15 21 33 17 18 21 
37 32 23 18 29 38 20 13 19 12 39 24 14 16 7 21 21 25 12 16 15 18 38 16 19 29 36 21 18 28 
48 8 15 12 8 35 15 36 23 21 27 24 24 27 20 42 31 16 18 11 23 25 43 21 20 22 26 21 18 11 
16 23 20 14 12 31 24 26 22 10 38 20 23 31 23 43 19 17 17 18 10 27 17 13 20 25 24 20 20 24 
21 34 24 13 13 40 26 27 11 8 20 20 21 26 17 44 29 27 11 21 16 16 23 19 33 21 42 14 26 23 
37 37 19 10 20 27 27 36 20 24 32 26 14 36 21 28 28 23 18 25 22 13 23 19 26 26 26 24 20 22 
30 16 15 14 24 12 14 25 23 6 32 22 22 27 16 20 26 18 17 21 17 27 52 11 28 22 26 19 27 28 
38 38 24 25 25 15 17 14 26 12 33 29 13 37 16 22 24 11 19 23 20 27 21 13 23 18 11 21 28 10 
35 27 15 12 8 35 19 22 31 14 25 35 23 28 18 20 13 17 21 27 16 14 35 13 32 27 29 16 23 22 
29 19 20 15 14 27 25 30 25 13 26 27 26 38 17 29 34 15 18 24 19 21 27 19 31 19 23 5 25 28 
22 21 15 17 17 44 23 22 21 10 33 25 22 20 9 36 19 15 14 19 16 18 14 12 30 23 28 17 24 27 
31 31 24 22 16 36 15 16 20 14 29 25 21 23 19 20 30 28 18 31 12 26 25 16 43 24 35 11 17 19 
24 29 19 19 14 29 16 27 21 10 24 22 21 21 19 39 17 25 12 21 18 29 24 19 38 17 31 16 17 16 
34 22 28 10 12 33 25 18 17 17 29 18 28 37 20 36 25 21 16 14 22 17 22 12 20 25 39 23 19 17 
33 18 20 21 17 39 20 19 20 14 33 24 17 34 21 37 24 13 12 20 13 23 20 18 34 24 23 14 16 31 
31 30 16 23 24 35 20 20 19 11 23 33 8 17 12 19 14 16 18 22 10 21 28 20 13 28 39 14 20 18 
43 14 22 13 20 32 17 23 26 11 33 30 25 23 7 53 26 26 17 18 15 26 28 13 35 25 39 19 25 18 
39 46 19 12 12 23 22 34 33 15 18 19 22 28 13 24 24 25 13 33 20 23 21 14 32 22 38 12 15 27 
22 30 16 18 19 29 9 31 22 12 27 27 26 33 16 45 27 15 16 23 19 24 33 13 30 21 37 28 19 14 
16 12 17 14 21 35 17 28 27 15 25 30 16 42 17 29 34 23 17 22 9 12 18 15 21 20 16 27 26 27 
28 29 19 16 27 34 19 20 24 16 24 32 21 30 15 29 29 22 18 16 24 12 26 16 31 27 29 10 16 28 
29 29 16 14 26 37 17 29 17 18 35 14 23 17 17 31 15 14 9 10 16 18 30 19 43 21 41 26 13 24 
17 19 16 13 19 29 16 19 18 11 32 25 23 25 16 38 10 22 12 29 18 14 2 15 33 24 27 19 14 19 
21 29 15 24 22 20 20 24 22 7 34 22 24 31 18 24 27 21 13 7 13 10 24 11 31 18 33 21 20 26 
22 22 21 19 17 25 26 19 25 16 20 26 19 19 12 23 25 26 17 23 15 14 27 21 35 23 20 19 20 22 
35 22 21 11 15 35 16 17 27 14 46 31 15 30 16 35 27 34 18 24 14 20 12 12 18 26 25 13 21 17 
22 27 22 19 22 26 12 22 29 14 16 25 19 34 15 42 26 19 21 17 19 11 20 15 22 21 35 20 15 20 
43 23 24 25 27 20 18 27 21 20 34 21 29 35 13 37 22 21 18 28 14 11 32 19 21 17 17 22 16 22 
16 28 20 9 14 32 17 24 22 17 32 28 18 5 16 35 26 20 13 21 13 17 21 13 45 27 27 13 18 25 
24 24 20 13 37 26 32 21 24 7 37 25 15 28 18 14 33 18 22 14 14 18 27 14 34 31 24 13 34 18 
31 21 18 21 19 25 22 26 22 18 29 30 14 37 18 31 20 27 19 23 19 21 30 13 44 17 18 22 30 14 
36 24 21 12 17 33 23 26 18 14 27 16 27 35 19 31 18 10 14 16 18 25 21 19 22 26 27 22 14 18 
24 15 37 11 17 32 18 33 25 10 39 26 8 29 12 27 26 21 14 23 16 21 54 13 18 10 15 11 23 14 
23 24 28 24 22 32 24 29 29 15 24 32 14 32 17 39 34 16 13 15 16 9 28 17 38 25 22 23 26 24 
27 20 23 18 24 20 21 9 16 16 41 14 14 28 13 37 21 25 24 22 20 16 28 13 35 31 34 21 29 22 
30 28 18 16 19 24 22 12 23 15 30 32 32 26 17 40 20 17 17 23 15 11 29 17 38 24 22 10 25 24 
28 12 10 16 17 30 11 19 10 17 27 30 13 24 17 31 27 21 15 14 22 19 45 10 21 12 21 10 26 13 
30 23 17 15 18 29 15 26 15 18 25 16 18 30 10 11 25 24 17 11 12 21 32 16 25 30 32 19 24 7 
38 15 23 17 19 26 22 26 22 11 30 27 23 29 7 52 15 24 19 24 17 13 27 22 28 23 16 25 21 32 
36 12 21 10 18 26 24 25 21 17 39 29 22 25 11 14 26 7 7 27 15 18 37 10 31 32 27 13 16 8 
17 29 23 17 20 12 16 15 20 10 17 18 13 28 13 25 36 25 16 23 15 20 33 19 56 27 33 22 34 25 
20 17 22 19 25 28 22 27 20 12 22 18 21 19 18 25 25 23 21 32 12 19 42 15 27 22 27 17 19 26 
28 25 21 21 24 28 22 24 23 18 33 21 19 37 8 21 22 22 13 40 12 15 42 16 39 18 37 18 25 16 
22 24 22 15 17 9 13 32 22 19 43 22 14 32 12 23 23 30 12 31 21 21 39 13 46 25 37 20 18 11 
30 25 20 20 19 37 14 33 13 12 20 20 26 32 21 28 21 22 17 17 11 19 22 17 35 14 24 21 19 20 
31 35 19 12 19 27 26 16 6 26 34 29 19 24 9 24 37 17 19 22 15 20 31 13 28 20 29 17 13 22 
30 25 13 24 27 16 11 22 23 15 32 25 20 19 16 22 31 26 19 18 8 32 26 9 46 22 35 18 30 20 
26 17 23 17 20 38 5 30 21 14 40 32 31 28 10 40 26 19 21 13 18 21 20 21 20 26 27 16 16 21 
15 24 16 18 23 37 21 33 24 24 40 16 15 27 13 6 27 17 16 29 14 9 40 23 27 23 30 14 24 25 
23 27 20 14 16 30 24 25 24 14 40 32 19 18 17 42 24 18 17 20 22 24 26 14 41 36 26 15 27 21 
33 27 21 15 9 18 24 16 24 16 31 22 27 23 15 32 30 18 18 21 15 17 33 20 29 20 30 19 7 19 
21 20 12 13 19 23 21 32 19 10 29 29 17 36 17 40 13 21 17 9 14 30 38 10 33 21 30 16 20 32 
37 23 19 15 22 18 19 10 29 14 31 28 17 18 21 14 25 13 14 21 17 19 31 20 44 21 44 20 30 28 
25 27 14 12 6 31 29 33 20 13 36 19 26 24 21 37 19 18 15 27 18 16 49 21 27 16 36 26 12 24 
15 27 23 10 33 38 14 17 9 14 16 13 21 23 16 45 29 16 12 22 17 22 23 12 29 30 20 18 26 29 
24 34 18 16 34 17 17 33 32 11 25 28 25 27 22 21 28 18 20 27 17 18 27 16 35 20 25 22 9 29 
23 21 16 19 9 26 14 22 22 20 46 29 25 36 15 43 22 10 10 22 13 24 34 11 35 23 29 28 21 34 
29 28 7 18 15 26 14 20 23 19 28 25 23 18 17 26 25 25 17 22 18 24 10 17 27 15 33 24 29 19 
1 35 20 19 14 38 15 19 25 11 40 26 12 31 12 25 44 15 10 24 18 20 19 13 38 22 27 8 19 28 
25 33 25 18 16 32 21 28 22 12 30 27 27 26 20 44 29 20 21 8 15 13 42 4 30 22 38 15 18 20 
24 31 14 19 24 40 18 26 11 11 37 20 25 22 14 18 18 23 19 23 21 17 27 13 14 24 26 23 32 13 
19 31 19 19 21 24 13 23 19 16 28 26 19 37 12 36 26 22 15 15 22 26 21 16 25 25 20 7 24 14 
26 22 29 19 16 35 26 25 22 19 33 24 16 12 16 36 8 18 13 23 19 19 29 21 27 24 34 15 25 27 
18 25 19 18 18 34 16 30 22 15 29 21 10 21 19 36 23 25 10 20 19 18 31 9 16 30 18 20 27 17 
32 25 19 16 28 22 20 37 20 12 28 20 24 33 15 26 23 22 16 17 20 12 26 13 25 28 16 22 29 20 
36 30 20 14 14 21 16 16 19 18 29 31 34 22 19 18 27 14 14 26 17 12 35 18 24 20 17 20 25 21 
36 30 25 19 27 18 18 31 20 13 11 26 16 18 11 25 22 18 16 21 17 22 30 16 20 30 9 24 41 19 
32 33 6 19 24 37 19 24 20 19 22 17 14 27 16 28 28 20 20 34 7 12 28 19 29 23 25 13 24 25 
30 29 23 12 26 34 21 30 26 18 29 18 17 13 14 22 24 20 15 22 16 7 31 20 33 8 29 22 29 19 
22 27 12 21 11 28 21 33 18 18 41 33 22 31 24 38 17 22 17 19 8 30 23 14 39 13 22 22 10 30 
22 11 12 16 25 30 18 19 20 12 27 17 13 32 13 22 20 15 19 13 18 25 30 15 42 24 27 20 16 18 
46 20 27 15 17 31 18 18 25 17 11 24 19 17 15 26 33 21 9 17 18 20 26 19 9 19 26 15 18 22 
32 16 18 16 22 42 32 25 25 10 26 26 23 26 8 46 30 24 18 26 14 26 46 13 39 14 31 17 25 24 
42 12 16 17 29 21 15 32 23 18 26 25 9 34 9 32 26 17 17 26 14 12 37 14 43 23 19 13 24 17 
37 19 23 16 27 35 18 21 32 15 25 25 21 10 11 39 21 28 8 19 14 26 33 11 17 20 32 19 24 24 
34 23 13 14 22 32 12 20 17 11 27 19 12 29 22 22 26 24 15 17 19 17 18 21 23 32 31 26 25 26 

MachineCapacities:
MachineID Capacity
0 10
1 10
2 10
