NumTasks NumMachines NumScenarios
10 3 500
TaskDetails:
TaskID ReleaseTime ResourceConsumption SuccessorsCount Successors...
0 0 9 1 6 1 2 
1 0 8 8 9 1 4 
2 0 7 3 9 0 
3 0 2 6 10 0 
4 0 10 10 2 0 
5 0 3 3 4 0 
6 0 4 3 4 2 8 9 
7 0 1 6 7 0 
8 0 3 8 2 0 
9 0 4 9 4 0 

37 18 13 21 38 22 22 30 35 19 14 19 26 15 27 22 19 28 34 27 11 13 24 22 20 28 24 27 30 32 
21 18 11 31 32 16 27 16 36 21 15 14 22 16 32 24 31 18 30 24 20 13 30 13 7 31 18 22 21 18 
41 24 21 24 29 27 35 34 24 18 22 26 22 19 17 22 31 25 23 30 17 25 32 28 20 26 17 31 32 30 
31 29 22 14 28 10 31 30 26 19 8 20 31 28 20 18 13 29 28 36 20 15 25 25 22 16 12 31 27 28 
21 20 12 22 35 24 23 26 19 29 22 25 30 22 17 38 31 23 42 36 11 26 37 19 22 18 17 35 26 24 
27 24 11 22 31 25 36 33 27 26 12 31 12 8 17 29 24 22 34 36 17 13 31 28 18 23 20 34 21 16 
33 22 18 9 22 27 33 32 24 19 20 34 30 16 20 25 26 15 19 43 14 20 26 22 18 14 16 38 28 20 
29 23 18 25 12 27 24 18 29 17 21 24 30 26 9 20 7 8 34 28 17 22 32 27 16 23 17 28 16 28 
27 24 17 30 32 16 17 28 48 19 12 24 25 23 26 21 11 21 22 24 22 23 33 13 21 21 14 31 18 39 
37 26 17 28 24 30 19 27 17 21 16 36 18 17 26 15 13 20 27 32 8 21 29 36 25 26 17 27 21 13 
33 20 19 20 22 22 28 30 35 13 14 18 16 32 15 34 34 21 25 33 18 12 51 23 27 21 21 37 28 19 
30 26 11 34 30 24 26 38 23 28 17 11 18 5 21 36 30 11 17 16 20 14 29 16 22 20 11 12 30 23 
19 18 15 24 26 31 27 22 22 29 8 24 26 35 24 16 41 24 20 20 22 25 38 22 26 25 9 16 34 31 
20 24 18 23 24 24 25 36 22 18 14 20 17 25 25 47 19 17 29 40 28 20 19 24 13 28 4 30 20 32 
17 25 18 23 24 19 17 9 11 15 17 18 28 9 22 25 14 9 30 32 23 14 26 24 22 27 23 47 40 13 
34 24 19 15 27 21 24 29 19 24 16 25 25 12 24 34 26 22 32 28 25 13 27 24 22 28 21 29 30 20 
25 18 16 12 20 13 18 23 28 20 12 25 10 9 23 21 32 23 32 44 15 18 43 21 18 32 25 34 26 24 
19 23 5 29 16 25 32 25 26 29 13 34 12 25 22 10 19 15 32 29 19 10 32 24 15 22 12 26 24 14 
37 23 14 31 33 27 18 28 25 16 19 22 29 23 25 12 23 25 31 34 13 18 23 28 20 27 9 30 24 33 
17 11 17 23 31 26 32 36 19 15 21 18 17 21 22 18 22 15 22 38 20 21 31 17 23 15 15 22 22 30 
27 24 15 20 47 25 19 42 27 29 14 18 26 22 27 27 23 18 36 28 30 23 30 13 17 19 16 40 17 25 
21 17 7 23 18 19 29 38 22 27 16 27 18 24 29 26 35 30 42 34 26 18 10 33 16 18 17 34 26 34 
20 11 15 22 26 27 15 29 32 18 17 22 28 22 18 25 36 20 16 28 20 17 11 16 13 24 24 17 22 28 
33 14 16 32 31 23 6 23 24 29 13 24 22 26 14 24 29 15 29 23 16 22 29 16 15 26 19 24 21 18 
21 16 13 21 36 23 27 30 22 31 15 21 15 17 14 34 20 26 17 37 19 11 24 20 14 31 17 28 29 27 
26 22 13 25 30 16 39 26 34 24 15 21 10 24 25 33 29 21 28 25 17 17 29 19 16 33 22 31 35 26 
17 16 13 26 27 5 33 20 22 21 16 23 17 21 23 35 29 23 25 27 12 15 20 25 19 12 26 22 30 26 
33 23 13 44 12 25 36 19 49 19 23 24 25 21 25 36 28 26 37 28 24 21 31 33 24 20 15 12 20 28 
33 29 18 19 35 25 26 22 28 23 20 19 29 9 15 35 11 24 25 31 23 21 33 22 19 20 23 31 28 21 
30 17 18 25 25 25 45 28 9 16 19 28 16 23 23 26 25 19 37 28 25 15 39 21 20 22 16 26 24 17 
28 19 20 29 31 16 15 31 42 18 20 17 29 16 18 18 24 19 24 9 25 14 21 28 16 23 16 39 31 21 
28 20 20 21 31 28 24 28 32 21 16 24 14 20 23 26 36 19 26 24 17 17 27 25 29 28 27 17 23 31 
29 21 11 38 24 21 24 34 31 13 18 17 25 27 28 27 22 34 9 29 16 23 23 17 18 15 14 27 15 30 
8 28 19 21 30 28 28 27 37 15 12 23 21 17 28 14 15 5 45 4 23 20 23 21 26 17 13 35 15 18 
29 20 11 22 17 14 31 38 32 14 18 26 17 15 26 37 32 23 27 13 27 16 31 20 25 27 18 29 27 38 
19 26 19 16 42 28 25 21 16 17 12 24 22 25 13 25 22 23 34 31 25 18 29 27 16 27 14 38 31 26 
25 18 17 18 30 31 31 20 16 24 16 21 18 19 18 20 25 24 19 29 19 22 17 21 25 20 22 27 23 27 
30 13 13 29 30 27 32 19 23 28 19 22 29 19 18 26 33 20 35 29 19 17 25 24 22 24 21 36 23 23 
13 19 12 31 27 25 25 23 12 14 14 8 14 18 27 18 25 20 27 33 26 15 37 13 24 22 11 25 33 31 
15 27 13 32 19 29 22 37 16 23 16 23 31 11 30 28 29 26 35 28 12 13 28 26 13 19 19 30 25 16 
32 14 16 26 28 16 31 30 37 10 10 31 16 32 22 32 3 31 22 18 18 7 21 22 17 14 18 47 22 24 
20 24 16 28 30 24 19 37 20 23 14 22 21 19 21 29 29 31 31 27 18 23 31 16 27 34 24 23 22 34 
18 23 14 31 25 35 15 25 31 22 19 19 8 22 31 20 30 31 34 43 31 20 35 26 24 22 19 28 29 15 
22 16 8 28 45 26 33 25 26 21 10 21 22 22 16 31 17 18 40 44 25 20 32 17 18 21 12 35 21 28 
19 32 23 25 33 29 19 15 20 30 21 27 12 22 23 33 40 22 29 12 25 5 19 26 20 15 17 46 19 27 
26 26 12 20 36 28 6 16 31 13 16 26 20 17 15 25 26 19 24 29 15 12 30 13 17 18 6 38 21 16 
23 21 20 29 32 34 24 21 30 19 26 13 5 17 19 17 29 21 31 31 14 21 27 32 29 24 26 29 30 32 
23 25 17 18 28 24 26 30 24 17 12 20 18 10 15 29 25 27 24 21 25 15 32 22 24 25 20 35 28 28 
26 24 8 37 39 11 19 4 9 21 15 18 17 14 10 31 21 27 18 36 8 6 30 19 13 16 17 22 29 22 
15 23 15 34 12 22 30 10 24 13 18 23 25 26 14 32 37 18 21 21 21 13 16 20 19 24 23 33 38 19 
25 20 13 21 32 17 22 28 38 12 11 26 22 22 27 27 29 17 41 23 14 12 13 24 18 12 21 29 34 24 
19 13 15 39 35 30 34 35 22 29 13 20 16 22 22 31 39 7 22 12 22 16 24 27 18 27 14 26 41 30 
21 36 10 39 29 22 19 24 29 12 14 32 19 18 24 24 26 23 26 27 31 16 25 30 19 21 17 44 21 21 
23 20 3 17 26 30 23 38 23 17 21 26 22 9 22 25 36 25 23 8 23 21 30 28 19 39 18 24 28 33 
39 30 9 26 20 21 33 31 32 18 15 27 21 7 26 30 23 14 25 35 21 17 40 20 12 31 18 20 29 16 
27 13 11 32 32 20 27 23 33 27 25 20 16 17 23 32 20 26 28 18 6 17 38 22 7 35 20 27 20 22 
18 19 16 18 28 22 38 34 23 15 8 18 12 17 20 32 32 32 12 43 30 23 25 37 21 18 14 25 37 32 
19 33 10 27 26 26 31 19 48 23 19 25 27 21 27 27 18 16 23 36 21 27 26 35 20 26 12 29 23 20 
21 20 14 41 12 18 22 35 27 20 17 22 13 22 12 23 27 28 14 25 20 17 28 14 18 17 16 27 37 29 
17 12 16 34 38 22 20 24 23 13 12 24 22 20 32 32 17 16 42 33 28 22 34 26 18 22 10 31 37 29 
31 26 22 36 29 25 37 38 33 22 15 27 28 26 27 15 35 33 34 26 27 25 32 40 16 15 22 25 30 26 
22 32 15 31 19 27 22 29 20 27 8 18 29 32 21 32 25 21 30 16 23 20 37 16 20 25 21 19 12 14 
24 14 12 17 27 18 25 35 30 24 12 20 28 18 18 21 24 15 31 35 14 19 25 17 22 24 22 29 18 31 
27 18 14 23 39 20 31 27 18 27 21 25 24 12 14 29 35 22 26 32 23 19 35 25 27 18 20 30 25 33 
28 26 17 37 17 15 23 18 24 26 14 25 13 18 25 30 15 25 23 28 20 17 32 14 21 13 22 22 17 29 
42 22 21 25 34 17 31 29 31 12 14 21 11 24 22 30 36 23 32 29 17 14 34 31 22 25 13 23 26 28 
24 28 10 23 24 25 28 30 26 19 20 31 23 11 22 30 25 38 14 32 20 16 36 26 13 22 21 33 33 4 
28 24 17 24 31 27 21 21 27 16 13 26 22 21 27 37 42 32 31 24 22 9 28 19 14 22 22 21 29 28 
31 20 11 29 17 19 32 31 30 17 12 25 31 26 21 31 5 12 29 33 27 10 24 27 26 13 11 29 28 16 
26 22 8 19 29 15 21 16 30 7 19 15 21 8 29 17 33 21 19 28 17 22 32 25 27 18 16 18 39 28 
31 27 13 22 28 24 24 26 29 23 12 30 21 32 19 16 22 20 23 34 22 17 34 19 30 20 18 27 28 27 
30 19 24 23 23 22 33 32 20 17 16 27 19 21 20 32 20 27 31 20 22 19 15 21 16 21 22 29 29 15 
21 19 21 30 23 21 20 25 33 19 16 26 22 18 25 29 26 18 30 10 20 14 32 23 9 26 13 26 31 27 
9 23 11 28 22 18 27 28 27 24 20 18 26 29 21 33 37 18 20 22 20 20 22 22 19 27 20 17 27 22 
22 21 19 25 31 21 33 11 23 17 17 24 12 29 14 43 31 35 28 14 23 15 32 17 21 22 13 25 32 24 
11 19 17 28 26 13 29 35 28 18 11 9 20 28 32 30 22 23 17 8 29 13 24 22 20 25 15 31 39 28 
14 30 15 12 10 16 18 17 26 20 14 29 26 20 33 20 30 17 30 30 19 20 42 21 21 21 16 21 20 15 
14 31 14 14 33 23 21 32 29 20 15 18 20 15 20 24 29 20 13 21 31 16 35 31 15 31 16 20 24 27 
14 24 17 28 25 34 14 37 20 22 7 19 25 26 26 31 37 32 23 48 22 21 33 30 24 23 20 29 19 30 
29 13 14 7 32 35 20 49 35 30 12 25 21 11 15 35 29 19 31 48 20 10 22 25 19 25 12 29 35 18 
17 21 11 37 24 27 27 32 32 15 12 31 7 15 19 32 25 13 48 47 21 22 24 26 26 31 11 5 31 29 
16 25 16 41 36 32 19 22 31 24 18 23 24 18 17 37 32 16 22 32 19 19 30 18 16 17 10 36 19 22 
17 24 14 25 30 18 31 40 22 25 14 25 21 27 20 30 21 17 37 42 26 21 41 37 20 25 22 24 31 19 
29 4 20 30 33 18 29 35 25 20 17 25 18 16 17 14 18 26 34 39 20 13 27 22 23 14 16 21 23 14 
18 15 18 33 33 18 28 17 29 17 16 25 20 32 23 21 22 23 20 35 15 10 27 19 16 19 19 26 17 35 
29 24 8 21 29 12 30 27 32 25 17 29 19 17 22 24 25 23 33 32 10 15 28 18 17 23 22 29 29 15 
14 20 25 26 31 26 19 17 20 15 16 22 14 17 26 43 36 26 18 30 15 18 17 17 24 20 8 14 29 24 
18 20 14 15 20 18 27 44 18 15 20 28 23 23 20 21 23 32 28 31 6 22 21 18 11 21 10 24 26 39 
16 10 12 37 42 24 24 23 35 17 14 27 13 14 28 15 26 18 29 22 20 17 31 24 21 20 15 33 29 36 
24 16 15 23 32 30 15 32 13 14 7 17 25 32 17 33 28 19 27 36 24 15 31 24 23 21 18 32 19 26 
31 34 8 24 35 26 25 21 39 18 21 21 22 16 22 28 9 14 31 21 22 21 20 16 15 16 23 25 34 22 
26 26 18 24 39 22 17 31 19 15 11 25 15 15 10 20 26 26 39 40 19 17 29 26 29 22 16 29 26 28 
36 19 20 27 30 19 27 32 26 7 9 22 30 26 26 25 28 21 23 42 16 11 43 23 19 21 18 26 37 23 
30 31 15 40 22 20 19 39 19 17 18 22 23 18 20 20 25 26 35 28 26 17 21 12 21 27 20 21 43 8 
17 26 17 21 22 14 36 28 19 18 16 31 23 20 25 18 33 18 34 17 23 14 13 29 33 24 9 14 32 25 
17 18 13 28 26 16 22 14 33 21 7 27 25 21 13 25 36 16 28 35 13 16 31 15 26 22 11 31 22 19 
7 25 17 37 17 29 25 21 29 20 14 20 30 23 28 32 13 26 36 29 13 5 24 16 12 26 15 36 32 29 
20 19 13 18 11 32 31 26 26 33 22 23 19 22 32 29 14 26 28 25 28 17 28 17 29 12 20 27 18 33 
19 25 9 32 19 29 24 13 28 21 18 23 10 16 29 32 20 29 33 26 23 13 25 15 22 25 17 31 35 16 
11 26 13 16 37 10 17 31 30 13 19 18 23 12 30 35 14 28 12 41 17 9 40 32 24 27 21 29 20 13 
18 18 6 20 19 17 33 25 33 25 11 24 18 19 12 26 31 24 27 39 27 7 29 34 21 13 14 29 35 23 
23 27 12 42 34 25 24 16 29 28 11 18 18 14 28 25 41 31 30 24 9 17 32 27 22 24 17 28 39 30 
26 29 14 31 36 21 31 37 20 27 19 28 16 22 26 16 22 17 36 12 18 16 26 17 17 23 17 38 21 15 
15 23 15 19 22 17 29 32 21 23 15 41 18 17 20 38 8 19 31 24 22 10 25 32 13 32 23 30 38 28 
34 33 11 19 27 28 24 19 20 22 18 30 23 21 20 25 36 30 18 36 11 17 29 22 33 24 22 15 26 49 
21 26 15 14 21 24 25 30 48 18 18 19 17 17 16 9 26 21 18 16 21 8 28 24 22 31 19 31 21 16 
23 19 13 34 35 17 17 25 35 22 21 36 23 18 21 36 33 25 26 36 30 13 28 27 20 24 17 25 28 23 
35 18 9 27 27 22 18 31 21 17 12 28 24 5 31 24 28 16 41 19 28 9 31 17 20 28 15 33 15 19 
12 22 20 23 30 14 17 32 30 19 13 22 23 18 20 30 28 22 27 26 24 16 29 27 26 18 10 31 31 25 
22 17 16 16 33 33 35 26 28 34 19 29 31 36 20 10 22 15 28 34 26 17 15 18 17 31 16 36 13 32 
21 9 15 20 27 22 25 24 30 26 13 19 16 23 15 37 19 31 29 29 12 16 21 12 27 16 15 25 41 19 
20 14 17 31 29 32 28 34 22 11 12 23 16 24 11 38 26 28 34 48 20 18 29 22 18 27 16 26 18 24 
27 8 11 32 24 21 27 34 16 12 9 20 19 17 18 38 19 28 27 38 30 21 12 31 26 28 15 31 27 25 
20 9 10 39 41 12 18 19 14 24 13 21 28 24 13 27 25 34 20 12 29 12 44 15 12 21 5 27 28 34 
32 22 10 23 30 15 31 23 44 10 13 21 21 20 14 30 26 28 23 24 28 15 36 26 7 17 27 20 41 16 
30 25 12 28 23 24 21 33 27 11 18 32 32 21 17 27 27 14 11 10 23 28 35 9 21 30 20 20 21 22 
23 25 6 35 31 22 12 17 30 20 13 20 20 20 21 20 26 26 30 19 26 21 30 32 13 29 21 31 14 17 
31 23 19 36 35 18 23 36 27 31 15 25 20 18 27 30 30 13 14 31 13 7 34 20 18 15 17 29 14 25 
13 29 16 36 42 18 18 32 28 25 19 21 23 26 19 27 29 25 8 28 23 11 32 19 28 33 19 41 30 27 
26 23 21 22 16 19 24 26 20 14 12 30 23 21 30 28 18 19 7 30 20 24 33 19 13 18 20 32 24 27 
23 15 10 22 24 25 21 22 17 26 15 33 20 15 25 26 46 23 38 34 17 14 38 32 18 20 18 25 20 29 
20 15 10 23 17 21 26 25 16 17 14 22 21 17 25 42 23 22 36 24 10 18 27 28 13 29 8 24 32 40 
20 24 14 34 28 33 30 37 31 19 9 15 21 25 9 37 37 10 28 21 27 20 44 31 15 22 12 33 19 24 
29 26 13 28 32 21 28 30 28 19 14 17 28 24 27 27 18 23 28 28 18 26 40 21 24 21 12 26 29 38 
14 16 19 20 34 25 30 17 23 23 14 19 6 17 29 25 29 32 36 24 33 13 28 29 12 22 15 24 16 35 
17 21 16 22 26 26 20 34 32 25 13 28 22 16 18 28 31 27 39 27 23 16 33 23 19 34 15 42 15 26 
36 24 16 15 34 14 26 17 25 25 12 16 20 16 26 24 40 39 36 39 20 15 30 16 16 15 12 28 22 27 
21 24 19 32 46 23 26 37 29 18 16 14 27 6 30 23 10 26 36 29 16 25 21 19 22 28 13 16 28 24 
29 22 9 32 34 7 8 39 23 30 18 19 12 28 27 27 21 27 27 27 18 15 28 29 16 22 13 24 15 23 
22 26 19 23 17 31 18 17 40 20 10 17 21 13 27 20 11 25 36 35 27 8 33 26 19 17 12 35 12 27 
25 18 13 26 28 15 16 18 26 17 13 26 24 15 25 24 34 15 39 33 32 11 27 16 21 26 12 23 44 33 
25 12 15 16 20 24 9 30 18 14 11 36 19 11 18 26 20 13 20 34 29 10 27 26 19 25 11 30 29 39 
19 31 13 29 36 16 27 28 16 26 12 30 22 20 25 18 32 28 27 32 16 22 21 26 22 22 10 31 30 26 
27 22 16 24 23 29 33 20 23 13 10 13 10 28 25 20 27 22 28 23 18 16 32 18 21 21 21 33 30 26 
26 27 20 22 55 20 33 32 30 28 17 17 17 20 15 26 23 18 26 37 24 7 33 27 9 28 14 22 27 28 
21 29 11 17 31 22 32 21 28 14 15 26 26 24 20 18 33 23 28 30 20 14 29 25 21 27 20 32 19 17 
27 16 9 24 38 32 9 44 25 15 19 23 13 24 22 18 28 19 32 28 17 11 40 28 15 8 17 22 27 24 
29 28 17 28 22 15 23 34 19 19 9 27 16 26 24 32 20 20 24 18 7 14 29 13 12 27 22 41 24 21 
23 18 12 26 18 26 14 33 41 12 16 30 19 31 16 39 42 19 31 31 25 18 14 18 15 27 18 32 29 22 
27 7 20 25 21 22 20 23 38 13 10 31 25 17 16 29 26 32 29 32 27 22 25 26 12 21 20 24 31 30 
30 31 14 21 20 18 23 44 38 16 11 18 20 24 23 25 32 19 40 15 20 9 27 21 20 29 13 33 26 19 
31 26 12 21 14 12 27 29 18 17 20 16 20 19 30 31 18 32 33 23 26 4 49 18 21 21 23 29 31 43 
18 20 14 24 27 32 26 29 29 23 16 28 24 25 16 34 38 19 19 14 28 15 25 20 21 20 21 44 34 30 
19 16 15 16 14 29 31 28 25 24 13 23 18 21 21 24 27 23 23 26 23 22 39 17 23 27 17 17 23 29 
11 29 10 35 37 32 33 33 29 22 16 17 17 12 28 32 22 16 28 38 13 7 29 17 15 20 14 30 23 23 
34 24 16 33 29 21 20 29 29 28 18 29 21 11 27 32 20 25 25 31 15 14 29 15 17 17 18 40 35 22 
29 26 16 21 34 20 19 32 19 24 15 35 19 30 28 21 21 15 25 35 16 15 23 19 11 24 19 45 30 31 
15 25 19 23 17 12 24 16 43 27 9 21 25 18 16 32 19 28 23 38 28 11 27 27 18 21 18 29 33 28 
19 22 20 28 27 16 20 19 22 14 17 28 19 27 42 10 34 30 27 26 33 18 18 32 24 33 17 23 36 36 
16 22 16 32 10 28 15 21 30 19 21 12 25 25 25 27 17 24 33 16 15 22 33 25 9 17 14 28 29 19 
25 24 24 21 36 22 17 15 25 10 25 25 20 29 22 41 14 25 23 14 18 12 32 20 11 11 14 26 27 19 
32 17 13 17 23 22 34 20 26 27 14 30 23 32 34 37 27 18 31 36 31 16 43 21 7 26 21 11 37 7 
29 20 14 30 33 20 22 42 28 14 13 33 12 10 27 46 32 30 23 27 17 19 35 32 20 29 29 28 19 22 
14 26 12 24 31 20 39 25 33 12 15 26 27 27 23 5 37 35 42 35 13 18 28 19 23 31 15 42 22 23 
20 19 14 27 18 29 17 28 31 23 11 20 15 12 22 25 26 5 25 18 26 15 26 23 24 31 15 40 19 33 
21 26 11 22 31 16 29 48 19 18 15 44 35 22 30 19 33 39 34 30 19 17 9 20 18 24 22 22 38 16 
23 16 14 21 31 25 35 22 35 27 16 14 20 17 22 35 18 32 27 26 22 9 30 29 21 19 18 39 31 30 
5 12 15 15 26 22 29 33 19 29 17 16 20 19 21 27 20 15 23 38 27 9 30 25 20 25 20 17 32 29 
18 21 18 36 32 13 18 38 44 21 8 22 19 22 16 30 21 17 19 26 21 15 18 15 23 30 24 27 23 21 
19 22 13 23 24 15 39 35 27 36 15 17 28 23 16 21 32 24 31 27 15 21 30 13 14 5 23 30 32 28 
20 17 21 2 33 11 13 18 30 25 15 16 24 13 23 23 23 20 15 36 21 16 31 31 19 17 13 38 29 18 
22 23 20 15 23 24 29 24 26 15 28 17 22 15 24 17 29 18 27 26 4 18 22 16 21 14 19 24 19 21 
22 16 7 33 7 25 29 28 32 26 18 19 27 18 24 11 21 21 21 29 19 18 31 14 14 19 12 9 29 34 
18 21 18 26 45 25 36 19 33 21 9 30 23 14 16 17 23 24 38 32 14 21 36 18 17 20 12 45 23 19 
27 16 18 23 42 24 5 26 19 20 19 19 16 19 32 44 28 20 37 41 30 16 29 26 15 19 28 26 35 24 
15 29 23 30 31 24 22 26 25 25 11 26 18 14 12 18 34 27 29 25 19 13 31 26 12 25 15 38 22 22 
27 24 9 11 22 21 30 20 39 23 8 23 16 16 27 22 31 24 33 37 24 20 28 30 18 32 22 30 22 16 
27 19 10 33 37 23 21 27 32 21 14 22 19 24 27 30 22 31 21 21 17 18 27 18 31 19 19 24 26 36 
26 22 17 23 23 20 22 21 14 17 15 26 17 18 26 24 19 25 20 20 21 18 31 27 14 23 10 15 27 25 
28 26 10 23 28 29 24 27 31 21 17 24 25 12 18 21 23 21 14 18 16 25 25 29 15 28 15 31 35 19 
35 31 16 21 30 19 18 29 14 14 18 33 17 16 18 17 38 19 21 29 13 21 31 31 21 27 13 41 27 19 
24 23 9 11 32 16 17 21 23 20 18 21 24 15 26 26 21 26 43 37 24 13 39 20 22 24 15 26 34 20 
34 28 12 33 25 27 30 24 31 16 4 24 16 19 15 26 18 24 24 39 16 11 13 29 17 29 20 21 30 23 
28 21 18 24 27 16 32 27 31 20 14 26 16 17 18 24 35 18 17 28 3 18 41 23 19 17 21 37 24 18 
22 26 16 42 34 19 19 19 20 27 13 23 22 15 28 30 7 26 32 38 20 13 34 16 23 35 18 32 22 25 
24 30 16 39 33 27 13 31 24 24 12 28 11 20 24 29 27 23 24 38 14 22 37 23 16 16 11 37 34 10 
29 32 16 27 7 28 26 19 24 16 16 22 10 19 23 37 18 16 36 32 19 21 18 33 23 22 18 35 37 26 
29 18 16 15 22 22 25 28 19 19 14 24 17 19 33 21 41 19 41 23 24 19 28 20 21 20 16 26 11 29 
34 27 18 45 17 24 33 21 38 16 24 20 21 25 33 32 27 13 28 25 23 20 27 22 20 30 8 34 36 13 
29 31 10 27 33 30 16 15 34 24 10 25 20 24 18 35 22 30 17 32 27 14 39 15 15 19 21 24 20 28 
32 25 8 41 30 24 23 29 17 21 22 26 21 25 19 29 26 23 27 38 19 14 19 13 12 16 9 20 34 26 
33 20 13 26 28 12 22 34 23 9 16 19 30 19 23 23 25 20 30 19 30 18 32 26 28 21 12 37 21 29 
28 18 8 17 23 23 34 24 29 19 16 31 15 15 23 21 29 25 40 34 26 16 18 27 17 24 14 30 35 30 
30 19 19 27 31 21 23 24 23 22 17 19 19 19 16 33 18 27 24 29 14 19 49 19 19 21 25 34 20 14 
31 20 12 36 28 22 34 20 19 41 15 26 20 22 21 34 31 26 23 26 20 23 33 19 11 17 23 37 14 23 
23 11 8 27 25 25 21 27 32 28 8 34 18 16 30 22 35 20 25 28 30 17 34 17 30 33 16 28 32 29 
31 13 18 32 17 15 25 19 29 18 14 22 21 29 31 28 26 17 23 26 21 15 25 33 23 15 13 29 34 27 
25 3 16 22 23 17 8 34 34 11 19 20 22 17 30 38 29 16 24 32 29 23 34 25 19 21 24 19 26 22 
32 19 11 18 37 31 24 30 28 16 15 27 26 18 19 23 27 25 48 38 7 17 33 37 22 22 16 22 19 31 
45 9 17 37 30 15 29 27 30 15 17 23 14 23 21 28 23 11 30 12 16 20 32 20 27 14 16 34 19 29 
41 12 16 28 23 16 20 30 19 31 15 16 15 14 17 27 21 25 22 28 27 13 24 29 12 35 27 36 34 15 
27 17 16 26 18 33 23 22 40 12 15 28 24 18 23 17 39 14 30 46 17 22 21 11 17 22 13 45 15 29 
33 23 18 34 28 10 51 34 27 33 11 15 6 20 19 20 29 30 28 37 27 10 41 20 20 14 3 30 34 16 
21 31 16 34 20 30 20 34 30 20 16 29 29 15 29 27 29 14 17 32 9 15 31 25 26 15 17 27 18 27 
29 23 16 24 21 23 32 31 44 18 10 17 15 29 23 10 22 20 36 38 15 25 26 18 28 26 16 31 17 30 
16 18 8 33 26 17 20 24 35 13 12 32 22 14 24 27 19 20 15 31 23 12 39 31 21 26 20 39 25 29 
24 21 22 18 17 33 22 23 29 17 10 24 19 11 25 31 26 29 28 23 19 20 29 24 17 16 22 38 28 34 
21 29 17 28 28 14 27 37 26 29 12 30 29 20 17 28 31 24 29 33 25 14 24 34 13 21 15 21 27 21 
38 32 19 24 23 13 24 24 28 8 16 28 13 25 17 13 38 19 34 34 20 16 30 20 15 27 16 24 27 29 
24 18 18 35 26 23 28 23 19 18 14 22 27 26 32 31 24 30 35 33 23 10 34 21 26 23 11 25 29 19 
19 32 16 15 26 19 21 26 30 24 9 29 13 13 25 28 17 31 27 37 20 13 35 16 18 20 14 31 30 37 
15 17 10 25 26 12 30 38 24 29 7 12 17 19 20 15 36 28 20 21 5 22 39 14 19 22 21 29 24 33 
24 12 19 18 31 25 17 10 20 14 14 26 15 23 24 20 31 18 14 26 20 21 19 23 20 28 9 26 17 24 
17 14 17 19 33 14 24 42 34 21 16 18 29 26 26 24 31 15 27 12 27 20 31 20 16 19 21 29 27 25 
24 21 13 26 19 12 33 28 26 28 12 22 21 18 28 35 40 24 29 19 29 12 33 24 17 26 23 16 30 28 
15 17 17 18 44 29 25 31 18 20 14 18 30 22 31 32 23 26 22 31 12 14 21 24 19 21 22 19 31 19 
25 15 15 28 12 30 34 21 35 6 10 26 32 19 31 23 19 24 43 34 25 7 18 31 26 20 13 29 10 16 
21 17 12 17 21 16 21 37 33 28 8 30 14 27 20 21 18 14 20 27 39 14 27 16 26 22 21 31 34 25 
16 8 20 30 28 33 21 17 29 26 8 14 26 31 20 25 23 14 18 36 10 14 26 20 23 31 7 38 24 37 
28 10 17 26 16 27 36 31 24 20 17 23 13 21 26 19 14 20 13 32 22 18 28 24 15 24 31 25 34 22 
22 25 20 40 33 15 23 19 30 26 19 21 27 18 19 22 20 25 22 16 25 33 37 15 19 27 24 48 23 21 
7 29 17 24 32 20 24 28 24 22 8 19 19 13 41 16 16 17 31 20 14 13 24 26 23 29 22 29 38 36 
27 21 20 17 45 19 12 34 25 24 14 19 12 16 27 35 9 16 40 23 24 12 33 22 19 27 7 17 32 29 
23 22 16 17 40 16 23 25 31 28 20 21 16 18 25 28 20 19 18 32 27 21 16 33 20 19 16 29 16 27 
26 21 15 18 27 19 35 31 18 13 15 24 21 16 22 33 41 13 25 34 22 19 28 35 15 18 16 32 34 27 
30 22 12 30 27 23 31 36 29 21 7 29 24 22 24 22 32 19 26 36 15 10 34 23 17 24 27 26 14 32 
19 22 11 27 29 21 22 42 34 29 7 24 22 31 22 15 21 33 22 38 8 23 36 20 16 30 15 27 28 29 
19 28 13 22 25 20 13 32 29 22 20 30 11 16 31 24 25 21 14 36 15 26 40 12 19 32 15 38 34 18 
18 31 13 26 20 22 31 21 19 28 16 23 28 13 9 27 23 26 23 45 25 15 43 22 24 25 27 36 17 22 
11 30 7 30 24 23 32 36 23 30 15 30 25 12 16 27 35 11 26 33 18 17 31 24 13 26 20 43 11 31 
31 21 13 22 35 19 33 8 32 20 17 16 27 34 21 21 21 25 36 29 20 20 37 30 21 19 19 29 31 34 
34 23 16 27 33 19 25 29 34 22 19 33 17 18 13 25 31 29 29 35 17 21 29 19 14 32 26 16 25 29 
32 13 9 37 31 24 18 26 30 13 8 30 10 18 21 32 49 17 21 32 26 23 25 13 12 21 19 31 23 16 
36 33 17 24 25 14 26 25 30 23 15 22 34 28 26 25 18 25 16 23 29 14 22 15 13 20 23 13 35 41 
21 21 23 32 22 20 24 28 36 25 15 27 25 24 16 35 27 25 36 22 18 10 19 15 9 21 11 13 29 33 
18 29 15 30 35 21 22 30 27 18 15 23 9 23 23 29 33 28 27 29 21 7 29 19 21 30 26 31 28 19 
18 22 6 21 29 30 17 10 35 19 18 27 26 18 27 19 28 21 43 16 21 16 29 23 17 17 19 21 12 35 
19 26 12 8 29 27 20 27 26 23 9 35 17 27 18 18 19 29 20 27 26 21 34 23 30 22 8 28 22 30 
20 25 13 23 40 19 25 31 30 22 11 27 20 16 21 9 30 29 11 26 27 14 39 28 16 20 20 36 19 26 
21 21 15 21 31 20 8 33 30 26 14 26 20 22 24 24 2 22 18 31 19 10 32 25 21 18 21 43 28 22 
30 18 11 26 28 16 6 26 46 22 17 24 22 28 24 41 30 16 16 35 16 24 32 16 20 23 13 31 24 17 
12 31 16 29 36 33 10 10 25 16 14 11 23 17 17 38 24 34 21 32 32 20 40 18 6 23 14 29 43 21 
23 27 17 20 30 16 17 38 23 17 17 26 26 18 27 19 26 13 23 16 15 14 28 21 17 21 5 36 30 25 
22 10 16 34 23 19 27 35 22 19 13 28 11 13 29 27 27 19 31 36 25 10 31 30 21 16 18 46 17 5 
21 13 14 17 37 15 28 13 9 18 15 21 27 25 16 19 22 22 23 30 35 21 40 28 18 32 25 31 27 29 
39 22 13 24 42 23 18 31 18 21 14 14 24 25 13 29 34 36 17 29 9 16 46 31 18 33 13 29 29 36 
27 26 12 24 25 25 29 26 25 16 22 15 23 15 30 17 26 28 15 31 22 18 22 24 21 21 16 28 23 20 
24 16 24 34 23 15 29 34 21 34 16 26 24 24 23 19 24 29 18 30 24 14 23 29 17 22 24 34 30 32 
20 25 17 40 16 13 10 14 19 30 13 28 29 15 15 22 15 26 30 23 14 18 23 28 16 30 22 27 17 25 
21 22 15 23 28 11 14 25 26 21 16 28 18 22 18 33 30 28 26 17 22 14 41 27 17 20 14 26 24 27 
34 17 15 31 24 11 20 19 23 11 13 23 15 29 34 14 33 23 21 25 11 23 31 30 28 18 25 36 15 24 
35 27 17 26 28 30 12 29 25 32 15 21 21 29 23 10 30 26 26 31 20 15 39 25 9 19 16 29 36 28 
19 27 19 18 27 14 14 44 33 16 17 26 29 13 24 19 21 28 33 28 24 11 32 25 21 35 29 39 14 25 
24 26 14 27 31 21 13 22 31 28 14 19 16 17 18 25 26 19 30 27 22 14 23 22 14 11 23 30 22 31 
25 18 15 32 23 24 29 37 26 27 18 20 20 18 19 13 33 22 21 32 25 12 19 20 24 26 17 13 20 25 
26 24 18 23 29 24 24 33 16 19 8 21 20 22 11 19 26 30 41 37 19 20 30 24 20 23 17 24 28 16 
24 21 14 12 6 23 33 13 18 25 16 14 17 23 27 23 37 24 27 35 20 18 41 25 19 30 8 34 27 33 
22 29 13 26 26 19 40 35 23 19 17 26 14 19 22 15 28 25 21 28 28 27 23 14 16 16 15 27 26 17 
33 13 16 27 28 19 19 23 26 31 17 23 24 24 12 26 30 13 25 40 19 9 30 28 18 18 12 25 22 13 
21 24 17 20 37 25 22 26 35 29 15 21 16 20 19 33 31 23 16 35 19 22 22 14 15 23 17 30 33 36 
25 30 21 29 26 22 29 30 37 23 14 20 28 24 24 17 35 29 30 20 32 16 20 23 17 16 14 23 27 22 
27 20 22 24 19 10 25 31 34 25 15 8 22 20 19 31 33 12 20 31 16 19 33 31 10 9 3 28 24 18 
34 23 12 37 32 20 29 14 28 18 17 26 29 14 23 23 28 15 39 33 28 24 12 30 17 23 25 28 17 26 
18 24 12 20 34 21 31 41 26 32 20 12 23 26 25 19 34 25 36 26 25 12 26 26 17 9 25 38 29 33 
30 13 17 35 46 18 31 35 24 23 14 20 10 20 27 44 21 16 15 26 28 16 32 21 29 23 16 28 31 14 
23 29 16 21 35 24 28 24 16 20 10 22 29 25 31 31 30 26 26 19 24 12 32 26 16 19 17 24 34 41 
26 13 17 22 25 22 19 22 41 22 18 19 20 26 28 43 28 20 28 16 32 14 34 32 16 27 19 42 25 17 
18 29 16 12 20 22 20 28 31 36 19 12 18 14 20 9 23 16 28 26 18 21 30 30 12 25 17 28 23 20 
24 26 8 32 28 20 24 33 20 39 21 24 19 20 19 27 33 17 13 25 24 20 32 28 22 27 24 31 32 20 
29 8 22 30 17 19 22 14 22 19 7 27 23 26 19 33 30 24 30 33 18 18 28 15 17 30 11 18 32 23 
20 21 10 17 28 26 29 25 17 21 8 33 30 24 19 12 25 24 28 12 25 15 22 22 14 26 21 25 32 22 
29 26 18 25 40 21 20 34 24 19 10 32 24 25 8 27 19 13 31 26 22 4 43 31 22 21 27 27 32 22 
11 21 6 17 29 16 21 26 11 30 20 32 15 26 23 21 28 19 19 14 13 13 14 20 13 29 22 28 48 31 
15 16 22 41 27 24 19 25 31 20 14 19 21 13 17 25 25 19 27 22 19 11 25 23 22 25 17 21 26 15 
21 23 10 12 21 28 32 39 21 19 6 23 17 24 25 32 22 39 19 27 20 9 37 14 22 21 13 49 12 14 
21 24 15 28 21 16 32 9 20 21 16 22 27 17 19 23 35 28 36 24 12 17 34 22 24 21 20 23 45 23 
27 23 17 26 29 15 22 29 41 23 18 10 26 24 22 12 29 15 31 27 22 16 24 23 21 22 13 46 35 19 
25 9 19 12 48 21 26 29 40 19 24 25 27 11 18 44 14 17 33 33 19 16 30 25 20 31 23 32 14 21 
31 26 23 31 23 25 25 25 28 26 12 30 18 39 24 33 26 22 37 29 14 18 26 24 21 25 22 28 21 29 
32 15 12 24 38 19 26 11 33 29 12 22 22 21 25 29 19 15 28 37 17 17 15 22 15 12 15 24 37 20 
21 18 13 35 36 35 36 32 25 14 17 18 20 19 21 19 26 21 41 24 17 13 26 23 29 34 11 37 16 18 
16 24 16 8 24 19 7 31 24 24 16 20 22 16 30 31 10 25 21 21 27 16 29 25 24 14 20 32 27 25 
22 30 12 28 36 14 16 26 21 33 7 38 19 22 27 30 25 32 41 36 33 20 34 10 31 31 17 35 25 30 
22 24 21 28 31 22 28 23 24 12 14 28 20 22 15 25 37 15 27 40 28 14 31 21 21 34 25 28 16 31 
22 27 18 27 38 33 14 32 28 36 20 26 21 21 19 45 14 24 39 21 16 18 33 30 19 27 19 32 25 20 
26 17 19 21 29 16 29 34 29 23 12 29 23 25 14 23 29 14 44 30 26 19 24 24 29 19 9 29 25 19 
35 18 15 28 23 28 40 22 32 20 16 29 19 29 32 29 8 26 19 23 8 11 43 28 20 27 12 17 33 36 
23 18 18 28 41 18 27 23 29 16 15 15 14 20 16 34 30 24 22 19 31 13 20 23 20 27 19 23 21 28 
16 32 20 16 33 26 27 38 41 19 13 21 19 20 19 34 33 28 44 24 19 15 37 19 14 24 24 26 27 29 
25 24 15 23 31 14 32 37 37 11 11 32 31 15 23 25 32 25 18 32 22 22 25 23 16 25 26 22 30 36 
27 24 15 24 20 28 19 27 38 23 12 27 9 24 32 31 33 15 26 29 20 16 37 24 15 21 23 29 27 22 
34 24 15 33 8 16 13 26 31 28 16 17 14 13 18 28 30 24 30 27 24 14 18 23 23 36 18 22 31 26 
29 20 13 20 26 15 19 24 21 25 18 25 14 11 24 19 24 21 37 29 15 17 28 24 18 19 10 35 37 27 
32 32 12 29 12 22 10 30 26 11 18 30 14 18 16 20 27 28 33 39 24 2 20 17 18 24 21 32 30 19 
21 11 17 43 40 16 16 34 24 19 15 21 16 18 35 40 35 26 25 40 26 12 34 22 29 16 20 39 17 20 
21 16 10 18 31 29 15 29 48 21 16 26 17 27 20 28 16 21 16 31 20 20 37 20 23 29 17 36 35 29 
29 15 22 23 25 15 31 24 43 15 9 17 28 23 21 16 28 23 41 26 14 19 35 21 14 8 21 30 33 23 
25 19 17 27 19 28 24 22 19 18 16 21 18 8 19 39 24 26 38 36 25 14 19 19 17 17 16 38 29 20 
19 29 11 26 23 23 18 28 14 16 20 22 23 24 32 24 25 17 19 37 22 11 19 24 23 26 8 20 33 16 
30 26 19 32 35 26 24 29 27 19 14 28 22 23 20 19 11 25 32 29 34 16 40 15 24 5 14 33 24 17 
18 21 19 24 41 27 16 10 25 25 11 19 32 15 20 33 33 17 10 18 16 19 31 30 18 31 18 32 42 18 
24 20 10 27 38 29 14 27 34 23 17 24 20 16 22 26 32 14 4 32 19 19 17 25 22 28 26 26 36 38 
21 28 21 24 14 25 24 26 17 19 13 22 11 18 18 32 27 26 19 34 15 17 16 10 17 35 18 22 31 29 
26 24 10 42 12 28 30 35 31 36 10 21 26 17 22 42 6 26 35 31 7 12 26 4 12 11 32 30 27 26 
26 32 10 25 28 29 22 33 27 24 16 17 25 18 28 30 34 22 13 25 31 12 36 24 18 14 22 30 25 20 
21 22 16 29 12 20 19 27 33 23 16 11 19 29 14 31 16 19 18 28 22 16 41 25 10 15 19 38 32 30 
17 22 12 24 24 24 25 36 26 20 20 27 33 11 30 15 16 31 24 25 15 29 26 23 20 35 19 26 24 21 
34 25 10 27 31 21 24 42 37 19 13 20 19 14 24 28 27 18 29 38 21 10 15 27 20 18 22 23 16 16 
39 19 17 19 42 17 21 39 15 21 23 22 19 29 27 15 11 26 26 24 21 20 33 24 20 12 10 30 30 16 
29 24 22 28 19 17 13 25 18 24 14 27 25 12 17 25 36 20 26 28 17 23 27 17 14 20 15 24 27 32 
23 17 17 37 18 28 33 29 18 19 14 18 26 21 15 53 22 9 30 32 17 23 24 14 22 23 19 29 33 22 
28 28 19 27 15 25 29 20 33 13 15 17 17 17 18 25 30 36 32 36 23 16 30 20 18 25 17 27 28 24 
29 26 15 36 18 23 24 39 24 23 21 16 27 19 18 37 27 24 19 45 18 15 29 24 28 30 18 27 34 24 
22 22 12 17 22 30 31 22 31 14 11 25 17 24 16 31 21 17 33 41 25 10 28 17 21 31 18 32 24 23 
13 22 17 7 16 15 20 19 13 18 12 29 14 17 33 25 9 20 20 31 8 22 32 30 20 27 18 25 42 28 
25 21 10 37 42 27 15 37 34 16 19 20 15 15 21 8 32 21 33 28 31 11 41 21 20 20 23 39 21 23 
15 18 22 33 23 32 19 32 35 23 22 20 25 17 21 22 17 18 29 23 20 17 34 37 22 31 8 30 31 19 
21 31 11 32 24 17 14 27 24 21 9 28 16 22 19 44 31 41 13 27 22 22 37 32 27 17 19 26 10 21 
32 20 10 20 30 29 34 20 34 21 17 23 13 26 19 28 32 31 38 40 27 21 48 20 15 20 25 30 20 26 
38 14 9 39 36 21 20 25 25 22 18 14 15 18 21 23 12 18 20 41 22 17 32 27 18 19 20 23 18 27 
19 23 15 28 35 37 23 32 32 24 19 11 33 13 23 38 28 24 27 13 17 6 23 15 18 13 15 20 24 33 
28 31 19 20 12 20 15 31 40 21 15 19 23 23 22 14 17 19 28 28 16 20 23 26 23 9 14 43 28 38 
20 24 22 32 43 16 21 26 18 23 13 24 29 19 26 24 32 17 23 40 26 20 21 22 22 19 17 35 29 25 
25 15 14 26 22 37 36 26 39 13 17 7 30 19 30 28 18 30 24 26 18 14 24 21 10 19 27 25 30 23 
20 13 15 28 22 16 30 28 27 22 12 28 22 15 24 8 21 12 22 31 16 12 36 23 5 23 19 27 19 37 
25 32 11 16 31 24 27 39 19 22 23 23 13 31 18 39 30 12 32 18 21 11 18 14 15 30 17 27 26 29 
31 19 18 29 26 14 17 16 35 14 12 19 16 14 15 25 28 19 28 41 17 12 26 33 18 14 15 14 22 22 
38 36 16 27 42 31 22 27 31 17 20 14 15 29 24 18 26 21 32 26 19 25 28 15 21 18 13 41 25 28 
32 34 20 32 25 26 24 38 38 26 13 28 26 23 23 27 21 16 31 41 27 24 29 35 24 19 14 28 24 15 
23 23 22 22 28 23 33 24 32 26 17 27 17 5 29 22 24 24 27 26 33 21 26 24 14 21 21 17 44 25 
14 19 12 19 16 19 21 39 37 16 15 28 20 26 26 19 35 13 17 23 30 17 46 17 17 16 21 39 23 30 
27 29 18 22 39 34 21 26 28 28 23 29 12 25 18 31 21 29 32 31 18 22 42 28 13 31 20 23 21 36 
29 26 5 34 20 20 25 30 34 22 28 25 27 24 35 14 31 22 33 37 28 13 7 15 18 21 17 14 27 36 
11 15 12 23 18 20 18 16 30 21 16 24 17 18 14 21 16 10 27 19 13 24 27 18 23 18 13 40 26 23 
16 26 15 27 19 19 29 30 28 24 16 32 22 25 29 34 15 29 28 25 17 23 37 23 23 31 2 26 23 29 
15 21 17 24 40 9 25 33 26 19 11 29 8 20 15 8 37 9 23 21 26 12 39 20 17 31 19 23 33 31 
27 10 19 25 23 33 15 45 48 20 13 21 24 18 25 32 25 16 35 36 15 16 17 32 13 29 17 34 23 24 
28 15 13 27 39 20 32 25 41 19 16 21 22 32 26 32 30 24 15 40 22 19 25 21 16 15 25 30 34 32 
19 11 13 38 35 11 27 31 5 22 17 16 32 16 24 38 17 21 27 28 16 16 12 30 22 14 22 30 21 26 
32 23 15 21 23 26 35 29 27 19 13 33 27 14 29 19 31 20 20 41 21 17 12 27 31 25 10 26 18 26 
17 25 18 24 19 33 24 24 26 26 20 17 14 17 26 25 33 29 35 27 25 21 21 35 24 26 24 36 25 17 
37 13 11 22 30 27 22 27 37 22 14 26 25 26 25 30 32 15 31 41 15 20 25 23 22 26 12 34 33 24 
29 28 15 12 27 22 18 35 29 26 10 23 20 24 27 33 21 24 38 40 19 16 26 12 26 21 21 39 30 23 
27 23 11 24 23 28 29 21 37 14 13 28 17 26 28 31 33 28 29 32 24 13 37 27 21 13 18 38 34 26 
23 25 19 24 19 15 26 24 18 15 11 36 24 25 10 14 21 27 35 25 23 13 31 27 22 19 16 34 10 23 
27 21 17 29 18 20 31 17 31 24 15 21 26 20 20 17 29 29 24 3 27 30 19 24 29 20 12 16 32 16 
36 20 21 23 17 22 3 24 27 23 12 26 31 8 16 25 21 37 30 33 12 13 28 26 21 29 25 20 22 20 
34 15 17 44 22 26 40 25 33 20 14 27 23 20 25 18 29 21 25 34 20 24 27 28 14 23 13 28 22 25 
23 24 12 29 26 26 25 16 34 26 7 26 13 14 20 27 37 26 36 35 17 19 16 19 18 19 15 20 16 32 
38 33 15 24 36 24 20 26 31 10 15 18 25 24 20 26 18 14 25 26 20 15 17 23 14 15 10 37 34 37 
30 19 20 27 32 21 36 19 28 27 16 26 17 25 36 42 26 31 34 30 22 16 15 19 19 15 9 28 21 26 
23 19 14 27 33 23 15 32 23 19 17 22 14 24 27 22 26 30 35 36 13 12 21 13 19 26 23 27 17 20 
22 26 15 24 8 22 25 39 22 19 14 24 30 22 21 23 21 31 30 39 20 14 26 19 25 20 13 38 23 20 
16 26 19 32 24 17 45 31 19 17 17 30 30 21 20 35 12 19 8 30 28 22 20 19 10 21 15 34 33 35 
24 27 11 19 23 24 21 39 26 14 19 30 23 29 25 34 28 17 37 35 18 20 24 19 18 26 13 34 35 10 
19 25 10 20 26 29 23 38 35 21 20 27 21 10 15 23 28 27 38 35 32 11 37 13 23 20 19 24 37 17 
18 29 11 28 28 22 26 30 15 37 20 26 20 20 18 12 39 31 24 23 29 23 34 32 6 10 17 46 25 19 
19 27 18 31 20 22 31 18 31 13 23 6 23 21 22 30 28 15 17 25 20 11 26 17 15 11 12 34 28 14 
10 18 15 25 15 20 16 17 11 23 11 16 30 19 18 7 27 25 26 40 29 17 40 31 22 28 19 35 31 19 
28 20 19 24 23 22 20 26 7 19 13 34 21 23 18 17 29 31 33 45 16 16 26 23 19 29 19 32 23 17 
29 29 16 17 26 20 21 23 33 25 19 29 14 12 35 29 32 26 8 25 22 28 21 20 20 15 14 38 39 27 
29 23 15 20 20 29 24 29 31 24 14 32 23 14 14 25 38 23 29 21 21 20 19 19 28 25 25 34 23 27 
23 21 21 22 23 18 16 18 19 23 10 16 23 21 15 20 37 26 26 32 18 18 21 26 18 22 18 37 32 33 
27 12 15 22 28 31 16 25 26 12 24 28 28 24 29 24 25 20 23 32 31 22 36 11 16 29 10 18 19 12 
24 13 13 37 29 12 12 14 26 33 21 9 27 17 25 50 33 17 33 33 8 17 27 31 25 29 16 36 17 22 
19 25 15 41 25 32 14 18 10 10 10 14 18 11 23 23 23 19 52 27 8 14 23 16 20 21 8 28 17 32 
25 20 13 26 23 31 32 43 38 27 17 16 21 27 28 28 37 25 24 28 16 17 34 20 11 23 26 42 26 24 
29 34 20 30 11 19 32 22 29 23 21 21 10 22 21 28 36 19 37 29 27 15 33 19 22 27 26 35 24 22 
31 16 11 16 23 29 19 39 20 27 12 24 14 22 10 23 23 15 21 28 12 16 30 23 27 28 11 36 23 30 
19 22 16 38 31 11 20 26 36 19 16 12 13 25 20 17 11 25 33 10 23 15 22 12 10 28 16 24 32 26 
21 15 16 17 35 17 15 21 33 24 13 24 15 30 30 22 30 10 22 29 22 7 13 25 21 20 21 23 21 25 
25 18 14 29 32 14 41 17 27 19 20 9 21 18 29 32 28 25 25 35 19 14 27 25 25 26 14 31 10 20 
20 22 12 11 18 25 18 35 30 16 10 18 19 22 17 20 19 26 20 31 19 15 35 35 16 23 18 31 17 24 
34 20 15 30 42 13 27 29 33 20 13 15 15 19 22 24 22 20 27 28 32 21 20 25 11 27 14 19 26 13 
15 22 13 27 6 22 15 40 33 13 7 20 22 30 27 43 19 21 40 28 26 16 39 32 25 22 20 31 33 36 
17 23 15 29 29 34 25 34 19 24 20 24 22 19 20 33 35 23 18 21 14 20 16 23 19 19 20 28 26 26 
28 27 14 30 31 11 9 31 22 28 13 23 13 13 21 38 21 25 25 49 15 22 23 23 15 18 15 30 26 25 
17 16 11 23 25 22 25 34 46 28 19 15 14 18 23 21 20 19 14 25 22 15 29 20 14 26 14 32 36 23 
16 28 16 30 33 20 16 27 17 31 23 23 17 21 25 33 31 14 12 15 31 12 11 25 28 19 22 28 39 26 
19 36 17 30 23 25 21 16 14 16 17 19 24 18 30 33 22 24 27 39 23 22 16 30 17 28 18 37 9 22 
19 20 14 35 22 27 11 39 26 32 13 26 25 21 19 34 29 29 31 33 18 11 34 29 24 14 21 21 26 39 
21 17 8 32 39 17 14 26 22 24 21 20 22 17 18 18 40 28 27 30 19 14 36 23 14 20 24 29 30 20 
33 24 16 34 31 33 28 20 15 28 14 28 20 10 26 29 20 24 24 29 14 9 39 22 15 33 19 34 30 25 
34 19 19 19 34 30 20 24 34 26 17 32 17 12 19 22 13 18 26 29 29 19 29 22 17 13 24 32 33 23 
28 28 9 28 41 17 31 41 25 17 16 31 26 23 21 19 33 15 18 35 26 17 28 18 19 25 16 23 18 19 
18 27 11 29 23 12 13 34 35 25 15 31 23 27 17 36 25 13 35 31 27 22 28 27 11 21 15 32 27 33 
27 12 18 29 34 18 31 30 29 30 19 22 24 24 11 14 31 21 24 40 17 19 18 18 27 24 14 36 21 24 
30 21 15 22 14 29 42 19 24 18 13 32 28 26 30 29 27 10 32 30 14 19 31 20 21 17 14 26 31 24 
28 11 15 18 18 34 8 15 23 16 20 22 22 18 20 32 25 24 23 29 19 18 25 27 23 17 12 37 27 22 
23 17 13 26 14 26 36 33 46 17 6 22 15 16 28 13 30 22 23 33 19 18 38 16 15 16 15 19 27 31 
31 20 12 30 25 27 18 25 26 24 13 20 26 21 16 36 14 16 13 26 8 12 29 28 14 24 25 30 24 25 
31 16 14 9 24 14 12 28 34 22 9 25 22 18 26 28 21 26 25 27 17 21 15 16 24 17 17 21 28 6 
15 35 16 28 39 21 26 24 21 21 14 20 20 19 21 35 34 25 22 19 22 11 33 23 23 22 21 38 21 26 
22 20 18 23 38 16 20 23 33 20 12 21 21 24 25 30 36 14 22 39 30 8 32 25 15 22 16 28 30 40 
24 25 14 25 37 25 18 35 24 32 7 17 24 10 24 21 15 13 33 30 23 15 25 19 19 26 30 26 24 18 
21 21 24 34 29 20 27 24 34 23 19 19 27 19 19 23 24 25 30 32 7 20 27 30 17 18 13 21 31 41 
21 18 15 27 30 22 11 21 14 26 20 17 27 15 14 37 25 18 22 39 25 24 16 28 14 27 19 44 10 26 
21 22 17 46 31 10 33 28 36 32 22 25 11 17 27 32 20 23 30 41 18 17 33 24 15 24 22 28 18 17 
28 28 14 32 29 23 32 37 34 15 19 40 11 16 15 35 24 29 39 40 21 14 22 32 16 20 20 21 28 24 
29 33 12 23 25 28 46 14 27 11 7 13 17 16 19 15 30 22 26 42 13 23 34 21 21 26 23 24 31 18 
30 21 13 22 31 27 31 23 22 21 18 28 29 17 17 42 24 24 25 20 25 15 37 12 15 24 25 18 12 28 
13 15 13 35 24 18 20 20 29 16 18 11 16 24 42 24 34 21 31 44 22 24 17 23 22 31 14 28 22 19 
21 28 8 34 35 18 27 44 25 19 12 20 34 17 22 18 14 12 22 18 25 14 21 26 20 20 15 19 27 35 
20 16 13 17 17 24 40 30 35 24 11 21 27 14 27 27 37 32 6 31 15 19 38 24 10 13 9 30 25 19 
29 23 19 8 23 19 25 29 11 9 11 33 11 23 20 21 24 28 14 31 14 15 37 10 21 29 19 30 32 29 
16 25 11 22 31 23 26 14 16 16 16 27 23 28 12 19 18 10 29 41 27 25 30 28 14 12 10 30 19 23 
25 13 29 19 22 24 37 29 15 20 21 21 25 24 17 9 18 22 22 18 29 17 32 24 25 25 15 22 29 39 
12 19 25 18 36 14 26 26 35 20 14 28 21 26 34 18 35 29 39 31 27 23 40 8 16 25 13 31 33 21 
25 25 16 23 23 15 30 24 37 23 11 24 18 19 23 22 30 27 34 17 17 24 21 27 25 13 22 38 24 31 
32 33 9 36 32 22 27 18 45 25 21 15 25 14 21 32 28 17 28 20 14 14 40 35 16 29 23 19 26 23 
11 19 13 15 27 16 28 33 36 24 19 14 24 14 16 30 29 24 46 25 16 11 24 23 20 22 16 28 25 40 
23 23 15 14 33 24 22 36 20 23 16 22 17 21 21 17 20 31 41 31 15 15 34 23 18 21 17 33 10 17 
31 35 4 26 27 14 25 33 22 27 19 16 21 14 21 32 31 29 31 47 29 11 31 25 10 22 25 24 32 19 
34 17 8 37 21 17 22 32 17 21 19 31 28 25 27 14 31 26 35 34 11 4 24 31 20 16 14 42 17 21 
19 26 18 33 7 21 25 32 36 26 15 22 26 25 19 21 23 32 27 25 13 19 33 27 23 21 20 26 20 17 
20 29 12 21 13 29 15 31 36 15 18 14 12 19 30 21 25 27 47 17 11 23 28 14 24 16 27 26 29 25 
27 15 10 23 28 30 21 21 18 20 13 36 26 39 31 16 17 14 30 21 13 21 27 13 19 12 12 31 23 24 
19 20 18 27 14 18 30 30 27 21 7 24 28 25 13 32 36 16 39 27 24 16 17 31 16 18 16 41 17 14 
23 37 18 23 20 22 18 31 33 17 7 28 31 22 26 10 22 16 36 22 23 11 35 20 24 22 23 33 15 25 
32 7 13 19 13 26 10 25 27 24 14 19 33 19 8 40 11 31 25 40 9 10 25 26 19 27 16 37 20 26 
31 28 15 21 29 14 21 31 18 27 15 26 16 18 27 29 15 18 14 31 23 20 33 27 7 26 20 33 31 25 
24 21 14 26 29 27 29 29 17 26 12 25 16 22 32 25 25 20 26 16 15 23 29 23 27 30 17 31 26 28 
15 22 14 19 30 27 16 18 26 22 14 27 16 25 24 17 21 16 22 34 9 20 22 28 12 28 16 27 16 25 
20 24 19 26 38 21 20 20 29 20 10 19 17 15 13 36 23 18 30 31 17 16 17 15 15 11 25 40 23 23 
32 17 12 28 14 23 31 28 28 18 8 22 28 26 13 35 21 16 30 32 19 25 25 29 10 13 19 40 35 38 
27 24 13 25 23 19 13 30 16 25 19 18 24 17 20 43 24 24 26 25 24 11 17 29 13 25 18 29 39 32 
23 17 14 22 33 21 33 30 24 30 17 17 25 12 33 30 19 17 32 23 21 17 32 19 16 21 15 13 22 21 
21 28 13 22 21 14 26 21 23 11 14 17 17 36 10 20 28 16 19 27 24 16 31 17 24 33 16 32 15 15 
12 17 14 24 35 25 26 30 28 27 18 20 19 26 23 27 33 21 40 24 21 16 25 12 25 18 20 28 24 24 
29 20 18 30 25 21 30 37 15 16 15 29 29 15 18 21 26 18 38 26 19 20 34 36 26 21 15 22 27 27 
19 15 11 22 23 22 16 13 40 11 11 28 31 24 28 27 25 20 22 33 22 14 27 13 18 25 14 26 18 28 
33 23 18 17 18 29 31 34 47 27 16 24 29 23 33 32 25 37 24 27 26 12 16 19 12 33 12 24 27 26 
28 19 11 42 26 36 28 26 19 21 14 16 26 13 11 26 22 22 8 37 29 21 36 19 14 19 15 40 18 32 
14 27 15 34 25 15 34 34 35 27 12 20 25 17 21 24 27 22 26 22 29 15 44 33 23 31 14 29 23 24 
14 24 17 38 29 27 29 27 34 20 10 29 15 27 26 21 14 31 30 26 28 19 26 17 24 22 25 20 17 22 
23 20 18 28 17 16 17 27 37 8 15 26 30 8 26 28 24 22 27 30 20 17 35 24 27 28 19 34 25 25 
16 15 13 16 35 20 26 18 20 20 11 25 28 14 17 25 22 22 21 25 25 8 19 24 13 21 27 19 20 31 
28 19 10 30 32 27 34 31 34 17 15 30 23 17 23 29 47 17 15 28 14 10 3 20 8 24 17 30 21 20 
29 22 17 33 15 10 31 37 34 25 17 25 20 20 30 18 27 20 18 20 18 14 34 14 15 26 18 19 22 26 
20 27 24 33 25 24 22 31 32 17 18 22 24 24 24 46 21 22 15 35 23 11 38 17 15 21 11 26 20 30 
26 16 18 34 27 20 31 33 35 18 19 25 17 27 22 23 21 28 42 14 16 11 49 16 13 29 15 40 31 20 
27 21 18 20 23 28 27 27 33 11 17 30 30 16 25 26 17 26 28 17 21 21 45 22 17 14 11 31 14 21 
28 20 14 22 29 18 24 7 32 21 22 20 21 19 21 33 20 19 17 45 25 15 22 28 27 8 18 39 22 13 
28 20 15 31 33 26 30 21 31 24 13 9 25 34 25 29 33 23 25 28 25 11 33 11 11 26 21 24 28 26 
22 21 14 29 34 31 29 26 18 16 14 18 12 20 30 36 33 28 27 25 26 21 27 31 21 22 19 30 21 30 
13 27 14 31 28 33 25 31 19 16 18 24 13 32 18 14 24 18 12 26 13 19 37 37 24 21 9 31 34 4 
16 15 11 28 23 12 25 18 38 14 19 25 25 13 9 31 29 19 21 21 20 24 44 31 18 22 19 25 29 27 
26 17 15 17 30 19 33 15 32 20 17 24 19 27 24 36 33 19 25 33 30 23 31 19 21 15 16 33 16 22 
21 28 13 32 34 13 31 34 9 26 20 35 20 22 21 18 29 25 34 9 21 17 32 28 22 24 14 21 35 10 
23 21 16 31 17 25 33 26 34 18 5 16 23 9 16 33 37 22 22 20 20 26 25 12 16 16 18 31 11 25 
20 28 15 45 38 22 12 10 44 27 12 32 25 19 34 43 36 20 28 19 22 17 24 27 20 37 21 29 16 24 
27 32 14 24 32 27 22 28 32 21 11 28 24 17 20 33 24 21 22 35 21 23 26 21 24 26 18 12 31 37 
30 18 21 15 37 15 34 9 31 13 14 21 7 22 17 29 21 20 29 27 24 15 23 33 14 30 21 23 31 16 
21 27 12 20 33 20 29 28 41 18 11 29 24 15 15 36 31 32 32 17 16 20 19 24 22 19 19 46 23 22 
26 30 17 28 16 12 33 23 29 8 9 21 15 29 8 21 18 24 5 39 18 18 35 27 11 19 13 38 20 27 
27 39 17 23 19 25 23 30 14 16 16 30 23 21 21 25 22 17 12 36 20 14 39 28 23 9 12 33 34 26 
23 23 13 20 12 24 21 34 27 24 15 15 27 30 23 44 43 19 31 28 25 20 27 17 12 29 24 27 22 33 
28 20 12 15 43 26 31 29 29 14 10 13 17 18 23 46 24 29 39 21 14 15 34 23 18 34 29 22 31 27 
35 26 13 35 30 15 28 33 31 18 15 31 23 19 21 20 29 22 31 29 23 16 23 19 17 16 17 42 21 37 
26 29 15 23 32 20 23 34 16 17 14 23 21 13 17 19 24 26 23 30 20 16 27 27 14 18 16 24 16 22 
18 23 13 23 9 25 30 26 33 20 14 23 13 17 25 17 36 22 30 23 21 26 33 19 7 19 20 25 11 16 
28 19 10 26 29 34 23 24 32 23 16 23 31 9 27 23 27 26 23 41 21 4 35 26 28 19 17 37 23 26 
31 16 10 30 37 15 22 15 19 21 20 27 21 14 18 30 33 18 29 28 23 13 26 15 14 28 14 13 31 19 
14 32 13 35 34 28 9 42 29 23 20 12 21 20 27 22 36 16 20 40 39 15 38 26 24 22 19 32 34 24 
9 30 14 25 28 25 23 40 31 9 10 22 15 19 28 39 50 14 23 28 17 28 40 25 21 27 18 18 32 29 
21 25 14 36 19 24 30 28 29 25 12 23 13 26 16 19 34 18 24 30 24 13 48 20 26 23 8 32 28 18 
24 18 4 29 32 27 25 2 27 21 12 26 22 21 25 22 26 30 39 26 10 11 28 29 9 33 24 34 30 13 
35 14 21 30 22 24 27 11 27 17 22 27 9 20 32 29 15 24 22 22 18 22 26 35 15 30 16 24 21 12 
25 12 13 19 16 25 33 22 32 19 8 18 27 23 15 18 30 20 29 29 16 9 38 19 22 31 8 26 38 24 
15 22 18 25 33 22 27 28 25 34 5 19 21 17 18 28 34 11 19 20 34 5 33 24 19 17 16 31 23 24 
33 11 17 28 23 15 14 30 35 28 22 24 17 23 15 31 31 16 27 27 17 21 35 21 16 19 14 31 46 29 
29 16 10 30 16 22 20 29 24 14 11 26 31 19 27 24 25 13 28 35 22 22 33 23 21 15 26 24 25 20 
27 20 22 18 30 16 37 34 25 23 16 19 12 16 22 28 22 18 45 36 18 29 33 29 29 24 11 18 23 17 
28 18 18 20 27 8 16 30 12 26 15 28 17 17 21 26 24 12 26 33 33 14 39 27 27 27 33 18 26 15 
28 24 10 17 26 17 23 24 27 17 12 15 19 30 16 34 29 20 23 24 17 19 16 18 18 20 22 23 21 16 
26 25 14 36 23 32 37 24 23 24 10 14 25 16 30 18 23 23 12 37 25 15 39 32 25 20 24 35 30 35 
30 25 14 23 19 24 23 18 20 27 16 29 23 8 25 34 18 23 41 25 23 12 21 24 15 28 13 33 27 19 
35 23 24 25 48 24 14 14 20 20 16 29 11 15 12 40 23 20 23 15 24 17 29 17 16 24 8 26 25 20 
15 16 16 41 17 24 20 22 40 22 21 27 31 23 23 16 28 21 35 38 18 14 18 24 19 23 21 26 29 34 
26 26 12 27 27 23 19 13 30 9 16 23 23 33 23 23 30 20 45 30 23 21 20 27 10 23 14 22 23 15 
16 17 18 30 28 32 24 21 43 21 8 13 30 25 26 26 28 13 37 37 25 16 35 23 20 16 19 32 34 34 
13 32 8 21 26 25 25 30 21 20 14 17 25 11 24 42 20 23 37 30 27 16 43 27 25 21 14 29 34 24 
33 26 17 19 36 15 28 27 37 16 17 12 20 2 20 24 20 15 13 34 24 15 39 25 25 19 20 28 14 41 
23 11 18 28 52 24 28 30 26 28 13 27 19 28 23 29 28 29 29 40 10 16 21 22 27 29 4 32 12 26 
19 21 14 20 32 20 23 33 27 26 10 25 25 21 20 28 37 18 24 20 18 17 33 24 22 23 17 17 26 24 
26 21 14 20 43 16 31 27 18 15 17 29 19 23 24 27 23 19 30 23 16 16 28 17 15 12 24 24 15 28 
22 35 15 20 27 17 28 34 29 17 16 13 19 21 25 34 23 20 34 19 15 17 25 16 23 17 17 42 35 25 
37 31 20 15 16 24 26 35 25 33 14 27 17 22 32 16 38 21 16 34 20 23 36 26 12 17 23 19 27 28 
19 27 12 29 27 24 17 34 28 19 8 25 19 20 20 29 24 22 29 26 24 21 18 27 14 18 15 24 27 25 
16 17 12 33 25 30 25 32 22 21 22 32 17 16 16 27 17 27 29 14 24 8 20 16 28 23 11 20 24 31 
15 30 12 16 31 14 21 30 32 24 11 23 17 20 24 29 12 29 33 34 20 12 27 8 19 36 20 36 24 29 
20 24 22 37 27 18 21 4 28 16 18 27 20 25 28 23 34 20 31 39 18 16 29 15 23 20 19 35 17 21 
15 32 17 23 20 23 24 31 27 13 10 28 16 22 27 27 22 11 23 15 9 13 8 14 13 19 11 20 21 30 
12 13 16 15 37 20 29 27 28 15 12 32 25 24 25 29 30 26 29 35 13 11 31 22 23 17 20 38 32 21 
5 18 18 22 28 27 27 35 16 28 14 19 19 17 32 36 36 28 36 31 17 25 35 23 19 25 23 33 24 38 
23 15 19 24 28 19 38 27 28 23 15 22 35 16 16 29 18 24 25 19 12 20 20 14 19 24 15 25 22 29 
30 22 18 31 18 29 38 25 16 22 28 26 16 27 29 22 29 16 32 35 27 7 39 19 18 24 13 21 18 12 
17 18 9 17 28 26 27 26 36 30 13 16 23 8 26 31 20 32 29 26 25 17 37 30 21 18 18 22 31 30 
26 25 14 18 14 23 20 12 24 26 11 27 20 19 22 34 36 26 31 56 29 17 21 20 17 16 17 41 21 22 
22 13 15 22 27 22 26 26 45 22 15 18 15 10 26 27 24 24 29 31 23 9 22 18 19 20 17 27 30 31 
28 22 12 22 19 15 28 22 23 20 10 25 23 22 21 25 15 22 28 31 15 16 22 19 23 21 8 29 41 23 
21 21 15 16 21 20 31 35 22 23 7 24 14 19 26 10 19 20 33 23 7 9 35 22 23 25 15 37 11 23 
29 18 13 27 30 29 16 24 31 22 22 21 25 9 22 30 14 17 31 33 15 23 26 23 13 29 15 31 35 33 
16 24 22 21 18 15 20 28 29 10 20 37 22 18 27 27 32 13 34 13 23 20 38 23 20 15 9 19 14 24 
18 12 21 15 34 21 25 22 26 19 17 18 14 19 27 37 16 31 34 23 13 10 33 30 26 20 23 34 32 24 
22 21 21 31 15 16 29 27 9 21 15 18 16 12 23 32 32 28 27 27 18 17 22 30 22 22 25 38 36 26 
18 28 17 34 23 28 35 32 36 19 15 15 19 27 29 30 28 20 21 52 20 18 29 26 21 33 19 27 23 25 
30 21 13 30 26 29 21 22 42 14 13 19 21 23 35 22 24 22 30 17 14 13 36 21 13 29 19 35 21 13 
26 13 20 29 25 15 20 24 26 25 19 31 32 15 22 46 23 20 14 37 12 16 25 23 21 30 24 26 27 24 
24 16 17 31 30 25 30 25 35 17 18 30 34 15 23 37 34 33 47 25 25 19 32 15 24 21 24 25 30 24 

MachineCapacities:
MachineID Capacity
0 10
1 10
2 10
