NumTasks NumMachines NumScenarios
10 3 500
TaskDetails:
TaskID ReleaseTime ResourceConsumption SuccessorsCount Successors...
0 0 3 3 9 1 2 
1 0 3 6 5 0 
2 0 10 10 2 0 
3 0 2 3 4 0 
4 0 3 3 6 0 
5 0 1 7 4 2 6 9 
6 0 10 4 3 0 
7 0 2 3 6 0 
8 0 6 8 8 0 
9 0 6 10 5 0 

15 14 13 25 20 21 34 26 15 30 26 19 13 23 11 21 16 21 23 33 18 19 14 25 28 17 26 19 30 12 
19 12 32 10 44 28 20 28 21 31 31 17 11 19 27 24 16 19 19 23 38 31 16 32 21 22 25 16 36 22 
24 15 23 32 50 24 8 25 22 23 15 22 19 10 21 38 23 18 16 23 12 27 15 13 24 16 31 16 20 18 
13 14 33 30 9 17 28 20 20 32 28 30 15 21 24 22 20 23 15 18 32 22 17 26 21 12 25 25 36 28 
18 22 27 24 13 21 24 28 15 24 21 31 9 17 13 33 11 18 22 30 15 22 15 20 25 13 10 23 17 18 
16 14 25 30 41 30 20 19 25 22 20 18 15 17 19 25 23 16 12 24 25 33 9 31 18 22 12 23 45 17 
20 5 34 25 13 37 27 26 18 26 21 30 16 20 7 27 19 14 11 34 25 33 12 18 20 15 25 25 31 21 
25 17 25 14 42 35 17 23 20 33 12 20 15 13 29 23 20 23 14 13 17 12 5 34 20 14 13 23 29 21 
15 20 17 23 32 26 24 23 24 36 29 24 12 18 8 31 18 13 13 18 32 29 16 31 31 18 29 28 27 12 
16 14 18 37 39 30 33 7 14 40 24 30 14 20 8 17 14 12 9 20 28 33 17 23 23 26 15 16 32 16 
17 17 27 22 32 21 30 17 26 21 26 28 15 24 25 13 13 23 14 22 9 30 16 36 28 14 34 22 27 19 
12 19 25 17 26 16 32 16 19 36 30 20 11 20 24 30 17 14 14 23 24 38 12 35 25 18 24 27 34 19 
15 16 39 27 11 37 22 29 19 22 24 33 20 11 25 43 19 15 14 16 27 27 13 31 19 15 22 16 34 20 
15 11 31 19 27 19 33 19 18 26 21 29 14 18 13 34 24 18 13 21 35 29 14 28 32 22 16 19 39 16 
18 3 29 18 25 31 19 26 22 25 24 20 17 13 27 21 16 21 13 18 18 23 14 33 20 17 18 30 28 13 
23 13 40 34 42 20 34 11 22 36 23 23 19 18 22 26 16 22 16 23 19 30 6 24 24 10 18 23 14 28 
16 15 16 14 27 33 33 17 15 34 17 25 21 22 32 24 16 10 18 26 27 32 16 36 19 17 27 11 29 22 
18 15 8 20 30 27 26 22 24 20 30 26 11 16 22 24 14 13 11 13 12 18 12 28 29 10 12 27 20 18 
14 10 29 35 25 33 30 23 21 29 31 26 17 10 27 21 10 14 20 18 24 17 18 36 12 16 17 24 22 22 
22 13 40 38 27 30 22 18 17 30 25 26 15 14 17 33 19 23 21 24 11 40 9 22 29 15 26 22 22 19 
18 5 37 14 17 30 21 35 23 31 24 18 22 16 22 15 23 30 14 16 14 30 12 31 28 15 26 25 24 23 
22 16 19 25 20 33 30 31 11 31 29 17 10 20 18 38 17 17 5 19 33 32 13 25 18 17 28 24 27 10 
17 17 31 24 51 22 32 31 14 28 11 28 15 22 18 22 21 22 17 19 17 34 16 25 25 13 17 20 33 23 
15 23 37 34 35 32 12 23 22 28 30 15 19 16 25 28 17 28 22 21 16 32 20 32 8 23 15 23 28 29 
22 12 33 21 33 40 13 10 21 23 39 31 18 23 18 32 13 23 6 26 28 11 17 33 17 17 25 17 28 18 
19 13 46 19 30 22 23 22 23 16 19 20 19 15 17 32 16 28 10 18 23 24 15 26 14 23 18 16 28 12 
23 14 22 31 39 25 27 23 19 24 29 23 21 18 14 18 25 24 7 29 18 28 18 7 23 18 18 28 15 25 
13 13 23 17 39 36 45 21 19 37 17 22 18 18 18 20 17 12 12 12 15 28 17 24 23 23 14 23 17 22 
23 6 34 22 32 33 30 31 16 37 26 24 22 15 20 30 12 8 20 25 21 21 12 16 26 25 7 18 36 23 
21 12 26 27 25 29 26 21 30 22 26 22 9 15 24 22 21 21 16 20 20 27 13 39 15 13 25 18 14 18 
19 15 25 18 24 28 23 25 15 31 29 16 12 15 19 13 12 20 12 18 30 14 13 39 20 10 29 14 25 30 
24 4 27 26 27 28 25 22 7 16 21 21 25 9 22 35 20 13 11 11 26 24 18 29 19 5 26 23 23 18 
23 18 15 12 25 32 26 21 31 25 27 25 15 15 27 31 16 10 10 32 21 27 17 28 28 14 15 5 13 21 
19 16 34 16 34 26 28 14 22 19 23 16 17 12 24 17 17 9 15 13 26 21 17 20 29 20 29 18 36 17 
14 15 26 25 33 37 30 27 20 31 26 21 13 6 10 41 21 12 15 23 19 21 11 29 16 26 24 21 43 18 
9 14 14 20 29 27 27 11 15 27 35 31 17 11 30 35 21 21 15 24 28 19 15 46 25 10 17 20 30 8 
30 10 23 15 26 33 30 20 21 23 26 23 17 17 24 26 16 4 13 31 20 13 20 29 16 10 18 21 38 18 
15 18 23 33 26 35 21 22 26 20 38 36 16 19 22 8 25 19 12 17 32 34 16 37 25 8 19 22 15 26 
21 13 15 28 32 28 21 25 28 26 22 32 14 24 19 40 17 24 17 16 23 21 16 31 18 9 33 23 31 19 
17 15 30 26 49 44 30 33 14 17 31 32 19 15 9 44 23 13 19 20 20 29 15 33 20 14 21 28 36 20 
24 20 22 27 25 31 31 22 27 38 20 25 19 17 22 24 19 19 11 28 23 13 19 31 25 14 28 29 26 21 
24 11 31 30 30 22 13 27 22 24 33 27 10 20 27 17 20 17 18 30 24 16 12 26 24 19 26 28 22 27 
13 13 35 25 23 32 22 33 23 24 20 14 11 13 23 23 20 11 25 15 17 29 18 12 19 7 20 21 15 31 
20 22 28 21 33 31 15 31 18 12 29 22 23 15 21 27 17 18 17 13 14 25 17 27 22 17 17 26 18 11 
23 18 28 30 17 30 28 13 18 46 39 21 14 13 25 24 21 4 15 24 11 24 19 24 16 16 21 22 34 16 
26 10 19 28 19 16 23 20 20 32 36 12 17 14 33 40 20 19 16 19 18 39 20 29 25 18 11 34 26 24 
22 18 33 21 16 23 15 31 24 30 29 23 14 16 17 19 30 26 7 15 22 27 15 14 21 26 21 20 34 21 
13 17 31 31 36 16 12 15 20 16 26 19 21 14 14 18 10 19 11 18 19 40 13 43 17 30 23 18 20 14 
16 18 45 27 24 35 26 26 15 23 16 14 19 22 29 27 25 15 9 21 22 29 9 37 28 21 23 21 25 20 
18 12 15 20 29 39 25 19 19 31 20 19 15 17 19 30 18 11 12 24 19 31 20 27 25 23 21 9 18 12 
11 14 29 30 27 15 32 23 11 42 16 27 12 16 24 22 13 12 17 24 28 11 18 25 13 18 24 24 25 21 
21 19 43 16 17 31 27 23 18 38 35 17 11 16 21 28 18 15 16 25 16 24 12 37 22 23 26 12 23 16 
16 14 32 16 18 40 23 30 32 36 21 28 13 18 11 28 18 21 14 19 19 28 13 35 15 12 18 25 31 13 
24 8 27 21 43 29 25 38 19 40 17 28 17 17 14 34 8 22 16 14 23 25 14 36 21 12 11 31 30 25 
22 16 21 34 37 16 28 26 19 12 27 25 18 8 11 32 21 16 10 20 20 32 16 25 29 22 26 16 23 24 
19 15 26 18 31 20 35 19 23 36 34 23 15 15 26 33 24 26 16 26 10 21 17 35 19 14 16 19 42 17 
27 16 16 12 26 26 11 27 16 24 27 31 10 12 19 22 23 23 12 12 9 34 17 30 24 16 19 14 23 21 
18 20 11 15 29 33 25 31 8 19 29 19 15 14 26 47 18 20 13 30 11 19 14 32 20 18 14 34 15 18 
24 10 27 20 31 17 29 22 9 32 28 25 17 11 22 15 17 12 13 15 18 38 22 37 9 15 18 26 16 28 
18 13 31 14 19 31 28 24 22 41 12 22 14 16 9 28 20 14 10 28 24 34 18 38 14 23 23 13 18 15 
14 14 14 33 47 33 28 12 25 25 13 28 17 14 26 32 12 29 3 23 8 29 11 37 26 10 16 24 32 25 
17 15 22 17 24 33 19 34 22 21 23 18 12 22 21 27 17 21 12 26 24 32 16 53 19 24 19 15 21 25 
10 6 17 25 43 22 23 5 22 30 26 25 17 6 31 22 17 24 13 23 28 13 6 36 34 18 18 13 30 9 
21 16 30 23 26 29 30 22 22 41 26 16 14 22 17 17 20 18 15 25 26 19 11 19 34 16 19 15 10 14 
19 19 30 8 28 33 21 17 28 36 39 13 12 12 23 27 16 21 12 13 25 15 14 27 28 25 28 23 35 23 
17 18 26 14 25 36 27 22 18 24 25 18 13 15 14 45 12 21 20 18 27 23 21 39 17 18 18 22 51 14 
15 16 33 21 35 15 26 26 19 33 15 25 19 20 20 31 13 11 14 26 17 32 20 23 22 23 21 17 28 11 
15 9 29 18 33 36 16 19 29 28 21 28 19 13 11 19 15 17 13 19 12 40 16 39 15 18 17 19 38 17 
18 25 32 12 37 29 24 12 21 22 20 17 20 15 27 22 16 14 10 21 16 27 16 32 15 13 22 29 29 7 
14 20 16 31 19 30 16 17 28 23 28 19 14 15 28 16 15 22 17 21 28 30 20 20 21 19 15 25 30 23 
13 15 26 20 41 20 17 12 28 20 34 24 17 21 7 34 11 12 7 15 24 20 20 18 22 17 28 26 31 27 
14 8 33 13 28 25 25 23 6 30 25 16 13 12 23 21 16 13 15 22 24 25 15 28 11 16 18 25 22 17 
21 18 30 19 38 31 31 15 37 31 40 11 16 18 23 34 21 13 17 30 25 18 15 32 33 22 25 37 33 18 
28 21 11 30 55 35 30 23 18 23 31 26 22 16 16 35 14 19 14 19 21 18 10 13 25 15 36 20 31 17 
22 21 16 27 32 24 27 32 7 27 25 12 19 14 24 35 22 23 15 15 18 29 14 24 21 18 14 21 18 20 
20 16 44 10 16 33 26 8 23 27 32 28 16 15 22 30 25 20 19 28 13 24 11 34 20 13 12 31 26 23 
18 15 44 32 44 25 33 23 28 18 12 32 17 14 25 14 15 19 13 40 2 34 12 26 26 13 22 21 22 18 
29 11 19 38 46 9 14 18 22 30 24 11 18 9 29 39 13 13 21 25 13 31 13 25 25 18 20 20 40 20 
16 14 25 23 19 33 24 27 13 25 18 27 17 15 33 19 14 12 9 17 26 32 20 49 25 14 22 20 30 15 
18 20 22 31 37 26 10 31 25 41 24 26 15 19 21 25 21 17 15 27 15 23 16 32 27 12 24 23 40 20 
19 17 45 26 45 27 28 18 16 33 24 18 14 17 21 14 30 20 15 18 10 27 15 25 19 12 27 31 30 17 
20 10 20 30 35 22 16 27 18 37 12 32 15 18 31 44 6 16 18 24 28 11 21 30 9 22 13 20 27 24 
14 12 20 16 30 28 21 26 19 19 21 26 22 13 14 30 12 13 7 13 22 30 23 8 9 18 21 33 35 18 
28 8 23 17 34 17 21 26 19 19 34 14 12 15 18 23 16 19 13 24 17 10 18 44 19 11 16 24 29 27 
22 13 40 9 21 36 22 31 26 9 21 27 18 10 14 8 22 20 15 25 30 29 20 30 33 24 22 19 31 22 
27 12 25 31 42 36 25 35 20 18 16 28 17 18 17 16 20 26 9 17 29 26 19 20 14 10 21 21 14 27 
20 11 21 25 13 27 14 30 17 15 35 25 18 16 14 34 26 27 22 14 14 15 11 31 21 23 18 22 44 23 
21 16 24 22 35 28 18 31 22 32 34 23 14 18 6 21 19 12 18 21 16 36 15 14 18 14 32 17 25 11 
9 11 33 34 38 17 24 10 30 23 27 24 19 14 20 34 20 24 10 29 22 39 16 49 17 21 12 16 35 24 
20 12 27 37 27 42 23 12 32 30 20 13 20 11 25 27 11 16 14 16 28 19 13 25 16 20 13 18 34 17 
13 15 32 26 31 36 28 25 22 29 19 27 26 29 22 16 14 14 10 20 18 31 19 22 18 21 24 13 20 16 
21 17 16 30 19 30 31 15 17 34 24 25 18 17 23 29 21 10 14 19 20 23 15 26 16 12 29 29 36 18 
14 18 20 22 48 23 22 30 23 29 24 10 16 19 17 37 13 24 15 19 19 20 12 41 17 19 16 20 30 26 
14 20 34 33 25 27 31 13 20 28 26 28 6 12 28 37 11 27 11 29 19 26 16 43 17 15 23 17 30 17 
15 21 25 24 34 26 26 22 14 22 26 32 23 23 18 29 23 21 17 16 27 21 19 26 33 22 21 24 23 18 
14 15 37 23 27 14 22 35 5 28 25 16 16 14 27 19 8 26 15 24 18 29 16 38 23 18 14 23 28 22 
13 22 15 17 34 39 30 16 25 34 17 27 16 18 31 28 17 22 17 19 9 25 18 42 20 19 27 29 35 17 
20 13 27 24 18 14 24 26 21 27 16 26 10 16 30 33 10 10 9 14 23 26 24 31 19 10 25 27 28 16 
22 21 38 36 18 46 27 19 18 22 22 25 15 20 25 31 17 21 13 28 25 23 11 32 24 16 17 10 32 12 
12 13 29 33 42 31 18 24 30 21 15 25 20 14 23 32 12 19 12 15 23 30 10 23 24 14 24 29 29 23 
29 12 38 32 21 38 26 27 20 35 27 29 13 11 18 19 21 22 21 27 25 27 18 35 37 25 21 27 31 23 
20 14 25 18 21 43 25 18 26 32 23 27 13 13 25 24 16 15 16 17 7 26 10 40 35 12 15 19 40 15 
30 13 11 19 22 26 26 26 17 24 24 23 17 13 24 29 13 24 6 24 21 34 23 27 21 16 16 27 24 16 
21 18 16 35 34 31 26 25 14 36 26 25 11 20 17 40 21 16 14 20 34 28 18 33 20 22 27 17 24 13 
21 15 29 39 22 20 29 10 8 26 25 26 19 14 22 7 19 16 16 27 26 32 18 31 20 21 28 16 34 24 
16 20 30 16 33 48 26 14 10 30 13 19 14 13 23 24 14 12 12 22 21 35 19 28 25 18 29 23 24 21 
14 11 30 26 34 16 36 18 23 25 16 28 15 23 27 31 15 20 13 22 14 32 15 34 14 8 24 18 27 23 
15 15 28 16 19 33 23 23 26 27 37 23 20 20 14 28 19 34 15 20 19 17 9 29 22 23 16 25 26 22 
26 13 25 27 26 24 32 14 20 33 15 25 14 14 15 28 14 20 15 24 22 14 11 47 22 11 25 23 39 16 
15 13 27 25 43 30 13 25 18 29 19 13 17 15 31 28 9 19 12 7 27 33 11 34 26 16 26 23 19 17 
16 14 27 11 32 21 33 25 19 27 22 29 11 23 21 29 19 19 5 18 27 21 13 20 8 10 27 33 33 17 
18 16 39 5 29 22 15 14 24 18 34 13 13 22 23 21 19 15 13 29 13 35 10 16 25 16 24 15 27 18 
25 11 33 26 32 30 14 22 15 42 19 21 19 15 34 22 13 15 15 26 24 24 15 10 24 15 23 6 36 29 
14 22 38 24 40 43 28 25 22 18 21 29 18 23 31 35 19 13 12 14 13 20 17 28 25 22 10 20 32 26 
20 18 26 37 32 34 28 34 20 26 25 30 22 14 18 34 18 25 13 24 17 15 18 10 13 31 28 25 15 25 
13 12 27 27 30 22 19 35 23 22 20 14 19 13 21 13 15 24 11 31 21 26 17 28 18 28 25 19 33 23 
17 16 13 8 26 22 33 24 22 43 32 23 18 16 19 25 17 16 13 13 23 30 12 20 36 18 21 30 43 20 
24 22 28 12 36 27 33 30 19 25 20 19 17 16 16 31 19 17 10 25 19 26 16 19 26 18 18 18 37 21 
17 18 27 21 29 30 13 28 13 26 23 34 16 21 10 19 9 23 8 37 21 24 16 26 23 27 32 24 25 13 
21 11 17 12 24 35 22 24 19 21 32 38 18 14 16 18 17 16 11 19 21 33 14 17 20 17 19 24 23 22 
21 22 22 27 24 30 27 24 32 32 24 22 20 18 16 21 23 15 16 33 27 28 14 23 16 15 28 23 31 18 
19 14 17 20 32 26 27 14 22 29 23 14 16 19 33 20 22 26 10 26 30 23 14 28 27 19 13 18 41 16 
22 16 25 19 26 29 30 17 26 34 28 26 22 8 23 26 18 27 9 25 16 34 12 34 20 12 18 13 38 18 
13 17 39 15 36 59 25 34 22 18 42 18 16 15 13 32 21 19 15 30 21 20 17 40 16 18 20 24 21 27 
17 20 23 41 11 38 29 20 23 45 27 32 16 12 28 30 23 18 16 26 27 32 11 39 29 14 22 17 32 18 
25 21 21 22 29 43 20 13 17 42 34 30 18 7 26 23 19 15 14 18 22 23 18 19 21 20 12 18 11 12 
25 15 8 24 30 34 15 15 30 7 5 9 13 16 23 16 12 23 23 23 13 27 12 38 16 19 23 25 33 22 
21 12 31 16 37 35 19 16 25 23 19 25 20 8 12 39 20 17 8 30 22 30 12 35 20 16 21 18 27 20 
20 14 32 30 28 22 27 25 21 27 25 23 20 11 14 32 18 25 13 20 22 22 11 25 19 22 16 17 31 18 
13 15 16 16 21 35 31 18 21 16 27 15 11 12 17 30 13 15 17 18 25 32 15 24 10 18 17 25 24 20 
16 14 18 27 15 39 34 20 24 18 36 20 18 21 15 32 12 15 16 16 13 27 15 41 17 20 22 27 37 25 
20 20 22 20 25 22 24 26 26 26 34 13 13 19 15 26 25 14 8 33 25 24 21 12 23 21 27 27 20 15 
12 12 30 23 36 35 16 22 14 18 22 19 21 11 22 24 24 19 12 19 23 26 24 34 22 17 14 11 40 11 
7 8 20 9 31 40 17 23 15 31 25 17 19 16 22 33 12 21 12 26 21 33 23 41 25 18 29 12 31 22 
23 23 26 21 24 34 19 22 24 24 22 28 23 19 27 24 27 16 23 16 18 25 14 26 26 18 22 36 25 22 
11 18 31 25 44 24 17 8 28 28 16 22 14 23 21 23 26 22 20 28 25 21 16 23 26 18 15 19 24 9 
23 11 21 19 43 33 22 23 20 43 22 11 10 15 21 32 19 25 16 16 22 13 9 25 16 23 26 25 29 21 
19 18 36 16 32 44 14 22 26 26 27 19 19 13 29 39 20 15 15 13 17 23 13 30 23 23 26 22 33 8 
17 16 29 18 26 23 25 11 23 22 20 22 22 22 23 36 23 22 16 15 9 28 20 35 13 15 32 22 36 13 
21 13 33 23 15 23 25 26 24 22 31 26 16 13 22 26 12 14 8 26 13 12 15 21 22 24 15 22 43 18 
21 14 27 22 31 29 26 43 18 22 32 22 20 22 20 27 21 16 14 30 20 30 16 24 19 12 23 25 35 28 
12 11 38 7 39 25 29 26 24 20 25 23 18 20 8 21 14 29 18 20 22 32 20 20 27 11 30 9 40 20 
14 15 33 23 16 24 29 20 27 15 27 11 21 14 26 30 17 16 13 25 20 19 13 38 25 3 15 21 33 23 
19 9 20 27 25 28 21 17 24 12 28 28 15 26 12 38 9 19 12 20 19 30 11 23 21 16 14 19 36 20 
22 18 32 28 24 42 17 24 16 34 17 28 7 17 25 24 20 18 12 15 21 26 18 39 32 22 15 19 28 11 
14 13 39 38 20 25 24 16 13 28 28 13 15 10 25 29 7 30 14 33 10 41 16 27 14 21 20 15 36 17 
15 18 39 24 43 21 26 16 20 31 22 38 16 16 20 24 17 21 18 20 18 30 18 35 24 32 20 22 37 21 
19 19 36 16 13 17 20 22 24 27 22 20 17 16 27 9 17 27 9 20 31 29 9 38 21 15 28 24 25 5 
26 16 20 31 30 36 31 39 23 15 26 14 18 19 21 24 16 16 16 18 18 34 17 27 6 24 21 25 35 18 
19 13 37 31 33 28 22 24 18 23 37 24 22 20 21 25 25 20 15 32 24 22 18 31 16 24 21 20 31 10 
10 16 19 22 22 36 38 16 29 33 29 21 16 16 22 23 20 20 8 15 13 29 14 36 16 23 27 22 41 28 
22 18 35 28 34 22 15 20 17 33 33 33 15 21 24 26 19 18 16 25 23 26 19 26 23 16 15 18 29 16 
22 21 17 24 11 24 20 25 14 25 20 19 25 20 15 35 19 19 17 20 23 25 17 38 19 29 29 12 34 21 
13 10 27 29 45 37 19 15 12 26 16 18 16 21 22 30 13 17 19 12 11 24 17 26 16 17 20 25 34 27 
22 21 27 6 31 44 19 20 19 23 23 27 14 21 22 24 20 16 17 22 21 32 17 29 20 18 23 20 36 25 
17 15 26 21 22 25 14 29 16 33 24 23 22 20 30 26 24 23 12 37 8 22 17 29 11 19 14 24 23 13 
17 12 16 28 32 28 34 19 14 31 20 19 16 14 24 26 18 13 22 16 28 23 13 29 24 12 20 19 37 22 
15 14 30 21 37 24 16 35 14 34 29 29 18 15 16 18 17 17 14 22 11 26 10 17 19 27 25 15 34 18 
21 16 35 26 30 27 15 27 21 36 19 13 11 20 26 16 10 19 17 16 22 30 12 11 17 20 14 31 10 18 
18 17 36 10 27 23 19 23 21 26 28 20 17 17 12 32 19 17 12 14 19 31 14 14 19 20 14 23 45 25 
21 10 22 32 23 31 18 24 17 39 28 7 13 16 21 15 13 20 22 30 6 20 22 25 13 26 11 19 16 22 
23 16 34 35 35 47 11 17 13 32 31 14 17 13 25 43 14 29 15 21 19 17 15 34 13 15 22 22 28 23 
11 8 31 27 39 40 21 29 23 41 29 26 13 14 32 15 23 22 14 28 10 39 18 40 32 22 20 12 33 14 
23 16 21 34 30 45 12 12 21 31 21 18 19 19 10 12 15 22 6 18 19 25 21 39 23 16 28 22 42 19 
19 11 23 10 37 29 14 38 41 27 29 24 20 14 17 31 24 11 18 13 13 21 15 22 22 15 17 20 18 21 
15 16 17 22 31 39 22 34 23 30 31 18 15 15 29 26 17 8 16 28 28 30 15 28 22 28 23 30 19 15 
14 11 19 24 39 22 21 12 21 24 26 24 16 12 21 35 13 14 20 23 21 28 14 21 15 26 14 20 24 19 
15 8 23 30 22 29 27 11 23 39 34 16 13 13 31 21 18 4 17 13 19 29 9 41 33 22 13 23 22 13 
20 14 13 37 28 33 35 15 14 27 26 19 16 15 27 33 16 17 11 19 24 27 21 22 18 11 24 22 35 19 
8 17 19 24 27 40 15 24 34 33 21 24 16 12 13 26 19 12 15 25 14 23 20 37 28 17 28 14 24 19 
12 14 15 25 34 38 17 16 21 35 23 22 20 19 28 31 26 22 15 17 24 23 12 27 15 12 8 25 18 25 
12 11 13 21 31 43 15 33 17 41 19 18 15 17 22 22 22 14 19 28 19 26 15 26 25 7 20 17 19 15 
32 15 21 31 19 43 24 21 13 25 11 24 13 18 22 25 21 13 9 20 4 23 25 16 25 11 19 27 20 19 
18 20 27 27 22 43 27 16 29 49 11 27 16 18 19 31 17 12 20 30 19 26 16 41 26 9 25 21 33 18 
21 14 19 34 10 22 22 20 25 29 13 28 13 12 15 22 22 20 15 17 21 26 11 33 12 21 21 23 39 18 
13 13 29 22 13 22 36 29 19 22 24 29 16 12 12 32 18 21 14 7 21 22 22 27 14 17 16 31 27 16 
16 18 12 12 39 41 34 16 33 48 27 19 15 12 13 31 21 26 18 20 16 20 14 49 26 21 20 27 23 27 
20 14 43 36 36 38 7 27 15 24 23 21 15 14 25 31 17 15 14 28 12 25 14 25 27 12 20 27 21 20 
21 13 35 24 41 25 28 29 26 16 23 13 9 8 29 34 29 23 21 15 15 26 10 16 19 11 8 10 11 23 
21 19 22 8 19 14 19 30 19 36 12 25 16 16 14 33 21 5 14 24 22 36 17 21 29 16 23 17 45 24 
15 13 21 22 40 35 12 15 25 41 29 16 17 14 22 35 22 27 22 34 19 23 11 31 16 25 25 22 23 26 
18 20 14 20 29 45 18 27 18 22 23 17 16 20 16 20 13 27 10 29 13 29 14 30 14 17 15 24 24 28 
23 14 28 31 15 23 16 30 17 25 14 12 23 17 16 23 25 13 17 18 21 36 10 19 27 18 21 33 13 21 
21 7 34 31 31 36 28 26 13 20 12 27 12 22 26 23 17 10 11 26 20 19 18 35 29 17 28 17 33 14 
25 17 28 26 21 23 26 18 30 24 20 19 17 17 18 27 17 18 11 17 16 14 16 26 31 23 6 24 27 15 
24 22 34 38 20 31 12 31 25 27 27 25 17 17 26 16 14 20 21 31 22 23 18 19 27 16 19 25 39 25 
14 20 37 30 36 28 3 24 25 31 24 29 10 14 12 26 21 15 16 23 26 14 10 21 30 18 29 21 29 18 
23 12 28 28 33 42 17 8 23 21 27 38 10 19 16 25 25 14 15 20 23 20 13 35 17 11 25 19 37 17 
20 10 20 33 18 36 17 20 25 10 29 24 19 14 23 24 21 22 11 27 22 37 10 41 23 14 16 21 36 17 
20 16 24 24 30 41 25 17 23 31 23 27 16 17 18 33 20 11 19 15 20 21 18 19 18 7 19 25 28 19 
16 13 21 17 13 27 12 24 15 17 24 16 13 16 30 31 10 17 17 22 23 31 16 18 16 21 17 18 26 23 
12 19 30 29 46 32 27 21 21 28 25 16 17 22 28 43 11 11 8 21 18 25 15 32 24 5 27 14 22 17 
17 24 10 18 43 30 19 32 27 16 23 23 25 15 31 28 18 22 14 31 9 26 17 25 36 23 16 23 18 16 
24 9 38 24 46 26 18 19 21 16 24 25 13 18 8 24 11 17 14 21 20 25 7 28 17 14 17 20 29 10 
22 15 32 18 47 34 26 19 11 39 20 25 15 15 17 23 9 20 17 22 23 22 20 26 16 16 19 29 33 19 
19 15 32 32 34 20 31 21 11 34 26 18 17 25 20 24 25 12 18 24 23 34 21 18 22 6 11 21 18 12 
22 15 28 27 35 32 26 38 19 31 21 24 11 20 29 42 26 15 12 26 26 25 6 16 11 15 17 24 30 18 
7 13 35 17 37 40 21 26 21 28 29 26 23 13 18 22 24 15 17 29 25 36 18 19 17 18 22 17 13 23 
18 10 16 24 38 31 32 20 22 19 21 27 7 14 22 30 18 24 12 20 12 24 20 20 16 17 21 18 21 25 
22 10 21 29 32 36 29 23 25 32 10 14 16 19 24 21 25 11 11 24 17 34 9 36 19 18 25 26 22 15 
12 27 15 23 21 34 22 19 21 33 15 15 6 15 19 16 18 21 18 8 18 34 17 28 29 11 24 15 29 19 
27 21 38 25 43 38 26 33 11 36 16 22 17 18 25 36 28 9 16 19 23 32 20 32 20 17 21 18 37 15 
19 18 33 29 30 23 21 18 20 15 24 28 16 14 34 31 22 10 11 10 18 27 20 25 21 20 17 20 44 19 
17 18 27 24 26 16 15 25 14 30 28 17 19 18 19 16 22 19 12 31 11 18 12 32 20 16 19 15 17 16 
12 17 37 14 23 40 22 15 10 34 22 20 18 14 23 27 17 9 19 20 22 23 18 21 20 19 29 23 30 16 
19 18 21 14 34 19 23 31 17 23 41 14 6 22 18 22 17 15 11 17 26 21 15 37 22 18 20 19 27 24 
20 21 28 25 8 15 26 24 16 29 17 25 13 14 24 23 16 16 20 32 24 28 16 24 18 5 11 28 22 25 
7 11 38 26 27 32 21 17 15 26 19 21 15 15 18 33 14 14 16 23 20 19 13 32 11 13 29 21 24 17 
22 17 35 9 36 33 15 24 13 15 16 19 18 17 24 26 7 16 17 16 19 38 10 19 26 19 25 33 31 26 
22 13 42 27 24 33 31 18 25 34 21 13 25 18 24 38 21 16 22 16 21 37 18 28 21 16 9 22 29 18 
15 17 32 20 30 37 31 10 22 36 12 29 17 17 22 45 18 21 19 18 19 38 21 21 20 16 20 13 41 24 
10 13 25 26 39 33 30 29 29 17 34 15 18 17 24 34 23 19 17 22 16 33 14 31 16 18 29 20 35 11 
13 14 44 12 33 32 24 25 18 26 23 25 9 9 14 33 22 16 16 24 11 17 13 19 24 23 33 25 17 23 
5 18 31 17 32 24 20 32 17 24 22 21 21 21 24 16 13 17 16 28 17 33 14 34 23 18 12 11 29 27 
21 6 26 36 31 11 27 20 30 23 28 24 17 19 23 20 16 26 19 13 21 19 15 23 16 18 14 22 33 16 
21 11 23 26 20 31 17 22 24 17 31 23 16 19 24 27 16 15 14 18 15 6 19 21 19 14 22 25 11 22 
19 15 26 15 27 13 27 22 21 25 23 18 16 7 18 24 12 20 14 21 16 35 15 29 26 12 8 26 6 21 
28 9 17 28 39 22 24 22 20 26 33 24 17 16 15 25 20 14 6 29 21 17 16 28 10 15 35 26 28 13 
16 12 32 25 44 13 26 23 27 30 17 10 16 17 16 27 11 13 17 19 28 32 10 38 21 13 16 17 35 27 
16 8 20 16 31 29 27 27 17 44 24 27 10 18 21 30 13 12 15 31 18 30 21 26 31 21 24 17 28 26 
24 21 29 25 17 15 26 22 13 35 36 27 12 14 31 31 26 17 15 30 15 15 14 38 22 15 22 20 33 22 
21 19 21 20 19 34 26 27 19 24 27 18 16 13 21 34 24 16 24 22 19 39 13 31 13 21 22 15 27 17 
15 15 32 18 32 25 25 30 19 28 27 27 16 14 15 31 23 13 20 17 12 27 16 28 23 14 20 12 25 23 
18 13 20 16 32 36 24 27 17 23 21 23 14 17 17 24 13 18 15 24 18 20 18 23 14 15 18 22 27 13 
26 9 19 26 36 16 22 33 30 30 24 31 18 16 25 11 26 10 16 19 17 32 15 26 21 14 14 25 18 16 
25 18 30 28 29 38 23 25 9 16 24 25 20 21 22 37 22 21 19 24 32 26 13 33 17 18 10 30 22 21 
18 12 23 34 29 31 39 22 23 30 25 23 14 19 20 26 11 21 15 12 11 7 12 23 17 20 33 29 14 24 
24 21 31 23 37 45 22 20 25 24 6 34 20 21 16 20 12 17 14 26 7 27 18 33 32 28 33 15 17 16 
19 21 19 27 8 30 29 21 20 21 22 25 10 19 37 39 17 18 17 23 32 20 14 40 22 21 45 26 31 17 
15 19 14 17 22 32 20 31 27 43 26 15 10 20 13 21 22 17 9 34 29 17 19 29 28 10 26 13 13 20 
21 28 35 25 28 27 25 37 33 40 33 23 14 22 26 26 22 19 27 15 21 26 17 17 22 20 11 21 31 29 
16 22 20 33 35 24 26 21 27 13 30 18 13 18 23 31 12 12 21 24 24 32 12 30 27 10 10 18 22 19 
20 13 17 19 15 21 38 18 20 22 21 18 24 17 21 30 19 20 11 30 17 22 4 33 23 17 20 23 40 19 
22 12 27 10 19 28 18 17 26 22 30 32 16 18 9 20 19 21 12 10 14 39 16 24 13 19 30 24 19 13 
14 17 36 20 40 46 7 27 26 29 25 34 15 18 21 29 16 18 19 28 25 25 17 32 29 18 32 13 24 22 
22 14 32 27 23 22 33 16 12 25 34 34 18 14 13 16 15 24 10 27 30 36 25 30 10 15 20 19 25 17 
16 14 20 21 32 23 27 23 20 28 17 27 20 17 29 23 18 17 19 13 20 19 14 19 13 22 17 15 41 14 
11 8 34 30 40 19 11 39 21 36 27 15 18 21 13 22 17 13 16 20 20 46 17 36 22 28 19 18 19 31 
14 23 38 35 39 30 21 24 14 33 29 22 17 7 30 30 20 4 18 17 15 37 23 20 14 16 27 27 33 17 
25 19 38 23 36 30 45 23 17 25 25 18 14 14 12 35 7 21 13 27 14 31 12 30 13 20 26 17 21 13 
21 15 23 11 46 28 33 25 22 3 12 21 20 20 12 35 21 16 28 18 25 24 15 24 25 20 15 11 21 19 
14 14 39 28 41 39 32 11 16 25 30 18 17 9 20 29 22 23 12 24 25 20 13 21 26 14 22 14 36 18 
12 19 26 31 15 30 30 33 24 41 21 17 8 17 27 31 15 14 16 15 19 33 15 26 30 22 20 12 20 24 
22 15 20 26 24 19 41 27 19 38 27 25 17 20 22 31 18 17 10 24 21 21 10 29 17 19 22 20 12 18 
18 10 26 16 21 31 29 22 30 23 22 14 17 20 35 36 17 16 16 27 24 20 13 26 30 12 15 16 35 24 
26 19 18 16 34 24 33 29 31 46 28 22 16 15 18 24 20 9 28 14 14 20 15 27 21 20 29 16 32 17 
15 14 21 24 17 27 31 29 14 42 28 28 18 18 24 22 15 16 9 21 20 16 15 36 10 26 16 25 34 16 
16 18 30 26 38 33 26 25 18 33 30 26 22 18 23 21 11 15 14 14 9 25 12 25 19 17 31 17 19 18 
21 17 34 44 29 17 28 23 22 20 20 21 15 18 26 19 29 17 26 21 21 35 16 43 29 19 26 23 31 12 
19 18 23 27 24 29 26 38 20 14 30 22 14 19 28 34 28 20 23 16 18 33 20 34 20 16 14 24 11 16 
12 19 28 26 54 37 27 31 19 24 32 15 20 15 24 32 17 22 12 27 24 25 10 28 26 20 28 18 38 18 
21 17 26 29 29 23 23 11 17 29 14 21 17 13 19 28 26 22 16 23 13 28 23 17 12 19 21 18 34 27 
14 20 28 21 28 31 38 24 22 24 31 9 17 6 12 34 31 14 17 21 20 41 16 33 17 5 22 28 31 24 
11 13 26 15 43 29 33 28 20 25 20 22 12 14 28 26 7 13 14 19 24 29 16 25 27 12 14 24 25 13 
19 22 36 20 42 27 36 29 13 20 24 23 18 11 21 19 17 26 16 15 33 34 13 21 22 23 26 29 34 13 
18 10 34 14 30 36 18 19 17 21 27 20 15 19 21 22 14 21 18 13 26 21 15 39 13 12 21 17 25 14 
13 16 28 21 18 23 31 35 22 31 29 28 15 20 12 17 19 14 14 33 21 28 6 23 30 12 30 26 39 24 
27 15 32 13 36 21 13 16 21 34 27 22 17 22 29 46 17 19 15 26 25 33 18 27 18 15 15 23 39 22 
17 20 34 32 32 20 29 25 28 16 19 9 21 15 20 26 10 26 12 18 21 32 16 24 16 20 25 34 23 18 
21 9 31 31 24 20 31 45 21 15 29 31 19 21 30 27 19 18 15 19 23 31 17 27 13 22 21 16 38 23 
9 21 27 28 27 14 18 24 14 27 27 18 14 10 19 30 15 9 18 13 14 34 14 28 15 20 21 22 35 19 
16 13 31 26 27 25 28 17 23 26 33 29 17 14 34 35 18 21 12 23 25 20 11 33 16 16 20 30 17 18 
18 15 29 27 30 36 26 13 24 42 39 25 15 23 15 20 16 16 18 29 21 23 16 28 23 18 25 16 40 25 
20 12 27 28 48 15 27 21 15 17 23 28 16 18 32 18 21 20 19 22 13 32 8 34 21 8 15 28 9 21 
21 10 18 21 34 33 36 22 19 14 24 17 17 21 19 25 23 16 20 16 36 23 11 20 18 11 27 22 40 26 
13 16 11 30 27 12 47 26 21 33 23 20 22 11 29 29 18 12 18 20 22 28 21 38 23 20 22 20 32 16 
22 16 32 24 36 33 25 22 23 19 22 21 20 23 12 37 15 15 19 24 30 21 17 32 11 14 8 21 39 24 
18 12 21 26 22 23 3 13 22 31 18 34 10 10 14 25 18 8 15 32 13 16 8 39 23 21 19 13 10 21 
20 14 28 21 41 17 26 21 31 41 31 31 14 16 24 35 8 19 16 9 15 33 17 40 17 10 19 25 32 16 
15 12 33 38 28 21 27 13 22 32 37 22 14 16 25 24 18 23 14 28 33 28 11 43 24 19 20 23 36 12 
17 25 25 23 27 26 23 14 4 32 22 30 12 14 16 25 18 19 14 20 21 31 15 40 17 21 29 13 25 22 
19 12 20 22 30 15 33 25 27 18 35 10 18 14 12 25 17 21 14 23 22 14 11 31 19 18 28 23 25 17 
16 13 26 23 22 32 29 31 25 22 19 22 20 16 30 20 12 20 14 16 26 28 15 18 24 18 24 15 23 23 
20 14 30 19 46 17 16 28 13 15 25 17 16 19 22 24 22 21 11 25 17 26 15 25 17 14 15 9 18 22 
27 14 29 34 35 30 29 37 18 18 22 24 13 20 22 22 29 12 23 21 18 12 18 33 20 25 18 21 28 16 
15 11 33 3 23 29 31 19 26 24 33 27 13 15 18 40 28 21 13 22 10 27 9 34 20 16 36 13 34 11 
7 16 8 19 40 49 19 19 20 23 24 32 14 10 22 30 12 17 21 9 14 26 10 22 29 10 20 22 13 23 
15 10 35 29 41 24 16 19 34 18 24 23 18 22 28 37 23 18 11 19 12 25 19 43 11 16 17 22 28 25 
22 16 37 23 26 17 24 21 21 30 26 30 9 18 13 29 20 23 21 27 20 21 9 28 25 8 21 25 27 17 
14 14 27 24 22 22 23 39 30 17 20 25 18 19 18 11 17 15 12 20 19 34 18 36 34 13 28 29 21 25 
20 20 25 20 23 40 37 22 13 23 25 25 8 12 15 25 9 29 15 20 24 23 15 45 16 28 24 17 38 11 
17 9 30 31 13 19 28 16 18 27 28 22 19 22 18 33 22 16 11 22 13 24 16 39 34 19 19 19 12 19 
15 14 32 30 27 21 34 14 18 20 16 26 11 18 14 30 19 7 17 28 9 25 14 38 23 16 22 28 29 16 
15 13 17 23 23 18 34 37 24 43 32 15 21 14 12 41 18 33 18 21 20 18 16 37 11 24 25 28 46 19 
27 19 32 35 27 34 22 33 12 26 17 21 13 17 16 33 16 18 9 17 11 24 9 19 22 26 30 23 28 20 
18 17 38 9 50 35 23 18 27 24 27 28 9 15 24 27 12 25 19 15 27 17 14 31 18 17 21 21 32 11 
19 18 31 34 18 37 32 15 25 39 25 15 18 21 16 30 20 13 22 19 32 32 16 32 15 14 21 25 27 20 
25 14 32 27 40 22 18 18 18 29 27 29 23 10 17 30 18 16 10 16 36 20 18 34 22 18 16 30 35 20 
20 17 35 22 29 20 26 9 24 35 28 32 18 15 18 33 24 19 16 33 24 29 9 21 32 15 27 19 41 16 
20 19 22 30 38 16 23 15 8 24 21 20 23 11 29 40 15 14 12 27 8 29 22 29 8 23 26 22 32 10 
16 15 24 16 21 31 22 16 14 20 26 17 20 19 20 27 13 12 13 26 21 23 11 23 20 22 17 23 24 23 
19 3 24 16 33 40 26 27 26 32 38 20 22 25 28 31 21 14 12 24 21 33 6 42 14 16 26 26 22 27 
23 15 26 17 27 26 22 21 15 31 22 18 15 16 21 20 18 12 20 21 22 34 10 30 20 12 16 24 27 27 
12 15 29 35 36 23 26 17 13 31 21 33 18 17 23 28 14 6 6 23 21 21 16 23 29 21 22 27 34 21 
16 4 29 22 34 25 27 27 20 21 12 31 16 13 33 31 15 19 12 23 25 35 13 22 18 16 26 19 23 21 
14 20 26 30 43 33 21 21 21 16 37 21 14 18 24 25 14 12 18 23 27 22 16 22 22 13 21 20 31 20 
17 10 22 26 35 36 23 18 29 14 22 14 14 26 26 36 23 17 12 25 21 25 16 19 15 18 24 24 38 9 
10 12 32 21 37 34 21 19 21 36 16 24 16 27 20 23 19 21 17 29 24 34 10 38 20 10 17 10 31 17 
17 14 36 35 35 40 30 29 17 32 31 33 14 18 23 27 21 5 20 26 12 33 12 24 23 11 17 18 17 14 
22 18 19 28 23 37 19 35 15 21 22 21 20 17 24 21 16 21 18 34 22 18 17 24 26 16 23 21 30 13 
30 14 22 22 26 37 32 27 17 22 14 27 15 18 14 24 14 16 9 18 8 32 13 36 22 28 15 14 15 22 
14 16 18 30 32 32 26 26 18 27 14 23 9 14 23 25 19 18 14 22 29 29 25 26 28 21 23 17 37 18 
12 14 31 22 34 40 32 22 24 28 23 26 24 13 23 40 18 17 13 18 26 22 13 18 19 26 30 35 32 14 
16 13 32 36 22 26 26 31 29 34 21 19 19 12 18 21 21 14 16 20 11 21 15 34 19 14 27 19 22 22 
18 5 22 6 26 22 30 29 29 13 26 20 15 11 19 16 14 14 20 30 18 17 21 32 23 22 15 33 30 28 
22 18 29 34 36 29 20 29 24 30 26 23 8 22 23 26 20 9 23 25 27 21 9 22 14 20 23 24 37 22 
23 21 31 20 25 26 18 26 14 30 24 27 15 9 15 16 15 23 22 22 14 16 24 36 26 17 12 24 43 24 
19 13 32 19 18 29 27 31 29 35 39 23 18 16 19 29 11 19 10 22 14 26 20 9 26 21 20 26 19 18 
18 7 37 38 51 15 19 33 14 26 11 22 9 14 16 18 16 17 16 29 16 37 16 30 24 17 18 16 30 16 
28 13 26 28 32 27 22 30 8 39 21 14 20 23 22 19 11 10 14 24 23 26 12 23 32 22 30 19 22 19 
23 12 37 20 33 39 39 25 24 36 32 20 13 14 19 31 14 19 12 15 22 28 17 28 27 24 15 27 29 16 
21 21 31 35 39 30 22 34 25 19 21 32 21 21 20 28 23 12 10 11 13 25 20 25 18 15 18 22 29 30 
23 15 28 13 36 33 34 30 21 29 20 32 11 16 21 32 18 18 14 25 17 2 16 41 22 20 19 25 10 23 
14 15 38 32 23 21 24 12 21 33 31 13 16 12 16 36 17 19 14 22 14 9 10 36 21 18 34 4 25 11 
14 8 33 25 27 39 30 17 25 35 15 24 22 16 19 31 13 19 20 27 33 30 20 26 29 24 20 16 28 21 
2 8 29 30 32 33 13 24 24 35 32 21 20 16 16 43 11 10 15 34 21 30 16 36 13 9 36 16 26 19 
18 19 24 33 8 18 23 17 25 41 28 23 15 15 24 29 29 21 12 25 22 38 17 30 25 13 20 19 22 22 
23 12 24 8 31 38 27 15 24 30 31 21 19 15 25 28 20 15 19 24 31 21 17 30 17 15 22 27 21 14 
16 22 40 27 20 30 17 9 27 23 38 12 21 10 24 30 18 19 19 16 11 31 17 36 15 15 22 8 13 14 
8 9 26 20 35 35 31 36 30 33 35 30 24 18 22 31 15 14 13 26 9 26 13 36 22 16 28 17 28 21 
18 17 23 25 22 25 17 24 24 25 25 22 17 8 16 37 14 22 24 14 28 31 17 28 13 11 20 29 21 26 
20 10 25 11 23 37 34 14 15 31 24 23 11 22 26 39 10 14 11 22 24 20 15 30 10 15 18 17 29 19 
8 18 27 20 42 38 23 31 15 29 31 22 18 11 22 33 18 20 17 28 16 22 16 34 27 22 19 17 38 12 
13 11 31 37 29 28 24 16 17 39 17 17 14 19 29 27 14 18 14 24 28 32 11 32 21 12 9 14 23 7 
22 14 16 12 24 23 23 30 13 38 41 20 25 21 20 21 17 11 13 13 14 17 12 29 26 17 20 25 25 25 
12 19 18 31 29 32 31 20 19 23 21 22 14 17 19 11 9 13 16 20 25 27 14 37 12 14 17 24 19 22 
16 11 32 27 39 29 28 20 10 32 19 19 15 11 17 36 19 22 13 9 29 31 8 30 25 19 31 21 20 15 
9 10 33 28 27 32 28 21 28 30 35 14 17 20 20 33 12 19 13 28 10 34 17 25 19 15 7 24 21 11 
21 17 23 29 10 31 19 23 26 32 22 24 9 9 16 32 21 25 11 22 26 26 11 35 16 21 15 23 34 16 
24 13 29 24 38 35 23 28 17 25 23 28 21 17 26 22 20 28 11 23 22 25 15 35 21 20 22 30 23 29 
24 13 33 17 30 23 24 21 16 19 32 26 16 13 18 23 16 25 18 24 16 18 17 40 27 13 11 14 35 13 
15 17 28 34 52 23 13 13 15 32 34 22 21 10 33 36 24 13 16 36 20 16 17 32 26 21 27 23 28 20 
23 7 31 27 33 29 25 31 26 30 27 17 15 8 29 36 22 22 16 26 10 16 20 34 22 16 26 19 27 11 
12 15 21 29 29 22 25 30 22 33 36 40 17 18 12 15 16 17 11 20 15 24 13 37 15 18 21 19 21 22 
19 15 8 11 41 24 18 28 13 35 37 20 9 12 25 32 14 13 19 23 16 23 7 16 36 17 22 27 29 18 
15 15 24 18 17 23 22 28 9 28 29 25 16 8 17 26 16 17 19 18 11 16 14 18 20 28 14 24 20 18 
9 16 31 19 47 31 31 27 14 40 21 18 13 19 12 18 13 20 6 16 19 22 20 36 23 18 23 24 31 17 
22 14 39 24 43 29 30 22 21 21 25 27 15 11 5 38 18 7 5 24 20 36 12 33 36 16 23 26 20 22 
21 17 16 6 41 35 28 18 27 28 28 19 18 13 27 33 19 27 10 34 22 27 15 39 14 23 20 18 30 29 
8 14 30 27 35 29 24 20 14 24 21 25 15 20 32 25 18 13 17 39 24 27 12 16 10 14 22 19 23 11 
25 22 30 21 34 30 20 29 22 26 23 22 14 18 31 29 26 8 12 17 16 20 18 23 16 15 13 27 33 13 
15 7 24 23 24 30 27 26 32 26 28 33 16 9 27 39 30 21 9 15 19 19 15 28 22 13 26 26 15 10 
15 9 33 29 43 22 24 24 26 20 31 18 15 12 23 18 16 22 13 16 14 15 6 37 26 12 34 12 23 19 
17 15 25 28 34 16 11 29 33 27 16 10 15 18 22 31 21 18 6 22 18 13 17 31 22 20 27 28 31 21 
19 10 34 22 29 19 24 20 19 36 33 29 16 16 12 11 25 10 16 10 28 45 21 31 22 20 29 26 18 18 
14 16 25 22 33 34 26 29 24 38 19 22 12 4 31 32 12 14 12 13 21 33 22 33 16 26 30 25 25 21 
23 20 33 29 26 39 29 21 14 29 25 20 16 12 23 7 19 21 6 19 18 28 12 38 17 12 32 24 26 14 
28 16 23 32 29 40 28 21 19 37 29 25 12 13 18 31 17 14 16 21 8 22 12 40 35 14 35 21 25 28 
28 14 7 31 19 30 20 25 6 25 27 17 13 25 33 15 27 23 9 28 28 33 18 20 24 12 21 16 24 18 
15 13 44 13 28 32 15 32 25 23 23 37 23 18 21 22 19 20 10 20 26 18 19 30 27 9 15 28 20 19 
13 18 23 19 21 34 24 26 16 22 11 30 12 15 19 32 17 20 14 23 6 15 15 21 26 10 23 16 20 14 
17 22 15 15 26 14 11 26 11 16 15 24 19 16 21 34 19 7 22 16 26 14 21 23 27 7 23 37 27 17 
9 19 24 18 42 26 17 19 10 24 19 22 12 16 21 25 25 13 24 22 30 36 14 32 28 15 22 32 36 20 
23 18 39 21 47 38 23 21 16 26 14 26 19 17 28 23 22 17 19 26 26 15 15 27 27 22 22 31 23 13 
17 12 34 22 22 22 18 39 14 31 15 24 16 12 13 15 19 23 19 21 22 27 15 32 17 20 20 15 36 19 
22 16 28 25 21 41 36 34 6 36 24 22 12 8 20 23 12 12 11 21 15 29 17 38 19 13 13 10 19 21 
17 14 35 18 36 27 40 32 20 13 33 21 15 19 25 25 25 26 6 25 13 29 17 43 21 18 20 21 36 18 
21 17 32 30 35 39 19 28 23 26 26 30 19 22 32 30 16 16 18 37 20 35 15 44 19 21 22 20 35 22 
20 11 24 23 30 37 24 5 30 29 28 26 12 11 24 28 13 23 11 17 21 18 12 40 22 22 27 14 24 18 
24 9 35 22 35 28 20 23 32 20 34 28 19 19 25 29 12 16 18 24 21 28 15 42 17 9 23 15 20 15 
18 14 24 26 25 28 29 27 20 23 28 20 17 8 20 23 26 12 15 19 14 36 11 30 14 22 16 21 33 19 
16 11 26 27 34 32 23 16 19 35 14 31 18 20 14 36 22 14 16 24 21 34 12 22 22 23 21 20 26 14 
14 15 27 25 27 32 7 34 12 35 28 28 14 17 10 19 16 13 21 14 20 28 19 47 26 19 16 15 31 19 
14 20 27 14 26 39 39 25 10 22 22 15 10 21 20 25 21 11 22 27 22 35 20 33 26 14 19 28 34 14 
20 11 26 22 20 27 26 10 25 35 19 22 21 17 15 25 22 18 16 24 21 26 12 32 29 13 20 16 24 27 
21 12 17 27 21 27 35 24 19 21 19 19 12 13 24 31 18 24 17 30 19 30 11 23 23 14 27 14 19 24 
12 13 35 25 36 28 25 34 18 18 24 35 21 20 19 27 24 20 10 22 21 25 26 40 24 24 21 11 30 20 
28 23 33 15 26 19 28 24 27 10 27 25 19 13 15 11 20 18 14 27 13 33 8 25 29 26 15 36 35 12 
11 12 29 20 30 37 26 14 14 31 25 22 15 14 13 34 17 21 21 21 28 37 16 13 21 11 18 13 12 23 
27 19 44 24 22 37 24 17 27 27 28 27 24 16 27 20 15 11 16 16 17 28 12 27 15 11 23 17 20 15 
21 12 16 14 22 28 15 13 19 29 24 22 15 23 16 37 20 22 18 23 10 15 15 35 19 22 12 11 38 6 
23 16 27 28 43 38 22 13 22 41 34 16 17 21 15 25 22 29 17 24 16 25 11 31 12 13 22 7 36 25 
20 16 44 24 17 36 27 37 20 28 34 22 11 18 18 26 21 13 13 22 16 24 12 33 29 19 26 19 25 9 
16 16 21 12 30 23 22 25 28 35 28 13 21 19 17 18 17 12 22 14 30 34 15 33 14 17 25 18 22 13 
19 13 33 15 42 29 11 27 27 19 38 14 20 14 22 42 25 20 15 24 18 14 10 27 17 18 18 31 32 20 
14 15 22 15 14 22 28 15 12 22 31 24 20 13 21 7 11 18 17 17 26 21 13 33 9 7 25 26 27 22 
18 12 19 32 27 27 19 34 34 36 28 24 20 14 17 15 26 27 16 19 18 26 13 23 27 19 31 20 27 16 
30 10 21 24 14 33 38 26 26 23 21 21 17 20 14 11 23 20 6 19 14 19 11 28 26 18 32 25 21 16 
15 9 21 33 24 26 23 23 24 24 28 18 18 25 21 30 21 16 13 29 14 19 16 34 29 11 18 22 27 17 
29 15 34 24 29 36 32 32 22 37 19 18 16 21 15 37 24 8 10 8 27 27 12 19 23 17 22 24 19 25 
16 17 23 25 25 50 28 28 28 34 31 27 16 18 29 30 13 22 11 21 22 16 7 33 33 17 16 19 20 11 
19 12 25 16 27 16 16 20 15 29 32 29 16 15 32 18 21 13 17 22 31 23 22 36 31 20 22 20 27 18 
28 13 14 39 18 38 34 23 29 36 38 32 13 16 20 30 21 20 15 22 29 35 21 28 19 21 18 19 30 25 
4 17 29 17 22 39 23 25 22 29 18 19 15 16 22 24 21 5 18 20 3 29 17 29 29 18 10 16 32 17 
20 14 23 18 22 40 24 22 16 40 22 31 18 21 31 32 23 12 12 15 21 24 18 34 29 18 20 22 30 18 
18 15 27 26 47 17 22 20 19 32 26 18 15 16 20 17 27 15 8 19 25 20 11 16 19 23 20 30 37 16 
10 10 14 29 31 28 22 26 17 19 36 15 14 11 11 24 22 17 15 26 16 26 18 38 12 23 21 23 18 14 
20 15 34 31 39 13 25 28 12 36 26 24 15 22 21 35 14 15 12 24 23 22 18 15 16 20 28 30 26 22 
16 13 24 20 22 25 32 30 15 26 23 28 16 12 22 20 15 16 14 26 20 33 10 19 17 15 37 28 26 14 
20 17 29 12 39 17 25 31 22 27 22 31 13 18 34 24 17 17 12 16 24 20 11 21 21 20 33 24 24 31 
14 23 14 31 32 40 28 23 25 28 20 19 15 12 31 23 18 15 13 22 25 27 12 51 24 13 29 18 10 18 
16 13 25 30 32 42 19 33 10 21 20 27 12 16 19 32 14 18 12 23 20 38 15 31 29 21 17 17 35 22 
11 19 18 32 38 15 25 9 17 37 22 30 12 20 23 34 21 15 9 27 26 32 11 37 24 6 18 21 29 19 
15 13 24 29 23 38 21 23 21 40 24 18 26 16 9 27 25 28 21 22 20 35 19 30 26 22 29 10 32 16 
18 17 27 33 29 23 23 24 17 22 17 35 14 17 25 37 22 21 20 12 17 25 14 15 24 6 28 17 30 14 
13 13 21 26 25 32 17 26 27 28 27 25 17 8 24 22 20 14 10 19 27 33 12 34 26 26 18 30 20 14 
16 12 27 27 34 20 24 43 19 27 24 27 17 22 26 24 13 23 19 26 19 23 10 36 26 25 28 22 35 16 
14 21 32 19 16 31 31 31 14 19 14 32 19 17 10 23 19 12 11 22 19 22 17 32 18 17 31 22 20 12 
16 13 36 33 27 24 17 31 20 39 24 12 12 12 25 18 20 18 22 24 20 27 11 28 12 24 32 23 32 18 
20 20 33 17 29 25 7 30 7 31 22 27 13 13 23 24 15 14 19 24 17 22 8 28 15 16 8 30 29 16 
22 10 30 21 36 11 11 26 37 18 27 17 12 14 22 24 22 18 22 27 17 15 19 32 24 23 31 20 40 20 
20 15 26 29 40 30 10 35 14 17 34 18 19 14 29 23 19 12 19 26 23 16 15 28 23 6 20 18 11 12 
22 10 30 24 22 21 34 31 23 31 24 27 14 12 15 31 13 19 8 14 15 29 21 37 11 15 22 18 23 22 
19 15 16 22 24 38 26 24 23 15 29 14 12 15 24 39 19 25 12 25 22 9 17 24 22 24 20 16 39 23 
16 12 42 20 46 28 20 24 12 30 41 32 22 12 19 25 21 23 7 20 28 21 15 30 25 20 21 16 30 20 
22 21 30 16 24 21 30 21 12 24 23 11 16 12 18 34 15 22 10 27 18 30 14 39 16 11 25 12 34 9 
18 12 26 48 43 23 9 21 27 19 20 25 17 21 24 17 15 20 24 27 26 38 9 22 22 21 15 14 38 26 
16 11 25 27 27 30 13 24 26 24 36 20 22 16 25 25 23 22 15 27 19 31 15 21 20 11 20 27 21 20 
9 22 29 19 33 25 27 25 19 40 27 26 19 16 29 24 17 20 11 32 20 18 19 6 16 22 34 28 29 20 
18 14 37 26 30 14 23 21 21 38 25 23 14 13 16 35 18 22 16 26 18 31 13 42 20 10 12 33 44 24 
16 14 21 37 48 34 10 17 21 34 28 31 18 11 24 13 19 19 10 15 32 31 17 15 16 11 19 21 15 10 
20 10 16 18 28 18 30 23 22 26 26 23 13 15 19 27 19 27 17 29 22 26 21 30 18 13 13 17 26 16 
8 13 18 35 32 29 22 24 22 45 23 30 14 17 31 19 16 20 13 34 22 21 7 16 27 16 20 25 27 16 
14 10 33 19 30 28 16 20 33 32 26 20 17 15 23 17 11 16 23 19 26 30 21 26 13 17 12 15 25 14 
25 14 28 22 25 33 32 29 24 8 24 25 11 19 28 34 8 11 11 15 19 27 15 23 17 11 29 19 17 11 
28 11 38 29 34 34 36 27 20 21 25 22 19 12 25 31 21 23 8 17 24 27 7 45 23 13 29 25 37 22 
14 19 46 27 39 22 27 29 19 19 31 31 14 14 14 32 18 19 21 19 21 34 24 32 25 10 15 16 20 26 
25 16 27 14 30 24 26 38 25 38 33 23 19 9 23 27 20 19 10 17 31 17 12 28 17 14 26 14 30 16 
20 11 16 29 37 24 18 32 18 30 24 12 12 21 4 21 21 18 18 17 17 22 11 26 11 19 20 20 20 19 
24 13 18 30 32 25 17 15 24 30 7 27 9 13 21 28 19 22 12 20 24 34 5 30 24 19 17 17 25 12 
30 18 33 34 32 23 31 23 14 33 33 38 20 17 19 28 15 20 16 29 16 19 13 31 25 24 26 25 39 14 
14 17 20 20 18 26 27 27 25 29 17 22 12 16 25 25 16 24 16 35 14 28 12 38 13 17 17 24 26 13 
27 11 24 33 37 35 26 10 23 21 23 23 16 6 15 43 21 16 12 25 16 28 15 28 27 15 24 27 26 20 
29 17 40 17 35 31 22 17 26 40 26 28 23 13 4 7 19 12 16 18 21 18 10 15 15 17 22 24 34 22 
14 16 32 24 27 33 18 27 24 22 35 29 19 10 7 19 13 25 18 21 26 17 17 24 27 24 25 15 31 22 
14 14 28 32 15 27 23 25 25 28 41 27 11 18 19 41 12 15 14 20 15 14 14 32 24 24 21 24 17 16 
25 19 23 24 18 18 11 25 18 27 37 35 11 21 19 30 17 18 16 24 32 28 15 28 23 24 23 10 14 14 
21 19 26 36 32 29 40 15 21 28 30 18 8 17 18 21 21 25 12 19 14 25 15 25 21 15 26 11 22 20 
13 14 33 30 41 28 28 13 18 30 29 15 14 11 21 24 12 17 12 17 20 33 17 23 11 28 24 21 25 14 
21 16 26 18 28 27 11 19 18 44 22 9 17 20 20 26 20 20 13 26 30 25 17 36 29 20 25 16 36 19 
13 9 39 24 31 19 18 19 11 32 26 25 15 18 33 29 18 15 12 22 15 36 8 20 25 8 24 19 33 23 
19 21 21 25 23 28 26 18 29 34 29 32 19 18 16 19 20 16 15 20 26 26 12 30 30 18 15 24 26 26 
26 11 38 28 32 18 33 25 18 31 18 23 17 10 26 26 20 22 19 27 16 29 17 37 18 18 21 18 20 19 
22 18 31 31 43 33 15 38 22 28 27 29 17 24 25 20 21 14 16 22 17 38 17 33 23 17 21 29 21 20 
22 14 27 25 27 4 17 10 12 36 28 35 19 20 25 32 13 23 22 26 21 21 17 27 25 20 16 23 28 21 
23 21 23 11 21 24 20 10 27 32 16 27 18 24 16 26 13 18 10 28 18 29 24 21 23 20 18 20 35 23 
17 12 25 21 33 31 23 18 18 41 18 11 17 16 18 23 30 14 22 29 22 22 15 19 25 25 24 22 24 21 
12 9 26 29 35 45 41 21 20 28 16 14 21 10 18 12 24 25 14 32 14 28 20 38 23 21 23 18 30 13 
31 14 16 18 42 25 22 25 17 33 27 26 13 15 31 24 27 15 14 22 20 24 20 38 11 17 26 24 28 18 
15 14 24 24 9 31 26 22 26 11 29 25 20 17 20 21 15 13 21 16 14 23 19 29 28 12 21 15 38 13 
9 19 16 35 17 25 26 12 29 24 30 30 11 13 11 42 18 14 20 23 20 33 14 25 22 26 19 19 39 22 
16 13 17 30 54 30 39 35 24 30 22 25 17 21 17 42 18 13 9 24 16 21 17 28 17 10 14 25 15 5 
11 10 28 34 40 32 19 23 17 27 24 15 14 21 23 30 16 17 19 14 19 20 13 17 26 15 17 21 23 16 
17 20 30 9 24 29 22 21 24 43 29 23 8 17 16 26 25 15 14 19 12 36 9 41 21 16 30 25 28 21 
13 16 28 36 38 31 25 24 30 28 27 17 11 14 22 42 18 16 8 18 27 20 11 42 11 16 27 28 28 13 
10 16 39 24 22 13 30 14 20 26 29 15 16 12 16 19 28 15 16 17 26 32 8 22 16 21 21 27 28 12 
24 19 45 20 26 28 18 23 20 19 41 10 18 19 26 24 23 13 22 25 19 34 14 20 14 16 24 23 28 13 
17 11 14 25 32 33 19 16 25 41 28 27 22 15 23 29 19 16 15 15 26 35 16 16 29 18 28 18 31 19 
18 19 11 37 37 31 17 25 17 28 16 33 12 14 11 25 22 18 18 15 19 29 12 33 30 10 21 19 32 24 
21 16 21 23 31 22 18 24 23 10 16 23 13 16 23 26 15 18 16 18 14 35 20 20 26 21 34 27 29 14 
13 15 38 33 25 36 19 27 21 21 20 23 17 13 19 29 12 17 11 24 27 31 18 22 17 8 30 31 27 18 
22 22 37 39 44 22 25 23 27 41 28 25 15 16 33 25 18 21 20 20 19 35 8 8 16 24 20 24 23 12 
19 11 29 22 23 48 26 22 14 21 24 23 17 10 12 15 18 27 12 12 12 29 12 38 16 24 22 9 23 21 
20 11 23 29 40 12 33 19 21 27 33 20 14 20 29 36 18 18 11 19 8 22 9 28 20 16 27 9 20 19 
21 12 32 25 27 38 33 12 9 8 26 23 12 15 25 25 14 12 18 17 22 28 15 20 25 16 10 24 33 19 
18 13 17 20 18 27 32 28 30 30 33 24 14 18 27 22 19 23 10 28 21 24 14 35 18 19 26 18 22 13 
11 14 30 32 24 28 28 18 23 38 23 20 21 13 23 36 17 23 14 25 29 19 21 23 29 18 22 21 24 16 
26 18 31 10 37 24 29 25 24 30 24 24 15 17 15 27 8 13 21 22 14 39 11 31 30 17 15 15 27 17 
24 16 24 23 32 36 27 32 16 20 19 25 11 15 19 24 20 18 17 23 22 30 14 29 15 23 17 30 25 18 
17 18 20 8 40 23 27 25 21 22 25 25 15 11 20 23 24 20 11 22 25 22 12 35 14 15 6 15 28 13 
27 16 24 29 37 24 33 23 26 27 25 21 17 19 26 19 20 21 18 20 21 21 11 23 25 17 24 17 20 16 
12 16 25 19 47 21 16 21 30 41 26 17 17 13 23 18 29 12 16 22 23 34 17 27 21 25 29 18 39 15 
14 20 31 15 38 35 22 12 23 18 15 26 10 8 23 25 9 19 20 27 19 25 17 31 21 16 27 16 22 26 
13 17 27 22 39 19 33 28 35 18 26 20 13 19 18 30 14 18 15 12 20 30 15 19 17 9 22 23 31 20 
7 18 23 29 31 20 19 22 23 45 42 10 20 23 27 14 22 9 15 24 21 38 14 10 23 16 10 17 32 17 
11 10 31 5 33 23 37 29 11 32 24 32 15 16 17 34 22 23 10 21 24 36 15 42 25 19 31 31 28 22 
19 16 35 19 46 34 41 8 22 27 15 13 13 16 28 23 12 20 17 22 10 21 17 23 22 9 24 33 35 16 
17 23 19 19 36 46 28 26 20 23 22 27 19 15 28 27 21 13 17 20 18 13 17 35 33 6 22 16 36 21 
25 16 22 20 19 45 29 32 27 41 26 16 14 10 17 19 26 17 11 22 16 18 20 30 14 14 18 22 29 16 
14 5 25 31 19 29 32 27 18 22 7 26 18 17 25 26 19 19 16 20 17 18 16 45 25 19 18 30 27 21 
18 12 30 33 41 36 28 24 28 38 27 34 23 16 6 19 13 14 21 16 25 20 8 33 10 15 18 22 23 13 
20 11 19 21 10 32 25 17 18 19 32 31 20 12 16 25 14 14 16 19 22 7 9 26 23 17 20 23 37 19 
14 14 26 30 21 40 29 28 18 39 16 33 8 16 14 32 31 13 19 30 10 25 18 35 17 24 21 15 26 23 
16 20 26 20 32 30 27 29 18 38 23 13 24 14 29 25 18 16 15 31 20 29 18 29 22 10 16 12 35 17 
11 18 32 31 26 18 22 30 19 32 38 27 13 15 27 32 19 7 14 32 18 25 14 35 11 26 17 22 48 21 
16 16 31 27 29 25 25 18 22 35 20 24 20 13 21 30 17 28 15 27 20 32 18 24 13 18 18 22 17 21 
15 17 37 12 14 15 24 22 15 35 30 34 13 22 25 29 18 28 19 21 24 37 15 30 19 8 26 8 29 20 
15 20 38 21 17 37 17 12 23 35 16 28 15 20 25 38 11 7 13 15 21 35 12 28 19 13 23 21 35 12 
17 9 26 20 14 22 25 31 24 35 25 17 20 16 20 16 18 13 12 25 23 21 16 27 13 15 17 20 42 25 
9 19 27 33 35 43 31 25 22 32 35 25 27 24 18 32 12 22 16 28 23 28 17 27 6 9 21 20 16 23 
15 17 12 24 32 27 27 26 20 35 25 18 18 18 21 29 16 20 15 16 1 21 7 27 20 22 24 23 11 13 
17 17 27 28 32 33 32 25 16 26 30 26 18 12 15 29 14 16 15 24 12 34 21 24 26 24 29 21 39 20 
23 13 30 32 43 29 21 21 23 23 26 19 19 15 25 43 21 16 17 25 25 34 14 24 27 17 22 15 22 18 
20 14 26 24 22 33 30 8 18 37 28 24 21 18 14 29 22 20 23 18 17 20 16 41 19 26 14 22 20 24 
21 8 18 16 46 17 14 30 27 42 24 19 14 10 19 9 16 13 7 19 22 28 22 35 22 14 27 24 43 18 
22 12 27 17 23 26 18 19 28 38 27 20 16 12 9 26 11 14 11 32 18 23 14 29 11 16 15 18 28 27 
18 16 20 26 35 42 30 20 14 23 26 20 14 15 15 23 15 16 15 21 36 17 21 22 18 14 20 28 22 26 
11 15 36 23 29 33 31 21 19 13 28 14 21 19 15 35 15 16 16 26 26 25 11 33 13 14 20 17 25 8 
14 16 11 20 15 37 32 13 17 21 38 21 21 19 19 19 14 20 13 19 12 20 15 24 14 20 24 20 28 17 
24 17 24 28 34 22 11 30 17 29 22 30 9 18 29 37 18 17 19 27 18 26 13 26 16 13 12 29 39 23 
20 22 31 27 28 29 20 31 11 29 19 26 25 14 19 16 18 27 13 15 23 19 9 35 18 25 17 16 37 15 
24 21 20 22 30 20 24 32 16 17 27 34 16 16 25 26 14 23 13 15 17 39 13 32 29 18 29 24 17 20 
19 10 27 30 20 9 19 33 33 26 31 31 14 16 11 31 17 22 18 18 13 30 22 35 20 16 23 15 29 10 
20 14 17 27 31 46 28 26 15 41 31 16 16 13 15 38 21 14 13 13 16 35 7 38 11 19 7 10 20 14 
17 20 20 24 40 15 36 18 27 27 16 18 11 13 22 8 9 19 22 24 18 27 13 41 8 14 25 20 28 16 
13 10 31 32 32 20 21 14 25 29 18 16 21 19 22 16 17 25 15 29 24 22 14 27 19 14 10 30 28 14 
33 14 32 30 44 41 37 29 24 23 24 15 11 13 14 18 16 22 20 23 14 21 8 39 20 27 22 22 36 20 
17 20 24 26 44 31 26 29 6 32 30 24 20 16 11 31 17 11 20 14 17 34 13 31 26 16 23 29 29 23 
26 13 30 23 32 35 29 18 21 33 27 18 11 5 16 24 8 18 21 16 27 16 20 30 25 19 9 24 28 20 
20 18 16 22 18 27 27 12 20 24 28 16 15 17 20 36 20 22 19 25 23 15 14 32 16 15 17 19 21 22 

MachineCapacities:
MachineID Capacity
0 10
1 10
2 10
