NumTasks NumMachines NumScenarios
25 2 10
TaskDetails:
TaskID ReleaseTime ResourceConsumption SuccessorsCount Successors...
0 0 2 5 2 4 11 
1 0 9 8 4 8 13 14 16 
2 0 9 6 2 6 8 
3 0 9 9 5 11 14 15 16 18 
4 0 5 5 5 8 10 12 13 14 
5 0 9 3 5 8 9 14 16 18 
6 0 10 4 3 9 12 13 
7 0 4 9 1 18 
8 0 7 6 1 15 
9 0 2 3 1 17 
10 0 1 7 2 16 18 
11 0 9 1 0 
12 0 2 3 2 16 18 
13 0 5 2 2 15 18 
14 0 5 9 1 17 
15 0 5 2 0 
16 0 4 3 0 
17 0 9 8 0 
18 0 7 5 0 
19 0 9 1 1 23 
20 0 4 3 1 24 
21 0 4 9 3 22 23 24 
22 0 2 3 0 
23 0 5 8 0 
24 0 4 8 0 

9 21 20 17 13 15 10 8 13 11 34 8 18 26 33 17 21 19 30 16 37 22 6 19 29 7 24 18 25 34 31 11 41 26 10 27 7 23 34 32 25 20 31 19 28 11 10 16 7 16 
13 42 24 21 33 13 17 11 21 12 32 9 11 52 32 16 36 16 25 10 20 19 9 19 16 11 15 20 33 39 35 21 45 27 29 12 18 12 30 37 33 20 16 18 28 13 7 33 10 11 
16 16 13 24 35 14 18 13 18 16 34 9 30 31 34 17 44 16 33 14 26 25 10 20 25 13 32 17 23 19 33 23 21 18 30 31 23 20 15 40 29 20 22 44 15 21 5 16 9 18 
11 21 14 28 26 14 25 14 19 9 38 8 15 36 26 11 32 18 25 20 27 29 11 28 23 8 24 22 29 40 22 21 32 24 24 19 12 15 19 29 21 8 17 23 34 16 12 15 6 11 
12 27 17 22 22 11 18 14 12 10 11 11 28 21 30 17 27 17 11 9 24 14 12 5 17 11 34 18 29 30 18 14 39 22 22 35 16 17 37 30 21 17 25 23 32 11 7 26 12 18 
17 31 13 20 25 11 21 13 12 9 20 12 35 19 11 13 40 15 22 14 22 35 9 16 24 6 27 15 30 40 35 29 28 21 22 30 23 27 34 10 24 11 26 31 27 16 13 19 12 18 
8 25 30 26 29 18 17 16 15 17 29 7 33 32 17 8 36 21 21 11 15 15 8 23 28 19 24 30 27 11 34 18 31 14 25 24 13 29 14 18 21 17 33 34 17 12 11 23 9 23 
11 35 19 28 20 15 16 11 18 15 37 8 19 22 29 13 32 13 31 7 16 18 7 17 27 15 33 18 14 25 26 13 27 7 13 32 23 28 22 35 19 18 34 37 18 18 11 22 14 8 
17 25 14 18 25 15 10 8 18 14 32 10 29 40 16 8 32 18 28 19 24 26 14 25 25 11 31 16 29 25 24 26 35 26 25 31 18 31 25 44 24 4 14 44 13 12 13 18 12 20 
15 39 36 18 26 14 17 21 16 9 19 9 24 15 31 13 48 5 42 21 28 34 10 13 36 12 37 23 22 32 41 15 46 41 12 29 16 31 29 29 26 18 22 37 26 19 5 7 13 17 

MachineCapacities:
MachineID Capacity
0 10
1 10
