NumTasks NumMachines NumScenarios
25 2 10
TaskDetails:
TaskID ReleaseTime ResourceConsumption SuccessorsCount Successors...
0 0 2 9 4 7 9 11 12 
1 0 5 6 4 4 8 11 12 
2 0 2 4 3 4 11 12 
3 0 5 7 3 8 11 12 
4 0 2 6 0 
5 0 3 8 4 7 9 12 13 
6 0 2 4 2 10 13 
7 0 8 2 0 
8 0 4 3 2 9 13 
9 0 8 5 1 10 
10 0 10 10 0 
11 0 4 9 1 13 
12 0 5 9 0 
13 0 6 7 0 
14 0 9 10 3 20 21 22 
15 0 4 2 2 20 21 
16 0 2 2 1 24 
17 0 10 4 1 24 
18 0 9 5 1 24 
19 0 3 5 0 
20 0 4 9 0 
21 0 3 3 1 24 
22 0 2 3 0 
23 0 2 4 1 24 
24 0 4 3 0 

8 23 18 18 29 23 12 36 25 21 7 16 25 9 16 26 12 18 16 15 15 21 22 14 16 14 24 29 27 26 26 32 23 29 14 12 22 12 19 9 40 23 17 9 9 24 18 21 26 15 
18 9 14 14 20 32 15 31 25 25 13 29 22 11 14 33 19 17 21 21 14 27 14 15 28 14 24 32 24 24 22 41 28 46 14 21 34 5 11 14 20 21 21 9 13 23 30 14 9 15 
14 18 16 18 14 21 14 33 27 18 8 23 18 16 22 44 19 38 18 16 10 27 15 16 19 18 25 31 18 28 35 22 44 38 11 18 22 8 17 10 33 18 22 8 12 15 28 19 18 19 
15 22 23 15 26 16 12 27 22 18 8 23 23 17 19 35 16 21 18 22 13 23 13 14 19 9 26 32 18 9 17 32 35 26 12 11 26 10 27 10 30 38 20 11 13 15 24 11 18 21 
11 27 10 23 19 40 11 42 15 28 8 24 15 11 29 28 17 34 15 27 19 14 13 18 27 18 24 12 18 42 26 37 33 25 15 21 16 12 27 13 30 17 16 13 16 18 34 16 13 13 
20 23 10 23 24 33 12 25 29 34 7 29 28 21 30 33 15 27 22 20 25 14 14 18 19 17 18 33 24 23 31 25 23 36 10 19 22 9 23 7 33 16 20 10 20 13 25 7 24 14 
11 27 23 13 33 41 14 22 20 18 19 16 16 17 28 32 13 16 17 18 14 11 7 19 22 9 24 44 24 20 24 24 13 36 11 21 19 13 22 13 20 26 13 12 14 16 29 9 13 22 
13 16 20 21 30 31 14 40 43 19 16 30 22 17 27 34 21 37 16 28 13 25 9 28 22 12 31 23 25 41 24 40 37 34 13 15 22 9 17 9 25 19 29 6 17 30 28 15 21 12 
14 21 16 13 14 23 12 36 34 9 6 23 33 9 25 24 22 20 13 25 13 18 13 25 28 18 25 37 20 31 21 27 16 28 18 15 29 10 20 13 31 17 19 8 9 19 29 19 21 10 
18 19 28 12 24 34 11 32 31 22 8 21 20 22 25 29 14 32 12 30 19 15 17 23 17 18 20 21 25 28 22 14 17 42 13 22 24 6 16 12 22 24 32 7 14 23 22 20 23 12 

MachineCapacities:
MachineID Capacity
0 10
1 10
