NumTasks NumMachines NumScenarios
25 2 10
TaskDetails:
TaskID ReleaseTime ResourceConsumption SuccessorsCount Successors...
0 0 10 4 1 6 
1 0 4 3 3 4 7 8 
2 0 1 8 3 7 8 9 
3 0 7 5 2 7 9 
4 0 5 7 1 9 
5 0 6 7 0 
6 0 4 5 1 9 
7 0 5 3 0 
8 0 8 4 0 
9 0 9 5 0 
10 0 9 2 4 17 19 21 23 
11 0 8 6 3 21 22 24 
12 0 7 5 1 18 
13 0 9 7 3 19 20 22 
14 0 6 2 2 22 23 
15 0 10 10 1 22 
16 0 1 2 0 
17 0 6 4 3 20 22 24 
18 0 9 9 3 20 21 22 
19 0 2 8 0 
20 0 9 5 0 
21 0 4 5 0 
22 0 2 5 0 
23 0 1 1 0 
24 0 7 2 0 

35 16 21 23 10 14 24 19 11 27 40 19 17 26 43 13 14 24 12 22 21 19 30 24 20 18 7 24 16 16 21 6 15 19 24 23 20 40 14 27 17 18 33 12 26 38 27 16 12 20 
20 15 21 21 11 14 21 17 16 22 28 26 18 16 22 14 14 33 24 22 27 24 36 12 18 20 9 34 15 15 24 10 12 23 24 23 19 16 34 40 18 4 20 28 31 30 20 10 12 20 
36 13 12 19 15 7 38 17 15 52 27 23 16 25 21 11 14 29 23 14 27 22 18 12 11 41 13 27 18 16 15 9 23 18 26 20 15 38 38 39 18 16 37 30 26 26 21 15 13 15 
21 12 25 16 17 8 33 20 17 39 34 20 19 30 20 21 15 24 16 25 16 18 15 11 15 20 9 20 18 18 14 5 19 25 29 16 19 33 22 26 16 12 25 22 27 28 23 12 11 11 
21 13 24 11 11 10 25 14 25 36 31 13 22 27 33 21 14 29 17 24 26 17 10 20 13 14 10 32 30 14 30 11 19 26 26 25 27 31 30 30 17 6 15 15 22 29 21 17 18 20 
32 8 28 13 17 12 25 23 28 28 28 24 25 34 12 19 15 22 15 25 28 18 20 13 20 23 9 28 14 19 32 13 14 35 20 21 18 34 23 24 19 15 18 32 10 39 23 14 15 18 
25 11 28 12 12 15 29 19 23 25 40 16 9 21 33 14 26 19 22 26 26 18 23 10 15 29 10 42 25 12 25 11 20 23 25 14 23 31 32 25 17 19 22 36 13 39 17 12 10 21 
30 10 22 14 11 16 25 18 31 17 28 16 16 31 25 14 15 30 19 26 16 21 25 12 10 31 12 24 20 11 20 12 20 17 14 21 16 20 29 25 24 13 10 33 22 20 28 15 14 24 
5 8 18 18 9 12 35 11 36 48 13 18 23 33 26 11 12 19 25 20 18 28 19 23 12 24 12 44 24 15 15 9 18 25 24 29 24 32 36 18 19 18 36 16 12 24 26 14 10 17 
40 12 18 19 13 10 33 7 20 25 25 19 20 28 31 17 6 33 11 26 10 20 14 18 15 39 11 21 32 12 29 9 23 23 27 21 19 45 30 25 22 16 28 26 19 46 31 16 11 17 

MachineCapacities:
MachineID Capacity
0 10
1 10
