NumTasks NumMachines NumScenarios
15 2 100
TaskDetails:
TaskID ReleaseTime ResourceConsumption SuccessorsCount Successors...
0 0 9 1 2 2 3 
1 0 8 6 1 2 
2 0 8 5 3 4 5 6 
3 0 4 6 2 4 5 
4 0 5 3 2 7 8 
5 0 5 10 1 8 
6 0 6 3 2 7 8 
7 0 5 8 0 
8 0 3 2 0 
9 0 3 5 1 12 
10 0 7 6 1 11 
11 0 9 4 1 12 
12 0 2 6 1 13 
13 0 6 7 1 14 
14 0 9 2 0 

13 28 24 23 18 10 17 15 32 35 34 24 27 17 24 18 20 8 14 30 20 20 14 15 26 26 26 25 19 15 
15 24 46 19 31 4 14 26 35 25 36 18 19 29 25 17 40 19 38 23 18 27 22 16 14 31 25 25 22 15 
15 19 23 33 28 23 16 20 31 30 34 21 25 14 25 24 14 28 36 20 26 31 21 25 33 22 18 28 19 8 
15 30 33 17 28 18 16 21 27 20 31 7 19 11 32 15 28 11 37 31 16 24 16 16 21 27 21 23 25 14 
9 15 24 19 28 23 17 34 39 12 37 16 22 13 35 25 17 25 26 28 21 20 14 10 12 35 39 33 24 10 
12 29 24 22 30 31 17 23 18 20 31 15 24 13 20 19 39 14 21 33 29 14 18 16 12 32 19 38 20 12 
16 29 26 23 24 17 19 18 20 32 31 17 26 29 28 21 27 11 25 39 13 31 18 12 12 31 21 23 19 19 
16 26 18 23 26 30 11 32 25 42 19 24 30 36 28 21 25 19 21 32 20 18 14 16 17 6 33 33 18 7 
11 32 21 20 12 27 18 29 42 21 24 30 15 16 44 21 29 20 37 38 12 15 16 21 28 12 13 14 11 17 
4 34 33 19 36 16 18 27 17 17 25 15 27 11 19 16 20 17 15 36 9 22 21 19 22 34 23 25 12 17 
19 30 38 25 29 27 5 16 27 27 35 15 22 22 22 22 27 26 39 27 31 18 24 28 31 25 34 21 19 19 
20 17 38 23 22 23 15 19 29 30 22 21 21 28 25 18 29 26 26 24 33 21 23 11 24 12 22 13 25 22 
14 31 22 21 46 17 16 23 28 35 20 13 20 26 33 29 19 18 25 22 21 29 31 12 21 25 15 28 20 9 
19 18 33 23 24 30 22 39 33 28 45 26 27 5 24 28 23 23 27 20 18 17 23 17 26 28 24 34 19 7 
20 17 25 15 17 25 16 13 19 21 43 20 31 24 38 17 18 21 35 14 15 22 22 13 18 35 16 20 18 14 
7 20 37 28 26 26 12 25 38 30 19 15 27 32 27 36 23 18 35 41 30 26 21 23 32 22 18 14 26 8 
18 28 30 17 28 24 15 15 26 23 32 25 24 15 21 25 22 9 17 27 24 18 16 17 19 26 31 32 23 10 
12 36 28 20 22 24 19 16 10 39 20 18 26 13 28 30 24 26 29 23 21 25 25 16 21 31 25 36 11 15 
12 25 19 28 29 21 16 23 26 30 10 14 26 19 8 20 28 13 27 37 30 13 26 14 20 21 29 16 26 8 
10 23 28 19 28 26 16 26 22 32 46 18 22 24 28 15 23 11 24 36 20 24 26 21 23 35 15 25 31 12 
8 29 32 12 22 21 19 12 26 17 42 11 21 18 23 11 31 17 23 38 25 33 23 21 34 35 26 25 19 8 
18 33 37 18 36 22 14 21 20 23 30 28 21 26 48 26 24 25 17 37 17 28 18 23 35 15 18 36 29 16 
18 30 24 33 32 25 18 12 27 26 20 15 29 25 15 20 35 20 24 32 21 13 13 15 13 25 19 16 22 24 
19 30 23 22 13 20 13 22 30 25 36 21 28 27 23 21 32 30 30 33 17 27 15 18 18 19 20 14 22 17 
15 14 35 15 24 20 16 18 33 37 23 19 25 18 32 22 26 21 31 36 20 24 29 21 15 14 19 25 19 14 
20 19 19 17 22 21 15 19 35 34 14 14 19 18 22 30 23 19 34 19 15 28 12 21 27 20 23 23 24 16 
16 16 28 24 27 20 21 22 25 29 14 12 25 18 37 24 22 25 33 30 28 24 18 14 27 20 20 23 21 13 
11 35 39 28 16 28 12 29 30 24 20 27 22 18 32 25 24 11 28 26 27 18 21 27 13 39 21 16 18 16 
19 28 23 30 15 19 20 20 31 26 28 21 17 3 35 17 17 26 26 24 11 24 19 24 24 35 20 21 25 11 
14 21 35 26 34 34 15 11 14 20 30 16 26 15 21 26 37 16 36 36 27 17 22 11 33 23 14 18 25 19 
11 27 9 17 19 18 21 31 20 30 20 25 20 12 29 31 35 21 48 32 21 9 18 18 17 22 27 18 23 17 
14 22 21 21 29 27 15 13 27 31 29 13 36 14 31 17 35 18 48 28 22 22 26 23 19 34 20 20 15 11 
14 16 35 16 35 15 16 29 26 28 31 18 15 27 23 9 29 16 22 19 17 23 19 24 16 19 30 12 23 17 
13 25 32 20 23 26 10 17 34 30 34 13 21 15 35 28 21 25 36 42 29 30 13 14 23 26 20 14 38 10 
14 31 27 17 24 27 10 24 30 24 22 22 21 19 18 33 23 22 27 30 22 16 22 14 28 33 25 22 15 20 
14 27 31 18 23 15 14 19 24 32 28 13 25 16 26 26 27 9 32 18 16 27 16 21 14 19 26 32 14 20 
13 32 29 32 24 23 11 29 24 30 28 22 25 34 31 27 24 19 26 23 22 16 27 18 12 37 22 18 13 16 
8 19 29 32 27 23 18 18 27 34 29 15 21 8 29 30 25 14 37 35 20 32 17 14 24 33 27 24 23 18 
13 30 27 31 24 26 11 24 26 39 25 20 26 20 38 27 31 17 30 30 21 18 15 10 25 24 26 34 26 13 
14 23 22 32 18 23 9 13 31 33 12 28 28 25 18 19 17 5 20 20 35 10 14 14 23 31 10 23 24 16 
16 16 22 21 27 30 12 23 17 20 45 23 25 25 35 19 38 26 32 30 25 23 17 9 21 29 22 30 13 17 
18 29 38 15 10 28 12 19 27 24 37 15 29 21 38 14 27 18 31 20 15 24 26 22 19 27 15 33 9 16 
12 30 32 15 22 28 11 19 34 9 33 19 12 25 47 30 28 15 10 20 21 25 17 16 23 30 26 35 17 14 
17 21 33 18 26 25 11 22 22 38 33 17 29 13 24 28 25 16 15 27 22 33 24 21 17 22 26 15 22 9 
19 37 30 22 20 10 24 36 29 35 31 28 24 23 27 26 10 8 12 27 15 16 21 19 18 19 20 25 30 18 
16 27 40 23 30 18 11 24 19 20 32 20 22 19 24 25 27 17 25 32 18 28 17 26 24 32 19 29 19 17 
15 9 31 18 27 24 14 19 14 19 16 21 29 21 9 31 18 21 29 29 13 14 20 13 22 24 25 22 41 18 
26 36 25 27 24 28 20 21 27 47 39 22 31 20 48 22 32 24 29 22 23 12 21 19 10 21 12 30 19 12 
15 26 25 19 27 26 18 15 25 21 10 21 21 19 15 31 20 19 25 20 13 23 19 22 25 28 20 22 27 13 
17 9 29 20 23 21 15 21 32 52 34 26 21 13 31 21 38 23 29 43 24 17 14 15 25 18 37 33 27 24 
21 21 22 29 28 32 17 26 26 26 20 20 24 24 3 25 31 23 18 35 21 31 20 25 10 5 20 27 28 20 
12 26 10 28 22 34 14 14 29 30 17 19 27 20 11 25 18 28 47 30 22 28 24 10 22 28 14 24 16 13 
8 16 20 11 25 21 9 22 20 27 30 25 15 22 33 26 31 27 22 24 24 18 9 11 10 22 27 17 26 19 
16 30 30 16 16 20 16 16 32 34 29 11 15 22 27 21 20 20 36 32 25 18 28 28 24 36 18 32 29 19 
18 24 33 22 23 11 14 22 27 31 23 24 19 23 26 21 32 20 16 27 11 22 21 7 16 23 19 24 23 14 
17 25 18 27 18 21 17 24 25 30 24 21 27 18 35 35 23 19 19 39 12 11 19 24 16 22 12 24 22 17 
17 20 24 25 29 24 10 24 34 42 24 13 17 29 25 18 29 10 37 30 13 19 15 21 18 18 22 22 23 17 
19 34 27 28 16 29 12 12 28 54 35 9 17 26 38 20 9 17 41 33 14 16 32 23 31 25 18 25 27 14 
12 33 19 18 23 30 18 22 18 29 19 22 25 20 23 20 35 20 29 20 26 28 23 16 19 33 23 18 28 9 
11 26 26 34 27 13 21 22 13 27 29 18 14 15 18 25 33 23 19 33 14 26 10 23 25 5 24 28 23 18 
14 33 29 29 21 20 12 25 34 17 23 12 19 25 18 23 30 21 25 18 29 21 18 21 11 12 24 34 24 15 
14 24 28 25 29 29 14 19 23 47 16 30 21 20 32 22 28 21 30 20 13 24 17 20 18 34 30 25 16 17 
15 27 36 18 25 26 15 19 16 35 13 11 9 27 18 18 24 14 27 47 13 29 22 13 12 12 8 16 24 13 
18 18 23 21 41 20 9 23 24 40 21 26 16 13 23 26 34 23 25 31 18 25 23 13 24 25 19 34 10 12 
16 26 19 15 28 30 17 22 38 14 35 15 21 21 32 21 30 27 33 31 38 25 17 13 19 25 11 33 18 7 
14 25 22 25 24 25 15 31 30 38 40 25 26 35 36 19 21 28 39 26 26 24 18 15 30 19 26 27 10 12 
18 23 15 27 35 25 18 33 31 25 29 24 25 16 26 27 23 22 36 38 2 31 28 10 20 12 16 27 23 14 
18 29 23 26 23 19 20 25 24 33 8 29 26 15 37 16 34 21 22 30 23 30 20 21 25 22 11 29 24 15 
15 25 12 29 25 31 19 24 27 18 23 22 15 25 12 22 21 14 24 27 28 25 16 22 22 33 23 29 18 18 
15 34 31 24 21 20 16 28 27 25 17 18 19 13 36 21 24 26 31 22 21 22 23 24 12 34 15 32 28 9 
13 30 22 12 33 26 13 27 23 17 6 15 31 17 45 30 23 20 27 36 25 18 19 10 29 24 17 24 8 12 
18 24 13 25 18 15 14 17 38 10 28 25 22 25 37 23 45 22 39 10 19 27 18 13 13 19 31 20 19 13 
19 27 24 23 28 20 15 21 24 34 25 21 18 13 30 30 34 29 22 17 16 8 14 13 22 20 19 28 13 16 
13 30 30 18 26 24 19 22 20 33 34 19 25 18 30 13 18 21 23 10 26 19 8 6 16 23 23 27 8 12 
21 33 13 20 27 21 6 23 19 21 40 19 35 20 33 38 32 34 20 32 26 25 17 21 20 34 19 22 25 20 
16 41 32 33 18 22 14 22 28 38 14 17 32 20 36 12 24 13 30 20 34 24 11 18 11 26 17 18 18 17 
16 28 27 21 15 21 10 16 33 31 18 24 19 17 26 26 30 18 35 25 27 28 15 19 20 15 18 23 20 15 
15 25 23 28 23 32 12 16 30 30 20 16 20 17 21 20 29 20 22 38 18 17 21 24 10 35 9 30 32 17 
13 18 19 19 20 31 17 23 36 32 30 21 19 12 31 16 27 21 33 25 20 32 21 20 20 16 23 20 33 16 
15 28 35 18 26 15 13 37 20 34 18 10 23 23 28 14 37 13 37 31 12 15 23 4 19 24 29 32 23 16 
17 30 32 26 22 18 6 26 33 17 16 18 25 13 23 23 36 25 39 27 20 11 18 24 22 16 19 22 24 12 
11 20 26 27 18 20 13 20 31 27 27 20 18 18 20 34 32 7 37 15 14 21 16 15 14 27 24 12 27 13 
24 33 25 23 24 7 11 21 34 62 33 15 22 26 15 23 19 27 12 27 18 24 25 20 15 40 20 18 26 18 
14 24 45 24 31 27 17 24 33 33 25 21 18 11 26 9 25 10 44 20 21 23 15 15 28 21 31 33 17 13 
7 29 25 17 27 17 15 19 26 36 37 14 36 20 21 22 21 14 39 28 23 19 28 15 24 17 25 25 21 24 
14 34 33 19 33 10 7 25 19 33 37 19 15 15 35 16 24 14 22 39 30 29 17 14 14 31 19 6 8 16 
14 15 27 25 32 18 16 13 30 40 32 16 26 26 24 22 29 16 21 23 21 25 25 27 24 25 11 20 24 18 
13 23 41 16 20 16 20 20 11 38 32 10 31 2 24 24 14 20 25 29 29 25 15 15 21 29 27 28 22 24 
14 29 37 21 29 16 16 23 27 24 38 30 22 15 25 26 29 23 29 32 27 17 22 26 20 32 28 28 31 12 
14 12 18 27 31 20 18 22 29 25 37 7 40 21 22 18 29 13 21 16 29 22 26 19 24 34 14 32 19 16 
17 30 32 13 27 12 9 25 20 36 49 24 9 25 33 26 31 20 31 31 14 27 23 18 37 16 30 14 18 21 
4 20 28 15 30 32 9 19 38 36 23 15 24 31 26 16 27 14 32 24 20 19 21 20 30 16 11 21 34 15 
19 43 24 24 24 26 18 31 31 36 16 18 27 23 35 19 22 15 7 32 19 19 10 18 23 20 22 20 30 16 
16 26 17 18 24 21 7 11 28 41 28 21 29 23 29 13 29 12 29 26 14 29 21 17 23 16 30 28 19 7 
14 14 52 19 16 25 17 24 22 26 31 17 26 21 29 21 34 7 29 31 23 25 15 17 25 22 15 13 29 20 
12 21 22 15 31 19 12 26 22 39 23 16 19 16 30 23 13 25 5 34 25 39 28 16 27 25 25 18 15 7 
13 25 14 28 23 15 17 31 35 32 17 19 28 25 28 10 22 12 35 20 25 9 28 20 29 27 23 29 18 10 
14 33 31 15 19 30 16 21 31 41 29 16 30 24 27 30 20 21 23 36 33 20 26 20 22 15 22 25 30 16 
12 32 31 13 21 18 13 22 18 25 40 13 16 11 12 24 30 12 25 24 25 23 19 10 24 30 17 26 26 33 
19 23 22 21 32 23 18 16 24 35 28 22 32 19 24 14 39 19 16 23 24 20 17 15 24 34 17 32 31 15 

MachineCapacities:
MachineID Capacity
0 10
1 10
