NumTasks NumMachines NumScenarios
20 3 50
TaskDetails:
TaskID ReleaseTime ResourceConsumption SuccessorsCount Successors...
0 0 7 6 5 1 1 
1 0 8 6 5 2 2 3 
2 0 9 3 5 1 4 
3 0 8 5 3 1 5 
4 0 3 3 2 1 5 
5 0 9 2 6 0 
6 0 8 6 4 2 8 9 
7 0 8 10 5 2 13 14 
8 0 5 3 7 2 10 11 
9 0 4 3 4 3 11 12 13 
10 0 9 10 8 2 13 15 
11 0 7 6 7 2 14 15 
12 0 5 5 4 1 16 
13 0 4 5 1 1 16 
14 0 6 4 1 2 17 18 
15 0 10 3 7 1 16 
16 0 6 2 2 2 17 18 
17 0 3 1 9 1 19 
18 0 2 2 4 1 19 
19 0 5 5 4 0 

34 37 15 5 22 11 23 20 10 31 28 15 39 23 34 16 15 28 12 18 5 28 14 20 34 16 17 15 25 19 26 18 23 14 30 18 15 13 38 31 20 16 48 21 13 13 27 22 32 10 14 33 6 41 30 26 11 12 9 13 
39 33 12 17 21 13 41 22 8 28 21 26 45 13 24 12 14 29 13 20 14 26 14 29 17 11 22 27 23 13 21 14 36 14 35 24 29 7 31 19 13 22 15 31 17 14 26 31 28 24 14 30 8 32 37 15 11 22 13 17 
34 32 20 11 24 12 26 18 10 44 27 23 27 15 18 10 20 26 12 25 21 21 9 17 32 19 22 21 25 11 11 11 29 8 33 11 15 13 38 22 24 17 25 16 37 13 30 46 35 18 14 36 9 36 32 36 19 18 17 10 
27 45 17 23 19 10 25 11 15 15 18 19 10 14 16 16 22 23 11 18 18 49 11 21 24 10 22 29 48 16 13 14 43 12 24 25 29 9 12 21 15 19 21 24 17 13 40 28 34 14 10 24 13 34 30 28 15 24 18 11 
27 41 17 13 21 22 22 33 4 36 30 26 23 11 22 9 12 18 12 26 18 25 7 18 29 23 24 20 26 17 11 11 26 14 24 18 36 8 25 34 10 17 31 27 21 9 38 26 41 11 16 30 8 21 16 34 19 16 24 7 
24 21 17 14 14 17 24 33 14 41 28 25 21 15 25 12 12 18 14 18 16 35 14 26 27 15 31 42 50 14 21 10 36 16 32 16 35 16 11 18 22 21 30 25 25 4 34 23 30 17 17 16 13 21 33 19 16 15 13 13 
31 11 11 27 23 13 37 21 6 34 23 25 31 16 18 12 19 7 11 16 10 17 19 12 30 22 25 27 35 21 13 10 8 9 40 21 31 8 34 24 15 18 32 24 24 17 28 28 26 26 13 36 17 38 37 23 16 28 16 11 
40 35 16 5 18 9 30 31 13 31 17 16 25 15 38 13 26 21 16 21 15 12 24 21 19 25 13 26 34 14 15 7 41 16 38 21 25 11 13 22 25 21 39 21 12 12 32 30 22 18 11 35 5 33 24 24 16 17 14 16 
58 36 16 18 15 12 37 24 15 22 25 22 29 21 23 13 20 26 16 22 15 22 17 17 28 15 28 25 29 10 25 11 32 16 35 9 17 9 25 28 19 17 32 23 22 15 43 36 48 29 14 45 11 36 32 41 14 14 23 13 
16 29 15 14 32 12 25 27 9 39 22 36 39 13 43 13 31 18 14 16 17 25 22 24 25 20 19 15 28 22 22 11 22 14 52 20 11 16 27 27 19 15 26 15 20 11 46 34 39 15 12 22 9 28 35 16 9 18 12 18 
32 28 16 15 31 10 33 26 14 27 35 23 16 19 17 16 16 28 9 26 14 21 11 20 21 10 38 26 31 20 15 17 29 11 27 21 15 14 22 16 12 22 32 30 27 10 25 19 33 28 12 49 5 2 26 39 23 14 20 14 
38 32 3 16 11 9 33 8 12 27 20 29 27 14 17 12 16 32 13 17 18 31 14 30 16 14 21 27 22 12 21 7 32 12 21 20 18 7 17 24 15 16 27 23 24 15 37 38 33 28 9 37 9 14 27 28 9 16 21 12 
37 35 17 22 23 15 21 19 8 26 16 32 24 15 25 15 10 33 14 15 15 23 20 29 24 18 43 34 23 15 16 9 28 13 37 6 24 12 20 21 24 20 33 28 11 16 45 28 25 15 11 42 11 36 37 29 10 12 26 14 
40 32 13 22 32 16 22 26 9 11 23 23 19 20 30 7 16 28 9 25 16 58 16 27 30 23 32 28 21 6 30 14 37 14 26 13 16 8 39 26 22 17 23 26 24 16 39 26 25 21 10 49 10 46 29 32 13 19 10 15 
47 32 5 17 21 13 34 29 12 24 21 33 22 18 19 10 20 25 11 20 18 33 15 16 25 18 33 26 29 22 12 13 34 23 16 26 22 9 26 31 39 9 30 27 32 10 11 34 27 22 11 21 8 32 28 31 15 13 11 12 
28 40 14 12 22 8 40 34 10 31 11 25 29 9 21 9 26 20 9 25 15 16 16 31 29 10 22 6 22 13 24 14 14 16 27 12 20 10 32 17 19 15 32 14 25 13 34 32 42 22 14 39 13 37 27 19 15 18 12 22 
46 28 12 11 23 14 30 14 10 22 23 44 36 18 23 12 19 27 13 11 17 28 18 19 22 17 18 25 18 14 18 11 44 11 42 25 7 8 28 21 6 13 36 23 18 17 17 23 26 19 8 25 6 20 22 19 11 27 19 13 
29 33 14 32 20 15 33 19 14 38 23 35 18 14 24 11 26 20 15 21 20 45 17 18 32 14 36 31 17 15 19 13 23 13 26 22 24 10 47 16 24 11 23 18 19 12 20 24 32 23 8 43 14 19 25 26 8 16 20 11 
28 26 16 6 19 11 32 32 8 34 21 16 23 18 26 12 22 33 13 22 7 35 15 16 31 12 21 17 33 18 22 16 33 20 27 14 20 15 32 15 19 17 28 24 21 14 38 39 15 13 13 42 14 36 19 10 12 26 9 16 
28 37 16 18 18 12 19 20 8 41 22 29 32 13 30 13 17 25 16 17 15 38 18 25 28 14 22 34 43 14 14 14 10 13 18 21 33 16 17 33 11 14 23 30 16 9 22 28 30 15 11 31 13 32 13 25 10 21 16 15 
29 15 16 19 29 14 23 30 9 30 17 25 13 18 15 10 19 31 15 20 10 33 20 21 13 17 27 26 27 20 19 17 45 12 27 17 31 16 33 22 16 19 32 20 12 10 23 33 34 12 14 38 14 31 35 30 12 21 23 6 
22 32 13 15 13 15 14 25 5 35 26 22 17 19 38 11 23 24 13 24 19 32 15 28 35 19 30 20 26 10 18 14 34 15 36 12 28 13 35 20 23 19 28 20 35 18 30 23 16 20 14 10 9 29 23 28 11 23 16 24 
31 21 8 16 16 9 20 19 7 49 27 29 27 16 17 16 17 26 7 13 17 43 15 19 20 19 20 26 36 11 13 8 31 14 26 20 18 9 43 28 25 20 28 19 33 15 34 33 15 18 11 34 13 34 34 19 11 23 18 20 
28 38 10 24 22 16 38 19 15 31 24 31 21 21 26 12 24 17 14 17 18 15 7 23 33 10 33 17 22 16 8 14 21 16 40 17 13 13 43 29 19 11 46 18 21 13 28 26 30 25 13 14 13 20 29 38 14 21 12 19 
29 26 8 20 31 12 28 16 14 13 13 30 45 15 32 10 17 30 17 6 13 31 18 17 26 21 17 31 17 16 19 13 42 5 30 15 21 5 30 18 23 16 13 12 16 8 10 42 34 11 11 25 10 48 22 44 21 22 16 9 
30 19 23 15 24 16 25 12 13 19 17 7 23 10 22 16 19 24 16 14 14 33 14 25 25 21 22 27 32 14 23 16 24 14 20 17 15 14 39 31 27 20 36 11 16 17 23 21 27 17 14 36 9 21 17 33 17 9 12 10 
18 17 8 28 21 13 22 33 12 38 12 25 29 13 34 13 17 21 9 22 12 24 14 22 18 21 23 18 25 10 24 16 21 10 24 9 31 12 37 19 17 14 32 16 22 12 30 19 31 18 15 36 10 29 25 28 13 22 18 13 
30 12 19 22 10 11 34 25 13 28 25 21 40 22 25 9 18 18 10 19 15 27 22 15 29 16 31 26 39 20 18 10 38 15 19 14 31 14 23 24 32 18 22 25 17 14 32 32 25 19 16 21 5 23 19 34 14 27 19 19 
37 29 15 25 21 6 21 21 6 33 27 27 26 14 29 14 19 24 10 18 19 26 22 23 22 19 33 27 36 24 16 11 21 17 36 9 35 11 40 17 16 20 20 20 19 14 25 31 54 16 10 36 5 34 34 18 6 15 18 21 
36 19 14 17 20 16 20 23 13 12 35 35 41 15 38 14 16 22 9 24 17 15 18 23 21 21 21 24 33 11 21 13 24 9 34 21 24 12 24 18 8 16 37 14 17 14 19 32 31 22 12 41 9 34 18 28 17 24 23 18 
21 15 16 17 17 16 31 18 9 18 26 24 22 19 15 8 20 28 14 19 16 10 18 11 16 7 37 12 35 18 16 11 31 12 33 10 24 15 32 20 22 15 26 34 20 13 38 20 23 18 12 30 11 27 30 31 16 19 14 12 
36 42 18 19 25 20 35 25 8 29 33 31 32 17 27 11 23 26 15 17 7 21 17 18 27 18 21 19 30 23 11 13 16 12 19 20 20 13 26 32 17 21 40 15 17 12 42 28 14 23 13 31 3 15 18 19 18 23 27 13 
14 39 14 16 20 9 23 21 10 35 24 21 5 11 20 12 17 29 11 28 11 13 16 20 29 20 27 5 30 20 23 12 22 15 32 12 15 11 49 33 25 21 35 26 28 9 27 24 27 20 14 29 3 28 39 35 20 19 22 17 
23 18 16 15 31 12 27 32 12 11 18 20 48 19 30 6 19 37 9 14 11 24 11 28 38 12 30 21 33 19 20 10 20 13 21 18 16 9 38 27 18 16 17 27 26 16 25 36 30 19 12 28 6 24 33 20 18 20 19 12 
37 48 10 21 19 18 34 21 13 27 24 34 30 17 33 16 14 15 9 22 14 29 19 11 24 14 30 30 25 16 23 7 28 10 32 21 29 8 18 42 22 18 38 22 21 12 26 24 32 31 10 33 18 25 26 40 13 11 17 21 
31 24 17 13 32 15 19 12 10 21 18 24 35 10 21 11 16 23 11 24 18 28 13 27 30 8 14 14 26 15 24 15 23 9 16 16 23 12 23 11 15 13 30 33 18 13 25 35 30 21 14 26 9 24 27 42 11 20 19 12 
42 27 13 13 10 13 32 9 12 36 10 12 24 22 33 10 17 36 14 17 15 35 13 21 22 12 23 30 23 13 21 13 11 13 34 18 18 15 34 22 28 20 25 21 24 11 35 33 28 17 15 32 9 27 26 23 14 20 20 4 
40 34 14 23 25 16 37 14 8 15 20 23 27 7 22 15 21 26 12 15 17 27 17 20 34 25 29 27 31 11 24 12 21 11 41 19 26 11 35 20 12 11 24 25 28 13 27 26 37 28 9 34 8 29 22 38 11 24 6 11 
33 16 17 15 21 12 28 19 19 17 20 21 23 18 24 17 13 26 14 16 21 38 16 23 12 7 26 26 14 18 17 10 39 11 31 15 17 12 30 28 18 19 19 21 20 19 25 35 31 21 11 42 13 23 26 25 15 21 22 15 
23 19 12 19 13 10 22 19 8 30 30 15 33 14 28 10 23 8 10 20 16 8 12 17 26 13 26 48 52 7 29 9 16 15 33 18 22 13 11 23 13 22 24 21 20 13 19 18 23 14 12 35 12 38 23 19 19 24 13 13 
25 24 17 12 31 10 34 14 9 19 21 22 22 20 28 14 25 25 14 20 23 36 16 23 26 18 30 21 34 27 13 15 34 6 20 22 29 9 38 22 22 16 31 16 10 12 31 32 24 25 10 34 16 33 37 17 10 25 17 12 
34 46 11 24 27 14 44 11 5 29 20 21 28 14 27 11 16 35 10 20 22 34 20 14 24 13 35 13 33 11 20 9 26 12 20 20 21 15 25 39 26 17 41 15 23 11 27 30 16 24 11 13 10 37 29 23 18 17 15 19 
20 31 8 14 7 10 44 14 12 20 21 30 32 14 22 10 13 12 9 15 15 9 13 32 27 21 20 26 20 21 27 7 42 13 23 12 24 8 22 15 26 11 26 14 29 14 35 33 16 21 8 42 6 32 19 34 19 22 20 14 
31 32 18 13 29 19 20 34 8 15 11 35 33 13 29 11 13 13 13 16 23 18 17 32 14 14 27 30 36 14 12 10 26 9 23 13 29 12 34 30 15 17 27 19 15 16 30 26 24 26 9 40 11 29 35 32 15 21 16 13 
30 30 8 14 28 15 26 22 9 31 26 17 25 18 22 9 18 29 18 18 17 15 19 20 31 19 24 23 27 11 6 8 20 14 32 20 32 9 44 28 28 13 32 7 14 13 25 29 22 19 10 46 11 18 32 18 20 16 16 21 
42 46 15 24 21 12 48 12 13 25 24 27 25 10 10 12 16 21 9 20 8 24 19 39 15 22 21 9 25 17 17 11 26 15 29 13 24 11 32 27 14 11 28 26 24 19 37 49 21 12 17 22 12 31 17 29 22 20 25 18 
21 35 14 13 25 13 19 30 17 28 23 32 29 15 31 15 26 24 10 14 6 17 12 14 17 20 21 26 41 13 13 13 22 12 38 15 24 11 36 19 32 9 33 33 25 12 40 23 32 19 13 17 14 30 33 32 8 16 21 12 
38 21 22 23 25 19 16 33 10 29 18 29 29 12 19 8 8 24 7 20 27 25 22 27 19 23 17 15 20 14 21 12 26 17 17 22 18 16 28 24 17 22 34 33 23 14 32 30 18 25 10 34 10 12 33 30 9 16 21 19 
22 45 16 21 16 22 31 12 9 23 15 19 30 13 34 8 20 16 13 19 5 13 8 13 32 17 26 29 20 15 18 11 49 11 21 15 28 11 17 26 17 11 34 27 26 15 19 22 30 26 13 42 12 3 20 19 12 24 19 17 
30 30 7 13 18 12 22 28 12 23 19 14 40 17 23 14 13 20 13 11 10 28 18 17 16 17 24 25 29 19 11 8 30 13 31 11 28 8 30 18 13 15 20 18 23 12 26 25 26 22 5 24 14 28 26 23 19 16 13 15 

MachineCapacities:
MachineID Capacity
0 10
1 10
2 10
