NumTasks NumMachines NumScenarios
20 3 50
TaskDetails:
TaskID ReleaseTime ResourceConsumption SuccessorsCount Successors...
0 0 10 7 2 1 1 
1 0 6 2 8 1 2 
2 0 7 7 10 3 4 5 7 
3 0 7 4 3 2 6 7 
4 0 5 10 4 1 6 
5 0 2 8 6 1 6 
6 0 4 3 6 2 8 9 
7 0 7 4 10 1 9 
8 0 10 4 4 1 10 
9 0 6 6 9 1 10 
10 0 4 7 6 1 11 
11 0 6 2 7 0 
12 0 7 7 3 2 13 16 
13 0 4 6 5 1 15 
14 0 1 8 8 2 15 16 
15 0 2 2 4 2 17 19 
16 0 3 3 2 1 19 
17 0 10 6 3 1 18 
18 0 3 10 2 0 
19 0 10 6 7 0 

9 20 10 22 8 19 41 14 31 33 33 24 11 10 16 13 13 14 26 21 18 18 22 22 9 28 11 14 18 18 6 2 26 30 19 11 16 10 11 16 24 25 12 19 21 30 6 34 10 13 34 13 26 18 17 22 31 28 25 19 
15 29 10 20 12 19 30 9 27 16 9 24 12 13 19 17 9 9 24 30 22 17 20 41 16 21 12 21 19 16 7 5 33 38 6 19 37 14 9 8 16 40 32 26 33 23 12 26 13 10 31 11 17 28 21 19 43 31 24 26 
5 26 13 11 11 21 21 15 31 29 31 21 11 9 16 21 10 12 30 22 18 4 13 17 4 10 9 19 13 19 14 11 42 24 10 19 30 10 13 17 24 18 24 25 20 31 23 28 11 10 31 29 18 15 29 8 18 37 20 27 
12 30 20 23 12 38 27 20 33 36 41 29 24 14 15 23 14 8 35 17 26 11 24 31 14 26 14 16 15 13 10 6 38 33 12 15 21 14 13 14 20 28 16 25 23 39 10 23 16 7 31 23 18 25 26 17 33 27 25 23 
11 26 12 8 12 25 19 22 41 20 20 34 15 12 4 12 10 12 32 18 25 18 30 20 9 27 6 18 14 9 11 8 23 31 12 15 38 7 7 12 22 17 18 10 15 20 16 27 8 11 24 13 22 27 22 21 28 43 32 34 
12 6 21 16 14 5 36 12 34 12 24 43 12 16 22 20 16 10 27 13 25 15 28 34 12 34 14 20 15 17 9 15 21 35 19 15 24 9 15 16 19 23 21 16 22 29 10 24 9 14 25 17 20 10 30 29 23 34 20 32 
8 21 3 18 6 17 38 27 24 19 33 21 33 12 18 24 16 12 24 21 15 13 16 24 12 17 10 21 17 11 8 18 25 38 13 4 34 16 9 24 23 32 13 12 19 20 12 17 9 14 19 17 15 14 24 18 14 25 27 28 
14 21 11 26 9 20 30 15 30 33 21 28 15 8 18 25 8 9 37 22 23 13 33 30 9 17 7 19 17 19 10 10 12 31 23 14 19 13 10 16 15 31 30 31 20 31 21 20 9 11 12 22 2 28 35 20 29 28 27 23 
10 37 14 20 9 22 19 22 28 4 35 39 31 10 13 28 9 11 22 17 39 12 26 20 6 20 14 25 17 17 10 8 32 41 17 23 17 7 5 14 18 31 26 13 19 27 5 15 8 13 31 23 16 18 25 15 24 33 17 35 
10 31 18 18 13 22 26 14 20 25 44 20 20 9 10 18 14 8 31 13 27 12 22 30 10 20 14 11 9 18 11 11 20 17 12 14 33 15 12 16 30 15 24 13 18 17 17 23 14 14 14 20 12 16 31 20 33 34 34 32 
7 25 14 22 7 23 25 12 47 26 28 10 27 13 17 22 8 10 33 16 37 13 17 28 10 27 13 20 19 21 6 12 49 30 8 12 27 10 8 12 18 24 23 12 29 35 15 24 9 10 24 17 14 28 27 10 37 21 21 32 
3 12 20 21 12 17 26 27 32 9 37 28 34 10 13 21 13 9 28 22 28 9 28 19 14 22 12 21 11 22 11 8 36 42 21 18 25 14 13 18 12 20 28 12 27 26 10 17 6 12 31 13 12 28 14 20 40 26 18 34 
6 24 14 13 9 19 22 14 26 22 28 28 21 8 13 27 13 8 30 12 36 15 10 43 11 19 13 18 14 8 8 11 34 34 16 10 18 4 14 20 20 29 14 21 18 16 26 21 11 10 36 23 14 19 29 23 23 22 17 31 
17 19 12 28 12 15 29 22 36 26 38 13 33 5 16 21 14 12 28 22 36 14 27 35 8 16 17 23 19 15 10 10 19 32 23 24 40 13 10 14 13 29 15 15 24 28 18 22 10 13 27 18 25 18 29 24 26 28 23 35 
10 26 17 10 15 16 21 5 33 32 25 31 21 7 14 14 15 17 32 17 38 14 28 35 9 20 13 24 21 16 9 5 24 34 16 24 39 11 14 15 16 19 25 17 24 20 17 22 9 12 29 24 19 31 28 24 16 26 20 16 
11 42 18 14 10 21 21 18 20 26 38 39 27 10 17 14 10 11 38 16 26 10 24 30 7 24 12 16 11 15 7 7 23 43 19 14 33 15 9 17 29 28 24 21 21 27 17 20 12 12 16 14 13 21 29 30 21 41 22 32 
7 26 18 12 8 31 23 10 23 18 41 22 30 12 22 21 13 15 13 19 18 13 28 21 14 19 15 17 15 10 8 7 36 26 18 18 28 14 11 10 17 21 24 12 27 41 21 24 16 5 27 15 10 17 30 24 22 17 17 20 
7 43 20 35 16 36 28 31 36 34 25 26 28 12 12 11 12 7 29 9 16 15 27 22 5 19 14 18 12 14 11 12 12 35 13 10 23 13 7 16 19 20 18 21 25 27 11 12 9 10 16 20 17 18 17 9 36 5 38 30 
11 22 16 11 3 24 31 20 27 26 20 35 30 11 17 17 11 14 35 23 27 16 30 26 9 31 7 18 22 15 15 10 24 18 23 21 36 12 10 19 24 18 21 14 17 34 19 22 7 13 33 25 16 20 42 22 3 47 24 38 
11 24 16 19 16 26 18 26 28 23 21 23 30 10 11 13 13 7 16 10 27 15 12 41 7 28 12 10 21 13 10 14 11 30 10 8 21 10 9 16 25 28 15 17 20 32 14 21 11 10 33 9 22 21 19 24 23 32 32 22 
12 16 18 31 9 9 31 28 15 24 35 35 27 14 16 23 11 15 21 13 39 14 11 9 6 20 10 24 7 12 14 9 28 28 4 26 24 5 9 15 14 29 25 27 12 22 11 25 5 10 31 24 11 30 23 35 51 13 16 30 
7 28 11 21 9 17 25 14 34 20 29 27 25 12 18 20 14 8 31 21 25 14 26 23 11 31 9 18 16 17 10 5 22 32 19 15 10 11 10 17 26 27 21 17 28 32 23 27 9 8 28 17 19 19 31 21 21 25 16 16 
8 19 17 16 13 23 8 10 27 18 28 37 18 9 15 31 9 7 31 25 29 9 27 35 10 22 10 12 15 18 7 8 32 35 20 5 29 7 14 12 20 11 19 15 18 22 20 24 2 12 23 14 18 22 22 14 32 44 28 25 
8 42 10 19 11 15 10 19 30 31 40 41 28 9 15 19 12 13 33 14 25 7 15 23 10 25 13 20 10 15 10 8 23 35 23 12 29 14 18 15 22 22 21 16 17 33 12 18 6 13 35 14 19 25 28 8 28 39 22 25 
13 26 25 18 12 11 40 18 23 25 16 25 30 14 16 16 10 11 33 15 25 11 23 31 7 28 15 12 15 22 13 5 29 31 14 22 24 7 10 15 10 14 22 25 18 23 15 25 14 14 27 20 21 14 20 21 43 40 26 35 
10 32 15 20 12 15 16 29 34 20 17 9 13 7 14 17 5 7 29 22 33 12 14 16 12 16 7 17 14 13 5 7 30 25 24 7 18 12 8 20 14 29 17 23 22 45 12 24 10 11 28 22 13 31 32 18 22 33 17 17 
11 30 13 14 11 16 33 28 46 28 22 33 21 15 12 23 7 6 25 21 19 10 17 13 6 20 16 34 10 22 7 9 26 32 18 17 34 12 7 12 19 29 13 22 6 22 11 24 8 11 39 23 18 8 22 25 8 24 21 23 
6 23 17 24 10 18 22 7 35 29 29 31 18 10 21 21 12 11 42 23 28 10 29 17 10 22 11 20 15 22 12 15 17 26 16 11 33 11 11 18 27 21 26 20 15 21 17 22 8 13 35 14 12 19 31 31 25 32 26 23 
14 31 15 25 10 27 42 20 27 13 51 21 25 12 20 16 16 8 34 21 19 8 17 41 16 21 11 20 13 16 13 13 16 19 15 24 33 10 11 14 20 11 22 15 27 34 16 25 9 6 26 12 16 21 38 28 30 13 28 33 
11 16 15 17 6 15 25 28 22 27 43 33 21 16 10 22 14 9 25 23 15 13 21 16 14 31 13 20 11 19 8 7 26 39 9 15 31 18 7 13 9 18 33 17 27 34 12 24 12 10 22 17 20 29 37 18 21 30 16 36 
15 11 17 20 8 21 47 10 18 30 33 43 11 10 19 15 11 10 35 22 26 16 25 28 11 22 12 18 11 23 9 14 12 21 12 16 34 10 12 12 18 18 22 12 27 15 22 24 8 10 26 14 18 26 23 14 38 29 23 29 
7 27 13 30 16 34 16 24 26 21 34 20 13 10 16 13 7 11 10 22 23 19 15 26 7 17 15 7 7 13 10 14 29 33 17 15 27 13 14 14 22 30 20 11 31 30 18 21 4 17 21 17 17 18 34 27 26 22 19 24 
6 21 16 10 10 28 17 16 19 18 25 22 7 8 12 20 11 9 22 20 17 10 23 11 10 21 14 14 18 13 5 8 24 31 18 16 32 14 12 12 19 19 19 12 19 24 12 26 15 12 32 14 18 26 45 16 26 36 41 29 
3 32 16 33 13 27 31 13 25 19 37 31 20 6 15 16 12 9 36 24 21 18 28 29 9 20 9 14 14 12 6 13 22 30 13 25 20 17 11 15 18 28 19 16 15 18 22 29 8 14 24 12 18 20 31 14 24 27 20 29 
8 26 16 18 14 28 36 22 7 35 23 22 23 6 19 18 11 18 31 25 27 8 28 40 11 21 12 20 17 18 11 5 29 26 21 22 15 12 8 11 19 27 20 19 30 17 21 23 12 11 45 24 23 30 25 11 33 22 42 37 
14 36 17 24 11 23 45 11 28 39 26 38 23 9 10 15 16 16 20 15 21 10 17 28 9 27 13 16 16 13 6 15 16 31 18 16 24 12 12 13 26 9 12 14 25 29 12 34 8 17 30 21 14 26 32 19 18 29 25 32 
14 27 14 28 10 29 31 10 36 31 27 28 8 8 18 11 9 11 34 9 19 16 30 33 13 15 12 20 20 13 7 17 39 27 14 20 42 13 13 16 26 9 14 19 22 14 22 23 10 12 38 21 14 27 13 18 37 16 29 16 
6 29 17 21 8 11 27 21 14 29 26 33 19 9 23 21 19 12 27 15 27 16 16 39 9 14 7 24 15 15 10 12 28 26 22 11 28 12 14 15 15 28 34 29 34 32 13 24 14 12 40 18 22 37 30 9 9 14 28 32 
14 13 16 15 14 14 36 17 36 23 27 34 22 9 16 21 9 15 36 13 25 14 18 27 7 8 19 13 15 18 5 7 36 15 11 22 39 15 13 13 16 27 29 23 29 39 22 33 9 6 15 20 15 36 25 26 38 27 31 26 
12 23 13 17 17 18 38 16 49 32 33 33 25 10 14 15 8 11 32 19 23 19 24 44 11 20 12 14 15 19 11 11 24 24 14 18 33 9 10 16 11 20 30 20 28 20 14 24 8 16 22 22 16 22 26 15 25 11 26 17 
10 23 16 29 6 38 22 22 36 25 33 16 19 9 16 20 12 13 38 11 30 16 34 21 7 18 10 14 7 15 13 15 25 41 19 15 32 13 7 19 26 23 24 10 31 30 36 22 11 10 28 19 12 25 27 30 43 36 22 21 
11 29 15 21 14 22 23 21 26 22 24 15 18 10 23 22 14 12 32 17 24 16 30 21 11 28 12 13 22 11 10 7 27 33 18 11 36 16 8 11 20 19 23 16 23 23 15 30 10 7 30 17 8 22 25 8 31 16 25 31 
14 18 19 21 13 30 19 20 26 37 11 22 31 6 22 17 12 6 43 12 30 11 32 31 10 17 13 13 14 23 3 7 25 21 13 21 34 12 12 21 25 15 19 21 21 29 18 25 8 7 29 19 17 18 31 15 34 17 29 21 
15 19 13 26 9 21 41 16 25 32 37 29 18 8 18 13 11 15 16 21 18 16 21 33 13 21 18 18 18 17 10 8 39 31 16 23 18 14 12 19 23 19 24 13 16 25 18 22 12 14 32 35 16 25 34 22 32 29 25 24 
6 8 17 15 10 20 31 21 32 26 27 29 12 11 13 25 17 10 28 18 15 21 27 25 9 30 15 17 16 17 9 7 22 40 16 19 4 8 13 10 21 36 20 14 12 28 10 17 8 13 34 24 15 23 27 28 30 28 31 24 
3 29 12 21 10 21 25 11 26 27 34 30 22 9 9 16 13 10 29 18 25 19 26 30 13 15 11 17 11 14 12 13 25 22 26 18 30 12 9 12 13 21 17 24 26 32 20 23 17 13 18 22 22 18 22 16 27 24 27 22 
10 28 16 26 11 25 24 12 43 6 39 28 30 12 14 19 12 10 24 19 25 12 22 24 6 22 13 23 15 16 11 14 26 24 18 21 27 7 13 16 21 14 28 22 31 21 16 14 14 16 35 23 11 26 26 17 32 13 33 14 
12 35 24 22 13 15 22 21 38 29 23 27 26 10 20 20 7 6 31 10 10 16 21 33 13 16 6 19 10 12 10 11 34 43 11 17 18 11 13 12 11 23 19 18 18 25 15 21 6 5 28 16 16 16 32 19 33 27 25 32 
8 26 12 20 14 17 28 27 30 43 20 20 7 9 9 12 13 5 28 19 31 10 29 36 9 20 16 27 16 15 8 12 29 27 17 16 22 20 11 16 22 25 21 23 16 13 8 21 10 8 27 20 21 22 29 24 42 26 34 25 
5 39 16 21 14 15 33 18 25 23 18 22 21 15 13 15 7 13 32 16 35 22 19 33 11 21 12 16 13 16 9 10 38 24 18 19 28 17 6 11 18 25 23 17 31 26 14 21 12 14 5 33 21 34 25 25 36 26 18 24 

MachineCapacities:
MachineID Capacity
0 10
1 10
2 10
