NumTasks NumMachines NumScenarios
20 3 50
TaskDetails:
TaskID ReleaseTime ResourceConsumption SuccessorsCount Successors...
0 0 7 2 1 1 3 
1 0 9 2 8 1 3 
2 0 4 2 9 2 4 6 
3 0 4 4 4 2 4 6 
4 0 10 6 4 2 5 7 
5 0 8 7 8 2 8 10 
6 0 5 2 2 2 8 10 
7 0 6 3 6 1 8 
8 0 8 10 3 1 9 
9 0 7 8 9 0 
10 0 5 10 9 0 
11 0 5 3 8 1 13 
12 0 2 6 2 1 13 
13 0 2 8 4 2 14 17 
14 0 2 2 5 1 15 
15 0 7 3 7 2 16 19 
16 0 8 9 3 1 18 
17 0 4 10 2 0 
18 0 5 4 5 0 
19 0 10 1 3 0 

37 38 6 13 13 13 11 29 22 36 20 21 12 18 8 25 26 21 22 34 23 23 8 34 23 26 18 22 19 14 25 9 17 29 21 26 17 11 18 13 17 25 26 14 18 12 27 22 8 33 12 14 23 20 19 15 12 34 9 31 
14 22 12 12 19 17 15 26 25 25 14 28 13 11 16 29 29 14 30 33 21 25 6 28 29 35 23 20 19 12 29 13 22 12 17 28 18 14 28 26 23 13 31 11 24 21 20 25 19 29 8 11 26 22 25 10 16 16 9 42 
19 32 11 18 7 24 31 15 23 37 16 16 6 23 22 26 16 19 17 16 24 25 33 20 36 14 28 8 13 19 13 21 37 30 27 11 19 7 18 19 14 30 31 1 22 21 23 22 18 19 14 10 29 13 16 10 16 24 7 21 
18 20 11 17 11 18 28 20 15 24 7 19 14 27 16 34 23 13 25 25 24 4 30 28 29 40 17 21 9 16 33 30 25 23 24 28 48 16 25 31 25 22 20 16 33 25 34 36 37 26 15 9 30 34 29 13 18 27 16 17 
18 19 12 15 22 19 27 19 24 17 19 17 11 27 18 36 21 16 24 20 21 31 28 20 2 11 22 29 20 19 26 18 6 27 36 14 25 8 27 12 18 18 26 10 24 20 24 35 23 20 10 15 32 31 27 8 27 20 14 29 
13 7 14 15 14 14 22 15 32 20 24 19 16 30 17 26 17 17 29 20 22 13 32 26 21 17 26 25 18 14 18 27 28 19 8 19 48 12 27 18 32 19 32 13 34 12 19 44 18 22 17 8 23 17 28 11 10 28 13 34 
25 17 10 18 15 16 21 23 23 40 21 19 8 19 5 29 28 10 24 21 15 14 19 23 27 25 22 27 12 16 23 23 20 33 28 21 28 18 15 15 6 13 26 13 16 10 18 36 20 26 13 9 25 28 15 13 15 28 11 31 
23 28 14 18 12 15 27 17 7 17 13 10 15 18 13 26 22 17 27 26 13 26 23 30 34 22 35 20 24 12 25 17 30 28 33 24 36 10 22 22 22 18 23 6 26 16 24 14 21 24 9 15 28 29 26 7 13 11 11 24 
14 18 7 18 16 15 11 23 24 15 14 19 16 22 19 17 30 13 21 15 32 16 29 23 25 30 17 17 11 15 24 11 14 31 33 23 16 20 17 32 22 10 30 18 22 19 21 31 29 13 17 11 19 29 14 9 18 31 11 27 
21 29 9 19 14 17 22 16 11 38 18 15 10 27 19 21 28 21 32 24 17 19 14 24 32 37 19 29 17 17 13 29 27 28 32 21 25 25 22 18 18 24 19 11 19 13 30 24 22 17 18 15 12 33 15 6 16 14 15 41 
24 22 13 13 14 20 25 16 28 15 17 21 9 26 9 18 22 10 29 27 10 30 21 16 24 22 23 17 15 20 26 32 25 30 26 30 17 13 12 17 17 31 30 14 14 17 26 37 20 16 8 9 45 17 26 9 21 20 12 26 
21 35 11 17 18 15 26 19 15 47 22 12 11 15 17 26 10 15 20 31 13 25 23 24 41 47 32 23 17 13 24 26 30 21 19 39 28 12 28 26 25 19 23 19 25 22 21 25 31 22 15 8 30 42 30 10 11 37 12 23 
18 33 12 13 16 20 27 19 29 33 15 11 10 33 15 23 24 20 22 28 22 32 24 18 31 15 6 26 11 13 19 28 30 15 16 32 26 19 22 11 15 16 28 15 28 20 25 39 20 12 13 15 26 28 8 10 24 34 14 34 
26 25 8 17 11 18 19 11 24 28 15 15 4 20 15 15 25 19 16 19 23 27 24 24 18 30 22 20 14 10 17 27 33 22 15 30 18 17 15 19 24 21 28 7 8 19 37 33 28 23 20 10 52 30 29 5 16 14 11 30 
13 30 14 19 13 16 20 23 12 33 17 28 16 34 13 34 27 15 21 16 19 30 19 13 18 15 24 21 11 18 15 18 23 23 22 36 23 17 7 11 17 27 24 9 10 24 26 43 7 23 11 11 28 22 18 14 11 19 12 28 
22 31 10 12 20 21 26 25 16 27 25 22 9 22 10 25 24 9 24 11 29 21 21 11 19 22 27 17 21 16 24 34 31 26 30 23 23 11 23 7 10 22 34 15 16 16 32 17 29 29 18 6 23 25 25 7 14 27 14 36 
15 26 11 13 18 19 26 22 19 29 24 26 13 32 20 12 27 13 19 23 19 16 28 15 29 12 20 11 17 20 28 30 24 25 23 23 37 14 13 18 15 13 34 15 26 16 14 38 31 19 16 13 26 42 17 17 17 21 11 18 
24 35 11 21 32 18 18 21 26 44 21 24 8 28 24 27 18 20 14 17 24 34 23 15 27 36 6 20 7 16 25 19 19 26 24 24 36 18 22 8 7 22 25 13 25 22 18 27 18 17 16 17 24 28 12 11 16 30 17 17 
21 23 11 12 18 20 28 23 18 28 15 18 10 15 13 35 19 17 23 23 29 23 30 26 20 36 24 17 21 17 21 30 22 29 21 22 23 19 26 26 11 25 27 14 15 11 20 20 31 14 10 11 29 41 19 10 14 22 16 33 
19 31 11 20 25 13 17 22 27 21 17 13 7 22 18 31 20 18 30 20 30 26 13 22 40 16 26 21 19 19 31 36 34 24 31 47 36 11 26 19 18 34 25 11 32 20 16 43 16 13 16 5 22 30 20 12 14 22 8 29 
20 37 9 18 16 20 19 14 15 49 17 19 11 21 16 22 24 13 25 20 22 23 25 20 23 34 9 18 14 17 33 34 14 29 20 27 32 12 19 6 18 19 42 15 27 12 19 40 31 22 17 12 28 28 25 12 26 30 7 54 
20 27 15 25 16 17 27 21 23 40 19 17 10 14 21 37 29 20 19 11 11 29 11 27 22 29 20 27 20 9 32 37 17 32 24 26 4 9 21 28 21 12 37 11 25 17 20 40 19 33 12 11 21 26 18 11 18 25 18 20 
29 36 12 14 17 20 29 18 22 32 13 12 10 31 11 13 26 12 21 27 22 17 24 17 23 30 23 15 11 8 21 23 22 23 23 20 39 12 23 19 20 17 31 14 22 12 27 25 14 21 13 6 33 35 23 11 16 23 11 24 
23 23 13 21 25 15 21 30 36 14 24 13 8 25 13 29 20 14 30 15 26 21 20 29 26 19 18 24 21 19 5 23 30 31 24 30 23 21 20 18 9 16 36 10 5 26 24 20 27 34 15 9 20 28 18 9 18 32 14 32 
34 31 16 18 14 19 27 20 26 38 12 20 13 37 9 23 29 17 22 17 15 17 30 24 32 56 19 15 14 15 20 21 30 28 29 21 43 21 15 24 21 18 16 7 16 25 21 21 24 15 18 10 31 28 22 12 16 19 14 25 
2 32 10 16 16 9 21 12 28 31 14 25 7 32 20 22 14 21 27 25 20 18 22 25 34 32 18 16 19 14 11 24 24 29 26 29 34 16 28 17 13 30 33 12 25 9 26 29 28 9 14 13 30 28 18 15 14 33 15 25 
15 26 12 16 21 22 15 26 24 23 15 16 8 25 18 15 29 18 27 17 17 30 22 11 22 16 28 16 17 18 22 7 30 19 32 26 46 15 25 21 21 34 33 9 25 20 18 25 19 13 20 13 34 37 21 7 10 37 13 27 
24 20 11 18 29 15 19 16 20 22 16 13 11 39 3 7 21 11 20 23 22 24 29 27 24 34 25 24 21 14 30 25 16 38 16 20 17 18 14 24 16 28 10 11 23 22 21 16 28 20 17 10 22 26 28 10 16 17 11 32 
21 22 12 13 16 13 27 28 15 36 13 16 12 29 22 22 7 18 13 22 21 25 33 28 40 31 39 15 11 13 22 30 19 22 35 12 16 11 17 10 16 25 41 10 12 24 30 23 23 28 16 11 22 24 16 7 21 27 15 39 
30 33 13 17 16 13 26 20 13 22 17 28 5 31 15 32 21 19 13 28 14 20 19 26 22 29 18 23 12 16 17 33 13 15 25 32 23 9 26 19 16 27 28 14 16 17 25 25 28 18 20 10 35 29 29 9 23 27 16 33 
28 26 9 12 15 13 24 21 24 17 17 17 15 27 18 28 17 20 24 33 18 22 12 24 38 23 19 12 18 17 29 32 9 20 27 26 45 15 24 23 12 15 17 11 16 20 18 16 22 19 14 12 29 23 11 14 14 31 14 30 
27 24 11 13 23 10 17 17 26 19 12 17 13 26 18 39 31 17 27 18 32 16 20 23 33 37 20 21 11 16 25 35 14 18 15 31 37 17 23 12 19 22 18 14 22 11 19 18 30 28 20 10 15 15 31 13 11 21 15 14 
31 36 10 16 25 14 34 13 28 25 20 8 13 10 17 30 25 16 11 14 21 31 23 22 20 22 25 26 16 16 33 25 31 8 22 27 15 11 24 17 17 32 20 14 26 13 21 31 18 23 19 16 41 30 18 9 18 22 13 19 
18 17 14 20 13 14 19 28 30 35 18 20 9 26 12 24 21 20 22 35 13 23 23 22 28 31 28 17 21 16 23 19 32 28 18 35 31 19 21 37 20 35 19 20 24 19 19 15 20 26 21 8 19 25 22 12 16 34 13 36 
18 11 6 24 16 14 21 19 12 30 17 26 11 17 15 20 27 14 22 24 11 21 24 24 34 22 14 25 11 20 18 28 23 31 25 20 22 8 23 24 19 18 31 11 24 10 24 26 23 19 9 12 27 19 20 10 19 19 14 38 
26 27 15 17 18 18 30 21 20 34 20 13 9 35 22 45 32 16 14 28 21 21 33 28 28 37 22 22 9 14 22 25 26 17 17 35 29 17 27 16 13 19 44 9 23 13 26 32 20 11 15 10 18 21 24 11 18 11 10 33 
27 39 10 17 19 11 16 11 32 29 22 16 17 8 14 31 22 14 31 24 12 28 33 20 22 24 26 19 22 21 17 32 32 28 26 20 31 16 34 35 9 19 23 7 20 18 25 19 22 21 15 13 15 23 21 8 12 33 10 35 
22 33 17 14 26 20 33 20 32 28 13 21 6 27 17 25 32 18 26 12 5 16 25 15 33 20 19 22 9 14 18 32 24 22 27 19 18 16 11 20 17 16 24 10 25 19 24 29 17 17 14 7 27 44 17 12 19 32 10 30 
22 23 12 12 17 20 22 19 24 38 6 18 9 17 13 35 22 13 22 13 20 27 34 23 28 27 33 17 18 19 24 10 19 40 20 36 19 14 15 28 17 26 13 15 24 11 22 23 14 21 12 8 14 24 31 16 15 28 14 39 
27 23 16 17 28 20 12 27 29 32 19 23 12 18 18 30 17 18 25 17 14 25 23 25 24 26 24 17 17 19 21 21 30 17 41 37 21 19 20 13 22 30 26 13 24 14 37 35 25 37 5 7 30 32 18 12 22 31 9 31 
29 26 13 9 24 17 27 12 23 27 20 18 13 24 18 28 22 17 20 17 14 24 33 23 28 22 25 24 5 6 18 29 23 26 17 23 30 17 16 19 17 24 17 14 12 16 30 22 27 19 15 9 22 16 25 11 21 27 13 32 
28 32 18 21 17 20 20 23 23 33 19 16 10 32 13 10 21 21 13 25 22 27 35 20 22 15 20 18 17 23 23 22 46 36 37 24 35 10 24 25 13 4 22 15 21 14 34 25 21 25 13 9 41 24 28 8 17 30 16 7 
14 20 14 19 26 21 18 20 26 28 16 17 12 10 19 18 21 6 18 14 22 18 18 20 21 22 27 15 10 12 23 39 33 29 21 21 14 15 22 24 15 15 29 12 31 16 29 29 33 26 17 12 25 35 16 7 5 36 12 23 
9 24 12 8 17 18 31 25 23 43 22 14 8 18 16 18 27 20 23 20 23 23 29 17 28 6 6 13 19 23 28 14 30 19 28 38 32 22 25 23 15 23 22 10 23 14 22 31 21 23 19 9 27 43 19 7 15 25 18 22 
28 41 10 10 11 9 26 28 19 34 18 16 3 18 15 24 13 20 20 16 20 27 20 22 27 26 25 23 11 14 27 18 21 23 26 21 38 20 23 18 13 20 16 14 27 25 30 33 14 16 19 15 30 17 20 11 19 27 16 27 
19 26 15 21 20 13 24 11 23 22 13 18 9 29 12 29 39 16 22 10 26 12 26 17 18 30 17 18 25 18 24 27 10 26 32 23 26 19 31 23 13 15 29 10 24 18 23 33 21 20 11 6 43 16 22 9 16 18 11 33 
29 11 14 13 19 19 30 25 24 22 19 21 8 21 21 30 27 13 20 23 23 18 19 25 38 43 19 17 14 15 7 17 19 22 30 34 27 18 24 27 24 24 22 19 27 14 17 28 14 15 7 10 35 26 21 10 17 24 9 23 
24 30 15 17 17 16 27 21 31 26 17 15 14 33 14 21 35 21 31 15 22 26 26 11 36 37 21 19 17 17 15 20 13 33 16 29 40 7 25 19 20 22 26 5 15 13 26 30 21 17 20 17 22 30 26 11 11 23 9 11 
17 29 16 13 16 13 16 17 27 27 13 14 9 18 18 20 21 17 31 25 14 30 26 22 36 30 22 9 17 15 16 24 30 22 35 16 31 24 15 19 7 21 21 10 31 22 30 31 28 20 13 7 32 18 25 11 14 22 18 39 
27 40 8 12 13 17 12 20 18 28 16 20 12 33 16 20 25 17 25 14 19 22 15 20 31 40 13 23 15 13 25 25 20 26 25 31 26 14 25 23 19 12 43 11 25 20 27 31 26 29 12 13 19 35 17 10 23 19 9 20 

MachineCapacities:
MachineID Capacity
0 10
1 10
2 10
