NumTasks NumMachines NumScenarios
10 4 100
TaskDetails:
TaskID ReleaseTime ResourceConsumption SuccessorsCount Successors...
0 0 5 10 5 6 1 4 
1 0 5 10 8 3 1 2 
2 0 4 9 1 8 0 
3 0 6 1 1 4 0 
4 0 5 8 4 9 0 
5 0 5 6 4 10 1 9 
6 0 9 4 8 7 0 
7 0 6 5 7 6 0 
8 0 7 1 6 7 0 
9 0 1 9 5 4 0 

25 9 20 14 23 21 30 10 21 20 20 25 16 33 20 30 29 29 16 28 25 22 21 31 22 12 35 23 30 16 27 14 21 18 15 23 32 33 20 22 
12 16 22 21 33 27 4 15 32 27 13 25 17 24 37 19 34 16 13 39 26 33 21 38 25 13 39 16 23 29 31 16 38 31 18 18 19 31 13 18 
24 12 27 24 15 29 19 15 29 32 6 22 19 23 28 22 16 40 19 23 21 26 17 35 25 17 29 28 25 25 21 16 20 23 15 13 23 30 23 18 
30 19 27 28 36 30 18 12 28 12 17 21 15 22 19 28 15 38 15 32 23 25 30 30 25 22 41 23 27 23 26 13 18 14 19 16 23 15 20 19 
31 31 9 15 20 20 16 18 24 14 15 29 11 19 31 33 26 21 17 22 23 23 21 32 23 12 24 17 33 20 30 17 33 28 20 10 28 41 27 19 
28 19 28 19 25 38 17 15 37 23 12 12 15 38 23 22 30 29 8 30 25 31 17 47 15 8 43 19 26 33 27 14 22 24 19 13 23 29 21 18 
22 19 14 26 21 25 22 22 20 30 14 22 19 30 20 31 29 32 9 29 19 19 30 27 34 13 29 20 30 18 33 12 32 27 19 11 20 22 17 21 
10 20 11 14 33 36 11 13 28 27 16 19 13 17 21 27 25 27 15 41 25 13 26 14 18 15 31 18 13 22 39 19 36 25 23 9 22 30 22 28 
31 22 14 14 34 20 12 20 26 25 10 25 10 23 31 22 21 27 16 26 31 32 17 41 11 9 46 19 20 17 22 12 19 38 27 17 20 20 26 21 
18 30 26 24 34 26 20 19 8 13 16 27 22 24 28 29 27 35 15 23 24 30 25 22 22 11 27 18 13 25 32 17 12 34 15 17 30 44 8 19 
32 14 24 13 30 38 31 18 38 14 17 14 14 27 15 22 18 37 17 34 30 33 20 23 23 10 19 31 17 24 30 12 11 25 24 21 13 25 15 20 
13 22 21 19 34 41 12 24 29 20 15 25 22 33 44 29 26 6 14 28 22 35 24 25 17 14 21 24 28 33 19 11 24 38 16 22 17 23 19 22 
28 21 21 16 27 26 11 16 31 20 17 33 21 16 17 18 24 34 17 25 24 23 27 22 28 26 41 13 36 20 25 18 18 26 17 8 18 33 28 14 
25 16 20 26 21 16 15 16 20 26 15 25 10 16 32 16 21 30 13 34 18 31 21 21 29 15 24 23 34 17 34 18 34 28 25 16 23 33 35 17 
17 19 30 28 33 27 33 17 28 25 16 21 15 19 37 30 20 40 18 20 16 32 15 34 25 18 23 16 11 20 22 23 21 16 18 16 32 28 18 12 
13 24 25 23 14 30 14 17 34 38 19 14 24 22 30 19 29 26 11 26 18 29 22 39 13 19 31 25 18 19 17 13 30 36 16 13 34 28 16 26 
23 8 33 22 23 28 9 13 25 16 18 10 24 27 28 18 39 15 15 15 33 13 23 28 18 17 35 28 17 34 20 17 24 35 11 16 24 23 11 17 
38 20 32 16 33 28 27 12 23 25 14 18 18 23 17 19 22 34 18 22 21 46 21 33 33 12 44 25 20 24 21 17 32 31 12 23 27 21 26 22 
25 18 35 14 36 32 22 20 37 36 16 10 20 20 35 18 32 29 16 32 19 22 25 14 26 19 37 20 25 20 27 14 17 43 8 13 17 15 24 19 
20 25 35 15 16 28 21 14 19 25 5 21 18 4 32 28 25 23 18 26 27 22 24 25 24 12 38 18 30 34 24 17 41 23 21 24 22 19 27 19 
16 8 29 21 40 24 23 15 31 23 22 26 16 37 21 34 33 27 17 16 21 11 18 30 22 17 33 17 23 18 29 16 18 26 22 22 26 31 14 18 
32 20 29 19 23 29 22 16 15 17 11 18 24 17 18 20 39 20 22 38 21 16 35 40 20 16 22 19 25 16 37 12 20 35 19 14 33 25 7 11 
35 18 39 11 6 28 21 19 25 28 14 22 19 24 37 29 14 21 17 28 21 41 28 28 27 20 26 28 29 32 26 18 30 36 13 20 28 38 20 27 
22 17 28 29 25 16 18 12 25 37 18 25 19 18 29 19 44 16 23 39 32 31 27 42 22 15 30 32 20 24 14 17 34 37 21 16 28 34 19 9 
16 19 29 11 20 17 21 18 18 25 17 20 19 22 30 19 33 37 11 31 21 31 27 39 18 18 22 17 24 33 23 13 24 18 22 23 19 30 13 15 
25 14 22 26 28 28 24 20 24 20 12 25 19 37 10 32 17 26 18 42 35 30 14 19 6 13 20 28 24 18 31 15 30 41 18 17 35 23 15 12 
27 17 30 6 35 33 26 19 28 32 14 20 18 22 26 26 25 27 7 22 24 33 27 18 26 17 34 36 19 20 14 17 26 28 9 21 31 18 12 19 
18 25 30 30 28 9 10 18 17 19 14 17 17 24 34 26 38 24 17 26 17 23 21 41 11 18 32 26 27 16 13 7 40 24 18 17 22 35 12 18 
27 26 29 12 39 20 8 8 23 25 15 17 6 19 26 26 27 12 21 35 21 24 5 49 22 15 29 26 37 23 40 14 33 24 26 22 24 41 15 18 
30 18 28 24 20 42 24 15 30 22 18 22 17 12 21 21 26 8 14 42 31 26 23 23 13 10 44 34 29 19 25 17 26 24 12 28 20 28 14 20 
21 25 25 18 21 35 19 17 37 25 14 30 22 32 21 26 30 38 12 24 12 26 32 23 34 6 33 22 28 26 32 13 29 29 16 11 20 20 33 8 
22 20 18 21 29 32 4 15 34 16 14 16 17 24 40 27 32 21 19 14 27 32 30 33 18 13 32 27 22 22 20 19 18 25 19 17 15 26 16 19 
23 13 30 13 28 19 11 8 36 23 14 32 21 30 33 26 21 27 23 27 19 21 41 31 12 14 33 21 27 33 25 12 23 27 20 22 21 28 21 17 
22 15 35 11 23 36 22 13 20 17 17 11 17 28 35 24 28 23 18 25 24 24 29 35 28 16 23 15 29 23 33 12 35 28 16 8 20 31 30 15 
23 27 37 10 33 43 19 8 14 29 10 27 23 20 29 17 30 19 19 23 28 18 27 29 21 12 26 20 32 19 29 18 26 31 20 18 26 34 23 20 
28 21 22 21 25 18 21 12 28 36 16 13 20 25 16 27 23 19 14 31 33 19 21 27 18 22 23 28 22 20 39 18 30 39 16 14 24 31 20 5 
30 17 32 16 27 28 19 15 19 32 23 20 18 20 37 19 30 37 12 17 22 17 15 37 16 18 33 31 31 27 6 16 29 30 18 12 16 33 20 15 
24 20 15 19 31 28 9 18 25 11 15 23 15 21 26 31 34 28 10 31 21 21 39 38 25 8 34 33 4 16 3 15 27 33 18 19 22 33 23 22 
26 23 16 17 35 27 21 17 33 21 17 21 31 25 17 25 33 24 9 29 10 24 18 37 32 20 21 31 30 19 31 20 34 44 22 17 29 33 23 14 
25 15 27 26 41 31 12 12 18 24 13 29 23 21 37 34 25 18 13 32 27 17 35 25 22 21 26 21 19 31 41 22 35 46 23 18 22 28 15 15 
18 18 23 11 26 20 22 6 23 24 13 23 20 11 35 10 27 21 14 31 17 30 36 36 22 11 26 15 24 26 30 21 28 24 26 17 18 28 13 31 
13 14 30 13 12 19 28 15 23 22 15 19 16 26 40 28 19 27 16 32 25 15 22 13 16 18 28 30 25 30 18 17 8 35 24 16 22 36 14 22 
23 21 23 13 33 26 11 17 35 31 16 23 20 27 29 26 28 30 8 20 37 25 26 32 21 20 40 29 9 26 20 17 35 33 23 10 21 21 20 15 
14 17 28 28 26 7 12 13 24 22 13 14 14 25 31 20 35 19 19 28 34 36 30 26 10 20 31 17 29 30 22 10 26 30 22 22 23 22 22 23 
19 14 18 31 25 27 17 22 27 33 21 14 12 26 32 18 15 13 17 32 23 14 28 20 30 24 39 25 36 35 8 10 17 28 19 23 15 26 22 15 
35 18 8 16 13 27 13 11 27 17 10 15 25 37 34 31 13 35 24 38 22 26 26 36 32 20 25 35 29 32 12 15 34 34 17 14 21 30 23 16 
20 15 22 23 16 18 15 10 22 24 15 17 20 18 34 22 18 13 16 43 25 24 14 28 12 17 28 12 32 18 20 10 34 28 17 19 34 23 16 15 
31 14 26 16 22 15 20 18 28 27 11 22 14 36 27 33 31 30 17 33 21 27 24 36 17 15 30 20 6 25 24 12 37 20 15 14 18 26 12 21 
34 15 30 19 24 29 18 15 26 20 9 19 13 18 24 22 28 20 19 31 26 27 19 33 34 15 21 36 35 21 21 23 29 25 10 15 27 21 5 22 
21 9 20 30 30 18 19 15 20 27 18 16 10 24 25 23 16 30 11 19 32 25 21 24 25 12 31 29 29 26 28 15 20 43 22 15 17 18 31 15 
43 15 33 16 24 27 22 21 24 31 11 22 20 20 29 22 30 29 20 41 17 26 14 46 24 12 29 15 19 27 28 14 26 34 22 18 26 21 22 28 
25 5 15 26 25 37 24 13 35 26 7 23 26 20 24 25 35 18 5 27 20 28 18 32 26 17 51 25 42 35 23 22 23 23 18 20 17 36 25 21 
14 20 15 20 24 17 23 15 30 18 18 29 8 29 33 14 22 14 17 45 22 25 16 39 27 11 24 19 22 29 22 19 26 20 26 15 19 12 29 10 
31 20 23 22 12 26 16 19 33 36 14 23 11 32 24 21 18 18 12 18 19 31 30 33 21 19 44 39 8 25 32 23 26 15 20 18 26 27 24 20 
19 9 29 19 25 18 17 10 23 28 15 17 17 29 30 18 44 39 15 24 32 31 28 15 24 22 38 31 28 17 26 21 31 23 27 12 28 21 18 15 
14 15 22 10 40 40 11 19 20 32 12 16 16 20 34 27 36 28 17 23 23 12 24 39 15 15 29 24 30 27 15 19 37 41 22 20 27 28 22 16 
18 19 30 13 24 28 19 24 40 20 12 18 13 24 39 36 19 20 17 11 24 29 20 24 26 17 20 40 24 11 27 20 20 19 15 18 10 28 24 26 
25 16 29 5 30 33 14 17 14 29 17 11 18 23 17 24 32 17 7 19 34 18 14 19 22 16 24 26 24 19 21 17 33 27 15 17 13 17 25 17 
30 25 28 22 27 19 18 13 29 20 13 27 20 23 30 22 42 18 13 12 19 26 19 21 23 20 17 34 32 12 24 20 20 31 19 9 24 35 7 21 
28 20 21 26 30 26 13 19 28 26 16 20 18 19 23 30 23 24 17 33 17 27 14 25 13 16 31 29 25 31 28 17 33 8 21 16 33 22 20 2 
27 16 32 16 36 29 19 18 36 23 10 18 8 15 35 32 22 18 9 32 16 35 24 28 24 10 32 45 28 21 24 8 31 17 4 12 38 27 17 23 
20 20 30 20 30 32 16 21 26 33 13 24 24 22 39 17 23 27 11 27 22 27 24 20 20 19 43 23 8 20 32 12 26 25 24 19 16 41 21 12 
30 15 32 30 34 13 14 16 33 15 18 17 7 29 17 15 35 35 11 36 15 12 20 29 19 15 23 17 19 19 19 6 30 24 21 25 21 35 19 22 
16 15 29 25 22 26 24 17 24 28 10 19 24 28 40 19 22 26 14 37 19 18 29 38 24 15 23 24 22 29 20 18 19 29 20 27 22 19 24 14 
32 13 33 26 34 35 21 17 11 35 19 10 22 28 34 20 25 32 16 28 27 22 25 37 31 12 23 18 32 12 25 15 25 15 15 13 23 18 18 24 
17 13 19 21 28 18 9 18 21 26 17 27 26 22 30 15 11 36 19 22 24 25 20 22 32 10 36 26 30 22 17 18 28 25 15 24 23 22 15 12 
26 19 23 21 36 32 14 17 24 21 15 19 18 32 27 21 20 38 10 24 21 19 19 16 21 18 27 20 14 24 21 18 21 40 20 19 22 27 26 10 
18 19 39 10 29 36 18 18 8 25 26 8 13 23 34 23 34 25 9 40 25 15 19 34 21 15 28 21 17 30 27 16 20 21 14 13 23 16 16 13 
40 23 26 15 19 28 25 15 25 23 6 26 17 20 34 25 25 31 23 34 20 31 22 27 15 12 22 37 24 16 23 11 31 26 19 20 33 27 22 20 
14 20 26 25 28 19 10 17 28 25 6 19 16 27 38 21 24 25 16 29 23 22 17 27 11 20 18 35 20 16 34 20 34 16 22 25 20 15 18 25 
20 22 12 20 34 27 23 14 28 29 21 19 17 24 29 19 29 32 22 39 27 21 22 25 28 15 43 28 31 26 38 22 37 32 31 15 21 25 18 19 
22 19 20 12 30 17 22 15 12 17 16 10 15 17 42 28 16 27 24 38 17 27 21 39 23 23 43 23 14 40 37 15 29 38 11 18 20 22 29 21 
30 21 20 14 25 24 11 24 15 19 15 23 8 33 27 14 31 30 20 29 31 26 23 28 32 13 15 16 13 17 35 18 20 22 30 8 22 19 18 18 
24 16 27 19 39 34 16 19 29 14 13 18 15 18 37 23 42 24 11 18 29 28 28 20 25 18 29 32 24 25 29 15 21 23 25 17 29 16 28 19 
26 13 17 17 33 26 18 21 22 26 16 27 23 23 12 23 25 28 20 31 31 30 12 36 29 17 26 26 18 25 19 15 21 34 12 22 15 17 24 16 
25 21 35 18 29 30 20 13 20 35 16 20 13 18 25 27 32 36 14 40 23 25 21 27 23 16 40 29 31 24 24 17 28 25 18 18 24 21 20 24 
29 25 27 20 33 33 11 19 31 8 13 23 15 10 37 19 24 23 17 26 23 15 22 21 30 20 19 26 24 24 22 12 22 31 18 14 25 39 17 15 
34 13 24 21 22 19 14 18 29 21 15 20 16 34 27 22 34 33 18 27 23 24 24 31 21 18 43 45 20 9 29 9 15 25 13 20 27 27 7 15 
32 20 24 18 25 26 10 16 25 21 11 17 18 34 25 25 36 23 10 16 17 34 19 32 23 17 30 21 29 10 18 16 29 41 20 19 18 27 34 18 
23 17 17 30 27 37 14 18 20 16 11 16 19 24 34 30 11 15 8 29 27 16 16 53 11 18 27 34 24 18 23 14 18 22 18 14 24 37 23 17 
20 21 23 20 23 29 20 14 30 29 21 22 22 16 26 31 26 29 13 17 20 37 18 18 11 9 23 28 25 22 27 13 37 38 18 27 24 29 19 6 
40 21 14 24 17 28 19 22 14 12 16 14 20 28 36 7 16 35 12 26 29 25 22 18 27 13 32 34 25 23 21 6 19 43 25 11 33 32 20 16 
26 24 18 25 39 17 13 19 26 38 16 18 12 35 36 33 22 37 19 47 27 28 24 21 37 13 23 20 10 25 23 11 24 23 19 25 24 24 19 9 
27 20 22 15 23 25 15 14 45 34 14 16 17 29 27 30 15 20 15 20 34 26 23 20 22 11 15 22 10 27 19 20 32 27 16 18 28 26 26 9 
18 11 28 15 45 35 10 17 28 34 19 23 6 29 23 24 14 25 24 27 26 15 12 35 12 22 36 30 11 14 39 13 28 31 18 22 23 24 17 15 
24 20 19 14 23 33 26 19 31 22 15 19 18 17 16 31 46 42 10 45 24 20 18 18 25 9 50 14 35 24 36 10 38 23 13 19 28 22 12 18 
16 17 17 26 18 32 1 19 24 21 18 26 13 26 45 13 12 30 16 32 9 29 17 27 17 10 31 29 29 21 19 20 34 22 10 25 12 16 20 16 
31 16 20 21 25 27 11 11 23 17 15 23 15 33 30 32 31 23 14 30 23 32 27 24 34 13 27 6 39 30 16 13 23 33 12 16 32 25 10 15 
28 16 14 17 20 33 14 19 22 18 15 28 23 29 36 27 34 5 19 24 15 31 13 37 24 16 26 20 24 25 33 15 20 32 13 18 26 19 22 14 
31 16 16 13 28 15 14 21 11 21 13 16 12 26 25 27 31 31 13 23 18 12 27 33 23 15 41 26 15 17 32 15 20 34 18 21 20 14 17 24 
12 20 30 24 25 40 21 9 36 17 13 20 18 30 33 19 13 30 17 27 21 27 24 42 19 13 34 32 27 18 13 18 31 19 17 13 11 25 14 12 
24 16 24 15 29 26 20 17 35 31 10 9 12 25 24 26 42 17 19 39 26 10 27 32 24 13 24 25 10 30 20 21 23 37 10 21 13 30 20 17 
41 18 40 17 20 22 14 16 21 30 21 24 18 21 28 22 18 21 19 34 23 29 20 35 22 14 26 31 21 14 25 17 23 35 22 12 24 27 22 16 
39 15 29 18 36 28 8 18 15 26 11 16 20 25 43 16 30 39 13 27 21 35 23 36 40 12 22 20 38 1 21 17 25 38 14 22 26 22 17 21 
8 7 26 15 44 34 13 15 30 38 10 27 18 22 23 15 25 22 18 30 26 23 22 26 15 20 32 24 17 18 37 16 30 32 21 21 26 30 19 24 
30 24 25 26 15 22 16 12 40 34 21 33 15 26 27 29 29 23 12 22 24 38 35 35 25 17 37 27 14 23 26 24 36 26 11 13 31 26 10 12 
33 17 21 20 32 19 25 20 17 26 12 15 21 21 33 28 18 23 12 15 26 28 21 32 12 13 37 39 24 30 26 21 14 30 21 18 25 28 21 19 
24 8 26 6 37 20 21 16 22 10 12 29 9 34 20 22 24 5 17 22 15 25 8 27 30 13 34 37 26 14 28 16 30 24 23 10 25 24 23 19 
24 15 24 23 30 33 24 19 24 23 14 20 14 24 40 35 28 10 17 24 29 21 18 26 24 16 31 20 31 29 19 17 25 22 21 20 18 21 22 27 
10 23 29 18 35 25 13 17 20 38 18 9 23 17 17 27 25 24 10 31 16 25 14 18 24 18 20 10 37 24 21 21 26 29 18 14 29 29 18 9 

MachineCapacities:
MachineID Capacity
0 10
1 10
2 10
3 10
