NumTasks NumMachines NumScenarios
10 4 100
TaskDetails:
TaskID ReleaseTime ResourceConsumption SuccessorsCount Successors...
0 0 3 8 8 4 0 
1 0 8 4 3 2 1 3 
2 0 1 9 4 7 0 
3 0 2 1 7 9 0 
4 0 1 9 6 5 0 
5 0 4 9 6 6 0 
6 0 3 5 1 6 1 8 
7 0 1 7 9 8 0 
8 0 5 6 5 3 0 
9 0 7 7 10 5 0 

20 18 40 11 22 18 22 23 23 38 19 28 26 17 29 9 15 23 22 17 23 21 29 12 39 25 28 18 20 24 16 18 31 12 7 13 32 30 16 26 
21 14 46 29 13 21 21 22 27 27 21 28 19 18 20 19 11 19 10 26 29 16 19 26 15 30 18 18 18 12 12 32 33 11 14 25 25 18 19 18 
18 16 40 25 10 29 17 21 30 16 1 28 31 15 30 21 31 18 15 30 27 19 22 24 32 29 31 26 27 24 10 5 33 30 19 20 33 18 24 18 
11 17 19 28 15 27 28 25 35 29 22 24 16 19 10 24 23 9 12 23 26 14 46 23 40 27 4 15 33 17 15 28 24 15 11 19 23 25 18 22 
27 20 21 22 10 25 22 27 34 24 13 34 28 15 16 17 21 16 16 11 31 24 32 21 39 28 33 21 19 13 21 15 22 19 15 14 22 20 21 13 
14 14 33 19 20 22 30 20 16 24 15 34 28 17 11 20 15 20 18 28 23 17 36 24 26 28 19 27 17 19 9 23 18 21 17 14 14 14 20 18 
15 20 23 38 17 35 25 14 9 17 16 34 33 13 21 18 32 18 18 37 37 22 26 19 18 24 30 25 39 30 17 28 28 9 14 22 8 12 19 18 
18 21 32 27 16 23 16 31 36 17 16 31 32 23 23 23 21 26 19 10 11 16 31 9 27 25 29 29 18 18 10 28 22 26 17 11 35 17 21 10 
21 25 36 22 14 24 7 16 27 21 11 18 24 16 19 20 25 22 15 29 9 19 24 27 34 18 20 19 32 26 23 22 25 13 12 21 22 25 25 22 
17 17 34 31 20 32 25 25 31 17 15 17 31 13 11 13 19 24 26 18 13 19 16 21 33 13 35 13 25 11 28 19 16 30 12 19 26 14 21 13 
23 19 32 31 27 19 22 17 39 18 16 21 39 19 15 22 21 26 12 25 20 13 18 12 48 25 32 19 27 20 11 22 21 17 17 14 21 23 16 20 
16 17 40 35 21 18 19 19 30 22 16 28 22 32 16 28 23 17 20 25 26 15 37 14 19 18 23 23 20 22 17 16 38 22 12 13 36 20 21 26 
16 17 22 38 20 13 27 19 20 26 8 27 34 21 19 21 20 20 15 16 23 24 16 14 22 16 16 23 40 20 17 28 31 16 18 20 34 22 25 21 
23 18 38 5 10 20 27 25 21 20 9 26 35 25 9 19 26 19 14 19 33 21 49 25 41 15 30 17 19 16 14 20 35 26 13 13 21 14 16 20 
19 13 25 22 15 28 21 16 27 24 15 44 39 12 19 16 29 18 17 26 28 18 24 9 42 23 21 24 22 13 21 18 34 21 16 17 35 24 23 20 
19 12 37 18 13 29 21 25 23 25 25 31 17 20 18 14 19 22 17 21 41 24 35 24 29 24 31 9 19 13 12 18 42 20 13 21 18 23 19 9 
17 12 41 25 9 20 13 28 21 27 16 23 25 14 16 21 27 21 18 25 25 19 29 24 28 19 32 25 22 18 16 15 37 20 14 21 27 18 29 19 
18 17 34 28 12 18 18 20 34 23 10 40 16 10 19 17 21 10 15 23 17 11 22 26 24 19 27 25 26 12 15 23 27 16 18 16 24 28 22 17 
5 21 37 20 20 15 14 38 25 16 10 33 37 13 18 23 22 29 13 21 28 15 43 15 23 25 43 21 15 14 13 23 25 23 12 17 21 14 29 26 
11 19 28 18 23 26 21 18 23 16 16 25 29 20 14 16 26 16 19 19 6 16 35 35 20 22 7 14 23 25 19 23 25 19 15 17 25 23 16 16 
26 10 41 25 15 22 25 27 24 22 19 32 23 16 11 23 33 21 26 36 21 19 29 27 33 23 28 25 18 17 24 24 4 21 13 11 29 21 10 15 
22 10 26 43 18 12 23 23 22 20 22 13 31 18 20 17 22 13 20 31 17 17 33 20 30 26 25 24 13 21 19 23 30 15 11 14 22 30 15 18 
13 14 22 30 17 26 12 23 29 26 25 26 18 16 18 20 25 24 25 16 20 17 29 26 35 17 33 23 31 16 19 17 32 17 19 21 38 16 33 15 
8 22 28 30 15 18 27 17 26 15 25 26 24 25 23 22 23 20 16 16 37 22 21 15 16 17 26 16 21 16 9 17 18 17 16 18 16 25 29 21 
14 17 17 28 19 16 12 33 21 21 19 20 33 19 21 10 26 23 22 21 13 18 20 14 37 31 35 13 31 22 25 15 36 16 17 23 27 20 17 18 
22 18 34 31 21 13 30 18 31 31 14 32 36 22 16 19 28 20 18 29 28 20 36 23 23 14 25 22 22 15 16 25 29 17 8 17 23 12 22 11 
23 17 34 15 8 25 15 21 31 32 10 29 21 16 17 22 18 19 24 21 16 12 20 18 30 25 30 32 14 16 18 21 12 24 10 19 33 21 31 18 
11 15 27 40 17 23 21 32 32 19 8 31 27 24 20 20 20 18 18 18 40 15 22 25 30 32 30 13 31 15 17 24 26 30 9 22 21 17 29 24 
14 19 36 19 20 12 27 19 23 21 18 36 25 18 14 22 19 15 22 17 28 16 29 10 16 20 34 19 27 13 11 23 29 24 17 29 28 7 20 20 
13 9 13 25 16 15 25 22 27 20 26 16 27 13 28 18 28 12 25 26 16 16 31 20 31 24 30 24 31 5 23 21 21 18 16 14 28 16 18 17 
15 18 25 18 19 24 31 17 20 21 13 24 33 13 20 10 18 20 20 23 20 19 25 22 44 25 19 24 27 20 23 28 27 28 26 11 23 20 20 11 
19 19 31 37 19 19 23 26 28 11 17 27 26 21 10 18 29 7 22 25 20 22 32 22 20 24 36 16 5 27 14 12 30 22 18 18 26 25 25 12 
16 14 35 36 10 12 20 28 16 19 27 28 29 13 24 20 30 17 13 31 29 18 27 16 29 21 20 23 26 26 15 17 17 19 13 15 24 26 18 20 
21 14 20 34 16 23 18 14 25 24 24 22 21 16 25 15 25 19 18 34 33 20 26 34 25 21 22 21 25 16 11 21 27 16 5 20 20 24 14 16 
16 20 43 36 14 16 25 15 26 24 19 32 18 19 14 20 22 14 15 25 21 27 35 25 20 6 20 10 27 13 20 16 25 21 13 19 33 22 16 6 
24 14 26 32 22 5 15 28 18 24 20 13 25 14 29 24 26 25 20 27 30 34 29 20 37 24 28 30 20 14 11 26 27 20 22 20 27 18 23 16 
18 23 28 24 18 14 12 24 26 20 17 22 34 22 17 20 24 16 22 23 26 13 26 30 41 20 17 34 12 20 20 14 23 27 7 19 22 12 14 14 
22 13 48 23 13 19 32 17 14 25 13 11 39 25 15 28 20 28 13 26 22 22 36 12 27 23 27 34 21 17 15 27 22 21 13 18 28 20 21 12 
16 21 22 41 21 33 20 33 40 29 23 27 44 17 13 18 21 21 29 19 21 21 23 24 45 29 26 6 29 17 15 16 25 19 19 14 19 14 35 17 
22 18 30 45 22 32 22 20 29 41 18 31 31 11 18 26 25 22 25 10 24 18 16 31 18 27 34 19 38 18 19 17 22 16 18 18 32 25 27 28 
18 17 21 22 21 29 19 21 23 28 28 12 32 15 14 20 24 18 20 30 29 23 17 23 18 15 36 21 24 6 15 25 32 18 22 13 32 24 20 15 
11 17 45 34 13 20 33 23 29 19 17 15 35 20 16 22 29 14 20 21 39 19 14 9 28 19 25 21 25 15 15 32 16 15 15 15 25 22 19 13 
8 23 25 32 17 23 28 17 32 22 17 28 37 18 21 19 30 16 19 28 28 19 34 16 34 11 15 20 29 20 15 26 28 23 11 21 20 27 17 11 
20 18 24 25 17 9 28 30 33 19 14 26 32 11 16 15 23 4 20 24 35 23 30 21 24 26 25 28 37 15 18 25 27 22 12 17 25 25 18 25 
21 17 31 20 7 14 22 30 28 24 19 22 22 24 21 16 14 19 21 21 20 13 13 21 6 21 29 22 20 14 22 14 26 13 15 8 34 28 21 24 
16 13 35 32 18 24 15 31 24 26 17 25 36 19 19 16 24 14 24 21 20 17 41 26 19 22 23 18 23 15 20 35 23 19 18 17 25 14 14 17 
14 24 34 21 13 18 15 25 21 15 18 20 42 24 15 19 21 20 27 28 38 12 27 28 14 21 30 25 24 14 13 22 27 21 23 22 25 23 24 23 
15 14 36 34 18 22 18 17 26 18 21 18 18 19 18 21 21 31 10 10 28 12 19 30 26 30 21 23 32 20 18 22 34 10 7 21 24 23 17 21 
20 16 13 30 17 22 26 18 43 27 8 27 35 6 16 20 28 23 17 32 31 22 37 20 37 17 26 25 25 15 15 21 35 16 18 20 33 1 23 13 
24 9 28 38 15 19 17 36 31 18 14 21 34 20 22 18 20 9 14 21 29 2 27 19 37 13 19 21 28 7 17 22 5 21 9 19 30 21 32 16 
23 21 34 32 23 33 25 23 31 28 14 27 15 17 19 20 23 24 17 22 26 21 25 11 31 24 31 18 17 21 23 20 28 32 12 14 12 21 30 17 
20 19 29 39 9 29 19 26 24 17 13 26 33 16 25 17 11 12 20 23 37 22 30 31 46 18 26 22 24 16 9 22 23 18 17 17 34 25 17 14 
19 17 28 31 19 16 18 38 38 12 13 19 17 18 16 24 20 12 22 22 15 15 19 21 44 30 13 20 25 23 9 28 15 17 5 10 14 23 20 17 
6 16 43 15 19 27 35 28 26 32 29 10 28 10 10 16 19 14 19 18 20 19 30 24 36 31 28 29 27 22 17 20 37 22 23 18 18 19 28 17 
10 12 26 45 18 26 9 24 20 24 12 30 39 17 18 26 30 13 32 19 17 21 25 19 31 23 18 24 27 22 15 19 37 16 9 23 18 24 23 25 
11 13 35 33 21 23 17 20 26 16 13 32 33 20 21 3 21 13 23 33 30 13 25 24 32 17 20 21 25 19 11 16 21 22 16 10 34 18 15 11 
23 13 26 38 22 29 22 31 23 25 21 25 31 20 15 17 25 21 13 13 19 18 37 30 27 25 21 27 13 17 11 22 41 28 14 22 34 11 22 12 
20 18 36 37 22 12 19 26 22 14 14 33 35 17 16 20 23 13 15 21 26 15 31 18 25 29 14 24 20 11 15 17 27 16 23 21 21 27 32 22 
18 6 24 28 16 25 16 35 23 17 16 35 31 8 20 20 19 22 24 23 23 20 31 21 44 14 37 28 23 19 20 25 26 24 12 25 31 18 21 16 
17 13 11 27 15 18 16 38 15 27 18 29 18 20 10 33 14 15 15 30 19 28 25 33 35 14 16 30 28 17 14 18 29 14 22 17 27 9 15 13 
14 18 37 25 17 33 26 24 25 20 20 32 34 12 27 22 24 19 19 27 18 15 38 25 34 33 24 27 28 22 20 11 20 20 20 28 42 27 26 22 
18 23 38 36 16 23 24 28 25 27 17 21 35 11 14 24 19 21 16 40 26 20 27 28 36 24 30 20 14 25 15 20 43 15 19 22 23 17 17 18 
18 20 35 26 17 16 27 30 12 16 17 11 33 13 22 22 27 21 11 27 29 22 28 21 43 27 27 20 27 18 18 32 30 16 17 25 24 18 19 17 
16 19 20 32 17 19 14 29 27 14 15 32 29 13 21 13 17 14 15 32 18 19 9 9 26 23 26 15 23 25 12 25 5 24 18 15 24 16 16 23 
18 14 13 38 21 33 20 26 33 20 12 24 29 21 19 18 28 24 20 28 25 18 43 24 27 22 25 17 18 14 20 9 28 26 15 29 31 3 18 6 
15 17 34 36 12 22 24 23 37 19 13 23 30 14 21 20 23 21 24 21 31 11 27 39 39 15 27 26 26 14 22 18 32 21 13 18 26 28 23 15 
20 18 43 38 17 17 33 24 32 21 11 28 32 16 23 17 20 17 16 11 34 18 18 18 27 24 26 19 25 9 18 12 30 26 19 16 18 16 16 19 
16 23 17 41 19 21 23 20 39 20 17 28 14 19 21 23 24 25 24 17 29 11 28 19 24 29 23 14 25 14 15 23 30 24 20 24 23 26 23 21 
20 17 31 33 18 17 14 17 39 25 11 25 12 15 24 30 32 22 18 20 26 23 22 15 26 27 35 16 17 26 18 20 40 12 11 20 31 13 13 24 
21 16 31 29 21 25 27 13 25 20 18 25 28 18 12 21 16 23 25 12 30 21 40 19 39 18 19 29 25 21 14 27 10 22 7 24 33 27 27 12 
15 15 34 21 14 15 24 28 23 28 22 22 32 19 18 14 15 9 24 22 23 15 19 21 44 17 29 20 27 16 11 24 20 18 16 11 20 7 26 16 
21 17 34 28 16 15 25 23 27 22 20 39 34 19 9 10 33 16 10 25 34 17 40 21 36 31 18 13 22 2 18 23 47 16 12 13 19 14 14 21 
15 14 18 29 16 17 18 15 22 17 11 18 32 15 20 23 29 21 20 12 15 20 38 27 43 22 24 19 30 23 11 19 35 26 20 25 30 21 14 8 
14 21 12 25 19 15 23 21 35 27 25 15 32 17 16 12 20 15 19 20 19 17 15 16 27 33 28 27 27 17 10 25 20 12 19 18 26 24 26 19 
23 19 36 31 14 13 9 24 27 30 17 20 45 18 13 20 28 22 22 28 28 19 21 11 31 18 28 17 32 23 13 23 21 23 18 28 25 23 19 13 
17 17 14 26 10 16 28 16 23 8 23 27 30 17 20 20 30 11 16 22 40 9 24 22 30 31 29 21 28 20 23 20 26 13 17 6 29 11 11 15 
19 9 25 31 11 14 18 23 25 23 14 29 28 13 19 24 13 12 15 20 24 11 32 18 30 23 26 16 13 25 14 22 22 22 17 12 27 12 29 19 
28 16 42 47 21 28 20 18 22 32 15 37 31 15 16 27 14 17 16 14 39 15 29 19 22 19 23 26 32 18 9 24 25 12 21 14 36 7 23 18 
25 19 30 21 24 16 13 34 33 14 17 26 25 23 6 19 17 15 28 19 18 13 36 16 26 28 20 16 27 14 22 25 18 14 9 19 36 38 24 14 
23 14 37 21 25 26 27 22 26 19 12 31 23 16 21 24 18 20 12 23 26 20 28 19 33 25 32 26 13 23 19 37 32 18 11 17 34 6 19 16 
17 16 30 28 10 17 25 38 18 31 16 26 46 22 11 16 27 25 19 19 35 16 35 21 27 29 9 35 16 20 21 15 28 22 20 10 16 25 20 21 
9 18 21 25 20 15 22 26 41 27 21 20 29 9 14 21 15 14 23 24 27 18 23 38 37 23 20 12 24 21 17 27 12 23 8 13 28 19 36 20 
17 15 37 25 14 20 31 19 17 29 19 19 13 11 21 26 17 16 21 21 18 9 22 24 25 29 19 20 15 15 15 27 20 26 10 23 11 22 25 21 
17 20 18 26 16 35 24 22 37 26 15 36 20 8 14 18 25 24 17 22 17 11 24 22 32 35 26 29 27 16 14 16 27 14 14 17 25 26 23 19 
14 16 13 18 16 20 27 30 38 23 20 30 31 22 20 23 25 20 25 26 17 13 17 20 35 22 18 26 27 20 18 26 20 16 16 15 38 15 14 16 
11 13 33 19 13 19 27 31 33 20 13 26 34 21 13 11 14 13 19 23 20 15 31 23 40 21 22 23 20 21 19 20 28 22 16 16 23 25 26 12 
20 18 29 17 17 16 34 25 28 26 23 17 35 11 14 28 17 26 18 13 10 21 33 12 19 27 32 16 28 19 17 24 35 12 25 17 28 14 28 24 
23 10 30 24 16 21 11 27 27 17 12 27 21 14 17 26 25 21 18 34 26 25 24 20 35 30 34 19 12 9 12 27 18 19 9 16 25 17 28 18 
17 14 23 39 19 30 19 22 34 23 19 23 34 19 24 31 28 11 21 39 22 22 28 14 23 25 20 27 27 19 18 23 13 10 19 20 16 15 28 18 
24 20 26 38 16 25 32 22 36 24 27 20 31 14 17 23 26 24 16 12 20 19 18 20 43 18 31 18 18 14 12 31 26 16 20 18 22 11 30 11 
15 13 30 27 10 23 33 18 19 32 19 22 39 15 17 17 13 12 14 24 26 17 34 28 47 25 23 15 29 15 10 25 29 25 17 20 22 23 30 7 
16 19 31 42 17 21 16 18 31 21 21 27 29 13 19 11 28 18 20 25 17 18 45 23 42 26 31 20 16 22 25 30 44 17 13 14 21 19 18 14 
17 16 16 41 15 19 22 13 40 26 14 44 40 19 24 23 27 21 11 14 27 14 20 19 17 16 33 21 20 13 13 26 24 18 15 17 28 20 16 28 
10 11 25 31 13 16 26 23 17 19 11 19 28 17 17 24 30 11 20 15 21 13 36 18 38 21 20 26 35 22 23 21 28 19 17 13 33 20 24 21 
18 12 28 31 13 20 27 29 13 19 19 24 39 19 15 18 20 25 24 24 36 18 21 14 34 28 23 26 41 18 9 13 47 17 17 25 31 16 20 14 
17 19 41 27 14 11 22 26 34 18 15 38 19 16 15 23 22 17 18 30 33 15 32 9 50 26 22 29 21 18 24 21 28 11 19 14 27 27 27 17 
12 12 32 39 20 14 27 10 22 18 24 28 31 19 21 12 18 22 19 21 25 18 23 23 27 25 29 23 27 16 10 22 35 20 14 16 20 22 27 16 
27 14 9 26 15 31 25 34 32 14 17 25 25 18 23 13 20 17 22 17 35 12 18 23 23 18 22 18 21 19 17 28 20 27 13 16 23 27 23 23 
19 18 34 32 20 22 24 26 30 40 12 26 33 11 22 24 18 32 19 24 23 25 35 13 22 23 18 18 17 21 20 19 48 20 16 14 17 17 24 17 
21 17 16 13 14 16 19 24 23 25 17 23 28 12 20 21 23 11 25 21 35 29 15 27 29 42 20 17 13 17 12 14 29 21 25 30 37 24 23 18 

MachineCapacities:
MachineID Capacity
0 10
1 10
2 10
3 10
