NumTasks NumMachines NumScenarios
30 2 10
TaskDetails:
TaskID ReleaseTime ResourceConsumption SuccessorsCount Successors...
0 0 7 7 1 1 
1 0 3 2 1 2 
2 0 7 9 2 3 5 
3 0 5 7 3 4 7 9 
4 0 8 9 2 6 8 
5 0 5 3 1 6 
6 0 2 7 1 10 
7 0 5 3 1 10 
8 0 5 4 2 10 11 
9 0 2 5 2 11 12 
10 0 7 3 2 12 13 
11 0 8 9 1 13 
12 0 8 4 0 
13 0 5 1 0 
14 0 8 5 3 16 17 18 
15 0 7 2 1 18 
16 0 1 4 2 19 20 
17 0 9 2 2 19 20 
18 0 4 7 2 19 20 
19 0 9 8 3 21 22 23 
20 0 7 3 3 23 25 26 
21 0 4 9 2 24 26 
22 0 5 9 2 25 26 
23 0 3 10 2 28 29 
24 0 5 2 1 25 
25 0 4 8 2 28 29 
26 0 3 8 2 27 28 
27 0 5 5 1 29 
28 0 7 9 0 
29 0 4 9 0 

29 13 19 19 11 26 20 25 22 33 13 28 19 14 30 31 26 11 19 11 26 17 4 21 29 32 25 29 11 14 13 20 24 21 14 39 31 14 33 17 27 13 21 20 30 41 31 22 39 18 19 21 23 17 11 10 11 17 23 15 
16 36 32 26 20 34 17 15 21 20 6 31 27 17 28 35 25 16 21 20 39 13 15 33 30 24 15 25 16 16 22 13 20 14 8 30 31 28 19 11 14 15 18 34 14 18 15 23 31 19 11 38 23 28 13 27 21 20 34 15 
23 45 21 39 20 36 15 20 28 24 23 39 38 14 21 19 16 13 19 19 14 10 14 23 34 4 16 28 16 16 16 18 14 20 8 18 16 29 19 9 26 18 23 26 34 28 32 24 6 23 12 32 38 24 23 21 9 16 21 12 
18 33 21 14 15 43 21 29 25 14 18 23 31 19 28 25 18 17 13 25 38 14 20 19 20 22 28 24 19 19 12 15 15 12 15 39 31 13 26 22 20 23 20 26 24 42 22 16 32 27 17 32 23 30 18 11 16 21 27 17 
19 23 25 31 15 23 23 10 23 29 19 12 32 13 21 21 15 13 18 14 46 18 13 24 29 25 19 25 26 17 20 18 9 26 9 24 25 15 25 31 10 20 18 32 23 21 12 31 31 23 11 30 24 18 20 6 25 17 27 16 
15 26 18 16 20 19 15 27 28 29 9 28 27 9 39 22 16 19 23 23 37 19 19 25 36 27 26 34 24 12 10 15 11 25 18 30 29 20 26 23 14 25 17 32 24 23 34 26 9 26 23 24 32 21 20 14 18 10 24 17 
23 33 17 26 17 38 18 25 25 31 17 36 20 15 29 22 20 20 10 25 38 19 11 24 25 18 16 33 13 21 15 20 14 29 13 19 32 2 14 25 23 13 18 24 24 32 14 30 36 29 13 36 39 21 27 8 11 19 20 16 
26 26 22 22 20 49 29 26 38 25 23 28 23 14 36 22 23 12 15 17 26 20 9 16 34 15 16 31 25 26 15 20 11 34 24 19 35 14 27 15 19 17 24 17 17 31 25 19 33 24 14 30 30 15 21 21 23 5 29 16 
18 26 32 18 21 34 20 17 19 24 15 27 28 12 22 26 23 10 11 20 47 15 15 21 33 10 26 18 18 14 10 13 16 14 19 36 35 22 21 19 25 21 23 12 30 37 30 24 28 25 17 22 32 20 12 19 8 15 26 16 
25 26 14 31 19 35 14 21 29 20 5 17 30 20 32 22 40 10 7 15 22 21 15 12 20 16 18 36 19 11 21 17 11 21 18 31 38 22 34 24 13 27 13 20 20 33 18 29 27 24 16 48 18 33 12 18 8 17 14 15 

MachineCapacities:
MachineID Capacity
0 10
1 10
