NumTasks NumMachines NumScenarios
10 2 100
TaskDetails:
TaskID ReleaseTime ResourceConsumption SuccessorsCount Successors...
0 0 7 6 2 1 3 
1 0 4 7 2 2 4 
2 0 7 9 0 
3 0 3 6 1 4 
4 0 3 9 0 
5 0 4 7 1 7 
6 0 3 2 1 9 
7 0 7 1 1 8 
8 0 6 2 1 9 
9 0 7 7 0 

26 22 19 24 31 36 27 20 23 15 37 29 17 25 14 20 22 32 23 18 
19 19 39 39 24 40 19 18 23 17 34 23 13 37 20 27 11 21 30 27 
16 36 43 22 28 19 17 14 11 13 27 26 29 25 15 25 15 16 23 15 
21 19 21 20 30 31 17 24 28 25 20 32 29 38 15 27 21 24 25 23 
18 25 32 27 33 34 18 21 23 18 25 20 24 33 17 36 17 24 21 32 
19 28 34 31 26 29 11 23 17 11 28 24 36 14 13 47 18 21 22 27 
31 31 25 11 24 27 21 20 18 20 30 24 13 35 24 26 13 33 10 22 
33 27 27 32 22 30 22 26 8 22 29 15 21 34 21 25 22 26 18 23 
13 18 34 21 46 30 5 22 22 16 18 19 25 18 20 25 20 3 16 32 
19 27 33 31 30 25 19 17 28 21 34 40 27 25 19 39 19 34 27 18 
19 25 31 22 27 38 10 31 28 18 29 32 23 32 23 24 29 11 30 22 
23 24 27 37 35 28 9 26 13 17 31 33 30 27 18 19 17 22 21 34 
27 22 20 34 27 31 19 12 27 23 26 22 41 37 23 32 14 9 11 25 
15 30 45 18 21 36 21 29 26 21 30 41 32 24 30 37 25 29 23 23 
8 25 24 21 31 21 21 17 22 23 31 35 37 25 25 21 13 34 21 28 
21 32 9 31 12 19 23 28 25 23 50 38 16 19 15 41 22 23 25 20 
23 29 33 32 16 33 29 26 23 25 16 37 18 27 21 47 13 25 22 26 
20 36 29 25 23 37 18 18 31 19 29 34 22 34 32 33 16 33 15 29 
19 34 20 41 12 23 16 26 16 28 33 49 31 25 19 38 20 40 19 40 
27 39 43 26 25 6 20 18 17 18 26 28 14 22 16 27 12 15 15 25 
11 33 29 39 23 39 21 26 19 22 28 37 22 41 12 30 14 13 25 24 
22 25 32 22 34 20 16 19 16 23 36 42 34 27 21 36 18 19 16 35 
15 34 18 20 16 16 25 18 16 20 20 33 33 29 26 43 16 17 23 31 
13 20 37 33 26 37 20 6 24 14 31 21 25 11 28 37 27 25 11 19 
20 19 20 29 21 27 19 11 13 20 43 22 20 27 27 25 18 30 23 30 
17 34 26 30 24 46 24 23 13 19 31 17 13 35 19 33 20 43 24 29 
18 30 30 27 23 35 29 19 12 19 38 34 27 35 9 33 13 17 21 11 
25 31 30 21 26 38 16 21 28 21 10 34 8 17 19 28 18 17 23 26 
23 27 26 20 27 23 26 21 30 25 21 33 31 18 26 16 8 34 38 30 
15 32 18 30 23 33 22 30 21 18 7 31 12 25 18 40 18 28 8 19 
20 25 25 24 16 25 13 16 22 12 27 24 30 22 19 35 21 30 21 20 
9 22 33 34 23 35 23 21 12 18 35 29 25 31 15 28 25 22 27 28 
22 34 40 24 13 18 16 25 28 19 43 30 15 13 17 24 20 38 16 17 
16 29 27 27 20 38 18 22 24 23 31 38 25 27 29 12 15 23 22 19 
14 26 43 20 26 27 18 14 23 19 31 36 35 15 18 30 14 27 23 24 
18 27 37 22 27 26 30 28 15 23 32 19 22 34 28 36 14 29 18 15 
16 17 37 21 25 20 19 27 19 23 23 42 17 30 25 25 24 35 21 8 
20 34 33 31 25 26 23 18 25 13 43 28 26 14 24 37 22 29 21 18 
19 19 32 19 18 38 13 22 19 16 9 28 16 34 30 40 18 33 20 18 
18 20 32 22 30 17 20 25 29 30 33 38 23 12 23 28 14 28 20 16 
20 21 27 13 28 34 15 15 28 19 43 30 28 31 23 33 18 34 15 32 
19 27 30 47 22 26 22 30 29 23 18 33 34 30 16 26 10 21 24 25 
21 25 29 35 15 43 24 24 21 21 14 26 6 25 17 34 21 21 24 19 
14 25 39 25 30 32 24 28 27 17 15 36 29 32 20 29 14 36 18 18 
20 35 30 25 17 23 10 14 11 23 27 19 21 23 28 25 21 15 19 20 
26 22 17 38 16 36 21 23 29 18 31 35 33 25 10 28 14 25 18 24 
20 37 37 36 27 31 7 22 10 27 30 20 19 15 23 27 12 20 21 25 
21 34 27 19 20 41 16 18 18 14 41 20 27 39 26 33 12 23 3 24 
15 25 40 31 16 38 17 21 34 20 30 20 21 22 31 29 16 35 17 28 
26 19 30 30 29 24 21 14 23 18 22 29 21 27 18 30 26 36 18 23 
22 33 22 7 26 29 21 32 25 22 23 29 21 20 24 32 25 22 28 25 
16 30 12 39 37 21 10 33 22 20 15 41 22 18 22 13 18 16 26 30 
20 24 43 29 41 32 19 24 20 14 8 40 34 18 23 23 16 20 19 19 
19 25 35 34 18 16 19 18 20 19 16 21 28 13 27 34 15 23 14 18 
25 23 33 42 35 21 8 15 29 17 28 53 11 26 13 20 23 25 9 23 
24 24 27 33 32 37 19 18 15 30 28 34 37 34 25 35 17 34 11 27 
12 17 29 26 22 24 23 23 29 16 30 31 30 31 10 46 17 25 7 21 
28 27 17 28 25 19 19 27 15 23 20 28 23 35 22 20 8 30 33 26 
19 32 37 27 17 25 25 18 28 24 14 21 30 32 21 46 21 41 16 15 
22 28 14 23 14 27 25 28 23 14 18 29 22 24 22 25 11 14 11 19 
18 25 41 19 23 39 8 21 13 19 27 24 28 26 16 29 23 37 24 28 
16 22 46 7 15 25 14 27 18 26 31 36 12 26 20 28 24 31 25 19 
17 32 23 25 27 28 24 15 17 24 20 23 16 19 19 15 15 37 14 24 
20 29 29 25 24 21 15 20 17 16 30 36 30 6 25 33 17 21 20 22 
19 19 36 16 19 24 23 32 23 15 27 30 34 34 12 16 14 25 17 18 
24 28 42 39 28 22 16 29 21 17 28 36 29 33 19 43 16 27 26 15 
19 22 35 27 26 30 17 42 32 18 16 31 26 26 11 24 21 18 29 24 
15 37 30 20 21 12 16 16 15 27 32 20 31 30 24 34 20 36 24 24 
18 20 32 45 26 18 22 27 22 11 24 22 15 34 22 34 27 32 20 20 
22 32 27 32 33 46 24 14 28 18 39 22 9 15 25 23 16 36 20 24 
23 30 25 35 22 27 17 31 29 22 32 29 23 27 22 20 16 25 23 28 
24 18 48 21 26 20 16 18 14 19 21 22 16 14 34 25 14 18 24 34 
14 25 28 15 30 28 13 28 23 26 25 36 10 15 26 22 13 38 33 23 
14 22 34 20 17 17 15 11 25 12 14 29 21 31 18 31 22 26 34 24 
24 26 24 33 24 31 13 14 17 16 27 37 32 36 21 42 27 33 19 17 
21 17 28 28 31 19 22 21 20 11 20 32 14 29 25 14 14 19 15 26 
14 24 39 23 30 34 25 12 23 24 19 39 27 16 16 24 22 27 29 14 
12 29 46 28 37 37 20 28 19 19 21 39 34 28 15 28 7 41 27 17 
27 20 21 31 27 29 26 28 29 25 22 42 23 23 16 14 18 39 24 19 
16 26 23 36 32 26 27 19 33 18 40 25 23 21 16 32 21 40 23 15 
21 18 20 26 22 20 29 14 24 11 32 26 23 28 19 29 18 33 25 32 
16 26 49 27 19 21 13 17 30 21 22 28 29 24 22 33 15 25 15 32 
24 34 25 19 32 17 12 31 16 18 22 30 25 32 24 34 22 37 30 15 
15 21 35 26 21 29 30 33 25 12 33 34 24 26 20 19 17 27 21 33 
18 19 38 40 27 20 13 28 16 21 25 28 17 31 21 28 20 32 26 15 
11 18 22 27 20 21 27 18 23 14 37 27 19 20 12 29 25 14 26 17 
14 10 21 35 22 26 21 21 25 21 18 22 7 33 21 29 20 34 8 22 
19 21 30 32 21 38 20 30 26 20 35 35 18 26 21 43 17 24 24 11 
20 28 37 22 33 27 19 20 18 20 25 31 18 33 14 28 22 12 36 34 
14 33 35 29 14 10 20 21 16 24 24 43 19 42 25 28 17 33 23 25 
23 26 22 45 26 20 16 30 26 15 25 29 16 33 9 42 8 27 24 29 
17 29 18 24 19 45 16 34 22 16 42 31 11 25 26 26 14 31 29 14 
26 21 42 16 19 34 12 32 22 27 13 36 26 24 15 29 16 31 27 29 
16 20 29 40 29 37 20 31 24 12 25 11 18 22 8 45 17 38 22 19 
20 22 33 31 38 18 15 25 18 22 25 28 26 28 17 37 25 33 27 18 
18 15 35 18 20 36 22 23 4 19 26 23 15 20 18 18 26 19 24 19 
17 20 28 42 23 39 26 23 29 24 28 37 37 26 16 26 17 29 21 22 
16 20 30 28 27 29 14 33 22 18 27 9 24 21 18 20 18 25 25 21 
21 25 21 32 23 30 17 31 19 13 21 30 36 22 24 26 16 10 18 26 
33 20 31 26 28 16 23 26 38 22 27 18 10 36 20 32 14 24 28 24 

MachineCapacities:
MachineID Capacity
0 10
1 10
