NumTasks NumMachines NumScenarios
10 2 10
TaskDetails:
TaskID ReleaseTime ResourceConsumption SuccessorsCount Successors...
0 0 9 9 1 2 
1 0 4 7 1 4 
2 0 7 8 1 3 
3 0 9 1 1 4 
4 0 4 9 0 
5 0 5 2 1 8 
6 0 3 5 1 8 
7 0 6 8 1 8 
8 0 7 8 1 9 
9 0 9 3 0 

12 15 22 20 42 21 28 16 11 14 19 10 14 29 23 12 37 3 21 28 
11 20 29 34 33 20 24 26 11 11 17 13 24 15 21 13 40 7 13 27 
14 23 25 27 24 19 25 11 12 14 10 13 16 27 20 12 21 13 22 23 
14 14 32 22 31 25 37 30 11 12 17 15 22 22 19 16 28 11 6 22 
9 15 31 27 40 22 32 23 12 10 9 9 10 20 17 15 33 13 19 22 
6 18 25 23 28 30 23 23 11 10 21 15 11 34 22 11 38 11 20 26 
4 18 30 38 13 21 27 19 5 11 16 7 9 28 30 12 21 14 21 14 
9 17 39 27 45 18 41 19 14 8 14 10 19 16 24 10 38 9 25 32 
10 17 35 23 16 33 26 14 8 13 19 6 17 17 13 15 40 10 22 25 
6 19 18 21 51 23 28 31 14 11 12 16 11 28 24 12 43 13 34 34 

MachineCapacities:
MachineID Capacity
0 10
1 10
