NumTasks NumMachines NumScenarios
10 2 10
TaskDetails:
TaskID ReleaseTime ResourceConsumption SuccessorsCount Successors...
0 0 6 3 1 2 
1 0 8 3 2 3 4 
2 0 3 7 2 3 4 
3 0 3 2 0 
4 0 3 2 0 
5 0 4 2 2 6 7 
6 0 2 1 1 8 
7 0 2 4 0 
8 0 5 9 1 9 
9 0 6 7 0 

25 14 8 24 18 37 25 24 19 30 12 20 10 23 38 19 19 16 34 16 
21 19 11 20 31 32 19 20 23 14 10 19 11 36 28 12 11 7 24 20 
16 11 14 17 20 33 19 20 31 37 13 29 11 18 29 16 5 33 37 22 
17 10 14 18 41 33 27 17 41 22 8 9 13 27 20 18 12 26 33 25 
24 19 13 22 25 29 13 20 29 36 8 13 9 25 28 16 16 22 21 17 
11 14 13 19 42 22 18 26 22 25 7 28 19 12 10 19 16 18 30 27 
11 13 14 11 26 31 28 24 26 32 6 16 13 24 36 11 12 27 31 11 
21 4 14 20 20 9 23 28 25 20 9 28 12 16 29 15 16 14 20 22 
17 14 17 21 38 23 19 23 32 37 16 27 11 24 26 11 12 17 29 25 
30 10 14 28 7 31 18 27 39 9 14 18 11 32 14 20 16 27 19 17 

MachineCapacities:
MachineID Capacity
0 10
1 10
