NumTasks NumMachines NumScenarios
10 2 10
TaskDetails:
TaskID ReleaseTime ResourceConsumption SuccessorsCount Successors...
0 0 8 10 2 1 2 
1 0 10 5 2 3 4 
2 0 4 7 1 3 
3 0 6 5 0 
4 0 2 3 0 
5 0 5 3 1 6 
6 0 6 9 1 8 
7 0 2 3 1 9 
8 0 4 7 1 9 
9 0 8 7 0 

10 24 34 21 25 12 21 20 24 28 15 29 19 26 13 8 19 15 34 8 
13 23 31 25 34 9 19 15 22 24 26 20 10 24 9 16 23 10 22 8 
15 25 34 10 23 14 17 16 19 20 13 22 24 19 19 8 18 15 32 9 
8 11 38 16 20 23 16 17 27 36 11 23 31 14 18 10 19 11 23 11 
11 12 28 22 31 25 14 14 18 45 21 19 35 25 27 11 26 5 20 11 
16 22 15 23 37 27 20 20 29 30 23 13 18 24 19 10 18 10 28 14 
13 21 26 23 27 16 13 18 16 34 35 23 30 23 19 9 30 11 34 13 
15 24 32 24 19 29 19 25 18 27 26 23 32 22 13 12 33 17 19 8 
12 12 21 13 22 30 24 15 16 24 21 23 20 13 14 9 12 8 28 4 
12 17 30 14 35 18 12 16 23 21 34 21 33 29 10 10 24 7 24 13 

MachineCapacities:
MachineID Capacity
0 10
1 10
