NumTasks NumMachines NumScenarios
20 2 500
TaskDetails:
TaskID ReleaseTime ResourceConsumption SuccessorsCount Successors...
0 0 5 4 2 1 3 
1 0 3 10 0 
2 0 1 5 1 6 
3 0 4 7 2 6 7 
4 0 5 6 0 
5 0 3 9 0 
6 0 3 7 0 
7 0 3 5 0 
8 0 8 8 2 13 19 
9 0 9 3 2 15 18 
10 0 6 9 3 15 16 18 
11 0 1 9 3 15 16 18 
12 0 6 8 1 13 
13 0 8 5 1 16 
14 0 4 6 2 16 18 
15 0 5 3 0 
16 0 5 10 0 
17 0 6 3 0 
18 0 5 8 0 
19 0 3 2 0 

28 39 19 22 21 34 19 20 16 12 21 19 18 25 29 15 25 25 24 17 24 39 24 13 25 18 12 21 36 22 13 24 21 35 16 22 16 29 31 36 
25 31 43 26 18 24 33 18 17 21 10 17 3 26 35 17 34 28 24 20 23 29 23 26 15 19 23 8 36 33 22 33 22 23 24 25 14 12 30 38 
30 19 36 22 23 39 23 12 15 20 36 13 27 25 26 15 34 3 34 20 26 26 28 10 21 34 12 14 14 34 15 17 18 20 24 22 18 22 20 32 
29 29 24 22 26 30 34 17 14 16 30 16 13 21 23 16 17 24 22 15 35 24 22 18 29 19 7 37 25 30 15 15 22 12 20 32 10 19 26 46 
16 18 39 27 30 15 28 18 23 18 40 11 20 19 34 18 28 25 25 26 27 30 19 27 30 32 21 22 20 39 13 31 14 26 27 26 14 36 27 24 
27 32 22 24 19 26 24 25 10 31 24 20 25 16 26 23 20 8 26 24 23 39 21 21 22 15 10 14 31 30 10 25 16 25 23 11 11 20 26 31 
23 24 28 22 24 36 30 22 24 17 23 17 21 18 24 22 29 30 30 22 12 34 23 21 27 23 14 31 22 30 19 24 22 24 28 16 11 17 25 33 
33 25 29 29 26 31 31 20 24 16 23 22 17 22 22 9 30 21 42 22 30 34 20 19 28 20 25 25 25 26 10 24 15 42 26 17 9 41 26 33 
34 20 15 17 26 35 32 23 18 26 29 18 40 26 36 20 22 21 27 23 25 42 27 30 18 20 14 25 25 22 11 34 21 32 31 17 8 21 29 15 
21 30 19 29 22 33 25 26 11 12 23 16 33 13 23 23 22 22 25 23 29 27 19 11 10 18 24 23 26 23 10 26 15 29 17 18 14 23 17 32 
17 25 34 22 28 19 32 20 22 21 24 19 28 22 24 19 30 21 33 19 26 42 28 17 24 21 19 27 19 27 17 33 25 33 19 13 13 17 28 41 
24 28 27 31 27 35 17 27 16 33 22 20 22 15 43 19 23 29 28 27 32 43 11 1 18 23 23 21 32 17 12 27 34 19 15 34 14 36 21 20 
19 31 26 25 18 27 14 23 22 15 32 22 23 24 32 17 36 26 21 13 39 44 25 18 31 30 12 23 35 29 18 26 30 21 24 20 20 27 13 12 
20 34 23 29 22 21 36 22 22 27 36 11 26 16 36 16 19 17 47 25 14 29 23 25 21 28 20 12 18 26 19 26 23 28 18 19 17 22 33 46 
20 26 38 23 19 44 24 18 24 13 16 9 13 27 25 28 22 27 40 19 30 25 17 22 21 20 7 21 33 39 21 27 11 31 15 29 11 24 40 40 
22 21 29 22 26 30 23 21 21 18 31 27 24 22 29 19 22 27 22 15 26 20 21 24 26 15 12 20 25 24 19 21 25 24 27 34 18 23 32 34 
27 30 22 34 28 18 36 25 17 22 34 12 14 27 15 23 27 26 20 21 28 19 32 18 16 42 20 17 20 17 16 18 35 27 14 15 19 29 32 17 
22 29 38 22 20 32 28 16 21 25 28 12 25 21 31 21 15 24 36 19 24 21 13 6 18 13 14 22 24 28 23 22 20 40 21 24 10 30 25 13 
15 27 23 18 21 31 31 15 22 29 25 15 33 19 23 28 26 37 26 27 40 9 21 9 23 38 9 23 31 12 15 32 25 23 24 10 17 18 27 30 
13 33 35 26 22 26 20 25 20 20 27 29 19 23 21 18 24 24 18 18 18 31 19 29 30 16 18 29 32 34 18 22 16 30 23 30 17 20 31 22 
28 34 32 13 22 34 17 22 26 13 23 14 28 17 33 17 24 21 31 18 26 24 18 20 28 29 10 31 19 21 13 24 23 17 19 25 17 27 16 40 
18 29 32 31 20 32 46 16 13 23 15 22 25 29 18 27 17 14 38 23 35 33 15 25 34 15 18 28 4 37 18 30 12 20 15 33 16 35 23 38 
17 28 40 24 24 35 25 14 17 31 28 14 23 26 22 17 26 21 24 17 16 33 22 20 25 15 19 21 24 36 16 32 16 31 24 27 19 27 20 26 
27 43 10 19 26 23 28 16 14 20 25 16 18 34 29 18 21 29 24 15 17 41 35 16 30 36 15 16 14 35 12 29 24 23 22 17 13 20 32 15 
21 34 32 41 30 43 39 17 26 20 22 21 22 22 30 22 17 21 34 28 19 27 26 17 23 13 13 25 49 33 19 18 17 37 20 14 18 16 19 26 
22 27 39 28 20 36 28 28 18 25 24 19 21 18 31 19 26 19 28 16 21 27 22 27 22 15 19 24 23 24 19 24 14 28 22 28 14 14 26 20 
18 23 24 30 26 36 18 20 15 25 22 12 28 10 25 24 26 24 34 20 17 8 24 17 23 30 19 23 33 23 18 33 20 22 31 19 6 21 26 34 
13 31 31 26 22 23 35 12 18 17 18 17 8 25 25 17 22 23 18 28 16 5 25 31 29 24 18 32 25 20 15 30 22 33 23 21 16 19 32 46 
23 24 27 31 26 19 43 10 10 17 27 12 33 17 22 9 15 22 34 15 29 12 21 26 15 16 30 36 35 37 15 16 14 21 13 21 23 17 25 35 
21 22 47 29 20 22 47 19 13 24 27 14 25 21 33 25 15 25 45 20 22 26 20 16 27 17 17 20 29 28 10 30 20 29 22 36 17 19 21 33 
18 23 10 22 25 18 26 14 13 27 17 21 23 19 36 25 23 43 16 14 17 28 25 17 15 12 15 23 14 34 22 17 23 27 22 20 22 33 26 30 
34 47 10 14 22 41 36 16 18 26 31 26 21 20 38 29 14 20 22 20 26 16 31 36 16 34 23 20 30 31 15 36 17 29 28 28 17 22 25 31 
13 28 36 39 17 40 34 20 21 20 33 16 26 27 18 22 12 16 36 22 24 41 19 10 21 25 21 18 41 30 13 24 26 36 19 32 21 31 26 17 
14 34 40 30 24 30 11 30 22 14 25 16 16 31 20 21 33 25 19 14 8 21 22 28 17 22 18 13 33 30 12 19 23 28 34 27 22 14 29 52 
22 23 26 18 25 27 30 22 20 24 31 22 26 27 20 16 21 23 19 24 23 17 22 22 16 15 18 32 30 20 15 30 25 29 25 44 17 12 26 32 
19 40 33 28 24 27 26 19 10 27 29 11 12 13 26 25 31 31 44 16 32 36 24 21 24 28 12 21 29 29 17 19 26 19 22 19 20 28 25 29 
28 31 10 25 28 32 30 11 13 20 34 16 20 23 33 16 33 29 26 10 18 40 20 28 17 17 18 20 32 25 9 31 18 22 22 30 20 28 27 34 
9 29 25 26 26 35 28 22 8 23 35 17 25 24 32 24 19 28 34 17 24 18 18 19 25 34 14 19 15 16 17 31 16 36 20 27 14 34 40 27 
26 31 24 26 19 16 34 19 14 18 19 15 27 9 36 19 22 30 32 14 24 16 22 19 29 29 16 13 21 33 18 27 19 31 26 30 16 22 29 22 
32 17 15 26 27 31 29 22 15 15 25 11 19 35 35 35 20 21 40 19 36 30 14 18 19 11 20 24 31 26 13 32 27 24 21 28 13 30 33 32 
23 27 34 16 21 42 20 15 18 29 29 18 23 13 27 26 18 28 26 23 30 23 24 15 32 22 21 12 29 34 16 33 18 16 16 19 24 28 29 25 
20 16 45 16 22 22 35 13 12 19 19 10 29 20 25 21 28 20 21 20 26 23 21 24 31 24 22 14 22 21 24 28 20 23 16 26 10 20 31 21 
21 27 36 38 17 32 21 25 19 20 21 15 27 33 18 14 19 25 21 25 25 31 21 27 13 22 14 31 26 22 18 31 11 32 26 23 19 17 26 44 
19 26 41 15 22 21 48 23 8 11 16 13 38 29 35 14 21 24 19 24 16 25 14 24 27 17 20 20 35 23 9 30 20 23 23 16 10 17 16 25 
18 18 37 31 19 40 30 16 7 20 22 19 23 23 34 30 26 21 34 12 23 33 26 24 28 20 20 27 35 29 11 22 18 15 31 16 18 37 25 38 
26 32 35 21 24 9 43 20 17 16 30 9 19 16 33 25 23 23 23 13 19 35 20 29 24 14 15 14 30 16 15 26 18 22 19 20 14 18 26 29 
31 31 30 17 26 34 35 13 22 10 30 12 15 32 32 24 18 16 27 16 34 31 26 26 17 24 27 23 32 20 15 15 21 26 21 30 13 27 33 22 
22 27 35 18 30 19 23 20 22 12 34 12 46 15 44 18 33 24 25 21 25 28 22 20 12 16 16 27 29 30 12 32 30 30 17 15 16 14 22 28 
31 17 32 23 22 22 16 21 17 26 18 32 30 29 30 13 26 31 28 18 25 33 17 22 25 24 15 29 24 19 12 15 15 30 24 28 17 29 38 35 
19 31 19 27 24 35 21 15 23 22 16 12 27 24 34 13 22 12 26 25 14 9 24 16 32 25 21 30 28 32 17 28 28 24 32 22 16 37 19 25 
21 40 37 30 26 25 32 21 16 11 21 23 12 12 22 21 28 22 24 14 28 27 31 22 26 21 22 33 33 31 12 32 32 34 27 18 21 27 28 30 
20 27 45 25 16 25 35 24 21 24 29 12 29 15 23 23 29 20 10 23 22 23 5 11 35 9 24 19 37 28 17 25 23 38 26 15 16 14 25 33 
31 18 35 25 22 39 23 27 12 14 27 20 21 18 26 22 23 17 29 15 29 38 14 5 36 22 17 31 33 21 8 46 20 26 21 19 22 16 27 38 
16 37 24 26 17 39 42 20 19 16 24 25 21 11 28 15 23 28 28 11 12 28 25 19 28 25 20 24 23 24 13 30 29 19 19 9 12 30 19 24 
23 35 36 32 32 21 31 24 16 17 22 17 27 21 26 22 32 15 38 30 26 32 22 21 12 22 23 14 29 31 10 24 11 19 20 11 22 39 38 29 
23 30 39 21 30 36 43 29 29 24 31 23 10 21 31 14 19 22 21 21 21 27 25 32 26 19 23 25 26 28 13 27 21 31 23 21 9 10 28 33 
20 28 30 42 33 35 30 17 25 18 29 28 32 5 33 24 14 21 24 25 28 35 11 28 27 16 11 20 31 29 12 15 17 30 14 17 15 26 9 28 
28 39 32 38 25 10 38 12 21 23 25 27 14 11 18 13 16 20 14 18 22 34 20 15 34 32 30 14 17 27 13 23 23 39 19 18 12 20 32 27 
15 21 19 35 17 11 29 6 14 17 22 18 23 24 22 24 14 35 23 15 34 39 25 14 22 24 11 31 37 21 16 26 29 37 35 27 20 28 19 21 
18 29 26 31 24 32 36 20 11 24 22 14 15 20 30 9 22 17 19 18 31 25 22 25 33 27 13 33 43 36 19 18 21 31 21 18 8 22 17 31 
29 22 34 13 32 37 19 8 16 3 24 14 24 29 25 23 28 43 41 25 35 20 19 19 25 21 10 29 13 36 18 23 26 33 20 25 13 22 22 26 
29 29 25 20 25 34 36 22 23 19 29 24 21 23 41 28 29 26 19 14 31 42 19 21 28 24 7 28 26 11 16 24 22 43 23 31 13 25 22 27 
19 41 15 25 28 37 32 14 11 18 20 16 27 26 29 22 30 26 21 10 42 31 26 16 40 16 17 35 30 35 12 19 28 35 25 26 17 35 22 24 
13 30 39 16 26 22 27 22 19 19 19 20 21 28 20 35 28 26 25 27 18 28 24 20 30 12 16 20 26 24 19 13 21 36 23 29 15 24 21 32 
28 29 41 21 25 37 32 18 18 30 20 19 21 22 36 13 18 21 25 16 14 28 35 12 34 15 20 30 29 28 19 14 22 37 22 20 18 41 31 25 
17 24 37 24 28 33 29 17 29 19 25 18 30 34 22 18 32 26 36 20 34 37 27 8 20 20 19 18 18 39 15 20 20 36 22 22 12 25 15 18 
21 24 17 29 21 28 32 9 16 10 25 26 24 32 23 20 24 27 15 18 30 37 20 30 28 18 26 18 36 26 13 16 23 27 24 31 20 23 23 23 
19 34 9 29 22 40 32 25 17 20 13 21 26 20 22 14 28 27 19 22 20 18 21 17 25 28 23 21 31 19 21 27 24 13 35 12 13 21 22 38 
29 21 27 25 23 42 15 14 17 20 22 18 14 24 18 25 16 34 28 21 13 34 18 20 25 19 18 27 33 29 16 23 29 24 15 25 9 26 31 46 
16 23 31 21 21 12 23 22 15 19 19 14 26 18 37 14 27 32 16 14 23 26 21 27 23 18 24 8 17 21 12 21 30 24 22 26 14 26 31 22 
22 26 25 31 16 22 19 14 27 29 26 11 23 24 23 14 16 20 32 16 19 35 32 18 31 23 22 24 14 27 10 41 32 23 35 18 20 16 34 44 
24 24 36 27 30 12 25 17 20 26 31 21 31 19 37 25 9 23 28 25 34 37 21 27 36 22 15 24 30 27 14 24 32 28 26 9 18 17 39 33 
21 33 5 16 31 24 22 27 26 35 18 21 27 11 26 19 13 16 35 24 35 41 13 19 27 8 17 27 23 17 12 23 28 35 32 31 21 29 27 35 
28 27 42 17 24 36 38 19 11 15 19 14 23 20 22 35 15 18 25 20 26 37 16 19 22 19 14 23 43 27 8 20 19 43 24 22 10 36 17 22 
20 36 58 27 30 39 20 21 26 21 23 21 27 27 28 16 27 44 20 17 20 25 26 21 26 17 24 25 33 19 12 34 24 19 28 18 13 22 24 29 
15 32 34 36 25 31 31 22 15 20 24 14 31 25 24 27 21 22 17 1 24 25 25 15 28 27 21 22 34 23 21 20 26 25 35 27 9 12 24 31 
10 34 37 22 18 20 27 15 21 23 30 14 25 17 28 5 22 21 23 15 41 15 24 18 17 18 17 28 30 28 14 13 21 30 20 21 21 14 25 36 
22 25 50 31 30 33 29 21 8 16 18 11 13 30 21 20 26 25 34 23 34 28 16 24 21 22 27 21 25 31 9 12 22 21 27 20 10 27 31 51 
16 40 20 16 29 30 33 12 15 27 30 17 26 24 25 23 28 14 22 18 10 7 21 25 18 20 11 18 21 28 19 14 33 16 22 28 16 32 22 39 
23 30 49 28 20 42 27 20 19 23 13 17 13 15 39 31 29 18 18 31 36 27 16 27 17 23 14 10 39 18 12 21 30 42 24 13 15 15 31 29 
36 28 35 29 21 20 31 19 23 25 30 20 26 20 40 24 27 29 7 23 22 11 23 30 22 29 17 15 29 41 20 27 28 27 24 23 13 25 27 21 
21 26 27 27 15 35 15 13 12 25 24 16 30 16 33 21 18 32 34 20 25 49 20 26 16 19 18 23 36 34 12 21 18 27 19 15 18 20 23 35 
31 21 26 22 13 35 31 23 22 14 18 11 24 22 20 24 11 22 47 21 13 25 35 23 20 21 19 21 42 29 19 26 21 43 21 21 9 18 28 27 
29 26 33 20 24 28 26 21 12 19 25 21 26 27 18 29 13 19 33 23 27 25 17 23 31 19 15 25 25 32 5 24 28 26 30 20 14 29 27 34 
24 21 38 25 19 29 33 20 18 34 32 26 18 13 23 15 17 18 32 13 28 35 10 17 23 36 19 30 24 23 18 23 20 26 31 19 11 18 36 31 
29 22 35 15 21 32 28 13 14 17 20 14 23 24 37 23 14 17 33 19 26 26 18 20 22 19 19 23 15 35 9 20 28 28 24 24 17 34 26 32 
19 25 27 33 24 51 33 19 13 18 23 26 26 32 27 20 26 19 26 23 26 15 22 25 12 28 12 19 22 30 15 19 28 30 27 29 12 26 14 21 
22 40 13 27 25 21 17 21 22 14 20 16 15 27 24 25 25 29 36 21 31 30 19 19 28 17 12 31 32 32 13 27 10 33 22 35 18 20 16 20 
25 37 32 19 28 39 27 18 10 10 36 22 18 21 23 10 25 29 36 19 26 15 21 20 30 23 12 11 34 35 13 25 33 37 26 14 13 30 34 48 
20 37 33 37 22 25 30 23 19 30 24 22 31 24 34 21 25 13 38 17 13 22 8 21 33 18 22 23 35 32 15 26 16 38 22 31 17 27 21 27 
29 32 31 28 19 17 24 20 33 24 28 16 25 25 26 29 26 24 30 14 21 38 21 20 27 22 17 24 35 15 14 30 22 31 30 21 7 28 18 45 
19 24 27 18 34 30 38 22 9 27 29 25 28 19 47 18 27 20 44 8 12 21 20 25 33 28 20 25 24 29 12 26 20 28 32 19 15 28 36 31 
20 24 36 10 13 27 10 17 27 16 12 16 18 23 23 16 27 34 21 13 23 38 17 18 24 14 13 15 19 18 15 23 20 28 21 36 9 29 24 20 
20 22 44 27 19 33 39 11 19 22 20 12 28 33 39 16 29 25 24 15 24 17 28 21 26 19 11 21 24 16 13 23 25 26 28 32 18 43 32 23 
27 33 25 34 16 36 22 28 21 28 22 16 37 16 21 13 26 23 25 23 23 26 17 3 25 24 18 41 28 34 9 30 23 20 12 20 18 23 26 41 
15 20 29 37 29 36 25 18 15 15 37 10 20 23 31 21 23 29 24 27 22 37 24 27 22 18 14 23 34 21 15 16 21 29 8 20 18 34 24 27 
21 45 42 15 25 40 41 13 13 9 25 17 19 24 28 21 32 24 34 16 14 37 25 17 27 27 17 15 17 33 12 24 16 19 19 33 18 18 27 22 
16 32 30 24 20 34 19 21 13 24 23 22 32 13 24 10 19 36 32 20 33 20 27 7 20 16 13 26 33 21 7 26 26 38 13 31 18 27 25 23 
17 39 44 26 26 24 30 31 23 22 21 20 13 25 41 24 30 19 29 22 27 25 32 29 21 16 15 20 26 34 15 23 26 26 17 31 13 22 32 36 
20 20 30 21 26 22 41 16 15 11 27 21 24 26 35 25 21 30 30 11 18 28 23 20 28 18 21 19 41 19 16 23 23 18 18 23 13 12 28 38 
29 20 25 19 14 44 11 15 13 20 17 26 34 22 18 2 21 26 20 19 17 19 22 25 26 23 14 25 48 24 21 25 18 22 14 21 22 29 11 34 
17 18 43 18 20 40 27 21 17 14 19 20 24 29 36 11 22 25 36 21 18 27 32 23 31 13 14 24 24 14 12 17 25 20 20 30 17 27 29 34 
20 12 30 7 26 28 17 23 23 14 41 32 19 33 29 21 23 25 43 14 4 26 20 20 23 16 26 41 28 29 14 24 22 13 15 34 17 24 19 42 
21 25 37 28 20 27 28 20 17 28 18 19 25 21 24 22 16 28 30 20 23 28 17 17 17 21 10 30 19 25 11 27 27 25 29 30 11 25 17 17 
24 41 22 25 14 32 23 21 20 14 28 32 31 9 34 22 25 21 32 14 40 20 13 13 32 22 22 27 28 26 13 16 14 25 28 19 9 22 19 22 
29 25 38 29 31 28 36 14 16 25 29 22 21 16 26 21 26 22 28 21 28 20 22 24 35 23 12 24 24 13 13 27 20 18 16 29 15 32 24 28 
23 36 37 18 16 28 46 18 18 31 21 17 13 30 36 18 26 8 23 14 36 29 17 26 31 22 11 29 8 41 18 19 20 35 31 4 14 20 25 24 
27 28 29 27 19 42 32 13 17 23 28 11 26 19 33 17 28 24 21 27 10 28 23 17 17 23 18 17 31 43 20 35 27 40 25 22 12 19 30 23 
34 24 30 36 13 24 23 19 10 25 18 16 28 23 24 16 20 20 31 12 26 15 21 23 31 17 23 13 18 17 16 25 33 10 23 30 22 21 20 38 
20 23 25 24 16 23 26 26 20 8 21 25 18 27 32 22 26 20 41 27 13 23 11 18 28 31 12 25 29 31 22 17 21 23 27 32 12 22 27 23 
26 12 35 29 36 24 30 26 8 18 13 19 24 20 16 26 36 32 32 23 31 27 28 19 24 11 9 11 43 45 17 14 29 29 30 15 20 20 16 29 
25 29 32 37 31 35 37 17 25 25 2 12 30 22 13 16 24 26 33 25 35 29 23 16 35 25 21 36 24 25 21 24 18 39 21 31 12 19 30 25 
15 37 17 20 20 38 33 17 19 25 22 24 23 23 32 27 27 14 20 23 30 19 30 34 27 20 21 23 29 27 19 30 27 37 26 29 24 25 35 34 
23 18 24 33 32 34 32 10 9 5 20 26 27 13 42 20 27 30 21 12 24 35 22 23 11 22 25 29 41 29 15 25 33 27 22 27 19 19 21 34 
28 27 44 13 7 25 23 14 16 21 22 14 25 25 24 27 29 28 41 21 25 15 30 17 41 23 9 25 34 30 12 25 10 35 33 4 21 24 17 14 
31 38 40 18 39 21 36 7 10 19 27 17 26 22 40 25 22 31 29 26 14 15 25 27 24 25 26 23 45 24 19 28 16 19 29 23 8 19 25 34 
10 21 39 20 17 27 30 26 19 20 9 12 24 23 18 24 16 21 17 22 28 25 26 18 6 26 21 21 13 18 9 19 19 14 20 17 14 23 28 33 
13 7 6 33 14 37 23 19 18 12 18 12 32 26 26 14 34 20 30 16 25 21 12 20 29 20 13 21 22 21 17 47 25 25 30 16 24 29 19 32 
19 20 29 41 24 36 24 20 13 21 16 15 40 24 27 24 24 26 17 18 15 17 29 18 25 27 17 30 31 29 11 23 24 24 22 22 14 27 22 43 
25 44 13 26 19 43 27 10 29 26 30 18 24 25 41 21 26 19 24 22 22 22 21 21 33 22 24 20 12 25 16 25 38 22 31 32 14 19 29 22 
22 31 32 20 19 28 30 11 21 14 25 15 18 24 29 24 28 22 35 25 20 33 24 26 34 22 10 24 32 25 18 25 18 13 28 27 17 21 27 13 
32 28 20 19 18 33 31 24 12 21 26 17 17 9 28 16 19 23 21 12 11 20 13 23 27 23 22 32 28 28 19 36 18 17 24 31 10 27 27 31 
21 22 32 22 27 31 36 12 12 22 22 13 18 34 40 27 24 28 21 21 27 19 16 8 31 23 8 26 23 30 3 31 24 25 26 34 13 28 30 20 
21 20 29 31 22 14 21 17 28 17 28 18 32 20 28 24 18 29 19 15 30 35 9 29 34 21 18 32 19 26 13 29 16 30 26 25 11 31 26 24 
12 34 30 19 13 29 26 22 12 3 34 16 30 21 17 36 20 20 21 12 16 33 28 8 23 18 19 35 23 25 13 25 28 24 37 32 9 38 23 28 
25 45 39 29 17 26 29 12 15 23 24 25 28 31 30 28 24 27 25 27 24 42 24 24 28 7 13 17 41 34 17 28 20 19 17 18 13 14 20 32 
21 32 24 35 27 35 22 17 21 24 23 18 34 25 30 17 23 22 35 22 28 26 26 25 30 20 18 18 34 25 11 31 15 22 32 20 16 15 22 36 
34 19 39 21 21 40 39 28 18 21 24 17 16 18 27 17 33 34 7 16 27 38 27 13 27 21 19 25 28 15 13 21 30 30 18 14 19 21 24 31 
19 29 24 28 21 28 21 14 13 24 24 20 25 23 25 16 21 19 22 15 23 20 30 17 19 28 9 12 25 30 16 17 28 33 30 22 18 28 26 32 
22 44 25 18 20 38 7 20 18 17 30 21 13 20 23 22 28 30 24 26 28 20 19 19 31 16 23 40 32 28 13 22 21 28 14 35 15 25 30 14 
21 28 2 18 13 26 39 14 18 33 14 19 26 23 36 26 21 31 32 22 19 33 21 20 37 20 22 24 29 26 20 29 13 41 20 30 8 26 16 10 
17 31 19 20 23 36 30 20 17 19 10 14 30 26 38 10 24 15 25 20 26 21 16 18 29 20 22 19 28 20 13 22 28 36 25 22 18 36 20 33 
26 39 17 31 20 37 28 15 19 21 16 13 40 21 38 25 17 19 36 9 18 36 19 23 38 28 9 28 44 23 19 20 25 21 12 30 14 39 26 29 
26 25 30 14 11 16 26 14 16 22 15 28 21 16 28 13 23 26 34 31 28 20 22 22 41 9 17 21 34 9 20 30 16 22 22 36 13 9 37 16 
19 23 33 29 26 18 19 19 17 20 26 19 20 24 18 15 22 14 28 19 12 24 24 25 35 27 21 8 16 25 17 36 15 44 32 20 9 17 28 25 
23 26 22 17 20 21 19 6 23 19 24 16 34 21 32 21 26 32 19 27 19 38 32 22 20 17 17 28 38 24 17 21 20 22 24 18 14 20 27 35 
15 18 7 19 32 37 28 22 10 13 25 26 26 19 29 32 30 13 43 25 24 28 22 13 32 13 18 28 25 25 11 18 19 24 23 19 16 21 24 29 
18 26 31 23 23 15 33 18 22 21 21 15 18 25 33 35 25 20 34 20 22 32 19 21 23 27 19 25 43 25 16 24 18 29 34 23 4 23 27 35 
14 31 2 18 31 23 25 11 17 23 24 15 25 24 37 16 33 17 33 12 33 22 20 20 21 25 21 29 25 26 21 31 19 31 23 24 17 29 35 30 
17 34 33 32 25 28 16 15 21 22 28 17 28 16 30 16 28 18 19 25 17 32 31 20 21 18 16 34 25 25 14 9 24 19 18 21 20 26 44 26 
21 20 25 30 29 29 24 9 17 32 38 8 27 20 28 24 22 34 30 16 27 12 21 21 21 14 26 20 39 23 18 21 23 35 18 31 10 29 21 28 
27 28 25 36 20 34 20 11 20 29 24 23 16 26 19 17 17 20 13 28 35 27 28 12 25 17 6 23 29 27 16 24 20 27 17 31 12 18 17 38 
25 27 31 21 27 29 25 15 16 24 29 11 21 34 28 28 28 26 18 20 21 23 22 19 26 25 19 19 31 14 6 21 19 25 33 21 10 27 23 9 
20 35 20 24 30 31 25 13 16 35 17 23 34 20 31 15 23 30 30 22 29 19 27 27 17 25 26 11 18 37 7 14 16 26 17 33 10 18 34 30 
12 22 18 33 30 32 21 19 17 11 29 17 20 19 23 19 17 29 28 21 34 10 19 28 17 26 9 37 27 17 11 16 20 24 17 22 14 28 30 41 
31 33 29 34 37 29 29 15 10 21 23 22 29 22 25 15 20 34 26 23 21 35 28 21 20 8 25 23 30 26 13 31 23 35 20 28 14 18 21 23 
24 27 38 13 27 38 29 20 15 12 19 23 20 22 30 13 26 13 23 25 21 21 26 18 42 12 18 31 38 17 13 22 30 23 25 32 17 16 15 38 
27 17 30 20 18 32 32 14 17 18 26 18 32 34 27 20 26 26 20 21 19 34 18 28 24 18 15 20 31 29 14 14 13 20 20 34 14 27 36 31 
20 23 33 20 35 20 16 22 14 12 24 5 17 20 22 30 19 15 35 19 21 5 21 26 18 21 14 29 26 18 11 25 17 34 27 28 16 19 24 32 
27 30 20 33 17 29 34 19 18 31 33 9 23 29 22 23 26 27 46 23 13 31 18 16 31 15 17 30 24 16 15 15 22 24 12 16 10 28 19 35 
30 33 24 3 15 12 32 11 21 11 20 17 22 24 40 33 29 13 21 16 13 36 21 26 9 20 21 27 17 33 18 30 41 27 19 23 15 36 26 21 
19 33 20 18 19 26 33 21 16 31 27 19 10 25 37 24 17 12 20 22 12 27 21 28 25 26 21 24 18 20 14 20 26 26 24 31 19 20 25 31 
21 32 21 17 27 31 21 22 24 24 19 23 24 13 34 15 18 5 31 21 23 16 26 19 29 30 18 27 29 20 14 21 18 26 23 26 18 27 20 24 
17 29 36 23 18 23 35 20 22 22 30 14 16 17 24 17 19 30 27 18 25 35 23 19 36 24 2 11 46 32 12 28 17 36 23 28 16 24 25 35 
21 24 35 24 14 30 33 22 16 14 17 24 17 22 20 34 21 21 23 22 17 28 26 14 20 23 16 33 9 13 23 18 20 25 26 27 17 34 31 27 
17 29 32 17 25 27 20 17 22 23 14 25 17 22 25 17 17 20 38 13 24 25 30 22 41 22 13 16 31 18 14 27 32 29 23 28 9 24 33 35 
25 32 38 28 30 30 24 22 23 13 17 20 28 20 35 22 28 16 22 13 24 45 22 21 34 11 19 14 31 22 13 28 17 38 20 30 12 25 34 13 
24 20 34 19 31 37 33 13 12 25 21 17 29 20 40 25 28 24 21 24 33 41 16 17 25 29 16 32 27 29 9 29 24 40 19 21 15 16 36 31 
32 35 41 33 15 24 30 19 16 19 16 17 21 25 28 26 15 26 32 11 31 29 29 22 28 18 22 25 43 33 17 20 20 17 24 29 11 27 17 24 
25 28 42 17 24 31 26 21 10 17 26 17 20 30 33 18 18 34 33 22 12 34 30 25 29 22 11 27 46 19 20 24 18 19 25 8 17 33 24 32 
25 31 42 23 22 39 50 18 23 20 25 19 33 22 41 17 31 22 29 12 26 18 16 23 19 29 20 18 18 25 14 25 19 32 31 18 20 26 28 20 
26 32 25 19 23 29 26 23 25 23 26 20 33 23 36 20 13 26 34 18 23 28 19 16 26 20 17 13 25 24 17 27 20 30 24 21 20 34 36 25 
27 25 23 26 33 29 29 12 14 10 27 17 25 22 32 21 27 13 27 11 19 10 29 30 39 18 18 31 28 30 12 25 21 31 17 13 21 30 31 24 
26 30 23 15 32 28 21 14 20 24 25 23 23 25 29 24 30 22 18 24 20 18 15 20 29 27 29 26 24 18 14 25 15 25 21 22 8 26 35 44 
12 28 36 33 30 28 31 12 13 24 19 8 18 37 29 23 25 28 38 16 4 32 29 22 30 20 25 20 41 29 15 34 24 27 30 23 15 40 31 26 
23 33 33 36 23 32 28 22 17 14 17 20 18 24 27 15 18 28 41 22 23 28 20 28 28 17 22 32 18 20 14 35 28 22 17 22 14 27 7 22 
37 33 28 21 29 17 23 17 17 18 26 21 13 21 20 19 19 30 40 15 24 24 16 17 38 25 11 33 20 28 12 23 23 35 22 43 11 26 20 25 
23 40 41 19 24 29 32 11 25 22 33 23 32 20 16 23 28 24 22 19 29 29 15 18 20 29 15 32 17 20 17 29 16 11 22 14 15 26 26 21 
18 32 34 32 15 33 33 20 9 14 17 17 30 19 38 15 26 14 18 31 29 39 33 26 16 27 14 40 31 34 16 18 14 22 27 19 14 28 28 18 
19 32 24 33 20 40 26 10 17 27 27 19 24 27 32 18 23 33 20 21 21 21 34 19 16 24 18 28 27 38 12 12 24 29 25 15 23 34 21 36 
20 38 30 20 16 30 24 23 13 17 27 11 38 11 38 14 29 19 24 22 30 15 23 18 35 29 16 16 28 39 16 20 23 25 21 35 17 14 23 21 
15 25 39 21 10 33 27 19 13 8 34 17 18 26 26 24 18 20 24 16 26 29 16 20 10 24 11 19 27 21 10 35 29 26 34 22 17 27 20 36 
17 41 31 21 26 43 23 20 13 16 32 23 13 23 30 16 21 26 33 17 24 20 25 21 28 27 17 25 25 31 19 25 18 21 31 20 13 20 17 18 
23 38 24 36 19 36 25 21 20 18 30 24 11 23 35 20 13 23 37 6 25 20 18 21 16 30 23 15 14 28 18 32 14 33 15 23 14 19 31 33 
30 28 27 32 29 33 28 13 13 19 17 14 34 23 23 16 26 25 33 19 25 26 19 21 25 32 26 24 26 22 12 35 26 34 23 15 21 11 20 25 
17 24 38 20 26 32 21 21 27 25 13 17 26 24 20 23 40 23 19 23 29 45 12 24 19 22 23 22 20 30 8 30 24 35 27 11 13 22 22 27 
23 32 30 26 16 24 23 20 18 24 16 14 27 13 28 15 24 20 24 19 34 32 23 12 27 25 23 30 28 23 8 34 18 22 36 25 19 20 23 45 
30 39 17 32 36 18 37 11 8 18 17 27 21 18 25 16 23 32 21 15 18 21 13 26 29 26 18 34 42 24 15 24 33 24 29 14 15 27 31 24 
20 40 25 12 18 28 29 14 10 19 30 15 22 27 29 36 23 25 35 20 22 40 19 20 36 22 18 26 20 30 20 22 30 35 23 32 11 15 12 24 
29 36 23 18 22 32 21 10 13 27 19 18 13 25 38 21 28 4 30 17 29 29 29 25 18 22 16 30 25 25 11 26 24 25 20 39 13 19 29 52 
20 31 42 30 29 27 21 17 26 17 18 13 17 24 40 22 23 22 18 19 25 31 16 26 19 26 20 26 30 32 10 25 23 16 21 24 14 24 22 40 
17 31 21 29 21 39 30 23 26 11 21 7 27 16 31 25 24 26 27 24 28 43 24 13 29 19 12 35 35 29 20 21 19 23 27 23 15 31 27 35 
12 34 18 25 22 42 32 25 10 25 26 18 30 25 34 7 31 32 21 10 14 22 29 19 31 29 21 28 37 23 16 21 20 17 22 23 20 22 23 20 
18 47 22 30 32 36 28 21 15 12 22 14 22 20 20 15 14 19 22 29 20 24 24 11 24 25 15 14 42 36 13 26 25 19 19 23 18 21 25 32 
24 46 33 26 23 15 20 14 16 16 25 24 37 27 27 16 39 23 37 19 23 27 30 14 28 20 19 36 31 35 14 19 28 30 22 26 15 18 20 37 
23 32 27 19 17 25 23 21 19 28 13 20 32 27 37 28 31 15 32 21 24 34 39 19 33 25 18 20 34 27 17 11 22 31 24 26 12 23 23 39 
26 34 38 36 16 23 16 22 12 14 36 17 22 14 36 20 31 13 35 35 28 38 24 19 23 31 18 25 20 27 12 31 25 35 29 23 11 27 24 25 
33 37 37 33 24 6 26 13 18 25 25 18 30 26 44 20 21 27 22 24 28 36 27 13 36 27 15 23 23 25 21 24 23 30 14 30 14 30 43 20 
36 20 24 17 28 36 27 17 14 11 20 21 22 21 16 17 15 25 34 21 2 37 24 28 23 26 18 34 26 29 21 21 24 22 25 29 22 17 28 49 
26 27 34 21 17 17 32 19 22 29 22 24 11 31 24 22 17 30 37 17 36 29 28 20 39 26 15 30 35 20 17 17 20 24 39 28 10 32 24 10 
22 27 35 29 23 34 44 23 13 28 20 8 26 37 26 16 27 27 34 22 27 15 16 11 26 23 16 32 33 24 18 25 15 17 21 13 23 25 33 22 
18 25 44 14 20 32 19 18 16 32 25 15 22 24 28 11 15 21 25 14 25 35 12 17 36 18 12 23 29 39 13 23 21 38 18 8 15 26 32 28 
29 14 25 38 26 33 30 23 21 14 22 24 32 22 27 15 23 27 23 15 17 6 23 15 17 13 17 34 32 31 21 11 14 24 36 37 16 27 31 48 
21 27 29 32 27 36 15 13 17 15 30 21 36 17 48 23 21 27 29 22 18 23 35 25 28 27 13 23 27 15 10 17 25 20 14 22 11 29 34 16 
29 34 29 26 31 46 22 20 21 17 20 21 14 28 38 22 21 22 36 21 34 23 23 22 30 20 17 17 36 13 12 30 21 19 17 23 15 26 21 27 
24 10 41 26 26 39 40 4 15 16 21 12 11 23 40 18 29 33 34 26 25 40 24 13 26 28 16 32 32 28 12 18 23 19 30 18 15 14 30 18 
27 31 44 15 27 37 25 11 22 21 22 16 22 19 15 27 26 12 32 19 13 36 6 16 30 31 10 25 29 27 10 16 20 10 15 22 10 26 28 34 
17 26 43 26 19 25 38 20 27 20 29 18 14 22 31 35 26 26 34 23 34 31 26 20 27 25 21 27 43 29 10 10 22 30 21 38 14 28 33 35 
14 18 30 23 21 19 31 15 16 38 18 19 26 20 33 16 19 18 33 22 9 25 34 21 33 15 16 24 26 8 14 20 21 26 22 20 18 34 24 14 
30 45 22 26 14 28 14 19 18 11 18 20 22 23 44 28 20 27 36 25 23 38 22 13 21 24 14 20 24 22 10 36 14 25 25 22 21 18 31 30 
27 32 26 27 16 20 17 23 20 22 33 16 25 27 33 11 24 19 34 23 23 26 27 16 33 24 21 11 35 29 14 30 27 36 22 25 20 33 12 32 
22 23 35 35 29 35 28 21 23 20 27 16 30 11 14 8 28 23 14 22 26 27 20 24 21 20 14 30 26 12 17 11 25 33 28 18 17 29 15 27 
20 34 27 31 25 29 27 21 14 17 22 17 23 29 35 16 23 28 24 20 23 28 38 20 27 22 13 19 24 25 8 24 14 29 20 20 18 18 7 23 
25 21 27 27 35 38 15 3 16 16 25 19 26 17 22 9 26 15 21 15 31 33 28 20 22 23 10 14 19 25 17 40 17 20 26 33 9 28 30 25 
20 27 28 30 32 35 21 13 19 26 24 20 26 20 27 20 26 22 36 19 30 24 30 27 29 25 22 26 30 37 19 15 30 26 28 28 9 30 16 33 
21 49 33 10 31 15 22 15 20 14 37 9 29 26 30 29 31 20 40 21 32 30 27 19 30 25 15 15 23 23 18 23 18 28 31 17 12 21 29 36 
19 27 27 16 21 55 15 23 21 30 35 16 13 21 29 23 23 13 43 15 29 36 22 16 23 27 23 22 27 26 15 27 22 26 27 36 16 27 17 38 
29 30 20 21 12 38 32 16 13 18 16 11 32 30 33 25 20 15 35 16 23 28 27 14 27 23 19 35 17 22 11 27 27 34 28 22 18 23 30 15 
21 35 19 20 25 38 26 19 13 24 20 29 18 18 37 19 26 23 31 19 10 29 18 12 23 24 8 12 24 31 17 18 21 20 25 28 9 20 17 42 
30 20 26 27 26 20 20 21 16 22 16 22 21 20 29 28 19 33 29 20 20 25 16 16 27 23 23 20 22 29 7 39 33 34 27 37 18 27 23 24 
19 31 20 23 22 27 28 29 15 22 29 22 23 24 22 28 16 12 27 26 3 39 23 13 20 21 23 12 24 27 12 38 31 23 30 32 16 28 26 27 
23 28 31 17 18 19 36 16 14 24 15 23 37 10 25 32 25 14 27 20 24 27 31 24 42 18 22 31 21 25 17 31 17 30 21 22 14 37 32 22 
23 16 39 22 31 36 26 14 18 12 18 10 30 20 14 11 19 31 31 30 27 28 32 23 31 21 14 23 27 28 16 22 28 22 17 9 21 25 31 26 
23 30 34 39 25 27 9 16 18 12 15 18 32 34 26 19 17 13 14 22 18 22 25 14 33 14 20 30 26 27 8 28 22 19 13 28 9 21 32 30 
21 21 31 23 24 26 22 19 7 19 26 14 39 24 18 21 19 27 47 20 23 23 31 29 22 23 20 25 30 23 15 31 21 23 27 27 20 16 15 17 
18 28 52 26 15 20 52 10 16 20 16 23 18 12 19 18 19 26 25 19 43 26 17 18 31 30 16 14 33 34 17 35 20 31 33 25 16 30 31 28 
29 29 26 14 30 29 29 16 14 13 26 19 11 28 27 32 25 33 30 14 26 27 19 18 31 20 14 31 28 12 11 22 24 34 23 22 18 22 23 40 
29 41 26 20 18 37 46 17 27 30 25 20 26 5 40 18 32 30 28 15 24 29 27 19 39 19 31 31 33 32 13 34 24 16 31 29 25 24 22 26 
19 22 32 32 31 27 39 24 20 21 24 11 29 9 39 27 29 27 40 22 20 29 20 19 32 20 12 28 38 33 17 32 19 38 22 33 14 26 25 29 
21 17 23 19 30 29 21 10 25 29 25 17 21 26 38 23 13 30 33 16 31 30 25 23 14 24 15 27 37 26 16 23 21 21 24 22 19 20 20 28 
27 40 20 24 20 28 7 20 22 10 20 13 34 26 27 8 17 27 21 17 24 32 27 31 29 21 19 29 30 21 24 25 24 25 33 22 16 26 34 31 
17 33 52 17 23 19 21 17 14 12 18 3 27 34 39 21 19 15 23 15 38 33 22 29 28 21 17 29 19 19 9 22 30 24 22 14 15 18 25 13 
15 32 20 28 38 24 15 12 16 16 23 15 36 30 29 7 17 32 16 18 31 26 15 15 25 26 15 32 35 29 18 19 21 21 23 24 12 24 24 35 
21 13 23 28 19 23 22 14 24 16 31 21 30 19 25 20 24 27 30 26 36 36 18 26 25 21 14 21 31 24 12 31 24 35 32 19 14 17 26 17 
21 33 34 17 27 32 23 8 18 19 23 15 28 16 18 17 30 31 36 14 20 33 27 24 21 33 9 13 31 20 16 31 21 20 22 24 19 30 22 22 
23 26 36 31 16 9 34 25 18 13 30 8 28 24 42 27 16 44 26 17 12 21 19 22 26 11 16 28 37 26 15 22 16 19 12 21 16 21 32 18 
29 28 24 27 25 41 35 16 17 25 19 19 21 27 39 14 20 26 24 20 15 44 25 26 27 25 4 21 28 23 15 26 18 37 28 33 15 31 34 42 
20 37 40 17 24 31 22 13 25 20 25 17 18 21 12 29 25 14 33 19 9 23 35 19 24 29 11 10 31 20 10 29 20 21 20 15 11 20 12 18 
23 40 23 23 16 38 30 7 22 16 31 15 23 25 29 15 13 29 35 24 24 27 8 22 33 26 20 18 31 15 15 32 18 17 22 31 18 24 21 19 
22 24 48 22 40 42 23 14 19 17 25 19 21 23 16 19 21 20 21 9 14 44 10 21 25 16 15 20 30 31 13 26 28 17 25 20 13 24 35 29 
22 28 28 11 20 28 28 17 21 25 25 13 30 19 35 13 29 25 51 18 18 34 23 22 22 8 17 14 22 24 13 37 24 22 26 23 15 25 23 30 
18 16 26 25 27 21 23 21 10 10 28 14 24 24 39 17 12 21 26 22 14 20 18 12 23 19 9 25 24 24 11 27 30 25 20 24 12 26 39 30 
12 26 43 33 11 30 36 20 15 17 22 29 25 18 15 20 24 12 31 15 18 20 30 22 22 19 16 23 29 26 14 26 21 18 27 16 14 17 27 25 
19 16 35 18 24 30 31 23 15 24 27 20 25 6 33 44 31 26 30 25 23 34 12 10 27 30 20 30 42 32 23 29 25 25 16 37 20 24 17 17 
33 21 27 24 12 31 21 23 19 23 24 11 26 14 35 16 33 33 38 19 22 34 24 25 7 23 24 25 26 29 11 20 25 20 18 23 9 35 32 20 
21 10 23 23 33 23 29 13 20 23 18 13 19 18 30 22 31 25 30 24 42 34 24 17 25 25 26 24 12 29 19 18 29 30 14 29 9 24 22 22 
20 33 22 18 24 36 20 16 20 15 17 18 34 24 31 20 22 21 25 14 17 17 17 22 13 21 26 32 19 38 21 26 18 33 22 24 21 39 28 43 
15 19 37 25 20 18 29 28 21 14 25 13 12 21 30 29 18 24 19 19 15 40 34 19 17 16 16 24 17 25 15 26 16 23 17 25 12 23 21 20 
24 27 40 22 23 33 32 9 20 6 22 25 14 23 22 14 21 28 28 6 23 19 24 24 36 24 24 33 28 36 14 32 16 23 21 29 20 28 21 33 
28 17 31 29 20 37 20 15 16 13 18 24 35 20 22 19 16 21 27 22 19 31 22 18 24 12 12 15 29 25 15 36 31 32 14 19 11 16 33 50 
29 27 37 26 27 46 21 24 23 17 20 18 25 30 29 16 18 25 40 22 32 32 18 32 34 10 9 25 34 30 12 20 18 31 20 29 15 15 17 36 
14 28 28 20 18 28 29 17 15 20 5 18 39 33 44 26 26 13 41 22 23 22 22 25 17 26 15 21 22 41 14 33 22 22 18 21 13 32 36 27 
29 21 38 27 25 22 31 29 32 18 23 13 19 17 23 21 16 15 35 30 18 40 21 26 28 10 19 32 31 29 28 12 19 16 20 16 10 20 26 21 
32 29 23 30 6 39 23 21 13 4 19 16 22 24 28 22 12 25 36 23 28 29 20 18 30 22 19 29 36 30 14 27 24 26 16 28 15 17 24 38 
17 37 26 20 13 36 35 14 17 33 24 13 27 22 23 18 28 39 23 20 17 24 18 20 31 20 18 21 21 33 13 32 21 17 26 33 20 16 19 33 
23 26 33 24 13 30 33 12 10 21 18 21 23 20 24 14 27 16 47 20 26 28 21 25 25 17 15 31 27 35 19 32 32 20 30 20 17 28 27 30 
25 39 15 31 23 34 29 16 12 31 15 17 26 28 14 16 25 19 29 23 16 30 26 10 27 22 9 6 40 23 19 37 24 31 16 29 17 29 18 29 
20 34 37 17 22 24 29 18 23 30 15 16 19 22 46 18 30 31 41 13 23 34 18 8 16 31 14 8 35 33 11 18 15 19 27 42 18 14 19 15 
22 28 23 17 16 23 15 9 16 12 9 15 31 19 27 10 24 29 37 20 24 14 30 27 29 35 7 29 24 23 15 17 19 21 18 24 19 14 20 9 
24 20 19 31 25 32 34 22 17 10 20 16 23 26 32 19 27 23 19 20 21 25 34 14 17 33 12 19 23 22 17 30 27 13 25 31 21 19 31 26 
29 31 34 27 15 34 38 21 17 19 24 16 14 20 23 21 16 30 16 19 25 27 19 21 22 29 18 20 24 31 16 29 25 18 24 27 11 26 31 40 
24 30 36 29 34 27 31 20 20 21 29 13 18 22 15 16 20 19 44 22 25 37 23 29 23 18 21 34 24 24 16 20 27 19 26 31 20 37 20 26 
24 29 38 31 20 43 26 13 22 21 27 15 33 27 26 19 23 19 20 22 29 29 18 18 28 24 9 19 18 18 19 28 26 26 22 14 14 21 26 31 
37 33 27 33 27 29 29 22 15 14 21 18 17 29 39 15 17 29 29 19 10 18 21 13 15 33 8 22 14 17 17 31 24 43 18 20 20 33 21 33 
22 29 18 28 16 33 42 25 16 30 9 22 15 28 27 19 7 19 27 9 20 29 24 23 34 29 19 26 29 29 12 25 27 24 20 33 16 24 26 45 
10 27 26 29 18 26 19 18 15 14 15 19 29 15 20 26 30 48 34 24 12 32 15 15 24 32 21 16 13 26 16 18 23 12 16 20 8 28 26 27 
16 26 34 27 23 20 15 20 21 11 17 17 34 10 30 32 15 15 36 16 31 27 14 26 24 32 24 19 42 28 21 22 26 31 32 32 17 26 25 9 
22 29 38 19 24 26 25 19 13 26 23 11 28 24 25 24 22 20 40 22 27 27 15 17 22 25 16 22 21 24 20 24 25 18 13 24 21 18 27 27 
17 24 35 18 9 36 29 19 16 29 24 24 8 21 39 22 26 38 33 16 26 29 17 26 29 27 20 21 18 13 14 30 19 30 25 20 13 11 27 28 
26 37 41 21 29 28 21 15 16 20 20 15 33 21 27 12 26 31 36 19 22 30 27 28 31 21 16 27 37 22 19 26 17 18 21 19 13 9 20 27 
10 28 26 21 20 23 22 18 20 26 31 9 25 33 27 24 25 3 27 25 22 27 23 18 31 19 17 33 10 18 15 20 9 27 22 16 15 24 35 47 
16 28 21 18 19 28 32 12 21 27 15 15 28 21 19 21 18 26 28 23 28 19 16 23 26 10 15 21 36 24 21 19 24 26 21 29 12 23 25 38 
27 30 25 30 27 30 35 19 7 27 22 12 31 20 32 21 32 23 38 18 27 35 29 14 26 3 18 21 27 38 18 20 21 28 28 34 14 30 33 39 
24 36 35 21 24 35 27 18 26 32 17 22 18 24 47 27 36 17 30 22 26 37 22 17 18 4 11 28 40 30 13 14 21 23 28 18 13 8 19 37 
34 38 27 34 27 25 26 11 12 18 23 14 39 13 34 17 25 38 29 22 35 22 22 16 26 30 16 18 43 31 23 26 18 14 18 15 5 23 31 25 
27 12 29 6 21 21 28 17 21 12 24 9 20 28 44 21 20 20 21 11 22 44 15 13 17 14 14 37 27 28 18 29 19 12 18 15 17 30 19 23 
34 25 34 50 25 21 33 19 10 24 22 28 14 16 43 19 22 34 27 25 23 27 25 21 33 24 9 23 33 25 19 24 16 19 18 30 18 20 22 26 
17 14 23 28 22 15 37 10 18 21 23 22 25 23 35 23 25 35 23 23 22 28 15 24 29 23 12 23 22 32 19 20 26 20 27 18 11 28 33 32 
30 29 38 26 26 15 18 19 16 23 23 18 33 22 17 33 26 26 32 20 26 22 30 17 28 19 23 19 45 31 14 20 20 27 22 32 10 31 22 32 
34 35 25 16 18 25 40 18 15 22 23 19 20 30 26 27 17 18 26 13 30 28 18 25 30 27 14 43 40 24 18 27 26 32 28 27 17 29 38 35 
26 29 28 12 16 29 15 20 16 21 20 22 10 20 13 17 20 16 40 21 22 32 15 26 24 18 6 13 25 41 10 28 25 16 21 29 13 23 26 35 
25 13 28 27 27 43 27 7 23 17 22 25 45 32 22 23 28 31 27 25 21 26 25 14 27 16 18 25 29 20 12 31 16 24 30 27 17 22 29 43 
20 28 28 20 30 18 34 12 16 19 17 14 34 13 28 29 24 20 50 23 22 19 26 15 34 18 14 27 35 24 26 22 21 22 23 29 21 23 24 28 
31 6 20 26 16 20 37 22 16 31 23 17 19 15 21 29 24 21 20 17 15 23 21 22 22 31 15 23 23 22 13 25 25 21 25 12 14 32 16 37 
26 31 35 24 21 42 27 5 19 17 7 24 24 15 26 32 19 13 39 33 25 34 22 21 27 20 16 18 21 24 13 24 23 21 25 30 10 20 28 34 
31 19 21 9 25 16 28 17 10 23 22 28 17 30 38 21 25 23 33 21 32 21 10 19 30 17 17 17 37 27 13 25 22 22 36 35 20 28 23 28 
11 20 14 25 26 34 20 21 14 18 28 10 12 26 38 12 24 13 16 18 24 27 29 12 20 32 18 28 23 25 18 23 27 18 16 20 19 27 28 28 
15 22 15 28 22 28 31 21 13 23 23 13 23 18 39 27 22 30 27 24 18 32 24 23 29 30 15 26 24 25 10 36 30 25 19 19 20 12 25 42 
28 23 37 11 17 27 21 20 12 19 24 15 17 30 15 19 31 28 47 9 21 46 28 34 27 20 21 28 35 22 12 18 27 23 26 20 20 28 25 30 
19 29 50 35 36 28 35 12 12 19 20 19 21 21 27 16 19 28 26 18 22 53 14 13 34 12 16 26 38 27 16 30 22 24 19 30 8 32 35 54 
22 22 16 21 25 19 35 19 15 11 22 14 34 16 23 15 25 17 9 18 20 40 27 31 36 23 16 21 12 32 18 30 24 17 25 22 5 36 27 35 
32 24 29 30 26 34 27 7 22 23 18 22 22 29 13 22 21 33 40 17 22 16 19 27 21 17 17 27 30 27 18 24 19 31 38 31 20 25 17 22 
25 24 31 23 23 33 24 8 11 19 26 19 16 27 21 23 27 24 32 22 35 40 21 24 31 26 20 16 24 26 16 35 17 18 15 24 10 25 28 44 
23 28 10 31 19 36 37 12 18 21 18 28 21 34 30 17 16 15 25 21 31 42 16 18 5 8 16 20 27 20 14 29 20 32 17 18 15 30 28 27 
26 21 33 40 30 21 26 19 24 23 12 12 20 20 16 18 27 22 21 29 27 29 33 16 21 33 12 15 21 32 19 33 28 32 23 23 17 36 39 26 
20 19 4 15 30 36 22 16 19 18 21 16 27 20 19 12 23 35 13 18 23 25 20 23 26 29 17 27 30 19 12 19 25 23 24 8 25 13 22 6 
16 19 28 29 18 23 26 17 16 15 20 22 27 19 21 14 21 30 16 17 11 33 15 28 32 20 20 13 23 36 19 29 16 25 12 34 13 14 12 21 
22 27 38 31 25 33 17 18 17 18 29 16 21 27 8 8 24 29 29 18 24 24 14 28 40 19 14 39 21 22 17 41 11 26 26 21 15 25 33 14 
28 40 35 38 20 40 38 16 11 20 27 21 29 24 38 20 26 38 26 22 26 32 22 20 17 13 20 6 22 27 7 35 22 21 26 12 13 15 37 21 
18 22 25 12 22 35 11 21 23 6 28 20 21 17 23 18 23 19 41 22 11 40 29 20 27 28 17 41 31 22 10 47 13 28 22 24 17 33 24 26 
27 22 19 27 33 23 29 14 25 17 26 16 30 21 30 26 14 28 34 22 22 29 20 14 30 20 12 14 45 45 16 37 24 18 23 25 12 17 28 17 
21 35 28 26 23 21 25 17 18 19 17 16 31 30 25 33 20 18 19 17 30 29 14 17 29 20 17 20 32 19 12 16 22 15 20 33 13 25 38 29 
29 30 35 24 7 21 32 10 26 26 32 23 23 12 42 27 22 25 19 15 29 41 17 26 24 14 14 27 39 34 19 29 26 20 18 26 15 9 16 7 
22 34 19 19 19 35 27 19 13 14 20 16 19 24 17 13 19 46 27 22 24 22 22 28 25 9 22 15 24 28 19 23 13 30 29 23 13 17 35 24 
37 18 30 20 23 28 36 13 14 21 24 18 31 30 53 29 19 30 21 30 29 34 17 31 24 41 22 25 20 21 16 27 19 28 22 28 8 26 29 44 
21 26 24 15 36 29 33 22 13 12 23 8 32 33 36 17 23 30 30 14 21 33 16 23 22 22 27 22 28 20 20 17 30 23 20 31 10 17 28 38 
28 29 21 16 19 43 18 18 22 24 25 14 34 30 15 31 27 26 33 15 15 17 11 14 14 27 16 11 45 28 12 26 11 20 27 13 23 31 35 26 
14 31 27 37 31 39 42 18 14 14 26 22 22 23 26 21 17 19 32 19 25 37 23 18 29 21 19 13 28 14 16 15 31 21 31 20 24 30 25 36 
24 28 19 25 21 39 29 13 19 19 30 17 23 19 40 22 23 17 22 12 20 27 19 22 34 15 18 27 28 22 17 17 27 34 15 22 14 18 18 44 
23 25 12 28 23 32 31 12 11 27 30 29 25 23 33 19 24 23 20 24 17 39 22 20 28 16 27 29 20 28 2 35 23 34 31 18 12 26 38 47 
18 29 27 18 24 39 23 24 16 30 22 20 27 15 20 23 15 24 27 18 21 39 16 6 9 24 21 26 29 20 17 14 20 34 11 25 13 26 27 32 
29 16 18 27 31 31 23 18 13 4 28 15 12 19 23 21 19 32 35 19 21 19 20 30 16 21 24 26 32 20 17 39 19 37 24 20 9 20 27 22 
23 25 26 23 37 19 31 25 21 18 21 17 37 26 25 24 20 28 34 28 32 22 21 28 30 19 9 23 31 20 12 25 17 27 27 25 11 25 23 36 
21 34 27 34 29 44 38 15 13 16 25 15 20 23 30 20 17 1 21 22 13 20 26 27 36 23 11 21 32 30 5 35 14 28 24 39 11 31 40 23 
29 36 45 20 20 26 35 15 15 8 18 18 29 21 16 29 19 25 31 16 34 32 21 16 20 21 16 22 35 30 14 20 18 27 30 24 16 14 33 45 
29 33 27 36 26 25 30 18 18 30 24 17 32 39 29 29 27 31 26 28 15 31 20 19 42 21 17 24 33 18 13 32 14 34 19 16 10 19 31 27 
24 31 34 31 25 29 30 19 24 13 27 16 25 26 35 25 17 31 35 23 20 36 21 25 35 24 20 24 25 38 15 28 19 30 20 24 10 22 26 36 
26 23 30 22 25 35 17 17 23 31 22 14 14 24 31 20 21 28 36 11 28 32 25 18 32 24 15 13 31 26 11 28 11 26 18 23 11 31 24 27 
19 41 41 19 30 24 30 17 19 29 24 14 30 19 24 19 24 32 25 8 27 22 30 15 24 15 18 36 28 13 18 29 27 29 23 18 11 28 36 22 
11 26 38 27 27 18 36 16 17 31 16 19 31 14 45 20 22 27 20 29 20 34 25 17 26 20 17 24 25 22 11 26 23 32 21 33 21 20 22 41 
19 29 27 20 37 28 22 20 5 22 30 23 18 25 29 22 22 23 31 22 20 26 23 13 39 28 11 17 38 26 15 17 21 26 31 36 6 11 21 31 
24 15 9 25 27 29 36 16 25 14 22 13 38 21 29 29 26 26 37 5 21 43 11 14 25 28 22 37 32 24 16 20 11 28 11 27 18 19 31 9 
24 35 32 24 23 36 19 15 19 21 25 17 29 17 34 22 13 25 39 20 17 35 16 18 33 23 17 33 33 24 21 27 17 27 24 18 21 36 30 46 
29 27 25 9 33 31 24 18 19 23 16 15 27 21 44 9 24 22 24 16 19 23 17 13 20 25 17 18 13 27 15 27 28 32 24 20 10 24 18 26 
19 28 31 28 25 28 28 23 13 20 22 15 18 24 22 20 24 26 35 14 36 11 21 24 32 18 19 18 22 40 16 22 20 8 25 22 19 34 20 34 
35 39 43 21 32 24 16 17 11 19 28 11 25 18 30 21 23 32 29 21 22 33 37 11 19 25 17 36 23 25 20 8 20 17 34 16 19 27 19 9 
25 27 33 24 12 42 36 25 13 23 16 20 20 7 11 25 21 26 34 20 30 23 22 34 26 27 12 31 28 25 13 26 27 29 25 26 15 34 19 26 
25 30 25 19 27 33 34 20 16 6 16 16 20 26 34 25 27 25 28 30 33 12 30 13 26 27 21 22 19 20 13 24 16 35 19 30 12 37 16 37 
18 19 44 18 31 32 36 14 17 19 17 12 34 18 28 22 29 23 28 5 26 15 21 23 26 18 18 29 35 8 13 24 23 29 29 9 11 23 20 32 
28 24 35 28 16 34 27 21 26 14 22 17 38 24 27 20 23 31 25 16 32 29 23 27 32 25 20 28 40 29 12 21 26 30 24 30 15 24 28 34 
24 20 33 21 28 22 46 13 29 12 13 6 27 17 35 24 18 23 27 17 19 26 18 18 35 13 13 24 4 27 15 26 18 23 15 21 23 22 30 35 
26 33 38 31 19 34 24 18 8 19 20 13 30 31 38 26 39 26 33 16 20 40 24 20 33 24 15 23 30 25 10 20 30 28 25 26 17 18 33 26 
31 49 42 30 20 23 28 25 22 20 23 20 32 19 29 13 15 18 25 21 17 24 24 23 42 15 15 10 26 25 9 27 30 29 32 20 14 20 20 40 
22 19 30 21 4 27 19 15 20 28 23 5 26 22 30 18 15 22 37 12 29 38 5 29 22 20 23 24 25 19 15 25 28 28 14 29 4 28 20 22 
24 10 28 11 30 31 30 11 21 13 26 11 32 27 28 36 16 19 30 12 25 32 21 30 32 26 26 15 36 35 18 34 18 27 26 40 8 25 39 22 
23 23 15 27 30 30 34 14 16 19 23 18 29 24 19 16 18 34 34 21 11 27 20 24 30 17 14 14 35 18 20 25 25 27 25 27 20 30 31 48 
24 20 29 15 14 29 39 24 17 20 22 22 35 27 20 29 31 16 30 21 29 37 14 20 25 9 16 29 40 24 15 25 17 17 38 31 13 22 8 29 
16 30 13 23 22 29 22 23 16 21 22 4 19 22 26 30 20 33 13 23 27 22 19 27 33 17 22 30 36 26 20 18 26 41 27 20 13 21 40 41 
25 22 33 20 17 37 13 17 24 9 25 24 41 24 39 4 21 26 28 9 23 31 18 32 27 36 22 9 20 25 18 33 12 25 20 32 23 28 32 15 
21 22 31 17 23 30 38 15 15 21 27 12 33 22 21 21 9 21 27 18 19 21 21 24 31 10 13 32 35 25 16 23 18 38 23 24 8 23 31 17 
18 27 43 21 30 32 26 21 19 20 23 19 13 27 25 33 11 28 21 17 18 24 22 15 24 27 11 16 10 25 20 19 29 31 11 33 11 16 28 30 
18 38 30 26 21 40 28 21 14 13 25 24 11 12 27 20 32 19 38 27 30 18 24 25 13 20 28 21 10 20 10 27 25 23 28 26 17 32 33 41 
30 21 12 37 20 4 34 17 29 14 15 30 16 27 40 23 21 21 25 16 41 35 27 30 31 15 15 18 20 15 15 29 29 26 18 36 9 32 20 21 
22 18 20 21 15 29 31 19 20 29 25 24 28 25 31 20 19 22 30 22 20 30 32 25 25 22 18 19 37 18 7 20 22 27 28 26 10 26 30 33 
17 27 36 35 27 30 26 9 19 16 32 23 15 30 28 25 21 31 28 19 27 31 19 17 24 21 15 31 28 35 5 21 22 29 22 33 18 20 23 19 
28 37 24 36 17 34 26 17 24 25 18 14 31 39 26 13 26 25 23 25 17 32 27 22 31 18 14 23 31 33 15 29 24 29 33 16 20 12 30 36 
25 19 29 19 19 22 24 17 14 17 28 16 26 32 31 28 17 33 38 17 11 26 11 28 27 26 15 32 24 27 15 39 21 26 29 11 13 24 27 35 
27 28 32 19 18 28 35 16 12 20 14 11 39 14 28 17 14 34 32 21 26 26 16 23 25 22 22 23 34 37 9 25 23 35 17 15 9 35 29 42 
17 24 25 35 22 23 26 20 10 26 15 19 28 19 15 21 17 25 27 20 17 18 23 16 21 13 22 21 29 25 13 34 22 38 21 23 14 35 28 39 
13 28 43 40 20 30 31 26 12 21 32 24 22 11 31 31 25 33 32 27 19 22 33 19 24 12 31 19 33 26 16 17 28 24 18 30 10 29 29 44 
19 41 27 23 13 21 11 16 14 20 25 22 21 16 23 35 18 26 22 18 22 23 24 24 24 24 25 9 28 28 18 24 25 24 26 20 14 11 28 46 
19 27 35 16 23 29 28 18 16 10 29 25 20 26 34 21 16 21 9 17 11 35 11 16 23 13 23 18 12 33 8 21 29 14 16 11 18 21 40 38 
22 44 43 27 23 24 23 17 6 12 23 10 22 25 9 28 28 22 40 22 17 30 27 16 22 20 15 23 35 30 7 19 16 21 24 17 16 28 28 23 
18 46 29 30 31 32 31 22 12 14 23 18 20 24 30 17 9 24 31 32 24 26 25 28 43 26 16 21 37 24 14 20 24 35 28 19 16 17 34 27 
20 40 45 22 30 27 20 19 22 13 26 11 11 30 25 27 25 27 31 15 16 12 26 23 32 17 19 31 24 19 11 31 19 9 32 20 19 39 29 28 
22 39 25 39 17 19 42 16 22 17 12 18 33 25 34 16 17 19 35 17 18 38 21 22 23 22 15 15 44 23 14 27 18 44 18 20 14 24 16 30 
17 26 20 17 24 29 19 26 14 16 15 29 22 15 36 25 21 10 44 21 20 26 21 21 22 23 9 24 27 26 15 28 23 13 25 18 19 32 10 32 
25 37 30 37 29 25 24 14 9 27 18 14 19 20 27 23 26 29 26 21 26 30 23 27 22 29 14 28 9 28 18 30 29 36 21 23 14 16 30 27 
27 31 32 13 32 29 30 9 11 19 35 10 14 31 24 30 29 34 26 25 24 36 12 27 27 20 18 31 34 32 19 33 22 35 31 38 20 14 19 23 
27 11 27 23 25 38 26 11 16 25 27 23 23 23 34 23 34 19 28 22 26 30 20 12 30 19 24 18 38 31 9 31 16 30 19 25 23 25 26 25 
24 24 23 26 19 16 32 19 11 16 23 10 37 30 26 16 30 29 28 14 26 23 23 20 29 34 28 13 25 33 13 32 23 19 27 16 14 26 39 39 
13 33 39 26 17 32 31 22 19 25 25 19 15 17 35 22 17 13 26 14 22 32 23 9 37 31 10 28 37 29 17 48 26 24 19 28 11 26 22 41 
20 28 19 26 25 35 29 22 8 23 26 18 30 18 31 17 34 33 27 23 34 20 28 21 40 26 13 17 33 23 16 34 29 12 12 21 12 25 27 36 
12 16 28 17 23 34 36 23 17 29 20 19 17 29 26 26 28 35 33 15 25 17 29 25 20 16 20 27 22 25 11 23 17 22 29 19 19 28 20 42 
29 25 34 20 24 17 30 17 17 13 24 14 31 17 31 17 24 10 35 25 34 23 26 19 27 24 6 25 33 35 18 31 20 24 31 26 19 15 10 37 
36 28 20 13 23 34 20 25 20 18 23 16 30 15 33 31 28 19 32 26 19 17 25 26 37 7 12 11 20 34 10 23 22 34 20 32 20 28 28 24 
26 22 29 21 24 39 25 22 17 23 22 7 11 23 11 19 12 32 23 21 40 33 26 23 29 24 24 22 29 15 18 22 23 27 11 22 10 27 19 38 
11 35 23 12 25 24 23 18 13 21 21 17 20 24 43 18 29 21 40 14 28 33 19 27 26 19 19 36 47 32 13 27 26 24 20 22 6 31 26 33 
31 26 39 28 17 40 38 23 21 19 12 18 27 22 20 8 14 30 31 20 24 21 23 23 17 16 10 20 33 24 14 32 27 18 31 26 19 21 17 9 
29 29 24 28 13 21 16 14 15 18 24 14 18 21 24 8 23 19 34 20 33 24 19 27 31 16 12 28 24 31 16 24 29 22 9 14 17 30 25 24 
32 12 30 28 21 23 20 19 23 20 19 16 5 31 33 13 23 19 21 16 36 31 17 31 29 21 20 32 41 27 13 17 33 30 33 29 8 19 20 26 
33 32 28 30 34 28 29 15 22 11 21 30 22 21 32 16 15 22 29 15 26 28 23 18 28 15 24 22 17 12 15 23 17 41 26 26 15 22 23 44 
20 21 22 35 22 28 22 14 17 24 23 18 19 20 17 16 23 27 39 13 23 18 25 23 25 25 18 5 19 18 14 17 32 18 27 21 14 29 29 35 
28 30 30 26 18 15 36 10 15 27 14 17 29 27 31 11 36 20 26 24 22 36 11 23 31 20 13 24 25 38 12 19 19 20 28 26 21 19 27 32 
23 35 30 32 28 30 13 14 22 34 30 12 38 31 34 19 24 18 20 21 14 23 14 17 31 11 22 19 32 38 11 28 19 25 25 28 17 31 22 30 
27 13 40 33 15 29 33 11 16 28 19 17 32 31 33 19 18 27 25 14 14 30 34 13 21 25 16 22 38 30 6 28 21 26 21 33 15 21 25 30 
22 16 35 21 16 40 35 16 12 23 23 19 29 19 24 20 23 30 38 17 11 38 17 16 37 21 13 20 40 27 15 32 27 15 21 35 17 20 25 44 
16 34 39 30 27 16 24 18 21 22 24 14 22 25 26 19 27 20 21 24 35 33 24 18 14 19 10 20 30 28 14 21 28 30 23 19 15 28 21 53 
29 39 22 23 26 34 29 19 13 13 26 14 33 17 31 17 22 36 25 24 38 26 17 28 30 20 7 26 32 24 11 17 17 33 26 16 12 38 39 23 
26 35 23 20 25 41 34 20 9 23 18 18 31 21 12 30 26 22 20 19 23 45 22 33 27 23 23 25 27 26 19 27 15 29 25 21 15 31 19 34 
32 23 33 29 20 26 28 19 14 16 21 17 21 19 30 18 20 24 22 29 16 38 21 25 21 8 19 42 26 29 12 26 24 26 20 26 22 27 25 37 
13 19 23 36 13 18 30 18 20 24 27 23 24 24 30 32 23 27 21 18 6 19 23 19 19 23 20 29 56 20 7 12 30 28 25 34 11 22 25 14 
28 9 29 19 23 25 15 25 22 26 28 17 18 19 14 18 17 24 24 20 15 25 12 19 28 16 6 21 30 24 18 18 13 14 12 26 16 11 38 21 
22 30 33 23 26 18 36 20 22 32 22 17 23 17 30 24 22 20 28 20 19 31 28 26 26 19 12 20 36 26 17 26 25 30 20 29 12 24 32 17 
21 25 14 15 32 36 24 18 20 11 31 26 29 30 27 16 32 21 20 23 22 21 17 18 41 14 11 25 25 34 18 20 18 24 14 21 13 17 31 39 
29 24 32 26 12 39 36 17 16 17 21 12 24 26 17 31 20 29 16 15 19 17 24 15 24 25 12 26 30 28 16 4 20 22 9 11 14 25 27 16 
26 31 42 31 32 34 22 14 18 10 14 19 34 27 29 14 21 19 42 21 18 38 9 23 33 24 15 26 35 28 15 25 23 39 19 26 15 15 37 29 
22 47 26 32 29 32 21 23 20 25 19 21 37 26 45 23 22 20 35 21 34 40 11 28 19 23 23 19 26 23 13 28 21 26 33 17 13 36 32 34 
18 35 20 24 23 24 30 29 16 16 29 19 22 22 34 29 22 17 37 25 34 35 17 15 26 13 10 40 25 15 15 38 26 22 22 24 18 22 27 41 
21 27 38 18 24 33 24 22 17 15 27 15 22 24 32 6 16 24 36 16 18 27 19 27 25 24 22 28 14 17 21 22 28 28 27 12 12 18 34 26 
29 34 33 27 14 27 19 23 23 28 17 15 32 23 27 13 18 24 27 21 28 39 22 9 26 32 14 21 13 50 20 22 31 19 31 16 22 18 24 27 
24 49 30 24 29 23 12 15 12 27 28 23 25 25 39 17 27 30 28 23 20 44 24 15 17 24 15 21 26 25 20 37 32 28 9 14 8 15 30 29 
25 24 35 19 30 35 20 16 16 15 17 15 35 31 33 18 24 11 29 18 31 20 13 24 21 21 14 24 29 35 7 21 13 31 22 37 13 40 34 28 
19 23 35 26 26 24 36 14 26 25 24 19 30 29 35 23 20 22 30 21 24 30 27 23 22 26 17 16 35 20 24 8 22 24 20 37 19 29 25 33 
24 19 29 22 23 41 18 20 15 21 25 11 25 22 40 30 7 12 29 20 16 27 19 25 18 12 25 7 15 31 17 24 30 31 18 19 19 26 25 24 
34 33 38 22 20 18 26 23 7 22 25 24 16 25 37 25 31 14 27 31 20 22 28 19 33 21 13 23 27 39 19 24 28 33 17 13 25 22 21 32 
19 29 43 17 26 22 16 19 25 27 17 21 19 27 31 15 28 32 30 29 19 39 19 18 29 21 19 25 41 23 20 41 19 26 31 8 16 18 24 21 
25 41 43 36 18 23 29 15 13 17 12 12 18 13 29 25 20 24 24 17 28 36 27 11 30 25 29 31 25 26 15 26 33 34 21 30 9 20 20 31 
26 33 28 21 36 24 35 15 18 26 21 17 30 24 36 18 20 20 30 27 17 34 23 10 28 33 24 31 23 35 17 26 17 29 21 25 13 25 26 25 
32 25 7 19 31 27 38 15 19 22 29 23 32 14 23 30 24 18 29 16 20 34 23 24 27 22 14 28 33 29 17 16 33 24 24 40 15 25 33 31 
9 43 25 30 27 36 27 14 12 23 16 13 15 21 63 32 28 15 42 25 25 34 21 16 35 23 18 22 15 32 9 16 25 38 12 30 13 34 10 13 
18 29 34 27 25 24 19 17 21 14 22 16 18 23 26 22 21 29 15 28 24 11 18 6 28 17 18 20 22 13 21 10 23 34 28 25 11 29 30 24 
26 28 33 27 11 24 26 22 11 5 24 17 23 35 36 15 30 17 30 14 23 38 24 13 22 20 10 21 25 19 15 26 20 23 19 26 15 25 31 39 
24 36 15 14 25 33 31 25 18 18 32 10 21 23 30 29 22 27 29 7 14 28 28 22 21 17 20 21 32 28 20 35 23 22 18 24 10 22 35 23 
33 25 31 25 17 35 32 16 16 25 23 19 35 28 37 18 20 27 33 18 26 35 18 6 9 31 10 27 29 27 11 20 28 20 21 24 13 32 43 40 
27 34 39 19 18 15 26 9 13 22 23 15 28 25 31 17 26 21 20 17 21 29 18 14 27 21 23 37 28 29 11 20 21 14 23 31 13 30 20 45 
21 26 35 15 17 52 26 22 21 17 26 21 20 28 25 20 31 21 29 24 27 12 31 29 31 17 21 41 18 23 13 22 24 12 17 17 21 13 34 42 
33 33 22 16 22 24 45 19 16 28 16 20 22 10 29 20 29 22 22 20 24 26 16 20 28 13 24 12 42 28 14 36 20 16 17 28 4 19 9 38 
16 17 41 28 33 30 25 16 23 18 22 23 14 24 31 25 16 29 30 15 30 23 19 13 27 15 16 17 17 31 15 36 27 22 26 39 23 25 22 38 
26 25 21 31 23 31 20 15 13 16 13 23 19 18 25 6 25 18 24 14 26 29 23 17 31 18 19 23 40 18 20 28 17 33 8 27 20 16 34 33 
20 30 40 30 23 38 26 15 15 22 22 12 25 22 24 29 7 13 24 20 29 18 20 26 34 21 20 21 40 20 13 29 26 31 21 20 12 22 24 42 
27 31 35 22 23 33 42 8 13 21 33 15 36 21 12 24 25 17 47 7 13 19 23 17 27 23 22 12 5 22 4 38 27 30 24 12 15 23 31 29 
22 21 17 41 17 17 29 25 11 33 22 17 20 18 32 21 35 26 10 21 17 17 21 17 43 19 23 25 35 25 18 25 21 28 34 26 16 37 13 10 
26 22 39 2 24 32 28 23 11 17 10 13 28 29 27 17 20 35 25 14 29 35 29 18 31 26 13 18 21 26 14 26 22 24 32 25 7 28 20 34 
16 25 26 30 19 15 30 18 15 24 14 17 35 22 32 27 20 18 34 20 21 33 21 23 19 23 16 19 32 27 7 39 20 31 27 21 10 24 25 40 
22 32 36 29 21 27 34 21 21 23 20 14 17 16 25 20 26 25 19 22 21 32 16 25 26 30 18 27 14 20 22 23 26 37 21 18 24 16 32 19 
21 25 24 17 15 32 18 14 20 18 23 13 33 20 34 20 19 32 29 20 20 36 24 23 21 35 27 23 17 36 14 30 15 35 15 26 16 21 28 45 
19 30 40 18 33 27 25 13 7 20 28 19 15 21 20 25 21 28 33 9 23 19 22 25 29 22 14 16 27 40 14 25 8 43 38 31 20 21 23 18 
26 40 35 17 28 47 37 10 20 23 19 14 23 18 33 23 23 30 28 20 33 28 19 19 19 18 15 38 24 17 22 27 13 27 19 9 19 30 29 34 
26 42 49 24 17 23 11 4 18 16 24 18 31 12 22 30 13 29 25 18 20 31 23 16 35 22 15 21 25 29 12 24 27 21 34 23 18 18 32 12 
22 24 42 29 22 28 30 26 15 21 21 12 34 29 30 23 18 19 18 19 9 33 29 21 15 14 20 24 21 26 13 40 20 22 13 18 20 17 19 32 
21 28 38 17 29 30 27 16 24 17 10 12 33 29 27 21 32 28 28 16 25 40 24 23 25 28 19 15 24 33 15 23 22 28 19 29 14 38 30 29 
16 35 18 36 22 17 29 14 14 7 24 17 27 28 15 25 27 24 26 10 44 26 21 17 35 26 12 26 32 25 23 23 26 25 25 21 13 24 23 46 
32 40 33 17 29 43 38 26 20 27 22 9 21 19 29 16 32 33 24 19 22 18 20 20 32 29 22 25 26 22 11 30 20 37 35 14 17 29 29 36 
16 32 29 36 20 24 28 22 13 16 15 23 23 22 41 22 19 19 38 24 14 35 17 19 23 21 22 25 29 38 14 18 23 33 24 19 12 11 14 26 
12 12 46 16 28 27 31 16 11 24 19 10 22 13 28 22 18 17 26 19 24 18 25 14 33 21 12 30 47 30 16 16 25 24 20 36 20 33 23 22 
27 23 23 20 27 26 31 20 13 14 30 19 12 27 32 10 12 24 27 19 16 37 25 21 27 24 21 26 22 19 14 40 20 25 35 18 13 23 31 30 
25 25 33 25 13 24 40 20 21 16 10 12 32 16 25 19 30 31 40 21 32 28 17 28 33 28 27 36 20 24 17 30 20 15 33 24 15 29 30 26 
19 23 25 37 21 28 37 13 11 21 15 9 24 21 27 18 19 18 47 19 17 37 17 25 29 25 19 17 30 35 8 24 19 22 29 34 10 28 28 50 
34 32 35 28 19 44 40 18 18 18 29 15 32 17 26 22 25 20 33 22 33 25 19 26 20 12 21 18 36 30 15 23 19 35 20 21 18 30 24 32 
21 31 24 31 21 26 29 17 18 19 22 11 36 36 29 19 15 31 33 21 27 10 23 26 32 15 18 35 34 27 11 21 15 33 19 17 14 29 33 41 
22 33 12 28 29 48 36 16 15 28 22 9 23 27 20 9 7 30 25 19 26 40 14 21 26 10 17 26 28 18 11 24 23 19 16 25 13 27 33 29 
25 21 31 21 32 39 22 19 18 21 27 20 19 20 22 25 13 34 35 21 17 23 19 17 19 19 18 14 25 33 22 29 29 23 27 22 21 29 22 33 
18 25 30 28 24 19 26 29 18 28 23 15 37 23 19 20 28 11 20 17 26 20 12 23 36 26 14 23 34 12 15 16 23 36 21 25 11 26 41 30 
23 20 30 19 30 29 20 12 15 28 26 26 20 24 22 20 28 26 25 19 21 36 21 23 23 19 18 31 35 17 10 19 20 40 29 11 12 38 30 29 
16 14 34 25 25 32 36 10 25 16 31 16 38 23 30 18 27 15 22 15 24 30 17 25 32 13 19 29 14 26 12 14 21 27 17 22 17 29 32 34 
18 16 44 21 16 27 15 17 22 24 17 19 24 20 33 19 17 33 28 15 29 45 20 24 35 22 15 39 36 37 13 20 23 26 19 22 5 26 20 30 
26 27 33 20 23 20 31 11 26 25 28 4 33 29 16 21 21 22 26 19 24 15 16 31 31 19 18 22 16 28 11 19 26 20 15 28 21 30 17 32 
35 25 24 27 25 34 17 21 21 26 23 15 24 17 23 26 21 25 20 20 19 35 25 17 21 22 24 28 38 29 19 28 35 30 23 21 22 24 11 35 
33 26 28 21 22 25 26 16 16 23 30 13 36 20 26 26 36 22 35 23 27 18 24 19 35 26 11 26 32 38 14 24 18 35 22 25 17 30 31 35 
10 20 24 27 20 17 39 13 27 14 18 17 19 17 19 23 21 13 39 26 15 23 23 19 21 10 20 10 36 21 10 35 23 34 20 41 12 19 27 53 
17 30 17 26 29 29 37 26 10 18 32 11 37 20 33 24 29 30 24 19 14 20 26 29 19 9 22 36 22 14 7 33 17 35 32 21 16 13 32 27 
20 28 39 31 26 34 29 17 21 17 23 19 29 21 37 25 22 35 32 16 8 32 27 27 11 33 16 36 19 23 14 15 21 35 22 21 19 41 37 25 
25 23 29 40 33 13 18 20 17 23 21 15 21 23 25 22 26 20 35 17 19 36 18 29 16 19 17 19 31 35 19 20 25 22 15 25 21 25 23 48 
22 39 23 24 20 38 5 24 17 9 20 22 18 17 25 17 29 25 22 18 14 34 18 19 26 31 19 25 24 32 17 16 24 26 34 34 17 32 33 31 
20 25 21 23 21 20 37 14 9 21 17 12 25 19 45 13 21 23 35 12 22 29 20 26 25 23 21 20 23 19 14 23 21 30 25 28 14 17 23 39 
24 21 35 26 23 16 22 18 19 1 17 11 33 27 23 21 16 39 35 18 9 29 34 16 25 17 9 28 20 31 15 16 24 27 23 31 14 27 21 36 
25 36 33 36 18 31 33 16 12 21 25 17 25 27 28 18 19 27 23 23 28 25 27 14 29 24 18 30 37 34 14 28 29 20 30 29 19 24 32 16 
25 37 41 26 24 27 25 15 19 21 16 27 41 20 38 18 12 29 20 23 24 16 18 24 18 28 5 28 37 25 20 18 33 40 28 30 19 27 20 13 
19 23 37 29 25 19 16 19 20 13 22 9 17 22 22 13 16 23 29 24 23 37 21 15 31 12 21 12 17 36 16 20 18 14 20 29 17 40 33 23 
16 26 35 20 16 27 26 22 13 22 11 14 23 40 36 26 20 29 27 19 16 27 17 27 15 18 13 14 35 27 17 17 26 30 26 19 14 21 35 28 
10 13 33 38 34 22 32 13 24 17 27 22 26 21 26 23 22 20 29 22 22 19 14 23 14 11 18 33 28 37 12 28 28 27 20 24 19 15 28 40 
24 29 29 27 23 17 33 17 24 31 26 12 24 8 26 20 25 41 12 22 22 35 17 16 23 18 15 25 35 33 19 25 6 32 24 27 19 21 16 33 
14 38 40 19 23 35 30 17 21 15 20 19 24 23 40 29 21 25 28 10 29 37 26 14 17 19 17 24 18 10 11 30 21 24 20 24 17 30 21 24 
30 22 40 22 22 30 27 18 13 16 18 22 33 25 16 19 27 19 23 22 28 26 21 21 26 22 16 27 28 23 9 30 23 24 16 37 10 21 23 35 
22 26 37 28 16 17 29 15 16 11 28 20 31 18 42 24 17 16 28 20 19 36 24 8 23 15 11 17 31 18 19 18 22 18 22 26 14 23 25 23 
26 44 29 27 40 31 30 27 21 23 22 24 12 38 39 27 22 14 34 15 31 24 12 24 22 12 7 27 36 30 13 18 24 23 18 21 10 22 18 29 
27 48 31 24 29 20 38 18 24 19 20 23 28 18 33 25 23 17 24 17 18 26 27 15 25 23 23 31 35 36 19 23 25 29 25 19 15 28 22 27 
22 31 30 12 28 32 33 17 21 27 14 25 26 23 23 23 21 30 14 19 17 28 29 12 29 32 21 33 25 31 17 34 15 18 20 23 8 22 27 32 
25 24 39 13 17 45 32 20 13 21 20 24 21 12 30 19 17 22 37 17 16 29 26 17 32 27 15 30 27 25 11 22 4 37 5 25 12 17 24 22 
17 35 25 33 21 36 23 19 15 16 25 16 22 25 28 29 28 20 29 23 21 21 27 25 35 25 8 24 27 21 22 14 20 18 19 24 13 31 23 37 
27 33 25 20 27 20 37 8 16 34 21 10 24 37 28 32 32 27 21 14 30 35 29 16 32 24 15 23 31 32 15 21 20 19 22 25 17 30 26 28 
29 37 26 19 31 31 23 18 22 27 24 20 23 17 22 22 18 22 35 23 27 25 15 24 28 23 16 21 38 12 23 33 22 27 26 34 13 33 21 19 
12 40 30 34 20 28 24 20 10 8 27 17 34 12 26 15 27 34 14 15 36 23 32 11 12 21 11 24 37 24 18 18 17 21 24 19 20 27 37 33 
16 26 31 35 29 34 36 26 17 20 21 22 28 25 33 24 12 21 17 22 28 28 15 24 41 26 29 32 22 33 13 33 22 28 30 12 20 27 37 22 
28 20 33 27 29 25 34 24 18 22 14 20 19 20 41 9 13 12 28 20 23 20 19 20 21 22 19 27 30 26 7 29 24 23 27 24 21 15 22 25 
24 20 28 13 24 26 26 27 20 11 17 14 17 17 27 11 14 18 32 22 23 29 38 16 28 13 11 18 28 23 27 18 16 24 26 23 14 19 27 28 
35 31 30 33 23 32 32 23 19 20 24 31 26 31 24 21 21 27 40 21 29 39 22 29 23 25 15 23 27 26 22 21 10 16 25 25 14 12 29 36 
25 29 48 25 13 24 20 11 9 15 26 21 17 30 38 21 24 26 27 23 25 36 15 17 39 23 11 21 14 21 15 21 20 32 27 16 14 29 25 46 
34 25 46 18 33 31 26 22 25 9 33 10 33 17 29 36 10 14 23 17 27 29 23 28 25 29 19 19 22 18 14 32 23 20 20 25 21 21 35 28 
27 28 25 27 15 23 18 16 23 19 28 17 21 20 33 27 21 20 27 23 8 17 30 28 7 32 18 25 24 42 16 32 24 32 22 21 16 18 25 32 
33 32 16 14 11 35 20 11 21 18 19 21 23 19 15 24 29 27 24 23 17 28 18 21 30 32 15 13 27 17 17 28 17 19 28 42 17 22 28 25 
25 32 30 30 27 30 39 14 20 21 18 25 28 25 18 33 29 30 4 21 15 26 25 11 24 19 1 28 27 25 16 23 22 18 23 19 20 17 29 55 
21 34 19 30 27 27 30 18 18 16 18 27 42 16 35 23 29 23 34 14 23 16 17 25 17 22 20 36 39 20 11 17 25 38 21 31 13 28 28 37 
17 36 19 15 25 33 39 14 22 10 11 19 15 17 47 21 27 29 31 20 26 34 19 16 39 25 10 19 32 28 18 36 19 29 27 22 15 35 24 39 
22 16 46 12 23 39 23 14 17 11 24 24 20 23 28 21 23 14 25 26 24 19 24 10 34 20 21 26 23 16 12 27 24 32 14 22 16 13 27 32 
34 24 27 24 26 16 26 26 13 31 16 14 22 18 19 15 27 20 31 21 26 25 23 26 32 20 26 22 43 31 22 29 20 30 14 37 12 19 34 27 
23 34 25 21 24 9 29 18 13 20 18 28 30 21 1 28 22 19 41 26 25 25 20 14 23 31 22 32 41 23 20 13 31 27 31 23 10 32 32 37 
18 28 45 24 13 40 29 12 19 17 20 14 34 28 28 23 31 29 17 24 28 19 24 16 24 24 23 19 28 26 17 20 12 24 22 29 16 33 27 30 
24 40 34 23 32 31 19 22 18 24 22 18 18 15 37 16 18 22 35 23 31 48 23 21 37 23 16 18 28 35 12 20 19 35 17 27 12 16 36 45 
28 33 47 29 20 28 25 12 19 17 15 20 28 21 25 21 23 20 40 17 13 21 16 26 27 26 16 18 26 28 19 26 13 21 27 29 16 22 36 6 
25 39 12 29 8 27 30 20 14 24 23 13 32 31 19 13 23 32 30 15 31 26 11 24 27 27 15 24 24 18 16 34 30 19 29 33 12 17 23 45 
30 33 19 26 17 38 27 16 8 7 37 22 27 19 40 25 17 14 18 21 23 42 23 26 22 24 11 16 34 23 15 29 23 22 26 23 11 9 30 19 
22 24 19 14 25 28 20 24 19 21 34 17 29 28 45 10 19 28 20 22 20 28 17 28 22 20 23 30 23 23 18 27 18 30 18 29 15 32 17 24 
21 15 29 25 20 40 22 22 22 25 23 28 24 14 27 30 35 26 26 25 32 33 26 19 19 26 13 26 31 15 15 17 22 32 19 25 13 25 22 34 
37 14 23 10 20 32 21 24 17 14 21 22 33 27 24 23 24 28 35 20 10 14 35 9 23 22 24 28 37 27 14 40 20 40 35 6 11 13 26 38 
25 32 18 12 34 13 28 22 19 17 20 16 17 18 18 16 20 27 25 33 25 22 13 17 16 13 21 16 33 27 17 30 13 18 27 24 14 16 15 31 
7 29 28 30 20 37 37 17 17 19 16 12 26 25 36 17 22 24 28 21 25 21 18 14 16 26 20 15 27 28 13 17 26 24 34 30 10 22 23 49 
24 15 42 16 21 34 33 6 10 28 25 14 20 29 20 13 33 18 33 19 20 21 29 19 28 23 23 29 32 17 13 23 14 37 20 29 8 28 26 36 
34 21 38 33 17 26 26 23 19 21 18 18 19 25 32 11 28 18 31 21 24 14 27 25 31 28 19 44 19 13 13 19 25 34 22 22 13 23 33 36 
19 31 9 27 28 21 27 21 11 21 31 12 22 19 29 26 25 30 20 14 13 42 31 15 20 29 8 27 23 36 13 27 17 22 24 16 20 12 26 38 
25 40 32 32 23 34 27 19 16 25 33 12 31 19 41 17 29 26 23 17 12 23 30 17 31 26 15 24 39 15 21 26 30 24 22 28 15 21 19 28 
34 23 32 31 26 36 32 18 16 23 30 22 25 27 26 25 29 33 33 21 28 35 28 25 31 12 11 22 38 42 10 29 34 22 22 15 16 22 27 39 
27 39 28 22 24 23 26 24 5 32 26 15 34 32 29 18 13 16 41 24 29 31 20 26 28 23 17 31 29 33 10 23 23 18 21 25 18 32 26 23 
29 20 20 28 34 24 24 14 13 21 21 22 41 22 25 26 36 26 30 23 24 25 23 16 16 25 12 13 22 30 5 31 18 26 23 17 18 25 33 28 
20 41 47 23 26 20 21 27 7 26 26 9 21 30 19 13 26 23 37 10 23 35 25 28 28 25 7 26 26 21 20 15 26 23 32 31 11 25 33 36 
23 17 22 35 33 33 21 17 15 18 29 17 21 12 26 28 20 26 32 16 24 30 19 19 27 30 23 30 33 32 13 21 12 32 22 29 15 29 29 37 
20 42 32 23 21 30 18 20 28 26 20 10 31 13 29 7 28 16 36 24 28 45 31 16 31 14 19 18 19 26 13 19 26 28 22 34 8 16 19 25 
29 36 37 21 26 41 24 23 14 18 20 18 24 28 29 20 25 29 31 8 31 21 17 18 16 30 20 45 21 22 13 25 25 29 34 37 8 23 25 22 
18 28 39 29 31 35 31 25 5 16 31 21 28 25 28 32 31 9 17 16 26 23 29 17 19 22 15 22 37 21 17 28 30 13 21 23 15 21 25 17 
24 33 43 25 24 21 25 25 11 20 31 19 36 18 34 18 25 21 33 19 24 12 17 31 28 11 20 27 31 19 16 29 22 16 15 26 12 36 27 26 
25 34 33 24 24 22 36 11 15 24 22 8 21 19 22 22 26 24 38 26 16 27 17 26 36 26 17 11 30 35 19 28 29 11 26 34 14 17 29 37 
25 23 20 7 25 25 21 17 15 21 23 22 37 12 32 19 31 20 39 15 28 25 17 24 22 33 9 26 38 33 11 24 15 28 20 29 13 17 37 26 
21 31 37 13 19 41 19 18 16 23 18 19 19 19 36 34 18 25 42 18 23 17 15 18 18 11 21 23 17 19 17 26 20 24 25 10 15 28 29 30 
14 19 29 21 8 40 25 20 20 19 25 21 32 22 16 26 35 21 28 19 36 28 24 13 34 10 16 19 15 30 6 25 21 23 23 17 26 23 22 36 
31 26 37 14 24 23 34 14 11 24 17 14 24 28 17 22 27 14 36 20 27 22 34 19 35 22 9 21 22 14 17 15 23 15 25 27 8 25 17 34 
29 16 35 28 25 37 40 22 16 24 25 24 24 28 15 30 23 22 27 21 34 36 30 7 27 2 15 31 21 19 11 32 18 22 30 14 19 23 19 35 
13 46 17 30 14 25 32 20 24 25 26 19 35 10 25 18 14 15 27 20 23 21 24 22 14 19 22 22 38 36 14 30 23 13 25 27 8 15 32 28 
19 37 24 16 25 23 33 11 18 22 33 23 6 28 34 31 25 33 17 18 30 22 25 22 25 27 19 26 25 16 12 20 11 33 25 10 21 12 30 24 
24 29 38 18 29 18 43 10 19 21 24 14 39 22 26 19 20 20 17 12 22 39 33 20 24 23 15 17 31 20 9 25 25 30 29 28 16 26 39 30 

MachineCapacities:
MachineID Capacity
0 10
1 10
