NumTasks NumMachines NumScenarios
20 3 10
TaskDetails:
TaskID ReleaseTime ResourceConsumption SuccessorsCount Successors...
0 0 7 8 3 3 2 4 5 
1 0 7 9 2 2 4 6 
2 0 7 2 10 0 
3 0 1 7 3 1 5 
4 0 5 7 2 0 
5 0 8 7 3 0 
6 0 2 2 10 0 
7 0 2 3 6 2 17 19 
8 0 7 4 7 1 11 
9 0 4 7 9 3 13 14 19 
10 0 6 1 4 2 15 18 
11 0 7 6 5 5 13 15 16 17 19 
12 0 3 9 9 1 18 
13 0 4 2 4 1 18 
14 0 7 6 2 0 
15 0 8 10 6 0 
16 0 9 1 6 0 
17 0 9 2 5 0 
18 0 8 6 9 0 
19 0 5 9 9 0 

25 12 11 13 25 21 10 25 16 22 14 34 10 21 30 23 13 32 18 24 27 17 25 13 12 26 21 23 11 13 10 12 21 8 13 23 20 14 15 10 14 20 26 9 10 27 16 26 22 12 25 26 21 19 20 29 14 12 24 23 
29 18 24 9 22 25 15 16 24 26 14 17 30 26 13 30 7 28 16 26 35 28 29 16 16 40 17 24 13 20 8 29 26 14 9 23 19 20 15 19 17 11 21 15 12 23 13 20 17 24 18 33 30 15 16 14 4 8 8 25 
17 15 22 14 20 9 16 29 18 11 16 37 33 32 39 25 17 32 19 30 22 23 26 14 8 26 32 15 35 16 8 22 27 25 7 17 21 8 11 28 21 16 21 29 16 31 11 26 16 16 26 19 24 17 19 17 12 8 20 13 
21 10 32 8 16 19 13 13 21 26 16 9 21 30 26 34 9 34 16 22 29 35 36 5 15 32 10 26 27 21 10 13 17 26 10 19 9 15 8 37 9 24 14 12 9 23 26 24 11 21 21 35 13 14 23 9 13 17 20 14 
23 8 15 6 24 21 16 22 22 17 16 33 12 29 35 23 16 26 14 19 32 26 25 19 12 31 23 29 19 21 12 16 16 23 9 16 21 13 12 25 11 15 35 26 9 22 20 27 15 17 30 11 29 9 23 13 16 12 24 21 
26 7 25 17 16 19 16 17 25 25 14 27 20 33 6 20 15 35 16 14 36 34 22 21 13 16 12 19 19 20 5 22 15 11 6 26 19 15 12 20 10 19 21 7 13 33 16 14 17 14 29 24 17 11 11 15 9 13 7 21 
32 8 25 14 28 23 11 27 20 33 19 23 33 35 13 34 15 10 11 31 46 30 32 8 15 7 12 17 25 17 11 22 26 26 10 26 20 17 13 20 16 10 32 16 9 40 29 27 12 13 32 27 26 9 18 15 7 10 21 26 
22 10 30 7 9 18 18 23 18 21 14 23 21 16 23 32 13 29 16 8 34 30 12 11 12 35 19 23 33 28 6 16 26 11 9 31 18 9 13 24 14 21 15 21 17 30 28 28 16 21 24 24 13 24 20 13 13 9 30 24 
22 11 24 19 28 22 8 27 25 24 21 37 19 44 26 10 8 28 17 12 11 12 25 25 10 27 19 29 26 18 6 8 37 29 12 21 18 16 14 36 23 22 16 29 14 16 27 14 16 19 25 31 21 18 13 21 13 9 25 30 
12 8 38 15 20 15 17 21 18 21 10 31 27 32 28 26 12 16 18 21 14 26 25 26 13 38 12 24 25 21 15 10 20 13 1 25 17 12 18 26 5 24 22 10 14 23 22 15 13 18 35 26 15 15 15 13 7 9 26 20 

MachineCapacities:
MachineID Capacity
0 10
1 10
2 10
