NumTasks NumMachines NumScenarios
20 3 10
TaskDetails:
TaskID ReleaseTime ResourceConsumption SuccessorsCount Successors...
0 0 10 4 9 2 3 4 
1 0 4 7 6 1 3 
2 0 2 3 1 0 
3 0 9 7 1 0 
4 0 3 2 5 0 
5 0 2 5 9 5 13 14 17 18 19 
6 0 4 5 2 5 11 14 15 18 19 
7 0 8 3 9 4 15 16 18 19 
8 0 1 7 5 1 12 
9 0 4 3 9 4 15 16 17 18 
10 0 9 4 2 0 
11 0 3 5 8 1 16 
12 0 8 4 6 1 18 
13 0 5 7 2 0 
14 0 9 3 2 0 
15 0 8 3 7 0 
16 0 1 2 7 0 
17 0 2 5 4 0 
18 0 2 5 9 0 
19 0 5 8 2 0 

17 17 21 18 12 9 28 22 37 35 12 45 23 16 7 17 18 30 13 9 20 21 34 41 23 29 21 30 29 16 34 14 26 34 11 40 17 18 24 12 31 20 8 9 13 33 8 20 13 27 31 23 12 19 21 17 13 23 12 35 
6 12 19 9 15 9 21 32 18 33 17 42 46 11 19 21 32 18 15 10 21 12 32 37 19 35 26 23 29 23 24 13 24 36 17 22 22 26 23 23 19 23 9 16 20 30 13 18 6 35 18 21 10 34 14 17 11 24 10 21 
12 12 13 17 12 16 32 23 20 19 11 25 33 20 13 19 32 26 6 6 18 9 29 38 13 22 32 24 23 16 22 17 25 38 21 21 26 42 26 10 22 27 8 4 15 27 16 7 17 24 33 29 25 15 18 15 6 27 14 28 
12 15 14 14 16 11 22 30 27 29 15 29 15 18 13 24 17 34 8 6 7 21 26 49 21 32 21 26 29 20 18 9 20 29 15 33 20 21 22 16 28 26 5 11 16 38 10 7 13 28 24 25 20 22 16 13 13 9 8 37 
9 7 35 16 15 10 25 17 36 36 14 32 22 11 25 12 21 40 6 10 19 10 22 18 21 19 34 17 33 32 24 31 20 35 6 24 27 37 23 15 32 34 4 11 9 30 8 15 21 46 30 17 19 10 15 25 11 28 12 15 
11 17 24 11 16 12 33 8 32 27 19 31 33 20 10 27 29 29 11 14 23 16 27 29 22 20 16 31 16 29 17 36 28 18 20 27 17 27 11 11 22 27 9 13 13 31 16 18 23 30 35 23 15 25 19 14 14 25 17 30 
25 16 16 18 13 11 33 11 20 15 14 13 31 13 18 24 23 20 11 14 29 24 32 31 18 28 29 37 24 50 37 20 4 33 17 27 25 49 33 15 27 27 8 12 18 24 11 15 24 36 15 19 28 26 21 16 11 17 10 23 
11 10 14 22 15 8 30 14 31 23 12 28 22 13 16 16 19 18 11 18 17 23 16 34 12 28 15 29 24 31 22 12 12 33 10 30 30 31 34 20 21 27 9 13 17 26 19 16 20 26 23 27 20 13 22 18 10 27 11 24 
9 12 12 15 18 12 26 17 34 53 15 32 34 18 24 39 17 22 13 6 23 27 24 39 20 33 42 26 22 39 10 16 29 27 14 23 28 39 22 13 24 25 6 19 15 20 19 14 13 28 19 24 12 15 19 15 8 25 16 22 
11 19 26 18 13 11 26 22 26 14 10 38 27 20 16 13 25 30 14 10 29 22 29 46 10 13 17 12 24 44 30 33 18 17 11 14 20 23 29 7 16 20 10 10 17 37 15 21 18 31 25 22 25 28 10 14 16 30 14 19 

MachineCapacities:
MachineID Capacity
0 10
1 10
2 10
