NumTasks NumMachines NumScenarios
20 3 10
TaskDetails:
TaskID ReleaseTime ResourceConsumption SuccessorsCount Successors...
0 0 7 1 4 3 6 8 10 
1 0 9 2 8 2 3 7 
2 0 9 7 2 0 
3 0 10 4 3 4 6 8 9 10 
4 0 8 6 9 1 7 
5 0 4 4 3 2 8 9 
6 0 8 2 7 0 
7 0 9 3 1 0 
8 0 1 3 7 0 
9 0 6 6 5 0 
10 0 6 9 4 0 
11 0 5 8 4 2 17 18 
12 0 6 10 2 0 
13 0 2 8 10 3 16 17 19 
14 0 9 7 6 3 16 17 19 
15 0 8 5 3 1 19 
16 0 4 2 8 0 
17 0 4 3 3 0 
18 0 7 6 2 0 
19 0 3 6 4 0 

28 13 17 25 7 26 21 21 26 24 13 10 13 15 4 4 18 25 23 8 31 18 25 18 17 34 37 16 22 38 39 21 13 7 25 40 13 17 9 8 13 16 26 27 3 15 30 10 28 23 21 39 21 23 30 18 23 19 7 38 
39 19 21 16 14 24 23 22 15 18 26 11 13 13 8 8 12 31 30 21 30 30 26 35 21 35 10 23 18 26 12 38 17 9 11 35 14 27 12 18 11 19 23 20 11 11 21 11 14 17 25 28 25 22 20 11 28 16 17 31 
26 14 25 21 17 19 21 25 48 20 26 13 19 12 11 12 14 21 32 21 35 40 24 20 23 35 13 23 25 30 18 26 16 12 23 23 12 29 17 23 15 14 22 25 10 15 21 9 26 26 12 29 20 18 35 9 12 19 12 23 
23 23 11 19 15 17 23 26 41 4 20 6 16 11 14 16 22 26 28 15 27 19 24 36 19 27 25 26 21 22 39 25 11 8 18 38 17 38 12 15 11 17 17 24 13 13 15 13 22 19 25 42 23 22 28 18 20 22 10 27 
24 16 14 25 9 17 29 23 37 10 23 7 14 13 10 4 26 25 49 23 27 29 19 26 22 13 18 19 27 14 44 29 17 13 20 35 15 31 10 22 14 15 34 30 15 19 31 8 24 18 16 15 21 13 28 8 21 14 16 23 
26 21 33 22 14 17 18 13 36 12 30 7 19 10 12 9 21 19 19 5 31 23 27 18 17 32 16 29 18 31 38 23 25 11 12 25 14 16 10 11 7 19 25 10 16 13 18 14 23 18 23 13 34 20 16 18 25 16 11 27 
24 29 21 23 11 20 22 31 12 16 31 14 12 9 7 8 24 25 21 13 43 43 25 30 27 36 27 18 23 21 25 36 19 9 18 23 13 34 8 16 14 27 25 23 9 10 41 8 23 15 12 10 14 13 31 14 29 23 8 39 
24 12 6 25 14 16 21 29 28 14 29 9 12 12 10 9 18 28 30 20 48 21 17 25 31 19 10 22 23 25 34 37 14 11 33 29 14 23 4 12 8 17 24 19 12 8 42 14 25 18 14 31 36 6 24 15 20 11 10 40 
28 28 31 24 16 22 20 20 21 17 24 15 9 9 4 11 19 33 13 9 21 16 23 14 20 19 43 21 27 29 35 36 17 3 28 32 12 12 9 12 10 18 26 16 9 10 35 8 20 23 8 37 35 32 29 17 21 19 13 42 
29 17 19 22 9 21 24 32 33 23 16 11 13 13 10 9 31 23 30 14 49 28 22 22 21 39 33 20 20 23 34 29 17 11 32 32 9 17 9 24 9 17 26 27 11 11 38 7 27 16 20 32 14 15 29 7 17 15 13 17 

MachineCapacities:
MachineID Capacity
0 10
1 10
2 10
