NumTasks NumMachines NumScenarios
20 3 10
TaskDetails:
TaskID ReleaseTime ResourceConsumption SuccessorsCount Successors...
0 0 4 9 9 4 5 8 9 11 
1 0 9 5 2 3 5 8 11 
2 0 9 4 2 0 
3 0 4 5 6 1 8 
4 0 5 7 2 3 8 9 11 
5 0 3 2 6 1 7 
6 0 4 2 8 2 9 10 
7 0 4 2 8 1 10 
8 0 8 3 5 0 
9 0 10 10 9 0 
10 0 4 9 5 0 
11 0 6 9 7 0 
12 0 10 4 2 1 15 
13 0 2 2 4 4 14 15 18 19 
14 0 9 5 10 0 
15 0 3 5 4 0 
16 0 3 9 3 1 17 
17 0 2 2 3 1 18 
18 0 4 4 3 0 
19 0 3 1 10 0 

26 23 17 11 22 9 22 18 23 26 24 29 24 12 12 32 26 23 16 8 24 15 17 10 31 8 33 18 34 17 21 12 26 17 10 20 30 16 22 9 8 17 18 14 12 27 10 19 31 19 12 32 33 11 27 32 10 25 31 18 
38 30 16 21 20 17 34 24 17 19 36 14 22 11 13 26 23 24 20 14 27 19 20 22 4 10 23 26 6 48 27 10 18 11 17 29 45 20 19 6 14 20 17 20 11 27 14 12 22 13 8 35 34 20 27 16 10 20 18 14 
8 26 22 15 29 13 31 16 27 29 16 23 25 11 12 31 31 30 13 15 52 26 17 18 25 10 23 26 27 22 27 14 16 20 8 22 21 12 26 11 11 23 10 9 12 24 20 11 26 29 19 29 40 31 37 3 23 13 12 11 
31 26 15 7 36 24 21 19 28 16 19 23 25 17 13 29 26 26 15 17 23 20 18 9 31 8 48 11 22 37 23 10 19 19 12 35 14 9 13 12 12 16 39 13 11 20 19 16 20 24 15 24 24 16 22 24 17 32 9 14 
13 12 21 17 30 10 25 13 26 27 37 36 30 11 16 26 27 25 21 13 33 25 23 18 24 16 38 16 35 26 32 16 17 15 12 23 15 12 20 11 14 20 25 18 10 10 15 16 38 25 7 35 38 18 25 20 17 37 26 17 
29 25 17 13 41 15 18 21 30 24 26 25 29 15 18 10 12 26 20 14 26 22 37 29 7 14 47 40 31 40 16 8 16 11 11 29 35 14 18 10 8 28 30 21 10 44 17 13 25 17 21 24 39 20 24 26 15 22 16 10 
22 25 17 11 17 15 21 17 36 20 30 16 26 8 11 20 23 24 21 23 33 24 18 18 24 8 22 16 18 22 25 11 24 8 7 25 38 17 25 9 8 26 11 16 9 12 13 16 27 39 24 44 18 7 26 16 17 26 22 21 
37 11 21 14 21 15 36 7 31 14 26 23 35 12 13 31 23 19 24 9 21 27 25 21 18 6 23 22 21 29 19 11 24 13 13 33 23 8 17 14 12 25 22 15 13 31 8 12 22 19 21 28 26 24 22 17 11 29 21 19 
21 31 19 22 28 19 38 13 12 28 25 20 46 11 13 32 18 27 23 8 39 20 18 24 28 13 29 14 21 27 23 12 27 12 11 21 39 10 14 13 16 19 24 6 8 23 19 14 15 38 13 38 32 25 16 15 16 23 12 16 
38 29 17 15 35 14 28 14 11 22 44 20 29 8 15 16 28 28 19 17 29 13 16 25 14 9 25 26 32 17 15 12 9 13 14 15 42 12 18 12 8 25 16 13 8 29 22 6 36 39 9 16 28 30 14 22 5 24 28 14 

MachineCapacities:
MachineID Capacity
0 10
1 10
2 10
