NumTasks NumMachines NumScenarios
30 4 10
TaskDetails:
TaskID ReleaseTime ResourceConsumption SuccessorsCount Successors...
0 0 4 3 5 7 4 2 9 10 11 
1 0 8 7 3 5 4 12 13 14 15 
2 0 3 5 4 4 5 4 14 15 16 17 
3 0 6 7 3 4 0 
4 0 4 9 5 5 1 13 
5 0 6 9 3 9 1 14 
6 0 2 9 4 8 0 
7 0 3 3 5 8 2 11 12 
8 0 2 7 7 3 3 9 11 15 
9 0 2 3 6 10 0 
10 0 7 9 1 5 0 
11 0 7 5 5 10 1 17 
12 0 6 7 2 4 1 16 
13 0 6 3 4 6 0 
14 0 9 7 10 8 0 
15 0 8 8 6 2 0 
16 0 5 4 8 8 0 
17 0 10 4 6 6 0 
18 0 4 8 3 6 3 23 26 29 
19 0 4 5 2 6 1 26 
20 0 7 5 3 4 1 28 
21 0 1 7 5 3 0 
22 0 9 2 9 8 1 28 
23 0 5 6 2 6 1 27 
24 0 3 7 9 8 0 
25 0 2 2 9 7 0 
26 0 6 2 7 6 1 28 
27 0 6 2 8 2 0 
28 0 9 2 2 4 0 
29 0 6 3 10 1 0 

24 12 34 29 33 21 24 13 33 28 21 9 27 24 28 12 20 16 21 17 38 21 15 20 40 38 15 17 27 8 27 22 13 22 14 21 26 26 21 18 28 12 17 29 11 19 7 18 32 12 17 20 32 14 26 21 18 24 24 34 17 10 19 33 12 9 34 25 47 34 12 18 15 18 42 25 26 25 34 8 22 20 10 15 16 12 15 25 19 31 29 29 35 22 23 25 15 14 29 14 30 16 25 32 32 17 17 14 26 13 27 29 23 14 17 12 17 32 26 16 
28 19 23 19 16 20 23 32 31 27 24 30 24 22 36 14 32 13 27 31 51 26 15 11 54 29 15 32 12 12 47 24 16 21 12 20 17 14 22 21 11 14 35 20 29 42 10 14 39 22 21 30 24 17 30 22 15 33 35 17 17 28 20 33 12 5 19 29 26 23 15 14 29 24 20 22 44 18 15 20 40 14 16 24 24 10 14 29 21 27 26 21 22 30 26 25 25 15 11 12 23 21 26 22 22 16 23 19 47 20 30 15 27 11 28 14 7 35 18 26 
24 11 30 17 13 33 13 32 41 38 13 18 24 20 42 18 17 12 19 16 41 19 14 15 31 38 16 35 29 12 18 16 14 22 20 14 30 32 15 12 17 14 29 23 18 40 17 14 36 25 19 21 6 12 30 13 23 27 34 32 13 34 24 24 3 17 19 25 33 26 10 27 26 29 26 27 15 16 33 21 35 14 17 25 24 14 21 20 31 34 7 10 24 33 25 35 19 19 28 18 42 20 18 16 23 15 22 16 30 26 38 36 27 18 15 14 16 26 9 15 
6 28 31 16 17 31 31 36 34 28 22 28 14 26 20 13 32 14 20 12 27 18 16 20 21 31 17 24 38 20 39 21 13 20 22 19 28 29 21 12 44 15 21 26 11 13 18 13 10 22 13 23 39 20 50 13 16 28 28 34 15 24 11 30 27 16 19 61 38 35 15 16 23 33 26 19 27 16 30 20 41 20 24 23 15 18 17 23 14 16 21 12 20 22 34 26 28 16 22 14 19 13 28 35 14 18 23 14 24 47 36 29 14 16 16 12 23 42 23 27 
22 7 28 15 19 39 17 10 19 27 24 22 28 27 35 21 33 14 26 26 31 25 15 11 20 27 14 27 22 15 33 19 18 8 8 18 18 11 13 18 24 21 27 31 21 31 25 18 24 26 15 21 27 13 30 7 22 18 31 24 11 17 44 32 19 20 26 28 43 26 18 21 29 22 39 19 42 21 22 20 33 17 17 28 11 20 15 12 33 26 31 36 29 34 32 25 29 21 8 20 34 8 18 46 15 32 17 21 24 28 20 25 21 17 11 29 14 25 35 24 
22 19 19 15 16 20 20 12 28 14 16 24 14 26 16 21 28 18 21 24 44 13 11 15 43 16 16 25 36 11 36 19 18 26 15 14 36 17 20 15 32 14 16 49 13 18 18 18 34 22 20 26 23 29 38 13 14 29 38 35 17 33 30 24 19 22 32 23 21 11 19 22 26 30 28 18 34 17 19 14 51 21 12 16 18 16 24 30 32 27 15 21 41 35 33 18 34 6 16 12 36 13 33 44 24 44 29 19 28 32 32 11 21 17 19 28 15 32 25 13 
23 13 25 14 22 41 27 31 12 21 26 27 32 23 20 10 38 13 28 28 34 23 18 16 45 24 15 29 41 24 33 25 20 22 17 16 25 30 23 17 21 12 16 21 20 34 12 25 21 21 20 40 38 21 25 18 9 28 22 16 15 38 29 39 25 17 37 32 18 29 15 13 27 34 21 28 31 22 18 13 22 27 22 22 18 14 8 19 23 21 15 21 28 35 11 24 17 20 28 14 34 10 20 23 31 1 26 13 21 9 21 35 15 21 28 23 16 34 23 19 
16 21 9 21 18 21 26 36 23 34 29 30 17 23 26 18 25 21 22 9 16 30 12 17 24 20 19 25 45 16 29 19 15 10 21 9 24 18 9 20 32 16 26 17 25 17 17 17 21 16 7 38 31 29 25 15 11 26 31 22 17 38 19 18 21 21 23 27 26 18 18 22 28 27 29 12 23 16 30 17 25 18 22 19 17 16 19 27 14 32 27 24 37 30 27 28 29 15 37 13 37 16 24 29 25 32 30 14 37 34 22 28 16 18 20 19 16 48 8 27 
18 11 21 21 33 34 17 43 21 15 34 20 27 24 30 18 24 14 30 20 40 15 19 21 35 37 11 27 38 17 20 27 17 21 28 8 25 30 29 15 47 10 36 24 18 41 15 20 36 26 19 31 33 25 30 20 16 25 23 15 16 27 27 31 19 30 36 33 28 40 12 21 21 30 34 39 29 17 22 19 35 20 20 17 13 16 18 37 11 19 31 21 29 30 26 27 31 25 22 20 25 19 16 25 13 27 41 21 19 37 17 28 9 12 24 23 21 18 6 23 
28 20 29 14 23 40 29 21 33 25 27 21 19 32 31 19 21 18 32 25 29 25 14 15 31 19 11 32 30 23 31 29 19 20 13 7 21 25 27 21 30 7 45 28 18 26 11 9 31 30 10 46 27 22 26 18 12 26 24 24 15 24 26 16 27 27 25 21 31 39 26 17 35 25 25 33 24 18 28 17 26 34 20 27 11 16 16 24 30 29 30 16 38 26 26 20 15 13 18 10 29 16 32 32 17 35 21 21 11 28 35 49 23 22 18 14 17 34 17 9 

MachineCapacities:
MachineID Capacity
0 10
1 10
2 10
3 10
