NumTasks NumMachines NumScenarios
30 4 10
TaskDetails:
TaskID ReleaseTime ResourceConsumption SuccessorsCount Successors...
0 0 7 2 4 9 3 5 6 9 
1 0 9 3 3 3 4 4 8 9 11 
2 0 8 6 1 6 0 
3 0 2 8 4 2 1 10 
4 0 5 5 4 2 2 7 10 
5 0 10 1 8 9 0 
6 0 10 8 5 3 1 8 
7 0 7 3 3 7 0 
8 0 4 6 9 5 0 
9 0 2 2 3 4 0 
10 0 10 6 4 7 0 
11 0 7 7 5 1 0 
12 0 8 3 2 7 3 19 23 24 
13 0 8 9 10 6 1 25 
14 0 7 4 5 9 2 22 28 
15 0 5 3 10 4 3 20 27 28 
16 0 4 6 8 7 1 26 
17 0 2 1 9 10 2 22 29 
18 0 6 2 5 3 1 29 
19 0 8 7 6 9 1 28 
20 0 6 9 5 9 1 29 
21 0 3 2 10 9 1 26 
22 0 10 7 4 3 0 
23 0 3 5 4 6 0 
24 0 4 5 8 9 0 
25 0 4 5 9 2 1 28 
26 0 5 1 3 4 0 
27 0 6 2 2 4 0 
28 0 2 10 5 6 1 29 
29 0 4 4 6 5 0 

23 25 30 17 24 19 33 23 15 41 26 21 19 20 18 22 18 25 28 39 17 33 24 19 21 18 33 31 23 35 17 19 13 26 32 11 26 12 24 20 28 30 27 25 19 18 20 29 24 20 36 16 14 27 19 21 32 20 18 18 25 31 17 28 11 25 20 23 28 29 27 23 19 21 33 30 36 21 26 16 21 24 21 13 20 13 34 23 16 22 15 26 29 14 38 14 26 14 20 28 27 28 16 45 24 15 34 19 32 28 13 14 15 42 35 13 16 17 18 18 
24 18 26 9 24 5 18 20 28 24 12 29 24 16 21 45 20 23 29 35 25 25 13 16 13 21 29 16 26 31 15 32 17 23 36 15 13 20 19 24 27 39 11 25 21 22 20 32 34 34 33 19 24 27 18 31 22 9 15 26 12 18 22 15 19 32 18 20 22 15 20 24 15 24 31 27 29 16 14 20 31 29 23 16 19 26 26 37 7 40 13 13 30 18 24 34 30 23 24 27 24 21 22 23 21 12 20 28 18 21 12 33 13 33 14 11 18 28 37 16 
20 25 23 19 27 20 19 6 25 26 47 16 26 15 20 26 21 24 43 21 37 24 21 28 31 28 32 27 34 14 12 30 24 25 40 9 25 17 19 20 19 18 12 30 19 20 17 38 18 29 21 24 15 29 13 37 30 20 11 11 12 27 22 17 33 42 20 26 26 30 23 22 25 14 42 27 34 32 12 22 28 22 21 19 32 27 21 44 21 31 11 25 34 25 22 14 38 14 7 22 18 37 23 32 19 19 38 30 25 25 17 50 14 35 32 19 14 36 23 8 
26 20 18 18 14 13 10 16 29 31 17 5 23 15 19 23 13 29 29 25 26 36 15 14 35 17 25 35 18 40 16 16 17 18 36 17 26 19 18 20 27 18 23 16 21 28 19 26 30 17 21 25 13 31 23 37 21 16 20 23 11 22 24 14 18 25 23 28 17 18 35 26 6 20 33 24 26 15 18 20 27 21 9 7 15 11 30 33 17 6 14 16 20 20 30 16 24 11 15 19 20 44 13 27 22 20 22 33 21 18 25 36 25 31 31 13 12 18 20 23 
24 18 19 15 24 24 21 12 32 39 38 12 32 14 17 20 19 32 20 29 40 24 15 21 33 26 20 26 35 14 13 24 23 25 34 21 19 10 31 19 21 23 31 36 17 18 13 30 32 21 32 31 22 19 18 18 27 16 21 19 19 23 9 19 25 32 28 25 28 14 20 22 22 14 28 27 34 15 26 26 23 8 17 19 24 12 44 26 19 14 12 9 17 21 16 29 24 25 11 18 17 24 13 37 24 16 21 28 20 18 26 37 14 25 25 10 19 28 17 18 
17 10 35 16 15 21 25 20 32 34 29 17 18 9 19 21 19 32 39 37 29 18 15 12 32 17 29 18 16 34 14 23 18 12 44 14 24 23 29 13 37 18 22 29 9 24 13 42 46 34 16 25 9 23 23 22 22 14 27 22 25 14 14 20 21 36 24 15 26 27 24 28 19 24 26 20 23 26 8 18 41 21 23 16 22 29 24 33 22 34 12 24 28 14 36 17 22 30 4 23 15 13 22 31 20 4 27 31 25 22 27 32 21 26 56 21 15 28 19 29 
17 26 20 17 17 6 30 13 30 24 26 18 17 19 17 41 30 26 36 26 22 19 13 20 25 20 17 18 27 14 20 33 20 32 34 9 32 20 29 21 22 3 32 9 27 15 6 26 31 30 38 26 16 21 24 28 21 22 24 18 32 34 15 34 15 33 26 35 35 27 17 20 19 11 40 19 24 38 22 24 23 20 18 36 35 32 40 17 12 32 10 22 33 13 22 12 11 26 15 12 8 29 20 33 24 16 32 44 13 10 27 19 15 21 31 14 10 20 28 26 
20 18 29 17 18 15 26 11 25 40 28 18 12 7 13 42 20 51 29 22 33 25 16 20 24 19 17 34 18 19 17 22 19 20 28 19 28 17 35 27 27 29 20 32 23 13 17 48 30 34 33 13 10 26 17 27 20 20 25 16 14 24 19 24 26 30 20 23 40 30 20 27 31 19 22 27 19 26 16 19 15 15 21 24 32 28 28 19 17 32 19 26 23 14 29 26 26 21 23 22 26 28 20 21 15 15 12 25 29 26 27 38 15 18 35 19 8 13 32 17 
18 14 35 13 11 12 36 21 39 29 22 25 26 23 17 28 21 29 30 24 29 29 19 22 21 29 13 12 27 29 11 37 23 26 30 21 19 22 29 6 38 30 25 32 12 15 15 22 28 30 43 33 14 21 9 5 15 5 24 19 11 14 17 26 15 23 32 21 32 35 14 27 26 16 21 23 28 18 24 21 29 13 17 20 22 19 33 21 14 29 10 26 22 19 28 32 30 23 12 17 19 33 11 19 26 26 26 22 26 14 35 15 10 28 32 7 11 29 28 26 
14 17 14 10 29 14 27 15 26 25 24 22 14 18 17 30 16 29 28 17 32 31 15 24 20 38 17 29 25 43 17 27 22 17 28 17 20 16 23 16 36 27 16 32 18 19 17 31 24 21 19 21 15 22 5 25 29 20 19 26 14 29 25 19 23 28 30 22 28 38 40 15 30 20 22 15 28 13 18 27 29 20 14 25 28 31 36 31 13 20 10 25 8 14 31 23 15 26 23 16 21 17 19 15 19 14 40 21 20 10 31 51 13 34 16 15 14 34 29 26 

MachineCapacities:
MachineID Capacity
0 10
1 10
2 10
3 10
