NumTasks NumMachines NumScenarios
20 4 30
TaskDetails:
TaskID ReleaseTime ResourceConsumption SuccessorsCount Successors...
0 0 4 10 7 5 2 2 4 
1 0 10 9 7 9 1 3 
2 0 7 5 9 5 4 5 6 7 9 
3 0 4 4 4 6 2 4 7 
4 0 10 2 10 8 3 5 6 9 
5 0 6 4 6 7 2 8 11 
6 0 7 7 9 9 2 8 11 
7 0 10 8 7 2 1 11 
8 0 1 5 8 2 1 10 
9 0 8 6 5 10 2 10 11 
10 0 8 3 4 3 0 
11 0 7 5 3 4 0 
12 0 5 2 7 5 2 13 14 
13 0 1 6 7 2 1 15 
14 0 3 5 10 5 2 16 17 
15 0 2 3 4 4 2 16 17 
16 0 3 4 3 6 2 18 19 
17 0 7 6 4 3 1 19 
18 0 6 1 2 8 0 
19 0 2 3 6 6 0 

13 14 7 22 10 11 15 32 13 12 21 17 12 17 35 7 24 8 20 12 19 9 16 31 14 10 13 17 12 20 24 14 13 19 20 38 30 30 32 16 15 15 37 18 16 11 37 25 11 32 13 24 19 11 10 32 15 13 27 13 9 24 25 13 25 34 11 35 14 14 21 15 26 16 29 25 14 16 29 22 
12 21 9 8 12 9 9 42 14 20 18 11 17 13 24 10 5 10 22 21 28 15 6 29 43 11 7 31 14 16 23 12 11 18 22 24 18 23 16 35 10 16 28 31 11 11 30 24 7 21 14 16 25 5 15 12 20 25 29 17 11 27 16 20 27 33 33 28 28 20 24 17 19 21 10 24 11 21 30 25 
14 22 10 19 12 14 8 29 14 14 18 9 12 8 22 8 34 10 30 28 31 13 17 24 50 15 13 38 13 13 32 17 13 15 21 40 18 12 22 22 20 21 27 11 16 18 24 20 10 27 13 17 25 5 10 29 13 21 25 15 11 17 20 30 22 38 36 22 33 22 34 11 21 22 21 27 12 18 22 25 
16 23 12 20 9 12 16 23 22 14 12 12 11 13 19 16 29 12 35 25 24 17 9 29 41 10 8 31 12 16 37 7 14 22 15 26 25 21 22 19 36 28 31 39 21 17 41 9 8 25 10 19 24 15 15 29 17 13 32 13 15 25 28 18 32 46 24 29 18 10 16 18 22 20 24 32 12 30 41 17 
22 18 12 27 10 12 10 20 14 6 19 15 15 12 22 8 22 11 32 24 14 14 11 20 34 10 9 31 16 11 24 12 8 24 16 41 22 10 34 27 20 18 16 17 14 9 25 16 10 15 11 17 18 11 13 20 7 19 24 18 8 26 11 12 18 32 18 24 20 21 23 12 21 21 35 12 13 22 25 24 
17 15 8 19 9 12 16 29 18 22 10 15 11 17 20 5 29 13 11 18 22 14 6 41 32 13 9 34 12 23 22 11 17 29 28 24 22 20 27 23 26 13 29 37 15 14 34 16 7 21 9 23 23 7 13 26 17 18 30 20 13 24 12 16 24 21 27 19 26 8 26 14 18 24 25 22 10 16 38 17 
9 27 8 13 17 4 17 23 16 15 15 14 11 19 23 10 28 15 36 28 29 18 14 18 28 15 12 31 14 12 33 10 13 18 25 27 22 17 26 19 23 14 19 31 20 14 35 23 8 36 13 21 29 15 11 31 10 15 38 23 5 31 24 16 20 45 21 28 22 16 16 12 25 16 27 30 13 14 35 30 
19 22 11 10 10 11 15 35 9 12 16 11 10 6 18 10 33 8 20 23 15 17 13 26 32 9 12 19 18 19 31 11 11 24 21 30 15 23 24 27 19 8 23 8 6 10 37 35 13 28 12 14 29 7 11 24 13 18 27 9 10 20 23 33 16 20 18 15 25 20 10 17 18 19 15 32 16 26 30 13 
15 15 13 12 18 7 10 34 10 10 16 12 11 17 37 7 25 11 27 22 19 13 7 29 39 7 15 41 9 17 20 8 13 19 13 29 19 16 28 18 23 14 16 26 12 9 21 20 13 26 10 19 23 7 12 25 10 24 20 28 9 30 23 19 12 35 7 34 34 15 23 12 19 20 20 30 11 18 38 24 
19 18 10 20 18 9 7 30 20 13 27 8 10 14 20 6 22 16 27 25 23 16 15 23 38 7 9 30 10 13 22 16 9 22 17 34 20 14 18 24 23 15 23 27 21 24 29 17 11 21 12 13 28 11 18 17 15 25 33 18 8 19 22 18 16 28 18 19 10 11 37 13 20 21 23 24 13 19 26 14 
20 16 10 13 9 11 13 22 15 12 14 10 11 15 15 11 22 17 31 19 20 15 12 43 27 15 5 20 9 15 26 11 13 19 20 29 28 34 36 13 27 22 18 28 16 12 29 19 10 28 11 18 21 15 16 16 12 17 22 18 8 34 26 24 30 30 20 40 13 21 14 20 18 19 45 34 10 22 23 26 
10 19 11 19 12 12 14 22 14 14 18 13 16 18 41 7 24 12 22 17 16 13 15 34 37 7 15 34 9 13 25 14 12 33 22 31 19 21 23 25 22 16 26 25 16 19 30 26 15 24 10 17 25 14 20 23 17 20 34 20 4 35 30 20 12 39 25 24 25 28 24 11 13 26 7 35 26 20 21 25 
12 16 8 16 15 8 10 34 14 6 24 13 15 13 20 11 20 10 26 28 27 12 12 20 21 13 2 32 12 12 20 10 15 21 32 25 15 21 19 20 13 31 29 24 20 22 25 25 7 27 14 21 18 13 13 24 18 14 40 19 14 28 20 24 20 18 17 24 22 23 31 15 31 23 25 32 11 17 29 27 
13 20 20 17 13 10 8 31 20 20 12 16 10 13 22 9 31 10 39 24 16 11 11 22 28 11 9 31 15 22 25 10 8 29 22 35 19 21 26 27 17 14 23 30 14 13 27 12 9 28 9 8 12 13 16 32 8 17 30 20 13 30 25 39 18 26 14 26 27 20 27 12 25 25 32 29 11 12 16 32 
15 20 15 14 9 10 11 20 19 11 15 14 14 16 21 15 39 12 31 13 10 16 12 34 28 6 9 19 10 14 9 12 12 14 28 11 4 18 38 14 23 14 26 33 19 17 29 15 10 34 14 13 36 7 15 25 14 16 26 7 10 25 18 26 20 21 14 25 19 24 22 15 37 19 27 36 13 15 21 11 
17 21 11 14 9 9 12 20 20 14 25 11 13 15 29 5 24 11 27 23 26 13 8 38 23 13 8 36 12 11 21 9 8 14 21 26 16 22 16 27 29 17 20 33 15 19 34 31 11 25 13 10 10 6 21 32 14 26 40 24 9 22 14 27 29 25 22 24 37 16 27 9 22 16 26 34 5 16 42 12 
15 20 12 11 12 10 11 5 10 15 12 19 15 15 23 15 22 9 34 26 8 10 13 32 23 8 12 42 15 17 25 9 10 21 23 12 24 25 24 19 28 17 25 28 9 19 22 13 11 26 13 14 26 9 17 18 10 23 36 21 6 26 8 26 22 16 25 30 28 14 24 14 14 17 16 38 21 12 28 11 
19 21 14 9 15 10 12 33 10 18 21 11 13 22 23 2 28 10 23 26 11 10 10 44 30 4 9 26 13 16 35 10 10 27 16 12 16 31 20 19 16 16 28 22 20 10 29 15 12 24 14 15 19 9 19 21 11 25 30 15 15 27 26 22 24 33 24 28 17 23 33 12 30 19 27 18 13 10 27 19 
19 15 7 17 9 12 8 37 10 13 22 12 18 17 16 10 29 12 27 22 20 12 14 23 37 8 14 14 13 4 17 7 8 24 19 39 16 14 24 18 24 18 21 41 17 10 22 25 11 30 11 14 8 12 11 22 15 20 33 29 10 20 5 26 25 34 24 24 15 4 28 13 21 15 19 11 15 14 35 19 
13 24 11 16 10 7 9 17 18 17 16 22 17 16 25 12 33 15 26 19 13 12 13 24 40 8 11 13 17 16 15 19 13 14 18 40 18 17 34 19 22 17 9 42 18 13 29 15 4 26 14 16 7 5 17 31 11 19 26 16 13 32 18 25 18 20 31 26 28 17 17 17 28 12 23 20 21 23 46 23 
15 23 18 15 6 11 8 22 18 15 18 14 13 21 27 9 23 12 27 14 24 14 13 16 19 12 7 37 11 19 15 10 11 25 16 32 20 26 21 39 12 7 18 38 18 17 36 10 15 24 14 17 7 15 20 18 13 18 22 12 8 33 25 15 15 32 18 32 21 28 20 15 24 15 24 23 13 19 28 19 
9 14 16 16 16 13 10 17 12 22 23 13 13 25 19 11 26 15 28 25 18 15 17 32 13 7 11 32 13 10 25 10 6 25 25 25 23 21 23 21 22 20 29 38 13 13 22 24 11 16 12 13 14 13 14 14 11 23 34 19 14 29 22 21 14 21 22 21 18 30 38 10 23 23 17 18 13 11 13 16 
17 11 10 11 12 7 12 34 14 28 24 14 14 14 26 14 29 11 28 24 11 12 11 44 25 14 10 26 14 13 20 11 18 28 19 27 17 15 30 33 11 29 16 17 14 16 31 15 10 25 13 14 8 11 20 28 11 26 37 20 10 28 17 31 33 35 22 17 21 18 23 16 21 20 19 18 15 21 28 30 
21 14 15 25 19 9 15 30 12 14 22 11 12 24 15 10 27 10 32 4 25 9 11 31 25 14 10 31 14 15 22 10 8 23 16 41 21 17 35 15 12 17 25 21 19 15 11 20 11 18 10 21 16 9 11 30 12 20 41 17 8 31 23 24 14 28 27 30 15 18 22 11 29 18 27 23 15 26 44 8 
13 9 15 20 14 9 7 34 12 16 13 12 16 18 34 10 22 21 23 18 31 10 12 25 28 11 10 33 11 20 21 11 7 20 25 25 19 28 22 27 17 18 13 37 13 12 39 17 11 20 12 8 24 9 9 23 14 22 16 22 10 28 22 22 13 20 21 18 30 25 25 19 16 12 21 24 7 19 29 20 
14 20 12 17 14 7 17 34 26 19 17 10 13 15 36 15 34 14 29 19 25 15 16 23 29 10 18 30 15 10 26 13 11 12 26 25 19 9 34 20 17 23 17 9 16 15 36 14 13 24 10 15 25 15 17 23 15 17 26 14 11 25 25 13 23 25 17 26 31 21 34 14 26 18 20 17 17 12 15 25 
13 21 9 17 17 15 11 30 21 10 13 10 16 15 28 6 30 12 23 19 20 6 11 30 41 16 8 21 14 19 10 14 8 26 31 39 14 15 27 21 23 26 20 28 21 11 31 23 20 36 13 21 11 14 13 16 15 13 29 12 6 8 21 16 28 25 24 17 22 14 14 12 27 20 29 23 19 16 36 28 
7 19 8 16 12 10 9 24 20 12 25 13 13 11 11 12 33 14 23 20 17 4 13 20 28 8 14 28 14 16 16 10 14 25 23 29 23 19 16 35 22 24 35 32 11 15 12 20 9 18 17 6 27 5 12 16 10 20 36 19 11 23 19 16 12 45 13 33 25 23 18 17 27 12 26 24 11 24 22 19 
19 21 16 20 10 4 9 29 23 18 23 15 11 16 26 7 36 9 21 25 23 10 15 34 33 8 9 28 14 16 27 11 18 13 29 19 13 15 31 24 9 16 12 35 19 3 31 19 9 29 12 12 21 14 25 20 15 22 27 23 11 16 17 39 23 21 26 41 29 33 33 14 15 21 20 19 14 18 33 28 
22 22 13 9 13 15 10 20 19 14 7 15 12 15 22 7 32 14 32 13 24 12 13 34 35 9 18 20 9 14 29 8 13 24 23 39 24 23 26 31 12 21 22 25 10 9 26 25 13 24 13 14 19 11 17 17 4 19 20 19 9 30 23 16 23 31 24 20 25 22 27 14 10 15 10 25 18 26 36 24 

MachineCapacities:
MachineID Capacity
0 10
1 10
2 10
3 10
