NumTasks NumMachines NumScenarios
20 4 30
TaskDetails:
TaskID ReleaseTime ResourceConsumption SuccessorsCount Successors...
0 0 2 5 3 5 2 3 4 
1 0 7 5 6 4 2 3 4 
2 0 8 8 10 10 2 4 5 
3 0 5 2 1 7 3 5 6 7 
4 0 8 4 6 8 2 8 9 
5 0 3 5 5 9 1 8 
6 0 9 7 7 7 2 11 12 
7 0 4 6 9 8 3 9 10 13 
8 0 2 7 10 1 3 10 11 13 
9 0 2 7 10 7 2 11 12 
10 0 3 4 6 3 1 12 
11 0 9 9 2 4 0 
12 0 8 6 2 4 0 
13 0 7 9 3 8 0 
14 0 9 10 5 3 2 16 17 
15 0 6 5 1 4 2 16 17 
16 0 6 6 9 7 1 18 
17 0 3 8 6 3 1 19 
18 0 2 7 5 8 1 19 
19 0 9 8 4 4 0 

31 9 3 14 19 12 36 19 23 22 11 9 24 18 51 21 29 18 18 12 20 22 5 35 27 21 10 12 12 24 27 26 22 25 22 19 29 12 12 35 17 34 23 24 21 13 7 10 14 12 20 13 20 22 17 9 31 35 35 22 12 12 24 16 17 27 20 23 22 33 17 31 18 44 23 20 12 24 17 37 
24 15 13 14 24 10 37 55 19 20 9 7 21 14 21 31 24 25 26 13 24 27 18 29 26 28 12 14 10 33 28 20 16 35 21 23 23 13 21 18 19 26 25 27 17 34 20 11 19 10 21 9 16 4 13 9 28 39 15 23 11 19 26 27 15 13 15 24 18 16 17 37 15 35 30 34 22 24 21 21 
27 11 14 10 14 16 28 36 9 18 12 8 21 13 33 18 33 14 25 14 26 26 14 24 17 29 13 12 10 25 22 11 30 28 18 25 25 14 14 24 13 28 27 21 29 15 18 13 7 12 31 9 21 32 6 11 46 14 26 26 13 10 16 25 21 21 31 18 7 24 22 30 17 27 23 29 16 30 17 28 
28 10 21 23 15 15 30 20 31 30 12 8 15 19 25 30 31 21 19 14 35 41 13 28 26 22 13 15 9 31 12 22 17 39 28 12 24 12 25 27 19 43 20 21 25 17 20 11 14 12 23 5 28 12 10 11 32 40 22 16 15 20 32 14 18 24 11 24 26 20 12 25 15 35 32 36 29 29 25 22 
21 18 22 6 18 12 31 38 19 7 11 13 22 16 14 21 31 16 23 16 23 36 8 29 29 23 14 11 9 23 24 17 27 22 10 20 23 13 19 18 18 47 33 16 30 38 15 11 16 10 26 18 15 15 15 12 34 20 22 25 9 9 17 31 13 15 22 15 19 28 19 30 13 38 35 8 26 27 18 18 
17 13 17 11 12 12 39 42 11 15 12 10 20 25 13 24 39 27 26 18 23 32 8 26 47 14 14 13 12 21 21 22 24 20 22 21 16 15 33 19 14 27 34 11 14 18 20 10 13 13 28 9 18 8 19 9 37 31 25 23 4 16 27 19 19 20 12 25 11 36 19 32 5 20 55 25 20 36 10 18 
26 15 24 16 28 17 32 17 22 21 9 16 10 13 22 17 20 17 16 19 18 32 14 24 33 14 10 10 10 14 21 26 22 35 19 23 26 13 24 28 18 23 16 27 30 25 25 15 12 7 43 9 21 15 15 12 36 20 23 23 12 13 12 17 18 40 19 19 22 21 22 16 17 18 29 27 26 18 4 29 
28 12 30 16 27 9 36 11 20 21 11 9 22 19 39 22 23 11 18 6 19 42 7 31 29 29 16 16 10 29 23 21 19 14 15 20 18 10 11 9 15 49 30 24 37 26 22 14 11 14 49 13 22 19 14 15 31 16 21 16 6 19 30 18 25 31 17 14 22 24 21 15 14 24 34 31 35 38 27 30 
31 15 19 18 28 10 34 21 21 16 12 9 19 19 17 29 28 16 14 18 13 27 17 23 33 18 10 12 10 28 12 9 26 32 11 11 22 9 31 18 15 29 24 21 20 29 22 12 17 16 35 8 19 18 13 10 24 35 27 16 6 12 7 30 13 35 27 24 17 28 13 33 12 34 29 22 18 17 12 25 
26 18 25 9 24 16 24 21 26 23 9 14 14 16 27 22 30 17 4 28 26 31 9 24 33 21 5 14 6 19 18 23 24 41 26 13 26 10 18 21 15 38 22 26 12 27 20 17 14 12 36 13 14 20 6 13 25 31 15 16 13 17 21 26 13 29 37 14 22 32 13 35 14 51 28 36 10 30 18 28 
26 17 13 15 33 11 27 36 28 14 5 10 12 18 30 20 34 18 23 15 11 40 15 28 17 26 12 15 5 21 23 11 35 28 12 18 12 8 28 23 17 27 24 22 35 25 14 17 14 14 37 2 21 24 15 15 24 14 21 22 11 17 26 22 25 31 30 6 19 30 13 30 11 14 27 21 22 19 20 30 
29 18 18 13 19 11 42 26 14 24 11 18 22 16 8 22 19 20 21 16 18 24 13 40 23 24 10 12 7 29 20 23 32 29 12 12 10 8 19 30 23 32 20 31 9 37 21 9 12 14 38 11 12 24 10 14 40 26 17 19 10 11 21 31 18 36 24 17 13 33 10 17 17 24 33 24 27 27 27 28 
15 24 20 5 22 15 34 29 24 25 15 11 20 18 28 19 29 22 19 28 17 32 13 29 32 24 13 11 10 14 29 13 25 22 17 13 19 8 24 25 24 19 23 15 36 42 21 12 15 7 23 5 21 15 18 10 29 17 27 30 8 16 27 22 27 30 27 19 23 16 19 38 20 23 28 20 15 36 17 22 
15 16 23 7 28 16 29 34 39 20 18 14 21 13 21 25 28 20 18 26 18 27 14 31 28 22 13 11 8 11 21 14 14 37 14 21 11 10 23 24 28 21 32 28 22 24 13 14 8 13 26 8 6 6 13 14 23 20 18 13 9 22 22 20 20 21 29 24 14 33 9 34 14 36 19 16 29 33 16 42 
31 10 27 9 21 10 36 27 32 19 9 7 24 12 30 27 26 16 21 20 15 30 4 21 3 24 10 11 12 24 17 19 32 23 23 25 24 8 26 20 22 34 22 32 26 38 20 9 13 20 22 11 21 18 13 11 24 17 37 18 4 18 11 30 17 20 29 17 18 41 13 30 12 52 19 27 32 24 23 27 
36 18 28 25 20 10 33 22 23 27 9 10 15 10 28 27 28 22 20 23 34 18 12 27 29 29 15 9 6 22 17 14 29 30 22 21 27 12 26 21 13 31 28 22 16 36 12 13 15 14 23 14 10 26 12 11 31 14 29 22 14 21 25 18 9 34 36 16 15 49 15 28 19 36 22 24 24 17 26 37 
24 16 20 13 21 11 40 14 31 19 14 11 21 11 19 19 10 23 25 18 33 35 11 26 26 21 9 10 14 29 13 17 33 30 8 15 20 7 18 25 25 36 34 20 29 25 28 13 13 17 31 9 15 16 11 13 31 31 25 15 4 20 23 17 24 34 32 18 21 36 6 27 16 45 34 25 32 25 19 35 
17 12 16 17 24 19 25 20 32 19 14 9 21 9 30 21 13 13 26 23 28 32 8 16 34 29 12 7 7 27 21 13 24 26 21 22 24 8 25 19 12 27 29 20 27 22 17 16 13 15 43 17 18 20 17 8 34 36 21 10 6 9 36 20 29 33 18 16 20 32 18 37 17 30 24 19 26 21 13 15 
23 22 24 8 31 12 28 13 18 23 9 12 21 22 36 22 13 17 18 17 16 27 12 23 28 17 9 11 4 16 29 23 12 20 12 11 15 6 10 22 20 20 18 28 25 27 23 11 12 12 51 13 14 10 13 10 23 39 21 24 9 19 25 11 6 24 20 20 20 43 20 19 11 41 38 21 24 29 22 26 
23 12 18 20 21 16 40 22 18 20 11 7 13 11 24 26 19 22 27 27 20 29 11 21 22 36 15 10 8 20 27 21 25 21 28 13 32 13 23 29 18 30 12 27 24 26 22 8 7 15 33 6 20 26 12 11 22 27 21 20 11 13 21 25 15 28 16 18 11 34 15 23 23 28 23 26 27 40 23 21 
31 17 15 22 24 11 17 25 25 14 13 9 18 14 38 21 22 12 19 18 17 12 8 31 27 24 12 6 9 20 29 16 38 19 14 21 15 9 25 21 18 49 35 19 30 35 24 12 13 15 20 9 15 16 16 10 33 24 29 21 8 14 32 25 21 20 21 17 23 18 16 15 17 31 33 28 29 34 17 26 
27 20 18 14 19 15 31 23 33 15 18 7 19 16 36 26 23 15 23 15 33 25 17 22 8 41 13 11 11 30 26 29 28 21 22 20 19 9 29 20 19 28 25 27 22 29 27 12 11 5 16 10 20 21 10 15 36 38 29 20 12 16 15 36 9 15 18 15 17 39 19 25 9 34 39 20 17 16 14 35 
12 16 14 11 21 11 36 23 22 22 16 8 21 17 31 24 25 18 9 24 27 29 18 34 23 35 9 11 8 21 20 19 26 24 10 18 23 4 22 19 21 36 22 5 31 35 23 9 15 10 23 9 15 26 12 6 40 30 33 20 8 22 30 19 12 35 22 21 14 22 7 17 8 34 30 31 29 15 25 26 
26 12 14 17 19 16 24 23 29 14 14 8 20 12 27 29 32 22 18 15 29 43 19 22 31 33 10 11 5 29 34 17 15 8 30 17 19 11 19 22 7 18 11 16 23 33 23 12 15 15 21 9 19 23 12 9 35 30 22 23 8 17 19 16 31 20 23 14 16 34 18 26 15 30 31 22 17 27 14 24 
24 17 10 27 23 15 21 14 27 12 10 15 15 8 24 27 29 14 20 7 25 37 9 24 31 24 16 9 13 22 21 19 31 24 20 21 17 17 13 15 9 22 22 22 13 36 16 13 13 8 30 9 17 23 13 13 34 14 19 21 9 15 10 27 20 40 23 22 15 37 14 28 20 40 24 31 32 38 12 26 
9 16 15 16 26 12 25 30 24 22 17 8 19 9 30 28 29 21 19 31 16 29 9 31 38 21 15 9 8 25 23 18 32 19 23 11 14 12 23 15 20 34 47 26 29 34 24 16 12 14 33 13 23 21 16 18 42 26 20 20 9 18 16 21 17 26 21 16 28 14 12 39 23 33 24 22 23 16 21 32 
23 16 11 13 22 12 24 15 33 17 12 15 19 15 25 30 32 14 12 22 21 30 4 28 24 43 9 14 7 25 27 20 29 22 25 32 29 14 21 26 15 24 24 21 36 20 18 8 15 11 35 6 23 14 7 12 29 30 30 30 15 24 19 25 10 14 20 20 14 37 14 39 18 27 54 17 21 21 15 27 
23 9 31 16 23 8 24 21 35 18 14 10 23 21 24 28 30 10 14 14 21 24 10 30 28 28 12 9 10 20 22 22 26 9 14 21 24 10 23 26 18 34 16 19 19 14 14 13 16 13 44 10 13 19 9 10 17 38 16 17 13 20 23 25 19 33 30 26 12 33 8 8 12 39 25 14 23 35 9 24 
12 15 22 10 21 16 31 28 17 26 14 9 23 13 17 38 30 15 13 16 21 21 14 23 27 30 16 12 11 16 25 14 17 17 11 20 19 17 28 33 16 28 28 22 35 28 11 14 13 9 37 9 19 23 7 10 25 26 31 31 8 15 15 23 17 22 18 9 20 29 12 20 11 48 21 19 20 27 16 22 
14 15 22 19 21 12 36 30 31 21 10 13 22 10 21 28 20 22 12 17 27 22 8 13 31 28 14 9 7 32 32 21 29 29 27 21 17 13 21 23 12 27 30 19 26 38 21 3 12 10 28 12 21 12 11 8 22 26 28 18 13 11 13 24 5 17 27 24 23 16 16 33 5 39 18 28 20 26 21 29 

MachineCapacities:
MachineID Capacity
0 10
1 10
2 10
3 10
