NumTasks NumMachines NumScenarios
20 4 30
TaskDetails:
TaskID ReleaseTime ResourceConsumption SuccessorsCount Successors...
0 0 3 5 2 1 2 1 2 
1 0 10 5 1 9 2 3 4 
2 0 8 3 3 3 2 3 4 
3 0 1 4 3 9 2 5 6 
4 0 3 3 7 10 2 5 6 
5 0 9 2 10 5 2 7 8 
6 0 2 2 7 5 2 8 9 
7 0 6 7 3 8 1 9 
8 0 2 5 10 5 1 10 
9 0 4 9 7 10 1 10 
10 0 7 2 2 8 0 
11 0 3 8 3 8 2 12 14 
12 0 6 2 3 7 2 13 15 
13 0 4 8 7 7 1 16 
14 0 1 2 5 2 2 17 18 
15 0 7 8 7 7 1 16 
16 0 7 2 5 5 2 17 18 
17 0 5 8 7 5 1 19 
18 0 8 3 6 5 1 19 
19 0 9 2 9 1 0 

35 21 16 26 15 14 15 33 12 13 11 26 22 15 19 17 10 11 13 13 20 23 24 30 29 13 9 17 14 8 12 29 16 24 12 5 18 7 32 31 30 19 19 38 30 12 19 35 8 15 17 40 8 32 12 27 25 18 9 20 31 13 18 12 18 12 15 10 25 32 13 23 26 12 30 11 15 8 20 10 
20 38 23 27 12 10 42 34 15 13 17 31 22 20 37 11 8 13 27 13 27 23 18 22 33 8 15 33 11 19 17 23 14 14 22 20 14 8 31 22 33 20 29 27 32 26 12 18 11 20 25 26 5 28 18 26 32 15 13 19 20 8 28 10 23 15 27 25 24 21 24 22 28 16 25 9 27 13 32 17 
15 21 24 29 28 13 25 20 14 16 10 38 28 24 33 10 9 16 22 12 15 16 26 21 23 15 13 24 15 25 15 21 16 13 17 22 19 11 29 27 29 9 24 28 20 18 14 4 10 16 20 25 12 17 14 30 30 13 14 26 27 11 18 15 25 16 20 18 25 17 24 32 20 11 23 11 30 13 27 15 
37 32 29 25 26 6 36 37 13 17 8 25 11 17 30 14 9 16 17 14 28 16 29 25 24 23 9 14 8 13 16 25 9 21 14 22 15 17 35 23 48 28 12 28 26 17 30 17 15 13 19 19 5 29 15 36 31 13 10 15 13 12 20 18 22 24 22 22 17 11 15 23 11 11 22 7 18 13 14 14 
19 31 21 25 28 16 26 23 11 19 14 18 34 14 22 13 15 15 13 12 18 19 17 22 28 13 11 27 7 15 9 27 9 13 16 18 16 8 39 26 41 27 14 28 43 18 19 12 15 17 16 32 13 29 13 20 34 17 8 22 18 14 16 9 26 13 26 22 18 19 32 20 23 17 16 13 15 12 39 15 
18 33 21 33 25 8 47 32 9 17 11 19 27 16 34 13 10 12 10 7 20 16 17 20 27 19 11 20 12 16 19 18 10 21 10 16 13 10 41 24 18 24 17 23 13 15 29 10 8 25 28 12 10 29 13 27 12 16 10 11 11 6 16 12 21 11 14 20 13 19 31 21 23 15 25 10 31 13 42 14 
26 30 9 41 13 12 31 27 9 15 11 29 18 16 22 13 14 19 18 15 30 11 32 15 19 13 13 31 12 16 13 29 6 27 15 26 18 10 30 37 30 30 16 32 33 12 12 32 14 10 25 34 10 36 14 35 36 13 13 10 17 13 19 13 32 33 16 20 29 19 19 29 15 15 25 13 23 10 38 14 
11 18 28 39 38 4 48 27 14 18 18 29 28 24 39 14 10 13 16 12 22 11 12 19 21 21 7 31 11 11 29 20 10 28 13 22 7 13 27 26 28 25 31 23 23 26 19 17 13 9 17 31 9 51 10 36 35 18 16 23 18 12 34 13 19 32 24 12 20 16 21 18 22 8 33 14 17 14 19 17 
35 31 29 24 22 9 34 18 11 19 13 24 24 21 19 10 4 14 26 11 22 23 23 18 35 18 8 32 14 24 19 19 10 21 17 19 12 10 16 19 21 20 21 23 40 22 18 20 8 10 14 23 15 31 8 25 21 18 4 23 17 11 22 13 23 25 27 13 16 16 11 34 23 13 24 7 25 12 30 13 
16 39 25 25 28 10 21 22 10 18 7 29 26 13 30 13 12 19 20 11 27 19 19 15 30 17 9 34 16 16 15 18 12 19 17 30 17 12 29 25 30 12 27 36 38 28 8 30 18 18 20 13 10 33 8 33 36 17 11 22 18 14 19 13 23 21 14 14 23 12 29 18 23 9 7 19 20 13 26 14 
17 23 27 34 18 12 29 22 11 17 6 22 39 22 26 10 10 15 12 23 31 19 22 15 21 14 10 28 11 18 18 25 13 25 18 21 6 11 35 22 35 6 26 31 30 26 4 34 9 17 13 17 4 33 13 25 25 15 9 15 19 9 24 14 14 11 25 21 13 20 19 28 16 9 12 9 13 11 20 19 
40 30 27 10 30 17 33 31 16 13 8 26 31 20 38 14 6 14 16 11 28 17 16 18 26 14 12 27 17 10 23 33 13 19 13 32 21 9 28 36 37 22 17 22 35 21 20 20 5 25 34 13 13 25 12 32 19 15 20 13 15 15 26 15 25 21 29 25 17 16 21 23 17 16 24 1 21 14 32 18 
23 34 29 18 27 11 8 11 9 13 9 10 15 13 32 10 4 12 21 9 20 18 16 20 32 14 10 15 10 19 29 44 17 10 19 25 20 9 30 26 36 13 20 30 45 26 16 28 12 19 25 31 7 13 10 26 35 4 10 26 21 16 11 14 29 26 17 22 12 20 28 27 20 14 17 7 22 13 19 15 
29 33 21 38 18 11 25 28 11 11 12 27 20 21 33 13 9 10 10 15 36 19 20 26 22 14 16 28 12 12 14 21 13 20 21 11 14 11 29 42 34 23 21 29 10 25 19 28 13 18 19 28 11 23 7 24 19 20 10 26 19 13 31 8 22 19 21 11 17 20 17 34 19 11 17 13 18 10 29 14 
31 15 16 42 20 14 40 29 13 9 12 30 35 22 19 10 11 13 18 9 29 20 29 28 22 25 11 26 10 14 14 32 12 31 7 16 6 10 16 21 28 14 16 26 24 26 18 26 11 24 21 14 13 42 8 32 21 13 10 23 9 8 22 13 26 30 29 22 18 26 18 25 17 13 23 11 24 10 30 15 
19 36 20 35 21 5 39 18 12 17 13 22 20 20 32 11 5 14 10 16 32 18 19 19 19 24 10 27 9 15 15 34 13 21 17 23 14 7 10 21 24 7 18 30 31 26 8 26 17 17 17 22 9 23 12 14 24 14 18 13 21 9 13 4 29 11 25 16 17 18 25 23 14 11 19 13 12 11 29 21 
25 26 20 23 32 13 39 17 12 20 7 23 34 26 40 18 3 12 17 13 34 18 22 22 17 10 11 28 14 25 19 12 12 19 15 19 24 11 30 16 32 13 30 25 23 12 32 34 10 11 26 22 3 22 14 27 32 12 18 17 16 10 20 11 25 24 12 20 16 17 15 24 15 13 28 14 17 14 22 19 
21 22 23 18 33 13 14 21 10 11 12 27 23 16 36 7 13 8 18 18 25 14 20 23 6 14 13 17 18 25 20 36 12 25 15 14 15 8 30 29 24 20 12 30 58 22 22 35 11 20 26 15 19 8 13 7 34 21 16 20 15 15 25 9 22 21 27 20 20 21 15 19 15 10 22 14 10 17 8 18 
31 24 28 43 20 10 22 25 11 23 10 32 27 17 29 13 7 9 20 15 31 15 22 23 29 19 13 20 10 21 25 36 14 21 15 26 18 14 25 22 37 20 19 27 18 25 24 16 10 17 25 29 5 12 4 30 22 21 11 18 28 12 19 14 11 24 15 18 21 12 9 41 15 12 21 12 22 13 37 7 
26 18 25 27 11 9 29 34 10 13 16 22 27 18 24 10 9 17 17 10 39 10 18 17 31 15 9 29 11 23 12 33 6 15 10 26 11 8 25 34 37 14 26 16 30 21 15 25 6 27 21 37 10 28 11 28 28 14 10 22 23 16 16 14 20 14 12 25 12 25 27 27 26 15 19 8 23 10 28 13 
8 21 10 28 32 11 29 23 13 9 14 30 22 17 13 12 12 16 24 11 27 16 18 19 17 15 14 23 9 23 12 38 7 15 17 16 20 5 37 34 43 31 21 35 30 20 21 31 10 15 21 39 8 24 12 31 23 22 10 17 10 12 29 12 24 15 24 18 18 20 21 26 25 12 33 9 17 14 28 13 
35 24 29 31 27 10 22 28 17 16 16 24 23 21 29 19 8 9 16 11 26 12 7 19 18 25 11 20 8 27 15 32 18 29 16 26 14 13 23 15 37 32 22 42 32 27 21 25 11 24 22 37 9 35 8 24 20 18 7 16 19 12 31 16 17 24 20 15 19 19 20 28 23 13 18 11 27 16 37 22 
19 22 18 25 34 9 34 40 11 16 12 20 29 11 30 10 8 18 22 13 20 14 18 14 29 18 16 34 11 28 20 37 13 26 17 23 9 9 26 28 43 18 23 30 51 27 29 18 8 17 24 15 16 20 18 26 20 10 14 15 8 9 34 10 27 23 17 17 25 18 18 28 15 12 13 11 14 14 8 12 
21 29 20 30 16 10 49 23 8 14 17 35 26 16 24 14 8 11 7 13 25 19 16 23 28 19 10 38 11 22 19 21 16 30 10 20 17 12 25 26 33 23 17 37 20 15 23 29 7 23 18 22 15 33 10 26 26 12 8 17 10 14 19 13 17 20 28 17 19 18 9 11 31 9 24 13 20 8 16 21 
50 30 14 33 29 10 24 18 10 20 6 20 18 7 37 14 9 11 18 17 30 12 33 18 33 12 20 24 13 22 14 30 16 19 19 23 12 14 28 12 36 28 20 27 26 28 20 33 12 25 17 28 12 29 7 23 23 25 12 24 16 14 20 14 19 23 29 18 15 14 19 31 15 13 20 10 17 12 40 12 
25 33 7 24 45 8 5 31 17 11 19 27 19 13 43 13 8 17 17 13 33 13 30 19 24 16 17 28 11 23 25 20 9 31 16 18 15 16 33 10 27 15 22 44 26 14 10 32 9 13 29 31 8 24 14 22 32 12 8 32 19 16 31 14 9 15 19 23 23 24 11 25 35 15 25 11 22 15 26 16 
28 24 34 42 33 13 36 38 10 15 10 20 14 18 21 16 11 8 18 11 22 19 22 22 32 18 11 28 15 36 13 24 7 28 11 18 14 10 16 16 39 30 8 33 22 26 18 29 10 22 29 21 14 39 9 46 33 12 16 27 15 10 16 14 24 18 6 17 11 12 23 15 26 12 27 12 17 7 24 10 
22 21 25 35 32 9 39 28 12 13 11 24 31 10 23 15 11 10 18 12 23 24 22 16 23 20 10 36 14 16 25 20 17 22 21 21 8 14 20 28 32 14 18 26 25 24 25 30 10 8 18 25 12 18 10 21 20 15 14 20 7 10 26 12 20 32 19 20 22 18 21 10 17 10 24 10 21 14 7 17 
18 15 13 25 23 14 20 24 21 14 12 20 43 14 25 13 8 9 19 19 25 18 26 24 16 15 13 25 11 31 20 28 15 24 12 17 9 7 28 25 30 15 17 18 21 24 22 36 16 20 14 35 12 16 14 28 27 22 12 25 19 13 25 12 30 26 21 18 14 31 19 15 26 10 30 8 12 10 41 15 
22 22 21 7 20 16 16 47 13 10 15 27 3 8 26 12 4 15 13 10 29 17 18 19 22 15 15 7 12 28 22 21 11 20 20 21 12 8 33 21 26 18 24 32 36 21 26 23 12 17 25 16 10 34 10 27 34 22 11 13 16 5 14 12 12 19 21 13 24 16 11 28 28 11 17 12 13 9 30 13 

MachineCapacities:
MachineID Capacity
0 10
1 10
2 10
3 10
