NumTasks NumMachines NumScenarios
20 4 30
TaskDetails:
TaskID ReleaseTime ResourceConsumption SuccessorsCount Successors...
0 0 9 8 10 6 3 3 4 5 
1 0 5 4 4 9 2 2 5 
2 0 2 6 5 9 1 4 
3 0 3 3 10 7 1 6 
4 0 9 9 3 6 1 6 
5 0 1 10 3 7 2 7 8 
6 0 3 8 9 5 2 7 8 
7 0 1 8 7 7 2 10 11 
8 0 4 6 3 7 2 9 10 
9 0 3 2 9 4 1 12 
10 0 9 9 10 1 0 
11 0 8 4 4 9 1 12 
12 0 7 6 10 4 1 13 
13 0 7 8 4 5 0 
14 0 9 7 10 8 1 17 
15 0 9 6 6 5 2 16 17 
16 0 5 3 6 8 1 18 
17 0 3 10 8 9 1 18 
18 0 9 5 2 5 1 19 
19 0 2 10 3 5 0 

30 28 35 12 15 20 23 13 32 12 17 10 20 41 4 11 13 22 8 22 11 14 25 18 28 19 19 25 13 14 7 36 20 25 15 38 31 36 9 11 21 20 19 6 20 23 25 8 9 13 22 15 17 20 9 14 21 33 23 18 18 23 10 20 31 19 24 17 19 15 36 30 21 15 13 26 8 35 16 19 
19 5 34 10 11 18 12 14 29 15 33 10 31 30 15 36 18 16 17 30 17 16 16 11 39 29 16 28 8 13 5 28 11 41 20 41 17 29 6 11 16 20 12 11 18 24 28 15 7 12 36 16 16 13 13 18 34 13 38 24 17 26 14 16 32 12 29 16 20 16 38 34 20 21 10 9 5 34 27 11 
17 12 32 18 15 31 22 15 35 16 41 12 24 35 8 37 15 9 16 35 20 13 15 27 28 20 16 18 7 10 10 23 9 9 10 35 26 22 32 14 10 2 42 9 26 17 24 20 19 15 27 17 14 17 9 11 34 29 37 16 11 32 17 15 28 21 16 6 17 9 31 8 17 20 7 11 6 26 24 21 
22 21 23 12 6 35 11 10 36 15 30 11 21 25 8 24 19 17 17 19 14 18 15 12 25 20 4 31 12 16 14 22 16 27 27 31 20 26 28 12 21 11 35 10 24 18 11 12 17 16 39 10 11 23 15 7 25 30 12 9 13 23 16 24 23 19 31 18 14 13 24 26 17 26 11 24 11 38 25 21 
37 19 20 15 13 32 19 6 23 17 29 5 20 22 10 35 20 12 13 31 11 8 12 20 26 13 17 25 10 13 13 17 14 31 18 26 19 27 19 15 8 16 24 15 24 30 27 8 17 12 31 13 15 37 13 12 19 31 41 21 10 20 8 24 33 14 15 11 17 15 19 26 29 20 19 7 9 35 32 18 
23 15 33 11 8 20 21 9 25 15 33 15 38 26 8 23 7 24 12 24 12 8 8 29 14 36 18 24 13 12 14 25 21 33 14 24 18 25 33 12 11 16 36 17 32 25 19 15 14 10 19 12 12 17 14 10 19 41 36 16 11 32 15 26 22 18 35 17 20 14 14 21 24 30 6 25 10 11 22 11 
21 18 16 15 10 34 22 16 29 15 25 19 18 32 3 13 24 19 23 22 13 14 15 26 11 25 10 20 16 9 12 25 14 34 16 27 20 37 19 19 24 15 36 15 28 14 23 8 16 16 39 15 18 30 16 10 27 25 25 15 11 37 6 28 40 17 26 14 11 12 28 17 26 22 16 28 8 26 19 15 
13 24 40 10 12 29 13 15 33 18 35 10 21 29 3 29 19 17 15 25 16 12 20 14 26 9 14 27 15 10 10 13 14 16 14 40 26 31 24 13 22 18 11 18 19 32 46 22 21 7 29 14 15 36 16 8 32 16 23 30 10 30 16 19 33 8 36 14 20 14 35 22 21 16 22 10 10 31 19 20 
29 25 34 10 11 29 11 11 35 6 26 12 28 18 14 18 20 21 23 28 6 13 16 15 25 36 19 26 11 12 15 23 20 19 26 29 19 25 42 8 20 9 36 20 20 28 21 11 13 12 26 19 14 22 16 8 16 15 33 5 12 26 21 18 30 6 35 21 21 13 35 18 28 31 13 23 12 23 25 8 
34 28 12 22 9 21 23 12 46 12 22 8 31 36 9 36 32 15 24 34 16 14 18 28 27 16 15 5 13 17 6 12 10 18 24 36 24 12 40 10 22 16 52 13 17 18 25 15 13 10 29 12 9 14 14 8 18 22 20 14 8 22 15 20 35 19 24 9 21 14 32 26 19 29 17 15 10 23 32 11 
33 18 33 14 16 23 20 13 40 8 25 6 16 21 1 24 20 15 28 29 10 8 16 21 22 23 9 26 7 9 11 22 21 10 19 26 26 24 35 16 10 20 27 11 37 13 15 12 15 13 25 17 15 19 15 7 18 26 16 17 8 29 21 15 41 19 15 16 17 12 35 22 15 15 15 17 13 32 25 19 
33 11 29 17 14 11 25 12 26 12 41 11 24 21 9 38 15 15 9 37 15 12 16 18 31 25 17 25 16 15 14 23 9 22 16 18 27 24 27 11 17 12 40 14 14 28 22 8 10 15 30 11 4 19 18 9 28 19 28 28 13 27 14 22 15 16 26 16 18 13 26 22 16 22 14 22 10 25 26 17 
34 13 44 19 15 15 25 17 24 15 32 11 30 45 11 33 19 16 19 22 21 11 16 14 19 25 17 20 13 12 17 21 19 23 20 26 32 22 39 13 28 10 24 14 27 20 17 23 13 10 29 16 13 32 17 17 24 21 35 22 8 21 22 24 30 17 11 19 10 21 22 30 13 20 23 24 10 37 40 15 
27 19 25 9 8 14 23 10 33 12 30 17 26 16 10 18 17 17 25 29 17 8 13 22 23 29 15 24 12 9 15 15 18 33 19 30 29 36 22 15 22 9 38 12 22 16 29 15 13 15 28 16 11 25 13 13 29 20 37 16 11 14 9 9 33 20 34 17 14 12 31 26 19 24 17 19 10 42 26 16 
22 18 42 23 13 24 21 13 19 13 24 13 20 29 10 40 14 20 13 40 19 7 17 28 27 20 18 32 17 13 10 26 14 26 15 24 17 33 26 15 12 15 36 15 30 25 23 17 12 13 30 17 12 29 15 9 21 29 25 31 12 24 14 24 21 16 27 14 21 10 15 33 30 18 21 22 11 23 34 15 
25 15 16 8 13 23 17 14 48 10 42 11 25 21 6 33 22 13 21 35 16 14 23 14 35 28 14 23 9 12 19 32 12 40 14 42 26 18 25 18 19 15 15 19 37 24 22 17 8 12 19 19 14 34 17 10 13 39 35 26 14 21 20 28 34 18 41 15 14 16 22 21 19 27 17 12 8 34 25 18 
16 15 26 12 13 23 21 9 26 17 21 12 24 33 15 21 22 25 27 23 21 8 17 24 30 29 15 18 5 17 14 24 13 25 12 36 11 33 34 7 21 18 19 9 24 20 14 19 6 7 23 14 11 25 14 11 28 23 47 14 12 31 14 24 41 14 30 18 15 9 19 21 32 27 12 20 6 19 10 14 
37 14 28 12 11 34 20 5 51 14 29 8 28 25 15 18 13 13 18 29 4 10 20 14 25 8 20 31 11 15 12 20 18 33 11 20 33 29 27 13 24 20 35 18 30 29 23 18 12 11 38 20 9 24 10 15 15 19 22 18 9 18 8 16 29 10 28 17 14 12 33 18 14 23 19 18 11 32 29 17 
26 16 27 13 9 11 24 13 30 11 41 14 23 40 15 21 23 14 19 33 16 10 13 24 22 17 14 25 10 9 18 22 7 42 12 34 20 18 10 11 8 11 37 9 30 17 19 18 15 12 41 18 14 26 10 15 23 40 23 13 9 32 12 25 39 19 36 6 10 7 10 18 31 22 24 23 12 32 25 18 
28 14 22 10 14 24 24 15 26 15 33 11 32 41 12 31 22 18 21 25 21 14 17 25 26 20 16 24 13 13 13 33 17 25 22 41 18 21 28 7 17 12 28 17 30 14 11 14 16 9 19 20 7 14 15 13 18 19 27 19 11 23 10 18 38 16 31 14 27 16 30 26 17 22 13 27 7 28 37 16 
19 25 42 15 10 20 14 13 45 9 36 12 19 43 7 18 18 12 18 34 12 13 11 23 26 34 20 24 12 11 16 21 12 44 14 38 14 27 42 11 26 17 34 13 22 20 7 18 9 11 14 16 13 21 16 14 27 19 38 26 10 21 21 22 22 11 27 17 16 10 27 24 19 25 11 13 9 18 19 22 
10 24 24 12 7 34 18 15 16 10 27 3 26 26 10 40 24 13 18 30 7 15 16 22 32 14 20 24 14 13 10 25 13 20 18 35 18 40 43 8 20 16 33 9 31 27 23 20 14 15 40 9 13 14 15 11 23 36 17 22 16 20 23 18 21 24 25 10 20 12 23 20 12 13 23 12 13 31 20 15 
17 28 36 13 9 23 16 12 33 15 33 9 10 44 10 36 22 15 14 30 18 12 24 25 26 31 20 10 12 13 16 29 7 15 24 31 14 34 32 13 9 13 25 22 23 25 31 6 11 10 30 15 6 15 10 10 14 24 26 17 13 25 20 29 27 11 25 19 16 10 42 32 28 28 12 15 11 27 16 10 
20 16 24 11 12 38 13 12 23 9 26 8 25 37 13 45 9 10 18 25 14 12 13 23 23 39 14 21 9 13 17 19 16 39 17 24 36 18 32 15 11 15 39 14 35 21 27 14 20 13 33 10 11 19 12 10 24 17 40 11 11 14 18 19 36 13 30 17 10 10 17 31 20 17 16 22 4 17 25 26 
23 10 23 14 16 13 19 11 24 14 34 7 31 29 4 47 16 19 21 35 11 10 17 17 38 21 9 21 12 13 14 18 8 36 18 25 11 28 32 9 15 13 24 6 38 17 20 17 11 8 25 21 7 31 10 12 19 24 22 18 12 15 18 19 26 11 25 15 15 15 27 25 29 8 23 21 9 17 33 12 
19 19 26 19 17 39 20 10 31 10 22 6 43 27 7 23 28 14 22 16 17 15 14 24 29 34 15 14 10 17 14 28 18 37 20 29 19 32 27 10 23 11 44 15 12 12 25 19 18 14 39 17 13 24 17 12 19 33 23 22 14 34 12 20 25 14 37 15 21 12 11 14 18 37 14 16 6 21 28 19 
36 25 22 15 11 26 27 8 13 10 31 11 40 24 6 34 22 12 23 38 22 6 25 23 16 34 19 27 12 10 12 15 16 46 18 38 12 26 26 11 17 17 33 13 23 21 30 11 9 16 31 14 11 25 14 10 14 30 30 12 13 23 19 23 27 18 22 16 29 17 35 21 39 20 16 18 12 37 20 12 
15 28 30 10 8 15 11 10 41 16 22 12 26 32 8 38 13 16 21 32 17 10 21 28 31 24 10 24 10 11 10 25 16 28 15 24 33 19 41 13 17 6 24 17 36 13 22 23 11 14 25 13 11 22 9 3 17 25 27 17 11 17 19 21 25 15 35 12 15 8 29 26 35 19 16 20 13 29 18 9 
30 12 18 11 9 24 23 12 47 14 32 9 27 43 14 33 12 15 17 34 16 9 20 16 34 26 22 18 11 16 15 29 14 29 23 34 17 14 22 9 27 17 18 10 33 20 18 17 13 11 44 17 14 35 14 9 24 24 19 18 8 27 20 19 13 22 30 17 17 11 32 29 17 27 17 14 12 26 31 18 
23 13 24 11 5 36 10 13 37 15 30 12 23 34 10 31 19 15 17 39 13 12 13 19 24 40 10 27 15 15 12 19 9 24 18 46 28 24 37 10 14 15 23 19 26 19 30 19 16 10 24 4 13 15 14 7 36 23 27 22 12 32 16 26 22 19 33 7 15 7 19 28 22 23 16 15 8 29 33 13 

MachineCapacities:
MachineID Capacity
0 10
1 10
2 10
3 10
