NumTasks NumMachines NumScenarios
20 4 30
TaskDetails:
TaskID ReleaseTime ResourceConsumption SuccessorsCount Successors...
0 0 9 3 1 7 1 1 
1 0 4 8 10 2 2 2 4 
2 0 4 2 8 5 1 3 
3 0 3 10 2 3 3 5 6 7 
4 0 5 9 8 7 2 5 7 
5 0 8 7 8 1 1 9 
6 0 9 2 8 2 0 
7 0 7 4 5 3 1 8 
8 0 8 1 5 5 1 9 
9 0 8 6 3 6 0 
10 0 9 3 5 6 2 12 13 
11 0 3 4 2 3 2 12 13 
12 0 3 7 2 1 1 14 
13 0 6 2 2 5 1 14 
14 0 3 6 1 8 2 15 16 
15 0 7 9 1 1 2 17 19 
16 0 2 3 3 8 2 18 19 
17 0 9 8 7 2 1 18 
18 0 6 5 9 5 0 
19 0 7 6 3 6 0 

8 9 19 18 19 22 29 28 19 23 22 22 29 24 23 33 17 20 17 14 8 15 8 30 29 29 20 17 26 11 23 30 13 31 12 14 22 11 11 19 17 21 12 26 7 18 12 18 15 31 19 18 13 21 26 26 16 29 12 16 18 12 9 17 16 15 55 9 15 41 11 19 14 21 16 14 16 21 21 29 
31 13 17 25 18 26 17 31 22 21 19 34 23 33 30 34 19 13 15 14 16 11 27 26 13 27 15 25 21 17 35 15 14 26 13 29 33 10 10 17 20 18 14 25 11 21 15 17 12 28 16 15 13 14 21 20 12 27 10 22 9 19 9 21 13 32 21 10 17 28 19 24 20 13 12 19 10 19 26 27 
37 11 18 31 26 15 19 14 27 21 20 19 33 35 11 37 14 18 22 18 14 18 22 22 5 45 26 17 33 9 34 21 8 22 15 23 29 9 12 15 19 21 14 17 11 18 9 13 13 44 11 11 12 16 23 21 15 17 16 9 21 19 11 19 19 32 28 18 22 19 7 23 23 22 10 21 22 28 23 17 
28 12 22 23 30 20 19 21 21 22 18 17 20 26 19 23 12 10 27 17 22 22 33 23 28 32 25 16 32 12 29 20 8 39 13 21 19 14 8 15 22 19 20 21 8 19 14 17 13 21 14 25 12 16 10 14 12 22 8 18 29 12 8 29 16 17 27 19 18 29 16 26 24 23 13 16 17 19 20 14 
31 17 16 21 23 11 29 34 25 24 18 35 19 16 23 27 22 11 19 12 21 9 28 19 26 18 15 18 29 10 25 34 12 29 10 19 25 9 14 12 23 23 14 35 12 28 8 16 8 49 13 14 13 22 20 29 8 20 7 16 24 7 10 23 12 32 29 20 16 26 9 25 17 14 15 14 25 27 31 19 
35 17 15 31 14 20 40 23 6 32 21 26 34 31 19 31 16 15 20 18 33 19 20 17 21 32 19 13 41 13 27 34 15 19 14 25 25 12 16 16 15 17 14 26 8 29 15 11 11 17 18 12 10 17 17 28 16 23 6 12 21 14 8 17 9 19 28 12 6 24 13 23 22 16 16 14 19 30 31 10 
31 17 17 29 31 32 25 16 13 21 17 29 29 19 21 23 14 17 17 12 28 29 14 23 33 24 20 7 30 11 40 13 11 43 7 33 28 10 16 11 12 25 15 25 11 26 7 8 11 31 17 12 8 14 20 16 10 17 15 14 18 25 12 25 13 28 18 13 17 24 6 14 22 21 12 19 22 29 17 18 
34 15 13 15 31 21 20 34 24 18 10 27 36 23 22 30 22 7 15 3 23 26 19 23 29 47 22 13 23 9 51 28 13 10 6 22 27 14 14 20 10 18 15 8 11 6 14 13 7 12 16 14 9 18 27 28 13 18 8 16 28 21 10 28 14 19 51 10 5 22 16 27 22 24 13 20 18 33 20 24 
27 15 16 19 29 8 37 29 12 37 19 20 18 38 19 19 15 12 23 12 22 33 19 27 15 42 25 11 39 11 41 34 12 30 14 26 15 9 16 21 18 18 17 28 10 25 17 23 8 31 16 25 16 19 23 23 12 20 10 21 14 14 11 27 10 21 25 26 19 25 5 18 25 25 15 10 22 30 22 18 
39 15 18 19 15 18 42 26 12 31 6 27 21 19 27 34 14 4 17 18 22 22 19 26 34 31 24 22 32 14 35 28 15 20 13 25 30 14 14 17 24 7 22 22 7 30 12 12 5 34 15 18 14 17 14 28 6 27 9 12 26 23 10 22 12 21 26 23 24 31 14 30 23 21 15 18 25 29 22 32 
23 22 13 23 24 14 22 23 21 17 5 24 13 48 13 31 15 18 29 13 11 29 23 23 21 27 27 14 35 10 26 30 17 34 15 11 36 13 10 13 18 17 19 32 12 27 13 16 13 22 21 17 17 9 21 16 11 22 13 21 15 18 11 24 15 21 33 17 17 38 14 17 19 21 10 22 16 15 31 29 
39 18 23 22 22 28 33 25 25 19 14 21 22 38 21 14 19 19 21 14 23 24 18 23 11 22 27 12 34 12 36 30 13 22 9 15 21 14 9 15 18 22 17 34 10 36 17 13 9 29 20 9 8 21 22 21 11 7 13 17 12 11 11 25 15 24 20 12 21 33 16 19 16 16 11 21 23 29 26 21 
16 16 12 17 27 17 31 8 16 40 14 20 21 29 22 22 12 16 16 7 20 30 20 12 32 16 12 12 30 14 24 21 14 7 15 29 16 15 12 18 19 22 14 24 11 30 11 15 11 20 12 17 13 13 18 26 11 25 12 15 12 18 8 29 12 33 11 19 13 5 17 20 25 15 16 9 39 29 21 34 
21 13 17 22 16 19 32 25 21 26 17 22 24 21 20 34 21 9 26 11 27 19 21 24 22 38 16 18 32 11 38 23 9 40 11 18 35 10 17 12 20 17 15 30 11 29 10 21 9 29 14 23 18 17 31 16 10 29 14 17 19 17 8 35 14 18 21 23 22 20 13 14 25 14 15 11 18 33 23 10 
25 11 12 29 22 17 32 39 31 35 12 20 28 35 28 19 19 8 26 11 20 25 21 25 30 14 28 16 45 16 33 22 11 25 15 29 23 10 13 11 13 17 23 23 13 36 16 14 9 31 3 20 13 8 26 16 16 20 8 16 18 21 14 30 12 28 42 20 16 29 10 24 21 15 15 10 15 28 35 34 
37 18 25 31 15 21 16 24 24 16 15 8 27 36 25 22 19 12 27 17 19 23 13 29 17 23 19 13 21 16 44 12 11 40 8 30 24 17 5 15 19 24 20 26 10 29 15 14 11 21 6 17 14 23 16 30 15 15 12 13 26 12 13 22 13 12 19 16 18 29 9 30 24 20 11 24 24 36 37 13 
20 17 17 31 29 16 29 26 13 25 13 18 26 42 14 18 23 18 26 14 23 26 21 28 26 34 35 19 27 11 33 25 9 32 10 23 22 10 19 16 13 11 19 18 13 19 10 13 9 25 19 24 15 18 15 25 11 25 13 14 21 26 13 26 9 23 30 19 15 32 14 18 18 15 13 15 26 18 17 43 
22 13 11 23 15 25 23 26 20 7 16 29 13 18 13 26 13 15 17 7 25 24 15 21 31 39 20 13 23 16 26 28 11 28 9 30 28 12 14 13 16 21 6 20 11 24 11 20 17 29 12 21 11 19 8 28 12 13 6 15 24 19 10 14 7 20 39 14 22 31 13 33 35 30 11 22 26 25 27 31 
27 16 23 12 23 23 14 30 31 35 21 17 16 46 11 23 15 20 34 13 25 17 25 22 16 28 22 13 34 13 23 31 12 29 11 16 33 15 16 11 21 20 11 36 13 30 5 16 9 25 12 23 14 15 10 23 11 24 11 15 9 22 9 18 13 21 27 13 23 32 12 14 19 16 14 13 23 30 32 33 
20 16 19 21 30 26 22 24 20 18 13 30 20 33 25 25 12 17 26 16 27 28 26 35 30 30 17 17 6 11 38 26 8 27 12 34 31 11 17 22 14 19 13 24 12 18 15 17 8 20 16 12 12 12 9 23 10 21 13 20 7 11 10 28 7 8 28 12 19 30 14 25 22 19 12 18 31 24 29 12 
22 16 18 37 22 23 21 35 19 23 14 25 32 17 28 31 19 11 23 12 28 20 20 25 28 31 12 16 28 11 27 35 11 29 16 17 23 8 13 11 10 20 15 29 10 26 11 14 18 28 18 17 11 14 24 20 10 22 10 11 22 15 7 23 12 12 21 13 9 28 10 28 13 18 16 17 27 23 22 39 
22 23 17 25 29 28 32 25 17 25 12 34 33 38 26 28 19 19 16 15 22 26 29 29 24 40 13 20 33 10 34 20 15 27 9 32 23 9 15 14 14 18 19 26 9 11 14 19 13 14 11 16 13 20 23 30 12 28 10 14 13 11 8 25 20 29 27 26 20 28 7 36 23 26 10 13 21 22 26 25 
31 8 20 14 19 19 13 15 21 23 22 20 30 38 25 23 24 12 22 12 14 21 19 21 13 33 21 17 32 11 28 36 11 27 8 25 21 17 16 16 22 15 17 24 16 16 17 8 3 27 7 18 13 14 8 15 16 16 11 17 26 13 12 42 15 12 24 11 14 36 8 16 23 13 11 9 16 27 20 36 
7 24 17 24 26 11 31 35 24 23 17 20 15 42 31 34 18 17 26 20 24 11 29 22 29 30 19 13 45 14 24 28 12 32 12 20 16 11 9 17 8 10 13 18 11 12 11 15 16 33 12 24 12 18 24 36 14 28 8 17 20 14 14 15 12 25 40 11 13 30 12 28 34 13 15 20 19 24 27 23 
18 13 18 26 29 23 32 19 7 44 15 27 45 17 19 21 21 12 23 8 23 31 15 30 17 31 27 6 38 12 34 24 15 24 10 22 37 10 12 18 21 12 15 24 13 34 14 17 8 8 12 14 19 16 19 20 9 33 7 12 16 16 14 22 13 22 42 18 18 36 9 19 21 23 12 16 22 26 30 30 
22 10 16 20 10 13 26 28 14 38 15 19 30 37 18 17 15 12 21 15 22 21 22 26 34 35 14 17 38 18 29 24 13 22 9 18 13 17 24 16 16 20 16 23 8 18 8 17 10 27 16 10 11 8 21 22 15 20 13 12 32 26 11 31 15 32 20 13 10 33 9 24 21 16 15 23 16 29 15 23 
25 15 10 21 31 15 8 22 18 26 17 30 17 30 27 26 25 10 41 15 10 14 36 26 38 49 36 10 32 14 31 26 12 26 10 21 24 17 17 21 13 18 22 16 12 16 12 19 17 27 16 19 15 22 17 19 10 19 11 16 25 18 10 26 9 18 30 8 21 23 14 26 20 15 10 12 26 20 35 14 
40 16 20 23 14 29 32 27 19 25 15 29 26 36 23 30 18 15 26 22 20 28 30 29 28 35 23 15 22 5 27 6 12 29 10 18 38 15 16 14 22 20 14 30 13 15 12 9 13 29 11 29 15 19 14 22 16 18 8 15 18 18 8 21 11 13 40 17 22 29 9 22 29 18 13 15 16 31 25 16 
31 19 23 29 16 17 29 20 21 19 14 13 21 25 20 26 17 8 21 25 16 18 20 28 26 23 25 21 30 11 29 23 14 26 8 28 13 14 6 20 21 26 10 26 12 22 14 14 11 18 15 21 19 18 19 14 10 19 11 13 29 15 10 18 11 17 32 13 20 24 15 27 10 22 20 12 23 45 15 17 
33 19 27 24 25 15 26 50 15 29 18 34 24 24 22 32 6 15 22 15 26 22 31 19 29 16 20 16 34 13 40 28 13 17 10 26 31 13 24 15 23 13 15 20 10 31 13 9 16 26 19 23 11 15 25 21 11 29 11 13 24 15 8 23 7 18 30 7 17 31 16 19 20 20 6 16 12 39 23 34 

MachineCapacities:
MachineID Capacity
0 10
1 10
2 10
3 10
