NumTasks NumMachines NumScenarios
15 4 50
TaskDetails:
TaskID ReleaseTime ResourceConsumption SuccessorsCount Successors...
0 0 4 5 2 9 2 1 2 
1 0 3 8 7 4 2 5 6 
2 0 5 3 3 4 2 3 4 
3 0 10 5 8 2 2 5 6 
4 0 6 2 7 5 2 5 6 
5 0 6 4 3 7 1 7 
6 0 5 6 4 9 0 
7 0 5 4 3 6 0 
8 0 6 3 6 2 1 11 
9 0 3 1 6 8 1 11 
10 0 4 7 5 5 2 12 14 
11 0 3 8 2 3 2 12 14 
12 0 3 7 6 7 1 13 
13 0 10 8 6 8 0 
14 0 5 8 6 4 0 

12 25 13 12 16 40 14 37 13 12 25 22 12 15 20 18 17 24 23 17 41 19 15 18 20 29 12 28 15 20 12 19 38 30 26 16 28 30 13 28 11 16 31 13 24 18 28 17 14 35 28 15 28 25 17 24 14 10 7 10 
11 29 12 14 25 24 13 31 10 17 19 34 25 13 11 26 12 13 23 16 34 12 13 16 19 14 26 18 16 21 12 13 29 29 24 21 27 26 17 28 12 35 39 18 35 15 29 16 14 25 20 9 30 17 9 28 17 13 10 13 
18 20 11 11 39 25 9 16 6 13 17 23 14 7 16 29 16 14 40 14 12 19 13 18 18 23 19 22 14 30 10 18 22 27 13 29 23 23 18 19 5 23 29 24 36 9 21 21 26 18 29 13 24 18 16 26 6 16 9 11 
10 19 9 16 24 35 12 27 19 10 18 30 27 8 17 22 12 15 24 13 23 22 22 19 26 26 29 20 23 30 5 22 28 33 6 24 20 20 22 36 11 21 32 26 18 8 24 12 15 25 27 18 24 31 16 28 23 13 11 14 
7 15 12 11 40 31 11 32 17 20 19 37 32 2 18 22 15 16 26 15 36 19 12 17 19 17 17 28 15 40 13 9 21 25 16 16 17 29 11 28 13 37 23 19 40 8 33 26 21 17 33 13 26 24 16 31 10 17 16 13 
9 20 12 12 38 33 12 23 19 9 19 24 22 10 21 24 16 22 15 18 23 17 18 17 14 15 20 15 19 30 14 21 29 29 26 23 17 28 20 36 11 28 36 20 19 10 27 15 12 21 35 14 36 20 13 28 13 21 14 12 
10 17 16 18 32 18 18 18 15 13 20 30 14 15 7 41 13 9 20 15 18 9 14 37 23 12 25 17 13 27 16 17 27 30 6 26 10 19 18 24 6 30 26 27 30 21 36 25 16 30 22 21 35 18 12 42 17 18 12 19 
12 19 13 13 32 8 18 22 11 11 25 38 10 13 17 29 19 22 34 25 20 20 19 20 23 24 21 13 15 26 16 23 24 30 17 24 20 30 19 42 8 16 43 13 25 11 38 14 26 6 40 14 32 24 19 26 12 10 11 14 
10 26 12 9 9 13 12 27 20 12 22 42 27 12 16 34 21 14 22 16 27 16 5 28 14 17 26 19 17 39 9 11 35 25 22 14 32 16 21 29 7 26 33 16 40 7 34 21 19 13 28 6 23 27 20 27 15 15 15 15 
10 22 11 10 26 19 15 27 18 12 28 24 8 14 22 19 15 15 24 13 20 13 25 19 24 12 16 22 18 16 13 9 36 34 24 7 15 27 22 37 18 43 25 15 39 14 43 19 26 21 19 10 21 17 10 29 14 18 14 17 
12 19 11 17 45 22 17 22 6 15 26 35 12 13 23 16 16 20 22 17 23 17 10 30 21 26 15 12 21 31 15 23 27 31 23 28 24 32 23 19 12 23 28 24 32 14 22 18 20 23 23 15 20 31 14 31 16 17 20 15 
7 13 11 12 32 27 8 33 16 15 26 28 33 15 16 29 9 17 20 14 17 21 13 22 22 19 15 11 24 28 13 23 17 37 19 15 13 25 17 28 8 26 17 24 38 11 45 15 15 9 15 13 22 21 13 29 18 17 13 14 
8 21 4 14 28 33 12 42 18 16 24 29 36 12 23 35 18 18 30 15 27 12 11 22 10 16 20 19 4 26 13 14 37 19 24 14 27 32 17 16 10 24 45 10 14 17 28 14 21 20 27 13 40 25 8 41 13 18 11 20 
7 27 5 13 30 23 12 18 16 12 21 24 38 10 16 28 17 21 17 5 26 18 23 31 16 13 6 14 11 27 9 11 27 13 18 16 25 37 16 21 11 14 23 21 35 10 15 20 9 35 17 24 30 17 14 28 13 18 9 15 
8 26 9 13 14 24 12 22 19 12 19 39 18 8 24 22 7 5 12 14 37 15 21 24 16 15 16 19 19 28 18 14 37 19 13 17 11 30 19 28 9 29 18 12 33 14 40 18 12 16 30 12 25 17 18 16 20 18 12 15 
13 26 5 15 31 15 11 34 12 20 29 8 18 7 22 26 15 16 28 19 24 19 22 24 19 14 30 16 17 39 11 15 31 26 13 24 20 16 21 23 7 21 37 23 36 19 42 18 8 23 20 12 27 26 13 21 14 18 9 16 
17 22 10 16 35 26 12 12 18 13 24 37 31 12 13 32 22 15 39 9 15 11 12 27 20 15 27 27 13 39 13 23 28 19 20 23 17 27 24 21 10 44 37 12 33 13 13 22 22 18 26 22 30 25 11 20 13 8 9 17 
10 17 7 16 29 11 15 22 18 5 23 18 25 13 18 11 8 23 19 20 24 16 22 27 13 15 13 2 15 26 11 21 13 35 22 16 26 25 19 31 13 31 38 27 18 19 37 19 15 24 14 7 41 32 17 21 15 13 13 19 
13 26 12 17 21 24 13 32 13 15 24 29 16 12 15 37 11 21 15 12 32 20 17 21 33 10 11 16 14 39 9 20 20 45 17 24 17 19 11 20 13 22 18 13 26 17 26 12 23 32 20 18 32 19 11 22 26 18 16 20 
12 23 11 15 35 16 16 21 16 15 17 39 15 17 29 31 13 23 34 15 28 14 20 17 24 9 22 23 17 26 13 22 25 34 18 20 19 24 26 10 7 23 29 15 11 18 40 15 27 31 17 14 20 27 16 32 17 15 13 27 
7 20 15 14 19 28 12 25 8 11 26 27 32 11 18 35 15 15 24 13 34 16 21 23 19 20 33 24 14 23 17 23 17 41 8 21 12 25 13 41 3 22 10 24 21 9 30 19 12 23 26 15 35 19 21 23 18 18 16 10 
13 21 8 13 31 22 13 41 18 8 10 20 15 13 22 12 22 14 23 17 15 21 23 20 16 29 19 19 24 18 11 20 26 27 27 17 9 20 14 33 7 14 28 16 37 19 27 24 17 17 31 16 29 27 13 33 18 16 14 21 
11 19 15 14 20 20 20 39 12 13 20 35 24 15 23 37 21 18 28 12 25 9 28 27 19 10 11 35 15 19 13 11 17 31 24 18 18 37 15 33 9 17 31 18 31 13 45 15 17 22 30 13 37 21 15 16 14 14 11 17 
10 15 12 11 26 11 14 23 17 12 11 22 25 9 12 26 11 18 20 11 26 19 10 24 24 15 16 22 19 22 9 14 31 36 25 20 15 25 18 25 8 30 39 16 40 17 42 13 23 18 27 18 35 22 16 29 19 11 11 20 
12 28 11 13 34 25 14 19 19 14 25 26 22 14 15 32 16 18 20 23 21 21 16 25 15 24 15 13 17 32 9 16 10 35 17 26 13 26 25 13 10 23 29 20 23 21 54 19 16 28 22 11 5 13 16 36 14 8 10 14 
12 26 10 20 37 27 19 23 12 16 23 29 27 18 17 22 13 23 24 20 15 23 16 35 17 16 28 19 21 26 8 15 16 33 16 11 22 20 10 35 10 24 38 21 20 18 29 16 20 21 24 15 37 30 3 25 19 13 10 21 
10 29 11 13 27 37 13 16 9 14 28 25 22 12 23 27 14 12 18 14 35 24 18 18 17 24 27 18 18 32 16 15 21 35 13 30 10 30 29 27 12 26 34 18 27 14 36 11 38 16 15 8 28 28 16 17 19 10 13 26 
8 24 9 11 29 25 19 35 16 5 14 35 24 15 24 31 12 12 22 12 40 15 18 14 21 14 21 21 19 39 13 10 29 21 11 7 14 21 13 31 12 17 27 3 22 21 21 8 34 27 18 10 20 28 12 28 14 10 7 18 
20 17 17 10 37 20 19 28 14 13 18 18 32 9 17 37 14 22 29 19 32 17 19 24 22 22 9 25 11 35 13 8 12 21 24 18 15 31 8 38 9 29 39 15 28 16 45 17 20 29 26 15 30 14 3 28 12 13 12 13 
10 20 13 19 24 28 11 17 15 9 26 28 23 15 17 31 16 17 41 16 35 13 17 18 18 19 16 17 19 34 11 19 17 12 21 19 12 26 29 13 7 27 32 17 40 15 26 18 7 19 40 16 29 22 16 24 14 9 9 18 
10 13 6 14 41 33 15 22 16 17 22 24 32 8 26 23 16 13 23 10 19 18 10 16 13 13 28 26 12 35 8 22 26 30 26 22 17 11 17 21 15 32 15 20 47 17 16 11 29 24 28 16 23 12 18 27 14 19 16 19 
13 14 7 15 6 38 14 32 12 10 36 32 25 13 9 21 13 15 25 20 31 15 15 11 18 18 20 19 16 30 10 17 21 30 24 18 12 25 18 27 6 26 12 20 31 19 37 26 23 17 28 13 28 27 8 24 22 13 14 17 
9 10 11 16 26 8 17 31 18 13 23 40 15 12 26 26 8 17 26 13 27 19 20 23 19 12 25 13 20 27 12 10 27 51 13 10 14 19 30 29 14 21 30 20 27 22 44 10 21 24 33 17 36 21 19 34 14 17 16 13 
11 23 12 12 31 40 13 23 21 13 23 22 32 6 23 25 17 15 25 11 35 16 14 25 25 23 19 14 7 34 10 12 22 27 7 19 21 10 33 29 13 32 35 20 38 15 38 15 19 32 34 18 19 25 15 31 24 18 13 18 
11 24 13 14 19 17 13 46 16 16 23 30 26 9 15 37 20 8 23 18 24 13 16 17 16 19 25 15 18 22 9 15 43 42 13 15 24 16 22 16 10 23 16 16 28 16 6 14 19 15 14 25 35 12 17 36 16 15 14 19 
9 24 13 14 45 31 14 23 19 22 23 36 33 13 11 33 16 15 11 17 25 19 10 24 19 18 22 29 12 26 14 13 28 45 13 27 13 16 20 23 10 18 32 14 30 22 31 17 11 29 23 18 38 18 15 25 17 14 16 12 
12 22 10 16 36 30 13 33 18 10 21 26 21 5 17 35 15 19 16 12 39 13 19 27 15 21 27 15 14 26 10 16 27 16 11 23 30 24 27 7 10 31 33 13 36 12 32 16 26 16 27 16 24 22 13 44 11 12 14 13 
9 9 11 14 19 18 13 29 15 10 22 35 22 13 13 24 19 12 14 19 36 15 22 25 12 22 11 25 15 35 5 10 37 24 33 14 17 32 29 19 10 26 23 23 39 21 20 16 17 13 16 18 27 21 11 29 22 11 14 15 
17 30 8 13 16 20 14 20 15 17 27 21 26 13 26 27 16 17 20 13 23 18 23 20 17 19 26 26 10 25 9 8 31 28 23 28 15 18 6 35 6 34 35 17 23 18 29 10 26 21 20 21 38 12 16 23 13 15 13 13 
8 21 4 10 22 31 13 18 16 8 25 26 13 18 28 26 15 12 19 18 25 16 19 23 15 24 30 30 16 32 9 14 13 11 18 18 19 29 21 30 6 28 37 29 29 20 31 12 23 28 16 17 26 25 12 26 17 22 7 22 
14 25 13 13 33 34 13 34 15 17 23 40 28 14 24 31 11 21 18 12 41 18 19 23 16 13 19 19 18 35 14 22 15 18 17 19 26 29 7 35 8 21 36 13 17 11 33 18 20 19 32 20 20 29 9 26 19 18 18 15 
7 27 15 12 32 23 22 16 13 6 28 32 31 14 20 26 18 20 21 15 36 10 21 16 13 22 10 22 22 19 15 12 21 41 21 16 21 37 25 19 12 20 31 13 32 15 22 8 24 26 16 13 26 18 16 34 23 15 4 12 
17 15 7 12 21 33 13 19 14 19 32 24 33 13 20 33 10 14 26 12 26 11 9 28 26 13 15 19 9 30 11 20 33 33 13 25 10 28 28 25 10 38 33 16 36 17 30 21 23 17 34 15 10 25 15 33 17 17 11 12 
10 25 13 17 25 14 14 38 17 18 17 21 33 16 14 31 12 14 23 16 22 15 12 19 12 22 31 20 15 16 12 18 22 36 19 21 13 25 23 18 5 24 33 11 46 9 30 21 12 23 29 11 28 22 16 41 22 17 7 23 
14 20 9 11 28 21 17 29 13 21 15 33 4 7 20 33 10 17 16 15 31 22 24 15 14 12 21 24 9 17 14 17 34 29 21 18 22 27 20 31 9 20 31 17 7 19 26 15 10 18 26 19 24 31 10 34 13 16 19 19 
8 24 10 10 28 16 15 23 21 12 13 44 17 12 6 21 14 9 14 16 16 14 17 21 18 17 14 15 21 32 16 20 34 21 20 11 19 27 15 23 13 28 24 20 32 9 18 11 14 17 27 16 34 18 5 34 19 14 11 9 
12 12 9 15 30 31 11 37 17 20 26 21 26 7 17 15 17 12 20 6 21 19 20 19 18 10 20 20 10 26 15 11 34 12 17 22 6 22 29 28 14 17 22 23 22 13 28 15 27 26 13 23 26 24 5 22 17 12 7 18 
6 28 9 17 40 24 8 31 8 10 27 47 21 13 22 26 18 18 36 20 13 17 26 17 21 9 18 23 21 27 12 19 29 28 18 14 18 45 26 28 10 26 24 17 24 14 26 18 21 24 19 18 32 22 6 20 16 18 10 16 
12 23 6 10 40 30 17 31 21 14 21 31 23 11 19 35 12 14 24 20 23 13 24 20 19 14 30 20 15 30 8 14 21 29 16 22 25 23 18 33 15 25 28 14 23 15 34 12 22 26 15 14 35 16 20 30 16 13 16 24 
9 27 6 11 18 26 15 32 13 17 24 29 19 11 15 23 12 20 19 19 28 18 16 18 24 13 22 22 23 28 11 13 29 22 20 10 22 18 13 18 9 34 36 18 17 19 13 17 18 23 30 18 29 24 13 30 12 16 16 16 

MachineCapacities:
MachineID Capacity
0 10
1 10
2 10
3 10
