NumTasks NumMachines NumScenarios
15 4 50
TaskDetails:
TaskID ReleaseTime ResourceConsumption SuccessorsCount Successors...
0 0 4 1 5 3 2 2 3 
1 0 6 8 6 2 1 4 
2 0 7 5 5 3 1 4 
3 0 2 5 5 5 1 4 
4 0 1 9 2 9 1 5 
5 0 3 10 10 3 1 6 
6 0 2 7 3 4 2 7 8 
7 0 5 3 2 6 0 
8 0 3 2 2 5 0 
9 0 6 4 8 9 1 11 
10 0 10 3 4 2 2 12 13 
11 0 8 8 7 10 2 12 13 
12 0 2 4 3 1 1 14 
13 0 7 9 4 2 1 14 
14 0 10 4 2 1 0 

28 18 15 41 15 23 12 21 16 40 14 23 13 16 14 15 16 12 25 24 14 32 6 19 24 15 18 17 10 12 11 10 33 18 11 16 7 13 20 32 13 21 26 25 15 40 43 28 13 38 15 23 19 7 26 30 6 11 21 17 
18 15 27 34 19 20 20 18 9 13 10 12 15 16 46 29 17 25 23 15 12 17 14 14 21 22 16 24 4 16 11 16 23 16 18 16 6 24 11 48 8 13 24 23 25 25 5 9 11 18 9 17 33 14 23 19 6 19 14 30 
19 19 29 36 14 22 25 18 14 32 23 14 7 16 38 19 11 20 24 23 11 21 19 16 15 16 17 22 10 11 13 23 32 31 11 31 10 15 23 51 9 16 20 18 23 19 18 24 11 34 10 26 33 17 34 23 17 27 24 23 
21 27 24 23 17 29 25 25 9 32 21 7 12 14 28 28 24 21 20 20 7 24 18 21 26 28 8 15 14 13 14 7 21 22 18 28 13 23 20 29 10 9 25 25 34 32 26 32 15 14 11 16 31 14 45 33 13 32 20 19 
30 29 29 36 15 17 16 23 13 31 16 14 5 22 15 26 20 23 12 22 15 14 14 15 26 18 12 19 8 12 12 16 33 23 16 17 6 34 15 27 17 14 11 26 14 18 34 15 7 41 8 14 30 5 28 32 9 24 25 15 
35 18 29 36 19 21 23 22 9 28 13 22 8 13 28 11 17 31 19 20 13 26 15 17 15 19 18 16 10 13 19 14 37 31 14 39 18 21 22 28 12 16 24 23 26 17 21 39 11 30 13 27 32 15 19 11 8 21 21 22 
31 25 34 20 11 28 10 18 14 24 18 21 10 16 32 20 13 29 21 24 16 15 15 15 31 19 12 22 9 15 16 21 36 16 14 28 10 14 19 30 7 17 37 25 33 32 39 25 10 24 8 22 9 20 24 25 11 16 16 12 
26 31 14 21 23 25 20 21 14 35 17 16 8 14 15 12 30 26 25 19 7 37 19 17 19 2 12 18 7 11 18 17 36 22 17 33 12 23 19 21 12 19 39 33 33 28 20 17 6 35 11 23 20 16 16 36 10 31 20 23 
14 28 2 26 14 25 28 18 9 22 16 21 13 10 31 23 10 36 23 11 13 33 13 7 28 17 13 12 9 11 19 20 16 15 17 35 12 39 23 39 10 8 30 18 27 18 24 24 15 25 8 24 25 17 20 33 11 12 18 17 
41 25 28 21 11 22 23 15 7 17 7 20 10 8 10 20 19 25 25 15 13 26 13 17 15 16 15 20 8 8 18 12 28 22 18 29 10 19 23 29 6 9 29 20 21 36 15 31 19 20 8 18 33 9 36 44 15 17 22 16 
27 20 20 44 16 23 29 17 8 40 13 22 14 12 27 22 24 26 25 17 20 16 9 14 28 27 26 19 15 16 15 14 40 31 22 16 10 13 19 27 15 16 29 12 30 20 27 18 10 46 18 19 21 16 40 29 8 20 24 21 
29 24 23 28 16 34 35 28 17 23 22 12 15 15 5 20 13 26 26 12 14 24 14 16 24 13 3 11 13 9 20 17 38 22 10 30 6 24 24 30 18 8 31 28 32 25 44 24 14 35 13 27 7 12 31 24 10 18 14 28 
35 26 21 38 13 32 18 19 10 23 13 16 6 17 26 19 21 24 24 18 16 32 18 13 24 19 13 10 5 7 12 12 23 18 11 38 11 24 17 31 12 10 15 16 21 23 33 33 18 28 13 29 31 9 38 27 11 12 16 30 
40 23 33 21 18 19 18 22 11 22 9 20 8 14 32 21 20 12 23 14 13 35 17 17 20 17 6 13 7 13 9 19 26 15 12 14 13 30 6 35 10 10 32 24 21 27 25 28 17 29 15 20 33 12 34 32 12 19 13 9 
22 16 23 31 16 23 27 26 14 31 14 14 8 19 35 3 10 20 32 13 11 29 14 17 31 15 16 6 7 14 13 13 36 22 7 21 17 31 22 12 8 12 26 25 29 22 18 31 12 29 11 19 27 10 17 42 14 28 17 14 
24 24 32 24 14 29 26 20 14 34 20 11 8 16 33 29 19 22 26 12 15 28 10 17 27 13 4 8 10 9 12 21 24 23 11 24 8 23 22 18 15 10 23 28 16 34 18 37 20 30 9 22 18 19 30 25 13 25 14 21 
30 22 23 19 24 14 17 16 17 13 12 19 13 21 27 21 23 24 28 21 11 31 19 19 18 7 18 18 12 11 14 13 20 25 17 24 7 21 10 23 14 9 26 39 25 32 17 32 15 31 7 23 35 17 32 28 13 27 16 18 
28 12 35 6 17 17 16 17 15 34 13 23 12 21 38 18 25 22 25 19 11 18 18 10 17 19 19 16 9 7 11 17 30 25 17 27 11 28 20 12 14 15 40 28 20 18 32 42 15 32 7 27 24 11 38 22 11 33 23 23 
34 31 21 35 16 17 19 32 15 44 9 22 10 15 22 24 23 8 22 15 10 31 15 13 18 9 18 27 9 11 18 15 31 31 23 23 10 25 16 21 9 18 27 24 20 29 39 30 16 22 14 10 27 17 31 34 4 19 17 26 
20 24 25 28 21 19 27 24 8 37 18 16 14 17 14 31 12 16 26 18 12 28 9 3 25 15 11 21 14 5 19 5 44 16 9 28 7 43 21 27 8 20 44 23 31 23 43 28 12 27 11 26 34 17 32 36 9 17 13 23 
35 22 19 25 14 25 16 27 11 23 17 12 11 13 29 31 18 34 28 15 15 25 10 16 23 18 15 16 8 13 15 21 27 25 16 24 11 25 22 30 15 16 34 13 13 33 35 26 15 34 12 20 35 15 28 25 11 24 17 18 
26 26 32 33 12 30 9 17 15 23 20 10 17 12 27 7 20 22 19 23 12 29 19 15 18 27 17 19 14 13 18 20 27 26 13 26 14 26 14 36 11 11 30 31 33 30 36 26 18 23 4 16 21 17 25 29 12 19 18 12 
30 19 33 35 10 26 10 28 8 27 14 15 13 12 31 21 28 29 35 13 11 30 19 14 30 23 14 6 10 13 13 18 26 18 14 28 8 22 13 20 14 14 25 21 31 37 27 23 10 40 15 35 20 12 12 28 7 12 23 29 
36 18 20 17 18 19 29 10 12 42 15 15 9 18 25 22 22 34 13 17 17 37 11 6 20 8 9 16 10 12 9 13 23 24 19 19 12 25 24 31 11 15 34 26 23 27 24 23 17 22 13 20 28 11 15 33 9 21 19 24 
16 13 29 23 11 12 15 14 10 34 7 15 11 8 28 23 25 28 19 23 16 21 14 17 23 22 6 21 12 8 12 22 36 13 10 34 9 22 27 35 11 19 21 23 23 24 48 22 14 23 6 25 32 11 44 33 13 23 20 28 
33 22 23 42 8 26 13 15 12 20 15 17 6 13 32 25 13 29 28 11 16 15 21 18 15 9 20 31 11 11 17 16 26 30 13 12 12 30 15 33 11 11 33 12 32 21 27 20 10 15 12 20 34 17 19 30 11 18 19 16 
25 13 25 42 18 18 21 16 16 27 14 20 8 17 22 20 15 39 21 11 14 22 20 19 8 15 12 23 10 5 3 16 24 25 18 35 5 29 30 18 10 14 25 19 31 13 40 24 13 20 13 30 35 14 29 30 12 20 41 19 
27 22 31 34 16 22 30 24 10 39 15 12 9 12 41 12 22 35 23 20 15 29 11 15 15 13 18 12 7 10 15 16 22 28 19 29 12 21 24 40 7 16 12 17 12 30 23 17 11 24 14 32 27 17 23 21 9 23 12 14 
16 15 36 30 7 22 23 28 13 22 13 14 11 19 27 32 21 22 23 18 12 28 14 3 22 23 17 20 9 10 11 16 20 29 16 24 11 24 12 17 13 15 25 20 2 19 27 21 14 35 9 19 44 15 16 30 6 11 20 26 
27 24 35 20 8 21 14 16 19 29 17 11 5 22 15 16 14 32 25 4 10 22 23 13 26 17 11 23 12 12 13 12 27 25 13 39 13 20 21 43 14 15 16 26 19 27 23 19 9 37 13 19 24 10 29 18 5 24 25 27 
19 14 14 23 21 22 24 13 17 13 16 20 14 14 18 24 21 19 25 8 18 32 14 15 16 22 10 31 8 12 15 13 31 29 13 24 8 28 16 13 14 10 30 22 21 30 39 28 19 56 12 30 20 14 34 29 8 23 20 22 
26 20 11 20 16 16 25 16 13 10 19 21 9 15 35 9 14 8 26 13 15 32 7 13 20 11 12 8 11 9 16 13 28 22 16 23 10 29 15 19 12 6 16 19 23 33 31 23 7 22 7 18 25 15 36 20 18 22 15 23 
16 23 22 31 20 19 29 24 9 16 12 15 15 13 31 23 25 22 12 8 12 42 15 10 24 14 9 23 8 13 15 12 27 32 19 19 11 23 18 40 15 17 26 26 15 18 34 36 15 27 11 28 41 15 30 23 9 23 14 13 
29 17 30 15 6 18 20 20 10 35 17 6 14 16 33 12 34 30 27 8 9 16 11 8 20 13 12 24 6 7 17 20 22 31 22 25 9 30 31 40 12 14 27 18 16 20 19 33 8 17 16 23 20 13 25 40 13 20 19 23 
18 21 18 43 7 23 23 14 12 21 12 12 15 16 30 15 24 24 33 13 13 21 14 18 18 28 13 13 10 12 13 17 35 17 17 32 6 18 20 18 8 13 16 15 38 23 25 21 16 40 14 27 23 7 18 24 10 28 21 27 
33 26 16 34 14 22 25 19 10 31 13 12 14 18 33 19 12 44 18 14 11 22 14 13 11 22 7 13 10 8 16 11 24 23 19 21 7 19 17 26 11 12 15 22 33 26 28 31 10 32 10 19 25 18 38 28 11 20 16 7 
23 22 28 30 11 18 21 16 14 24 16 17 12 14 23 27 18 12 31 21 18 37 13 17 32 20 21 18 11 7 11 13 29 23 14 29 15 34 35 36 14 17 34 29 20 29 20 15 21 38 7 17 32 11 13 37 11 19 15 20 
33 22 21 29 15 11 19 13 10 17 16 11 12 12 29 24 17 18 14 20 17 32 12 15 17 26 18 28 17 15 17 18 29 27 15 14 17 22 25 37 6 15 25 15 29 20 19 21 8 38 14 33 36 13 26 27 3 22 17 19 
17 19 24 26 21 25 26 32 11 16 10 25 10 16 37 30 11 19 23 13 13 23 16 13 18 18 15 13 9 9 14 18 19 26 18 25 6 19 22 20 9 10 28 23 37 26 39 15 16 35 12 17 28 8 31 23 17 21 16 16 
23 19 25 30 24 17 28 10 16 30 12 11 12 16 22 30 22 33 23 12 10 20 8 12 25 17 9 18 8 8 17 16 26 8 15 18 10 40 18 34 9 15 36 21 17 26 40 27 11 34 9 22 35 6 34 23 13 25 24 12 
26 26 17 22 22 29 25 26 9 19 16 14 15 12 29 16 25 31 33 23 12 37 9 20 16 16 15 19 15 14 11 20 15 31 20 16 11 31 19 20 5 11 22 22 26 29 26 26 6 33 12 17 42 12 40 43 8 25 19 25 
21 22 27 22 14 22 23 16 9 28 20 19 8 14 25 19 14 24 31 17 9 6 15 7 23 19 14 22 6 14 15 16 6 24 12 40 15 37 12 36 6 15 22 20 33 30 36 28 15 38 8 22 25 20 22 26 13 30 21 22 
36 33 13 41 18 24 23 26 18 19 14 9 12 19 9 19 24 8 15 17 18 26 6 15 22 25 13 12 11 5 8 18 24 30 8 13 15 18 18 36 10 13 38 13 22 22 18 20 21 28 10 11 31 14 29 30 14 15 17 20 
36 29 23 25 21 18 23 18 12 26 18 17 13 21 35 23 22 23 27 18 16 26 12 19 18 5 11 16 6 17 11 15 36 22 18 11 8 33 18 41 17 18 22 26 13 24 28 31 19 41 10 19 40 14 27 39 11 20 24 20 
33 26 30 17 16 20 20 16 12 23 12 25 11 19 23 27 18 22 32 22 9 26 14 17 28 30 10 14 12 7 13 18 24 28 16 31 11 24 26 27 12 12 27 23 31 34 38 25 17 18 9 22 41 8 33 12 6 16 20 4 
21 17 29 38 18 24 27 14 9 20 16 11 17 21 26 8 19 26 25 11 8 21 14 23 18 19 14 13 15 15 9 15 32 12 15 18 13 30 23 29 13 15 32 21 27 34 31 25 19 29 13 25 29 14 24 19 13 14 23 23 
21 26 24 37 14 23 29 20 7 32 19 16 12 12 32 23 30 14 26 7 13 30 16 21 33 5 16 15 8 6 14 19 33 28 16 28 10 35 25 36 14 12 42 17 30 36 30 29 15 25 14 22 24 12 27 41 11 25 23 14 
23 28 17 31 14 38 12 22 11 41 16 13 11 17 34 24 18 27 21 18 12 27 9 16 27 13 16 17 11 11 12 16 23 35 15 23 11 13 33 37 8 9 45 20 28 19 24 23 9 15 15 27 49 10 14 34 10 24 12 14 
33 22 29 19 13 18 24 30 13 25 20 17 13 12 24 13 21 21 22 17 13 21 20 14 9 15 11 13 10 6 24 26 6 24 14 28 10 29 24 39 7 8 16 29 31 19 39 19 17 22 14 25 28 10 20 28 13 14 19 21 
36 18 16 21 14 28 31 20 11 24 16 25 9 22 20 16 17 16 15 15 12 28 19 12 12 15 22 12 11 12 19 11 35 24 12 39 12 21 21 34 16 15 41 20 25 33 6 35 13 23 10 22 5 18 27 23 9 18 16 29 

MachineCapacities:
MachineID Capacity
0 10
1 10
2 10
3 10
