NumTasks NumMachines NumScenarios
15 4 50
TaskDetails:
TaskID ReleaseTime ResourceConsumption SuccessorsCount Successors...
0 0 9 8 7 7 2 3 4 
1 0 5 3 8 6 1 2 
2 0 2 10 7 4 2 3 4 
3 0 7 5 6 7 0 
4 0 9 3 3 4 0 
5 0 2 7 1 2 1 6 
6 0 3 9 6 5 2 7 8 
7 0 3 2 1 2 2 9 10 
8 0 2 10 7 4 3 9 10 11 
9 0 4 2 5 10 1 12 
10 0 7 4 3 7 1 12 
11 0 6 5 2 6 1 13 
12 0 2 9 5 10 1 13 
13 0 3 7 7 7 1 14 
14 0 6 7 7 1 0 

9 17 14 8 21 14 17 14 16 11 20 30 15 20 14 27 30 21 29 12 17 30 28 30 12 21 24 12 20 8 32 9 23 16 29 8 19 10 26 34 13 16 25 10 32 35 25 6 20 9 16 19 56 12 9 27 33 19 26 39 
12 12 10 12 31 13 22 13 9 17 18 23 25 21 15 23 33 19 15 10 16 32 14 34 12 13 19 12 21 10 24 10 23 15 19 13 18 25 31 32 13 15 23 12 37 34 28 12 22 5 6 17 23 15 12 15 29 21 29 19 
12 10 16 12 21 12 29 15 12 6 30 38 25 14 13 17 23 15 17 10 15 23 24 27 8 15 19 13 24 11 21 4 18 14 13 15 18 27 17 10 15 9 29 12 31 26 20 14 18 16 14 8 32 15 11 21 13 15 24 36 
13 16 19 11 23 11 30 12 16 15 26 24 25 14 14 22 27 8 30 3 13 21 26 20 11 18 18 15 7 8 25 10 13 24 19 12 26 14 23 22 19 6 17 13 31 26 20 14 21 15 16 23 38 16 12 28 18 12 23 25 
10 27 9 9 5 14 21 13 17 20 20 16 24 20 14 29 23 13 31 2 12 33 13 34 13 16 15 10 24 11 18 8 21 14 25 14 33 29 28 31 11 13 17 14 42 23 18 22 17 11 20 18 32 12 13 25 11 24 32 48 
9 26 20 12 24 7 15 7 24 11 10 44 26 19 13 33 17 17 21 14 21 16 21 18 8 19 19 13 9 17 29 7 35 21 13 12 27 31 18 30 15 11 19 12 33 19 22 12 18 12 23 20 37 11 13 19 18 18 25 23 
12 33 12 10 32 11 19 10 10 29 24 32 21 10 11 17 24 7 25 13 22 24 27 6 10 15 13 14 23 15 27 11 29 17 23 9 24 34 30 20 21 11 21 14 33 19 23 21 12 10 26 15 12 12 8 23 20 19 31 14 
16 17 17 11 10 9 22 9 18 18 26 19 22 15 13 21 23 19 20 10 16 13 29 23 13 15 10 13 18 13 26 8 29 23 17 8 20 21 19 29 16 15 24 7 40 35 24 18 30 10 23 13 31 17 8 27 19 20 29 22 
15 20 22 15 22 12 24 12 6 26 23 25 10 15 15 27 34 12 25 9 19 13 23 35 16 17 21 16 14 12 24 5 27 19 28 11 21 12 11 46 16 12 30 10 36 24 23 9 22 11 37 15 36 23 9 23 28 17 25 41 
12 25 19 15 24 14 26 13 16 7 29 22 14 15 13 26 32 14 26 12 12 26 19 30 14 16 18 17 23 17 13 4 25 13 16 17 19 24 24 36 7 9 18 11 39 34 16 11 14 8 15 16 23 12 10 23 17 11 28 26 
11 16 19 8 26 14 15 12 16 16 21 31 28 12 10 17 20 16 13 13 14 9 20 33 15 19 15 11 28 11 20 15 39 25 24 11 18 20 29 20 14 12 27 12 20 31 32 14 25 9 16 13 23 19 11 23 11 14 28 45 
17 9 18 17 21 7 22 9 14 13 31 35 27 11 13 15 22 13 21 9 15 7 26 27 2 19 15 11 18 12 12 15 41 19 20 13 28 18 22 12 16 6 22 5 22 26 36 17 16 13 17 18 31 21 12 25 29 24 31 40 
11 13 14 12 28 6 20 13 9 10 27 25 21 23 13 11 29 15 25 6 22 26 18 26 10 15 15 12 27 11 18 9 18 17 19 16 13 32 28 42 9 10 23 8 28 26 16 14 24 6 26 11 38 17 14 30 21 18 23 23 
13 16 13 7 20 8 10 12 11 13 25 34 22 15 15 29 16 18 25 14 20 24 21 35 14 17 19 10 12 14 14 11 28 10 25 13 24 33 18 33 13 10 25 10 47 16 16 13 17 11 17 23 31 17 13 21 14 9 15 37 
7 21 8 10 22 15 23 13 17 13 14 36 30 20 14 17 35 13 19 6 11 20 13 33 8 19 17 10 8 12 13 15 36 15 18 9 24 28 25 25 10 9 38 9 23 24 25 13 22 13 14 15 25 16 16 23 5 16 31 16 
16 19 18 10 24 12 12 12 14 16 41 43 24 18 12 19 38 14 25 7 19 27 20 23 16 17 3 17 21 9 13 11 22 18 14 17 27 20 29 44 13 11 18 10 4 24 29 14 28 15 21 11 17 12 14 24 31 23 39 31 
16 20 13 8 28 14 17 14 3 25 40 27 22 12 13 24 27 13 34 12 19 13 27 10 7 12 20 10 22 11 23 8 25 19 16 12 27 30 19 32 17 13 30 10 27 27 12 16 12 9 23 14 24 17 6 17 23 20 33 8 
11 18 17 8 18 12 25 12 15 18 31 18 24 28 14 15 25 21 19 10 19 10 23 17 15 17 17 12 23 9 27 9 21 23 30 12 23 27 16 22 16 11 30 12 30 44 28 19 28 10 20 15 27 13 10 24 15 22 7 16 
7 19 16 13 41 10 17 13 11 16 34 27 22 22 12 27 17 10 18 10 22 26 19 31 11 11 6 16 26 13 8 15 22 10 14 13 29 17 32 30 11 12 24 10 24 40 11 18 20 7 19 16 23 18 13 30 21 25 24 34 
16 20 11 13 23 8 22 11 12 13 26 16 32 15 4 30 26 11 16 16 22 12 22 38 17 10 23 7 15 17 19 7 20 18 13 17 19 13 36 30 15 8 26 10 29 18 9 26 11 13 16 12 27 14 15 22 22 17 24 24 
8 7 13 7 30 12 23 8 9 17 27 25 20 21 7 25 42 19 16 14 22 17 12 30 14 22 13 15 22 12 32 12 25 12 21 15 26 25 22 19 15 17 17 13 20 25 19 23 21 11 22 5 40 4 9 21 17 22 27 38 
13 21 13 10 21 19 23 13 15 19 30 31 24 18 10 19 38 13 17 8 27 22 23 41 18 14 7 14 21 9 28 11 20 24 20 20 23 16 18 19 15 9 24 9 11 28 20 7 14 10 7 14 18 13 12 23 25 17 25 30 
20 18 11 10 23 9 14 12 15 4 25 27 17 19 14 21 23 19 27 16 14 25 22 18 8 21 20 11 14 13 34 11 27 17 18 14 26 15 17 25 11 10 25 13 9 15 15 16 15 11 12 11 19 15 9 30 24 20 27 31 
7 19 12 8 19 11 10 15 17 18 24 31 26 16 19 13 26 17 31 11 19 14 31 18 14 18 15 14 30 11 10 5 38 9 21 14 29 26 23 19 15 9 17 9 29 24 30 20 17 14 19 10 34 16 13 22 28 9 27 22 
13 15 18 14 31 13 20 16 12 18 36 30 26 14 9 25 24 20 14 12 14 17 7 29 10 16 16 11 17 14 18 5 27 12 20 4 15 13 25 22 13 10 12 10 8 33 17 22 14 9 23 11 27 18 8 25 26 18 25 33 
15 16 19 11 27 10 29 7 17 13 20 28 24 20 11 21 27 19 26 11 13 28 28 23 10 16 25 12 13 14 25 14 13 21 26 18 18 18 20 37 9 14 33 14 28 25 17 12 30 11 19 26 22 15 12 23 21 14 32 40 
9 15 13 12 22 11 12 9 11 16 37 25 20 16 10 11 27 10 28 9 20 19 30 35 10 20 11 10 10 10 12 9 28 14 26 20 15 33 30 31 12 13 24 11 39 31 23 13 8 7 28 19 30 16 7 31 21 16 20 17 
12 17 29 11 33 10 29 14 14 17 19 27 26 18 14 16 34 15 19 11 7 25 19 26 7 15 11 8 20 15 22 12 18 21 22 12 8 22 30 46 10 9 25 11 49 33 16 13 27 8 26 15 23 9 11 29 21 11 29 21 
15 21 24 12 25 9 10 12 20 11 35 8 23 20 14 23 27 17 30 9 14 22 9 35 13 18 10 8 15 10 23 11 29 12 17 14 32 16 20 3 12 10 23 12 42 23 13 10 28 9 16 15 25 13 11 22 23 22 26 33 
15 27 17 12 22 11 23 14 12 18 13 32 26 19 10 12 16 13 22 9 24 14 25 21 17 15 14 11 15 12 22 14 28 17 18 10 17 20 28 18 11 11 15 12 24 37 18 12 11 12 22 20 17 22 8 26 27 20 13 22 
15 13 15 12 20 8 27 9 11 22 27 32 17 27 15 31 19 14 22 10 21 29 31 17 15 13 9 9 6 12 21 15 29 14 21 10 26 22 17 39 13 16 21 11 22 15 12 18 17 12 12 20 31 11 16 23 15 17 25 26 
11 16 15 12 22 13 19 8 16 25 12 33 21 18 16 13 18 14 27 11 22 28 24 36 13 17 9 14 13 16 22 12 36 22 19 12 22 15 21 32 13 7 29 8 34 37 28 18 11 7 22 19 33 7 9 19 28 11 31 34 
14 21 14 14 13 12 26 13 13 13 31 45 34 12 11 39 30 14 25 8 23 29 17 27 11 13 13 11 28 13 15 6 36 8 18 16 23 29 21 10 21 12 25 12 6 33 21 14 17 11 33 17 22 10 13 29 16 19 19 33 
13 19 8 12 34 13 20 7 12 20 24 15 26 30 6 30 12 13 31 11 19 15 25 18 13 10 14 10 20 8 16 11 33 21 21 17 39 23 21 46 13 9 33 16 9 14 21 18 19 6 13 7 26 19 12 19 16 15 25 32 
9 16 15 13 30 15 11 13 15 17 24 26 25 17 15 24 31 20 15 9 13 25 22 34 7 15 21 13 11 15 35 13 20 24 21 12 28 24 22 21 9 13 26 16 28 23 29 17 16 11 11 10 39 13 8 17 15 23 31 27 
11 13 18 7 30 13 21 10 16 18 24 13 25 13 15 28 25 17 22 8 21 17 20 36 19 13 19 16 23 7 17 11 23 25 20 17 33 28 19 23 12 5 27 18 30 26 13 13 11 9 24 19 32 16 13 14 12 17 17 26 
16 23 5 11 16 12 26 10 11 15 15 34 36 20 14 18 41 19 22 12 8 19 33 15 9 16 15 15 14 14 12 8 29 25 19 19 15 22 25 24 7 7 25 10 26 25 10 22 17 9 21 15 25 13 10 30 15 27 19 32 
9 19 18 12 35 15 20 17 6 14 31 46 29 20 13 21 22 12 28 11 20 24 29 44 9 12 26 15 11 13 20 12 33 15 17 15 28 11 21 36 13 11 27 10 32 20 28 11 23 15 17 14 13 16 10 27 18 16 25 32 
12 12 15 12 25 12 32 11 11 20 20 25 35 15 10 24 20 15 15 10 13 29 19 28 16 20 15 8 20 11 19 9 31 17 24 17 22 16 11 44 6 10 22 8 22 21 19 11 19 7 23 15 24 19 9 11 14 14 20 31 
9 19 19 9 41 9 27 10 12 25 21 26 25 11 11 23 14 13 20 7 14 22 25 35 13 27 8 10 23 15 20 10 27 11 15 11 27 17 24 29 12 6 19 9 20 22 26 13 21 15 14 14 33 14 9 22 20 20 29 22 
10 21 16 10 33 9 21 17 9 24 31 20 28 31 13 23 26 7 28 10 18 9 16 32 9 9 17 16 9 12 22 12 21 14 17 19 26 17 19 18 13 12 10 5 38 24 17 11 24 7 23 16 20 12 9 21 18 20 27 45 
14 29 19 13 12 13 44 10 18 16 36 20 35 19 15 18 15 14 34 12 18 20 17 31 10 11 12 7 20 12 20 17 20 12 17 18 11 26 22 37 14 9 18 12 24 30 27 17 15 11 24 9 29 19 10 22 23 13 26 28 
11 23 10 9 23 15 17 12 9 16 40 27 29 9 13 16 29 17 29 8 13 21 12 31 12 21 8 13 20 15 26 12 27 26 18 10 26 29 15 37 12 15 27 4 25 25 19 13 10 15 12 17 19 16 10 9 7 15 36 22 
12 15 14 14 31 10 13 10 15 10 37 34 14 18 13 35 24 12 23 6 15 27 20 21 12 24 10 7 22 12 22 6 12 22 20 16 20 12 21 25 11 10 26 16 32 21 16 7 22 12 29 19 11 9 6 28 11 19 12 35 
10 20 17 17 38 13 13 12 16 19 17 33 14 14 10 24 25 23 30 13 27 32 18 27 10 7 20 8 18 13 21 13 26 15 25 9 21 19 30 16 10 12 22 6 34 21 27 15 21 13 20 22 19 12 13 14 20 16 27 45 
16 36 20 10 21 14 23 15 10 12 35 28 37 15 14 18 20 9 29 13 28 22 24 37 10 18 18 7 19 16 19 10 40 14 17 17 36 13 18 32 11 9 23 12 29 31 23 10 21 6 28 14 35 16 12 28 35 17 23 29 
18 21 12 7 18 10 30 15 18 10 33 22 27 18 8 25 27 9 20 9 19 36 11 24 14 19 13 14 14 19 26 8 15 11 25 17 24 25 19 29 9 8 21 4 30 45 9 15 21 9 14 6 26 15 11 25 21 16 34 36 
11 16 9 10 35 1 13 17 15 10 26 18 31 15 12 22 19 14 13 11 12 18 21 23 11 9 6 14 14 18 19 6 26 13 16 14 22 10 29 20 14 15 23 13 29 21 32 24 13 4 12 18 20 13 9 19 13 8 23 16 
15 25 17 15 20 10 16 7 17 13 28 35 38 24 8 31 29 11 8 10 22 20 27 32 6 20 12 10 17 11 21 8 25 15 11 16 27 20 35 30 11 11 29 12 35 21 23 15 28 12 22 14 19 13 12 26 24 17 37 30 
12 12 21 11 21 12 12 11 12 20 23 32 25 12 14 16 24 9 23 13 18 16 16 34 7 13 21 15 27 14 17 8 17 16 18 9 22 15 20 24 14 13 8 11 21 21 19 17 18 10 14 14 28 11 10 19 21 25 29 22 

MachineCapacities:
MachineID Capacity
0 10
1 10
2 10
3 10
