NumTasks NumMachines NumScenarios
15 4 50
TaskDetails:
TaskID ReleaseTime ResourceConsumption SuccessorsCount Successors...
0 0 8 1 9 2 2 1 2 
1 0 7 4 2 8 2 3 4 
2 0 4 2 3 5 1 3 
3 0 5 8 8 2 0 
4 0 6 2 4 8 0 
5 0 5 10 4 4 3 6 7 8 
6 0 1 6 2 6 1 9 
7 0 7 1 6 2 1 9 
8 0 4 7 1 9 2 11 12 
9 0 2 8 4 2 1 10 
10 0 2 8 2 5 2 11 12 
11 0 8 2 1 5 1 13 
12 0 6 2 4 4 1 13 
13 0 6 4 7 3 1 14 
14 0 7 2 10 2 0 

18 12 40 18 16 34 31 26 23 11 23 46 30 28 20 14 47 7 16 13 27 11 14 41 30 28 30 17 16 15 23 31 19 26 21 23 17 16 23 33 35 24 18 8 22 19 19 32 32 22 23 33 10 28 19 27 26 11 21 23 
9 7 18 31 10 29 32 25 22 10 15 43 21 10 29 19 32 13 28 9 32 20 32 31 21 32 19 9 30 7 18 13 29 12 22 33 14 14 34 19 32 10 14 20 22 12 14 20 36 26 14 32 15 21 21 19 34 7 9 16 
12 12 32 30 10 16 34 24 23 11 31 35 23 18 17 19 23 10 13 21 34 14 35 28 19 23 29 9 16 17 25 14 15 21 14 15 12 22 20 14 26 25 8 19 26 37 12 36 20 29 22 19 12 16 25 19 26 13 18 35 
8 8 34 13 8 22 20 16 16 9 13 36 21 24 23 16 35 14 26 16 24 15 24 26 17 35 19 14 10 23 18 28 31 8 24 25 19 19 14 22 28 17 11 13 23 18 19 24 21 43 18 33 11 37 19 31 30 5 27 34 
19 12 35 32 13 19 22 21 14 13 21 35 25 19 18 14 39 12 24 11 18 14 18 18 21 17 31 18 21 29 6 22 34 16 24 17 20 24 21 18 14 13 12 24 23 25 14 28 24 38 20 29 12 43 23 8 18 8 27 31 
15 11 25 22 9 15 27 24 20 10 17 30 17 25 24 15 29 14 28 17 24 18 14 35 29 31 26 12 28 15 13 22 20 27 11 17 15 12 17 19 33 23 18 24 32 18 12 34 29 29 16 32 10 23 26 44 14 11 14 30 
17 15 17 30 10 30 38 13 25 13 30 45 28 19 20 8 36 8 1 16 32 14 16 28 33 29 27 10 31 17 19 20 12 16 27 18 16 11 16 18 15 8 12 27 29 12 25 27 21 28 19 32 14 35 27 37 20 10 11 23 
18 10 45 44 8 21 31 12 25 17 27 26 18 14 22 20 34 14 18 18 30 7 19 39 13 37 17 13 29 29 12 29 30 23 17 25 15 24 22 17 23 23 15 28 24 22 40 23 24 37 10 39 16 25 19 12 20 13 7 25 
10 10 35 29 11 26 36 18 27 15 20 39 26 24 17 15 24 11 14 13 31 12 19 30 28 35 15 7 19 29 10 19 12 14 19 24 19 22 16 27 22 20 16 39 13 16 21 29 25 22 23 40 15 30 21 19 30 15 17 21 
25 12 32 13 9 15 23 22 29 15 22 34 30 24 17 19 40 18 19 12 14 17 21 40 33 23 29 16 18 22 11 25 20 23 23 29 13 16 16 21 28 29 24 29 41 13 16 23 13 33 19 22 8 29 21 12 16 15 18 37 
18 8 26 27 11 13 28 9 30 10 19 5 18 14 25 13 25 9 12 19 31 14 28 21 25 28 24 13 25 25 23 26 17 16 21 22 15 17 18 28 19 28 9 15 26 23 23 27 44 16 16 28 10 33 21 25 34 9 23 32 
15 9 31 37 4 24 13 14 32 15 22 35 19 20 30 15 29 10 17 12 26 10 20 29 11 25 23 8 29 23 15 27 30 26 21 23 11 20 16 17 28 29 18 24 34 20 22 21 36 34 11 17 17 36 16 15 9 14 18 36 
25 13 37 29 9 23 42 19 17 13 19 27 31 9 29 11 36 10 22 15 32 14 33 28 15 27 21 8 37 18 14 15 29 26 31 26 16 25 21 18 33 31 19 11 11 23 8 29 21 26 19 28 7 30 22 17 20 12 25 23 
18 9 31 31 8 20 31 23 22 8 25 32 20 14 23 15 27 13 23 17 25 17 17 38 21 18 21 17 27 29 18 16 17 20 6 23 13 10 19 13 26 24 10 31 28 18 22 26 34 28 14 30 9 30 18 21 20 12 19 28 
22 13 24 28 8 18 31 13 25 16 15 14 30 24 13 16 33 6 12 12 21 11 29 34 23 16 14 9 29 27 25 15 34 21 17 11 8 13 13 18 27 16 10 18 30 20 23 48 3 46 12 20 10 24 20 13 25 11 24 34 
22 9 16 40 12 13 39 8 16 15 13 27 30 9 27 16 32 7 22 1 34 17 26 26 21 29 14 8 25 16 20 18 30 19 25 21 10 21 14 31 26 15 11 17 27 12 20 25 32 20 13 17 12 27 23 28 25 9 12 31 
20 5 49 25 11 19 24 20 26 12 28 26 16 26 26 4 28 10 16 14 23 17 17 16 16 34 14 11 18 24 20 10 27 16 17 18 22 11 14 34 33 15 10 18 37 21 15 35 26 40 20 32 13 37 22 20 9 16 19 29 
19 10 26 17 11 17 35 17 32 15 27 24 22 23 20 22 43 10 21 14 41 8 15 22 21 35 23 10 21 22 19 14 8 26 26 4 11 14 9 32 14 20 18 15 8 20 18 11 24 36 16 27 11 30 14 23 17 12 18 39 
19 12 28 26 9 22 10 19 36 14 31 38 30 20 28 21 15 14 17 14 29 13 18 26 22 22 19 10 30 23 16 19 12 17 23 21 18 24 16 25 18 17 12 16 28 16 28 29 20 38 15 29 10 15 26 30 18 13 15 28 
20 13 13 15 10 25 28 18 16 12 14 39 27 27 21 11 29 15 14 12 32 15 25 16 26 20 22 11 17 22 25 19 27 13 17 26 10 20 18 15 28 24 12 21 23 13 20 18 22 29 19 23 15 44 26 24 28 14 17 23 
16 10 25 30 9 18 18 18 28 12 33 26 21 19 32 17 29 15 11 14 26 11 16 30 7 21 22 12 22 17 15 10 24 21 19 22 18 20 22 28 26 25 9 26 30 18 19 24 32 35 12 28 16 38 12 27 25 12 16 24 
17 10 30 21 11 26 26 10 24 15 35 26 21 28 14 11 18 14 20 16 26 12 22 23 16 16 12 13 14 27 20 21 36 21 14 18 13 15 16 15 23 24 11 3 21 24 16 15 12 40 13 22 15 26 17 27 29 8 17 14 
17 10 47 21 6 15 15 24 21 11 30 44 29 20 17 13 31 11 25 19 29 10 14 23 29 26 20 15 26 23 25 23 30 14 24 23 13 19 25 27 16 19 11 24 28 11 22 31 34 33 18 35 8 20 23 19 25 12 22 36 
10 10 25 23 13 20 33 17 33 11 26 33 24 15 33 14 46 17 22 18 33 17 18 25 14 24 12 8 27 25 16 20 17 18 28 22 10 29 15 33 31 27 17 26 37 19 16 21 29 34 14 25 11 29 22 30 21 9 26 17 
20 9 24 28 1 21 26 22 41 15 19 33 17 29 40 15 36 9 16 10 21 13 15 43 29 20 19 13 29 23 23 12 12 14 20 29 6 14 23 19 11 16 14 14 30 17 25 9 24 21 17 23 18 35 17 22 31 8 22 23 
19 11 27 25 13 18 38 28 39 14 24 29 13 19 21 18 31 11 16 17 32 11 11 12 20 16 18 6 32 20 18 21 28 14 20 23 23 21 6 22 18 17 13 23 24 15 21 21 26 28 12 18 11 21 14 29 12 9 22 16 
19 10 31 30 13 24 24 18 19 13 17 31 29 29 33 19 32 14 29 11 32 12 26 37 25 36 28 12 14 13 18 18 22 20 18 12 19 8 17 31 30 14 13 18 27 12 22 37 31 42 12 22 11 39 19 19 22 17 18 19 
16 9 34 38 6 26 32 23 21 13 14 36 27 11 25 14 16 9 19 17 19 15 24 19 15 13 18 12 32 28 22 17 25 11 22 30 15 25 20 17 24 23 14 16 37 20 23 39 22 31 13 32 11 26 21 33 23 14 21 24 
15 10 36 45 9 31 16 23 15 12 24 17 24 15 19 14 28 7 25 17 36 14 16 17 21 10 18 11 15 5 23 18 17 23 10 15 13 29 14 23 15 16 15 6 36 24 28 27 24 42 21 23 12 23 18 25 24 8 18 25 
11 7 30 6 12 29 21 14 33 13 29 22 14 24 25 14 31 14 17 10 27 14 18 37 17 34 25 10 43 14 18 17 18 17 19 27 19 20 9 19 37 14 12 22 29 5 17 27 23 31 14 26 15 37 14 10 22 11 15 26 
18 11 23 33 7 23 24 24 28 12 12 21 18 27 14 21 40 6 12 20 29 10 16 40 31 27 18 13 28 15 9 21 24 14 22 32 17 20 22 22 24 26 20 22 32 22 10 41 20 20 15 28 10 30 10 24 13 13 13 28 
12 8 32 22 10 19 36 23 29 10 19 17 13 13 23 14 24 9 22 14 41 9 17 28 19 16 26 12 29 14 14 25 35 24 17 20 18 28 18 32 33 26 18 16 37 19 18 30 27 35 14 37 11 28 21 24 13 15 21 28 
20 8 36 16 6 19 16 22 26 12 23 29 17 24 26 20 32 14 20 13 19 11 27 23 26 22 26 11 18 19 24 18 19 17 23 29 14 17 13 17 14 23 11 20 41 17 21 33 24 19 10 16 14 36 22 14 14 9 24 24 
16 13 22 27 2 24 35 16 14 13 14 21 17 21 30 18 31 14 14 20 29 15 8 29 26 32 28 9 24 20 23 29 28 18 24 23 15 8 18 22 23 14 16 23 26 11 23 35 18 26 16 44 14 16 13 17 18 20 18 22 
12 9 28 37 10 23 32 11 23 10 29 13 27 27 22 11 24 10 22 12 31 13 14 31 12 28 18 13 17 17 29 29 22 20 16 26 15 21 19 25 34 18 14 24 24 20 17 31 26 24 10 24 13 13 21 24 32 14 18 33 
29 10 27 32 13 24 28 19 26 14 19 18 23 17 17 24 32 12 15 11 31 23 19 24 28 27 32 4 21 26 19 21 20 14 20 16 9 19 19 23 22 21 20 17 30 21 18 34 39 21 21 24 12 47 30 27 9 11 25 30 
22 16 33 25 12 20 27 19 51 14 9 42 23 16 13 16 23 12 8 14 29 8 21 29 16 22 25 12 47 18 22 30 16 13 23 22 19 18 15 22 27 19 6 13 34 22 22 21 23 32 13 27 10 38 14 19 31 10 18 21 
9 9 19 29 12 18 17 13 34 10 16 42 25 11 19 11 38 7 16 11 21 12 22 27 30 17 12 6 22 22 19 21 15 23 22 23 11 16 16 23 30 23 11 6 30 19 24 28 21 31 24 14 14 19 20 31 31 7 18 17 
8 16 12 22 10 30 34 20 28 11 19 26 26 25 16 15 29 11 13 11 34 13 12 44 15 38 20 11 27 26 19 18 34 18 12 22 11 23 27 10 32 30 11 18 19 22 16 30 24 34 16 27 10 19 22 17 17 12 10 32 
22 15 31 31 13 23 24 9 29 13 36 38 22 21 16 20 36 18 10 12 18 20 14 19 23 22 16 10 25 14 22 17 29 19 14 25 20 24 16 31 41 13 7 19 22 8 18 19 28 29 10 31 11 21 7 19 34 15 16 23 
20 15 23 20 11 22 22 18 34 12 25 35 24 16 16 24 42 14 24 9 22 17 25 14 21 32 22 15 26 18 21 24 12 26 21 31 18 19 12 29 35 20 19 31 25 15 25 17 14 25 17 19 12 40 21 31 16 7 19 19 
15 10 32 37 6 25 23 21 34 10 21 30 29 9 19 23 24 12 23 16 14 15 27 31 23 28 18 15 33 15 17 25 25 19 17 17 17 17 17 26 26 26 12 20 32 21 22 20 39 33 23 23 13 19 16 26 24 8 18 20 
17 11 19 24 6 29 14 27 12 10 15 23 17 14 34 10 35 10 7 14 20 16 7 23 9 21 13 17 37 11 24 29 23 18 23 16 19 17 11 20 26 26 12 14 31 22 22 21 16 19 14 29 11 35 16 18 24 18 16 29 
23 14 32 24 15 26 19 8 15 19 31 38 30 23 16 11 26 13 15 13 30 20 20 40 5 33 22 13 27 31 21 19 19 20 23 19 14 13 25 27 23 18 19 22 14 19 17 20 21 39 27 12 10 24 21 34 21 16 18 20 
24 9 14 28 12 16 27 9 29 8 33 38 16 21 17 14 38 11 17 23 29 17 27 27 21 23 23 13 15 17 15 27 30 18 13 20 11 12 17 21 30 13 17 23 23 20 25 19 18 34 30 19 12 28 20 30 19 15 18 23 
23 12 25 31 7 24 27 18 31 15 30 14 25 25 26 11 27 8 13 12 32 17 24 27 16 24 21 10 21 23 15 15 25 18 8 30 16 12 22 18 24 24 14 18 23 21 32 39 29 36 16 13 18 38 26 12 25 12 19 34 
21 12 32 25 12 25 24 22 27 7 25 38 25 27 31 13 42 10 21 18 25 18 15 12 19 14 23 14 26 25 21 21 26 22 18 13 10 8 25 27 33 17 16 31 12 22 23 18 36 18 24 36 9 15 26 29 24 9 15 27 
16 8 28 20 11 19 32 18 24 11 32 24 29 31 24 8 31 14 17 10 32 16 15 43 24 21 23 12 10 23 22 17 33 13 14 21 20 10 15 25 31 19 11 22 31 13 28 25 33 40 14 26 13 43 18 16 22 14 14 42 
20 8 35 30 14 18 50 24 23 8 25 32 22 24 17 18 33 10 26 11 21 13 20 30 31 19 20 4 21 22 19 25 17 15 18 25 13 24 23 24 26 28 20 29 33 9 23 31 32 23 16 37 12 33 12 29 17 15 8 27 
15 8 22 16 10 12 30 19 30 13 28 40 17 15 13 16 34 11 11 12 23 10 14 17 26 12 25 12 15 22 9 12 29 13 22 21 19 20 27 18 28 16 18 14 43 10 11 29 17 22 17 32 7 34 16 15 28 13 24 28 

MachineCapacities:
MachineID Capacity
0 10
1 10
2 10
3 10
