NumTasks NumMachines NumScenarios
10 2 500
TaskDetails:
TaskID ReleaseTime ResourceConsumption SuccessorsCount Successors...
0 0 5 2 2 2 3 
1 0 9 7 2 2 3 
2 0 5 7 1 4 
3 0 2 1 1 4 
4 0 5 3 0 
5 0 10 5 2 6 7 
6 0 7 2 1 8 
7 0 9 9 1 9 
8 0 2 2 1 9 
9 0 9 6 0 

23 29 27 16 47 15 19 20 23 16 22 10 28 14 7 23 22 14 7 23 
29 31 25 43 22 7 22 16 21 23 33 18 27 30 15 41 12 32 18 19 
23 34 28 27 36 11 25 31 25 16 31 10 29 25 25 25 13 17 19 30 
23 26 38 26 35 8 16 15 25 11 30 20 29 18 16 31 24 26 17 22 
33 23 25 27 45 8 10 20 25 12 36 18 25 37 22 21 20 26 21 27 
41 23 22 30 17 18 28 16 23 23 31 13 25 30 22 27 15 29 30 30 
31 21 32 46 15 31 20 19 19 20 12 15 31 23 25 20 10 20 17 22 
21 19 32 32 41 14 24 21 25 13 27 11 12 28 18 25 17 30 19 33 
37 16 29 34 24 16 14 20 27 10 24 24 23 37 15 13 19 20 24 36 
38 28 25 29 14 19 23 29 36 15 30 14 27 28 17 29 28 26 18 21 
12 29 19 35 25 19 15 11 21 16 32 14 13 23 25 37 19 36 22 24 
12 28 12 28 30 19 17 29 24 17 23 17 24 20 22 32 12 20 28 26 
25 23 36 34 24 20 8 34 34 12 31 15 26 24 24 39 13 22 24 21 
32 29 27 53 29 18 20 29 8 12 29 16 37 27 16 30 22 28 27 24 
22 20 35 26 39 21 24 27 25 15 32 14 32 31 19 34 15 23 28 19 
20 30 26 18 32 24 22 20 25 11 17 16 31 20 19 24 24 28 32 40 
34 27 22 36 20 23 19 26 14 5 24 17 22 29 14 40 23 21 21 26 
11 17 21 25 24 25 12 26 30 20 39 15 33 33 16 28 19 31 23 19 
41 26 28 42 27 18 20 29 22 15 24 14 24 18 17 29 13 11 23 28 
39 39 42 15 20 15 12 19 20 13 35 20 23 33 13 36 10 16 7 28 
29 17 37 20 39 17 18 37 24 18 25 20 16 19 24 25 22 20 16 20 
34 24 30 36 24 13 15 21 31 19 13 12 17 23 16 20 19 32 16 34 
25 35 17 22 30 22 21 12 22 15 40 8 20 30 12 31 16 22 13 30 
22 26 34 21 21 14 20 24 28 10 34 14 26 41 22 28 16 17 26 41 
27 20 27 33 31 20 31 19 24 12 24 20 30 25 29 32 16 14 21 31 
30 30 36 20 25 15 14 17 24 19 31 14 31 26 26 33 13 23 25 22 
14 33 23 22 23 18 19 30 26 10 26 14 20 35 31 35 11 40 24 29 
21 25 23 11 25 16 15 28 28 17 8 20 30 28 24 15 12 30 27 30 
30 26 26 25 34 15 18 30 22 19 28 15 18 37 16 36 18 34 20 30 
50 19 28 24 16 15 26 24 24 11 32 19 38 27 17 27 18 28 19 37 
21 24 28 12 36 16 13 26 16 11 36 16 26 39 17 34 20 25 20 15 
32 23 42 39 35 10 19 27 34 13 18 19 26 30 19 28 16 23 13 15 
6 28 36 6 11 6 13 14 29 21 23 14 23 25 22 33 13 25 20 26 
28 15 17 36 26 23 19 30 25 9 35 10 42 28 19 28 18 20 24 22 
24 31 21 31 12 21 13 5 24 19 27 15 35 15 17 24 20 9 30 26 
24 25 37 9 40 19 16 21 26 21 21 13 28 16 18 31 12 20 17 16 
37 28 37 34 31 17 14 15 29 13 30 14 14 40 19 29 20 27 24 29 
37 30 33 22 28 24 15 22 18 11 31 21 18 25 15 16 21 25 18 33 
20 33 19 12 18 15 23 19 30 19 30 18 21 21 20 35 17 40 14 32 
31 40 28 43 36 17 16 20 20 18 23 11 30 27 17 24 12 12 23 20 
45 27 31 26 29 15 17 23 17 21 43 12 29 34 14 17 11 27 17 28 
26 19 27 26 39 21 21 14 22 17 27 22 23 26 23 28 17 26 22 30 
34 29 38 25 41 15 12 23 31 12 26 22 31 10 20 32 19 36 25 22 
43 26 24 34 37 31 23 18 19 12 35 16 33 41 24 24 15 31 24 24 
33 29 30 20 29 25 26 35 24 13 47 17 27 21 26 36 17 23 23 10 
26 18 27 35 19 24 15 32 21 12 27 15 27 29 30 28 14 35 18 34 
47 15 29 28 42 21 12 25 18 20 24 14 26 24 15 25 19 17 12 42 
32 21 18 30 27 16 25 28 17 20 31 18 28 30 23 33 24 28 17 26 
20 24 15 26 22 21 24 20 27 20 31 17 29 33 14 32 11 34 17 38 
38 41 32 22 23 23 17 18 17 14 50 18 17 25 22 31 17 23 18 13 
17 21 31 16 36 23 26 27 29 17 34 19 29 18 16 18 25 8 19 22 
34 21 24 34 33 13 10 33 23 13 22 18 22 23 20 35 20 33 27 18 
40 24 23 28 27 17 20 32 22 15 22 18 32 10 10 31 16 36 17 28 
24 20 37 39 27 18 18 17 18 18 24 15 36 21 10 16 15 15 17 27 
23 22 31 24 16 15 9 25 30 18 36 14 18 27 23 32 18 34 24 34 
40 17 20 36 23 21 21 24 25 11 28 16 33 26 17 25 21 25 17 19 
24 25 30 27 23 14 20 19 19 18 46 16 32 33 15 27 18 28 30 29 
22 46 20 13 34 11 18 30 22 22 28 20 28 27 24 19 18 30 23 30 
28 14 44 35 25 21 22 26 25 24 28 18 26 33 29 25 22 20 32 16 
44 17 23 32 32 27 16 23 23 15 30 22 32 32 14 26 25 30 25 25 
27 28 34 17 16 20 19 32 30 12 48 16 20 12 22 31 25 34 24 22 
32 10 26 20 33 24 20 17 20 22 37 8 19 37 23 31 19 25 33 38 
15 11 34 27 39 16 24 19 18 13 35 15 33 35 19 18 15 8 28 12 
33 15 26 13 36 22 20 34 21 14 32 16 18 16 14 22 25 32 16 32 
38 23 30 11 41 17 27 28 22 20 41 14 28 32 26 40 16 16 20 22 
21 21 42 32 39 20 14 37 31 18 23 17 19 24 25 35 21 20 25 33 
28 15 21 32 16 21 15 26 23 15 18 18 21 20 19 48 23 21 21 43 
33 28 42 25 31 13 26 22 15 12 43 15 21 18 24 37 14 31 30 29 
34 29 42 46 45 15 22 37 20 18 35 9 26 27 23 24 25 21 25 39 
34 12 43 9 30 30 21 29 30 13 25 20 23 33 19 26 21 34 23 42 
40 30 16 31 29 9 24 35 24 16 26 16 29 13 14 23 18 36 20 28 
31 21 33 34 28 24 13 26 18 22 12 14 29 34 16 25 17 32 23 28 
44 26 39 20 20 17 11 27 15 11 26 14 32 34 13 25 17 13 23 32 
32 25 28 31 35 13 15 25 25 13 30 14 41 35 15 22 26 11 38 34 
28 28 45 34 28 18 21 23 17 17 26 12 15 27 28 23 20 20 18 18 
25 22 35 29 18 18 21 31 26 19 19 14 24 21 19 24 18 28 16 34 
17 37 23 30 21 21 16 26 23 18 34 12 30 25 20 21 21 29 14 21 
21 17 32 31 37 7 25 23 27 18 17 20 25 27 14 26 18 26 12 32 
32 27 38 44 37 25 17 33 28 16 37 19 20 21 25 23 17 27 16 27 
21 29 25 9 25 12 31 31 19 20 28 15 27 35 8 29 19 21 15 17 
25 23 36 30 30 19 12 32 20 15 26 20 26 16 21 30 10 33 19 22 
32 30 35 25 32 29 20 20 29 18 44 17 24 12 19 19 18 29 15 25 
28 29 20 31 25 19 18 31 19 20 28 11 29 22 25 30 9 32 15 13 
25 19 40 19 38 26 22 24 26 18 27 14 33 26 23 29 15 36 18 40 
26 22 20 27 26 22 18 24 27 8 33 13 17 18 22 22 17 33 27 18 
24 25 44 35 41 24 19 30 24 13 39 12 20 21 22 30 12 7 8 26 
21 21 29 20 22 13 21 22 25 15 34 19 28 18 22 35 19 34 16 29 
27 27 37 24 24 25 20 26 23 15 42 14 20 23 19 37 17 37 20 20 
35 31 34 19 28 12 21 19 21 13 19 7 19 15 32 23 14 15 25 29 
29 40 23 33 21 18 25 26 27 19 20 13 31 38 10 29 14 15 18 40 
26 25 28 14 18 15 22 32 19 12 27 13 18 36 10 28 17 25 19 43 
29 34 31 29 32 17 19 20 15 13 33 16 36 30 10 30 22 24 16 25 
34 18 33 31 33 19 15 21 23 19 40 18 32 32 16 23 14 24 28 24 
34 33 20 31 28 7 20 26 10 20 29 13 17 38 13 31 15 24 14 30 
22 23 28 36 32 24 19 17 14 18 36 9 40 26 26 4 17 18 29 28 
27 23 51 31 26 22 13 9 32 14 30 16 22 36 18 22 17 32 27 37 
13 23 23 17 26 18 21 22 28 13 31 11 21 30 26 33 12 29 11 26 
33 6 27 30 45 20 21 14 20 12 34 24 26 23 25 28 12 35 20 38 
21 29 21 36 39 21 16 32 17 20 20 12 18 17 12 15 19 26 21 20 
36 38 32 32 34 15 13 21 17 7 34 15 26 28 29 32 18 32 22 37 
26 25 42 32 34 12 18 19 21 20 22 20 17 11 20 28 26 19 13 21 
25 24 35 15 19 10 16 26 18 12 35 12 29 22 32 28 23 39 22 29 
45 25 47 33 36 14 17 28 21 21 43 21 22 21 16 20 14 30 21 14 
20 22 29 36 8 13 20 19 21 15 29 14 25 12 12 14 27 19 10 37 
30 31 27 41 27 22 17 7 22 13 30 18 25 41 25 12 18 24 16 22 
33 24 18 24 43 19 24 25 12 17 24 17 29 28 20 23 19 20 29 36 
27 33 24 20 32 23 17 23 26 12 24 15 15 26 25 28 11 28 26 29 
37 28 27 28 40 15 12 26 26 18 30 12 31 30 13 22 24 31 24 24 
23 29 36 24 23 21 8 23 24 18 11 18 21 21 17 19 15 28 15 43 
36 21 30 30 35 15 19 31 23 19 30 9 31 13 16 23 13 26 37 16 
32 25 33 27 21 8 22 26 22 12 28 12 19 35 6 33 19 32 23 18 
26 21 20 33 19 14 22 28 25 10 30 15 14 39 18 21 22 37 26 35 
37 31 32 38 39 22 24 28 16 10 25 11 30 31 19 26 18 27 27 22 
40 23 33 29 23 24 19 9 25 24 23 16 22 34 17 25 11 28 24 29 
33 20 31 28 38 16 20 25 26 16 39 11 23 29 18 25 23 13 28 36 
36 17 30 25 26 13 24 16 30 15 33 14 35 21 13 29 24 21 19 16 
28 32 28 20 21 18 23 18 27 7 21 9 31 20 23 11 19 13 23 20 
26 30 26 32 28 18 18 38 43 13 12 20 28 27 16 24 28 31 23 30 
26 31 19 26 20 22 26 26 23 10 38 16 26 29 18 21 13 29 17 31 
19 31 31 19 29 19 22 32 16 11 31 11 27 28 17 26 18 26 13 30 
26 18 23 44 30 17 17 21 20 14 36 6 25 37 13 18 20 28 20 28 
21 27 37 34 26 17 16 28 29 16 33 13 37 32 21 33 16 31 28 26 
26 27 15 24 31 19 18 18 32 22 46 13 28 37 20 23 18 26 14 17 
35 33 26 18 35 18 12 17 16 19 18 12 16 26 18 39 15 15 27 36 
42 38 49 27 15 11 15 31 24 14 41 18 26 34 26 25 8 24 23 28 
33 17 32 39 44 13 20 30 8 15 20 20 26 36 23 28 23 31 29 26 
24 18 36 29 29 22 13 29 30 15 19 20 28 22 20 27 26 26 27 20 
20 24 25 33 12 23 24 18 22 21 10 25 23 29 23 26 22 23 30 25 
31 26 33 20 21 22 24 18 22 13 29 18 31 20 25 30 22 30 26 28 
10 18 32 33 33 14 23 25 26 19 31 23 26 38 17 43 15 29 20 22 
20 27 24 35 32 26 20 31 37 11 26 19 23 20 21 17 27 34 21 16 
36 25 30 27 20 14 16 22 24 21 35 13 31 6 26 21 18 26 12 21 
21 24 38 19 20 18 22 28 17 8 34 8 29 26 11 28 17 30 22 25 
22 27 28 29 28 20 17 16 24 19 27 18 23 27 13 9 12 25 27 32 
31 32 28 26 35 15 15 30 24 7 17 17 25 39 21 38 23 20 16 25 
26 19 32 23 30 23 15 26 26 8 25 2 20 32 25 23 15 37 22 33 
40 17 42 29 39 21 22 10 22 10 14 16 19 18 18 24 16 19 23 43 
29 20 32 25 25 18 22 15 15 11 46 15 20 36 28 32 16 18 19 35 
29 24 33 34 39 15 21 17 17 22 32 16 29 27 16 35 18 12 22 17 
25 27 27 24 39 27 6 24 24 14 31 15 26 27 15 19 21 27 22 35 
38 22 17 35 16 10 22 18 4 13 27 11 24 26 17 43 19 34 33 26 
30 32 37 27 27 18 19 3 26 16 29 15 24 25 20 37 8 35 11 25 
23 19 39 12 30 17 15 37 23 16 29 10 26 27 17 17 14 29 17 31 
46 31 34 24 31 18 12 21 16 17 7 16 28 37 10 20 21 32 34 45 
44 30 30 41 42 21 18 20 20 14 34 15 27 14 19 36 18 29 23 23 
19 13 22 27 20 16 19 24 25 17 32 18 38 20 13 30 9 37 15 12 
40 24 30 36 29 27 16 36 21 8 21 10 38 36 20 28 13 12 26 32 
27 24 26 34 34 19 23 25 19 16 47 15 25 30 21 32 27 25 30 36 
29 21 26 20 24 19 23 14 22 14 30 16 19 16 19 39 19 27 17 33 
15 39 13 25 19 22 20 26 24 14 25 10 26 36 11 17 16 16 20 31 
41 28 36 39 21 13 21 30 20 13 37 19 26 28 20 29 16 18 29 25 
27 15 34 18 35 16 19 27 26 10 21 7 37 33 14 30 19 18 22 30 
44 24 21 31 54 16 25 40 27 24 25 9 33 34 20 24 15 28 31 26 
21 19 29 28 41 18 21 22 19 11 23 22 11 34 23 24 20 25 28 19 
28 39 15 31 21 16 17 27 20 22 43 20 35 21 24 25 19 27 31 38 
23 15 35 20 27 13 15 22 27 13 24 21 23 17 24 25 20 20 27 21 
30 37 40 40 27 11 15 15 16 13 37 17 27 16 32 23 19 23 21 36 
33 21 33 35 19 16 27 24 23 14 23 19 21 30 31 18 10 30 27 15 
40 34 21 20 27 19 16 31 23 17 36 22 12 31 23 23 21 10 11 26 
23 27 31 32 39 19 20 14 27 17 22 15 33 13 17 36 16 21 25 25 
39 27 16 35 29 13 25 20 24 18 34 16 26 16 25 33 18 34 19 19 
27 20 34 36 35 18 27 24 31 17 23 18 24 24 27 29 22 15 10 36 
24 26 34 27 27 11 18 36 22 16 26 11 19 19 22 31 11 16 25 30 
27 31 29 31 26 21 19 31 5 22 34 18 15 45 17 39 9 28 25 26 
24 26 33 27 34 22 15 21 26 12 53 12 33 38 27 28 15 31 18 28 
29 30 37 17 28 28 17 23 22 11 24 17 22 23 29 11 16 21 23 20 
22 29 36 31 25 19 18 16 21 10 27 20 33 25 17 28 18 26 13 23 
17 18 9 24 35 12 14 24 16 13 29 10 27 35 21 47 14 33 13 21 
32 29 33 36 29 18 16 10 29 14 30 19 18 17 21 38 20 22 21 13 
37 28 29 22 29 20 20 22 21 24 27 15 21 34 28 27 10 21 20 39 
40 37 28 36 26 22 12 45 14 16 14 15 37 29 17 24 19 18 13 20 
26 27 37 20 23 24 12 21 25 19 35 9 24 23 17 24 19 15 16 27 
20 33 18 40 17 17 26 17 33 17 31 19 23 22 21 11 17 29 24 25 
16 20 25 16 34 22 23 21 26 18 25 21 35 23 24 38 34 19 13 16 
38 25 19 34 39 20 20 37 18 22 16 21 20 33 16 36 16 32 18 33 
19 24 31 29 32 7 16 19 27 17 24 16 36 32 17 20 29 21 19 22 
37 37 28 33 22 14 25 33 20 18 24 15 29 38 19 34 7 19 19 21 
26 38 21 21 36 15 18 29 22 14 24 11 32 33 15 22 14 36 18 35 
21 36 33 15 18 15 16 27 27 20 26 17 32 32 26 32 15 26 16 32 
41 30 34 21 39 22 24 27 22 17 39 18 19 20 10 23 19 21 28 43 
36 19 13 26 24 22 18 25 10 19 42 21 21 31 16 30 16 36 20 33 
29 18 23 24 29 16 14 25 21 8 38 20 22 20 10 23 28 21 20 27 
34 22 6 45 13 15 17 21 15 7 29 12 28 41 18 32 6 23 16 19 
27 26 43 44 28 22 25 17 18 18 21 16 26 31 21 32 6 30 26 19 
23 20 42 26 22 13 22 31 19 11 21 14 30 28 22 14 16 24 9 29 
30 25 30 9 39 23 28 30 19 10 16 10 36 9 18 43 20 22 26 36 
31 36 33 33 29 18 21 38 19 24 34 13 30 23 26 32 25 21 21 24 
31 30 33 26 21 13 23 26 20 9 35 14 14 21 19 30 16 31 18 40 
18 25 29 29 15 17 16 16 15 14 29 17 27 20 17 21 21 26 24 42 
25 24 20 43 38 36 16 23 26 14 37 18 20 40 23 13 23 1 21 34 
28 20 16 34 31 15 15 30 13 16 26 15 17 41 17 26 12 14 25 28 
29 26 25 28 40 23 20 18 16 13 15 14 31 30 11 18 19 24 13 34 
31 35 33 21 27 25 20 17 12 23 19 21 23 27 18 5 17 13 26 34 
30 25 36 30 31 22 25 11 24 16 33 25 13 16 13 34 24 35 21 24 
11 35 31 21 28 24 20 36 27 9 21 6 31 31 22 30 24 28 21 39 
29 17 20 22 17 18 14 18 28 14 27 17 29 30 20 31 12 20 18 40 
39 21 15 34 26 19 19 29 36 19 13 21 24 30 10 34 19 27 24 25 
22 31 33 20 36 27 15 28 21 15 25 10 22 32 11 34 18 35 23 30 
22 29 38 30 42 21 22 31 16 16 33 12 30 22 11 29 25 33 27 23 
26 21 42 28 34 14 15 20 17 17 35 12 23 27 14 37 16 37 18 27 
32 28 29 13 27 18 21 28 32 9 32 14 27 32 26 23 21 26 28 23 
24 12 35 34 32 24 14 26 18 20 32 14 33 47 19 21 19 30 22 24 
32 26 16 18 30 18 15 24 22 13 27 12 19 15 18 30 18 27 16 22 
21 42 27 32 32 22 21 20 29 15 20 15 23 35 17 20 20 25 24 25 
27 13 28 30 28 13 19 31 10 14 20 14 16 16 10 23 14 14 17 25 
21 30 38 28 20 18 23 18 14 20 20 18 25 15 20 29 31 28 29 36 
24 28 11 53 26 16 25 48 19 18 24 18 29 44 15 24 16 26 16 22 
30 35 21 16 41 23 16 22 15 14 34 14 18 25 19 22 13 25 26 31 
23 15 19 8 29 15 19 31 22 18 34 10 29 16 15 34 27 28 17 25 
16 27 27 16 27 25 26 23 29 25 20 15 23 18 22 21 17 38 26 39 
36 38 31 23 47 21 14 31 17 19 27 17 30 20 13 31 14 20 27 22 
33 34 24 24 33 16 23 26 22 19 23 15 30 32 13 23 12 26 22 31 
32 31 36 24 37 25 25 12 19 15 22 15 36 28 16 20 21 20 19 35 
37 37 35 23 46 14 14 25 15 10 34 7 33 15 14 33 21 20 18 38 
27 21 21 9 34 14 29 26 14 11 30 15 32 41 22 20 12 34 26 36 
23 37 23 27 41 18 18 26 17 10 17 5 27 24 16 24 19 29 35 26 
12 22 16 33 24 21 17 35 19 16 32 14 10 29 21 27 23 23 20 31 
23 23 38 39 28 16 20 28 21 12 32 13 36 17 19 44 21 38 27 23 
27 26 28 35 28 20 18 18 23 11 18 13 10 15 22 36 18 34 23 29 
34 24 11 27 32 20 20 32 23 15 36 18 34 32 21 9 9 18 26 21 
39 25 32 24 41 16 17 29 24 17 34 12 22 26 20 14 16 31 21 28 
54 12 21 19 48 15 7 16 26 18 27 18 13 23 14 26 15 17 25 27 
34 15 26 28 30 18 23 26 33 13 33 18 24 31 22 34 16 20 15 30 
24 22 43 30 30 18 23 18 26 17 15 14 30 29 21 33 19 22 24 20 
29 22 29 24 34 17 23 37 15 16 21 20 26 23 18 33 19 12 23 21 
31 21 29 24 23 20 21 31 31 12 25 14 10 20 17 9 18 27 8 35 
24 34 36 14 26 25 17 28 20 16 26 12 37 41 19 34 11 11 15 14 
29 21 32 30 32 16 24 20 11 19 37 14 27 33 24 17 14 24 10 27 
40 26 27 33 31 20 28 25 25 11 25 6 31 37 20 29 17 25 23 29 
31 30 12 39 26 19 4 19 33 14 43 12 18 18 22 19 12 26 10 21 
31 29 30 11 35 11 21 19 15 14 32 13 16 18 19 20 23 15 13 33 
42 37 40 43 39 18 15 25 20 18 46 22 26 34 17 32 21 23 21 32 
22 11 36 39 30 17 12 26 32 12 31 12 23 34 19 28 16 22 16 27 
31 26 21 18 35 25 18 13 14 24 30 13 25 24 28 21 20 30 25 24 
29 24 26 23 35 18 13 21 27 18 40 16 25 41 24 35 18 30 29 43 
41 20 20 28 12 14 17 29 24 15 29 15 35 32 13 35 20 25 19 21 
36 21 25 31 41 11 18 30 20 14 23 10 23 38 16 45 25 27 13 32 
29 18 36 19 27 15 20 32 21 13 35 15 37 25 18 33 13 28 13 30 
29 24 20 15 31 16 11 28 12 19 14 14 23 19 17 27 18 29 14 32 
39 35 48 27 14 8 20 17 15 17 58 20 42 28 25 22 10 42 11 25 
33 29 25 19 36 17 19 22 19 26 30 21 20 34 20 34 21 19 17 39 
32 29 42 22 23 23 13 21 25 13 31 13 30 25 24 34 15 32 11 24 
45 18 26 29 31 19 20 23 21 9 19 14 23 16 15 30 17 19 34 19 
29 24 20 28 22 27 21 27 20 20 30 5 44 30 29 16 19 31 25 22 
26 30 30 31 19 21 21 33 22 18 28 21 15 25 19 26 14 35 9 31 
25 28 26 33 26 17 21 31 23 23 18 14 19 31 19 28 22 28 26 38 
18 10 4 28 12 7 14 33 26 18 36 14 22 20 19 32 8 25 14 22 
32 36 30 32 40 15 14 29 26 15 31 6 19 25 20 21 11 27 13 27 
32 15 33 16 35 21 30 23 27 18 29 22 15 38 14 19 12 12 25 12 
21 29 31 28 38 12 13 12 18 16 17 12 21 34 17 7 13 32 13 42 
35 17 25 31 25 12 24 26 23 9 28 18 27 29 22 22 24 18 12 23 
35 23 31 21 45 9 15 21 20 11 27 14 23 21 27 29 18 25 20 29 
36 26 27 21 32 17 13 11 11 25 35 11 26 31 27 17 19 30 22 39 
32 39 47 18 25 18 12 12 26 15 33 18 30 33 19 11 12 23 23 43 
32 37 23 24 34 18 5 30 31 11 21 11 18 32 11 28 14 29 20 42 
23 37 19 33 16 19 12 21 22 17 34 13 30 20 25 30 18 22 18 39 
34 31 35 28 35 18 18 29 15 12 29 20 37 24 8 36 9 29 22 37 
31 24 33 22 21 23 19 34 10 19 33 10 35 22 17 20 15 21 24 39 
18 14 40 25 36 13 19 34 29 13 41 17 31 28 16 20 21 24 24 35 
23 24 25 33 37 11 18 17 29 14 33 23 22 19 15 28 20 19 19 32 
25 28 21 31 31 19 15 39 26 14 23 15 29 19 17 18 22 24 6 15 
36 30 39 33 25 21 22 11 16 13 44 12 22 30 13 33 9 16 19 34 
26 24 34 32 11 29 28 28 32 20 29 13 20 31 20 23 20 29 28 18 
27 14 35 33 24 20 21 29 27 16 33 12 31 20 16 33 18 20 20 31 
40 26 40 46 20 20 24 27 17 19 32 11 9 24 12 23 21 26 19 36 
25 28 39 40 35 25 18 28 19 10 21 16 23 19 21 11 23 29 24 39 
29 26 24 34 37 21 13 14 25 9 25 7 21 13 23 33 17 26 28 42 
23 20 28 25 21 29 17 25 18 13 31 9 26 42 12 24 9 22 29 27 
36 29 29 24 32 22 16 21 21 14 28 16 27 24 20 25 19 24 33 25 
50 26 24 28 23 11 12 35 20 15 25 15 12 21 10 23 18 29 17 18 
37 18 19 23 26 23 26 34 21 19 26 11 24 29 13 40 14 22 25 38 
28 24 24 44 28 15 17 15 21 12 33 23 17 25 29 36 14 12 18 37 
24 34 27 42 26 20 14 19 19 15 33 13 30 10 11 32 20 25 21 31 
32 31 43 27 38 23 19 40 19 18 30 5 27 21 20 30 7 28 21 33 
33 40 23 38 11 20 19 22 27 14 14 16 17 30 25 22 20 15 23 31 
27 16 34 33 30 28 22 22 13 11 25 19 13 24 21 41 10 35 20 40 
28 23 33 39 27 23 20 36 18 17 33 22 29 30 25 16 20 7 22 22 
45 25 27 29 12 16 16 30 17 14 28 14 28 22 22 36 17 15 25 21 
23 35 20 29 34 6 18 31 21 15 26 15 39 30 17 25 22 17 34 25 
32 25 22 21 29 11 13 15 12 12 18 18 26 31 29 23 21 19 19 33 
32 29 23 35 27 29 11 26 20 14 35 8 24 24 13 30 18 23 22 16 
33 15 26 24 32 26 23 20 22 12 24 15 30 28 21 35 11 18 26 21 
25 36 45 37 36 20 27 13 20 13 32 12 25 28 17 42 11 37 21 19 
30 28 26 25 29 9 17 24 20 21 37 24 26 27 17 23 16 20 29 19 
29 28 25 18 32 21 12 8 26 10 27 14 36 34 22 24 13 28 16 31 
34 27 19 19 28 24 17 17 11 20 25 17 34 35 23 23 15 29 10 41 
42 17 31 36 20 21 14 16 38 27 22 14 23 29 26 27 22 27 31 33 
44 27 28 19 34 21 17 25 18 17 18 23 18 22 24 21 16 23 22 10 
23 16 33 25 16 12 19 37 21 18 34 16 8 41 13 23 11 28 30 18 
34 30 24 32 33 10 18 27 29 13 37 18 14 32 17 26 12 31 20 30 
37 24 32 32 20 18 20 37 13 11 18 14 27 9 19 28 19 17 19 31 
15 36 21 28 31 14 16 33 36 15 41 16 26 27 19 28 19 17 17 29 
23 20 31 23 18 19 21 35 16 14 25 12 24 28 17 36 22 12 25 21 
28 16 31 32 27 20 21 33 26 16 30 16 19 30 25 12 18 25 23 29 
40 23 25 24 22 25 22 32 11 14 22 12 36 15 37 22 10 24 14 20 
25 24 28 34 12 16 16 25 32 13 37 21 24 36 21 32 11 23 16 19 
30 31 38 17 33 15 13 27 20 16 37 12 22 34 20 29 16 30 17 41 
25 20 21 20 41 31 20 28 25 8 19 19 21 23 23 35 16 15 26 20 
36 13 23 27 25 24 20 26 33 17 43 10 27 23 20 26 20 27 31 33 
38 13 43 32 22 16 15 26 14 22 37 23 30 42 10 36 15 9 26 22 
29 29 36 33 30 28 23 31 16 14 27 18 34 29 23 25 18 13 23 30 
18 20 39 27 23 20 27 24 15 16 22 20 23 16 17 20 20 17 21 28 
28 29 36 23 27 15 18 26 19 16 30 18 23 28 20 21 18 19 25 22 
28 22 41 21 34 22 24 32 19 11 24 12 30 12 17 31 16 24 11 22 
30 30 30 24 28 19 18 29 3 18 22 9 22 26 21 30 11 26 17 18 
31 13 23 29 27 16 21 24 18 15 23 16 31 12 13 30 17 24 19 22 
23 33 33 36 29 19 16 26 21 19 40 11 40 16 27 36 14 19 16 31 
38 38 33 25 22 20 22 12 20 21 33 17 23 35 17 28 15 30 20 46 
26 15 22 35 32 12 14 26 26 11 27 14 26 22 19 31 19 6 12 18 
24 28 29 34 41 26 18 20 21 15 29 10 26 36 21 39 14 28 21 29 
27 18 14 16 26 31 21 27 28 17 24 17 25 37 22 16 11 16 23 42 
39 11 30 36 28 7 26 36 16 13 23 11 27 14 21 22 12 37 23 30 
22 32 16 33 27 16 23 26 21 23 30 9 31 14 23 25 9 22 25 29 
23 20 31 32 31 17 20 16 28 11 18 14 17 35 25 27 21 24 20 22 
23 29 28 13 25 15 15 23 26 16 35 17 25 38 11 22 21 14 16 17 
31 22 39 34 25 20 25 14 18 18 29 17 33 44 12 22 13 34 28 16 
19 23 24 21 24 11 28 23 25 21 12 15 38 17 17 21 11 30 13 22 
17 31 8 25 26 24 19 26 23 17 34 16 22 9 23 37 25 25 23 47 
27 31 26 28 23 24 16 40 27 17 34 14 28 18 22 22 21 36 22 52 
33 33 38 35 38 12 20 27 18 16 20 9 21 15 20 22 13 30 19 14 
30 25 25 37 24 27 16 32 21 23 48 19 22 25 35 29 16 24 31 26 
26 24 5 34 29 11 23 15 14 22 31 14 26 23 19 39 14 26 14 21 
40 19 30 27 42 24 21 29 35 15 10 21 31 44 17 25 24 26 23 22 
25 22 24 29 38 21 26 27 15 12 37 12 1 26 20 24 18 25 32 28 
25 22 37 17 31 19 33 28 29 22 23 14 25 29 12 18 18 22 30 27 
14 34 23 16 16 14 11 27 15 18 29 14 40 25 14 21 23 25 6 34 
16 31 41 33 33 21 26 26 14 15 23 12 37 26 15 31 19 39 25 30 
31 21 21 50 36 13 17 31 18 10 25 13 25 22 17 26 13 28 33 25 
29 30 22 18 31 18 17 23 24 24 19 12 33 22 18 35 15 27 15 31 
26 25 31 28 28 25 22 32 35 13 21 14 19 17 23 35 16 25 21 29 
29 19 28 32 19 12 17 25 10 15 19 21 32 31 8 34 14 13 24 22 
39 14 19 23 42 20 24 23 36 17 28 6 26 17 16 20 14 16 25 28 
43 20 33 35 37 15 20 14 13 19 34 14 24 18 21 26 23 14 30 24 
27 30 13 22 42 15 17 29 32 18 34 22 36 40 19 13 10 29 30 41 
23 27 27 24 16 14 20 35 27 13 39 17 26 27 21 16 23 17 25 21 
33 19 38 35 25 22 17 21 29 18 30 22 10 37 25 35 16 28 13 26 
28 32 12 29 11 17 19 22 27 17 27 20 25 20 18 40 17 23 13 30 
29 22 47 31 34 18 16 23 24 12 33 11 27 39 24 34 16 11 26 31 
30 28 38 25 35 18 18 23 25 18 17 16 14 21 29 30 23 19 24 37 
29 27 33 17 30 19 19 29 19 15 37 18 35 20 16 27 15 19 32 24 
15 21 30 32 21 26 21 19 17 15 23 6 32 27 20 27 11 29 15 19 
31 23 21 34 28 17 23 23 23 14 29 13 25 37 21 28 11 27 25 25 
27 15 27 29 24 14 25 28 21 22 24 19 29 38 16 29 17 22 14 26 
20 40 40 36 20 19 17 28 32 16 16 16 24 19 22 30 14 21 21 21 
35 29 33 39 28 13 19 39 17 20 33 16 18 18 22 36 16 28 18 31 
36 25 33 26 23 22 15 14 25 13 23 13 31 17 23 33 18 18 20 42 
28 22 14 38 35 20 23 27 26 14 36 10 21 14 20 20 16 28 30 35 
23 32 41 33 26 25 8 27 13 12 16 14 19 33 18 41 14 18 16 17 
39 32 29 31 17 27 16 20 22 12 41 17 42 27 21 22 12 23 25 25 
21 33 35 28 32 16 15 23 17 19 30 12 36 31 20 42 11 31 19 29 
19 32 28 39 30 18 22 13 28 19 24 16 21 37 14 24 12 14 26 16 
17 23 32 25 14 18 9 15 23 9 25 18 21 9 14 26 19 16 28 24 
18 41 28 27 34 18 20 27 25 15 23 19 23 19 22 33 18 21 10 25 
35 35 22 27 23 26 23 28 28 14 28 20 22 24 21 31 9 13 26 26 
8 31 30 28 27 21 20 29 18 13 41 6 18 34 5 26 16 27 19 34 
9 32 42 29 25 13 22 33 22 20 31 14 16 25 15 18 16 24 35 28 
30 21 27 34 29 16 26 20 16 18 17 16 21 17 16 35 10 16 29 26 
31 38 29 27 25 16 24 21 22 16 39 15 28 30 18 25 15 23 26 19 
32 33 10 32 29 16 14 19 27 11 23 22 32 29 19 36 17 26 29 29 
31 22 20 10 35 17 13 26 25 5 28 13 17 40 23 24 18 26 24 21 
30 35 30 28 32 26 20 25 25 15 33 16 34 34 20 29 18 25 18 26 
39 18 27 37 43 14 18 20 14 18 37 9 22 37 20 26 8 28 27 37 
20 23 11 7 23 11 28 8 21 14 28 8 32 23 17 40 19 20 19 39 
37 17 27 12 34 23 25 32 19 24 30 18 27 29 26 26 17 32 21 35 
41 22 25 34 35 22 25 10 17 20 21 15 24 16 22 20 18 33 30 27 
30 24 39 18 25 21 23 25 15 12 45 14 32 22 25 35 19 31 17 19 
40 9 33 24 19 23 26 29 15 5 22 15 28 31 17 21 18 30 22 45 
35 22 27 33 32 13 22 19 27 13 26 15 22 33 23 22 22 19 17 32 
33 23 25 22 29 16 26 29 26 19 24 12 35 22 21 25 23 35 20 17 
24 30 47 28 31 16 20 32 23 21 30 8 39 11 7 23 14 18 20 33 
33 11 28 31 35 20 20 37 26 20 32 11 29 25 11 24 18 35 14 16 
29 27 33 22 27 24 21 28 11 18 35 16 21 33 17 43 17 34 25 28 
30 31 28 14 18 10 10 16 23 26 37 20 25 32 19 31 11 18 25 29 
41 13 34 22 33 32 31 29 17 16 28 12 35 29 15 34 26 32 25 29 
11 26 28 29 26 20 16 24 31 15 31 23 25 33 13 17 13 22 21 25 
14 31 48 22 13 15 20 20 13 20 13 15 20 16 17 28 17 22 27 32 
28 14 36 24 39 16 21 21 20 16 27 11 41 23 26 30 12 21 22 11 
36 26 41 32 31 23 23 22 20 21 41 17 32 41 27 33 13 32 26 30 
21 29 32 27 20 9 17 32 41 15 35 16 29 21 9 32 18 25 14 23 
14 24 36 38 39 27 21 10 29 16 30 13 23 22 9 20 17 33 25 29 
31 29 29 17 22 18 18 30 23 13 15 23 13 25 25 38 20 23 23 35 
39 31 28 29 20 16 20 23 17 13 32 18 18 20 22 24 17 23 25 35 
29 23 26 20 25 16 18 26 26 10 19 7 22 25 13 49 13 15 11 38 
28 30 26 20 35 13 21 25 15 14 19 17 21 21 25 22 11 31 22 38 
37 34 18 33 21 22 11 8 17 26 33 12 21 13 21 16 25 33 30 13 
35 24 16 38 42 24 23 19 21 14 28 16 28 32 22 31 16 18 21 33 
29 26 20 34 35 11 22 36 21 18 32 13 25 13 9 34 16 30 21 35 
16 20 26 20 33 30 16 26 16 24 36 14 34 25 16 11 14 19 23 30 
36 26 42 23 20 18 21 31 18 22 30 19 22 21 22 36 30 35 31 31 
40 26 33 19 23 15 24 26 28 19 9 16 30 31 16 34 13 29 15 45 
33 30 33 27 34 15 18 24 23 17 30 17 17 3 28 28 18 25 25 31 
21 18 15 21 34 22 19 24 22 13 35 12 27 40 19 42 13 14 17 42 
38 21 25 17 34 24 23 28 32 15 27 13 21 16 23 35 10 27 30 23 
30 29 40 39 30 20 13 30 27 23 16 21 18 36 20 19 21 25 14 11 
13 21 23 30 30 22 13 39 28 17 26 17 27 31 17 28 23 23 25 24 
19 29 37 30 30 19 11 20 17 19 31 22 23 22 11 28 19 31 14 32 
30 25 30 30 33 17 19 25 23 16 13 18 29 32 18 22 14 22 12 31 
32 31 44 33 30 22 26 22 26 15 28 18 24 16 20 21 18 16 20 25 
31 31 24 29 36 23 16 35 36 12 18 11 21 26 19 38 14 23 35 35 
23 25 31 18 18 21 11 33 25 15 40 19 25 33 28 20 25 24 16 28 
22 30 22 26 42 26 19 30 20 20 33 10 22 32 21 36 19 30 17 30 
27 30 41 30 40 23 22 32 23 17 28 11 26 23 21 25 18 17 17 18 
26 29 37 39 27 19 26 37 22 11 19 18 24 32 22 29 15 20 22 30 
34 38 36 30 36 29 24 18 25 14 25 22 31 23 27 35 13 20 18 32 
22 30 28 40 25 14 21 37 28 16 27 16 8 19 20 47 7 11 13 20 
33 31 22 21 32 26 17 27 30 15 25 15 25 23 30 26 16 26 18 40 
34 27 24 31 43 18 15 31 26 12 28 22 27 25 12 26 12 25 16 31 
38 27 25 33 25 22 30 28 17 23 34 16 27 13 27 14 22 34 19 24 
11 27 28 35 37 17 13 44 20 11 8 7 40 26 26 28 21 16 21 25 
27 34 23 29 27 20 10 31 30 20 20 20 18 32 23 21 19 28 30 21 
31 31 28 23 17 13 21 29 28 10 34 10 28 24 14 35 15 31 23 43 
34 24 19 31 38 13 23 26 22 16 13 9 26 26 26 42 18 25 30 30 
34 30 15 11 37 17 16 25 15 9 36 16 28 34 31 21 10 23 27 24 
28 40 23 34 41 15 23 38 16 12 22 16 24 27 28 25 24 24 19 33 
34 13 31 35 21 18 16 8 21 20 26 18 19 44 24 24 13 41 17 32 
42 29 33 23 21 13 17 32 28 16 22 15 23 10 25 21 18 20 23 21 
18 13 27 9 25 21 19 23 12 21 28 16 27 30 16 17 11 22 25 34 
37 34 14 23 32 17 20 18 19 24 36 17 20 21 13 28 16 25 18 38 
23 21 24 28 47 19 30 30 23 2 19 16 15 20 20 16 15 23 27 21 
40 15 32 29 35 18 14 22 35 16 33 13 26 36 20 32 22 26 15 35 
33 23 16 5 32 16 17 28 34 17 42 15 35 31 10 27 12 28 18 30 
31 40 29 27 22 23 17 36 19 20 29 13 16 42 17 25 12 9 31 32 
28 32 12 36 15 10 18 31 17 9 32 10 32 19 16 27 7 20 26 33 
19 23 41 27 23 16 12 27 25 17 25 14 16 35 19 21 23 27 22 39 
34 29 29 27 42 11 22 19 29 14 39 13 30 21 16 36 19 36 21 29 
30 29 38 18 26 16 16 32 26 17 18 22 22 34 25 31 16 27 22 26 
29 32 32 33 22 16 14 14 16 20 37 13 22 32 14 31 17 26 26 25 
39 24 27 39 24 24 20 37 22 12 14 17 24 36 11 26 20 26 18 30 
16 35 22 34 31 19 19 25 23 17 35 13 35 24 29 42 19 23 23 37 
35 25 28 44 34 22 19 22 16 14 36 15 33 39 7 21 19 32 16 31 
26 35 26 34 34 18 22 16 32 23 17 13 36 28 27 27 22 14 22 22 
28 21 28 27 29 12 16 24 16 12 15 11 26 33 18 40 18 23 32 29 
39 31 23 26 25 11 17 42 30 15 22 14 33 27 19 16 10 19 17 31 
31 19 27 23 33 17 20 24 29 6 26 15 25 32 21 17 12 16 14 26 
18 33 25 27 34 15 17 15 14 22 34 13 15 34 21 28 18 22 25 31 
43 31 28 22 26 12 13 25 16 7 26 11 29 21 27 16 23 21 20 31 
27 24 28 36 31 14 19 15 19 16 42 15 20 26 13 34 13 19 23 16 
37 26 43 26 32 13 20 25 23 18 32 15 31 37 19 33 6 13 29 35 
15 38 38 22 28 12 15 26 26 15 22 13 24 13 17 35 16 27 26 25 
40 27 27 22 32 14 12 19 25 13 26 15 40 20 18 27 13 25 12 23 
22 22 25 11 37 18 13 34 8 14 24 7 28 25 22 23 23 18 19 9 
22 39 30 20 21 17 24 14 26 20 32 15 36 27 14 28 17 33 25 27 
34 25 42 25 41 27 16 15 21 16 30 9 19 40 15 14 19 38 23 22 
25 32 34 17 35 19 18 25 22 21 28 14 34 21 18 17 17 31 19 29 
42 23 29 17 30 25 24 15 15 20 12 10 44 19 20 30 17 21 18 25 
27 17 29 37 52 12 20 23 21 19 29 13 24 32 17 22 14 16 11 45 
17 24 35 24 31 12 18 26 22 17 22 18 28 26 21 33 18 7 9 39 
27 34 26 30 36 17 21 22 12 18 22 14 32 22 15 38 16 19 9 17 
30 32 31 24 27 11 18 11 14 13 36 22 23 19 17 23 21 24 32 37 
18 30 54 28 29 19 20 21 6 17 33 12 22 25 22 26 15 18 19 40 
20 31 28 29 30 28 30 32 20 17 12 10 25 16 17 16 21 17 18 40 
31 34 31 34 26 15 20 25 19 14 36 11 18 4 15 21 19 27 21 36 
42 25 43 16 25 11 18 29 32 21 40 13 24 21 22 24 12 20 35 31 
28 10 34 23 31 26 23 25 26 20 25 21 17 26 23 24 14 28 19 30 
17 38 33 29 30 21 12 14 18 20 34 15 31 36 18 17 14 38 21 16 
24 22 13 32 48 14 17 23 29 15 31 20 16 38 17 25 27 28 20 26 
38 28 15 37 15 14 23 29 21 19 24 17 21 28 9 21 16 27 13 28 
23 30 36 32 34 16 18 15 17 23 28 15 30 24 17 25 21 14 20 24 
38 30 30 35 31 23 13 24 26 17 23 17 21 38 23 21 23 27 20 35 
26 37 35 31 27 22 21 29 24 14 31 7 23 23 23 26 18 25 27 34 
29 17 29 20 15 24 19 29 26 19 23 18 16 19 20 30 24 27 5 39 
38 33 31 10 30 21 10 41 19 17 28 18 32 21 6 34 8 21 17 22 
24 27 25 21 29 8 16 25 19 19 30 13 33 22 30 14 18 23 26 22 
26 24 25 28 29 24 11 25 26 17 34 12 23 23 19 40 21 25 32 39 
21 22 38 15 38 18 19 19 27 8 26 12 38 25 23 28 24 21 21 29 
49 14 35 20 34 25 13 36 26 20 17 26 25 31 19 31 19 24 19 18 
18 34 40 36 18 11 20 42 25 13 36 16 27 22 31 24 12 29 19 10 
39 38 37 29 35 17 19 19 18 27 10 11 14 21 21 30 21 21 23 30 
28 32 29 30 38 7 12 16 24 7 21 20 30 24 19 33 19 32 19 30 
16 26 30 12 15 18 16 17 25 8 34 12 23 31 14 22 20 20 22 19 
44 30 26 27 30 19 21 28 18 14 33 11 13 16 15 26 15 24 19 25 
17 24 37 37 35 16 19 16 28 23 45 18 19 25 24 22 20 32 10 39 
31 28 32 30 40 15 24 33 26 9 22 15 27 37 20 26 19 31 23 28 
24 25 43 30 30 24 23 20 32 15 43 13 16 27 24 21 18 22 13 31 
22 24 30 23 25 14 17 21 17 17 34 21 27 21 17 36 15 26 11 33 
31 34 18 30 25 16 11 29 21 15 24 20 21 24 21 26 21 22 25 38 
37 27 36 8 20 16 25 33 19 8 19 12 39 20 25 31 15 28 17 37 
41 25 41 31 23 25 13 40 25 15 25 19 38 29 19 27 27 32 20 45 
27 29 29 18 22 12 19 30 27 17 25 11 25 29 18 14 23 21 22 29 
35 27 26 26 30 15 15 29 27 13 14 15 35 24 19 35 18 20 24 28 
20 40 30 20 28 22 12 30 25 24 35 13 29 25 17 43 14 22 25 25 
35 30 37 16 25 17 14 19 14 15 25 22 38 28 15 40 12 29 15 22 
23 24 22 23 22 16 21 26 35 19 32 12 17 23 25 25 14 11 12 39 
29 26 33 34 25 20 16 34 28 13 28 9 39 27 15 41 14 19 22 17 
32 21 31 30 26 20 21 26 26 12 33 16 29 22 14 32 12 30 31 20 
35 38 29 29 21 11 24 22 22 19 38 18 21 30 19 30 8 31 26 32 
38 28 50 24 27 17 17 16 13 16 20 19 40 28 22 24 23 23 28 40 
39 11 16 28 12 16 9 24 34 14 25 8 34 10 28 26 8 38 29 36 
18 28 23 26 39 25 27 28 34 16 40 15 21 23 20 33 26 22 35 46 
30 28 34 17 38 17 19 26 20 14 14 15 19 36 22 32 13 27 15 22 
26 34 33 33 41 14 19 34 34 18 15 14 37 31 19 32 22 20 15 35 
22 26 33 33 45 19 18 30 28 18 23 17 24 10 21 35 21 24 25 35 
36 37 8 17 24 18 22 21 31 15 23 12 27 39 17 34 20 31 18 29 
33 31 31 28 26 19 21 25 24 14 9 18 24 43 15 21 22 29 12 23 
24 26 26 29 34 19 18 19 21 12 32 13 12 19 10 14 11 26 23 41 
33 19 23 31 33 17 29 39 21 12 13 12 26 38 19 45 17 14 27 25 
27 25 40 23 19 20 20 20 27 25 18 7 33 32 14 28 18 18 27 26 
26 28 17 12 35 19 18 20 36 18 23 17 22 23 15 15 20 17 24 46 
34 28 28 18 23 11 14 28 18 17 27 18 31 15 17 12 17 24 21 33 
26 37 38 27 31 14 8 28 12 15 3 19 22 28 16 20 11 35 29 28 

MachineCapacities:
MachineID Capacity
0 10
1 10
