NumTasks NumMachines NumScenarios
10 2 500
TaskDetails:
TaskID ReleaseTime ResourceConsumption SuccessorsCount Successors...
0 0 8 6 1 1 
1 0 5 8 2 2 3 
2 0 6 4 0 
3 0 3 5 1 4 
4 0 5 10 0 
5 0 3 6 3 6 7 8 
6 0 8 5 1 9 
7 0 2 3 1 9 
8 0 5 3 1 9 
9 0 7 6 0 

42 7 26 22 20 24 11 21 21 23 19 36 15 15 10 23 19 12 36 31 
28 18 27 25 13 20 15 22 31 33 17 33 22 13 30 19 24 32 20 19 
39 11 18 22 20 27 18 30 13 32 24 39 18 24 25 28 28 23 31 18 
30 20 25 26 22 25 14 13 24 23 19 19 28 11 28 23 25 17 30 25 
35 16 19 22 28 26 17 27 18 31 21 21 24 24 37 23 27 24 33 44 
23 16 24 31 24 31 12 17 26 14 15 24 19 32 33 23 33 21 39 26 
22 18 31 23 21 25 12 30 19 34 24 38 34 15 24 23 27 25 36 25 
37 14 16 32 24 28 14 32 32 27 17 28 19 14 33 26 26 16 25 31 
29 8 18 17 16 31 17 29 26 29 12 27 21 20 29 36 31 18 39 34 
25 15 26 23 17 22 16 16 34 42 14 20 28 21 27 10 17 19 19 17 
39 8 20 14 15 27 19 27 43 22 16 38 31 16 31 21 27 12 33 20 
28 22 30 24 33 8 19 14 33 28 17 7 19 19 12 19 27 22 32 38 
35 16 24 27 26 18 15 30 24 26 25 29 23 20 41 9 25 17 33 23 
22 10 22 24 17 15 16 28 17 20 23 37 43 24 37 12 29 13 21 26 
37 18 16 13 23 26 11 25 12 19 16 14 27 20 26 15 24 23 31 29 
17 8 25 32 14 17 15 33 12 31 28 17 15 26 24 28 25 12 36 27 
37 20 18 39 25 34 13 29 31 43 25 32 25 19 10 21 27 25 23 30 
22 14 23 20 29 24 10 27 29 26 21 26 19 29 32 24 25 13 24 24 
30 14 21 20 21 32 14 28 18 15 19 41 18 21 25 16 22 23 21 11 
31 15 23 24 32 25 21 7 24 41 20 31 35 24 24 23 27 15 36 33 
32 17 19 18 12 23 18 20 30 33 16 23 12 21 26 25 34 28 25 37 
24 11 19 25 23 20 13 32 24 27 12 32 29 26 29 20 28 25 39 35 
25 14 25 34 19 32 16 18 18 28 15 24 11 14 25 9 26 17 24 25 
20 12 23 31 29 33 9 24 39 27 22 30 5 19 38 20 25 21 26 35 
23 15 30 10 16 25 12 9 27 28 13 28 23 28 43 15 26 14 21 23 
24 17 15 31 30 15 13 27 25 19 19 21 24 20 35 26 18 14 32 29 
12 13 19 33 21 35 11 27 26 27 22 22 22 19 35 26 28 17 35 34 
26 19 23 12 30 23 11 30 24 33 19 39 22 27 26 25 32 27 20 29 
4 16 19 25 33 29 12 23 28 37 26 26 29 26 36 23 33 23 25 30 
31 15 22 39 35 16 19 17 28 51 24 45 17 21 32 24 34 20 24 20 
6 10 25 37 27 21 9 23 23 37 15 25 9 14 34 33 35 18 39 34 
22 14 14 19 21 24 13 38 15 36 16 31 35 21 32 32 21 20 22 29 
35 14 17 39 27 39 15 19 14 23 12 8 22 24 23 26 12 19 7 26 
18 15 21 31 15 25 9 19 33 47 19 24 20 15 16 21 40 13 18 18 
17 13 33 26 25 30 17 20 12 23 12 32 28 14 21 33 24 22 58 32 
18 17 23 16 27 23 24 13 20 45 17 27 31 19 38 21 25 23 29 37 
29 8 22 30 22 31 14 17 19 23 24 34 20 16 25 16 14 15 32 27 
13 19 13 27 24 24 19 24 27 37 21 30 33 16 35 21 26 13 33 32 
27 11 22 21 28 32 12 28 20 36 15 21 26 26 30 29 26 26 30 33 
13 10 24 24 26 25 16 32 26 16 29 32 25 23 30 23 21 28 24 31 
23 19 18 41 27 22 12 22 27 28 25 18 29 17 30 33 32 17 19 23 
21 21 23 23 25 24 17 19 35 26 24 20 18 19 19 28 26 16 35 33 
32 13 38 37 22 29 16 28 32 38 21 33 27 30 32 25 26 19 15 20 
25 8 24 24 24 21 19 9 24 12 16 25 16 29 32 21 30 13 36 27 
21 6 13 23 36 15 17 27 16 27 23 23 22 20 33 24 13 19 32 34 
38 14 9 34 20 23 21 44 38 22 20 35 29 19 38 20 24 23 20 30 
20 16 23 27 18 20 18 17 24 40 21 32 22 22 39 19 26 18 24 38 
15 18 15 25 22 18 13 33 16 29 25 29 20 37 34 20 18 24 21 38 
21 13 25 32 21 44 13 22 22 29 23 41 22 18 26 30 7 14 30 20 
17 19 27 25 34 24 15 18 17 21 26 29 20 14 25 14 22 19 31 24 
36 13 21 21 19 21 15 27 21 33 10 25 29 12 34 25 29 23 27 27 
36 15 6 29 20 5 20 23 18 26 28 22 13 29 50 23 31 20 29 30 
24 14 17 20 22 21 15 26 21 33 23 19 19 22 31 30 18 14 11 32 
14 15 21 17 26 23 24 16 35 40 19 30 22 24 31 29 20 8 27 34 
21 15 16 34 24 20 15 24 22 50 27 37 27 17 26 10 19 10 29 33 
29 11 26 22 21 30 9 11 31 40 11 29 13 11 26 22 25 27 17 23 
38 15 26 22 23 29 14 29 18 19 16 35 26 22 26 14 21 10 33 27 
24 17 26 20 26 24 11 22 22 41 24 27 28 19 37 17 30 22 33 33 
35 14 24 23 22 15 21 33 25 24 16 38 13 19 39 27 22 25 13 21 
23 12 24 20 22 25 14 16 36 14 17 38 27 34 12 19 41 26 46 30 
23 18 25 32 19 18 11 30 23 34 16 38 27 19 28 18 27 33 41 46 
24 19 15 19 22 21 16 20 25 28 15 22 27 18 27 20 48 12 19 38 
14 14 24 35 24 26 18 24 24 24 23 15 30 28 49 21 21 11 25 32 
17 19 23 23 14 22 12 33 19 23 14 31 17 6 26 19 36 25 42 40 
27 14 20 12 28 28 18 27 17 33 17 9 33 21 32 31 22 19 35 33 
29 14 8 32 26 18 19 21 34 12 20 25 30 29 24 20 16 17 38 23 
20 15 25 28 24 29 14 21 31 52 24 39 24 12 21 24 22 21 27 29 
28 13 10 18 22 28 16 15 32 21 20 33 23 23 33 32 37 19 33 35 
31 17 15 22 23 26 21 18 18 18 19 19 24 22 40 22 26 6 37 23 
31 20 15 28 24 19 24 20 40 31 16 18 16 18 31 28 38 14 25 5 
10 14 19 25 18 23 17 22 32 22 15 29 28 22 25 25 20 22 46 39 
18 14 23 36 26 11 11 19 23 15 17 33 21 15 44 25 27 31 22 23 
39 11 14 20 28 31 20 31 32 30 18 31 33 31 24 19 18 3 17 38 
31 12 20 28 21 22 14 26 23 19 11 28 32 8 26 21 24 18 32 29 
34 15 25 28 17 19 12 28 23 31 8 48 14 17 7 15 18 19 34 22 
20 14 21 24 18 21 19 26 23 21 14 26 28 11 25 11 30 13 39 35 
24 17 13 21 32 31 17 17 25 14 26 25 14 8 20 21 25 25 36 32 
29 9 22 26 21 31 14 20 32 7 8 30 28 21 26 22 22 12 38 45 
23 13 35 20 20 27 24 11 26 35 17 28 24 26 13 27 36 23 44 25 
35 20 20 18 23 29 18 28 29 40 19 32 35 18 33 23 30 20 28 19 
16 18 7 21 23 9 21 24 21 34 10 24 15 30 20 17 21 17 14 27 
31 6 26 34 9 29 17 20 20 23 16 28 19 30 34 11 37 27 28 30 
34 15 37 29 20 15 28 13 28 29 19 31 31 18 24 26 21 13 31 43 
20 16 18 38 20 28 14 29 25 31 23 16 26 24 33 20 27 18 20 33 
23 11 14 41 40 26 22 26 18 29 20 22 17 21 17 20 32 18 31 29 
18 13 21 27 22 17 14 30 35 26 29 24 18 13 26 27 27 12 24 32 
24 15 19 30 17 18 10 24 15 25 26 24 24 30 27 28 28 23 28 8 
18 17 13 38 29 35 20 22 15 45 24 26 24 13 22 26 37 15 36 27 
17 13 25 36 30 31 18 28 20 23 21 28 10 12 7 21 32 13 22 24 
30 14 23 20 17 20 14 18 29 17 12 23 42 20 33 22 21 20 39 27 
12 19 14 22 24 30 14 14 30 39 19 24 17 28 23 36 17 20 23 29 
24 19 16 21 24 26 16 30 35 57 26 22 28 15 46 27 31 15 43 26 
48 19 23 19 19 26 16 20 28 28 22 14 25 22 40 20 25 16 18 46 
25 18 27 20 15 24 8 31 39 38 16 28 28 22 20 19 30 14 31 25 
26 23 20 26 18 32 10 33 23 25 24 17 17 22 36 27 27 14 19 23 
37 10 22 33 27 26 13 33 36 15 28 34 25 24 22 14 16 9 21 15 
32 14 11 41 24 18 15 11 20 37 11 45 29 27 25 13 29 18 43 39 
34 22 22 22 17 28 19 21 27 27 19 19 19 23 29 23 34 21 26 33 
25 17 13 26 13 25 9 34 21 41 16 46 28 19 33 23 26 13 29 26 
34 15 16 29 3 28 20 28 19 22 14 33 19 21 21 16 29 22 30 37 
26 13 28 22 24 26 8 19 19 38 19 33 20 13 35 25 39 22 9 27 
28 16 14 26 28 29 23 18 35 46 16 28 29 24 33 14 13 20 20 32 
32 10 17 25 24 28 17 21 26 33 22 30 14 19 33 13 33 20 30 23 
7 17 14 24 17 27 17 11 23 26 23 30 15 20 30 23 20 25 21 17 
20 16 16 19 13 29 17 20 31 23 20 12 29 7 31 26 18 16 12 27 
22 11 6 31 23 23 17 27 25 15 20 24 24 26 18 19 20 19 22 45 
18 14 21 16 22 31 16 29 18 22 20 29 23 24 19 28 20 23 24 33 
26 21 26 27 18 33 9 19 4 22 15 33 23 24 31 20 28 15 34 31 
19 13 37 25 26 19 17 36 24 28 13 28 19 12 40 25 19 22 34 24 
32 15 13 7 24 20 11 26 29 36 25 19 18 27 17 24 28 12 26 25 
18 15 29 28 21 33 16 22 28 42 33 28 21 21 27 12 32 27 14 41 
34 21 10 28 27 27 20 16 30 23 16 29 19 10 31 22 27 7 30 33 
23 16 31 22 23 29 20 12 27 24 12 14 21 22 20 21 11 17 29 40 
33 15 24 21 21 43 17 35 21 37 21 24 20 26 40 22 29 14 28 29 
17 14 16 27 26 17 21 21 16 12 17 12 29 9 32 27 19 15 20 24 
25 18 25 22 25 19 14 18 30 26 31 33 26 25 15 21 32 23 30 49 
20 10 25 15 33 21 15 23 31 30 15 25 22 19 21 19 28 20 12 19 
40 17 17 18 11 27 24 14 33 43 16 21 30 23 36 25 25 24 25 30 
16 13 11 17 21 36 10 24 22 18 10 21 25 14 33 13 25 24 24 31 
25 9 28 29 20 17 18 20 31 16 17 36 20 18 30 19 24 12 17 13 
31 21 24 28 12 37 12 28 26 13 22 19 15 11 15 13 31 12 40 31 
24 19 23 39 20 13 22 22 11 22 26 24 19 15 37 25 16 22 32 26 
16 14 20 26 21 20 24 28 26 41 22 36 36 12 29 19 33 15 36 29 
27 19 19 28 21 29 14 30 17 30 24 31 19 34 16 27 7 30 31 25 
18 9 21 26 27 20 15 25 32 30 20 33 34 16 37 18 20 21 18 33 
23 16 26 28 23 13 17 34 28 32 21 26 22 10 20 28 14 13 29 34 
21 18 29 25 18 12 14 33 35 19 15 22 26 16 39 35 36 20 32 44 
20 13 11 31 21 24 20 33 28 30 22 37 21 18 32 15 29 24 32 29 
23 13 23 30 22 34 16 21 13 32 19 38 26 16 43 25 26 22 35 43 
24 19 17 19 29 18 20 18 38 36 20 30 23 16 33 11 23 20 30 28 
24 14 31 32 26 17 11 22 41 27 10 17 25 21 28 30 24 24 21 34 
28 10 20 23 26 20 14 28 24 34 23 25 29 16 21 22 21 5 37 25 
14 16 27 23 26 41 14 19 17 38 29 25 19 24 31 23 16 16 37 16 
29 8 29 32 16 31 13 27 37 20 11 29 26 14 33 14 29 21 36 28 
35 9 26 26 24 27 12 17 25 29 11 35 15 11 23 23 37 19 32 31 
26 18 20 20 21 41 18 22 32 29 23 22 22 7 20 23 22 12 45 16 
32 18 18 30 30 21 19 27 34 25 16 23 24 18 25 20 32 10 20 33 
31 23 26 19 17 25 22 19 20 41 14 28 22 21 25 27 35 19 24 10 
37 13 16 26 25 18 17 20 30 24 19 21 15 23 28 20 24 26 30 29 
22 17 19 24 21 23 15 21 26 46 14 16 30 13 15 13 32 11 26 36 
24 15 16 23 18 8 17 17 36 40 29 41 24 21 27 14 28 21 33 33 
26 11 28 30 17 27 18 13 28 46 21 35 17 25 21 18 24 22 34 28 
26 11 35 16 15 30 16 14 33 32 18 34 29 22 24 25 6 20 28 40 
24 16 31 36 36 23 23 24 25 31 22 32 24 13 27 21 20 12 29 33 
30 14 22 23 21 7 13 30 24 12 20 18 16 17 36 15 19 29 25 30 
19 18 32 32 16 23 24 32 14 18 16 30 28 24 34 20 17 24 28 42 
38 18 27 22 26 17 22 18 26 54 10 30 11 15 24 25 32 21 26 35 
33 16 20 25 33 6 17 29 23 27 18 26 41 15 14 26 23 21 28 26 
33 19 20 32 28 16 18 29 33 43 25 21 22 19 29 24 30 25 21 32 
25 16 20 17 23 22 16 20 32 19 15 52 22 18 17 28 27 13 20 29 
26 5 20 20 16 24 16 22 32 30 18 15 21 26 46 29 31 25 29 33 
16 15 27 32 20 33 17 18 27 15 17 21 33 25 21 24 28 14 34 29 
24 13 22 26 25 16 20 27 31 15 21 28 31 28 24 18 28 19 26 40 
32 15 26 29 28 23 11 24 31 39 15 21 18 21 35 22 29 19 37 28 
28 14 28 35 30 22 15 23 30 33 15 31 19 23 17 35 24 12 34 22 
22 16 20 24 19 15 15 20 29 26 20 24 19 24 25 15 34 20 44 34 
24 18 32 35 38 23 16 30 28 31 15 18 23 28 20 16 34 15 27 30 
27 17 20 25 29 21 21 16 29 24 21 30 30 19 25 26 23 22 20 41 
33 16 17 31 12 30 17 22 29 24 13 27 22 16 29 24 30 36 29 22 
23 17 36 38 25 38 10 33 32 35 21 34 21 20 33 20 30 26 46 32 
13 17 23 32 10 24 12 32 34 23 19 27 23 27 52 27 32 19 22 52 
27 12 23 18 17 24 12 11 24 21 22 21 17 17 38 22 16 19 17 23 
19 13 21 30 23 24 14 21 26 20 15 5 27 27 34 11 34 25 34 39 
25 8 13 41 18 18 18 24 23 29 19 24 21 25 32 17 23 21 35 23 
28 8 15 24 17 30 18 29 34 16 22 22 25 14 26 18 28 24 32 16 
36 21 29 32 25 26 21 30 24 37 14 36 30 25 15 25 18 21 25 25 
23 14 24 19 26 25 17 19 35 18 20 33 17 31 25 21 23 22 16 35 
24 13 17 15 15 17 18 27 14 22 24 32 29 25 35 16 36 22 37 28 
30 12 15 35 34 35 14 22 22 15 23 31 27 23 36 22 41 18 30 18 
23 14 14 29 27 18 13 28 33 13 24 31 23 26 28 16 36 18 24 29 
30 14 9 28 27 25 11 28 29 39 23 31 21 23 28 29 26 20 36 20 
24 16 31 21 31 24 16 23 31 12 18 30 24 21 24 23 21 25 22 47 
14 11 21 30 31 17 15 21 12 7 19 25 32 23 31 33 33 22 30 36 
34 15 14 25 22 32 16 16 27 46 20 24 18 20 24 25 38 23 29 39 
22 8 26 16 22 29 16 22 32 28 22 30 19 38 29 27 25 29 23 23 
16 22 23 15 21 20 13 15 28 25 20 23 21 22 49 20 31 22 13 21 
23 14 28 31 25 18 17 34 22 36 24 26 12 10 21 18 31 21 32 31 
26 20 13 23 29 29 11 29 44 31 15 37 29 12 23 17 25 21 18 31 
31 19 26 34 28 24 13 14 28 23 17 21 22 14 26 23 35 24 24 27 
32 20 30 30 25 26 10 25 31 30 15 35 21 18 25 24 26 18 15 35 
21 16 21 32 26 21 18 36 28 54 18 39 14 16 20 17 35 21 15 39 
19 16 19 20 25 14 10 14 31 45 21 32 22 19 14 22 45 16 32 19 
20 20 32 23 32 10 27 33 38 22 19 28 21 8 34 24 27 28 41 39 
25 17 29 20 32 31 16 32 18 31 26 18 18 16 32 22 31 22 25 32 
19 17 29 26 10 31 16 15 22 30 28 29 17 12 37 29 23 16 36 24 
25 18 30 26 15 35 15 23 16 33 19 28 21 8 15 10 13 20 16 24 
27 11 36 24 22 23 23 17 24 29 20 34 19 15 22 22 20 13 29 26 
25 21 20 36 13 31 14 16 33 19 13 29 17 24 27 16 24 14 21 33 
25 18 25 27 20 18 19 18 36 25 24 24 30 21 35 27 35 14 24 31 
37 13 14 20 23 9 17 25 32 37 7 20 23 21 20 23 16 21 30 34 
11 18 15 23 24 29 11 22 20 39 24 35 24 16 21 35 26 20 13 25 
19 13 21 20 25 13 6 32 25 23 12 29 23 25 24 10 16 8 28 30 
29 14 25 31 25 11 11 21 25 35 20 43 21 20 25 23 28 19 20 47 
38 17 10 22 25 4 19 11 39 31 22 30 26 23 24 29 12 11 28 25 
22 21 23 26 18 38 21 21 22 19 29 26 18 15 25 21 25 26 24 26 
22 11 20 28 19 10 13 18 28 26 18 33 23 23 32 31 24 17 15 41 
39 18 17 30 16 26 16 22 26 26 12 37 33 19 24 21 31 15 22 40 
25 17 23 23 9 36 12 16 34 32 19 29 22 26 40 19 26 25 22 19 
37 13 23 27 10 24 17 33 17 25 18 28 24 16 34 31 35 14 31 33 
31 11 23 31 23 20 13 20 29 24 18 22 17 23 25 13 20 26 21 28 
28 17 26 21 19 17 9 24 31 42 17 23 25 18 15 24 32 15 17 17 
9 11 16 21 30 22 14 26 28 10 19 22 29 16 27 22 20 22 22 26 
9 13 17 35 15 27 15 22 27 30 20 34 21 24 33 23 28 30 35 30 
37 12 26 19 26 29 20 22 24 17 18 33 37 23 39 29 25 9 28 36 
35 10 36 21 22 26 20 24 19 42 26 33 20 26 16 14 33 12 34 26 
31 20 22 28 21 25 14 33 28 37 12 35 33 14 35 25 16 24 28 33 
10 13 29 21 32 23 16 26 8 29 26 11 25 15 44 18 29 22 24 29 
35 8 29 34 26 18 14 25 29 30 9 19 21 23 26 22 33 23 33 24 
27 15 7 26 20 27 18 24 24 28 29 22 30 20 24 13 30 21 24 23 
8 22 23 34 25 13 16 22 33 34 24 29 25 12 29 26 39 18 24 30 
20 16 10 16 12 29 17 30 33 11 19 23 12 9 22 15 23 21 28 23 
29 12 32 24 26 26 13 25 17 27 25 27 31 34 30 28 28 12 16 33 
22 16 7 39 13 18 17 29 29 47 18 30 33 22 3 18 24 17 24 24 
31 11 18 25 21 11 16 20 37 44 14 30 43 20 14 18 30 7 39 29 
25 17 20 37 29 15 17 23 31 30 16 29 26 15 16 29 38 9 32 36 
26 22 24 27 17 31 6 17 25 44 18 36 17 27 37 23 25 9 15 27 
27 15 22 32 29 10 10 22 20 41 24 33 25 15 19 27 34 18 28 31 
17 13 22 23 22 22 11 27 30 33 19 21 18 19 24 17 29 14 22 27 
23 17 24 21 27 33 16 29 28 49 17 20 31 19 17 21 30 37 51 25 
33 15 20 19 15 13 11 15 20 13 22 26 18 19 21 13 36 28 15 18 
34 11 13 15 15 30 17 20 24 4 16 31 16 33 33 21 24 15 42 39 
16 12 18 28 21 15 15 18 29 38 20 30 28 19 40 13 29 13 19 34 
20 18 24 40 22 23 15 22 30 18 21 24 24 15 36 28 22 25 33 32 
34 15 19 31 22 14 15 25 32 40 22 25 25 21 30 28 23 11 20 37 
30 11 20 27 25 11 17 24 32 41 18 14 20 29 20 26 31 14 32 25 
18 11 15 31 30 28 19 22 21 16 21 35 11 15 35 28 27 18 14 49 
31 15 19 47 13 14 15 19 16 28 26 29 28 18 16 20 35 20 31 17 
31 12 41 32 28 31 18 15 23 31 17 24 32 26 39 29 29 15 26 32 
22 18 19 32 23 18 9 24 16 41 13 19 13 21 28 23 15 24 31 32 
19 17 24 20 20 32 22 25 23 33 16 32 21 17 26 8 25 23 29 27 
16 23 23 35 22 26 16 26 23 35 13 23 43 23 22 28 22 14 20 25 
44 19 20 32 16 24 9 18 27 30 30 19 16 16 25 18 31 19 25 22 
32 16 31 32 22 18 9 14 20 31 9 28 21 15 22 26 10 25 25 12 
24 14 20 24 18 32 12 28 26 31 25 10 32 17 27 32 23 15 35 21 
30 9 13 15 25 27 11 26 23 28 25 30 26 20 31 24 29 10 34 22 
25 17 23 32 27 41 16 25 24 19 26 17 27 19 42 22 16 16 32 31 
24 10 17 6 25 28 16 18 34 28 18 22 25 16 30 29 10 21 18 30 
28 19 24 9 18 26 18 18 26 32 15 37 13 20 23 16 14 8 29 27 
26 5 20 32 13 22 13 30 26 31 19 27 23 20 13 22 18 26 22 17 
37 16 33 25 27 24 16 25 28 32 8 24 30 16 22 22 22 15 34 38 
36 20 19 39 14 28 17 15 14 25 11 36 18 21 26 16 27 12 34 45 
21 19 21 26 29 26 20 27 31 40 19 35 26 20 24 16 17 24 31 27 
28 15 29 26 34 22 17 22 21 38 21 41 29 22 26 17 30 31 28 39 
26 8 28 26 25 28 16 26 26 25 26 29 17 24 22 13 25 28 25 27 
27 16 12 35 23 25 13 28 20 38 27 30 28 21 36 23 30 14 35 26 
24 18 23 15 29 9 11 29 24 26 22 27 16 11 23 26 24 10 23 30 
23 16 18 39 27 24 17 25 31 16 17 23 28 21 48 31 25 21 40 29 
29 17 26 21 20 31 14 17 25 36 10 21 18 29 12 31 27 19 31 39 
19 19 25 27 31 30 8 25 34 17 17 24 23 22 36 26 28 24 51 45 
18 15 24 26 20 19 16 28 34 32 15 14 32 13 33 16 27 17 38 32 
28 17 17 27 19 25 13 25 23 23 9 32 16 17 31 16 24 21 39 33 
21 11 17 27 23 16 18 23 20 37 21 15 12 30 26 18 24 25 27 20 
27 10 18 27 19 29 12 14 36 31 13 31 22 19 22 20 29 23 18 8 
16 17 32 23 18 23 9 16 9 36 17 28 30 15 27 21 24 22 21 33 
28 15 27 17 14 14 11 26 34 30 22 33 21 21 25 16 30 26 28 22 
35 16 28 17 20 23 18 23 16 40 17 19 13 23 27 17 25 21 42 34 
33 18 36 32 19 16 18 15 15 32 21 24 19 16 35 17 33 25 33 21 
17 13 18 37 25 23 14 24 22 36 22 19 26 21 13 22 30 18 20 18 
14 19 20 29 28 22 18 15 29 35 15 24 28 26 25 19 21 16 30 24 
25 18 19 14 26 31 23 26 28 29 15 22 15 13 25 22 29 22 22 28 
15 12 10 26 38 15 16 20 14 26 16 22 18 14 17 27 27 24 30 21 
35 15 26 27 27 20 25 21 24 25 23 22 25 13 31 29 20 19 14 31 
35 13 24 20 28 22 13 27 12 32 18 9 26 27 16 28 8 19 16 37 
26 15 23 27 18 22 9 17 33 26 15 33 24 10 25 33 17 23 31 29 
34 15 12 4 23 17 15 29 14 9 20 17 12 22 44 20 12 21 37 22 
26 13 16 33 25 19 15 17 34 33 16 23 26 22 27 13 30 20 24 28 
16 11 27 41 28 21 12 26 26 32 24 17 12 12 32 31 30 27 33 30 
34 22 18 29 31 37 12 19 40 4 10 15 20 19 23 11 22 23 43 35 
22 18 17 12 32 23 16 31 42 24 17 30 23 16 30 26 24 26 22 39 
29 10 16 12 18 26 16 19 37 32 21 23 24 21 22 26 39 27 32 36 
24 19 17 20 8 26 13 26 23 22 22 31 23 22 20 29 17 19 29 24 
23 5 23 31 28 9 16 21 29 32 26 28 38 23 30 15 32 21 21 19 
25 7 19 20 22 17 19 24 19 30 27 16 18 18 15 24 11 23 31 37 
20 19 23 17 22 25 10 34 7 34 22 33 24 19 32 23 27 18 27 21 
11 20 21 16 22 27 19 29 24 11 25 25 31 21 18 30 33 20 23 29 
28 11 14 21 34 30 18 24 18 44 15 34 28 22 20 29 33 13 34 41 
45 21 6 20 36 22 11 20 21 22 21 31 15 15 14 22 35 16 5 24 
25 14 12 31 21 27 18 18 14 19 23 19 26 21 25 22 23 12 23 25 
23 17 25 28 24 18 20 32 40 35 15 34 31 17 23 22 17 20 9 30 
33 21 25 28 20 30 23 27 25 28 22 17 24 23 27 14 30 25 30 19 
25 22 16 28 25 23 22 29 17 29 22 45 25 12 40 22 26 24 29 42 
28 17 17 18 23 18 21 18 23 31 19 39 14 8 34 8 26 25 33 14 
12 10 17 16 20 23 15 22 12 36 21 27 22 12 34 25 33 17 27 30 
20 11 14 31 12 29 20 19 35 44 16 38 20 20 26 12 20 25 33 49 
28 17 26 17 29 31 11 19 29 28 15 39 17 25 22 12 16 19 33 22 
23 20 10 24 27 29 11 16 19 30 23 24 23 22 33 35 37 15 31 31 
21 17 20 36 20 20 16 27 35 35 21 27 22 18 29 15 28 21 18 31 
12 11 29 18 18 24 16 23 30 19 14 23 32 10 40 27 22 28 35 32 
31 5 22 34 31 11 13 23 23 23 16 14 11 12 31 20 14 21 32 26 
36 11 19 30 25 28 15 15 16 38 21 31 21 16 39 27 25 22 24 26 
20 17 19 20 24 23 12 19 7 32 22 20 22 12 36 24 17 26 17 19 
26 10 22 25 17 19 14 22 22 23 18 19 25 31 15 25 24 24 39 21 
29 20 13 35 26 25 17 28 32 25 18 23 24 25 25 21 10 25 24 31 
18 14 11 20 25 24 13 27 30 33 16 31 21 14 25 19 27 16 20 30 
24 20 33 26 26 16 12 22 14 31 24 25 28 15 41 20 24 23 18 22 
45 14 27 31 20 27 18 19 33 26 18 39 21 21 36 25 12 29 41 35 
20 18 37 17 20 20 13 27 12 21 14 40 14 27 38 32 30 14 18 28 
21 24 23 25 31 16 17 21 13 29 18 36 21 16 30 22 24 14 28 31 
16 20 12 39 25 22 21 22 16 21 22 5 18 5 35 15 16 28 33 42 
26 13 19 34 21 23 20 13 28 33 22 19 27 21 22 27 22 17 18 30 
18 15 16 16 27 24 21 30 22 35 30 44 24 17 35 25 23 14 36 29 
27 11 18 21 19 12 20 18 22 26 6 31 18 17 19 24 27 21 24 35 
22 16 21 36 16 33 17 18 33 8 21 37 16 27 31 19 28 26 34 29 
33 14 18 24 25 23 11 24 27 24 26 7 13 17 30 26 17 18 36 38 
25 17 19 36 18 21 17 29 31 28 16 21 21 18 38 26 29 23 25 28 
29 22 10 21 24 36 13 35 25 11 21 31 17 34 9 13 18 21 24 30 
28 19 12 6 20 6 22 30 30 32 10 29 22 24 27 21 19 11 48 21 
15 16 30 18 36 23 15 19 21 33 19 45 24 7 31 16 16 19 25 49 
22 20 23 32 22 29 15 23 28 47 20 29 34 9 10 25 21 26 3 30 
27 15 28 17 20 9 12 27 35 27 15 24 33 18 20 26 32 27 26 35 
31 12 17 20 23 22 16 24 24 44 20 12 27 15 31 15 23 17 35 23 
12 16 22 23 27 13 15 34 26 33 24 24 18 25 30 19 30 19 32 21 
28 14 18 29 24 11 23 22 31 36 17 18 23 19 37 21 29 24 34 27 
23 18 25 31 26 20 12 16 19 25 18 32 24 13 33 20 29 14 34 29 
35 16 24 14 18 37 14 29 37 27 15 46 16 25 18 20 24 16 20 19 
28 10 18 31 21 23 12 32 23 35 18 22 30 21 29 19 33 22 32 23 
41 23 21 16 31 22 18 15 35 18 20 30 21 22 41 18 28 27 21 42 
23 13 16 12 23 30 17 14 25 20 22 26 27 23 13 21 18 20 34 33 
26 13 15 25 35 22 15 8 43 52 24 38 21 17 17 25 36 23 20 35 
41 20 13 31 26 20 13 22 22 35 21 27 28 20 29 29 26 17 27 21 
22 13 34 23 16 36 16 13 27 24 9 36 28 22 32 25 38 33 28 20 
20 6 5 27 19 25 16 30 14 22 27 15 27 18 27 18 29 21 23 40 
26 13 20 23 26 20 14 30 21 47 18 34 18 25 12 21 22 28 34 27 
24 16 32 24 24 22 11 33 34 32 21 22 19 13 28 10 30 27 29 16 
17 17 22 20 23 20 24 22 22 15 14 39 17 14 30 20 26 26 20 37 
26 14 20 35 20 9 11 32 35 28 19 40 26 20 23 23 37 22 32 28 
34 16 14 22 29 24 14 24 28 25 23 26 35 23 27 15 32 12 42 28 
15 15 17 22 10 26 15 26 32 14 23 34 23 18 14 39 24 19 24 40 
31 11 24 30 22 39 14 29 25 33 17 24 23 17 42 31 36 22 20 37 
37 20 32 31 30 22 9 20 23 30 15 40 31 17 27 20 17 18 29 36 
34 19 23 25 20 17 18 21 37 48 12 32 27 23 33 15 30 19 42 25 
21 15 27 21 19 14 20 22 27 43 20 23 19 28 35 14 32 15 27 25 
25 19 23 27 33 22 11 25 33 32 15 21 12 10 25 11 12 31 19 35 
24 17 20 18 27 20 10 21 15 28 20 21 17 18 28 22 18 23 19 37 
25 11 27 42 26 26 10 27 24 25 27 39 31 17 21 26 22 16 23 35 
23 17 24 20 17 32 16 11 32 33 10 13 23 19 28 15 34 23 29 30 
28 18 24 21 17 22 24 22 25 48 15 24 22 25 28 24 24 22 29 16 
21 21 25 31 19 9 11 31 19 26 18 37 29 29 32 29 26 15 38 36 
33 23 32 19 21 28 18 21 15 46 19 28 28 24 25 18 21 17 43 27 
24 19 16 18 24 15 9 23 25 28 16 22 18 34 28 16 34 15 34 32 
29 17 16 28 31 13 14 20 22 40 26 18 26 21 46 33 30 23 33 23 
38 21 22 28 21 31 13 31 20 27 20 31 20 23 32 30 23 17 35 22 
15 18 17 33 27 25 14 20 35 25 17 34 28 18 29 20 28 16 36 26 
22 15 21 27 22 23 11 35 42 30 17 17 29 24 30 25 10 21 35 36 
18 16 31 32 24 16 13 15 33 23 14 25 27 26 37 21 31 8 33 37 
42 19 19 24 31 22 8 22 32 20 9 7 28 17 27 24 37 12 29 29 
12 15 24 26 16 18 14 25 19 19 20 23 26 26 27 24 20 21 24 41 
34 12 23 27 24 28 18 18 24 22 23 15 32 25 32 16 22 17 2 27 
20 18 26 29 22 28 15 27 24 37 6 29 23 31 43 8 23 19 24 31 
21 20 21 23 25 11 8 32 35 45 12 19 25 23 23 21 17 10 33 34 
24 14 24 20 18 19 15 22 30 20 26 21 18 13 15 30 36 14 21 27 
22 15 15 16 30 30 16 22 34 45 21 40 28 21 37 13 27 24 31 27 
19 16 19 12 23 26 17 23 19 47 17 20 8 18 26 14 25 31 26 25 
34 14 29 14 23 29 22 33 24 20 20 39 19 21 19 17 15 18 23 37 
12 18 16 20 34 36 11 22 21 31 22 30 10 17 22 30 26 23 39 39 
32 20 26 23 24 26 21 34 12 24 16 35 27 12 16 26 20 27 19 30 
25 12 19 20 17 39 18 28 30 31 15 34 32 9 29 27 32 17 17 30 
23 14 31 21 18 40 21 20 23 39 18 32 22 34 31 21 29 6 28 34 
27 11 19 27 27 22 19 23 28 34 8 15 27 19 48 24 26 19 17 33 
27 14 13 27 17 24 6 34 16 27 16 35 16 32 38 22 18 10 23 45 
24 16 26 25 25 32 12 15 20 27 18 17 31 23 29 11 32 11 36 28 
14 16 22 34 35 20 18 12 36 23 19 26 16 19 43 27 11 25 16 41 
19 11 29 20 21 25 13 18 33 25 23 26 28 22 27 6 33 24 24 25 
12 17 22 19 25 31 16 27 16 34 20 28 14 19 30 33 28 11 34 22 
25 10 26 25 20 14 18 34 29 25 15 20 27 24 27 30 39 14 17 39 
34 16 21 27 25 18 19 30 26 18 23 25 28 20 41 16 34 17 30 34 
20 13 20 18 20 39 11 21 28 28 18 27 24 9 25 26 33 19 31 40 
31 13 21 28 16 17 15 38 29 29 22 37 25 15 41 16 40 24 40 40 
25 12 15 30 32 28 17 20 13 37 28 23 20 28 14 27 19 16 24 36 
20 17 23 26 13 33 11 25 30 38 16 18 29 13 27 23 18 10 35 28 
15 18 12 22 25 31 9 24 29 22 20 19 20 26 31 14 29 15 36 31 
27 16 27 15 24 31 16 28 21 23 22 21 19 22 25 28 14 14 26 28 
38 13 16 23 28 28 17 34 11 16 22 34 21 8 29 29 33 24 8 37 
26 11 16 16 13 25 11 17 26 25 29 18 21 19 35 13 24 20 25 37 
24 16 27 22 19 17 14 22 25 35 20 33 21 14 25 28 27 15 32 31 
24 9 18 26 26 2 11 15 34 38 16 28 16 32 35 21 11 20 44 24 
24 13 13 30 17 29 15 15 28 31 19 36 22 22 23 26 29 26 31 43 
19 16 26 23 17 25 16 24 26 38 19 23 19 23 23 27 30 18 35 21 
28 17 23 32 30 32 14 27 34 22 25 34 29 20 35 13 29 27 38 31 
26 14 20 22 25 25 10 38 42 27 24 24 12 24 20 27 26 11 23 35 
17 20 8 30 30 23 20 17 39 49 23 34 29 23 21 11 22 17 35 34 
27 10 13 28 27 16 15 13 18 30 15 17 16 19 29 28 25 27 27 22 
30 9 26 14 15 34 16 19 21 15 17 34 25 34 35 17 18 18 32 24 
17 14 21 31 18 27 7 20 24 57 24 35 20 25 27 22 18 20 21 38 
14 13 17 16 28 25 17 16 30 35 22 22 21 17 38 20 11 9 31 45 
37 11 25 19 31 20 18 32 27 29 17 31 22 17 29 25 24 13 17 33 
13 8 23 35 23 35 12 27 33 31 16 28 29 13 30 29 27 21 27 33 
25 9 26 24 32 37 17 17 25 9 17 27 25 35 12 26 24 25 21 24 
22 13 20 27 28 31 19 24 8 38 20 31 29 17 16 24 15 27 37 23 
25 18 23 25 28 18 13 27 25 31 26 39 21 20 28 11 31 27 33 21 
16 13 23 26 16 8 11 29 25 28 16 28 26 25 22 18 35 15 37 27 
24 16 21 27 18 19 12 31 34 35 11 26 27 15 23 25 30 19 27 31 
25 16 21 29 23 21 9 29 27 27 13 43 16 18 25 25 25 19 34 34 
16 9 23 22 22 14 19 28 32 24 27 31 17 13 28 23 21 26 31 13 
22 11 15 19 25 16 19 17 26 19 18 31 22 19 27 18 29 32 27 32 
44 16 23 39 27 27 15 34 13 53 25 36 22 11 34 17 33 17 15 35 
21 9 10 29 29 28 13 17 28 26 15 24 15 18 19 22 31 35 29 29 
32 10 30 26 32 23 13 32 29 25 21 33 23 14 24 19 20 19 35 23 
24 17 30 33 28 34 19 22 30 34 21 22 22 24 23 20 25 22 28 16 
31 16 26 25 28 32 9 36 27 31 15 31 21 25 14 22 19 20 37 18 
28 23 27 35 21 29 17 33 18 19 16 27 13 19 29 23 28 17 36 16 
18 23 25 29 19 25 13 34 22 15 20 25 17 18 37 20 18 20 33 25 
31 19 19 32 22 23 11 21 5 44 4 30 18 14 25 16 19 25 24 39 
23 19 18 28 21 20 16 23 23 35 18 39 28 17 29 27 23 15 35 35 
34 18 12 26 22 19 22 13 24 20 16 27 20 26 25 27 30 24 23 25 
30 11 28 12 21 40 14 14 25 52 19 43 32 23 21 16 32 25 38 24 
31 17 20 25 25 30 15 20 24 21 19 30 26 25 28 21 33 27 24 23 
35 16 18 26 29 32 15 28 24 23 14 29 18 18 35 27 29 18 19 35 
27 17 21 23 30 10 23 32 26 31 22 39 21 28 23 15 14 29 28 41 
22 15 19 29 14 11 17 25 35 15 17 19 27 28 14 17 38 16 42 17 
11 15 15 26 29 22 18 17 21 23 20 23 31 23 40 24 18 19 29 41 
32 18 28 37 23 24 13 31 29 34 21 33 12 17 17 26 30 20 18 35 
40 18 36 34 19 31 13 32 26 33 25 15 30 23 40 17 32 14 31 33 
33 13 26 34 24 26 9 28 20 27 26 12 13 10 28 24 25 14 24 29 
20 16 24 29 24 24 7 28 28 26 22 28 32 13 24 19 27 14 26 17 
26 13 21 38 27 13 11 20 18 23 18 15 14 15 32 26 25 20 49 24 
27 10 14 20 23 21 27 17 19 28 22 27 22 15 29 21 40 22 28 40 
25 16 25 33 25 24 16 44 27 44 16 28 21 23 40 24 31 28 28 41 
22 17 20 25 22 24 22 20 12 17 21 29 21 10 31 26 28 21 44 30 
13 12 16 17 14 19 17 29 18 42 25 28 24 22 27 27 27 26 19 25 
38 16 15 23 12 19 15 20 23 37 22 18 21 25 27 32 39 17 43 23 
36 16 20 31 33 12 22 14 34 22 19 48 10 11 23 20 29 21 30 40 
24 20 24 21 18 16 14 31 27 22 16 29 32 17 38 21 31 20 23 32 
16 12 14 23 30 23 18 24 22 27 21 36 21 17 27 27 10 11 39 40 
6 23 23 27 20 40 16 31 29 37 18 24 24 15 27 23 38 23 15 17 
11 18 16 17 28 22 12 30 24 25 10 32 29 22 24 27 19 20 22 30 
29 22 19 15 22 15 17 27 20 22 23 48 26 19 30 19 28 23 28 36 
30 16 30 20 27 25 11 35 29 35 12 44 29 25 4 24 17 19 33 17 
23 13 3 30 22 23 16 22 26 19 19 22 30 14 31 39 23 24 19 35 
29 14 24 26 25 20 12 38 43 21 23 31 29 19 34 17 25 11 21 35 
16 16 25 38 32 18 11 16 30 45 17 36 21 24 30 27 19 26 18 19 
27 17 30 20 29 13 7 27 16 23 30 29 27 24 31 23 28 24 24 23 
38 17 13 21 26 26 18 35 23 33 22 26 23 29 26 28 25 11 42 16 
25 20 19 20 23 14 16 33 21 32 18 28 23 11 25 30 26 13 30 15 
33 14 27 28 19 14 12 26 28 37 12 25 24 11 29 23 39 17 25 29 
28 9 21 38 18 36 11 20 23 24 13 20 27 17 31 24 28 18 29 37 
31 14 33 24 34 29 22 28 23 35 11 42 19 16 38 20 26 25 24 25 
26 5 22 25 18 24 12 39 31 29 2 37 22 15 41 31 27 18 26 21 
22 22 27 34 33 21 20 12 37 31 25 27 15 27 35 27 21 20 41 29 
13 21 23 18 26 20 13 20 35 38 18 30 31 24 17 28 30 14 31 24 
23 17 30 21 23 24 17 19 15 27 18 33 24 28 29 22 27 29 31 28 
35 16 15 32 24 28 15 26 19 19 24 21 18 18 35 27 33 35 29 30 
36 17 21 20 23 33 12 19 22 41 14 31 19 13 40 32 32 24 43 35 
21 15 20 18 26 20 9 28 29 28 16 29 23 16 40 19 15 15 19 37 
26 18 21 20 21 26 19 25 16 23 23 34 24 18 39 6 28 28 12 35 
8 14 24 29 19 29 15 19 33 43 13 17 23 27 30 17 33 18 13 34 
26 19 20 26 20 16 16 33 35 21 24 38 19 14 25 32 34 24 18 31 
18 19 21 24 13 9 24 31 28 25 26 33 17 12 18 25 25 30 30 36 
21 17 15 18 28 21 15 28 27 25 21 27 16 7 33 15 25 17 18 18 
28 14 16 35 25 26 22 24 30 39 29 13 19 23 20 26 22 20 21 40 
21 14 29 32 20 21 18 26 22 35 14 34 22 27 18 18 24 10 27 30 
21 20 18 31 29 30 15 39 25 18 17 40 35 22 26 29 34 24 33 27 
18 19 17 28 26 13 15 16 26 37 16 29 21 21 24 25 42 10 21 13 
22 17 17 34 23 16 14 31 34 37 16 30 24 24 35 23 12 10 45 15 
22 16 31 30 30 25 14 39 23 49 29 8 17 10 28 27 28 23 18 16 
37 7 22 32 26 21 13 23 18 24 12 21 20 22 25 39 27 16 16 25 
15 9 27 18 27 25 17 29 16 19 22 28 22 13 15 23 8 21 27 36 
22 19 29 24 23 23 10 17 27 34 24 23 22 20 28 24 27 15 23 21 
15 19 26 17 23 26 13 16 31 27 28 34 15 19 25 35 28 10 39 20 
23 17 26 9 14 34 17 20 21 40 13 18 33 15 33 22 22 15 37 28 
27 17 30 31 26 15 13 22 16 44 17 34 12 24 28 26 39 15 35 39 
18 13 21 33 26 25 12 26 20 35 21 15 28 15 31 24 26 10 35 36 
30 20 24 46 16 11 13 18 29 40 18 26 19 19 36 26 21 22 10 32 
31 11 21 30 16 25 21 17 23 26 19 34 25 25 20 16 15 30 40 23 
19 20 11 29 19 34 13 26 20 25 20 19 30 10 28 27 28 29 30 38 
24 17 21 27 22 30 22 18 32 26 26 22 29 22 23 19 14 16 39 25 
30 19 20 26 31 13 21 25 35 27 18 32 23 18 20 20 39 16 30 37 
29 18 25 26 22 27 20 32 26 37 17 34 29 28 33 24 30 26 36 35 
30 9 15 24 30 40 10 28 40 25 18 17 24 18 30 28 30 29 26 27 
26 12 21 34 9 37 17 21 35 45 19 24 13 13 41 28 31 22 25 37 
27 16 22 33 24 31 10 22 28 20 18 29 27 27 28 17 33 14 19 33 
37 13 19 20 18 25 14 31 42 31 17 35 36 22 30 27 26 18 30 23 
15 17 16 15 19 28 5 30 21 30 19 19 27 21 36 20 22 29 43 27 
29 11 17 39 11 30 17 13 22 42 13 18 26 20 37 11 25 25 32 40 
27 17 10 28 22 19 20 14 30 26 27 36 17 21 35 26 27 12 21 42 
37 17 16 25 21 21 19 24 22 15 17 37 20 22 32 18 26 22 25 27 
26 21 29 32 26 30 13 20 14 38 18 34 22 24 31 27 22 31 30 28 
23 16 14 28 37 32 13 14 32 17 19 9 28 13 36 28 30 33 40 23 
30 10 25 20 16 24 13 18 31 32 18 39 13 13 20 19 33 26 34 26 
28 21 19 33 20 22 13 25 25 39 19 27 25 24 31 8 33 14 21 26 
15 21 25 47 18 20 13 24 29 34 28 43 12 19 27 17 21 20 36 34 
34 18 24 36 8 20 20 30 29 34 19 43 31 7 17 19 28 17 37 25 
18 16 20 24 30 19 17 27 35 13 18 27 23 17 27 13 27 24 40 30 
26 11 20 36 16 24 20 27 37 25 22 24 25 18 33 22 26 8 21 44 
27 9 26 29 25 17 16 28 26 17 12 30 18 31 29 19 28 25 31 29 
26 12 28 16 21 28 14 11 22 25 15 30 26 20 38 30 18 19 21 38 
35 18 22 13 24 33 19 27 35 11 21 39 21 14 32 27 28 16 19 9 
28 13 16 25 20 26 15 30 38 15 21 26 31 16 39 17 30 18 22 35 
21 23 13 28 30 31 11 23 18 32 17 33 19 14 40 19 24 23 35 16 
20 21 16 26 22 28 11 27 20 26 23 45 18 21 42 21 25 12 19 26 
17 8 27 25 15 17 17 25 24 28 21 12 23 24 31 22 16 13 27 26 
7 20 19 29 27 23 17 30 33 30 11 34 35 18 28 22 38 20 31 20 
33 8 21 21 13 28 6 24 25 26 19 20 40 19 23 26 36 18 34 17 
26 12 26 21 16 29 11 20 25 38 12 29 27 11 36 23 29 15 44 28 
34 16 12 23 19 12 17 14 27 16 21 31 12 21 18 2 24 17 29 33 
23 17 12 15 19 5 17 36 41 44 25 28 18 22 27 17 21 23 36 13 
21 21 26 32 21 27 15 26 21 32 16 25 41 12 26 18 30 21 20 29 
18 16 25 21 29 26 15 22 16 29 26 34 22 19 33 25 28 17 24 44 
9 16 10 33 30 12 10 16 31 14 7 18 23 13 42 13 23 25 24 33 
28 15 27 38 9 23 6 31 38 24 11 37 21 16 32 30 27 22 31 40 

MachineCapacities:
MachineID Capacity
0 10
1 10
