NumTasks NumMachines NumScenarios
10 2 500
TaskDetails:
TaskID ReleaseTime ResourceConsumption SuccessorsCount Successors...
0 0 7 6 2 1 3 
1 0 4 7 2 2 4 
2 0 7 9 0 
3 0 6 3 1 4 
4 0 9 3 0 
5 0 7 4 1 7 
6 0 3 2 1 9 
7 0 7 1 1 8 
8 0 6 2 1 9 
9 0 7 7 0 

19 28 21 29 22 30 14 20 21 23 31 26 20 31 20 36 5 38 11 29 
16 21 22 33 20 37 28 19 17 20 30 26 24 28 26 28 19 27 26 23 
16 28 32 23 10 43 25 26 8 20 34 29 22 29 15 40 26 50 26 20 
21 27 25 37 20 30 25 18 15 25 24 18 27 18 28 31 18 37 31 12 
28 25 32 27 25 32 26 10 18 15 22 33 26 31 23 34 16 22 26 15 
26 12 33 34 24 11 13 19 23 23 21 39 46 30 17 34 23 24 26 26 
14 24 32 24 22 36 23 29 12 15 20 34 30 18 19 28 8 14 21 8 
14 31 44 19 36 30 18 24 17 25 28 37 26 19 24 27 14 23 16 17 
18 33 34 19 12 34 21 18 22 18 32 41 33 34 22 18 10 21 33 24 
24 20 21 34 18 29 18 20 20 24 41 31 19 31 20 24 16 22 16 15 
9 23 33 36 27 40 29 20 21 41 29 27 26 15 25 24 19 14 17 21 
12 17 20 35 26 20 28 22 8 20 37 43 30 28 20 17 21 17 20 28 
24 38 21 28 15 21 9 23 13 13 25 26 19 37 15 32 18 42 21 25 
18 19 6 39 22 38 28 25 15 23 40 25 27 28 32 37 17 25 23 11 
23 28 26 41 19 33 15 26 12 28 36 16 34 28 22 32 22 24 22 22 
16 23 40 10 18 31 20 14 23 26 14 32 29 7 24 32 19 35 33 34 
25 28 21 21 35 43 18 17 21 24 28 27 34 25 29 42 19 9 12 21 
18 36 36 36 17 26 28 10 14 22 14 22 26 19 25 30 16 22 22 15 
14 21 25 22 33 24 29 20 26 21 28 33 25 26 25 31 18 24 25 17 
23 46 39 44 25 45 13 19 20 11 33 31 18 36 13 25 6 17 19 36 
28 28 26 21 22 18 25 28 21 23 23 17 15 27 30 43 14 17 14 14 
17 24 32 30 24 29 23 9 17 18 19 27 31 34 25 36 15 35 26 22 
20 8 40 21 20 20 31 16 18 28 30 33 30 22 23 31 11 24 29 37 
25 34 31 31 25 46 17 21 18 19 22 24 11 22 21 25 15 34 25 23 
22 16 28 16 29 17 28 19 17 18 30 16 16 38 13 19 16 20 20 32 
17 22 35 23 17 25 23 25 17 18 36 28 33 33 27 29 7 24 18 26 
11 40 30 31 30 41 23 21 18 27 32 24 29 38 20 30 10 36 18 38 
18 20 27 17 34 28 27 20 23 26 25 20 29 35 18 29 20 23 18 20 
21 21 19 37 28 51 23 21 15 26 42 32 32 28 25 29 22 31 28 25 
21 30 38 37 8 20 23 12 23 26 40 27 24 32 18 17 16 11 30 22 
16 18 27 25 22 9 21 23 28 27 34 29 28 28 16 24 19 40 28 15 
23 14 21 13 29 25 16 16 9 29 36 21 26 24 18 34 16 28 18 20 
23 22 37 36 22 13 22 26 26 20 30 18 23 35 13 35 18 49 27 13 
26 23 38 28 34 36 28 19 19 20 28 23 28 27 13 16 16 37 28 23 
20 18 32 19 30 29 23 14 16 20 40 26 23 25 11 25 27 34 29 7 
21 20 24 19 12 28 26 18 20 20 22 38 11 19 22 37 15 17 26 16 
22 30 33 36 25 41 12 25 18 15 24 40 24 27 31 36 21 31 18 19 
21 31 24 33 17 22 26 17 23 13 38 10 25 25 19 44 19 33 16 25 
27 17 28 26 16 45 38 19 20 20 27 26 19 40 38 34 21 32 20 29 
22 38 29 29 22 18 36 17 23 24 27 31 13 18 13 29 24 22 22 13 
11 20 18 35 44 32 17 19 19 13 28 26 39 26 21 28 26 36 20 8 
4 28 28 24 32 17 31 10 19 16 20 34 23 31 24 32 10 32 18 23 
22 26 36 28 29 30 20 19 16 30 33 36 23 29 16 37 24 29 18 10 
16 26 27 32 19 38 25 17 19 18 43 24 25 38 32 35 16 9 29 22 
29 18 15 35 17 30 27 18 20 29 32 34 21 29 16 32 20 23 19 24 
19 40 32 34 14 37 21 21 15 22 37 17 17 22 10 42 17 26 30 19 
21 29 44 28 50 15 17 18 18 30 26 37 20 39 17 27 18 15 11 30 
26 24 26 24 13 26 16 12 28 25 23 32 16 24 21 41 21 31 11 22 
25 25 37 31 17 23 28 20 22 22 17 26 24 21 27 39 11 29 32 22 
19 21 23 32 32 36 16 20 16 20 34 33 21 40 22 34 28 18 23 19 
14 25 25 23 25 24 14 21 15 22 23 18 23 11 20 22 8 24 23 29 
16 37 27 40 17 29 24 10 18 26 42 33 28 21 30 32 13 26 38 25 
21 31 24 35 34 34 21 18 13 18 8 16 26 26 27 24 19 37 19 19 
16 24 41 27 29 35 24 20 12 26 17 48 32 29 21 20 23 29 37 19 
19 35 24 36 38 13 20 18 10 27 31 35 14 34 21 39 16 35 24 27 
5 30 30 34 28 32 24 22 20 27 36 32 34 25 24 29 23 20 28 24 
21 22 13 38 33 29 19 19 24 15 24 23 34 18 28 41 20 17 17 14 
23 21 33 33 36 22 30 24 22 25 41 12 11 15 11 32 14 28 20 29 
21 24 17 41 27 25 14 31 21 30 33 27 39 20 14 28 15 29 14 13 
20 14 33 31 16 18 17 15 14 29 38 23 29 23 31 46 18 30 19 12 
28 25 28 19 30 28 40 15 22 27 25 17 30 34 26 24 27 21 28 27 
19 35 32 29 34 34 32 22 28 26 39 18 24 24 17 24 19 34 24 22 
25 33 40 38 31 14 8 28 19 33 34 24 12 21 16 27 21 30 9 18 
26 16 28 28 23 39 21 16 17 20 30 30 26 25 27 30 28 29 25 24 
19 17 42 33 22 31 29 24 18 36 38 30 24 24 21 32 13 13 24 26 
17 29 17 18 19 30 29 19 17 24 36 25 32 29 39 31 21 24 25 13 
26 39 15 29 20 31 22 26 14 15 28 30 22 31 16 34 16 16 31 24 
27 23 26 18 27 37 14 20 27 20 20 15 21 22 17 26 20 23 37 15 
26 21 33 36 25 41 24 18 26 23 21 29 34 41 23 41 16 26 23 18 
23 23 17 40 19 44 28 25 24 29 38 8 17 26 16 26 24 33 18 18 
14 28 16 28 22 15 20 18 20 33 22 33 34 18 18 39 24 26 20 25 
13 26 26 33 29 31 28 15 22 30 28 28 30 34 16 31 22 40 26 21 
22 30 34 29 20 31 20 21 16 31 36 28 28 36 21 42 19 29 25 15 
16 5 25 25 25 32 18 25 25 30 18 26 20 24 26 24 20 31 21 19 
19 22 22 37 33 25 23 17 27 29 30 12 32 25 27 30 13 43 22 20 
30 24 28 35 21 30 29 12 22 31 30 23 23 21 12 21 23 14 25 18 
21 27 25 26 15 23 14 17 16 22 26 20 40 29 21 44 20 32 15 10 
26 25 27 38 22 30 14 14 26 27 22 39 40 22 15 40 20 19 32 7 
18 17 16 18 27 18 27 25 11 21 13 30 17 13 31 39 24 19 19 29 
20 23 36 29 33 24 23 16 20 20 34 19 21 16 19 31 15 14 26 27 
20 25 24 25 27 38 32 18 13 13 35 37 8 24 19 13 16 18 22 26 
23 30 20 30 36 18 27 21 24 18 32 38 20 30 19 33 19 17 12 36 
17 26 36 16 25 23 16 22 23 23 22 15 24 23 24 28 24 34 17 31 
16 35 14 39 25 42 15 21 19 23 40 30 33 15 16 18 18 36 19 22 
21 18 22 14 22 18 25 21 19 23 34 25 31 28 18 49 14 26 19 28 
22 24 28 27 25 31 26 18 15 18 21 28 20 37 27 31 21 18 27 35 
18 13 27 26 25 29 28 18 18 16 30 19 22 22 9 27 16 32 31 25 
13 21 11 32 26 32 22 20 20 26 43 26 22 23 20 37 20 34 22 24 
16 20 33 24 9 39 24 18 23 23 33 14 24 32 20 28 21 31 23 24 
13 8 37 42 21 27 7 19 19 18 28 30 31 36 19 27 7 38 21 30 
19 23 39 17 37 15 19 22 9 21 31 27 29 27 20 44 21 22 13 31 
21 37 30 47 26 29 19 14 23 7 25 43 34 29 27 34 20 22 28 32 
16 14 36 34 29 24 14 19 17 22 31 38 26 25 18 23 26 17 22 22 
18 21 30 32 14 31 18 12 18 29 19 20 28 24 21 40 13 28 11 26 
17 19 33 40 16 26 17 15 16 21 31 45 16 30 22 38 22 20 22 27 
28 26 48 28 29 35 18 23 12 14 19 20 16 24 18 23 21 29 11 27 
17 18 19 28 17 35 20 17 17 30 37 20 17 35 7 20 11 27 30 16 
26 30 37 35 31 18 27 14 24 20 36 26 16 30 22 29 13 33 28 22 
10 11 36 26 17 15 16 19 20 32 29 16 18 18 23 27 12 23 17 12 
18 33 44 29 25 22 20 27 14 21 32 25 35 18 17 18 13 40 18 19 
17 21 23 35 15 35 19 15 18 11 36 19 28 26 26 25 25 23 24 27 
23 26 35 17 23 41 37 22 17 29 29 29 25 30 24 29 13 28 20 23 
15 22 19 22 21 25 13 32 25 19 23 29 29 22 28 17 17 35 27 25 
24 26 25 35 26 26 15 22 17 29 18 21 36 35 17 11 21 33 26 36 
26 31 51 30 13 23 19 17 18 21 41 17 15 19 15 35 25 9 15 16 
18 32 23 37 17 38 29 22 19 23 33 17 28 33 4 42 20 28 25 17 
16 30 16 41 27 27 24 13 25 21 48 16 22 22 13 18 17 25 18 22 
14 24 17 41 29 22 24 25 24 27 17 23 25 27 8 28 10 16 15 26 
18 27 35 19 21 31 17 16 20 22 41 25 22 18 12 34 16 25 27 18 
27 36 24 39 36 19 15 16 18 27 33 29 35 28 15 34 18 28 22 21 
19 22 20 25 10 24 20 23 17 17 39 40 28 33 21 21 19 36 17 20 
16 28 41 35 34 29 17 17 21 25 49 29 26 31 14 29 23 22 18 19 
18 21 35 30 27 35 22 19 28 24 27 39 27 28 21 38 15 13 12 30 
17 22 27 36 33 32 14 18 20 25 34 31 21 41 11 31 10 20 19 26 
21 30 43 33 28 34 25 16 20 16 31 35 28 38 19 27 8 38 23 24 
23 15 21 39 24 34 24 14 22 16 18 20 10 24 12 25 22 22 19 28 
16 46 18 31 11 25 21 28 25 6 33 34 15 31 22 36 23 22 24 24 
16 24 22 17 14 21 27 25 25 12 36 40 17 16 23 18 17 36 35 11 
19 19 19 33 26 36 16 16 18 13 26 23 31 21 20 26 22 25 26 31 
18 21 25 27 22 26 32 24 28 28 16 11 28 19 23 30 23 26 32 24 
12 30 31 16 12 24 20 16 20 5 41 37 24 17 18 23 12 28 19 27 
22 24 31 31 30 22 25 14 23 25 34 29 28 25 19 34 18 46 17 19 
16 22 13 33 33 14 17 21 16 22 32 15 33 11 21 34 17 16 26 18 
5 36 22 28 35 28 23 14 11 18 21 23 11 23 21 39 17 33 18 26 
17 25 15 24 27 24 21 11 19 18 29 25 27 26 14 17 24 23 29 26 
21 18 41 31 19 17 34 26 28 24 27 22 20 18 23 45 15 29 19 18 
12 28 29 32 21 29 16 29 22 19 26 25 17 23 19 27 23 24 19 16 
25 28 31 29 34 45 24 10 22 23 31 27 20 31 26 28 24 21 8 21 
20 22 23 36 32 33 11 15 19 25 28 21 31 30 26 15 13 36 26 32 
16 25 28 15 25 39 25 24 15 33 28 27 26 36 28 32 18 22 28 23 
18 21 36 27 27 29 23 11 17 32 25 20 31 28 18 28 14 13 26 18 
23 19 17 40 20 30 25 18 30 16 31 30 22 10 24 15 14 14 20 18 
19 31 32 34 34 25 11 20 16 31 18 40 22 22 9 41 12 35 30 15 
17 40 39 26 30 19 22 23 12 14 22 34 25 32 25 36 21 33 27 16 
23 32 27 23 37 34 25 18 25 25 34 38 19 26 15 17 18 24 27 32 
21 15 37 32 29 35 20 13 32 25 27 23 19 34 21 28 20 24 23 40 
22 25 39 31 39 39 21 29 17 14 12 21 18 21 19 32 18 17 28 31 
27 28 21 25 34 32 26 17 28 30 41 38 27 31 18 23 20 27 7 27 
16 25 34 9 11 23 11 25 19 14 29 28 12 23 22 40 25 25 21 29 
10 30 42 37 22 20 18 25 24 26 33 27 37 30 25 34 13 30 18 21 
22 8 30 26 27 29 22 23 24 23 32 26 13 28 32 11 17 21 22 24 
19 32 41 24 24 22 23 19 13 15 41 16 23 21 22 30 17 15 18 15 
11 23 37 41 20 24 17 24 13 19 25 21 15 19 7 29 23 33 25 21 
19 33 22 21 23 30 16 22 21 18 21 32 30 31 26 20 13 16 12 25 
15 15 37 29 32 19 20 16 10 10 22 25 17 12 19 34 27 20 19 33 
32 17 20 40 15 56 20 19 15 11 39 27 22 24 18 39 18 31 29 24 
28 27 33 29 31 29 24 25 14 27 26 39 34 26 27 35 22 22 12 14 
17 23 16 31 18 26 27 16 9 28 14 30 23 19 31 36 18 25 17 21 
28 30 36 33 16 37 22 10 16 27 43 33 24 22 17 18 21 27 23 27 
18 31 17 15 36 22 14 20 13 15 24 31 29 42 24 31 10 30 26 29 
26 30 33 24 23 27 22 24 26 8 16 24 19 23 21 27 20 25 10 27 
20 27 23 12 26 37 27 24 23 20 19 16 22 26 24 32 19 34 7 29 
15 25 14 26 32 41 18 20 22 34 39 41 15 30 28 36 16 30 30 20 
12 34 38 29 23 23 21 16 21 33 33 27 21 26 13 23 16 22 32 22 
18 19 24 29 25 28 16 17 19 19 39 32 30 30 24 27 17 21 29 16 
16 21 32 25 26 34 17 16 15 26 15 15 27 22 16 19 16 18 17 30 
14 6 25 30 24 22 23 14 21 25 26 17 11 34 13 36 14 37 25 29 
20 22 42 30 12 28 17 11 22 16 29 30 17 19 19 40 27 39 14 7 
17 18 20 25 16 32 23 19 21 16 34 27 24 27 20 27 10 29 14 12 
13 29 35 33 27 29 28 23 17 17 21 26 27 18 24 18 8 29 20 23 
16 15 31 38 29 27 26 9 22 21 27 23 18 18 27 30 16 11 37 26 
21 17 29 26 27 23 8 24 21 28 24 14 27 35 27 32 15 30 21 15 
15 23 30 26 14 38 17 25 20 28 33 28 20 18 22 33 16 29 17 18 
22 17 40 12 33 29 14 24 22 21 24 33 22 17 16 27 18 35 12 20 
20 24 35 30 16 30 11 17 17 21 29 23 27 18 18 26 15 36 15 20 
18 20 38 30 22 31 30 20 23 19 33 34 23 22 27 19 26 33 31 25 
25 24 24 37 18 44 19 14 17 22 25 11 29 28 21 28 17 44 16 30 
19 22 33 20 32 18 27 18 25 33 25 32 31 27 22 28 27 51 8 24 
20 18 36 26 15 36 13 15 16 25 21 28 22 16 25 30 16 21 24 14 
15 35 34 27 22 25 27 14 23 19 44 33 26 10 21 24 26 36 22 23 
23 36 27 29 19 26 26 15 14 19 47 31 18 16 17 36 14 28 20 25 
23 34 35 35 31 45 26 21 21 16 28 28 40 18 13 32 16 24 29 19 
15 28 21 27 27 18 22 26 23 10 30 24 18 41 32 11 21 47 14 23 
21 17 20 33 27 16 14 13 22 25 28 23 25 34 17 35 18 29 19 5 
16 25 27 35 26 38 19 19 18 15 37 24 18 21 30 28 19 35 23 23 
20 16 36 30 38 26 31 20 17 31 52 34 29 27 22 29 22 28 16 21 
19 27 31 33 21 20 8 10 19 23 30 20 25 25 29 29 20 14 21 18 
18 20 37 28 18 21 17 19 16 28 43 46 23 24 27 14 15 30 34 11 
14 15 23 18 33 33 19 23 18 12 18 18 32 17 19 28 19 32 20 24 
29 33 30 24 33 22 21 15 23 19 16 33 9 20 26 18 24 32 21 24 
20 26 37 29 13 29 26 16 16 24 22 22 21 17 22 41 15 24 27 23 
14 35 16 9 28 12 22 27 15 15 34 16 35 17 36 38 22 27 26 26 
23 22 32 14 40 28 30 24 26 22 22 26 29 25 24 18 20 24 23 26 
19 18 43 33 23 34 25 8 23 30 34 26 19 32 14 31 20 38 13 17 
18 16 23 39 28 17 12 17 16 13 28 41 36 28 23 21 14 22 14 19 
16 26 20 25 23 33 24 18 18 25 28 30 18 23 18 16 24 32 27 16 
22 20 31 33 16 40 18 27 26 19 23 28 21 24 19 35 23 26 29 18 
10 15 32 22 28 20 28 16 20 24 23 38 28 18 22 44 29 32 18 14 
17 29 28 24 32 26 23 20 15 21 17 42 29 28 15 25 27 35 23 4 
16 31 32 35 24 23 25 12 27 19 31 33 28 14 27 36 20 29 12 22 
20 19 34 17 29 39 23 22 20 21 48 26 20 35 21 27 9 22 17 16 
17 39 12 43 31 28 33 23 14 26 28 19 26 34 11 38 14 30 20 26 
15 12 22 32 22 35 26 22 21 10 18 18 18 30 29 19 16 38 19 23 
18 33 32 34 11 16 11 18 11 21 30 23 20 25 25 26 23 26 20 16 
22 33 27 23 32 32 21 22 21 28 32 26 30 21 29 35 21 18 25 26 
18 32 30 26 39 24 14 25 23 32 32 28 9 35 23 27 9 34 20 22 
20 20 20 30 29 32 12 15 23 22 35 23 24 32 9 20 21 36 21 28 
20 32 36 29 34 31 20 22 18 33 47 21 24 27 26 42 20 16 18 31 
11 34 30 42 20 19 20 23 19 22 23 37 23 21 28 26 16 26 23 14 
20 22 25 23 21 22 20 22 15 19 34 39 25 23 10 30 23 23 31 21 
15 22 45 36 17 30 24 8 17 19 31 25 28 18 24 32 15 33 29 13 
16 29 28 16 24 35 20 15 14 18 25 30 35 35 15 28 14 26 25 29 
33 27 34 24 18 39 15 22 19 19 27 25 23 31 14 42 16 23 10 29 
22 24 35 16 32 39 29 24 19 18 27 18 27 28 18 40 19 27 21 16 
18 26 32 29 24 37 28 24 15 27 28 42 28 28 19 15 12 25 26 21 
17 21 39 18 29 28 30 16 17 18 16 30 23 19 16 27 13 25 18 21 
20 27 15 17 18 32 28 16 22 27 43 30 32 25 28 21 21 37 26 22 
24 21 44 23 27 20 27 29 21 15 34 26 27 36 12 30 17 26 10 29 
16 7 39 18 36 30 23 23 16 19 24 23 18 21 9 30 27 32 14 24 
21 17 29 25 26 34 25 16 21 16 35 44 23 24 26 28 9 34 19 15 
8 21 21 37 28 30 31 15 21 22 33 35 25 25 12 27 17 31 25 18 
17 14 42 37 33 28 24 8 20 20 21 33 15 17 32 25 18 26 32 22 
15 26 27 24 27 32 20 22 12 20 20 37 19 23 19 25 20 38 30 28 
12 19 32 35 22 37 27 12 12 22 29 28 17 22 24 24 21 37 23 29 
19 37 24 36 9 33 31 19 27 19 42 30 32 36 15 50 15 30 17 28 
18 25 46 34 37 38 31 24 24 29 27 32 28 29 17 25 15 24 29 17 
24 30 19 28 22 18 26 21 11 24 18 27 31 26 28 39 17 12 11 21 
25 37 32 19 21 15 25 13 13 24 13 20 21 14 20 32 16 22 24 22 
15 34 40 23 32 21 29 20 10 17 33 29 25 27 32 34 18 32 22 14 
21 37 30 30 23 30 24 17 20 20 41 24 17 30 13 48 16 23 24 25 
23 36 41 29 20 25 12 18 13 24 22 23 18 22 18 30 23 37 33 23 
17 24 20 15 21 40 19 19 19 19 36 24 28 25 17 32 13 37 22 23 
20 31 26 26 24 16 22 24 15 27 33 34 23 34 25 19 18 35 10 19 
17 34 12 37 33 26 19 26 21 18 37 25 15 29 19 29 14 21 16 23 
9 16 31 15 34 22 23 18 23 20 31 27 18 28 19 29 23 29 23 24 
16 16 33 28 31 36 14 32 24 15 32 35 21 29 12 33 21 26 10 27 
16 24 21 30 33 29 16 11 18 10 38 26 27 27 23 26 20 28 21 33 
13 16 34 24 18 19 29 20 5 23 26 14 22 18 22 35 21 34 20 30 
18 23 30 32 28 21 23 17 20 17 30 31 38 21 17 39 16 20 35 22 
24 24 30 31 19 32 25 14 26 17 34 22 5 35 27 37 15 21 16 33 
17 24 38 39 24 34 28 25 28 23 17 34 19 36 21 29 21 35 25 19 
20 27 31 31 30 41 13 12 32 27 29 31 9 21 19 23 24 34 19 13 
16 4 10 22 22 26 31 16 19 23 17 34 30 26 26 30 24 19 29 28 
19 32 37 11 33 35 20 11 23 7 32 37 36 15 28 14 21 36 21 25 
21 23 29 50 25 33 37 12 21 36 30 22 27 27 28 26 16 38 21 21 
18 22 32 41 33 35 23 21 16 30 10 38 24 25 20 35 16 24 17 22 
14 23 39 30 27 28 14 16 16 22 36 23 25 24 15 31 25 38 23 12 
19 24 33 27 36 24 25 22 16 21 38 22 18 30 19 18 16 22 31 32 
16 16 33 42 25 17 15 23 20 24 12 29 15 21 27 41 14 18 30 21 
22 27 30 32 30 22 14 19 19 28 13 40 26 42 3 24 19 21 24 33 
17 16 41 30 29 20 26 25 16 28 27 22 27 20 14 12 14 17 20 20 
22 20 28 11 33 25 31 22 17 22 29 37 29 30 20 44 13 28 15 31 
21 11 25 29 14 31 30 17 26 28 29 31 27 25 19 20 23 42 23 23 
16 20 43 37 16 30 24 28 17 20 16 45 18 27 26 32 13 20 20 30 
21 21 38 33 31 26 29 20 14 21 17 21 24 26 25 44 23 30 22 12 
26 14 15 33 28 42 16 12 27 13 25 27 20 17 28 21 20 42 24 25 
15 36 29 29 27 45 15 19 19 23 36 27 28 28 28 27 24 24 23 20 
20 36 15 15 25 24 16 19 21 31 27 32 29 23 30 27 18 23 31 32 
16 30 38 21 26 31 13 21 26 23 44 28 18 30 18 29 11 19 21 24 
14 31 23 26 19 36 12 15 23 23 29 33 20 35 19 25 9 19 26 15 
15 31 40 30 26 27 24 34 23 23 51 25 20 10 20 31 27 29 26 33 
18 9 24 38 23 27 22 24 19 31 34 45 21 11 27 35 20 29 24 18 
18 24 32 36 21 29 27 13 20 32 24 31 14 27 25 39 27 11 32 26 
21 29 31 19 30 29 22 16 18 27 34 29 29 16 6 40 20 23 22 13 
15 29 33 28 30 35 26 19 13 23 31 35 20 21 11 27 20 30 23 34 
21 24 33 33 23 27 30 18 24 18 7 16 26 46 23 24 25 25 19 25 
17 18 20 45 35 20 27 13 19 15 17 17 19 27 25 38 19 31 17 18 
11 30 26 22 23 33 12 19 19 20 24 33 31 21 20 25 8 32 31 19 
15 35 33 40 16 25 22 13 19 35 29 43 15 28 23 32 18 24 24 26 
17 27 21 36 21 31 20 18 26 24 36 23 24 31 21 21 18 34 17 23 
21 18 32 39 19 26 15 16 26 20 29 31 21 33 15 28 26 9 23 23 
27 22 44 12 24 28 15 14 15 27 33 46 23 32 20 30 11 23 25 10 
19 17 22 25 22 20 26 21 21 27 25 29 33 36 15 32 24 25 24 26 
13 53 33 36 24 22 11 18 20 19 43 19 22 17 18 21 17 16 22 25 
29 19 31 34 29 27 15 20 10 24 31 33 25 21 20 35 14 34 6 19 
29 30 28 35 33 33 27 19 25 26 13 24 10 32 14 28 9 33 18 19 
19 26 29 21 25 28 29 8 12 19 10 32 21 35 17 36 23 23 13 27 
24 20 46 43 14 31 31 17 17 19 26 39 26 29 23 45 17 41 35 28 
24 16 41 31 47 20 22 17 13 13 20 34 27 30 27 5 24 18 22 23 
13 28 30 35 29 24 21 9 17 14 31 37 24 33 19 23 21 37 18 26 
16 33 23 14 18 34 34 25 18 34 27 33 34 20 22 30 24 20 11 19 
21 28 36 13 23 31 29 17 25 20 38 25 21 36 30 24 16 24 16 12 
22 20 21 29 29 24 33 17 19 17 33 34 22 26 13 14 16 18 10 34 
11 25 40 28 29 41 26 15 17 19 36 29 24 31 19 28 19 24 29 41 
21 24 29 35 30 20 26 20 26 27 41 34 28 26 18 34 24 17 15 18 
19 28 27 29 29 19 19 23 24 26 33 23 26 28 21 26 15 33 17 24 
12 13 24 15 25 19 26 29 26 30 38 30 24 19 23 27 13 21 32 24 
19 31 35 21 26 24 25 17 11 37 27 29 13 25 21 26 11 24 12 27 
19 31 33 28 23 16 27 20 18 13 32 35 24 40 13 25 9 24 31 25 
8 24 25 41 19 40 28 23 17 24 30 29 28 13 23 42 16 37 18 19 
22 33 28 29 28 35 24 28 19 25 25 18 22 25 29 35 13 31 23 27 
17 27 21 23 35 29 30 13 19 19 39 37 20 27 6 37 11 22 25 23 
24 35 21 21 31 30 39 26 14 20 23 31 22 22 29 35 18 21 17 15 
22 30 39 20 24 19 23 17 17 23 34 27 33 20 21 47 19 21 21 17 
23 35 42 30 17 26 32 20 37 33 30 40 22 21 21 39 21 23 24 24 
22 16 48 27 32 28 21 20 17 12 30 33 10 17 21 38 16 25 19 25 
24 43 20 42 21 31 24 16 20 12 31 17 26 30 25 30 17 31 21 30 
18 30 20 22 31 30 23 18 17 20 43 39 23 31 19 20 20 13 17 36 
22 28 9 39 41 43 23 18 19 29 24 27 25 24 18 30 13 37 18 23 
21 31 19 38 12 26 24 13 10 30 33 35 12 21 19 40 26 18 27 6 
31 26 29 34 36 32 17 23 24 23 30 40 20 30 13 35 24 19 25 17 
11 24 12 24 25 25 20 24 30 7 23 20 27 37 16 20 19 28 16 23 
18 38 38 21 34 14 19 22 22 23 34 30 17 32 36 17 12 19 11 25 
19 16 38 33 44 43 21 20 8 24 27 17 13 26 27 36 16 15 26 24 
14 36 32 24 21 34 28 27 21 25 23 25 20 19 17 18 26 24 18 28 
8 21 39 36 26 28 25 27 13 27 35 29 25 29 15 36 23 36 11 14 
22 18 24 21 16 33 24 29 23 35 33 24 7 17 17 33 20 23 21 15 
12 32 18 36 32 39 24 11 24 20 34 23 11 19 13 19 21 28 16 22 
24 15 34 31 40 21 14 26 20 28 30 33 16 29 14 22 13 22 25 21 
14 29 26 36 30 22 25 24 18 16 30 37 25 28 29 38 15 29 16 20 
20 24 36 34 30 10 27 13 15 28 56 23 11 28 20 29 13 14 32 19 
13 5 36 23 34 39 18 20 14 9 21 23 33 19 18 21 24 28 20 11 
21 17 29 30 24 33 16 17 21 24 34 27 25 37 26 31 11 26 24 32 
14 26 34 24 18 10 26 23 18 24 26 16 15 17 14 31 24 20 33 26 
17 20 25 16 20 34 14 16 23 28 16 32 27 28 26 31 13 27 15 33 
21 25 32 37 33 38 27 12 17 14 35 21 12 20 30 34 13 20 21 18 
18 26 22 18 22 20 23 21 26 34 32 28 27 32 16 20 14 31 28 21 
20 29 39 33 23 28 21 13 16 27 30 36 22 30 23 16 12 31 16 20 
15 29 26 19 34 31 18 16 15 16 38 27 19 14 34 23 17 8 29 11 
17 21 27 20 25 11 24 17 17 26 31 28 26 20 15 27 13 29 27 24 
26 27 28 40 21 22 26 21 14 34 17 26 27 32 23 30 20 17 18 15 
12 25 38 30 23 34 17 25 24 20 18 17 34 25 17 27 23 28 23 20 
14 20 28 31 31 23 29 16 21 30 23 21 28 20 37 43 19 36 25 9 
11 34 37 23 26 26 18 20 22 13 35 29 24 23 16 37 17 29 29 16 
18 26 39 34 29 25 21 26 14 21 39 25 17 9 23 28 20 29 22 16 
20 29 30 23 19 29 30 9 17 17 29 21 16 35 25 37 12 21 23 10 
16 25 40 32 24 35 18 17 20 15 44 17 23 17 18 42 15 34 28 17 
10 26 37 23 15 28 28 18 16 15 23 27 25 26 12 17 30 7 22 20 
20 23 14 40 18 27 22 15 24 16 25 34 31 29 18 40 11 27 12 17 
28 18 29 31 16 34 20 14 16 31 27 18 37 31 29 24 18 28 12 15 
13 33 29 38 18 36 18 20 14 29 27 34 19 20 17 28 18 32 9 18 
23 22 30 28 30 18 26 23 15 33 26 32 24 26 25 26 16 19 13 23 
24 24 30 36 25 12 20 14 15 17 33 27 23 34 11 21 13 21 24 25 
17 24 40 25 14 34 16 21 10 23 28 30 28 14 3 35 23 19 21 20 
28 24 25 28 29 12 21 23 17 21 17 27 28 32 17 20 25 21 14 13 
25 23 40 31 16 31 17 29 17 27 27 21 24 18 27 14 12 21 27 15 
13 14 27 29 27 33 18 27 20 33 27 24 33 25 23 33 15 33 19 18 
23 34 34 21 23 37 23 21 18 20 31 39 19 26 17 13 11 23 16 26 
16 27 45 22 30 22 29 20 15 17 37 20 32 33 19 27 14 20 30 25 
24 41 22 26 27 29 17 20 23 21 25 18 23 38 23 19 19 21 21 35 
18 26 26 20 25 29 18 11 24 24 23 40 21 29 24 34 17 32 21 10 
22 37 36 42 25 34 25 13 13 19 30 23 31 17 32 27 19 32 25 24 
29 23 23 30 34 36 20 18 20 18 40 42 12 10 27 14 22 23 17 24 
20 22 39 29 22 30 29 29 17 22 25 43 28 25 26 30 13 31 20 24 
28 23 34 40 36 30 16 27 21 22 34 34 13 14 22 34 16 27 25 13 
22 24 36 25 15 20 33 20 19 34 46 29 18 21 15 32 17 26 28 24 
13 29 37 28 33 17 21 22 20 19 38 33 17 30 16 30 15 33 7 31 
23 19 32 28 26 17 21 15 22 23 33 20 23 32 21 24 19 36 17 17 
23 26 20 38 37 38 19 22 16 26 30 34 25 23 12 21 22 20 20 17 
27 34 29 27 30 31 23 15 22 26 32 38 23 29 29 17 17 18 21 8 
26 30 35 19 17 27 26 18 15 17 19 25 33 17 12 28 20 26 22 28 
20 21 21 17 30 34 22 17 10 21 17 22 28 21 8 28 16 24 25 15 
15 31 27 31 11 25 29 27 17 30 32 28 29 34 26 37 12 38 15 27 
15 24 6 22 31 31 16 28 24 16 21 32 31 23 21 31 17 26 17 19 
11 35 26 20 23 30 24 16 15 16 27 21 15 44 23 39 20 22 17 25 
24 22 42 36 29 22 27 21 20 23 20 21 28 24 20 39 13 16 17 11 
21 22 27 44 27 27 29 20 22 29 37 34 12 28 20 35 24 35 20 19 
12 19 27 20 31 20 22 14 19 30 32 27 20 13 21 30 24 38 19 30 
17 14 29 38 31 9 22 24 20 29 25 21 24 30 16 35 20 33 26 28 
22 42 27 39 44 25 19 16 21 22 31 23 26 24 22 31 14 15 39 27 
15 19 38 38 20 29 23 23 15 20 33 24 29 24 23 22 14 37 21 28 
15 19 32 37 27 17 19 26 18 15 28 30 19 22 27 39 15 18 32 16 
11 30 25 37 22 18 23 17 21 21 31 32 25 26 27 37 16 30 16 23 
26 17 31 40 21 31 18 24 11 23 21 24 26 29 26 29 17 30 28 13 
28 32 29 38 34 27 32 23 15 31 22 36 33 37 23 35 14 24 27 22 
12 23 23 32 26 17 33 16 16 15 29 20 38 19 23 30 11 37 22 14 
19 36 39 4 37 27 24 16 7 13 27 21 16 19 26 20 19 35 29 25 
13 29 27 18 10 27 31 8 19 24 38 32 25 19 20 35 22 27 30 23 
19 28 32 23 29 16 16 9 12 15 39 27 36 25 16 39 28 36 22 22 
26 22 33 33 27 18 27 13 26 20 25 27 16 39 23 31 13 32 20 15 
21 40 40 30 31 22 27 15 19 11 29 26 25 45 27 34 12 34 19 19 
21 32 23 29 22 36 29 21 10 28 35 22 14 34 20 28 25 20 34 22 
18 11 25 24 27 25 19 16 17 23 34 29 23 25 15 30 16 33 27 25 
22 25 18 23 27 25 20 32 18 28 26 28 22 24 10 25 9 6 22 22 
18 23 33 32 25 38 18 17 23 17 31 32 14 28 25 25 18 28 20 15 
28 18 57 25 36 38 16 10 16 25 23 33 29 14 21 42 18 26 24 12 
27 17 35 17 25 32 23 14 21 20 26 13 27 34 21 26 19 37 21 20 
21 24 27 23 8 29 15 13 21 18 27 12 29 19 21 23 13 30 30 23 
23 18 29 17 20 18 27 24 18 30 39 26 16 23 16 34 13 25 20 22 
18 25 28 25 35 29 15 17 17 23 28 35 29 18 23 32 17 37 17 15 
17 29 33 32 36 33 18 33 23 25 23 25 8 16 22 35 8 17 24 20 
16 26 28 40 35 40 12 19 26 26 28 27 22 39 22 27 12 29 17 17 
13 21 37 23 30 17 22 19 24 21 26 18 18 23 22 43 18 29 22 30 
12 15 38 13 25 32 28 23 19 22 42 28 22 30 24 23 17 32 24 24 
12 39 41 28 21 18 27 21 10 28 27 39 34 33 20 34 23 23 24 19 
22 33 7 34 34 33 26 19 16 18 22 28 24 36 25 34 24 21 26 22 
25 30 10 28 32 32 18 24 22 8 36 17 30 29 14 33 16 32 21 27 
17 35 22 25 26 19 25 21 18 24 32 28 21 35 33 26 18 18 16 24 
11 14 29 19 22 40 25 14 22 26 37 31 28 32 20 23 15 35 23 21 
18 42 24 39 12 24 13 21 20 23 24 21 20 39 18 28 17 40 14 19 
24 33 28 35 30 29 29 19 14 18 21 23 20 22 19 43 23 26 30 17 
20 29 31 35 27 29 18 21 29 30 34 33 18 9 20 23 10 28 18 23 
18 30 29 29 24 31 19 20 13 20 30 28 29 30 17 30 15 33 23 28 
21 36 22 17 29 26 19 21 25 23 23 22 26 15 19 35 17 24 16 26 
22 25 14 36 33 39 20 16 20 25 30 32 25 36 18 36 18 25 19 25 
23 22 22 36 24 29 22 27 20 16 31 19 23 29 33 25 12 40 31 17 
25 22 28 30 25 27 30 20 22 30 24 33 29 33 16 33 28 27 19 29 
14 10 22 28 14 30 28 25 19 19 32 33 34 41 9 17 20 32 27 23 
13 23 21 33 33 25 23 9 21 25 38 24 25 29 28 27 17 23 35 29 
17 30 27 31 29 15 17 23 16 24 27 25 34 33 30 34 23 20 19 17 
30 30 38 33 31 41 15 18 14 25 26 30 10 35 15 6 19 24 26 27 
23 25 30 25 31 32 28 26 14 23 39 39 23 34 13 32 24 21 19 28 
23 23 31 38 21 36 12 12 21 28 32 20 13 21 22 33 9 32 36 12 
23 35 19 32 28 26 34 18 25 28 23 22 27 34 10 16 23 40 22 23 
27 16 42 21 38 27 28 15 16 21 26 17 25 20 24 30 8 37 22 19 
26 22 30 38 31 28 24 9 14 11 16 28 34 21 25 44 14 31 21 22 
14 34 29 27 26 37 29 17 20 20 33 10 16 26 20 41 19 25 17 17 
11 33 14 33 37 31 19 19 20 30 29 28 18 13 34 39 11 38 18 15 
26 26 29 34 16 35 14 10 20 12 34 28 31 24 17 21 14 19 23 19 
25 29 18 28 25 31 37 21 21 15 20 22 25 39 22 24 22 30 22 21 
13 30 35 37 24 14 28 18 23 23 31 37 23 25 8 24 15 23 15 16 
20 20 38 26 35 20 26 24 20 36 27 29 25 13 18 9 16 42 24 21 
22 26 39 14 30 27 27 24 12 35 29 32 27 37 18 35 20 9 17 26 
19 19 22 34 36 23 18 18 19 18 20 12 27 20 12 18 17 20 25 32 
22 32 28 35 23 23 26 12 17 27 18 34 11 16 16 26 20 15 36 17 
25 21 23 26 34 27 25 15 17 28 45 20 28 38 21 27 22 25 25 28 
23 27 40 21 27 34 9 18 18 37 28 16 32 20 24 29 19 24 16 21 
23 26 19 21 12 16 18 26 22 35 29 28 28 24 9 26 23 31 32 24 
22 28 36 18 20 28 29 22 23 21 32 18 19 18 14 30 16 21 29 20 
20 30 32 16 26 32 18 22 18 31 35 43 24 20 18 28 30 37 22 21 
17 29 22 24 23 25 18 11 21 25 35 21 11 10 12 21 17 20 29 16 
18 33 20 17 17 16 25 18 23 13 37 23 34 32 32 37 25 28 27 31 
20 34 24 30 34 16 22 23 19 11 24 40 29 29 14 27 21 20 23 19 
17 14 27 36 14 56 30 20 21 21 23 28 25 25 16 21 21 37 19 22 
17 27 19 29 14 21 23 23 17 24 34 32 28 18 18 35 26 28 12 15 
22 21 19 31 28 27 29 12 15 26 22 19 22 20 23 21 21 39 27 19 
13 30 37 32 17 38 25 12 25 30 33 24 14 28 8 29 23 33 27 22 
21 24 34 23 7 26 20 20 22 20 37 27 23 18 16 29 19 30 12 26 
13 26 36 41 25 41 26 16 23 25 24 26 27 19 18 29 20 32 27 29 
16 18 29 20 30 27 20 21 20 18 20 25 33 32 24 16 22 43 26 18 
16 23 36 27 32 24 24 18 20 29 37 26 22 28 15 15 23 26 25 15 
13 18 20 39 20 24 29 17 25 33 32 30 22 28 21 23 18 37 11 23 
22 23 22 28 36 24 15 25 20 20 35 23 14 20 10 22 24 21 23 26 
22 18 22 42 36 33 26 13 16 30 37 26 35 34 10 25 22 43 21 16 
13 18 32 38 34 29 20 16 12 20 38 43 21 32 32 35 23 38 16 21 
26 34 34 37 36 22 20 26 28 27 42 24 24 25 28 40 16 26 13 27 
20 24 17 26 23 37 17 17 16 21 33 23 25 23 20 33 26 26 23 21 
22 34 28 37 20 29 28 17 24 28 18 20 28 30 19 32 17 27 18 21 
21 26 40 30 20 35 21 12 25 19 30 34 23 26 13 22 23 30 24 24 
21 28 39 30 24 37 19 21 13 23 38 27 26 23 10 24 14 39 10 28 
10 24 29 41 11 30 21 24 20 13 32 29 17 30 18 24 18 23 22 21 
18 22 30 25 23 23 19 21 18 20 17 29 20 32 20 30 12 34 32 15 
24 28 22 14 24 32 18 22 14 25 36 25 28 21 17 26 12 35 28 17 
23 17 30 40 41 23 18 22 25 26 22 8 22 32 21 14 20 15 18 28 
24 14 38 23 19 26 23 18 19 30 36 28 27 37 20 42 18 39 26 17 
26 20 26 28 23 27 23 15 17 36 19 39 26 29 13 20 19 24 24 32 
18 25 30 30 26 28 25 27 23 30 22 34 21 26 11 23 22 33 36 28 
22 17 33 29 23 16 25 21 16 29 32 41 32 32 26 24 10 24 23 13 
15 27 27 22 25 38 26 26 14 15 34 32 9 28 14 40 16 34 18 18 
22 20 31 33 29 34 27 9 12 18 29 33 22 27 29 16 13 25 11 26 
19 16 34 38 19 23 30 21 16 12 32 20 18 24 18 26 13 33 27 27 
20 24 31 16 20 20 27 20 15 12 20 19 28 24 28 35 25 17 10 24 
26 15 19 13 22 40 26 16 14 16 32 28 24 31 24 24 18 11 19 10 
25 31 36 34 24 28 30 18 13 16 30 15 26 16 19 25 20 19 20 21 
24 23 30 25 20 20 27 21 13 13 22 30 17 29 12 23 6 20 22 23 
17 31 20 34 32 46 26 9 20 24 34 33 41 17 22 33 15 19 28 20 
17 27 17 35 42 13 22 14 23 23 29 25 31 27 23 22 20 33 29 19 
18 14 35 29 23 20 23 20 16 22 24 26 16 20 15 16 25 27 25 10 
24 39 26 21 31 25 26 12 9 20 29 41 32 14 23 9 21 27 29 28 
26 23 39 26 27 35 24 12 23 20 28 26 32 31 17 31 14 24 17 29 
13 37 18 30 15 17 13 18 19 23 13 33 36 28 18 24 13 10 31 15 
25 21 29 33 32 33 20 22 19 24 27 21 9 26 26 25 18 25 21 25 
22 40 26 22 20 23 35 16 13 31 32 28 12 27 14 46 17 40 34 16 
18 25 27 12 22 39 23 20 26 17 23 20 16 30 20 22 5 32 18 9 
21 30 30 22 23 41 26 22 33 32 30 33 28 25 28 19 13 23 32 22 
18 31 44 32 15 29 43 14 18 15 45 29 22 14 13 34 16 34 30 25 
20 13 35 37 20 30 22 22 24 18 43 28 15 41 14 32 22 27 10 32 
19 16 30 18 32 32 18 13 17 23 20 38 30 25 19 24 23 38 24 18 
24 30 25 32 26 22 30 16 17 26 24 36 29 19 26 37 15 28 15 29 
22 18 25 28 20 22 17 19 20 23 24 20 26 31 15 24 15 36 25 17 
22 26 33 22 31 32 26 14 15 25 33 32 28 13 16 31 14 20 19 16 
14 42 35 28 27 24 29 16 24 22 26 27 10 25 30 20 17 25 15 17 
24 36 44 22 21 32 24 18 24 20 28 18 15 19 9 26 21 16 29 29 
10 19 32 28 14 15 24 20 21 18 25 19 33 34 27 34 13 31 18 18 
15 17 21 14 27 29 24 14 28 18 37 39 16 30 11 25 19 31 25 20 
21 29 23 24 13 22 23 14 26 18 34 23 16 27 12 32 21 15 25 19 
22 15 28 19 40 19 21 19 24 26 20 35 21 24 16 22 27 29 30 21 
27 22 29 40 37 28 17 15 23 21 13 26 18 27 25 29 20 32 21 28 
20 37 29 13 20 25 23 21 13 11 31 26 21 21 17 22 13 29 22 17 
18 25 28 17 30 35 20 17 7 25 35 38 37 22 17 28 13 33 13 11 
14 19 41 17 19 28 11 17 22 21 12 27 21 14 21 31 9 19 20 29 
17 22 32 32 14 18 9 20 15 30 40 26 41 22 18 27 18 15 13 10 
19 21 27 22 38 21 31 14 23 29 25 12 21 20 24 28 27 36 15 26 
18 24 39 33 16 36 22 23 23 14 38 34 28 25 30 42 10 32 20 24 
21 16 28 36 22 29 30 22 19 25 50 23 18 23 12 37 26 20 14 20 
17 33 32 31 30 32 30 30 21 11 42 30 25 27 16 11 10 38 24 17 
27 19 31 37 29 30 31 30 21 28 15 24 32 37 20 13 19 21 14 13 
16 28 23 12 30 26 23 17 14 20 22 20 29 29 17 36 25 41 24 23 
23 18 40 14 25 35 24 18 12 21 33 16 22 22 16 24 15 24 25 23 
19 12 32 21 31 29 19 23 20 23 20 28 29 33 28 34 14 33 19 26 
28 28 31 29 23 39 27 21 17 14 23 28 24 24 26 27 20 19 26 27 
18 30 18 23 31 38 33 24 22 28 27 29 16 24 15 35 20 32 24 18 
21 22 37 33 23 25 10 14 13 28 32 23 32 28 28 21 20 15 16 22 
12 26 37 16 24 18 25 25 22 28 45 21 36 38 15 27 14 26 23 16 
20 21 33 36 24 36 21 14 7 30 25 38 22 23 20 33 15 26 25 20 
22 30 32 28 9 27 19 13 15 26 41 38 41 25 14 27 14 43 24 35 
23 23 19 21 26 21 23 14 20 22 20 18 23 38 27 17 20 23 24 12 
17 32 35 15 32 33 29 25 21 17 30 13 32 48 20 19 18 27 27 10 
27 19 10 35 33 35 21 22 19 28 35 28 15 17 23 32 11 20 21 15 
25 16 40 17 29 32 32 17 15 13 48 38 23 36 15 33 16 29 27 25 
23 18 25 30 7 31 9 20 26 23 28 40 14 14 23 30 13 30 13 23 
11 16 28 28 30 28 24 17 19 27 37 34 34 17 17 39 19 17 22 24 
19 27 41 22 23 25 15 24 18 18 22 26 31 36 15 28 17 28 33 22 
14 27 29 37 26 28 34 23 19 21 26 23 18 21 23 32 21 23 11 26 
13 27 39 30 15 30 27 14 17 29 19 27 27 35 16 40 13 34 15 33 
23 22 24 31 26 42 33 9 22 29 26 30 20 31 19 35 16 25 20 29 
27 26 16 14 30 17 23 12 17 15 33 14 22 25 17 30 24 20 15 23 
20 37 18 37 19 36 21 5 15 19 31 28 30 10 17 21 24 20 19 15 
17 35 26 33 20 37 23 15 14 8 26 18 38 17 24 37 9 30 16 21 
11 41 35 22 12 46 27 16 28 19 35 35 19 35 26 28 25 21 23 30 

MachineCapacities:
MachineID Capacity
0 10
1 10
