NumTasks NumMachines NumScenarios
10 2 500
TaskDetails:
TaskID ReleaseTime ResourceConsumption SuccessorsCount Successors...
0 0 5 10 2 1 3 
1 0 7 5 1 2 
2 0 4 5 1 4 
3 0 7 8 0 
4 0 8 5 0 
5 0 4 4 1 8 
6 0 8 6 1 7 
7 0 9 9 1 8 
8 0 5 2 1 9 
9 0 6 2 0 

16 31 34 31 30 16 22 21 22 17 25 35 15 21 29 27 23 19 16 26 
29 21 5 27 45 20 28 27 30 29 17 29 19 20 25 23 9 12 15 17 
27 24 26 26 30 14 22 17 33 30 15 39 10 23 23 19 12 15 24 8 
31 27 29 10 38 14 22 22 29 30 15 24 10 29 27 20 21 26 18 15 
28 23 13 37 25 15 26 19 30 22 7 35 9 10 45 23 13 18 15 21 
18 26 17 28 8 14 26 21 17 21 15 17 22 33 31 30 12 27 12 20 
24 30 24 26 32 16 11 27 20 32 16 27 10 21 35 28 16 24 18 27 
32 33 33 23 18 24 14 15 25 20 18 26 20 36 10 29 13 27 7 23 
23 25 21 31 29 15 16 30 30 25 23 37 11 28 6 34 8 18 13 16 
24 27 23 24 22 14 24 23 23 25 24 13 16 17 24 28 15 13 15 24 
16 23 35 25 34 5 27 24 18 29 20 21 16 30 46 23 16 16 17 23 
30 28 22 20 25 18 21 17 17 27 22 28 20 36 28 26 5 25 12 21 
25 15 25 18 24 17 16 21 25 33 20 15 9 31 36 21 9 15 15 20 
30 17 36 26 29 19 27 30 28 28 20 29 13 16 35 37 15 24 11 20 
31 15 6 24 42 22 19 23 27 26 19 35 19 36 38 16 18 25 12 21 
17 15 28 19 30 25 12 9 28 31 23 23 17 43 40 21 13 22 7 21 
31 28 21 13 32 24 20 20 26 32 12 21 16 33 32 20 18 20 17 14 
33 35 16 21 34 16 22 27 35 19 21 8 14 35 31 25 19 10 17 14 
19 21 16 33 23 8 17 29 21 20 15 30 13 26 30 24 15 10 18 20 
28 26 21 29 38 15 34 19 27 26 13 20 19 28 25 30 19 28 16 20 
27 16 23 13 30 13 21 24 32 28 21 19 18 25 26 30 18 31 16 21 
18 29 28 30 22 15 15 26 17 30 9 31 26 33 33 21 14 21 8 16 
30 21 18 32 41 20 10 22 28 23 21 24 20 25 34 14 17 26 23 20 
36 17 23 33 39 15 22 32 17 20 15 31 29 25 29 19 12 17 13 16 
21 27 20 23 27 17 13 25 13 22 23 32 14 27 30 26 17 17 20 20 
26 19 23 37 18 18 20 22 17 30 18 30 20 37 23 26 13 26 5 21 
29 11 23 28 29 15 25 31 27 30 18 17 20 37 52 18 12 14 14 15 
30 20 20 24 27 11 26 25 18 15 14 10 18 23 23 27 20 21 13 18 
17 20 24 24 9 13 21 24 30 23 15 30 11 10 30 27 16 22 9 10 
15 34 19 27 16 19 18 21 18 32 16 22 10 32 16 33 17 26 16 26 
21 15 26 21 21 18 18 22 25 26 18 28 22 31 24 26 14 20 19 25 
32 22 34 29 22 20 23 33 24 25 12 11 12 38 30 23 15 26 8 25 
37 21 25 21 32 20 5 29 34 29 14 28 14 34 22 28 24 20 14 16 
35 24 20 37 32 11 14 24 25 28 22 37 17 33 24 22 9 26 16 17 
36 11 32 22 28 25 14 25 12 26 14 38 23 52 15 30 22 18 20 12 
29 24 30 36 29 21 19 17 26 8 17 33 17 30 22 22 15 21 19 28 
26 17 29 25 28 27 15 26 23 29 12 20 14 42 19 27 18 6 13 12 
30 26 18 24 27 12 24 31 37 45 20 18 17 28 18 23 20 19 13 13 
28 17 20 27 35 20 13 19 25 26 20 33 18 16 32 28 19 26 21 15 
13 16 29 27 33 23 25 26 30 21 21 25 12 27 36 36 10 19 11 19 
31 16 13 26 34 24 25 17 29 24 17 29 18 21 45 13 11 21 9 14 
29 26 15 7 20 10 24 30 20 17 10 35 11 30 18 16 16 17 19 27 
22 18 27 20 26 10 28 29 24 34 13 19 13 15 20 30 15 21 13 17 
25 18 25 27 29 16 17 15 33 27 23 21 17 37 34 24 14 28 18 21 
25 24 24 22 31 20 27 22 14 17 26 15 5 37 14 31 17 32 16 22 
23 16 18 14 39 22 6 20 28 20 15 15 18 26 20 19 11 9 22 22 
28 33 28 23 31 19 35 28 29 32 2 37 21 39 23 14 18 22 17 29 
28 27 11 11 26 19 24 18 39 24 14 37 21 30 28 12 10 17 15 20 
20 29 19 20 30 17 26 27 19 22 19 24 19 25 22 25 10 16 21 24 
39 22 19 33 41 13 22 29 30 29 22 14 17 20 28 31 10 22 6 20 
36 26 12 25 34 11 15 32 31 26 14 31 13 32 22 34 23 18 17 13 
32 20 23 13 29 18 17 13 24 22 12 31 10 4 35 16 10 19 10 9 
34 14 24 20 22 21 21 27 23 21 21 31 18 25 29 23 22 17 23 27 
35 7 29 23 24 18 14 26 33 29 21 30 18 28 30 26 14 13 22 19 
25 30 21 19 36 15 22 18 30 30 16 30 20 34 24 22 12 30 15 23 
26 34 13 32 15 13 15 19 29 33 19 29 19 15 24 26 10 31 15 15 
26 22 19 18 22 14 13 26 25 19 17 23 21 22 29 13 14 23 14 23 
22 12 29 23 37 13 24 32 31 31 14 21 19 22 25 22 8 23 19 20 
43 22 19 23 37 3 16 25 39 23 26 37 14 40 15 11 19 20 15 12 
34 13 23 20 28 19 20 30 21 22 17 19 15 28 22 25 10 20 11 20 
41 22 21 24 20 16 20 23 23 23 17 30 7 16 37 18 17 18 16 10 
30 17 20 14 37 19 33 26 19 30 19 29 14 29 25 20 15 18 14 16 
12 21 18 25 35 17 21 18 25 41 13 29 15 23 12 26 16 18 20 23 
30 13 24 20 22 16 16 17 32 27 11 16 17 31 14 23 10 19 14 16 
33 32 24 22 31 23 22 32 41 29 14 21 13 8 30 24 16 31 16 21 
38 26 15 39 24 17 24 19 25 31 12 17 21 33 15 19 10 25 15 19 
46 18 19 27 30 18 15 31 31 29 19 27 25 38 25 20 16 23 13 13 
37 15 27 25 47 22 26 23 24 14 13 23 10 29 19 26 6 27 21 20 
18 23 26 31 24 18 23 23 21 22 12 28 30 25 27 23 11 12 17 14 
33 18 28 30 25 16 15 30 15 35 13 21 28 23 30 22 14 20 14 14 
22 34 20 30 41 17 22 27 26 26 14 23 9 31 20 24 19 6 19 20 
27 17 32 24 31 20 25 29 32 27 16 34 18 27 41 19 24 20 21 21 
22 16 9 29 34 12 19 22 23 24 18 22 19 34 38 17 13 14 18 17 
39 28 25 24 38 24 21 19 28 33 20 22 12 32 27 12 19 22 20 14 
20 31 24 25 18 20 15 27 31 22 22 24 9 18 17 21 12 8 16 20 
28 29 22 14 33 18 16 31 36 33 22 26 12 25 24 30 20 10 14 24 
37 28 26 24 28 10 18 30 33 36 18 31 13 24 31 29 16 12 14 12 
27 24 36 23 29 24 24 32 18 20 17 20 23 4 17 20 12 22 13 16 
28 13 22 32 28 10 8 23 38 15 12 24 25 27 20 27 15 15 18 12 
30 23 23 8 29 17 13 17 26 30 19 24 17 39 44 7 18 17 16 30 
19 13 25 21 19 17 22 18 23 38 28 21 10 25 32 19 10 31 16 10 
14 25 17 27 9 9 27 29 42 37 18 45 21 32 21 24 17 16 11 30 
30 34 21 20 24 13 21 22 20 34 20 22 19 25 32 15 14 17 11 26 
29 30 11 35 24 9 17 28 9 40 28 38 10 29 32 33 12 25 12 21 
32 25 27 11 32 15 23 13 24 7 20 33 20 24 33 7 24 22 12 27 
25 26 17 32 29 16 17 17 32 41 21 36 17 20 25 26 13 26 14 16 
32 30 29 27 15 10 31 16 18 34 13 31 20 22 32 19 21 14 9 20 
31 27 17 18 50 17 22 19 17 19 11 18 18 19 22 27 14 24 18 18 
19 23 23 22 25 21 22 21 31 23 18 27 10 27 37 16 13 23 16 19 
31 28 23 20 37 15 26 20 37 16 22 23 17 32 22 25 18 18 10 25 
11 23 20 34 19 20 23 31 33 25 4 24 9 31 18 22 14 31 20 15 
37 23 30 21 31 22 21 32 21 15 20 26 18 42 25 26 14 21 12 22 
33 20 22 31 17 15 13 16 31 34 19 21 8 15 25 27 21 22 17 15 
22 23 12 26 33 12 29 18 23 22 20 12 7 32 34 29 14 17 21 23 
28 27 28 32 43 14 21 31 32 28 19 20 19 15 41 21 12 21 16 28 
24 19 21 33 26 8 26 27 37 25 21 19 18 24 27 29 17 21 14 15 
23 30 13 26 28 11 8 24 33 20 26 14 17 25 16 30 20 24 19 18 
20 25 22 21 18 17 24 17 24 23 20 15 14 31 37 16 13 21 23 16 
34 28 25 19 22 23 22 33 31 32 20 7 16 24 21 34 11 16 18 24 
26 27 25 15 28 17 25 15 26 19 19 30 9 36 9 22 11 23 13 12 
30 27 23 28 34 18 20 15 27 19 16 32 16 15 31 18 18 28 10 28 
28 24 20 26 22 18 27 22 19 27 12 32 10 27 15 12 15 21 10 17 
37 21 19 14 37 14 19 24 21 23 7 18 18 33 32 10 24 20 21 24 
43 33 35 27 34 20 24 20 28 24 25 22 17 16 28 25 15 13 17 14 
25 34 33 28 27 14 21 25 27 20 17 22 20 31 39 24 16 30 15 15 
41 24 11 28 26 18 22 18 26 22 15 24 27 25 25 33 8 22 14 23 
51 18 26 16 17 14 24 18 19 19 19 23 14 29 19 23 11 12 15 19 
25 18 19 16 26 14 11 23 25 20 22 18 14 23 21 23 13 28 16 17 
33 30 23 34 30 28 16 29 18 17 19 21 9 22 30 20 16 21 17 18 
20 27 40 18 29 22 18 16 26 18 18 30 19 28 34 16 20 21 19 18 
19 15 18 25 21 12 17 24 28 28 25 29 16 16 35 25 12 24 10 26 
36 14 21 27 33 15 25 23 24 21 22 31 13 28 19 21 16 21 19 21 
33 32 20 23 25 14 23 26 19 34 16 19 3 25 35 22 14 19 19 21 
23 22 15 25 42 21 18 18 20 28 23 36 11 21 23 25 13 18 11 17 
39 30 14 26 36 22 15 20 27 27 22 29 31 26 8 20 19 28 19 21 
25 20 15 38 36 21 21 23 30 25 8 28 27 21 30 22 14 28 18 19 
39 24 21 21 20 19 21 28 30 18 8 39 13 27 19 18 19 23 13 17 
41 24 19 29 9 18 26 19 12 36 10 36 19 25 24 27 20 26 14 12 
34 26 14 18 34 14 17 23 27 23 18 23 14 34 22 14 15 21 14 23 
13 23 23 32 33 20 33 36 24 25 18 28 29 29 31 20 15 25 16 19 
32 21 10 8 35 13 24 27 28 20 6 29 6 26 35 18 23 21 15 15 
28 27 26 32 26 14 10 25 33 18 24 18 13 34 42 19 9 24 13 11 
42 14 26 16 32 19 16 24 18 27 18 22 14 24 42 21 16 26 11 13 
14 20 31 19 36 15 17 19 20 25 16 15 20 16 39 19 16 16 10 15 
36 26 19 21 38 18 12 28 19 27 14 17 21 29 30 19 12 22 17 23 
43 18 15 25 21 11 13 19 24 26 10 29 28 28 20 26 14 23 16 24 
29 24 27 24 29 14 9 19 28 19 19 24 23 14 25 30 21 28 18 28 
28 24 23 27 7 21 17 26 31 33 17 20 22 26 42 24 21 23 20 13 
50 29 31 28 42 13 23 22 25 27 16 24 13 32 21 29 15 30 17 22 
23 19 28 25 33 22 22 31 31 22 15 16 13 23 28 26 8 21 25 28 
23 32 25 34 22 13 20 35 15 35 14 24 21 13 18 21 13 14 24 14 
39 20 24 22 36 16 19 28 22 23 21 26 19 20 34 27 20 21 22 25 
22 17 15 32 32 15 21 34 22 31 17 33 16 35 26 23 16 10 19 19 
10 22 18 26 25 15 22 20 31 27 24 40 14 26 26 27 10 17 21 15 
33 28 23 33 22 20 32 22 33 43 13 23 10 30 36 29 11 17 24 23 
24 30 25 21 26 8 18 20 21 19 11 26 16 38 4 30 11 29 20 19 
15 25 28 30 28 7 29 18 20 9 20 40 24 34 18 17 17 12 20 17 
43 29 34 18 9 26 5 24 9 26 9 33 17 21 24 25 10 17 17 16 
12 20 22 26 39 19 21 24 21 29 6 26 19 16 34 21 13 17 11 30 
32 19 26 34 30 12 25 29 29 20 11 33 10 21 18 19 19 18 13 23 
23 34 24 20 31 12 23 23 25 28 20 21 24 22 15 36 18 14 13 21 
33 24 19 21 20 10 23 16 28 27 19 13 20 19 32 25 15 16 10 19 
34 24 23 17 24 12 10 24 26 37 11 25 8 22 12 27 15 12 15 9 
29 29 34 23 21 11 13 22 23 18 19 26 22 31 18 29 12 20 10 8 
27 32 28 28 26 18 12 21 36 17 18 26 14 31 33 15 12 30 13 16 
24 27 27 25 29 29 19 23 31 17 21 19 28 27 18 17 14 24 14 15 
32 19 11 21 16 30 17 11 28 32 17 22 11 21 34 29 14 24 12 14 
32 18 16 33 20 23 13 23 20 18 17 23 21 16 20 31 14 26 17 12 
30 27 31 32 8 15 9 25 27 18 13 22 17 30 33 20 16 25 12 7 
41 17 32 11 32 18 18 26 21 31 20 20 18 35 20 19 5 1 16 24 
27 25 14 12 16 2 10 21 23 29 23 16 15 17 25 28 16 20 23 16 
40 27 24 32 41 15 16 19 24 21 24 29 10 26 43 23 17 18 20 16 
39 29 28 32 18 22 22 27 22 29 18 16 24 33 38 28 17 23 17 23 
33 22 26 24 23 9 20 23 16 28 21 34 14 28 28 26 16 21 21 26 
27 21 17 25 18 19 31 22 24 35 22 25 16 27 26 18 22 20 8 25 
42 36 28 27 22 16 13 28 21 24 20 14 21 22 21 15 23 20 10 21 
36 24 26 15 8 17 9 24 27 29 12 18 18 26 25 25 20 29 13 33 
25 15 25 37 29 25 16 26 13 14 14 20 24 24 30 14 15 28 16 21 
35 27 31 22 27 9 14 18 25 25 12 36 14 35 27 17 13 18 10 25 
41 17 21 14 48 25 25 7 29 26 18 10 19 31 24 24 23 27 19 25 
13 27 17 25 31 19 12 16 20 28 14 29 23 28 19 22 17 23 9 12 
39 21 26 24 19 18 22 31 27 26 29 31 19 35 29 23 11 20 24 17 
32 17 28 30 32 17 16 31 33 45 22 33 15 30 38 29 13 29 18 17 
35 20 11 31 22 20 22 16 29 22 23 32 26 27 24 15 21 20 18 14 
20 24 20 22 19 16 15 17 31 29 20 14 22 34 32 33 7 16 11 23 
34 29 24 36 12 19 9 16 30 40 16 26 19 30 31 17 17 20 11 18 
20 21 29 23 41 21 20 26 24 36 21 26 19 34 33 20 20 22 12 13 
36 25 32 19 30 17 24 28 36 17 23 31 23 26 38 21 14 25 7 19 
25 15 30 32 36 24 19 23 27 25 21 36 23 34 23 24 20 19 12 23 
30 26 30 24 31 6 18 22 24 26 16 19 19 26 26 24 17 12 18 19 
21 29 11 17 30 24 22 22 16 18 18 17 19 35 20 30 17 17 20 26 
22 26 20 29 33 13 18 21 29 28 21 38 15 20 38 23 16 19 16 15 
24 23 23 28 22 25 22 22 21 18 16 28 18 18 20 23 10 21 12 22 
34 18 26 21 26 19 27 20 41 37 8 25 8 15 19 26 6 23 14 15 
27 14 19 36 24 22 17 26 28 42 13 25 22 27 34 22 12 22 13 17 
30 22 19 29 35 8 12 29 29 20 20 20 20 44 37 20 9 23 17 9 
24 25 32 21 4 21 14 25 21 32 14 29 32 27 42 25 16 14 25 21 
24 24 21 24 32 20 27 31 38 33 9 27 20 24 16 33 10 32 14 7 
27 17 24 17 22 12 18 23 23 26 23 11 7 22 30 26 15 15 19 13 
7 11 15 7 30 12 14 17 23 23 22 26 12 24 35 26 14 28 12 27 
30 7 17 22 28 26 25 23 43 18 17 28 10 36 24 19 19 20 16 18 
38 25 28 21 38 19 22 14 12 35 27 12 23 23 18 26 13 18 12 18 
13 22 27 19 33 12 22 26 24 26 17 32 22 34 28 19 20 22 18 18 
35 14 13 24 37 19 21 25 22 19 22 29 15 32 36 25 9 17 23 21 
14 27 11 33 22 23 18 18 16 28 22 32 13 20 31 27 17 28 9 15 
27 23 14 18 22 16 21 10 27 26 16 36 19 36 19 24 21 20 17 23 
24 24 23 28 27 21 12 15 27 13 18 32 22 23 20 17 20 27 15 13 
40 23 25 24 34 16 17 22 20 22 11 27 18 13 16 18 5 22 17 24 
28 16 17 23 30 18 10 19 21 27 13 37 14 31 32 24 15 31 14 9 
28 28 19 28 34 19 21 31 29 19 18 25 18 28 27 21 15 9 13 23 
22 23 15 17 27 23 17 27 38 29 13 27 15 17 32 23 15 23 17 12 
45 22 13 23 35 24 21 31 7 40 20 36 23 30 25 35 18 18 12 15 
15 29 17 20 19 17 12 19 31 33 18 18 15 28 28 29 13 24 8 9 
20 8 24 22 39 13 13 27 25 23 17 8 24 32 24 28 13 18 17 14 
20 23 35 14 33 13 21 21 26 31 19 21 20 37 29 24 14 17 13 17 
21 28 22 24 21 21 19 17 23 23 24 36 16 30 33 21 22 21 16 19 
30 24 28 20 35 14 17 16 30 23 14 36 24 24 35 21 17 25 12 11 
27 23 23 30 38 21 19 23 32 24 18 21 17 28 32 26 12 30 16 21 
22 25 36 46 13 14 12 26 24 36 13 21 10 21 33 15 13 24 15 25 
23 16 12 19 25 21 17 19 28 37 21 26 27 33 35 22 16 17 8 18 
15 18 30 28 24 23 30 22 30 17 16 31 24 23 21 22 12 22 25 17 
31 31 18 23 37 16 14 18 4 35 16 32 17 22 28 40 24 25 21 22 
39 23 22 13 32 17 7 13 23 31 12 13 8 21 36 25 13 20 19 12 
24 26 17 21 45 11 21 25 24 26 24 27 21 33 37 15 11 16 14 23 
28 24 18 29 42 20 23 20 21 36 6 23 31 24 36 31 7 28 11 18 
25 25 26 19 29 18 19 26 18 33 22 39 18 33 27 22 20 11 20 19 
21 19 17 19 31 14 18 21 24 42 22 37 21 26 15 21 17 16 27 14 
38 26 26 31 28 21 35 30 26 28 19 35 16 28 24 14 17 21 17 22 
38 15 21 20 30 15 12 30 33 21 18 25 30 30 32 19 15 13 20 17 
31 17 24 26 33 8 16 19 30 33 18 29 29 23 28 28 16 14 12 24 
20 20 12 27 36 19 18 19 32 22 11 23 8 27 40 27 13 21 14 21 
37 25 16 20 33 17 25 18 31 24 20 17 8 28 27 38 20 23 9 16 
36 25 24 21 29 21 22 19 29 35 21 33 7 22 31 17 12 6 20 14 
35 30 30 25 35 12 17 28 19 38 15 25 19 18 33 22 24 18 22 17 
31 26 15 18 37 18 19 29 26 32 15 26 19 32 22 32 19 30 15 8 
36 24 29 23 33 17 19 18 22 14 20 21 6 40 21 19 23 27 20 19 
27 26 33 35 33 10 17 16 34 28 16 32 9 44 43 37 17 18 15 14 
37 19 25 29 24 11 23 26 22 15 19 30 25 36 31 21 17 29 16 16 
35 30 28 28 40 22 13 21 35 26 13 24 21 19 25 14 20 26 11 19 
28 17 16 17 25 17 12 21 35 34 20 26 15 25 36 30 15 22 22 13 
23 24 28 39 23 10 21 16 19 22 21 29 14 27 35 25 10 22 13 25 
27 22 20 26 42 16 23 16 37 28 9 18 15 27 21 26 11 24 17 16 
28 22 18 32 26 9 16 23 25 19 21 25 6 18 30 24 14 23 13 17 
32 21 14 26 33 18 24 27 31 33 14 14 8 37 10 11 13 16 21 27 
39 15 12 19 21 17 24 16 32 29 14 33 32 29 23 18 16 18 16 18 
24 22 19 31 28 14 21 26 24 25 17 23 22 25 21 19 14 18 15 12 
13 24 20 29 21 21 26 38 28 34 15 26 15 29 35 18 14 20 17 22 
30 23 36 25 40 11 21 18 22 27 19 23 20 28 26 27 9 14 15 23 
26 22 17 33 31 21 26 26 24 7 11 30 15 39 15 27 23 19 19 14 
32 27 23 18 43 18 22 22 29 26 15 26 27 23 44 31 6 31 13 25 
44 29 18 33 18 24 24 13 20 16 13 22 30 31 25 32 24 24 15 9 
20 29 21 24 36 20 23 28 24 24 15 25 16 30 14 14 11 20 8 20 
36 21 20 21 41 15 20 26 27 27 17 19 25 35 14 24 10 21 18 22 
37 39 17 32 41 15 27 21 30 30 23 23 17 26 36 23 11 30 16 18 
37 23 18 23 20 23 10 24 14 20 16 27 9 24 25 19 12 28 10 22 
9 21 18 38 31 9 13 26 31 20 19 30 14 27 28 23 11 33 11 30 
22 25 22 24 35 17 16 19 15 28 24 30 6 12 29 28 20 17 10 16 
33 21 22 28 36 27 24 31 30 27 13 26 20 16 25 33 21 27 12 16 
19 18 22 19 39 20 19 17 16 31 8 22 19 21 21 20 16 15 13 9 
36 28 18 10 50 11 9 19 25 19 4 29 19 23 28 30 14 23 15 20 
26 22 11 18 24 10 17 17 24 34 13 31 19 34 32 27 14 22 22 15 
23 20 19 29 21 19 24 20 24 32 13 32 30 6 15 21 16 21 18 12 
37 25 22 20 25 18 13 24 29 34 19 32 14 22 32 15 18 13 16 12 
33 19 22 23 25 19 20 29 19 29 13 36 12 32 24 24 10 17 21 16 
46 26 20 22 22 25 10 34 13 27 16 28 20 13 32 18 20 13 14 17 
40 21 33 17 34 17 16 23 37 45 18 6 22 29 35 29 12 17 12 9 
27 24 22 18 12 19 19 17 38 20 9 21 24 19 28 17 20 25 21 20 
29 16 16 31 20 14 27 25 21 17 18 24 10 22 41 23 17 23 22 14 
24 19 23 21 34 20 18 19 22 23 21 14 20 43 13 10 16 6 23 21 
27 21 11 27 25 18 20 37 23 34 18 16 12 27 27 14 18 34 13 17 
21 24 36 16 17 12 17 27 28 20 20 28 19 33 17 12 12 16 18 22 
28 28 37 30 32 17 18 28 16 22 18 21 16 23 31 37 19 25 16 16 
44 22 9 19 35 11 15 18 23 28 3 35 7 20 15 25 14 26 10 18 
41 14 5 38 34 18 15 22 16 29 22 29 12 16 24 17 15 22 10 14 
36 16 23 21 32 15 13 15 30 37 12 18 15 28 31 19 15 25 18 17 
30 21 16 20 41 23 25 32 31 32 13 41 21 33 23 33 11 31 16 16 
38 31 17 33 23 13 18 18 27 24 18 41 19 23 20 19 14 29 16 26 
34 21 19 33 36 18 11 26 15 31 14 32 7 25 37 28 11 24 15 21 
37 17 29 28 30 14 13 29 17 19 16 19 20 23 26 22 11 21 16 16 
25 21 26 21 32 26 19 25 25 20 14 18 27 24 18 20 16 29 15 21 
32 24 24 10 35 16 21 28 17 33 21 24 2 33 37 28 17 30 14 24 
33 24 27 40 24 17 24 20 20 22 17 23 16 36 34 27 17 16 12 9 
14 34 17 27 21 18 16 26 12 29 13 21 13 22 25 16 8 8 15 18 
34 12 23 24 34 28 16 26 24 17 16 32 16 23 28 26 18 25 10 20 
24 11 23 28 33 23 26 24 37 31 15 29 20 30 35 13 20 9 17 19 
34 21 23 18 30 11 26 22 16 26 24 33 17 27 32 23 17 33 18 22 
35 29 16 20 38 13 16 19 37 31 27 29 19 39 14 25 14 30 22 22 
22 18 25 37 40 12 21 16 27 19 11 35 19 35 31 4 17 24 8 9 
24 14 22 27 36 21 27 31 22 36 10 29 24 29 20 25 15 23 20 21 
32 17 12 24 32 12 23 28 27 13 26 26 9 15 37 33 17 16 13 16 
24 36 22 14 10 28 8 30 39 7 24 14 13 32 24 20 16 17 15 21 
12 18 19 20 35 30 19 26 12 32 8 41 19 31 29 30 18 27 17 21 
39 19 12 21 30 22 27 14 19 27 18 16 19 27 21 16 12 17 25 29 
30 27 31 25 30 12 22 26 24 19 17 13 16 41 22 17 17 15 14 24 
25 16 36 21 35 22 6 27 27 29 13 34 24 17 27 28 19 25 15 25 
21 29 24 34 29 27 24 24 26 31 21 30 16 17 27 23 16 19 16 19 
19 34 24 25 37 4 18 35 32 34 17 28 12 18 30 20 13 24 18 21 
28 17 23 11 19 8 23 12 46 38 13 25 17 16 28 26 11 30 12 20 
27 22 28 17 15 18 10 28 28 20 15 23 15 10 37 23 11 31 19 17 
32 26 21 23 37 18 17 28 30 29 17 26 24 33 16 20 12 18 12 16 
41 22 30 20 29 19 10 28 21 22 24 19 19 22 31 18 17 28 13 21 
35 26 32 23 26 14 14 31 19 32 24 24 18 20 26 14 13 17 15 11 
17 16 27 11 27 16 21 22 27 34 15 26 20 31 24 26 8 22 19 19 
28 30 25 16 35 19 11 25 15 18 23 25 23 22 28 17 13 25 12 21 
30 21 19 7 36 14 24 24 23 31 16 32 17 44 42 27 14 18 17 23 
21 19 26 37 27 6 21 29 19 19 13 21 15 30 21 17 16 20 19 12 
40 31 26 25 29 17 18 30 26 27 15 32 18 33 31 22 19 20 17 25 
24 12 11 22 35 12 15 28 21 18 15 21 21 20 27 21 19 20 16 19 
23 23 16 30 44 17 14 21 15 27 18 23 6 30 21 18 20 22 14 23 
35 32 30 16 13 11 19 26 34 30 21 26 23 14 31 23 16 19 18 18 
30 23 21 23 35 21 25 21 20 31 16 23 15 33 39 21 10 22 14 21 
39 11 10 29 25 18 16 34 40 21 19 33 10 31 27 18 16 30 18 20 
15 28 19 31 33 21 9 32 29 27 17 26 19 31 34 20 19 14 11 27 
31 27 21 29 20 13 17 22 17 22 20 20 21 37 27 26 15 17 16 26 
21 26 27 30 25 8 15 18 20 26 19 31 22 23 22 24 16 8 17 19 
30 23 33 25 27 25 20 26 21 17 21 24 12 38 33 23 17 16 17 21 
34 24 32 23 33 13 19 27 30 24 16 25 22 19 27 18 19 21 13 17 
18 18 24 22 33 10 18 22 34 39 8 15 11 26 31 28 12 15 22 19 
32 37 23 38 17 10 15 21 19 27 21 26 20 40 27 22 19 25 9 22 
27 14 19 23 22 16 14 17 18 30 19 36 10 26 40 39 12 19 17 14 
29 25 42 21 27 22 22 24 35 34 11 33 22 50 17 16 18 16 22 19 
29 26 25 31 27 18 18 20 15 28 19 21 20 39 33 19 12 20 17 22 
30 30 16 19 34 9 20 15 30 37 14 30 18 37 32 29 20 16 15 14 
45 23 33 20 26 17 11 16 19 31 25 22 8 28 26 30 15 25 21 16 
36 10 21 16 26 15 21 20 26 25 14 38 27 26 15 27 15 13 20 10 
34 24 27 22 19 13 15 20 5 28 18 24 21 24 34 19 14 23 15 17 
40 23 26 18 28 17 19 24 30 27 14 35 12 33 29 17 19 11 20 14 
29 23 21 25 32 25 31 29 20 32 14 25 21 27 10 20 12 17 14 16 
38 34 25 20 28 13 21 24 27 25 19 28 18 31 25 25 4 25 12 16 
38 17 23 19 22 24 16 23 28 25 17 28 20 37 23 26 14 35 17 16 
28 23 34 31 24 14 20 31 26 17 14 21 11 26 29 24 7 27 20 23 
26 28 21 22 14 21 15 23 26 41 18 24 13 21 13 33 19 8 18 22 
40 20 18 18 20 9 22 31 25 18 15 27 16 18 28 26 12 16 18 24 
21 26 28 18 25 24 22 22 24 21 24 26 15 30 24 24 21 22 17 23 
38 11 23 18 37 27 14 36 15 15 11 36 6 22 32 20 12 28 16 8 
31 15 23 20 13 20 24 33 25 36 9 31 17 16 22 17 12 25 12 15 
35 23 32 23 47 14 17 22 32 21 17 31 12 35 10 24 11 19 17 23 
13 21 23 17 20 10 18 20 31 22 13 24 24 35 24 25 23 29 15 15 
27 25 18 24 17 17 30 13 31 31 17 40 8 26 24 16 14 18 21 8 
26 13 23 15 26 15 24 25 35 26 18 28 22 25 23 33 12 11 23 17 
36 28 23 23 20 14 23 20 15 16 14 40 25 42 17 24 8 21 19 15 
26 24 17 18 33 18 20 18 19 11 17 31 21 26 43 21 16 22 13 18 
17 21 24 30 33 15 20 22 30 42 16 34 19 34 37 28 16 24 15 16 
41 20 24 27 50 21 30 33 39 16 6 24 13 20 31 21 16 22 5 18 
33 18 26 18 40 18 21 19 22 23 20 33 21 29 23 18 25 23 19 15 
33 24 13 22 26 22 20 22 14 39 9 22 16 27 22 11 13 18 18 20 
24 26 16 40 17 9 22 8 26 32 17 34 18 28 35 20 16 24 12 24 
21 33 18 14 15 7 32 26 13 37 17 30 19 32 16 22 18 20 21 12 
41 25 37 25 38 20 17 16 20 16 10 34 19 33 22 28 8 23 18 19 
23 28 24 30 34 11 22 18 26 17 18 38 17 31 26 31 21 32 13 19 
28 19 31 29 30 15 17 22 32 28 15 24 26 31 15 27 23 16 21 17 
21 18 21 23 43 7 16 21 26 29 19 30 24 26 17 20 8 28 12 28 
29 20 21 39 38 18 21 25 34 35 26 27 14 25 8 29 17 20 15 15 
25 27 19 26 30 25 22 27 29 25 11 27 21 29 19 24 12 25 15 16 
31 35 18 17 31 16 16 22 32 35 18 31 17 14 24 12 15 23 12 22 
26 24 21 10 33 17 18 19 28 18 17 21 17 25 20 30 10 23 7 20 
21 22 22 36 30 21 21 25 29 24 17 41 19 18 15 23 15 16 17 15 
35 27 9 26 41 21 28 29 27 28 12 28 21 19 28 19 12 21 22 17 
31 32 23 31 34 8 27 34 34 36 28 17 19 25 25 35 26 15 11 17 
33 16 28 30 22 16 25 22 15 42 12 21 20 16 6 13 16 25 13 27 
33 19 31 17 29 15 17 25 19 24 19 26 1 20 29 15 23 23 14 25 
33 23 23 29 25 17 20 12 13 24 11 27 26 28 18 26 19 12 14 17 
19 34 18 17 35 18 13 31 21 35 15 15 12 30 26 19 17 20 13 9 
29 21 13 22 33 10 34 23 13 22 10 31 20 19 29 29 15 30 10 25 
19 27 17 26 33 20 21 28 25 22 23 23 22 24 32 27 17 33 16 15 
30 23 17 29 18 13 20 29 26 30 16 38 19 32 39 19 20 20 16 20 
29 36 22 22 23 11 23 28 26 25 16 28 21 31 28 31 19 18 21 24 
29 24 21 28 23 12 15 23 15 17 19 26 20 35 37 21 16 22 12 15 
25 32 25 20 28 12 13 3 36 32 15 20 24 13 21 12 14 24 18 26 
26 18 19 23 33 16 23 18 15 13 17 33 17 39 32 20 11 18 13 18 
28 21 33 25 40 13 22 19 29 29 21 27 22 35 17 17 19 10 19 20 
31 22 33 31 32 13 27 24 36 22 16 34 10 34 27 25 14 17 23 14 
39 30 16 30 38 19 23 23 26 27 8 28 22 9 25 23 20 21 18 11 
30 18 27 29 26 9 15 23 17 31 7 38 22 28 28 19 12 15 17 18 
28 18 23 21 20 16 5 32 26 18 12 32 13 25 43 17 15 22 14 7 
19 17 20 17 35 21 11 20 24 17 19 23 24 29 16 22 17 18 10 16 
30 18 17 20 32 13 17 22 16 41 14 24 18 23 26 23 12 15 11 22 
32 23 22 23 35 14 20 25 19 32 14 27 20 14 21 24 14 23 17 25 
29 28 23 31 29 25 23 20 30 25 21 13 16 25 33 28 10 28 14 13 
28 23 27 33 12 9 14 23 29 24 8 14 15 31 20 20 16 30 18 27 
35 31 23 22 17 7 17 25 26 31 14 25 17 30 36 29 12 30 25 20 
21 18 25 31 37 20 15 26 36 22 14 32 14 27 24 24 23 20 22 19 
21 27 28 19 35 15 13 27 14 30 26 27 11 18 35 10 11 23 15 22 
40 17 19 28 40 15 21 17 24 32 8 30 15 39 30 32 15 18 21 11 
29 18 18 13 39 17 16 31 26 15 18 17 15 5 30 25 13 21 26 24 
30 29 23 25 34 14 29 35 10 28 18 41 12 31 37 27 21 21 15 15 
19 20 18 22 44 12 22 22 17 30 15 23 12 27 20 22 12 12 9 14 
32 14 29 21 35 27 27 15 18 16 35 14 22 40 29 20 14 18 16 20 
31 29 14 36 25 16 16 22 24 8 12 19 23 29 40 25 14 12 19 17 
39 16 20 13 27 15 14 25 30 28 10 9 26 38 29 16 11 29 13 23 
29 25 20 35 43 23 26 27 29 25 16 24 22 25 25 27 14 16 18 16 
35 23 29 19 19 10 16 17 27 19 16 31 18 24 23 28 22 30 11 26 
36 21 16 26 30 22 23 22 25 26 22 34 25 45 33 16 15 28 10 18 
29 24 23 19 22 17 12 31 15 20 8 14 25 12 25 22 10 13 24 12 
26 16 22 24 41 14 24 28 41 42 21 16 11 29 23 16 9 29 16 22 
21 34 28 16 27 12 16 26 21 33 14 13 16 19 22 22 13 21 15 22 
21 14 29 19 22 17 15 32 27 26 19 13 18 18 33 24 17 20 11 16 
18 25 25 31 37 18 17 14 21 18 21 25 13 35 17 25 16 20 13 21 
37 12 27 44 27 16 25 23 28 35 18 31 15 39 24 33 13 10 14 23 
34 33 15 19 19 16 15 16 17 28 18 29 16 21 23 16 18 14 21 11 
26 21 12 23 20 9 21 11 21 32 19 15 23 17 34 31 13 21 9 12 
30 23 20 24 20 18 31 32 14 30 30 32 21 23 31 15 15 25 24 21 
32 18 25 26 33 13 22 23 29 35 24 35 13 28 38 19 15 17 11 15 
26 30 15 29 26 14 25 25 33 42 17 16 15 32 29 27 23 28 19 16 
18 30 24 21 26 2 14 15 27 28 17 27 17 30 24 19 18 20 18 16 
31 18 32 28 17 9 35 18 12 33 21 21 25 24 15 33 15 27 16 18 
30 19 26 36 44 16 11 8 28 18 29 17 19 23 21 19 10 21 13 17 
28 23 27 31 27 17 9 24 28 22 26 34 15 27 26 30 15 11 14 26 
41 19 33 15 32 17 22 36 31 35 24 22 12 34 19 15 12 22 9 20 
39 15 27 28 32 25 16 19 24 27 18 29 20 35 35 28 13 12 18 15 
41 21 21 17 22 10 15 25 20 15 17 30 19 36 26 24 13 25 14 18 
31 25 25 27 21 20 29 23 29 30 23 29 11 40 35 24 19 23 13 20 
35 14 29 16 18 25 23 19 35 23 12 25 24 34 30 13 10 23 11 15 
40 24 24 32 28 34 13 24 27 38 13 31 14 26 9 38 18 22 16 19 
29 19 18 11 32 14 28 13 35 24 22 15 17 27 26 15 25 23 15 19 
47 22 17 29 34 18 24 21 38 30 10 26 17 36 20 28 15 20 19 24 
47 35 14 22 30 16 8 13 35 27 25 27 14 34 37 25 16 15 21 20 
29 15 10 14 38 16 23 18 15 34 18 28 15 40 21 31 9 29 16 15 
41 25 26 26 31 21 13 25 29 28 11 11 5 30 31 24 12 11 13 16 
31 21 13 19 30 18 14 26 27 24 26 23 14 22 25 30 14 17 22 15 
47 10 15 22 36 21 15 31 36 23 14 15 15 43 25 21 13 11 9 18 
33 15 26 25 29 17 18 24 15 31 13 43 22 34 38 14 19 32 14 25 
26 26 22 26 25 21 20 22 21 24 20 19 13 27 21 32 16 18 13 19 
32 18 20 21 50 19 24 22 11 23 9 39 12 26 24 26 22 21 16 21 
47 34 26 18 22 27 22 20 32 44 16 18 25 26 41 26 16 21 20 24 
41 14 26 26 31 19 29 34 23 27 13 25 17 27 21 23 12 27 18 18 
32 21 20 24 25 18 23 21 35 28 19 33 10 37 23 30 16 20 24 13 
30 32 27 33 11 9 25 25 29 32 17 31 17 24 15 25 15 13 17 12 
35 31 18 33 28 13 20 22 17 3 14 22 22 36 19 11 11 15 23 23 
23 26 28 14 32 18 19 20 23 26 13 21 23 36 19 36 15 15 15 13 
28 17 18 15 33 21 25 28 20 35 15 36 15 33 33 29 20 24 19 12 
29 28 22 28 22 16 26 21 25 21 8 25 19 21 25 17 10 18 10 17 
19 24 26 32 31 19 15 30 38 41 28 21 20 35 13 21 18 18 16 15 
28 17 29 34 20 19 28 19 22 27 13 18 17 38 38 26 18 21 18 17 
24 24 21 27 23 26 14 20 19 29 26 35 19 22 29 16 8 17 19 17 
37 30 34 22 29 18 23 25 32 27 11 38 19 13 39 16 8 17 12 19 
34 26 15 30 40 20 23 23 30 7 23 22 12 24 29 22 17 29 8 21 
32 19 26 18 37 20 16 20 23 31 15 25 21 32 34 9 13 14 27 28 
23 29 23 15 36 20 27 21 22 21 10 16 22 19 23 27 17 28 11 25 
14 18 19 18 12 24 31 28 29 20 14 19 23 16 15 18 15 23 17 23 
38 27 21 31 28 15 17 25 27 40 23 33 13 28 24 18 12 23 11 20 
29 28 16 14 33 18 13 17 24 26 17 28 24 18 19 23 17 15 10 28 
41 25 13 28 30 18 15 28 23 19 19 29 23 33 25 13 6 23 18 18 
16 25 13 27 35 19 23 20 23 21 20 37 11 39 31 27 14 16 16 17 
29 22 36 36 19 19 13 30 18 11 8 17 13 31 17 25 18 9 17 12 
29 12 25 24 39 5 21 22 27 25 18 24 5 20 15 32 11 16 11 19 
41 19 23 27 29 19 17 27 23 27 15 23 23 30 32 37 5 17 17 24 
22 25 24 26 23 17 8 24 13 24 13 18 18 14 25 33 10 23 14 22 
32 30 23 21 23 24 11 18 15 31 19 23 19 28 29 25 14 11 13 21 
32 31 18 29 29 12 23 30 7 30 22 24 18 13 21 25 10 26 19 18 
18 27 25 16 32 16 10 30 35 26 24 41 9 35 32 27 17 29 7 27 
33 20 19 28 18 10 31 27 14 26 21 23 24 23 35 25 19 25 23 15 
31 12 13 32 25 12 13 28 31 36 21 23 11 25 14 20 20 18 15 18 
33 22 17 40 37 16 12 25 31 23 22 26 24 31 16 28 14 26 13 25 
16 26 23 27 15 14 22 22 22 30 14 32 19 42 14 19 14 14 15 15 
28 30 25 22 37 18 13 17 24 23 14 25 18 35 32 22 9 24 16 16 
30 11 20 9 26 23 19 14 32 21 18 23 20 15 25 14 13 20 15 14 
30 24 22 8 25 11 10 29 23 20 21 28 21 12 29 17 18 29 7 24 
40 24 28 22 29 16 17 22 21 28 17 30 19 25 36 23 11 23 16 26 
40 20 12 22 28 17 27 28 25 29 19 32 18 26 44 24 18 16 23 17 
26 14 19 24 39 21 22 32 31 39 14 43 16 31 30 19 16 19 15 21 
31 24 17 29 35 15 19 33 16 37 18 26 19 21 24 21 19 14 17 11 
36 37 20 11 19 27 25 14 49 27 27 36 19 27 19 20 17 8 19 29 
43 13 13 29 24 15 12 27 29 28 14 26 21 31 12 26 13 23 10 25 
31 20 24 13 38 20 12 25 26 15 14 21 21 34 32 33 19 16 11 19 
24 16 21 26 19 13 25 26 28 20 10 20 21 31 27 25 16 18 17 21 
25 33 7 32 21 25 18 16 34 46 14 18 22 39 26 26 12 23 19 22 
27 23 12 21 36 8 18 35 24 22 21 27 22 23 23 10 19 24 15 20 
24 12 20 18 32 19 25 23 20 34 14 34 17 39 22 16 12 27 16 20 
33 15 12 23 32 11 18 24 28 35 16 20 17 28 24 29 15 15 18 21 
25 20 22 20 33 22 30 8 34 28 16 36 16 23 29 14 17 23 20 16 
27 25 12 23 32 18 14 16 26 44 16 28 16 24 20 15 16 18 9 24 
26 18 27 30 32 20 19 40 27 18 18 20 20 28 17 22 20 28 13 16 
29 24 21 16 15 12 34 13 22 45 14 24 8 34 20 16 16 15 16 10 
31 31 25 25 22 16 20 23 19 32 16 13 27 25 16 11 12 27 18 18 
31 16 21 26 15 12 15 17 35 25 10 17 13 38 30 23 15 30 17 17 
32 29 21 12 22 18 12 34 30 24 15 25 9 26 32 26 18 22 13 23 
17 18 19 25 30 19 20 18 31 34 8 27 18 4 43 34 18 24 12 21 
27 26 13 30 37 17 33 23 34 10 18 27 15 35 36 29 18 26 7 20 
25 31 11 27 28 14 26 16 30 30 21 23 12 38 23 12 13 24 19 12 
34 14 16 17 38 16 22 19 29 13 10 17 18 19 31 24 14 19 14 14 
42 25 26 20 36 16 17 37 26 25 16 41 18 42 24 26 17 19 15 16 
25 23 33 42 22 17 30 32 33 30 19 28 20 36 26 22 8 28 20 20 
33 16 15 20 38 15 26 18 29 24 12 16 22 33 31 15 17 17 13 21 
36 19 23 22 29 9 22 15 20 30 27 14 10 37 26 25 13 23 18 25 
26 20 18 21 40 18 16 24 20 26 12 26 21 30 34 12 16 22 18 15 
24 26 33 28 34 20 15 17 5 21 22 30 12 29 10 27 4 17 17 21 
28 21 21 27 39 14 23 24 24 19 10 21 11 32 23 31 15 18 16 20 
37 10 31 28 50 20 18 41 46 28 10 28 12 34 15 16 11 12 15 13 
26 26 26 36 38 27 28 31 33 34 16 36 24 26 17 14 10 13 14 16 
15 31 21 24 19 29 22 31 11 32 21 37 17 31 23 20 9 24 17 12 
21 23 28 37 33 25 22 24 18 26 22 18 21 19 19 16 13 27 16 17 
20 40 30 24 32 26 14 17 25 33 16 30 22 25 31 21 7 23 21 13 
17 25 33 25 29 20 26 26 30 22 25 25 14 24 22 24 18 21 21 19 
28 24 13 18 12 20 18 18 21 17 21 34 24 18 35 14 11 24 12 13 
42 23 28 38 14 21 18 34 28 31 20 31 14 19 32 31 18 16 10 23 
15 26 27 21 35 17 24 23 29 29 19 27 21 22 24 14 20 21 13 27 
45 21 13 25 20 11 18 31 22 17 22 26 18 18 22 10 22 15 13 16 
38 29 21 21 18 22 12 39 34 35 24 23 30 23 11 26 16 16 13 16 
30 27 15 36 41 12 27 23 17 32 14 31 14 24 27 20 11 18 10 19 
19 14 15 18 44 17 18 12 27 19 15 18 14 21 21 22 8 17 15 22 
34 11 30 14 23 25 25 35 18 28 21 31 20 32 40 26 18 26 21 19 
30 23 21 14 25 19 22 15 30 25 16 36 27 13 39 22 17 20 16 14 
33 18 20 34 16 15 29 28 12 31 18 28 27 26 25 25 13 9 23 19 
35 18 25 21 27 17 24 28 18 24 14 31 14 22 23 20 17 18 11 20 
19 25 27 26 15 17 17 25 19 18 22 31 17 24 30 23 15 18 10 18 
43 13 29 22 35 19 21 19 20 19 17 24 21 22 23 20 14 25 16 28 
23 19 19 28 24 21 17 18 30 27 16 29 15 29 11 21 19 21 21 29 
16 18 21 26 42 15 12 33 25 16 7 41 12 21 22 19 9 21 19 19 
21 21 32 32 8 19 14 15 34 29 13 25 29 25 16 17 15 36 15 26 
33 28 29 24 23 16 11 17 25 20 23 20 13 19 20 16 14 31 10 17 
28 30 19 22 21 14 20 15 21 25 22 31 22 23 30 23 18 15 15 15 
10 27 32 35 29 15 26 27 26 30 10 20 17 32 34 18 14 23 14 23 
21 18 25 13 24 7 13 18 27 20 14 24 21 18 26 29 17 24 17 21 
26 11 33 22 16 3 33 16 23 32 19 24 24 37 25 28 15 22 11 22 
36 32 17 18 39 16 21 19 15 27 15 31 13 23 17 23 15 20 18 19 
33 17 26 18 27 19 25 22 32 25 11 28 16 44 19 32 14 24 19 18 
32 25 21 26 36 16 13 25 25 32 20 13 15 34 9 20 14 26 15 16 
24 15 3 27 22 29 22 36 4 21 13 31 18 36 27 19 22 21 18 21 
28 27 15 29 31 11 32 25 26 33 12 24 15 30 22 22 21 14 16 26 

MachineCapacities:
MachineID Capacity
0 10
1 10
