NumTasks NumMachines NumScenarios
10 4 50
TaskDetails:
TaskID ReleaseTime ResourceConsumption SuccessorsCount Successors...
0 0 4 2 1 3 1 4 
1 0 4 9 7 2 1 4 
2 0 1 4 2 10 1 4 
3 0 2 5 3 5 0 
4 0 7 9 7 8 0 
5 0 5 3 6 8 0 
6 0 2 7 4 10 2 8 9 
7 0 5 7 6 7 0 
8 0 3 3 9 4 0 
9 0 1 2 7 2 0 

35 26 13 20 34 30 24 4 26 15 32 21 21 22 23 13 14 27 28 20 35 33 7 33 8 20 25 15 10 9 10 11 22 14 17 15 19 30 14 11 
27 15 8 21 32 48 19 10 15 18 30 24 32 33 31 26 23 34 15 19 35 31 6 12 11 16 27 11 17 15 19 23 27 9 11 27 13 28 24 15 
28 31 12 15 35 30 19 10 30 9 40 15 23 21 22 31 16 20 18 21 19 21 10 13 19 29 20 8 27 8 11 21 28 15 25 25 12 38 18 15 
39 28 13 8 33 30 19 8 20 9 38 20 29 31 43 23 8 37 26 22 16 20 9 41 12 16 32 10 29 10 8 20 30 13 19 33 14 31 16 11 
26 24 11 8 32 22 19 10 24 27 27 20 16 30 35 21 18 22 34 18 19 22 15 23 13 21 27 14 27 10 13 20 24 11 12 13 9 32 23 13 
35 54 15 10 21 27 22 16 6 20 43 7 26 28 28 16 14 37 22 14 26 24 6 29 11 8 36 13 25 11 12 12 37 11 18 39 15 31 14 14 
37 22 12 9 37 34 37 13 20 13 35 19 19 23 52 29 15 45 35 19 16 20 12 11 16 25 36 15 21 6 9 18 36 6 17 19 14 17 19 13 
31 31 13 19 10 35 26 12 34 20 29 26 23 30 29 33 17 31 28 13 18 30 14 27 13 23 19 8 26 9 9 14 42 12 14 32 11 5 9 14 
14 34 12 13 40 32 15 9 12 27 31 15 17 30 34 28 10 27 24 8 24 23 5 31 14 22 22 10 15 9 12 31 22 13 20 34 9 15 16 16 
28 27 12 12 31 21 19 8 17 22 43 17 26 16 34 18 21 29 27 27 23 29 1 20 10 21 32 14 16 6 8 26 22 9 20 24 11 15 14 20 
22 42 6 7 26 29 25 5 28 22 23 19 36 33 27 21 14 30 43 11 19 29 12 28 7 17 17 16 24 9 13 24 29 12 21 28 11 27 10 13 
35 23 6 10 22 15 20 5 12 24 31 22 24 17 23 14 9 30 47 21 22 17 3 22 14 22 39 15 35 9 9 24 36 13 6 40 10 15 17 14 
34 36 15 6 18 30 23 5 22 26 29 18 30 40 17 31 11 34 38 13 12 16 9 26 11 22 29 12 16 9 14 14 26 15 24 15 16 20 16 19 
17 32 12 12 32 38 24 13 21 18 33 19 24 23 28 25 15 23 41 26 18 30 10 6 11 14 12 8 23 11 13 25 36 11 23 19 10 32 21 10 
31 36 13 18 24 24 27 12 24 28 37 21 29 24 32 22 17 32 31 25 19 9 6 35 11 29 33 14 26 11 9 21 30 14 16 22 9 28 24 12 
22 17 12 20 37 38 18 16 29 13 28 16 30 24 32 22 15 25 47 18 21 45 13 24 15 25 24 10 18 10 16 20 39 8 15 29 10 31 17 22 
21 37 15 14 38 40 29 11 24 21 42 23 26 26 29 20 22 30 51 23 16 24 10 26 10 21 37 9 30 9 17 16 41 17 14 26 10 29 8 22 
25 36 10 15 23 33 23 12 15 13 40 22 24 27 30 24 15 28 19 23 12 22 6 21 18 19 30 11 22 11 18 10 38 11 20 22 9 24 23 19 
23 18 11 13 26 25 29 10 16 20 22 21 11 7 5 31 18 36 35 25 16 20 10 17 10 21 30 9 27 9 16 22 26 9 21 31 15 32 15 13 
26 31 3 17 34 33 26 14 23 22 28 19 23 18 21 28 12 30 43 20 15 15 6 30 14 24 37 16 34 12 19 26 28 11 17 22 15 19 21 17 
22 41 10 7 35 32 26 8 32 21 18 16 26 12 22 22 14 28 28 20 8 20 10 32 11 24 22 15 28 8 15 27 23 6 23 29 10 27 17 15 
22 29 12 16 29 34 30 15 31 15 18 19 23 15 50 25 18 27 25 24 23 17 9 26 12 17 27 11 10 9 15 19 32 7 15 40 10 25 23 11 
23 25 10 16 22 44 19 14 23 16 36 15 18 39 39 27 17 32 22 21 28 24 7 20 12 18 13 18 28 15 22 27 29 12 13 31 12 20 25 14 
24 24 13 15 25 38 20 6 8 28 33 23 13 21 31 27 10 37 49 22 10 15 9 23 13 24 14 9 24 12 17 21 26 15 15 34 19 36 12 8 
28 35 14 10 23 28 26 7 19 16 54 15 36 31 21 24 14 25 27 14 24 25 12 35 3 18 29 14 28 11 18 24 35 12 19 29 18 29 13 11 
39 27 8 20 17 29 16 12 24 22 43 17 28 12 24 16 18 22 44 21 17 26 9 11 14 25 28 9 29 7 11 20 16 7 10 37 15 28 23 17 
34 30 16 15 34 25 26 9 18 15 22 16 29 22 24 5 19 34 33 19 16 12 12 22 7 23 30 11 19 13 19 18 36 15 17 31 10 21 18 17 
31 31 6 10 37 29 25 15 19 28 25 22 27 17 28 19 17 25 28 20 14 29 6 14 10 25 40 13 15 9 16 20 17 12 17 30 16 32 23 13 
25 50 14 21 30 28 14 16 20 29 41 19 16 20 21 26 21 29 31 24 22 25 9 37 16 22 24 16 26 16 14 23 21 10 28 33 15 21 20 15 
27 29 11 14 16 27 23 8 22 15 40 20 27 19 31 24 16 33 26 22 15 26 11 36 18 16 22 13 38 5 14 19 28 17 20 38 9 34 13 12 
40 17 8 8 8 32 12 10 16 15 23 19 5 27 16 21 17 29 35 30 17 18 7 22 12 20 28 18 21 14 17 25 16 14 21 18 9 22 19 15 
12 22 8 8 29 32 14 12 32 22 26 13 33 25 32 25 18 25 39 21 22 20 13 32 13 11 25 19 31 9 13 28 22 10 14 40 14 22 11 14 
23 22 15 21 27 34 26 8 25 22 28 14 19 26 29 28 14 30 28 20 22 26 9 25 10 24 29 10 19 11 13 29 7 8 17 38 9 29 20 11 
25 40 13 18 25 21 12 7 26 25 32 15 19 27 35 9 22 31 18 12 22 24 12 25 14 22 34 9 15 10 14 16 26 6 28 28 16 30 23 17 
27 22 11 9 36 26 33 6 22 22 27 23 28 23 34 26 16 24 29 21 26 31 10 34 13 21 19 17 22 9 14 19 24 10 19 32 15 33 25 10 
29 26 16 15 35 27 28 8 22 21 32 14 14 29 29 15 20 30 33 27 25 21 12 16 9 19 22 15 26 9 6 13 27 14 10 35 16 18 24 12 
27 28 11 19 38 26 24 9 17 25 14 20 23 21 24 26 20 22 39 25 24 21 10 28 15 17 22 14 21 10 9 22 33 7 17 32 10 27 18 11 
21 42 7 16 34 34 11 10 28 18 24 15 38 27 22 32 17 21 22 17 22 16 16 24 8 23 22 16 26 11 8 18 46 15 10 22 11 23 22 11 
25 31 16 15 22 45 18 15 17 23 29 17 22 34 31 18 17 43 50 27 22 12 12 24 11 15 29 14 21 11 17 19 18 7 11 24 4 14 23 17 
46 41 10 19 12 21 27 9 13 24 47 14 35 17 29 26 14 29 10 12 20 27 12 27 14 13 22 13 25 13 15 20 23 6 20 24 16 21 16 17 
27 17 10 17 41 11 26 9 31 16 33 27 10 31 10 34 14 26 38 20 26 15 13 27 8 18 28 17 21 9 17 17 20 8 17 32 8 25 23 14 
26 23 12 17 24 26 20 15 25 23 11 21 22 36 27 15 14 26 36 19 14 14 5 27 14 22 27 18 32 13 17 24 25 6 13 28 17 16 13 17 
16 31 20 18 19 35 26 10 20 28 22 17 15 20 20 23 16 26 30 16 19 25 12 34 15 19 28 11 10 11 16 31 34 13 18 46 12 25 19 15 
31 37 12 13 26 36 18 14 24 25 35 18 16 33 9 27 10 34 38 22 21 20 10 24 10 23 31 7 28 19 23 9 22 13 18 42 16 17 19 9 
22 28 13 16 21 24 22 12 17 24 53 17 27 20 26 8 17 23 21 10 24 22 12 25 14 16 15 16 10 10 24 22 33 10 14 34 13 27 17 12 
28 22 12 15 26 32 13 13 25 26 41 24 29 26 23 31 20 18 27 26 16 12 10 16 5 18 31 10 24 12 8 24 30 6 22 32 15 24 24 8 
54 10 11 14 28 29 18 8 27 11 31 21 10 23 33 21 9 14 29 20 16 28 12 42 20 15 24 13 24 10 20 18 22 8 17 24 9 40 16 16 
25 49 8 19 22 33 22 11 33 24 35 21 26 35 34 33 16 27 29 11 18 18 12 28 12 18 21 14 23 7 17 35 30 11 24 29 3 18 26 6 
25 27 16 11 24 32 25 14 21 30 21 18 19 27 21 21 15 32 22 25 11 23 12 16 14 11 44 18 24 17 18 24 41 11 25 30 13 19 20 15 
29 47 13 11 24 23 16 12 27 24 23 23 20 35 32 35 13 39 31 21 18 30 8 39 10 19 21 15 24 14 18 20 28 12 18 24 18 23 15 20 

MachineCapacities:
MachineID Capacity
0 10
1 10
2 10
3 10
