NumTasks NumMachines NumScenarios
10 4 50
TaskDetails:
TaskID ReleaseTime ResourceConsumption SuccessorsCount Successors...
0 0 1 3 2 2 2 1 4 
1 0 7 10 2 4 0 
2 0 2 10 5 4 1 3 
3 0 7 7 4 3 0 
4 0 6 6 2 5 0 
5 0 5 9 10 2 2 6 7 
6 0 7 3 7 7 0 
7 0 6 7 7 1 0 
8 0 9 8 8 3 0 
9 0 4 5 6 1 0 

9 8 11 11 25 34 21 12 16 28 21 27 22 37 25 14 13 13 15 19 17 35 28 10 16 19 9 23 17 12 13 31 29 28 22 13 9 14 17 22 
7 14 22 17 19 28 15 11 12 24 15 13 19 32 20 9 9 10 7 25 16 22 20 16 11 19 21 28 21 13 19 29 38 26 20 17 13 9 20 32 
8 6 16 10 22 18 13 13 15 17 18 32 21 26 19 9 11 15 12 12 16 41 21 29 12 12 17 31 14 8 44 23 31 20 12 13 3 17 13 21 
6 7 21 8 14 23 9 15 28 28 14 17 27 28 22 14 13 7 4 23 21 24 30 17 15 28 14 31 15 4 22 28 35 16 10 25 20 15 15 23 
12 17 10 17 26 10 16 13 25 17 21 15 36 35 21 8 11 8 12 16 13 13 22 29 13 18 20 18 12 12 19 27 11 15 20 17 14 19 12 28 
12 12 15 12 21 27 16 12 12 25 23 7 21 22 18 11 8 11 11 37 8 29 14 24 6 15 16 16 14 10 33 29 20 20 19 23 14 18 13 33 
4 13 17 9 21 13 9 14 12 26 31 22 19 21 28 5 9 9 15 20 23 37 35 28 9 22 12 18 16 8 18 26 29 23 17 21 8 19 12 23 
12 14 9 10 17 18 8 9 20 18 27 35 14 29 18 13 16 9 9 27 21 44 29 11 8 20 14 27 15 7 27 31 36 14 21 19 10 24 7 32 
15 13 12 11 20 23 22 13 22 18 9 29 24 34 30 9 14 15 12 24 10 30 26 17 13 14 21 23 13 10 18 28 28 19 8 24 14 16 14 43 
14 9 14 10 19 16 12 4 18 13 16 20 15 28 22 13 14 18 16 18 18 16 21 16 8 20 21 20 19 15 15 28 27 27 14 17 17 11 14 19 
16 15 18 14 18 26 17 10 10 25 16 17 11 21 26 14 4 18 13 30 15 28 15 11 11 22 21 18 14 11 35 36 43 21 17 28 7 14 11 25 
9 13 15 16 26 11 19 5 15 21 16 32 32 33 22 12 13 17 11 19 10 29 15 27 6 16 18 21 18 8 42 38 25 21 12 13 17 18 13 38 
13 12 21 19 7 20 9 9 18 24 14 20 20 25 29 9 14 12 12 21 19 17 31 24 10 15 28 19 11 14 20 19 23 19 15 23 15 17 10 23 
13 15 14 13 26 14 23 14 13 9 11 29 16 57 18 5 12 12 19 20 13 39 29 21 12 19 37 29 14 15 25 23 50 16 18 24 7 14 6 29 
10 17 19 13 28 29 21 13 20 26 28 23 21 15 11 14 10 10 13 9 18 26 24 18 12 20 28 15 18 11 18 26 38 14 18 19 22 18 17 21 
11 15 15 10 19 17 14 13 15 29 21 15 22 27 28 10 16 14 15 15 21 31 23 11 9 16 20 29 20 13 28 34 18 16 8 27 16 9 9 26 
11 13 17 10 22 8 16 11 17 24 16 24 17 30 14 17 9 7 13 24 19 19 33 18 17 12 25 24 19 13 31 22 43 22 17 18 11 13 14 27 
9 11 8 14 32 17 13 12 16 19 13 32 18 40 21 9 13 11 20 26 15 36 29 16 9 23 16 25 13 10 27 22 35 24 17 15 15 11 17 31 
7 10 18 14 25 18 20 13 13 31 17 20 17 34 24 12 12 16 8 28 18 30 31 7 16 21 33 35 13 12 41 21 34 16 17 24 11 14 17 35 
7 11 16 14 17 20 9 13 15 15 18 37 24 34 33 10 12 16 11 28 11 39 36 21 7 13 26 25 15 6 29 21 38 22 21 28 17 11 12 15 
16 14 23 14 24 12 10 8 25 14 21 18 17 40 20 9 6 9 16 31 19 25 24 22 10 14 29 23 14 11 20 33 23 9 17 23 16 17 7 15 
12 10 11 16 18 13 14 6 10 27 24 19 12 19 30 13 11 10 16 17 13 26 48 20 13 11 26 19 12 5 38 21 26 15 19 27 13 16 15 19 
11 15 16 12 21 24 15 10 20 14 19 33 12 29 26 9 15 12 11 33 20 31 21 26 7 19 14 24 16 11 25 35 18 18 24 12 21 14 14 23 
14 8 18 9 24 23 19 13 14 27 23 31 17 22 18 13 15 11 14 24 23 10 16 20 6 18 22 38 22 15 8 26 27 24 14 25 16 17 13 41 
10 13 20 8 21 18 19 10 15 29 10 24 17 24 32 5 14 15 18 23 13 20 24 18 12 23 15 34 14 13 30 24 32 20 16 25 15 13 16 20 
10 10 21 8 17 21 14 9 20 26 17 34 28 33 26 12 8 16 19 20 5 40 27 24 11 19 23 27 17 14 25 41 26 32 23 16 18 16 12 38 
6 14 17 11 25 30 12 14 17 22 24 25 27 37 31 8 13 13 16 16 16 8 23 19 10 23 20 29 13 8 8 30 27 16 14 22 18 16 17 17 
8 14 23 10 19 20 7 10 25 15 13 28 24 22 30 14 12 16 12 19 20 21 31 13 4 13 15 20 19 15 25 26 27 10 14 20 17 10 15 12 
6 13 13 10 13 19 7 16 17 26 12 18 25 33 23 7 16 15 8 29 11 30 29 13 7 20 25 18 7 14 18 21 29 5 7 21 18 16 11 31 
11 17 14 10 32 10 13 15 18 21 15 21 18 8 28 12 14 10 17 32 16 27 37 27 9 10 19 19 9 12 21 23 41 13 23 17 19 13 11 26 
12 21 15 12 15 22 14 9 15 25 11 36 19 28 38 13 3 7 8 24 10 29 25 32 10 15 21 29 15 12 24 27 26 17 19 18 17 15 8 29 
6 14 18 11 20 28 9 15 18 20 13 25 12 24 21 15 5 11 18 18 20 11 26 21 10 28 27 22 24 15 26 9 23 24 14 12 17 9 13 29 
9 17 11 10 23 25 21 9 20 21 20 34 17 33 13 8 11 19 15 21 16 39 22 21 10 20 12 27 12 11 21 37 36 24 20 26 17 17 13 20 
7 18 23 16 22 21 17 9 15 19 18 19 22 34 15 17 13 17 10 32 13 31 22 19 10 24 13 15 11 5 41 20 32 14 14 24 20 11 12 26 
14 19 14 4 16 24 11 13 8 28 23 28 31 37 21 13 10 20 8 24 13 29 24 23 18 21 23 14 16 8 31 22 31 18 19 16 18 17 14 27 
8 11 13 11 23 31 12 6 3 15 21 35 26 33 28 9 6 15 18 15 17 24 32 18 8 17 23 33 23 14 34 34 11 26 10 19 16 20 16 29 
11 15 16 13 30 11 16 16 23 18 15 40 21 34 25 11 8 12 12 26 14 24 18 21 9 25 21 25 15 16 41 24 33 21 6 22 13 18 9 13 
9 15 17 12 6 14 9 11 20 17 15 29 25 26 21 12 8 11 12 23 13 21 36 28 13 16 10 34 19 13 29 29 41 20 14 25 14 12 10 13 
3 15 17 16 20 12 21 15 21 13 18 28 28 42 17 10 12 15 6 14 8 21 16 16 10 23 17 29 7 8 23 8 33 17 13 18 11 23 11 20 
10 8 19 12 20 23 10 6 11 13 25 24 21 31 24 10 10 13 7 31 19 20 32 30 11 8 30 37 13 11 27 17 23 32 27 25 11 31 16 34 
11 13 23 11 33 21 15 12 15 20 26 32 21 30 17 13 16 14 12 18 13 9 17 21 8 17 26 17 17 13 26 16 33 25 19 18 11 13 14 26 
17 10 12 11 25 20 21 8 14 17 28 35 34 41 20 7 13 10 9 19 8 22 32 29 12 13 10 14 12 5 36 22 22 20 13 27 22 18 7 34 
12 9 8 6 27 10 16 12 15 19 24 27 24 32 20 15 12 11 22 21 12 21 28 22 11 22 17 20 16 16 21 16 33 20 17 29 24 13 17 51 
11 16 23 12 18 14 8 13 19 15 22 42 23 26 14 10 7 15 3 20 19 21 31 14 5 6 17 29 20 9 33 30 32 24 22 26 15 17 15 16 
15 16 17 7 17 18 15 12 23 27 25 22 26 44 17 13 10 15 18 26 20 35 8 29 11 21 21 18 15 15 24 42 33 18 23 15 21 18 14 24 
12 12 10 17 27 13 17 16 14 26 23 31 18 32 23 9 10 11 9 20 24 14 45 17 6 23 23 24 20 12 19 17 29 24 17 21 11 11 6 28 
8 14 16 17 28 18 17 4 12 27 17 22 25 31 20 11 10 13 14 26 19 26 33 21 15 10 22 24 15 11 38 21 25 16 15 13 24 14 15 33 
15 17 13 8 29 19 19 14 13 21 13 17 26 16 22 5 10 15 19 18 21 26 22 31 10 21 15 32 23 14 29 17 25 13 26 17 17 14 8 31 
10 11 17 14 10 15 17 10 25 23 17 29 27 24 12 8 8 9 15 17 13 21 16 21 17 16 27 19 12 13 25 33 21 19 13 18 19 10 12 25 
4 13 13 13 32 16 13 10 14 21 22 26 10 31 31 9 10 10 15 30 12 20 26 10 16 15 24 21 16 12 9 29 30 24 25 18 9 22 15 20 

MachineCapacities:
MachineID Capacity
0 10
1 10
2 10
3 10
