NumTasks NumMachines NumScenarios
10 4 50
TaskDetails:
TaskID ReleaseTime ResourceConsumption SuccessorsCount Successors...
0 0 9 4 9 8 3 1 3 4 
1 0 1 5 7 2 0 
2 0 3 4 9 2 0 
3 0 10 2 7 10 0 
4 0 5 7 1 5 0 
5 0 9 5 6 4 2 8 9 
6 0 3 6 10 3 0 
7 0 6 3 9 2 0 
8 0 2 9 6 9 0 
9 0 7 8 2 8 0 

21 24 27 22 10 34 8 15 10 15 14 8 8 11 20 23 32 13 10 14 22 23 22 33 21 32 28 19 14 28 17 35 23 30 5 20 18 30 6 20 
33 27 23 29 12 24 16 11 10 19 15 13 9 29 19 20 25 8 13 13 16 28 31 26 16 37 22 31 18 38 24 47 26 27 25 38 18 20 4 14 
22 18 27 34 11 31 10 21 11 20 24 4 8 26 28 18 22 17 22 9 23 14 27 19 3 25 22 11 20 27 26 31 40 10 24 29 14 26 11 19 
28 30 13 26 12 24 12 21 5 12 21 11 10 18 17 25 27 19 12 13 17 30 13 36 22 29 26 27 18 39 27 32 24 30 20 62 19 28 12 21 
38 29 22 22 11 21 12 13 9 28 19 11 10 10 23 20 30 14 17 12 12 19 29 18 29 36 26 24 33 38 11 54 35 27 21 23 20 25 10 18 
28 24 23 28 12 28 11 9 5 28 21 8 7 8 25 14 30 9 21 14 17 28 21 31 19 14 26 30 24 34 19 44 18 12 24 21 15 27 15 26 
23 23 16 29 6 29 8 21 15 21 27 10 12 20 15 16 28 12 5 13 12 11 23 52 16 40 21 22 25 18 15 32 30 20 22 29 22 31 14 18 
27 20 32 26 12 13 9 21 12 20 12 12 5 27 18 15 26 17 20 12 17 21 14 24 14 33 31 10 28 26 20 43 29 27 27 37 12 20 12 19 
33 34 27 22 12 38 25 21 8 29 28 11 9 37 20 28 24 16 18 15 15 13 24 20 18 37 18 19 23 36 19 18 19 26 26 36 23 18 13 19 
34 27 18 31 9 13 16 24 9 36 10 10 11 22 21 17 35 14 13 11 15 25 29 30 20 27 25 25 12 42 28 26 6 23 31 27 8 39 7 16 
17 26 25 22 13 40 14 15 7 10 21 9 9 32 26 17 22 14 17 17 16 14 20 30 21 30 21 34 20 18 20 30 24 10 28 34 10 28 9 27 
28 19 32 31 15 26 12 21 7 27 29 10 12 24 15 20 25 14 20 17 15 13 16 41 15 32 16 26 27 25 25 46 17 13 25 49 31 25 14 13 
34 19 31 12 7 19 23 12 12 31 22 7 6 36 12 19 37 14 13 17 11 14 25 32 26 31 30 30 16 24 26 24 17 21 22 26 26 27 16 17 
20 38 9 37 8 40 23 17 14 25 22 5 14 30 20 10 20 12 20 14 18 10 24 35 17 29 22 11 24 21 24 40 28 21 26 30 14 31 12 25 
37 16 16 32 15 29 12 17 12 35 25 16 7 22 23 16 32 18 23 11 13 20 28 24 23 35 27 30 27 28 22 13 24 23 28 13 19 40 12 30 
34 38 21 20 8 21 13 29 13 30 25 12 9 28 20 17 30 16 21 12 14 26 27 28 23 30 21 37 25 37 8 33 44 21 26 31 25 22 10 17 
17 20 24 23 14 29 22 21 13 30 16 13 11 26 23 26 35 13 14 12 25 25 24 34 15 6 24 34 25 26 26 17 29 31 17 32 14 7 11 16 
34 43 23 25 7 28 21 14 12 27 19 8 8 20 21 18 30 15 16 11 21 25 29 24 20 22 14 34 27 36 11 22 27 30 26 30 18 38 12 15 
30 21 17 32 11 25 13 11 16 16 32 15 9 33 15 20 13 18 23 12 17 25 25 20 14 28 25 27 13 23 24 22 27 35 21 34 19 18 10 19 
22 21 23 16 14 16 16 22 7 10 17 9 12 14 11 28 26 12 19 16 18 18 30 29 26 33 26 16 22 39 27 29 28 24 28 20 16 30 10 19 
35 21 20 24 14 24 25 13 12 24 27 11 9 25 13 21 25 11 19 15 17 17 23 15 23 37 25 11 26 42 29 28 25 35 23 31 19 44 12 12 
27 25 13 28 15 44 17 17 12 15 21 15 15 19 24 23 20 12 16 13 14 12 20 28 15 27 28 18 26 33 22 35 14 21 27 34 24 15 13 17 
35 21 29 24 10 27 11 15 11 21 29 10 6 29 23 15 10 15 17 12 21 18 30 19 15 17 19 25 26 32 20 20 30 35 33 27 23 25 17 13 
34 24 17 24 12 23 17 23 9 10 21 15 12 16 28 17 22 15 20 10 23 25 32 21 20 22 28 19 27 39 22 51 30 30 22 42 20 39 10 18 
36 24 26 32 11 30 12 19 8 20 28 13 6 24 19 19 26 13 19 14 13 12 23 14 21 39 18 24 20 25 18 46 43 19 18 40 11 17 12 11 
17 30 28 29 11 26 9 13 7 39 17 7 16 24 14 13 22 13 19 21 14 11 16 31 28 24 21 31 25 33 22 12 34 25 24 25 12 35 11 21 
10 24 31 18 8 37 16 17 11 24 23 14 11 24 14 19 23 10 15 7 17 21 21 35 22 39 17 26 24 31 22 20 32 32 14 20 32 27 8 17 
23 21 18 25 19 33 16 26 13 22 23 5 12 28 22 16 23 17 16 13 12 10 25 20 6 25 23 18 21 28 20 26 33 30 22 27 15 31 8 23 
27 35 23 22 11 32 16 19 15 22 30 15 7 17 17 17 30 13 5 18 16 12 24 37 34 22 20 27 32 42 17 33 23 21 20 14 25 24 10 32 
21 24 18 23 10 38 15 17 7 15 28 15 11 29 16 11 21 13 10 12 18 22 15 31 11 30 28 22 27 32 19 22 30 22 15 36 25 35 10 18 
35 16 24 50 9 28 10 13 10 12 25 11 9 26 20 17 30 13 16 13 15 21 17 32 26 40 21 36 10 33 15 23 38 27 20 53 24 44 12 12 
21 37 14 18 15 44 9 18 16 16 19 3 12 18 13 14 38 15 9 17 18 14 18 34 16 24 19 29 20 20 26 28 22 32 35 44 23 31 17 9 
36 14 16 34 13 44 16 11 6 28 24 9 12 21 16 8 19 15 21 11 19 11 26 38 25 34 23 22 28 21 21 37 25 15 14 33 15 29 12 18 
36 22 20 12 12 28 16 13 15 16 27 5 11 28 14 20 19 13 17 15 16 15 18 19 20 33 18 22 29 25 26 24 33 24 21 26 22 16 18 5 
36 14 24 25 11 30 20 11 14 29 11 6 9 17 15 14 33 13 22 16 20 18 32 23 19 27 25 39 16 22 10 41 29 22 27 16 19 38 17 16 
35 22 27 25 13 28 19 19 9 24 11 9 16 14 19 10 25 13 20 16 15 21 23 21 11 28 17 19 18 34 24 12 12 26 20 25 13 24 8 14 
40 32 32 21 10 29 17 16 11 14 25 10 12 34 13 12 35 19 11 18 16 22 27 29 31 24 22 27 20 30 18 33 26 21 30 28 30 27 13 19 
39 37 16 27 8 30 22 22 13 34 25 16 10 10 14 12 23 12 17 12 18 21 27 34 24 21 20 21 23 42 25 26 38 25 17 36 27 34 17 14 
25 28 16 36 12 22 18 18 11 17 27 9 13 29 18 19 29 15 19 12 15 22 30 25 29 24 21 37 36 34 18 30 33 32 27 41 18 24 16 33 
45 25 12 35 11 20 14 18 12 21 17 12 7 22 17 18 32 15 18 11 17 11 25 31 17 23 24 27 29 36 20 40 35 24 22 28 17 43 7 25 
18 28 25 22 12 27 8 17 7 16 16 12 11 30 17 20 17 14 19 14 26 13 24 16 24 25 11 29 28 13 20 36 10 44 21 37 17 20 10 22 
31 27 26 33 9 34 19 21 13 13 16 14 14 37 21 28 20 9 19 9 13 10 33 30 16 30 16 11 23 31 22 20 32 25 24 26 31 37 10 23 
24 21 14 19 17 32 15 22 16 25 16 7 12 20 16 12 23 12 18 12 13 23 11 26 21 41 21 38 25 32 18 24 35 31 13 25 11 35 16 25 
27 34 27 15 11 26 12 19 11 23 23 11 14 11 19 21 30 9 21 13 9 9 25 36 17 26 23 28 25 32 11 22 26 21 23 28 19 28 10 24 
29 37 20 26 13 20 16 17 9 26 19 13 11 23 15 14 29 12 19 12 21 22 33 11 16 26 24 31 22 17 11 16 37 17 28 34 28 35 16 26 
30 21 13 37 6 23 21 18 15 22 34 12 11 30 18 16 25 15 18 9 19 19 29 16 5 20 21 22 16 16 18 34 32 19 31 29 13 41 12 20 
33 17 20 33 6 32 14 9 16 22 21 12 11 23 16 14 20 16 13 14 12 14 13 36 16 23 25 28 30 23 20 35 26 24 24 23 22 37 14 21 
35 24 13 26 13 38 16 19 12 35 15 11 13 20 7 15 30 14 12 14 18 12 17 35 26 34 23 23 22 43 24 31 31 26 21 42 21 43 11 17 
30 15 32 19 14 31 30 16 10 12 25 5 10 11 17 22 26 13 17 15 15 6 28 14 21 36 14 30 33 22 15 33 42 29 32 26 28 38 13 14 
36 27 23 24 13 31 3 15 16 13 16 11 13 26 25 12 28 16 12 17 14 23 34 44 19 18 10 17 18 12 30 23 31 31 26 38 17 26 20 17 

MachineCapacities:
MachineID Capacity
0 10
1 10
2 10
3 10
