NumTasks NumMachines NumScenarios
10 4 50
TaskDetails:
TaskID ReleaseTime ResourceConsumption SuccessorsCount Successors...
0 0 4 10 2 3 0 
1 0 5 10 5 1 2 2 3 
2 0 8 4 8 8 0 
3 0 7 7 5 9 0 
4 0 5 8 6 6 0 
5 0 1 8 5 8 1 9 
6 0 6 4 5 9 0 
7 0 7 2 4 2 1 9 
8 0 9 8 2 1 0 
9 0 2 4 7 8 0 

13 20 9 8 11 12 24 26 17 22 9 8 13 14 48 30 27 15 19 14 14 35 24 16 21 27 20 18 10 23 24 31 11 23 24 21 36 14 16 21 
16 24 8 8 14 17 14 28 19 30 5 11 16 10 27 29 31 20 14 13 18 25 21 20 17 32 30 18 11 30 21 33 23 23 29 27 27 5 11 11 
24 19 11 10 15 13 25 19 24 23 15 10 22 20 24 30 27 8 10 15 16 28 21 16 20 25 18 16 10 23 12 26 20 23 24 38 39 6 19 35 
18 30 6 9 11 14 14 33 17 24 9 9 14 19 25 29 32 14 13 13 13 41 20 25 13 21 14 23 9 20 20 28 13 32 34 30 31 16 14 19 
28 25 5 10 14 10 25 28 13 14 4 11 15 14 25 27 25 17 23 15 12 17 20 31 22 37 14 17 16 24 32 40 11 27 26 44 39 13 22 30 
18 22 16 12 10 12 28 27 9 15 14 15 18 19 27 25 15 13 21 11 14 37 21 23 12 23 33 16 13 29 19 29 18 17 35 23 19 13 22 36 
31 27 8 10 11 5 22 22 5 30 12 9 13 21 34 35 11 16 23 15 14 23 23 22 14 37 27 11 8 25 25 25 22 16 26 39 36 10 10 28 
15 16 16 8 13 10 16 16 14 30 3 12 12 18 19 22 32 11 25 14 13 19 16 27 20 13 27 18 20 24 22 31 10 17 44 21 27 6 27 39 
19 14 7 10 16 14 22 13 15 23 9 11 26 18 29 19 23 22 19 12 18 11 23 24 21 8 32 16 16 33 19 26 18 14 22 37 29 11 23 25 
26 20 13 4 11 9 24 30 19 26 9 11 20 17 34 29 29 14 13 13 14 18 27 28 24 11 22 15 19 25 9 37 20 24 44 36 31 9 15 37 
15 27 5 13 15 10 25 12 27 24 14 4 19 5 16 23 31 20 19 8 28 44 17 28 21 14 21 13 21 18 22 32 23 18 52 31 26 8 19 26 
8 9 13 7 13 11 18 23 14 22 12 8 16 25 35 28 12 7 19 11 20 26 21 18 25 27 21 21 20 31 23 46 18 23 29 26 18 12 19 24 
16 18 14 10 11 12 22 18 17 21 8 10 27 17 30 26 25 20 14 10 21 32 11 22 27 35 22 19 12 20 29 27 19 17 23 36 10 15 17 16 
20 18 14 3 12 9 27 32 17 17 13 9 20 13 27 25 19 13 20 14 20 43 21 13 16 37 21 17 14 20 27 26 23 25 21 34 16 2 36 28 
18 19 8 12 13 9 23 25 19 23 10 8 19 16 29 18 27 10 14 17 22 22 16 25 25 38 27 16 12 15 19 21 19 42 30 30 23 12 20 30 
20 13 14 12 13 15 27 22 11 28 17 11 21 14 36 26 33 8 11 15 17 7 20 23 20 32 39 18 10 21 12 12 15 28 33 30 30 7 19 22 
28 26 6 13 14 6 23 30 15 25 14 8 17 22 23 24 23 19 14 9 25 26 15 33 25 30 35 20 14 30 18 25 24 33 34 35 27 4 23 41 
21 19 8 8 19 6 12 31 24 32 11 7 18 16 16 23 30 16 23 14 11 33 18 18 27 28 31 13 12 30 18 29 22 10 15 26 34 11 15 35 
29 19 12 10 14 10 27 40 14 20 6 11 10 15 26 49 16 12 29 6 16 19 26 26 24 30 45 15 16 25 18 28 16 21 19 42 23 16 16 36 
22 12 13 6 9 9 9 29 11 14 9 13 18 12 29 26 18 16 20 7 20 29 24 19 17 21 26 14 13 15 22 19 25 22 20 30 27 11 27 51 
12 26 13 12 16 12 14 21 18 21 8 15 21 26 18 6 25 18 19 10 19 28 15 21 17 32 16 16 10 20 13 37 20 29 18 22 23 13 17 34 
15 22 7 11 12 11 27 29 21 14 7 10 21 18 24 17 13 7 15 18 8 39 28 16 17 17 24 17 15 37 7 30 21 20 28 48 33 8 13 27 
18 17 13 12 13 11 22 34 16 27 14 17 19 15 28 35 26 13 23 14 21 18 33 28 19 28 16 19 6 27 13 27 18 31 23 36 26 3 27 22 
13 13 7 10 8 6 4 30 14 26 11 6 25 18 30 12 38 12 18 13 23 23 11 21 32 28 26 11 15 23 22 28 25 28 31 19 40 7 24 26 
25 13 13 16 16 9 27 13 16 30 9 6 22 14 23 35 19 16 19 14 16 14 20 18 20 23 27 19 18 22 18 22 25 28 23 31 31 9 29 8 
15 20 11 7 6 14 13 13 22 26 10 13 18 25 31 24 14 19 22 16 30 32 11 21 19 27 32 12 10 26 21 20 21 23 22 30 38 10 16 23 
22 24 17 5 8 7 17 35 17 26 12 10 18 15 21 19 37 10 13 12 15 26 17 26 25 45 17 20 27 24 16 29 14 21 27 40 16 8 27 30 
22 19 12 12 12 7 14 30 16 20 13 10 12 15 26 28 19 14 16 10 16 39 21 25 22 18 28 18 11 32 12 15 9 22 25 27 41 12 29 27 
25 17 10 9 9 9 23 24 21 24 13 7 22 17 28 20 26 11 16 15 18 29 26 24 15 16 18 18 9 35 14 18 28 22 42 40 29 10 13 43 
18 22 13 7 12 12 16 26 16 9 10 13 14 21 36 33 11 18 25 8 19 32 18 19 19 40 31 13 6 27 19 34 19 27 35 26 23 8 17 29 
16 18 14 14 15 10 23 18 16 22 10 13 19 13 10 21 19 16 30 14 16 27 16 22 26 19 42 17 11 23 9 27 14 32 23 28 12 6 29 21 
20 15 11 11 10 12 17 28 12 26 16 8 13 14 32 18 26 12 18 14 17 18 11 26 26 36 38 23 12 27 21 15 25 31 46 35 29 7 20 23 
19 24 8 11 13 13 28 27 12 8 16 9 11 13 28 34 23 16 7 20 21 29 18 13 14 15 14 13 13 25 17 22 14 20 33 28 29 13 28 22 
18 26 12 8 13 12 21 27 18 27 13 13 15 12 38 30 32 11 12 12 24 28 21 21 20 25 24 22 7 37 19 24 21 17 26 45 39 8 18 23 
14 19 11 8 16 10 11 33 10 20 8 12 10 10 23 14 24 9 13 11 20 25 22 16 19 36 21 14 19 20 20 40 7 22 9 30 32 12 23 24 
17 18 16 14 13 12 20 37 19 26 19 14 29 11 22 29 25 12 16 8 25 34 17 10 21 40 33 17 17 33 16 20 26 25 40 31 37 10 20 39 
20 23 9 13 16 10 36 18 7 25 9 17 18 11 14 35 27 20 21 12 24 28 11 24 25 19 33 15 17 26 6 30 16 25 21 33 37 12 29 32 
31 32 13 9 16 7 9 24 30 23 8 9 22 14 49 27 18 5 19 12 18 35 14 16 25 33 17 13 10 22 23 23 20 17 27 30 28 14 26 27 
17 19 8 5 10 8 22 37 19 14 16 11 22 16 22 41 8 15 27 15 17 21 19 16 6 36 31 16 16 21 35 26 21 25 18 49 30 7 22 41 
22 13 11 9 16 10 8 24 13 18 10 13 18 18 35 25 25 13 19 15 11 33 22 18 21 34 20 16 11 11 23 25 17 30 25 30 51 6 23 24 
4 31 8 10 6 16 19 17 20 30 15 10 14 23 40 35 30 10 11 18 20 39 15 13 22 24 19 12 17 20 26 30 19 34 33 26 25 12 14 32 
19 19 8 3 12 6 23 37 12 30 6 12 22 14 33 26 20 17 17 14 18 24 21 19 17 29 32 19 10 29 24 34 14 17 23 39 28 12 25 26 
26 20 9 9 8 11 27 20 26 27 9 9 25 17 28 24 32 11 18 12 21 28 24 14 17 14 30 11 20 32 29 25 20 32 29 27 23 11 18 30 
18 34 9 6 12 6 21 18 18 17 15 17 19 17 23 22 22 18 23 10 20 28 33 16 25 31 28 21 20 25 15 21 15 25 28 45 32 12 37 21 
14 17 4 15 14 8 18 14 15 30 8 10 13 21 33 31 21 12 22 10 15 20 28 27 19 28 23 14 17 37 16 28 16 27 24 27 32 6 17 36 
16 21 11 20 11 3 30 17 11 23 10 13 24 21 19 18 19 17 20 18 28 33 12 17 16 38 26 18 15 34 17 27 15 34 22 38 40 9 16 29 
10 29 12 14 11 7 18 12 19 21 11 4 27 22 31 20 21 14 15 9 8 26 21 27 23 33 27 19 15 31 20 19 16 32 42 36 25 5 22 9 
26 18 9 8 10 14 31 27 16 20 14 10 14 21 29 28 26 18 15 13 28 40 15 24 24 39 30 17 17 21 22 33 15 39 34 42 29 9 21 33 
32 16 16 12 11 10 29 26 23 19 4 14 15 13 29 23 16 15 19 10 9 20 24 20 25 19 38 19 9 24 19 16 17 35 18 11 17 9 22 31 
21 15 12 14 13 12 16 19 11 11 17 16 20 19 24 32 32 12 28 15 21 24 25 18 15 34 16 23 16 26 12 11 15 21 32 16 22 8 23 15 

MachineCapacities:
MachineID Capacity
0 10
1 10
2 10
3 10
