NumTasks NumMachines NumScenarios
30 3 10
TaskDetails:
TaskID ReleaseTime ResourceConsumption SuccessorsCount Successors...
0 0 3 1 4 2 5 13 
1 0 1 6 4 6 6 12 16 18 19 20 
2 0 1 9 10 5 10 12 13 15 17 
3 0 1 7 6 1 13 
4 0 5 8 3 4 10 12 15 20 
5 0 7 2 3 3 12 18 20 
6 0 8 10 1 0 
7 0 4 7 9 1 19 
8 0 9 8 2 1 19 
9 0 3 10 7 2 19 20 
10 0 2 9 2 1 16 
11 0 5 2 1 0 
12 0 7 2 2 0 
13 0 3 4 7 1 19 
14 0 5 6 9 0 
15 0 9 6 7 0 
16 0 9 8 10 0 
17 0 8 4 9 0 
18 0 8 1 7 0 
19 0 4 8 3 0 
20 0 3 4 1 0 
21 0 3 2 7 1 29 
22 0 2 3 5 3 26 27 29 
23 0 2 4 8 3 26 27 29 
24 0 4 9 4 2 26 28 
25 0 8 8 7 1 26 
26 0 3 7 5 0 
27 0 8 4 5 0 
28 0 8 5 5 0 
29 0 2 5 4 0 

24 20 17 28 17 6 28 20 25 24 18 30 29 22 19 31 33 16 16 7 24 24 20 37 26 32 23 25 8 23 17 15 31 13 17 18 22 18 46 29 23 22 15 40 30 25 25 14 18 12 39 28 34 23 23 24 21 23 15 27 18 19 15 23 27 12 41 40 17 11 21 39 18 40 17 21 19 20 30 36 22 11 20 26 14 44 28 20 23 18 
26 28 20 16 9 29 25 24 18 20 12 28 31 13 15 25 23 15 15 17 17 21 14 22 15 23 30 14 20 15 19 11 20 17 27 23 25 18 32 30 24 11 34 26 34 24 23 22 27 11 28 20 26 13 24 21 18 25 13 36 21 16 13 20 28 22 20 34 12 19 32 32 23 18 26 36 23 28 28 18 21 20 23 30 19 25 37 32 39 29 
24 23 15 16 15 24 41 20 15 18 18 28 39 18 23 27 24 16 18 20 18 21 14 33 18 30 24 18 21 16 21 14 25 20 25 16 26 17 25 27 21 14 15 37 23 4 32 23 16 14 37 15 22 14 12 27 39 18 18 15 27 25 15 11 26 32 19 21 13 16 16 24 22 41 24 32 27 21 18 23 21 23 18 22 8 19 29 10 45 31 
26 28 20 21 18 25 29 18 10 28 15 24 20 7 16 23 19 31 18 18 12 15 8 39 38 35 16 28 27 20 19 14 26 18 20 12 25 20 33 24 22 27 33 39 16 20 36 16 14 14 27 13 39 27 32 19 16 16 29 26 20 27 14 21 19 7 33 33 6 10 27 32 16 23 20 20 24 17 34 36 16 28 32 16 16 5 48 25 23 20 
41 20 9 23 22 31 28 18 21 32 9 33 30 14 15 35 19 19 18 12 17 16 13 36 45 24 7 31 25 17 17 20 24 13 18 9 25 13 19 33 24 14 36 25 29 18 23 22 21 18 17 25 40 30 29 11 32 15 24 21 25 18 17 27 20 29 30 36 18 10 25 24 13 41 20 15 16 16 31 20 27 19 14 28 18 27 21 43 28 32 
33 18 12 17 18 35 29 12 28 25 12 27 26 12 18 31 29 21 15 15 11 22 10 39 39 26 22 30 21 19 18 12 16 19 21 19 10 11 9 36 9 23 28 26 15 20 36 21 26 14 18 23 12 20 44 19 23 16 21 18 28 25 28 25 25 23 35 28 23 17 23 32 26 33 17 29 28 20 26 31 32 31 30 16 9 28 26 42 30 24 
30 34 15 18 17 37 22 32 18 21 12 25 26 13 22 22 25 20 19 21 16 14 14 30 32 24 14 18 18 22 13 13 2 10 18 23 24 14 25 24 21 22 26 19 23 22 39 29 20 13 22 15 9 20 22 30 13 22 22 19 23 14 18 27 27 28 29 15 21 18 20 34 23 23 20 23 18 14 32 29 13 16 28 18 18 38 29 22 22 19 
26 19 13 24 23 17 31 24 21 15 17 38 28 14 9 48 25 16 18 22 15 15 13 15 35 31 34 27 23 17 17 16 17 28 24 19 26 24 28 25 21 13 43 37 31 26 22 27 18 20 30 20 28 20 30 27 23 16 24 13 14 7 25 24 26 20 12 39 11 14 28 25 17 48 21 18 13 18 41 24 16 27 26 12 23 39 37 23 38 41 
28 28 22 21 18 27 40 21 20 32 13 20 19 12 11 37 21 16 13 14 17 11 15 28 20 34 13 39 15 22 11 14 15 24 21 27 30 15 23 25 16 12 21 32 30 27 36 28 28 17 47 17 28 28 26 16 13 13 30 19 20 22 24 20 23 29 27 35 11 18 38 36 14 14 18 26 14 18 14 8 27 21 18 18 11 34 31 31 18 31 
28 23 17 17 13 18 29 18 21 22 15 32 28 14 14 14 13 24 18 16 20 24 18 33 30 25 26 16 19 22 19 15 32 9 34 19 31 17 19 20 25 14 11 21 26 19 27 31 28 10 22 15 36 18 29 25 17 23 23 27 19 19 15 22 23 42 38 29 14 19 20 32 17 30 20 22 31 20 37 32 17 20 36 30 19 39 22 24 30 32 

MachineCapacities:
MachineID Capacity
0 10
1 10
2 10
