NumTasks NumMachines NumScenarios
20 4 50
TaskDetails:
TaskID ReleaseTime ResourceConsumption SuccessorsCount Successors...
0 0 10 5 3 5 1 1 
1 0 7 4 3 4 2 2 3 
2 0 8 7 9 10 1 4 
3 0 5 4 7 6 1 5 
4 0 5 5 1 4 1 5 
5 0 4 1 6 7 0 
6 0 2 3 10 2 2 8 9 
7 0 6 3 1 9 2 13 14 
8 0 4 2 2 4 2 10 11 
9 0 4 9 5 5 3 11 12 13 
10 0 8 2 1 8 2 13 15 
11 0 4 1 3 5 2 14 15 
12 0 6 8 6 2 1 16 
13 0 7 3 5 5 1 16 
14 0 5 5 2 5 2 17 18 
15 0 9 9 2 1 1 16 
16 0 3 10 3 10 2 17 18 
17 0 3 2 4 7 1 19 
18 0 5 6 2 3 1 19 
19 0 2 3 2 5 0 

11 30 21 30 14 23 21 18 8 19 17 20 27 22 11 10 39 13 14 26 18 29 13 34 9 24 27 25 11 16 20 19 23 41 8 24 14 15 11 5 17 17 25 16 16 20 33 19 21 21 36 19 13 29 22 18 25 14 27 14 11 14 10 16 12 29 19 32 34 26 23 12 15 18 27 19 14 28 16 14 
16 24 20 35 6 21 7 34 12 10 18 30 29 19 15 7 8 12 19 36 24 18 16 19 9 33 27 24 13 18 39 23 11 33 10 15 18 28 22 10 19 24 15 19 40 17 24 12 23 26 29 17 20 27 18 20 22 10 24 17 13 31 7 12 18 25 19 30 19 30 21 11 8 13 31 8 15 12 14 15 
16 23 16 15 25 24 20 15 23 24 22 45 20 29 16 15 27 9 26 31 14 11 31 21 13 31 26 48 15 12 28 44 28 18 12 19 16 19 10 13 10 19 24 17 23 32 27 13 24 35 38 22 36 31 17 21 20 9 20 21 5 45 13 23 20 21 10 19 22 24 24 21 8 13 35 11 6 12 21 27 
17 21 10 30 10 20 18 12 15 20 30 52 26 9 19 12 27 11 13 40 25 17 16 14 9 22 26 20 7 18 25 38 27 30 13 18 13 21 13 21 17 18 16 17 39 31 22 12 21 25 33 18 33 25 20 16 22 9 27 21 8 27 8 14 14 20 18 36 19 33 26 19 14 7 30 16 14 24 21 15 
13 25 19 10 17 29 24 30 18 19 20 39 30 2 16 8 15 15 16 43 26 17 24 14 10 35 25 27 15 19 24 29 20 22 12 11 12 14 16 19 21 18 16 22 22 31 25 14 20 20 28 9 20 24 8 21 16 13 24 8 11 27 12 19 13 14 20 29 25 33 26 18 17 13 23 24 15 18 24 18 
14 25 16 26 14 24 20 20 19 12 24 29 40 20 7 16 26 11 28 37 20 21 26 18 8 45 24 36 10 15 28 29 36 24 9 12 18 13 15 14 16 19 19 25 28 20 26 18 16 27 20 28 32 16 18 18 15 10 22 18 13 18 13 17 16 12 21 22 31 14 8 11 20 7 26 14 6 18 23 11 
13 14 12 29 5 24 13 18 19 25 33 32 38 27 17 12 3 16 18 27 31 21 22 18 13 19 30 15 8 32 22 43 23 36 14 44 22 24 16 17 14 15 22 11 29 36 27 13 22 20 32 20 32 29 9 28 18 13 26 19 11 31 10 31 7 26 13 11 12 22 22 13 15 13 12 13 8 22 13 16 
24 23 16 24 22 27 25 23 20 24 30 24 40 12 17 11 35 10 19 33 11 16 27 25 11 29 22 30 7 15 35 29 16 27 11 29 20 20 20 21 13 8 24 17 29 21 20 20 16 27 32 23 31 30 21 20 27 11 28 15 15 36 4 15 9 25 13 27 24 29 26 16 17 12 21 11 9 23 10 14 
15 20 17 35 12 18 32 35 15 25 20 39 38 20 12 14 32 15 22 35 12 10 20 14 16 36 33 27 11 6 27 24 23 19 17 36 10 22 10 12 13 14 17 6 35 34 18 19 11 28 31 17 8 22 26 18 9 14 25 7 21 33 14 23 9 28 17 22 18 31 31 19 11 10 21 15 7 33 18 9 
20 32 14 34 12 24 29 28 10 20 28 22 32 12 13 18 15 8 16 11 28 18 19 27 15 40 34 36 11 16 25 5 35 37 13 38 17 14 10 10 7 11 20 23 35 24 31 14 15 22 24 21 27 28 20 21 16 12 24 23 14 26 12 23 7 22 21 34 26 20 20 18 12 14 25 10 8 17 20 10 
15 17 15 25 10 27 18 26 17 16 23 19 26 19 12 11 17 9 20 31 16 14 29 32 16 23 37 32 12 9 30 34 27 37 10 25 24 31 21 7 22 19 18 17 20 30 28 10 18 23 27 17 25 39 14 17 24 12 24 12 19 15 12 32 14 29 16 17 32 21 31 10 13 14 27 20 15 17 11 10 
13 11 25 28 15 25 22 30 25 13 31 40 33 21 14 13 24 19 13 16 26 18 19 22 11 27 35 44 15 32 29 48 30 30 7 18 24 12 8 10 17 20 26 22 26 24 22 9 23 27 27 19 30 17 14 20 12 15 19 12 20 27 14 13 10 33 22 31 26 24 27 7 13 10 21 9 14 13 18 16 
10 14 20 26 18 21 22 32 14 16 31 32 34 19 14 10 26 14 19 27 23 15 28 14 8 34 34 41 12 20 20 17 39 31 7 30 11 10 12 12 14 18 11 25 31 25 14 10 29 18 19 11 27 25 22 21 14 13 10 19 23 22 11 27 13 16 19 16 25 23 34 19 13 18 16 16 9 20 15 21 
15 18 24 20 19 28 20 29 17 21 47 46 42 10 15 7 19 10 26 55 15 16 27 12 15 32 28 27 11 14 21 39 31 29 9 28 13 23 14 15 16 27 21 15 27 26 26 13 36 21 34 25 25 25 18 25 16 13 24 18 16 29 12 27 15 18 21 37 14 11 35 17 15 14 25 13 8 13 16 26 
15 20 12 16 24 15 29 24 19 24 22 39 37 14 11 8 25 14 18 23 25 17 20 20 13 30 34 28 15 28 29 29 33 24 6 18 15 18 13 16 16 10 19 15 35 36 24 18 29 25 26 18 34 19 19 28 11 11 21 23 10 27 7 22 16 15 21 43 26 20 25 19 20 12 12 16 7 20 18 20 
15 25 21 24 26 35 33 26 16 14 45 33 29 18 13 12 35 13 26 17 16 11 19 28 12 36 27 13 14 12 19 9 26 24 8 23 21 23 18 20 25 19 22 21 26 16 26 17 23 14 26 20 33 28 10 17 10 11 33 17 12 27 9 27 13 25 22 37 15 14 21 13 10 17 11 19 11 13 16 18 
17 22 17 20 19 15 31 32 15 15 40 18 21 10 8 11 17 13 19 38 26 9 20 27 14 42 48 21 8 21 34 20 18 39 12 13 16 28 13 12 11 21 19 19 31 29 23 12 22 27 42 23 18 20 13 20 16 12 20 16 20 42 10 25 20 25 6 20 9 18 12 13 8 5 14 21 6 21 15 9 
12 18 13 17 15 26 19 22 21 26 27 22 29 15 12 12 30 16 21 50 20 15 20 14 11 22 32 37 5 24 35 28 20 20 14 14 14 11 14 12 13 9 19 12 31 28 30 11 16 23 9 20 28 28 22 17 11 14 22 14 9 29 9 12 11 25 16 40 18 33 40 18 12 16 21 15 12 5 16 12 
12 29 24 28 6 32 30 31 14 14 57 13 30 23 13 6 31 9 14 16 19 21 24 19 14 43 36 31 13 24 24 37 24 16 11 30 13 22 8 14 15 23 14 11 36 44 19 9 35 23 13 12 21 23 18 36 20 2 17 19 8 29 12 38 17 28 21 30 22 16 31 17 9 10 17 11 9 18 10 21 
12 22 18 30 14 23 20 17 19 16 28 35 25 22 14 11 30 14 22 23 1 17 29 28 17 32 20 13 11 30 31 28 24 36 4 24 18 25 10 11 12 17 18 22 35 25 18 17 13 33 30 20 30 27 12 23 10 15 18 16 16 34 13 28 15 25 21 25 27 20 26 16 14 13 27 12 8 23 15 16 
21 18 15 35 17 20 35 17 12 13 31 33 22 11 7 13 29 13 20 39 25 14 19 16 8 29 27 41 9 21 32 32 16 29 10 30 8 11 11 14 13 15 25 21 36 23 25 13 26 20 24 19 30 18 15 27 25 9 17 16 17 40 8 20 17 40 12 27 25 22 14 12 10 15 31 10 13 21 15 18 
15 18 12 29 20 21 19 18 15 22 31 31 37 18 16 10 24 16 22 35 23 18 13 30 16 29 29 38 14 30 34 16 24 15 6 25 14 24 13 19 11 14 30 22 32 17 33 9 33 24 31 26 39 23 17 18 16 10 24 18 15 37 12 20 12 15 10 32 27 24 18 11 13 15 18 13 6 18 22 16 
6 24 20 27 11 23 21 26 10 17 30 30 41 12 14 11 20 11 25 19 24 22 24 24 17 32 34 32 11 28 14 40 23 31 10 28 16 22 16 16 27 12 3 17 8 29 28 14 17 16 19 28 21 16 4 26 10 15 20 18 17 32 7 34 11 24 17 16 32 12 15 11 20 11 17 14 13 12 7 8 
19 31 13 20 13 12 29 19 15 9 20 36 33 16 12 10 18 12 23 16 22 18 27 9 14 36 24 27 7 24 16 37 25 40 2 16 18 15 15 17 19 9 22 20 19 33 17 13 13 32 28 11 22 36 16 22 9 10 16 16 19 28 13 23 12 21 14 27 10 22 19 17 15 8 21 18 10 14 23 13 
15 32 5 29 14 21 22 21 10 11 21 39 28 12 18 11 25 15 10 40 20 9 14 23 10 16 37 26 14 14 34 24 17 20 14 42 10 15 16 19 9 18 28 25 20 17 16 10 16 29 51 12 24 32 24 22 22 14 12 13 18 20 17 25 22 27 17 36 22 26 16 18 13 16 25 18 12 20 12 28 
13 19 22 24 24 22 10 28 15 25 27 35 36 21 12 8 27 12 24 23 24 9 32 19 14 31 19 28 14 6 27 17 12 19 14 31 20 15 8 8 9 21 22 19 30 17 14 9 27 8 32 8 25 24 32 31 9 8 23 14 12 20 11 16 22 31 15 32 31 23 19 15 17 8 21 20 13 19 18 10 
19 25 13 25 21 20 24 17 9 23 37 32 41 20 11 12 29 15 29 27 24 13 26 20 16 30 26 17 10 23 40 19 26 36 12 41 15 11 11 14 11 29 20 13 38 10 21 11 25 27 26 23 28 23 18 28 17 11 17 12 18 42 13 36 12 11 25 47 23 24 29 9 10 17 21 11 15 22 19 18 
26 13 15 20 11 25 20 25 9 18 43 34 26 20 15 11 13 13 12 34 18 25 27 24 16 20 27 33 13 15 32 26 26 14 12 31 8 21 10 8 14 13 28 16 28 53 22 12 28 26 41 15 23 23 12 25 20 10 13 10 16 32 10 17 9 18 17 32 23 23 17 20 10 10 27 15 8 16 14 20 
18 26 16 20 18 27 22 31 11 15 21 37 35 16 10 13 23 11 16 33 20 25 15 21 13 27 37 25 9 25 19 44 15 17 9 35 19 16 13 18 17 19 18 19 33 16 12 5 34 42 30 17 35 14 18 27 25 11 22 17 13 14 9 13 19 33 8 29 26 23 13 17 19 14 14 15 9 15 13 25 
22 19 16 26 17 27 24 26 18 18 14 48 23 16 11 7 26 10 28 22 16 12 19 30 16 40 21 37 7 13 30 26 30 22 7 15 17 15 9 11 16 18 22 18 37 18 24 18 29 24 45 24 23 18 25 15 10 11 17 17 15 33 11 31 15 23 16 16 30 13 41 11 14 13 25 24 11 14 19 16 
20 22 12 35 28 30 20 46 19 19 26 41 34 22 9 10 29 12 22 39 23 9 17 15 14 26 35 24 14 6 30 41 32 31 11 24 11 18 11 13 16 18 12 19 25 16 19 15 21 18 22 17 22 24 20 13 13 12 24 17 11 30 12 19 13 24 15 21 27 22 29 17 16 13 22 26 7 23 11 9 
14 24 15 25 24 37 23 18 9 12 37 33 37 19 15 6 30 12 26 36 26 12 35 15 16 17 23 48 12 11 18 18 27 29 9 53 22 21 15 15 13 25 30 18 18 15 12 12 25 32 35 22 19 23 23 23 14 12 19 8 11 29 9 9 19 15 21 30 20 21 25 16 15 12 18 16 12 15 19 12 
15 21 14 31 24 16 30 35 17 30 21 28 16 11 20 9 17 12 20 27 21 17 14 17 11 29 32 34 5 18 33 14 31 39 13 20 20 18 7 23 11 23 18 22 33 28 29 14 29 17 28 24 20 28 14 20 14 10 26 14 13 27 6 27 17 39 15 29 30 27 16 8 16 16 26 17 13 21 20 8 
14 29 19 25 15 18 28 34 18 12 44 27 31 24 16 9 32 13 20 30 20 17 20 34 10 34 29 27 10 22 18 35 23 27 7 19 17 25 20 16 18 24 22 19 31 32 22 16 26 9 25 13 37 18 18 22 24 10 10 18 17 23 9 27 9 41 18 38 28 12 29 17 15 14 27 7 15 21 10 14 
24 15 11 18 20 32 2 18 20 30 47 23 32 23 11 17 31 16 22 37 22 7 20 21 18 20 25 32 10 30 22 40 14 49 6 26 22 11 12 16 9 20 6 12 31 33 27 8 17 28 28 13 11 23 16 17 24 11 23 10 15 33 13 26 14 26 14 33 27 11 31 16 20 16 25 16 15 15 20 24 
13 25 12 28 13 26 19 25 21 16 23 16 27 26 15 14 19 11 15 23 17 17 19 29 11 35 27 32 5 29 19 35 16 26 7 21 13 11 10 13 18 21 17 23 24 27 18 15 30 20 24 22 15 21 15 14 22 16 29 12 14 23 6 24 12 21 14 20 18 26 25 23 14 14 27 13 9 21 8 19 
8 30 13 27 19 23 24 25 15 28 26 34 27 12 15 9 21 12 22 48 17 14 21 8 9 33 23 32 17 19 16 28 31 29 13 14 4 23 13 11 18 24 23 20 30 32 15 17 19 29 40 23 25 25 20 28 22 12 24 20 12 28 13 16 10 37 21 34 33 31 16 19 19 14 18 14 8 19 16 13 
15 25 8 20 20 29 24 13 13 15 16 30 12 24 11 12 23 12 16 37 32 12 23 20 14 32 26 8 16 10 33 32 6 34 7 27 28 28 13 13 11 15 20 16 20 20 31 15 22 19 27 33 35 28 24 21 26 11 12 8 7 33 14 32 18 23 22 30 18 15 29 12 13 17 15 10 13 15 18 23 
17 23 17 25 16 31 24 23 18 23 32 27 41 14 15 15 14 8 30 42 13 22 14 23 11 38 20 32 9 11 24 36 34 29 11 35 15 23 20 18 17 9 20 24 27 26 22 14 21 26 23 12 23 15 21 30 13 15 23 12 18 23 12 31 18 16 13 35 11 25 26 10 13 12 21 18 8 17 18 19 
19 33 16 19 16 24 22 26 18 16 31 25 16 16 15 14 23 14 21 28 22 16 2 10 13 36 18 25 5 24 39 26 32 28 6 33 26 23 13 12 13 18 18 24 28 35 24 12 27 27 26 20 19 20 22 36 11 16 26 14 14 28 9 14 14 29 11 16 20 30 19 19 18 8 21 18 9 16 19 23 
14 25 8 33 5 17 12 22 23 18 30 32 18 15 17 14 19 13 27 26 15 14 17 26 18 29 36 26 11 15 24 27 33 27 9 24 16 10 15 17 16 5 18 26 22 22 15 18 24 22 22 25 17 24 24 28 12 13 25 15 15 23 12 16 13 33 20 40 20 31 37 13 19 15 21 16 8 18 13 17 
11 23 22 25 16 23 19 15 22 15 30 28 43 18 6 8 39 10 5 39 13 14 28 26 14 36 30 27 12 21 16 31 28 14 11 38 16 26 3 11 17 17 21 17 45 36 19 9 32 29 31 8 25 17 21 27 14 17 19 18 12 25 8 14 13 20 16 21 21 21 17 17 18 14 20 20 4 12 17 16 
14 19 11 40 22 19 31 34 19 19 33 29 41 19 17 6 30 6 22 36 22 17 18 18 12 30 27 37 15 12 37 38 32 23 12 24 20 20 8 22 15 18 24 29 35 12 29 13 31 20 31 11 32 20 18 23 12 15 24 20 21 19 12 21 20 13 11 39 9 16 30 18 17 18 29 18 7 11 12 15 
23 29 11 36 19 15 12 26 19 21 18 29 13 21 12 12 24 9 18 35 13 18 12 26 10 31 27 31 13 22 32 29 19 16 9 25 19 18 2 15 12 19 26 18 36 23 29 13 27 25 21 21 33 29 22 19 20 12 23 12 17 25 10 17 20 25 21 33 14 5 21 12 16 16 12 15 14 24 9 16 
13 19 17 20 26 20 34 26 16 16 30 32 34 17 14 12 22 12 21 40 29 18 25 19 12 37 29 19 13 16 32 23 19 25 12 29 22 12 11 17 16 27 23 12 18 31 32 11 10 28 22 24 19 28 16 13 10 14 28 17 8 36 14 21 10 37 18 30 21 19 26 18 15 19 16 12 13 11 11 13 
15 24 14 32 28 32 6 28 15 14 27 45 22 19 12 16 28 9 17 25 20 16 18 15 12 26 38 35 8 8 30 24 31 22 14 32 13 15 18 14 12 16 16 30 22 27 23 17 22 35 30 24 14 16 19 25 12 13 23 18 12 14 11 17 12 26 5 15 25 18 29 13 9 12 15 11 12 27 11 25 
11 29 19 17 19 8 22 24 10 30 30 32 18 11 19 9 24 9 18 29 25 12 27 22 10 26 21 34 16 23 34 37 26 26 10 25 23 26 12 25 14 17 23 27 28 26 20 13 26 13 17 19 28 16 13 15 17 12 15 16 9 30 10 24 19 22 24 25 25 17 14 17 11 16 7 16 13 13 19 18 
14 21 13 34 13 28 27 25 16 20 40 29 26 24 19 15 33 12 24 29 22 13 30 23 10 44 23 38 11 33 28 32 21 27 11 32 24 15 12 18 19 28 22 14 41 24 26 19 33 18 34 12 29 29 29 23 26 19 22 17 9 28 12 19 17 20 12 26 13 21 36 11 18 12 35 13 11 21 22 10 
22 38 20 35 19 34 20 20 16 24 27 24 30 23 11 11 23 11 24 47 22 15 21 32 4 20 26 34 10 30 25 30 29 33 11 24 23 23 14 13 16 22 24 25 29 33 21 13 26 19 29 18 32 25 20 9 15 14 18 13 18 35 7 19 15 23 23 30 22 25 26 11 7 11 24 11 16 20 20 27 
17 31 12 36 15 17 23 14 16 19 34 39 35 12 11 7 24 11 13 38 21 13 17 18 13 43 25 41 11 26 26 34 29 18 8 24 18 20 16 14 9 22 22 24 36 32 20 12 9 20 33 20 29 28 15 21 18 19 18 14 4 20 17 17 20 39 18 24 16 23 31 12 18 12 22 16 10 24 19 17 

MachineCapacities:
MachineID Capacity
0 10
1 10
2 10
3 10
