NumTasks NumMachines NumScenarios
20 4 50
TaskDetails:
TaskID ReleaseTime ResourceConsumption SuccessorsCount Successors...
0 0 1 9 9 7 1 3 
1 0 1 6 1 8 1 3 
2 0 8 7 3 7 2 4 6 
3 0 5 8 6 5 2 4 6 
4 0 6 2 9 2 2 5 7 
5 0 8 4 2 2 2 8 10 
6 0 7 5 8 9 2 8 10 
7 0 4 10 10 10 1 8 
8 0 8 8 1 7 1 9 
9 0 3 9 2 6 0 
10 0 4 9 2 6 0 
11 0 2 7 9 3 1 13 
12 0 7 8 2 8 1 13 
13 0 7 3 4 5 2 14 17 
14 0 3 3 8 3 1 15 
15 0 3 1 3 7 2 16 19 
16 0 7 3 10 7 1 18 
17 0 2 8 10 9 0 
18 0 5 9 7 2 0 
19 0 4 5 6 4 0 

24 26 32 15 15 29 13 11 23 11 12 27 7 21 22 19 26 22 31 10 13 22 17 32 15 15 17 16 30 21 14 7 10 30 19 18 17 17 29 14 20 6 19 17 8 28 17 16 34 16 15 35 22 23 29 13 15 10 38 17 25 17 30 25 12 29 10 9 11 24 18 22 20 27 31 31 10 16 21 24 
21 16 31 14 7 21 26 14 33 16 13 19 28 21 32 27 28 14 27 19 12 24 11 20 19 20 16 22 41 20 12 16 8 28 17 14 20 24 14 37 32 15 22 16 19 29 20 15 22 21 10 24 29 15 28 9 14 10 38 18 31 16 26 27 10 26 12 13 14 25 11 32 26 16 35 33 15 15 15 23 
25 24 22 11 15 25 20 10 24 17 19 27 34 18 27 20 27 23 34 16 13 26 27 23 17 13 15 9 32 15 14 8 13 23 14 11 14 19 24 36 36 14 18 9 10 31 21 12 16 23 11 33 22 27 25 11 12 11 22 32 31 26 25 29 12 30 8 18 10 23 15 25 4 27 27 28 4 24 10 15 
34 30 32 11 10 29 7 13 36 20 20 26 25 25 13 26 22 13 31 11 13 26 23 18 16 10 22 14 26 22 11 6 9 46 16 11 17 22 27 37 40 13 26 23 13 21 9 9 27 18 13 33 32 22 26 29 12 30 33 28 29 32 29 23 10 27 13 13 11 16 26 19 15 28 14 25 12 23 16 15 
23 20 16 14 8 26 29 13 23 17 13 16 30 23 21 26 18 9 18 13 12 20 14 3 20 14 18 17 12 23 13 13 13 20 13 10 24 11 17 28 28 19 27 15 12 31 11 20 17 22 8 19 38 19 19 14 11 14 31 38 18 12 15 17 13 23 11 12 7 31 16 23 24 28 23 24 7 17 13 5 
18 31 18 14 19 15 22 13 31 25 9 28 21 13 11 12 25 18 23 17 11 40 17 8 13 18 13 14 29 28 14 17 13 11 12 15 7 43 25 28 21 10 33 18 7 19 19 14 22 16 17 33 34 21 19 13 14 17 40 32 17 27 33 8 5 30 9 14 11 25 13 20 18 16 12 15 5 21 12 12 
34 35 26 12 15 16 17 12 31 27 17 40 32 24 22 13 27 20 33 10 11 27 13 15 17 16 32 10 27 30 15 14 10 18 16 15 8 19 30 30 40 15 22 23 16 26 30 22 17 10 13 36 33 9 30 14 18 20 13 34 13 15 21 30 6 27 6 12 8 12 15 20 19 21 23 30 11 23 16 17 
27 20 20 14 10 22 17 3 30 14 22 33 37 12 24 21 30 15 11 6 18 17 14 22 18 9 23 20 33 31 19 15 10 31 21 11 25 24 33 18 36 20 22 27 21 27 17 15 20 17 6 33 14 31 25 17 16 9 30 31 33 32 10 34 11 28 9 12 12 28 19 18 14 32 25 25 9 11 18 14 
41 25 32 10 14 23 12 9 23 19 7 25 27 15 17 17 26 24 19 15 19 14 20 14 17 18 15 12 13 20 13 15 10 21 15 10 29 16 29 35 23 12 19 13 13 25 8 17 16 21 5 21 21 14 39 13 8 23 18 23 18 36 25 33 11 24 13 15 15 12 11 32 17 23 11 18 10 19 18 18 
29 26 41 13 13 30 8 14 29 19 13 25 42 21 24 17 25 28 23 11 15 23 18 23 19 19 19 12 29 26 12 14 10 32 14 13 15 12 13 24 28 6 37 21 5 20 26 26 13 18 11 44 41 22 18 17 18 21 26 32 14 28 15 24 12 31 9 13 6 23 19 16 24 29 23 24 11 17 15 14 
8 16 19 10 10 26 24 10 30 23 19 56 41 17 23 21 20 9 31 9 11 30 13 18 17 17 19 17 28 19 14 21 8 30 20 6 14 35 28 25 24 8 12 9 19 26 20 16 28 13 18 16 33 15 26 17 10 16 19 23 26 5 25 16 8 32 14 3 18 28 13 22 20 34 38 29 12 27 11 34 
20 23 15 7 6 34 16 11 37 25 16 19 44 19 25 13 29 24 27 10 11 18 14 26 23 20 24 17 35 21 12 5 17 32 20 12 26 28 23 17 28 12 28 22 13 27 17 18 22 24 11 16 27 19 14 17 8 15 19 21 28 12 29 21 7 26 14 15 11 34 12 37 19 27 13 23 4 20 18 23 
25 19 17 11 10 20 19 14 29 26 9 33 34 11 29 28 37 22 21 10 13 10 21 26 23 13 18 12 33 29 13 26 13 18 17 10 16 22 26 35 28 15 22 11 15 37 14 14 23 13 17 25 33 12 5 16 15 18 36 25 25 26 32 18 6 28 7 10 9 21 11 19 12 19 29 35 9 17 18 23 
25 29 27 16 18 17 12 15 14 22 15 33 33 27 14 22 34 22 23 15 15 27 26 28 13 15 13 18 37 26 11 17 15 23 13 7 13 28 24 28 32 12 31 13 10 21 15 10 22 24 9 27 29 25 27 16 10 9 30 24 21 29 18 12 8 18 13 9 12 23 22 18 23 36 33 30 11 20 15 21 
13 20 29 4 14 22 20 5 16 16 16 31 41 21 25 27 29 21 16 14 20 36 12 24 17 15 20 17 27 18 13 20 14 21 16 11 19 18 26 39 33 14 27 15 10 25 11 21 19 21 17 26 25 32 15 14 8 19 35 41 19 37 38 23 11 26 5 8 10 31 3 30 19 14 34 19 10 16 16 31 
29 24 25 6 6 11 10 10 20 20 15 18 16 28 24 23 27 29 21 15 9 12 18 23 13 12 12 22 15 13 13 19 7 23 25 17 18 32 20 33 41 12 16 15 13 18 11 13 32 18 9 30 30 17 19 17 13 19 30 34 20 42 24 23 11 35 12 12 12 35 15 20 16 33 27 23 9 16 13 22 
31 19 16 13 17 11 21 8 32 11 8 14 21 23 25 29 13 13 23 10 18 15 12 28 10 15 16 17 20 17 16 9 11 25 15 14 18 24 28 14 34 18 28 24 16 16 17 15 30 22 14 29 40 38 30 10 15 21 35 35 17 19 25 18 12 28 9 12 13 27 7 19 14 28 36 31 12 21 13 17 
18 36 23 17 11 21 25 14 39 19 12 41 26 23 36 19 26 23 20 20 8 32 17 33 6 11 19 12 24 27 13 16 17 20 17 16 14 32 30 30 34 10 19 16 10 16 23 20 28 19 12 35 20 21 39 22 10 16 20 14 20 46 19 20 9 20 12 11 17 13 15 30 21 25 26 19 12 14 23 19 
17 26 37 12 16 17 24 8 24 23 12 10 23 25 26 29 20 23 21 13 12 31 17 16 19 14 21 12 37 23 14 10 8 18 25 9 12 18 24 14 21 8 38 3 12 26 18 16 19 14 8 27 34 21 28 15 15 12 27 8 29 29 26 20 12 24 9 11 13 21 20 38 22 18 18 23 11 27 10 17 
26 16 42 10 12 7 22 14 23 16 20 28 27 20 28 32 24 19 21 7 18 22 17 23 21 14 24 13 30 16 16 21 5 19 18 12 17 11 27 30 28 16 33 15 11 18 14 14 28 14 12 15 26 26 31 4 13 17 38 6 28 15 26 15 6 27 17 15 11 27 21 22 27 18 24 25 11 19 11 27 
26 36 20 9 11 22 17 9 23 15 5 41 13 13 17 14 32 17 43 17 15 30 20 20 14 16 11 11 31 26 15 10 7 29 18 14 15 24 32 27 21 12 21 24 17 26 21 17 18 17 12 24 26 25 41 13 18 12 22 24 27 26 21 29 12 33 2 7 18 27 17 18 25 18 25 16 7 20 13 22 
24 37 30 12 14 27 22 13 20 15 15 41 29 15 12 22 17 26 32 10 13 16 21 21 19 13 18 14 29 33 11 13 12 14 18 8 16 32 34 32 37 12 38 11 14 15 7 17 23 22 15 9 40 28 33 14 13 17 30 35 22 34 21 13 9 24 9 15 15 18 3 33 22 22 27 37 6 24 15 26 
26 28 43 12 6 27 11 13 22 13 18 32 34 12 24 27 28 26 18 12 16 26 16 33 10 11 19 18 25 30 12 16 5 25 18 12 16 32 24 33 35 12 21 8 11 27 17 17 21 14 10 28 25 28 26 14 16 14 15 32 25 36 32 29 7 27 7 12 14 29 13 21 27 24 20 18 10 15 17 28 
20 11 38 9 10 26 26 10 23 22 16 24 37 21 29 22 34 28 31 16 17 24 19 14 15 17 9 18 31 26 20 8 11 24 22 14 21 26 24 37 33 8 25 22 8 32 12 14 21 15 11 3 38 34 25 15 14 9 34 41 20 28 14 21 11 26 12 16 12 26 16 30 18 20 35 34 11 22 13 19 
19 25 30 10 14 26 20 13 10 13 18 27 30 22 22 8 32 17 29 18 10 35 11 22 23 20 13 9 32 18 15 5 9 34 10 7 23 22 36 29 29 13 22 18 11 22 15 14 17 17 13 17 21 23 28 11 9 12 17 43 36 11 26 30 13 40 13 14 8 27 10 44 23 24 26 44 17 15 14 22 
16 32 13 16 16 28 14 8 26 22 8 20 43 27 22 28 27 14 22 14 19 25 17 22 14 15 15 18 33 20 12 12 9 27 16 10 23 26 30 17 42 5 15 24 16 19 18 14 20 17 12 30 48 23 14 18 9 12 28 34 15 28 27 22 10 36 12 8 14 24 8 36 16 27 34 11 10 24 4 13 
31 18 21 14 21 14 15 13 37 12 14 30 29 12 32 31 35 28 34 22 21 45 15 14 15 17 12 9 25 18 14 12 9 27 17 14 13 19 31 31 22 13 10 18 15 22 16 16 29 11 7 43 43 29 30 13 13 25 33 23 16 24 43 31 14 24 13 11 12 21 8 27 12 35 21 42 8 15 11 16 
22 37 31 14 13 18 15 9 22 12 17 31 18 26 24 28 27 35 28 16 3 14 21 21 16 13 25 22 25 23 15 18 14 36 15 12 21 26 32 33 27 3 37 19 21 26 24 17 23 21 11 23 21 24 23 16 12 23 29 34 20 15 31 14 12 38 10 8 18 18 20 17 14 26 21 31 15 12 16 18 
31 29 15 18 23 14 7 13 25 12 12 18 21 18 22 29 26 23 33 12 13 20 21 14 16 19 21 21 26 18 14 9 3 24 11 13 16 19 36 34 28 15 19 15 20 30 14 16 18 20 14 43 26 27 31 11 15 26 27 19 23 48 27 14 14 20 7 11 11 27 18 5 15 26 32 29 13 11 15 16 
16 30 40 10 13 13 23 12 28 17 17 15 22 8 21 15 27 15 17 10 14 16 20 21 21 12 20 19 23 32 12 12 10 30 14 9 13 35 6 38 25 22 23 20 15 23 18 12 12 25 7 27 26 32 29 18 9 15 13 31 34 11 21 23 15 24 10 17 13 14 18 28 14 29 26 31 6 20 15 22 
34 41 24 13 11 14 21 7 25 14 10 23 32 20 15 19 17 19 32 17 12 24 15 18 14 7 21 15 32 22 13 17 16 29 22 11 13 21 27 44 40 14 28 16 16 10 14 15 20 17 10 23 32 22 22 12 7 13 28 34 18 25 22 27 11 15 10 14 24 27 15 34 26 25 31 25 9 17 14 23 
15 48 48 10 12 27 17 11 29 12 15 33 33 20 24 24 30 14 13 14 12 21 13 16 18 17 16 16 41 21 10 8 13 24 14 3 28 22 26 28 38 14 35 11 20 7 18 15 13 9 17 28 42 18 26 12 8 23 28 37 25 29 25 16 9 31 8 14 9 18 12 14 20 38 25 24 10 13 17 22 
13 30 25 12 11 23 18 6 31 14 13 25 40 31 17 32 34 27 20 11 17 31 22 27 22 16 11 18 39 16 12 13 8 29 13 14 15 23 23 17 24 15 31 13 8 18 15 15 19 31 19 29 41 21 24 11 14 17 23 25 21 20 36 12 11 27 9 17 16 30 7 14 24 28 17 32 13 18 14 21 
25 38 34 12 13 14 18 10 33 19 13 30 36 21 27 26 26 14 23 16 4 27 13 26 15 16 25 17 22 29 13 14 11 31 17 15 21 28 24 36 12 14 15 11 13 28 18 2 31 17 15 23 26 25 25 19 10 14 32 27 25 21 29 33 10 22 13 12 11 18 20 20 17 17 20 20 15 20 5 18 
22 38 27 8 23 16 21 14 23 17 21 39 33 26 20 26 35 26 35 18 19 31 21 28 21 13 26 19 20 27 13 17 15 26 21 17 14 31 21 32 26 11 29 18 14 24 18 14 22 13 12 24 26 32 26 15 12 4 30 36 35 27 20 26 11 18 12 10 14 26 19 20 21 17 17 24 12 21 18 16 
27 30 23 15 15 18 20 10 29 25 12 38 22 13 27 26 12 27 20 11 11 15 18 15 22 15 15 15 24 28 12 10 10 29 20 9 11 42 36 40 32 24 30 13 15 23 26 13 21 17 12 23 27 14 28 11 10 20 28 36 28 33 39 14 10 25 3 13 14 29 18 15 24 18 32 16 12 18 7 19 
24 38 31 6 11 19 13 14 26 21 13 24 26 24 20 27 29 24 20 18 20 25 21 19 10 26 19 14 42 22 10 12 18 27 17 12 19 26 25 21 15 19 29 15 16 20 15 20 35 20 11 17 26 21 27 16 7 12 25 40 24 20 27 25 9 20 7 13 11 26 15 20 28 31 23 20 10 20 17 15 
29 27 42 12 12 24 16 9 31 13 10 22 21 15 18 13 34 22 21 14 13 25 13 29 20 24 24 16 36 19 15 17 13 20 12 12 21 32 29 39 25 18 13 18 16 26 22 17 28 15 18 22 24 25 18 14 9 16 19 16 14 27 27 19 9 29 11 13 17 25 25 32 27 26 34 24 7 17 15 26 
24 34 21 10 16 20 10 14 24 23 16 22 34 12 26 17 33 19 43 13 8 14 25 19 20 19 12 17 29 27 9 9 6 28 18 12 17 15 21 22 35 13 28 18 17 32 26 11 29 20 11 37 34 32 23 15 15 21 24 29 23 37 35 31 9 23 7 14 12 23 7 23 27 11 16 17 9 24 17 32 
22 26 31 15 13 22 16 12 39 12 14 27 22 10 17 15 30 23 32 12 14 30 18 22 20 21 23 18 27 30 3 19 9 27 13 16 22 24 34 14 23 15 21 20 13 21 21 19 31 13 15 30 34 17 21 15 13 25 29 16 21 22 18 18 10 28 14 9 14 18 17 21 13 15 25 28 6 13 10 28 
26 34 29 11 10 27 12 13 31 11 12 11 28 22 32 21 28 23 31 16 23 32 24 16 22 16 16 15 35 20 12 14 10 35 21 13 22 31 31 27 30 19 38 16 6 20 6 16 12 22 10 23 31 28 33 23 12 18 28 15 15 33 32 23 14 25 5 13 12 37 19 14 24 22 34 18 15 15 17 10 
39 29 22 14 16 17 7 14 24 27 5 26 39 24 33 25 20 20 29 10 11 25 11 15 15 20 13 13 27 14 14 10 14 15 19 16 13 29 20 22 26 15 26 20 20 25 20 15 22 15 8 35 16 27 24 21 10 18 25 6 14 35 18 14 9 19 7 10 13 13 12 25 25 22 16 30 6 18 15 20 
34 22 7 14 8 15 25 7 27 23 16 12 27 21 27 33 26 13 27 14 20 24 28 16 14 12 19 18 33 31 11 14 10 19 22 13 20 36 35 40 38 16 20 27 16 14 19 12 23 14 6 28 21 17 27 15 6 16 33 28 31 34 27 21 3 21 8 7 9 26 14 18 22 26 17 29 12 10 17 22 
19 31 40 10 19 24 17 15 22 26 17 36 23 21 18 27 25 23 32 24 9 31 8 31 17 19 30 22 26 29 15 11 10 16 18 5 18 27 30 29 27 12 16 19 3 29 15 19 19 5 14 23 31 18 28 13 13 10 26 17 27 21 30 15 9 19 5 7 8 19 19 25 25 29 28 21 9 20 15 25 
33 35 38 15 12 35 19 13 16 19 15 35 35 10 19 16 31 25 11 18 16 27 21 18 19 10 22 15 41 21 6 11 13 39 21 6 13 35 27 25 34 18 23 15 15 16 18 18 21 22 13 27 25 15 16 14 14 13 29 20 14 35 27 29 7 30 9 9 13 20 18 31 24 13 29 14 19 18 12 15 
18 30 45 16 15 28 17 11 25 20 12 24 13 26 18 25 21 20 36 14 15 26 22 27 19 12 12 24 26 15 9 12 9 16 16 14 13 9 15 36 36 13 20 15 14 20 17 20 25 14 9 18 34 21 21 11 10 11 34 25 27 41 37 13 16 29 10 10 11 24 11 31 23 25 18 31 10 25 17 28 
20 23 17 11 19 17 12 11 28 14 20 25 35 14 32 14 26 31 32 10 11 21 17 26 13 15 19 12 24 21 9 9 13 16 17 10 29 35 33 35 24 13 43 20 14 15 11 14 20 20 9 23 10 28 33 13 8 20 15 19 7 31 41 11 11 15 14 17 10 28 15 14 16 18 27 24 13 14 16 13 
20 18 13 9 18 27 13 13 26 21 17 34 27 21 23 22 20 29 24 17 12 23 22 17 18 7 27 15 42 32 10 17 9 36 19 10 20 37 9 30 30 9 33 21 10 23 17 11 29 20 14 38 19 23 22 11 8 20 17 44 23 28 33 17 8 14 7 11 12 25 20 17 23 29 19 26 13 21 19 17 
25 32 37 15 13 17 26 14 28 20 14 31 32 17 20 16 15 13 22 17 11 12 18 22 13 23 20 11 34 18 14 7 9 40 15 7 20 25 35 31 26 17 20 19 18 21 23 14 25 23 11 21 37 26 31 19 17 12 21 35 30 16 42 16 12 13 8 9 16 23 15 26 20 29 28 23 12 17 10 22 
27 34 24 6 9 19 10 11 23 27 10 34 21 14 22 23 25 16 28 17 12 33 29 19 20 13 25 9 16 16 10 13 11 29 15 16 24 21 29 22 25 9 32 14 10 28 19 14 31 16 10 55 19 21 23 9 5 18 33 14 27 36 23 30 9 23 11 11 13 25 10 17 22 3 31 25 6 17 13 17 

MachineCapacities:
MachineID Capacity
0 10
1 10
2 10
3 10
