NumTasks NumMachines NumScenarios
20 4 10
TaskDetails:
TaskID ReleaseTime ResourceConsumption SuccessorsCount Successors...
0 0 9 8 3 7 3 6 8 10 
1 0 4 2 5 8 2 3 7 
2 0 3 7 3 4 0 
3 0 6 2 6 4 4 6 8 9 10 
4 0 4 4 3 5 1 7 
5 0 7 5 10 8 2 8 9 
6 0 8 7 6 4 0 
7 0 7 1 2 6 0 
8 0 2 5 1 6 0 
9 0 1 6 5 10 0 
10 0 6 6 2 6 0 
11 0 2 5 3 9 2 17 18 
12 0 7 7 6 7 0 
13 0 8 4 7 6 3 16 17 19 
14 0 2 8 1 3 3 16 17 19 
15 0 7 2 8 6 1 19 
16 0 3 5 1 6 0 
17 0 8 4 3 3 0 
18 0 9 1 6 7 0 
19 0 5 3 2 9 0 

13 7 28 19 8 16 30 37 36 28 11 14 45 16 26 11 24 16 16 23 29 21 12 24 21 27 20 9 27 8 17 19 24 38 14 28 18 12 15 20 20 16 31 18 11 16 33 36 11 21 22 33 30 32 24 8 11 13 11 31 13 13 44 15 22 15 20 7 20 26 22 22 37 28 16 15 28 18 25 19 
12 11 23 13 19 13 17 20 31 19 14 22 18 22 38 17 33 8 31 18 18 25 11 21 12 34 20 12 18 12 10 24 35 39 14 25 16 10 21 15 21 29 26 29 11 27 30 31 18 24 17 42 35 27 22 9 17 11 16 22 25 9 28 10 24 14 28 11 19 24 17 26 32 27 20 18 40 11 22 20 
10 3 8 27 14 13 19 23 19 44 21 19 35 16 24 17 23 5 28 15 13 32 9 14 24 27 26 11 14 16 12 33 31 8 42 27 21 7 7 14 10 8 20 26 9 44 28 30 17 45 13 36 28 22 28 10 16 16 15 16 29 23 26 18 35 14 18 12 17 18 12 32 25 14 22 11 22 9 14 20 
9 4 18 17 6 18 21 24 32 25 21 12 46 26 19 14 33 9 15 14 30 13 15 19 22 32 16 9 24 18 18 25 28 40 12 30 10 10 14 12 18 13 15 11 10 27 29 32 14 34 14 24 32 23 27 8 21 20 11 19 23 23 22 15 25 15 15 9 23 19 15 32 18 27 19 11 35 13 18 17 
4 13 12 13 11 19 25 39 21 25 12 15 51 21 33 15 28 8 25 14 52 38 12 36 18 29 15 13 11 14 17 26 15 34 22 20 13 11 20 11 11 13 26 31 12 21 38 8 15 11 29 39 20 16 14 22 19 12 16 28 23 14 16 10 32 15 28 8 16 15 11 19 20 26 22 23 15 10 17 7 
11 12 17 14 11 9 16 29 28 22 11 8 31 19 34 12 20 7 21 22 49 29 13 23 17 24 13 9 14 18 19 21 16 34 32 30 13 10 15 7 17 17 23 21 13 26 30 14 19 25 21 35 29 25 19 9 15 12 18 26 24 21 33 10 29 19 21 6 29 21 12 15 16 35 24 13 17 14 15 16 
12 9 15 19 8 19 21 26 25 28 18 19 15 17 33 14 27 10 26 13 27 30 11 27 12 31 14 9 31 18 20 14 27 28 26 35 20 10 18 9 22 14 29 20 16 23 31 15 15 30 16 21 28 23 18 20 19 6 19 19 36 13 17 13 26 17 18 13 21 26 14 26 32 31 19 18 25 16 18 19 
12 17 26 17 10 13 27 36 32 26 12 16 23 15 36 14 41 14 13 13 32 17 11 31 15 24 17 12 18 10 23 32 29 39 23 44 14 5 15 16 16 12 23 22 12 32 30 23 18 24 19 50 40 29 18 14 17 7 15 30 29 22 27 11 8 15 20 12 14 20 12 22 26 29 16 12 32 15 19 18 
6 9 23 20 11 16 23 12 26 35 7 16 26 23 26 9 32 10 26 15 28 11 13 28 12 31 19 13 29 23 13 24 27 40 14 46 13 13 21 9 16 14 28 20 13 42 10 32 22 38 18 29 23 27 29 13 15 19 20 23 22 20 38 10 16 13 24 14 20 17 20 14 30 17 10 13 30 14 16 27 
14 6 23 17 13 13 17 38 32 39 7 15 32 33 30 9 25 7 24 14 14 32 15 23 8 23 18 13 16 11 18 39 17 26 19 29 13 11 17 18 13 16 22 14 12 29 34 27 18 25 18 31 27 20 28 15 5 17 15 11 14 14 26 15 18 16 22 9 20 27 19 17 24 24 14 19 16 8 27 14 

MachineCapacities:
MachineID Capacity
0 10
1 10
2 10
3 10
