NumTasks NumMachines NumScenarios
20 4 10
TaskDetails:
TaskID ReleaseTime ResourceConsumption SuccessorsCount Successors...
0 0 9 9 9 2 1 5 
1 0 2 9 5 4 5 7 10 11 12 14 
2 0 2 4 5 6 4 8 9 11 12 
3 0 5 2 6 7 1 8 
4 0 3 2 4 8 4 5 8 9 12 
5 0 3 2 4 8 0 
6 0 10 8 10 5 1 14 
7 0 4 5 9 9 0 
8 0 9 6 10 7 1 13 
9 0 4 2 2 2 1 14 
10 0 5 4 9 10 0 
11 0 5 4 3 9 0 
12 0 3 3 2 3 1 13 
13 0 2 4 3 4 0 
14 0 8 10 1 3 0 
15 0 4 5 9 4 2 18 19 
16 0 3 2 1 9 0 
17 0 4 7 1 6 0 
18 0 3 6 4 7 0 
19 0 6 6 4 6 0 

21 20 34 23 13 14 27 10 12 22 20 21 44 12 40 16 22 15 29 31 13 26 25 27 37 18 17 16 33 23 15 23 30 13 26 10 24 19 22 23 29 14 23 15 12 34 21 21 18 26 15 28 20 20 12 10 14 12 48 16 13 16 9 9 27 18 15 27 22 23 20 11 18 51 20 38 31 11 14 17 
30 11 31 30 19 10 16 17 16 23 18 22 38 19 18 23 22 24 16 26 17 19 14 16 22 10 20 17 29 23 24 39 33 11 23 8 17 21 20 33 16 14 21 18 10 13 32 16 27 29 12 26 22 30 10 6 9 12 23 18 11 26 11 6 30 14 13 49 19 19 17 27 28 41 20 28 36 11 13 30 
38 14 34 21 18 12 14 11 11 28 12 21 30 14 25 26 19 27 11 14 18 38 23 12 21 14 9 34 36 13 23 36 27 15 15 12 36 41 21 21 21 23 16 9 9 21 22 26 22 34 13 21 16 28 15 16 11 14 39 15 10 17 12 23 36 16 19 33 44 19 20 7 26 24 44 34 12 16 17 18 
35 15 39 33 16 11 25 20 17 25 7 8 20 7 19 22 23 15 17 35 22 24 25 22 23 9 21 25 41 18 36 29 24 8 29 13 31 26 29 39 18 17 33 24 9 15 17 18 20 30 13 19 9 30 13 16 9 14 28 21 14 9 9 13 10 18 13 19 20 18 19 31 29 19 15 32 36 14 17 18 
28 17 16 21 20 13 23 19 19 8 16 13 34 14 29 13 27 44 14 15 15 28 25 26 24 15 23 27 38 22 25 33 27 10 23 12 17 16 15 21 33 14 25 27 10 28 23 32 13 33 14 14 18 7 12 17 17 14 51 30 6 23 9 15 22 21 13 24 21 22 12 16 22 16 25 22 22 24 12 20 
40 22 19 19 30 20 24 17 12 25 25 11 18 12 19 27 17 26 12 21 15 26 33 23 26 22 22 35 33 20 15 48 22 12 32 11 31 31 23 19 35 23 22 31 12 27 22 29 36 48 14 30 11 17 17 17 11 15 38 14 12 22 8 18 14 18 10 23 22 23 12 28 25 39 22 18 44 21 14 17 
35 21 28 28 12 12 12 14 13 15 11 18 30 13 15 19 19 29 22 34 16 25 27 13 47 15 22 39 29 14 11 25 20 15 24 7 33 37 30 15 18 14 20 25 8 19 25 17 25 33 16 26 29 22 12 12 11 11 24 18 9 22 3 18 25 15 12 32 31 31 12 31 22 29 23 17 31 20 13 27 
41 14 22 17 13 16 22 18 14 22 16 25 24 12 23 18 22 47 20 36 23 6 17 24 20 9 19 29 34 13 20 16 31 18 25 11 24 28 27 46 25 12 24 17 14 30 19 26 24 27 8 33 17 24 7 17 13 12 22 13 10 13 8 21 21 15 17 26 26 26 18 10 21 37 27 5 19 16 13 17 
36 21 36 36 27 16 28 13 8 30 9 15 31 12 23 22 21 35 17 24 18 12 23 16 37 18 14 35 44 26 25 14 22 13 18 14 21 36 28 31 22 22 19 14 12 30 22 15 32 35 10 23 12 20 14 10 12 13 18 23 16 20 9 17 37 16 13 26 22 31 14 21 26 17 24 31 35 15 16 23 
42 21 29 21 21 19 32 19 9 31 24 19 33 14 31 17 25 19 27 22 21 38 21 13 27 17 20 45 27 22 29 36 34 8 28 10 32 29 29 37 14 9 20 11 10 21 27 31 30 30 10 14 20 20 13 11 6 9 30 22 9 23 11 18 14 12 16 43 16 15 7 5 18 25 29 16 27 11 14 19 

MachineCapacities:
MachineID Capacity
0 10
1 10
2 10
3 10
