NumTasks NumMachines NumScenarios
20 4 10
TaskDetails:
TaskID ReleaseTime ResourceConsumption SuccessorsCount Successors...
0 0 6 3 2 4 1 2 
1 0 8 8 10 3 2 5 6 
2 0 6 3 1 9 1 6 
3 0 7 7 3 9 2 5 6 
4 0 7 6 6 4 1 5 
5 0 6 10 2 5 0 
6 0 4 5 1 7 0 
7 0 9 3 4 2 4 10 11 13 14 
8 0 7 3 4 6 5 14 16 17 18 19 
9 0 3 9 7 5 3 15 18 19 
10 0 7 2 3 8 3 15 17 19 
11 0 2 1 9 9 3 16 18 19 
12 0 4 2 10 5 2 15 19 
13 0 3 2 2 5 2 17 18 
14 0 9 4 8 6 0 
15 0 2 2 9 9 0 
16 0 9 2 3 6 0 
17 0 3 10 9 5 0 
18 0 5 8 7 5 0 
19 0 4 7 9 4 0 

37 10 27 19 19 14 23 18 17 10 18 20 18 12 19 27 17 12 10 18 36 32 23 21 17 26 16 16 22 15 24 14 35 11 13 25 16 17 30 34 18 12 13 21 31 19 23 18 14 16 19 18 12 16 28 16 17 26 25 28 27 31 30 22 20 36 40 15 27 26 28 10 14 18 26 19 41 26 21 18 
14 15 17 22 22 14 19 13 32 16 18 9 11 12 19 14 16 17 13 22 23 29 20 19 12 43 27 9 18 11 30 13 40 14 13 35 20 11 25 29 34 14 13 37 20 25 27 25 10 16 25 8 11 19 18 15 23 22 27 18 21 24 44 34 12 31 24 21 32 23 32 12 9 17 37 17 25 19 18 27 
47 17 20 16 21 25 17 17 38 14 19 14 25 12 16 23 17 11 13 35 22 36 20 24 15 29 14 13 19 12 34 14 42 26 8 23 22 23 20 11 25 17 15 22 20 28 23 18 11 14 24 9 8 30 30 18 24 31 25 28 19 7 13 12 22 13 23 18 34 35 27 15 14 23 36 17 41 27 19 23 
25 12 27 16 14 16 22 14 53 4 25 13 17 11 17 27 13 14 12 40 16 26 17 18 16 28 19 9 25 13 23 14 21 31 15 27 12 24 35 26 19 15 22 34 24 15 23 25 12 16 28 10 14 26 30 15 21 13 27 29 46 21 22 23 22 22 28 13 32 16 32 16 14 23 39 17 28 22 29 22 
35 11 21 13 21 9 14 17 22 23 21 20 24 11 13 19 8 14 10 18 24 25 22 21 16 28 18 10 24 20 26 15 38 21 12 38 16 13 14 18 22 14 13 16 19 29 25 24 6 13 26 8 10 21 19 15 10 26 31 33 38 23 31 13 26 30 12 19 22 22 19 11 12 37 22 16 34 15 27 21 
14 12 29 18 20 25 25 16 32 16 16 11 21 9 20 33 22 18 12 33 21 49 13 15 10 32 19 18 21 9 34 15 28 22 11 30 25 15 30 36 19 14 22 16 23 29 31 23 7 15 20 9 8 24 21 18 18 21 27 14 37 32 34 26 16 30 27 13 41 23 29 10 8 17 34 18 25 23 28 8 
28 16 21 26 24 18 14 13 44 19 15 21 12 9 21 16 28 21 12 29 25 19 25 24 15 33 18 10 28 13 23 12 17 29 16 25 17 19 31 15 14 17 21 22 23 29 13 22 11 15 29 14 14 22 15 15 30 29 29 37 37 17 26 27 20 23 25 16 21 14 32 13 6 24 18 20 32 20 30 18 
30 12 12 14 24 11 23 7 52 24 30 14 28 8 20 24 16 20 12 39 14 23 23 20 14 25 22 11 15 13 39 12 31 28 14 18 19 23 25 22 19 15 12 25 15 24 24 17 9 9 25 20 9 28 24 22 17 29 12 14 19 21 29 18 20 28 38 11 26 26 36 14 12 34 48 28 19 28 24 25 
26 12 23 19 23 21 16 20 25 24 17 15 26 15 24 16 25 13 12 17 21 31 13 28 14 25 22 13 23 14 33 12 45 32 14 28 11 16 24 37 27 13 14 13 21 23 29 17 12 16 26 16 9 28 24 16 18 30 13 33 30 29 36 28 18 38 21 16 24 17 25 16 7 14 39 10 20 20 23 13 
29 11 28 18 9 16 14 12 15 14 8 18 18 17 13 14 9 17 6 29 26 35 19 23 12 33 13 18 29 13 25 14 38 26 10 29 25 16 22 26 13 10 7 23 14 21 21 23 19 7 12 18 10 38 15 15 21 30 11 25 32 11 22 21 23 18 31 8 30 29 28 21 13 29 21 17 44 33 25 23 

MachineCapacities:
MachineID Capacity
0 10
1 10
2 10
3 10
