NumTasks NumMachines NumScenarios
20 4 10
TaskDetails:
TaskID ReleaseTime ResourceConsumption SuccessorsCount Successors...
0 0 10 3 4 10 3 2 3 4 
1 0 7 1 6 6 0 
2 0 6 5 6 2 0 
3 0 3 7 9 6 0 
4 0 5 1 6 8 0 
5 0 2 2 7 2 2 11 12 
6 0 7 10 2 9 4 11 14 15 18 
7 0 4 1 6 5 2 12 15 
8 0 6 8 8 7 3 10 13 14 
9 0 2 2 10 8 2 15 19 
10 0 10 9 8 4 3 11 15 18 
11 0 9 4 2 3 1 17 
12 0 7 2 9 6 2 13 17 
13 0 3 5 3 1 1 19 
14 0 4 7 5 10 1 19 
15 0 8 9 5 1 0 
16 0 4 6 4 5 1 17 
17 0 1 2 10 7 0 
18 0 7 7 10 3 1 19 
19 0 1 4 1 5 0 

28 10 10 17 14 11 13 17 19 15 14 10 12 16 25 13 41 30 21 18 31 18 34 20 31 28 9 26 22 32 11 18 12 15 22 18 31 30 9 44 14 10 19 17 11 36 24 15 18 42 26 24 35 17 11 16 6 8 17 17 15 20 15 12 13 22 41 15 22 11 12 31 23 10 18 14 9 17 20 26 
15 11 17 11 33 25 19 23 18 16 13 11 24 10 22 15 27 36 12 19 21 19 45 35 19 15 11 12 17 36 25 10 11 14 20 10 31 12 10 21 18 12 27 21 9 22 17 16 28 18 26 19 40 13 13 16 27 8 12 14 11 22 26 7 11 9 25 11 15 21 10 25 21 11 14 10 15 16 22 25 
16 11 16 20 21 22 17 41 11 20 10 12 19 22 24 9 34 47 22 22 21 17 27 31 24 22 9 25 16 26 19 13 19 16 28 23 18 30 12 13 17 15 21 25 10 16 17 15 20 44 12 25 39 12 12 21 21 8 29 17 12 24 32 17 12 15 25 16 18 21 15 13 17 16 13 10 12 17 15 27 
22 14 14 18 27 9 20 29 13 21 10 11 18 3 31 11 31 12 16 13 40 17 43 40 37 15 8 17 20 28 24 14 15 11 20 30 42 29 16 11 14 11 16 15 10 26 12 22 21 34 30 25 40 22 5 20 18 10 24 18 13 17 31 15 13 14 31 13 33 11 23 15 23 5 19 13 12 10 18 29 
18 8 14 17 28 30 11 30 16 16 11 7 29 12 16 13 19 26 15 16 30 13 29 20 25 29 7 20 17 21 15 15 11 11 18 30 13 28 8 36 15 5 28 20 13 24 22 25 28 49 57 22 16 21 10 13 22 9 28 17 17 20 28 16 13 22 26 9 20 32 16 17 28 7 12 13 10 14 19 27 
16 13 12 16 16 25 18 19 13 12 9 5 26 13 22 17 19 23 24 17 15 7 23 32 30 25 12 22 14 19 19 15 11 14 24 20 22 23 11 27 14 12 25 12 17 26 5 26 23 33 28 38 35 12 17 13 26 9 25 10 10 17 22 9 9 24 35 13 22 21 19 9 24 9 16 19 11 18 22 31 
15 13 17 14 5 19 19 26 7 12 10 13 19 17 16 12 37 21 25 16 33 13 15 19 29 30 7 30 6 32 25 11 11 14 18 26 31 19 9 33 14 14 27 17 12 30 19 21 27 28 24 24 19 12 20 17 24 11 17 7 16 17 44 21 14 11 27 6 32 24 22 18 21 10 17 12 13 14 13 33 
23 11 26 14 31 23 17 12 16 13 8 13 33 12 28 14 41 28 17 15 29 13 27 25 22 23 14 10 15 32 19 12 14 12 30 28 33 25 6 18 15 12 16 13 18 23 20 7 20 32 32 24 23 17 12 17 24 7 29 4 11 23 12 13 9 22 29 11 17 28 14 22 21 14 11 12 12 18 14 22 
18 10 14 10 24 26 10 35 7 15 12 5 29 16 17 12 48 25 11 21 36 15 28 39 27 25 13 30 22 17 16 13 17 14 5 29 29 17 15 32 19 11 23 14 12 27 18 17 12 33 34 40 30 15 14 18 21 10 9 13 15 20 36 13 12 21 39 8 23 41 26 21 32 13 15 13 13 12 21 19 
25 13 14 12 20 18 10 21 12 19 14 13 28 14 18 12 26 19 23 19 36 16 47 30 36 14 6 24 21 27 18 12 13 7 31 30 13 31 14 19 13 10 27 16 16 45 19 17 26 43 16 40 30 16 12 18 18 13 22 15 13 25 25 16 9 25 24 12 11 33 18 16 19 12 18 16 13 17 24 36 

MachineCapacities:
MachineID Capacity
0 10
1 10
2 10
3 10
