NumTasks NumMachines NumScenarios
20 4 10
TaskDetails:
TaskID ReleaseTime ResourceConsumption SuccessorsCount Successors...
0 0 6 6 4 4 3 3 5 7 
1 0 8 2 6 9 1 7 
2 0 5 9 4 3 1 10 
3 0 3 9 7 8 3 6 8 10 
4 0 3 4 9 9 0 
5 0 8 2 9 4 0 
6 0 5 6 2 5 0 
7 0 10 7 4 1 1 10 
8 0 3 8 6 3 0 
9 0 9 10 6 8 0 
10 0 4 6 10 7 0 
11 0 9 7 5 8 3 13 16 18 
12 0 1 1 1 4 2 14 19 
13 0 2 7 4 1 1 17 
14 0 1 8 3 6 1 17 
15 0 1 4 2 6 0 
16 0 5 2 9 4 0 
17 0 8 3 9 9 0 
18 0 7 9 4 5 1 19 
19 0 8 2 6 5 0 

19 46 8 16 8 28 27 11 15 12 18 30 12 26 20 7 30 16 38 36 11 14 8 24 33 25 17 10 40 29 11 13 23 13 14 27 13 25 12 18 28 20 14 17 19 24 25 21 12 18 23 12 39 29 10 14 17 18 11 19 10 11 20 15 22 11 17 49 24 10 20 21 19 18 37 13 14 34 23 30 
22 15 8 22 15 21 20 11 21 17 13 12 16 28 23 5 25 22 23 15 21 17 9 25 23 22 8 24 27 43 14 14 32 37 13 24 19 30 21 18 13 22 19 11 18 27 21 17 13 35 14 16 38 29 20 13 27 11 13 15 10 10 15 22 15 13 23 30 24 29 14 36 14 11 24 11 20 37 35 25 
16 33 10 17 8 20 24 15 17 19 15 25 12 17 21 11 24 18 12 19 40 17 10 18 24 21 14 24 19 36 9 14 18 23 11 37 26 26 24 27 13 23 14 10 17 18 31 38 24 18 17 26 25 27 10 7 16 29 11 9 4 16 23 16 9 12 27 15 21 27 20 22 26 31 18 17 25 36 31 25 
17 18 2 26 14 7 19 11 19 20 16 13 14 29 17 6 27 17 11 22 39 19 15 32 34 16 13 25 45 35 12 14 29 29 14 28 22 16 31 19 11 27 11 14 17 27 30 30 15 27 26 26 40 26 12 9 21 14 12 7 11 15 15 18 10 17 8 36 14 23 20 15 20 20 32 18 21 27 26 36 
18 37 9 18 14 36 24 13 10 22 12 26 17 15 26 5 29 26 26 24 15 17 14 8 32 25 10 22 31 40 13 14 14 39 16 23 21 39 20 25 25 29 17 11 20 25 32 23 18 16 27 24 32 26 18 12 19 12 15 10 13 7 31 12 27 13 6 24 20 31 10 30 21 6 36 17 23 34 30 30 
21 30 14 10 15 24 40 9 12 14 21 23 17 14 10 13 19 20 28 29 36 14 10 22 24 14 14 21 30 23 14 11 41 30 14 20 23 28 24 14 14 18 17 15 22 40 24 33 21 27 22 37 28 16 19 10 14 9 20 13 9 9 28 10 10 11 27 47 21 17 12 21 13 17 35 12 22 25 21 36 
23 25 15 16 12 32 37 9 15 17 16 17 20 17 33 10 23 19 34 40 25 14 7 17 15 30 18 27 35 20 16 13 21 37 20 29 20 26 35 24 18 24 12 16 18 22 18 25 4 15 25 33 27 28 12 20 15 23 16 15 13 15 19 8 21 12 22 29 17 31 14 20 18 15 24 15 25 30 19 19 
13 22 11 22 8 32 25 10 10 24 18 39 18 15 10 7 30 19 16 24 24 15 10 26 37 38 2 22 26 29 12 14 10 35 19 43 24 22 30 24 17 18 15 14 15 25 27 31 16 21 29 32 30 22 19 16 12 11 8 15 3 15 21 12 13 11 23 30 21 35 15 21 19 22 9 17 24 14 36 15 
14 35 12 22 9 29 21 14 17 11 17 26 22 32 22 7 27 17 20 28 33 13 7 37 25 26 18 25 44 17 11 24 31 28 18 31 23 17 38 18 23 24 13 18 25 21 21 45 10 28 21 27 11 34 16 8 24 24 13 12 12 11 30 15 19 13 19 17 21 21 20 21 20 24 11 23 30 31 11 38 
10 22 10 14 7 22 35 8 14 11 16 29 22 12 31 12 33 22 15 34 24 7 9 15 6 19 15 31 31 20 17 21 19 25 11 32 20 22 13 23 10 39 13 13 22 22 23 9 15 26 22 17 38 28 13 13 22 16 16 15 5 19 23 9 11 9 18 29 9 17 16 37 12 8 31 19 19 25 26 16 

MachineCapacities:
MachineID Capacity
0 10
1 10
2 10
3 10
