NumTasks NumMachines NumScenarios
20 2 50
TaskDetails:
TaskID ReleaseTime ResourceConsumption SuccessorsCount Successors...
0 0 4 8 2 1 3 
1 0 10 5 3 5 6 8 
2 0 3 5 2 4 8 
3 0 7 4 2 4 8 
4 0 4 3 2 5 6 
5 0 8 9 1 7 
6 0 7 10 1 7 
7 0 7 6 0 
8 0 4 5 0 
9 0 4 5 4 11 12 13 14 
10 0 1 5 2 13 14 
11 0 1 4 2 15 16 
12 0 7 6 2 15 16 
13 0 10 3 2 15 16 
14 0 2 2 1 16 
15 0 3 6 2 17 19 
16 0 1 9 2 17 19 
17 0 2 2 1 18 
18 0 4 4 0 
19 0 5 5 0 

26 15 26 33 18 26 9 20 15 11 32 24 23 10 25 16 16 20 17 10 18 28 19 15 27 9 26 35 36 14 35 21 26 28 23 13 18 16 27 9 
18 16 31 20 35 23 15 22 14 22 39 30 27 12 31 30 20 16 14 18 29 21 14 22 24 9 34 26 33 13 25 23 18 17 29 22 22 19 17 9 
21 16 16 24 23 8 18 33 10 22 25 23 25 12 38 36 19 20 14 25 16 15 21 21 25 15 11 41 23 18 22 32 27 26 31 17 26 19 13 9 
11 15 20 34 38 28 13 31 12 25 34 37 17 9 31 33 8 8 16 20 19 16 17 21 17 11 36 34 19 19 35 32 22 19 18 12 28 14 10 12 
16 18 24 20 24 26 14 33 12 19 27 25 19 5 13 15 21 16 13 19 27 23 18 19 35 14 37 25 32 4 32 29 29 19 16 12 21 18 15 12 
13 18 27 26 31 23 15 34 13 12 34 37 39 8 19 34 9 16 18 22 13 17 25 25 9 12 9 31 19 22 34 20 9 15 26 24 10 16 15 12 
16 18 22 15 41 32 12 35 8 20 32 26 16 12 31 29 9 21 10 12 22 26 17 17 17 13 36 40 26 17 30 31 29 47 25 14 22 17 16 12 
13 21 13 26 37 40 14 44 14 10 34 33 14 9 20 27 22 20 18 17 9 14 18 27 31 11 17 22 8 29 27 41 28 26 30 17 20 17 11 15 
13 21 27 16 24 40 15 28 6 19 32 32 31 12 33 32 19 11 22 24 16 19 13 6 26 10 27 31 33 8 46 25 23 27 29 17 30 20 13 10 
16 24 23 22 28 31 17 28 17 21 16 39 31 7 33 29 21 12 16 22 24 15 12 25 25 14 27 29 21 15 30 36 24 23 27 17 24 21 24 16 
14 28 29 22 31 38 22 40 9 18 16 30 46 13 29 7 14 6 25 23 18 15 13 21 24 18 17 27 22 17 24 16 26 26 26 23 34 14 15 11 
10 24 26 18 28 25 11 22 10 16 20 35 29 15 22 32 17 10 12 18 15 17 15 13 34 15 25 26 13 21 38 19 25 18 22 28 28 20 6 7 
17 18 25 32 23 37 10 35 7 19 30 18 35 10 29 21 19 18 18 17 25 16 12 18 13 18 25 25 21 14 14 27 25 11 16 19 14 16 13 14 
22 26 29 13 26 27 6 31 10 22 40 19 26 13 30 27 19 19 21 21 35 8 12 24 16 16 21 33 29 18 40 19 10 24 24 18 21 18 15 15 
17 27 12 29 17 33 13 24 12 22 30 26 26 13 24 24 11 21 17 16 29 21 8 16 39 12 16 44 17 16 35 34 23 28 17 20 14 20 18 18 
21 21 20 18 28 23 15 31 6 27 27 31 17 9 31 28 20 9 11 16 23 16 12 10 10 14 18 26 33 14 27 17 17 30 23 20 20 11 3 12 
18 16 15 12 32 41 19 18 11 18 29 25 22 15 27 22 22 16 24 16 23 22 12 20 28 13 22 28 28 15 25 21 24 13 28 21 24 9 13 13 
18 27 21 23 22 22 17 29 9 15 29 25 31 14 24 33 15 6 19 26 17 17 14 13 25 12 39 37 31 19 38 22 17 29 25 21 16 16 13 14 
14 7 23 33 26 37 11 27 9 9 32 34 20 9 31 26 6 11 20 19 12 20 23 10 25 11 43 41 29 10 27 29 22 23 17 15 29 19 12 14 
20 30 26 17 30 16 15 22 13 16 36 33 27 8 30 20 8 11 13 21 20 23 17 15 25 17 17 32 22 16 26 24 14 30 22 8 23 12 21 9 
17 20 16 22 36 27 14 16 11 32 33 36 29 12 16 36 12 21 13 17 24 24 9 11 15 13 25 27 21 19 30 26 10 14 14 17 24 20 20 7 
22 15 26 20 27 30 14 34 10 20 18 34 25 13 39 20 10 11 16 14 24 23 14 31 22 16 25 35 34 22 32 20 29 31 12 25 24 14 10 11 
12 23 26 31 26 19 16 42 11 25 15 38 27 10 22 21 17 15 22 19 28 17 15 15 22 12 7 36 32 20 17 41 30 30 31 22 18 17 20 10 
12 11 23 18 33 34 10 30 12 28 27 35 28 15 26 20 12 8 19 18 23 20 16 18 27 14 32 31 30 24 14 18 23 38 17 21 10 13 11 13 
22 15 30 26 36 40 14 24 14 32 34 26 19 10 25 29 16 18 13 30 25 17 19 20 22 10 31 30 28 16 35 33 28 18 21 14 14 18 19 8 
17 16 9 10 34 28 17 32 17 26 26 39 32 8 23 29 10 16 17 28 29 18 15 31 28 14 39 36 22 14 23 30 26 25 16 25 26 11 19 10 
17 19 26 15 39 32 13 38 13 20 48 37 16 9 29 26 11 12 24 25 26 20 17 30 19 13 31 35 19 16 16 26 20 20 17 21 19 22 16 17 
15 18 19 26 45 29 14 30 13 10 23 47 28 9 28 29 9 13 22 16 17 18 19 12 28 23 28 30 22 19 19 31 20 15 29 23 19 14 18 11 
15 13 21 10 24 21 15 13 14 23 37 35 25 7 40 16 14 16 18 18 27 17 18 27 15 14 16 20 19 17 26 26 17 22 19 18 16 7 14 14 
23 28 25 22 29 36 14 35 14 18 24 35 30 13 16 26 12 14 26 5 32 17 18 28 18 13 26 16 28 15 31 26 12 35 23 13 11 13 20 9 
18 12 18 27 33 32 13 19 9 23 26 20 43 7 32 22 10 11 8 10 17 19 13 21 22 14 30 19 22 24 27 34 30 25 18 24 23 18 13 13 
13 17 25 29 31 20 11 26 7 24 33 35 37 7 35 26 7 9 21 17 13 14 9 24 14 13 27 40 38 22 24 20 23 23 24 14 20 11 18 11 
16 17 21 26 38 41 12 31 10 19 28 17 36 7 35 27 12 14 13 20 21 19 13 19 17 10 30 32 30 21 34 19 16 25 27 17 20 17 18 9 
15 20 9 10 21 11 13 32 12 16 18 35 21 13 27 19 17 9 14 10 17 19 26 28 21 5 36 23 32 18 40 31 25 25 31 20 15 19 22 11 
22 18 20 21 29 36 12 21 8 31 35 34 23 11 30 27 3 8 19 26 27 11 10 22 32 12 25 28 22 15 36 19 28 20 22 25 34 17 13 9 
15 18 14 14 22 22 14 39 12 30 24 25 16 6 32 26 15 8 13 18 18 22 24 8 27 15 39 29 47 24 38 26 27 35 28 27 22 19 21 10 
19 25 23 24 33 23 13 36 7 22 30 31 31 9 31 28 9 14 16 20 15 22 16 14 14 16 29 12 4 20 24 18 26 23 14 16 15 13 16 11 
19 26 31 29 7 21 15 38 15 16 30 32 26 8 32 15 15 20 13 16 25 22 24 15 18 13 27 41 20 10 37 35 33 35 29 22 13 15 15 9 
13 30 17 25 22 23 12 28 14 25 18 42 34 14 24 26 7 15 12 19 30 15 9 15 31 17 34 37 30 17 26 18 19 41 28 27 20 20 26 11 
14 17 23 32 24 30 16 33 13 27 30 35 33 10 27 35 12 12 18 20 13 19 15 20 20 16 24 35 26 3 37 24 27 18 13 17 14 20 16 5 
15 23 37 16 32 26 13 32 8 14 49 26 23 6 27 17 23 17 19 28 23 22 18 13 21 13 25 17 27 17 29 17 13 22 27 15 8 14 12 14 
21 27 24 21 32 29 15 28 7 11 18 42 33 11 15 27 12 11 21 16 27 28 7 9 27 19 25 27 26 19 9 30 20 37 8 7 24 22 11 11 
26 27 19 24 18 39 9 27 5 23 35 53 34 15 32 36 17 16 19 21 25 17 17 18 16 14 18 29 25 20 31 30 21 19 21 25 26 15 18 10 
17 23 15 24 32 35 9 34 11 17 23 34 23 12 28 17 9 19 12 20 20 20 14 14 15 9 18 30 18 18 30 31 27 25 12 15 19 7 17 12 
17 20 23 23 18 23 15 35 14 25 16 18 24 8 32 29 15 6 7 13 26 19 17 16 26 15 43 22 22 17 40 27 34 24 25 21 22 17 15 13 
17 18 16 23 25 36 13 40 8 31 18 32 26 2 23 16 7 13 11 27 25 18 9 15 32 13 43 36 23 15 19 17 16 29 23 25 20 14 17 8 
16 13 24 31 17 37 8 24 7 13 39 41 30 16 30 28 7 17 5 19 19 16 20 15 16 7 26 30 29 13 33 24 39 28 32 15 15 12 27 4 
14 24 24 27 26 34 14 33 11 14 38 27 32 7 27 21 13 16 23 18 17 22 9 21 24 14 29 41 32 16 27 35 20 25 13 16 26 15 13 10 
18 24 27 18 31 27 13 24 13 22 31 27 28 12 25 43 21 9 12 19 16 10 16 15 23 14 14 29 26 23 26 25 12 32 16 27 28 8 11 12 
19 19 9 22 29 28 15 22 11 27 25 28 24 13 34 32 20 15 27 17 31 21 12 15 24 15 38 33 26 10 36 16 26 30 27 23 16 13 20 12 

MachineCapacities:
MachineID Capacity
0 10
1 10
