NumTasks NumMachines NumScenarios
20 2 50
TaskDetails:
TaskID ReleaseTime ResourceConsumption SuccessorsCount Successors...
0 0 4 5 2 2 3 
1 0 6 9 2 3 4 
2 0 4 7 1 4 
3 0 2 2 2 5 6 
4 0 1 2 2 5 6 
5 0 8 9 0 
6 0 4 7 0 
7 0 2 8 2 10 11 
8 0 2 3 1 9 
9 0 4 5 2 10 11 
10 0 8 5 3 12 13 15 
11 0 8 2 3 12 13 15 
12 0 6 2 1 14 
13 0 4 8 1 17 
14 0 4 4 1 16 
15 0 10 5 1 17 
16 0 6 6 1 17 
17 0 2 1 1 18 
18 0 7 1 1 19 
19 0 6 2 0 

26 8 26 15 19 27 29 25 19 11 14 22 23 31 20 18 26 16 20 17 13 17 10 13 19 20 13 31 15 20 17 30 11 13 11 19 7 11 16 13 
30 11 32 6 16 22 38 23 30 13 9 29 18 36 14 28 27 12 24 17 11 11 13 40 28 19 11 40 25 22 33 33 15 19 6 24 16 19 15 23 
24 5 27 9 18 20 35 11 27 16 6 32 23 29 32 20 26 15 31 22 9 10 15 36 12 19 11 40 38 31 22 29 10 18 13 15 13 16 23 26 
28 8 29 6 14 24 38 23 18 12 15 26 21 19 17 27 14 18 31 16 9 13 12 26 13 22 28 32 37 21 41 22 9 23 13 13 12 15 12 21 
22 11 30 14 31 23 34 27 20 11 14 16 12 40 23 22 32 15 34 25 7 14 10 24 25 16 17 26 29 22 39 22 10 17 13 15 8 13 21 35 
37 15 21 7 13 25 28 30 22 10 14 18 35 44 13 23 25 17 32 15 10 21 18 31 29 20 16 29 19 21 37 17 11 12 13 24 15 20 16 31 
9 19 24 7 26 22 40 14 21 10 15 22 39 33 39 28 30 6 14 16 10 15 12 25 28 22 17 37 22 35 25 24 7 17 8 12 11 27 15 27 
20 13 33 11 31 26 36 23 19 19 16 30 24 26 12 18 23 14 31 23 10 9 12 25 22 20 12 32 26 18 21 8 10 16 7 24 6 16 12 33 
20 4 27 10 36 25 36 13 15 14 11 20 22 37 27 23 23 17 15 22 9 22 7 12 18 8 18 17 31 38 29 32 14 16 11 26 13 22 24 35 
38 16 15 12 27 21 36 16 8 12 19 36 28 32 33 21 28 19 33 18 12 16 7 22 11 19 21 36 33 32 23 28 7 13 11 32 13 12 19 43 
30 14 21 10 15 26 32 32 14 10 16 29 32 37 19 15 22 18 20 15 9 14 8 31 18 20 19 32 24 26 34 46 10 9 13 25 11 14 19 28 
30 22 18 13 19 26 24 16 14 11 11 27 40 14 20 24 25 18 30 33 10 17 12 28 29 26 25 17 28 26 33 17 9 18 6 8 18 17 27 8 
29 15 23 6 26 30 48 14 27 9 17 23 16 19 40 27 22 11 18 30 7 11 5 27 23 14 24 22 25 26 36 25 8 20 13 17 10 23 18 20 
28 10 19 10 20 24 21 35 17 12 17 31 30 40 14 27 38 8 24 19 8 18 14 22 18 24 19 31 20 15 17 29 4 8 16 12 14 19 26 39 
12 13 18 9 19 15 27 17 27 11 15 30 28 33 9 16 28 13 37 14 17 12 10 34 11 24 18 18 21 21 45 23 9 18 10 18 13 6 19 24 
37 17 17 10 20 18 13 22 18 14 17 33 24 28 14 18 35 11 40 25 12 15 14 25 18 24 24 17 22 23 27 21 7 21 11 21 10 25 17 25 
18 12 24 7 24 22 31 25 21 12 19 15 24 41 14 18 24 4 19 25 2 12 9 21 23 11 19 29 32 18 9 16 10 16 7 19 11 22 24 33 
28 15 21 11 15 18 23 24 25 12 11 29 20 20 32 21 31 11 29 17 9 9 12 10 20 24 21 21 24 36 39 32 11 17 16 25 13 17 18 21 
18 9 17 12 13 21 37 25 19 13 14 30 18 25 29 19 27 14 28 31 5 20 12 15 11 21 21 29 37 23 31 24 3 18 8 17 10 17 21 45 
19 16 20 13 31 17 19 7 17 12 21 28 26 31 22 35 29 13 29 24 7 18 11 24 22 17 16 22 35 24 31 24 12 21 6 28 13 8 14 27 
28 17 12 7 36 28 40 23 30 9 15 32 22 27 21 33 27 17 12 34 4 15 14 37 24 25 16 25 14 39 22 42 13 18 12 13 20 22 27 42 
40 17 16 10 15 13 25 3 17 13 12 26 17 30 26 33 18 11 19 31 10 15 12 20 14 17 8 28 24 14 27 19 7 17 13 12 14 26 20 26 
32 16 25 14 24 16 24 14 20 12 14 16 22 30 26 20 29 24 24 23 13 19 12 35 30 29 18 12 20 29 32 31 11 15 14 22 9 19 14 27 
36 14 28 12 33 18 23 22 21 11 10 23 20 33 28 27 21 13 26 17 11 13 16 33 26 18 14 25 31 27 33 32 17 16 15 25 16 19 16 37 
32 10 21 14 31 18 31 23 25 11 13 22 27 40 27 23 26 14 29 4 10 13 4 35 20 32 19 29 30 30 20 28 13 16 16 19 13 15 23 30 
33 19 20 9 25 20 33 34 21 8 13 29 27 28 17 22 27 15 19 21 11 18 11 22 21 18 19 21 29 27 22 34 10 20 8 21 10 15 27 21 
24 23 24 6 19 13 35 31 25 8 14 22 34 26 22 22 29 8 23 16 11 11 16 23 17 17 24 33 25 11 16 25 10 16 13 23 13 19 21 33 
29 12 24 12 25 19 26 21 18 11 10 27 30 33 17 11 30 12 19 12 8 14 13 32 20 29 14 28 42 33 28 32 7 11 14 25 12 17 24 26 
27 15 33 6 18 10 29 19 24 14 12 24 25 25 28 21 36 10 24 14 10 17 14 33 26 23 23 21 23 28 45 44 2 10 6 16 12 10 19 21 
38 20 16 9 28 28 29 19 27 11 9 37 36 26 29 20 25 11 24 11 11 19 16 34 28 18 28 35 23 9 22 30 7 22 12 25 13 14 32 29 
31 13 21 15 48 31 31 28 24 15 20 8 18 20 12 29 30 8 34 19 14 16 8 22 9 30 10 38 20 21 18 23 10 29 9 17 9 14 16 34 
35 14 24 9 29 21 24 19 14 16 20 31 26 21 26 26 21 9 26 17 12 17 10 20 15 24 13 40 30 24 48 28 7 6 9 23 9 24 20 35 
20 9 29 8 22 24 35 20 27 8 16 24 24 45 18 16 30 11 21 18 14 17 10 22 14 28 25 27 39 15 41 18 10 15 13 25 12 17 17 26 
24 15 16 10 24 18 37 26 24 15 12 33 11 28 10 35 28 15 26 26 5 17 13 33 5 29 19 22 41 33 38 26 12 15 11 21 15 11 18 36 
19 19 19 10 25 17 24 30 20 11 15 30 9 17 24 32 20 8 13 21 11 18 13 14 21 29 12 40 27 22 40 43 14 21 11 16 12 22 25 27 
26 7 16 6 32 22 25 22 19 10 9 14 19 25 31 12 29 15 27 20 11 14 11 32 17 22 20 37 32 33 23 14 12 19 11 19 15 16 20 22 
20 22 16 13 32 20 20 33 20 13 21 25 23 18 30 15 28 7 34 17 8 18 5 23 16 15 19 24 31 36 16 37 15 17 10 16 14 25 16 26 
27 14 20 7 22 15 33 28 29 3 9 11 34 25 32 24 32 9 29 24 8 12 13 23 22 21 17 16 26 24 44 27 13 9 8 24 14 10 21 34 
15 12 23 13 21 13 33 28 19 11 17 27 10 40 20 28 29 8 19 18 11 12 9 31 14 28 21 25 35 30 44 22 11 15 8 22 12 20 19 26 
27 12 23 13 22 28 25 19 25 13 12 20 18 31 13 34 34 18 23 19 13 16 14 29 18 23 21 18 25 30 27 29 10 15 18 21 10 23 23 31 
27 19 17 10 17 13 38 25 24 17 15 20 13 44 24 34 20 14 37 15 3 18 5 24 16 24 11 18 20 31 23 39 11 12 9 14 15 12 20 24 
25 8 24 12 23 24 25 16 10 12 9 40 31 21 25 19 11 15 22 21 10 20 10 39 19 19 22 25 21 20 23 18 6 16 10 12 13 14 18 18 
21 17 20 10 29 18 33 13 23 18 24 41 32 33 25 20 30 9 22 14 8 14 14 30 16 17 16 24 36 14 43 24 6 23 13 26 16 18 20 30 
32 13 24 7 28 26 29 14 22 17 13 22 19 32 21 23 38 10 43 14 4 9 13 36 26 23 20 45 26 21 36 31 6 21 10 16 13 22 20 44 
23 16 23 8 20 24 29 11 22 13 13 29 14 21 37 26 27 11 15 17 11 22 15 32 22 29 20 32 32 22 41 25 12 20 12 20 12 12 9 18 
37 20 20 8 16 17 20 23 33 11 23 34 23 29 25 23 21 19 19 19 11 9 10 34 18 22 15 27 32 28 18 29 9 19 9 15 16 20 18 26 
28 10 28 11 23 9 27 19 30 12 13 34 27 43 24 23 29 11 38 27 9 10 12 33 12 18 3 16 25 29 39 30 8 10 7 29 10 13 13 12 
28 11 19 6 30 16 37 24 23 16 7 28 21 31 27 20 32 13 26 21 12 5 9 26 12 17 11 13 29 22 30 35 9 22 7 23 13 22 10 32 
31 9 21 8 17 19 23 24 27 13 13 32 15 35 28 23 17 14 16 21 11 17 16 18 16 14 14 30 20 12 12 21 8 14 9 29 16 17 14 35 
16 16 21 10 23 28 32 23 18 13 13 39 25 37 13 17 30 8 27 14 8 18 6 30 24 18 12 26 41 27 41 24 7 12 11 23 12 20 17 32 

MachineCapacities:
MachineID Capacity
0 10
1 10
