NumTasks NumMachines NumScenarios
10 3 1000
TaskDetails:
TaskID ReleaseTime ResourceConsumption SuccessorsCount Successors...
0 0 4 3 7 0 
1 0 9 2 4 1 3 
2 0 3 3 5 0 
3 0 4 6 8 0 
4 0 4 9 5 0 
5 0 1 8 2 0 
6 0 1 8 9 1 8 
7 0 7 6 6 0 
8 0 10 7 8 0 
9 0 3 6 2 0 

13 28 13 21 37 33 21 21 17 16 20 32 15 23 15 21 35 38 20 17 19 20 25 23 27 27 26 10 30 21 
32 11 27 28 21 35 28 22 20 14 16 26 37 26 15 19 29 27 40 27 22 25 19 28 26 22 31 20 38 25 
23 36 30 24 8 32 28 16 10 18 34 12 28 40 22 18 25 27 14 24 21 11 21 22 32 22 17 16 20 23 
33 34 8 17 30 25 26 23 18 25 26 29 33 24 19 23 23 21 34 19 23 20 19 16 26 36 31 26 28 38 
27 27 10 21 26 35 20 17 14 25 14 22 19 35 10 18 34 35 17 20 21 16 23 19 11 34 14 16 25 24 
25 34 25 30 22 23 32 16 13 15 25 23 27 27 22 16 18 28 27 29 13 24 17 29 13 34 39 15 31 8 
34 28 9 37 29 32 24 18 14 25 27 27 10 29 18 14 16 40 27 29 16 15 18 20 26 36 26 19 38 30 
25 15 25 35 17 29 25 24 8 17 24 16 40 25 19 23 21 15 19 11 5 27 18 19 14 33 25 19 23 35 
17 26 20 26 26 28 31 26 18 19 19 23 11 33 17 13 20 21 34 25 23 25 27 24 30 40 23 10 25 25 
18 42 24 30 36 8 19 29 15 25 23 27 12 19 13 12 14 24 30 29 24 19 21 33 16 22 28 14 27 29 
27 25 20 21 33 21 33 15 17 23 25 33 34 15 12 23 22 26 11 27 23 28 25 19 35 32 23 17 18 32 
25 19 17 16 35 20 25 26 19 16 18 28 34 32 16 14 21 28 26 33 17 28 22 24 25 39 30 17 24 28 
39 31 9 37 23 36 25 16 16 28 34 13 34 45 18 15 21 20 29 24 18 24 17 21 23 23 29 18 24 20 
31 21 17 19 37 23 24 18 14 24 23 24 18 36 23 18 20 25 37 26 19 22 28 29 17 27 33 14 28 4 
29 20 16 31 20 33 29 18 15 16 28 16 37 23 15 21 20 21 20 21 19 26 18 22 19 43 24 11 37 23 
40 38 26 20 37 13 29 26 15 19 32 24 30 28 15 22 25 27 21 27 7 19 22 15 19 34 12 26 25 26 
16 15 17 33 37 21 21 24 11 21 37 29 43 26 15 10 28 31 29 28 22 28 18 23 28 16 25 20 28 25 
8 22 19 27 28 27 30 14 19 21 16 20 30 26 13 13 17 16 14 16 16 22 26 15 13 39 17 16 22 18 
29 39 16 33 32 29 27 21 19 22 30 13 37 23 9 14 30 21 26 16 25 28 11 21 18 35 19 20 34 23 
40 43 17 30 24 22 22 21 16 22 24 18 24 35 18 23 32 29 13 35 12 18 26 20 27 32 19 17 27 9 
37 15 12 30 22 44 29 22 15 15 39 22 31 17 22 30 21 19 16 27 16 25 24 20 27 35 20 21 34 28 
19 28 13 33 33 39 15 22 18 14 14 26 25 40 16 17 8 23 35 28 18 20 17 23 29 35 23 8 26 29 
31 27 31 22 36 39 18 20 8 23 25 30 25 24 20 22 26 22 19 30 22 20 23 19 18 29 28 21 23 39 
37 38 22 32 12 29 28 20 19 12 32 21 34 30 16 28 33 25 18 28 29 26 8 30 16 32 24 27 35 21 
33 24 20 40 14 12 27 17 24 26 32 31 24 34 12 23 9 31 30 10 24 26 16 23 26 24 24 16 30 23 
46 22 19 22 24 27 29 11 12 16 32 20 24 34 15 28 15 21 25 21 21 21 13 30 19 22 24 10 36 24 
22 35 24 25 29 29 25 17 18 19 37 24 20 20 24 24 12 34 20 25 25 7 20 24 19 41 13 23 20 23 
23 19 24 36 50 26 25 27 12 18 30 24 25 22 16 12 18 14 17 25 24 19 21 31 15 33 14 20 35 11 
34 25 20 33 33 39 21 26 17 20 38 20 28 32 11 8 30 29 23 19 17 13 23 32 8 25 31 21 32 21 
26 31 16 29 28 26 37 15 17 18 13 19 33 24 20 21 25 24 22 23 18 31 14 19 26 25 12 16 29 27 
25 20 15 28 25 31 20 22 18 14 19 20 27 15 11 20 18 22 32 13 18 30 18 14 30 20 21 28 37 6 
27 29 17 28 27 28 11 11 14 17 45 11 30 37 19 13 18 13 28 22 26 23 18 8 27 34 19 16 36 31 
15 14 16 32 28 26 38 17 17 21 25 19 37 33 15 10 16 37 23 24 24 22 25 19 16 6 11 19 29 27 
34 18 21 26 31 17 28 13 15 13 30 16 34 19 16 9 23 15 28 19 24 16 26 26 30 25 31 15 22 25 
26 28 21 37 33 33 25 22 16 17 20 6 14 43 20 12 23 27 21 19 14 23 15 34 25 30 37 16 13 25 
14 22 18 27 30 14 20 19 22 25 29 14 41 37 20 21 23 28 30 17 21 36 22 15 18 29 26 6 47 17 
23 17 17 33 32 24 27 17 16 19 29 23 33 28 15 4 20 37 22 12 29 23 15 15 19 29 33 16 23 31 
23 37 17 35 22 28 33 14 23 30 26 26 31 10 24 19 19 20 34 29 23 29 22 12 20 32 13 24 33 22 
15 31 20 28 22 31 36 18 14 27 22 33 26 42 16 24 26 20 25 19 23 25 16 14 34 33 26 17 27 26 
30 30 30 44 33 42 19 12 19 27 33 19 14 46 22 13 28 23 22 26 21 26 18 20 22 40 31 18 37 35 
22 30 16 31 33 28 34 27 13 21 34 22 30 26 18 19 17 33 25 12 27 25 22 19 29 43 22 19 37 20 
31 34 19 22 14 34 28 17 21 23 14 27 37 19 19 17 28 35 26 14 16 21 22 26 27 41 19 25 21 22 
35 29 15 32 24 41 30 17 13 11 17 17 31 25 19 11 38 18 19 25 26 11 17 11 21 30 12 29 31 38 
28 24 20 31 16 39 24 8 18 18 42 19 29 29 16 18 26 16 16 22 24 21 19 23 18 37 15 9 35 31 
28 34 12 30 31 16 24 34 24 17 23 17 34 26 20 4 24 28 13 21 27 19 15 22 22 31 29 14 41 18 
19 32 13 16 25 25 25 23 22 10 30 18 45 42 19 19 24 23 20 34 28 23 22 25 12 50 22 22 35 31 
33 24 11 23 16 39 31 21 18 19 22 21 24 21 29 26 11 18 24 24 22 12 19 34 22 28 29 19 20 29 
31 35 22 16 12 19 26 11 17 15 37 18 20 20 9 19 18 21 21 35 18 34 16 39 24 25 17 12 25 31 
45 30 16 35 28 32 21 16 11 11 33 31 40 29 24 15 14 25 24 26 12 29 25 28 24 29 21 18 29 21 
15 23 18 39 27 24 25 23 13 16 26 23 27 32 17 11 18 29 21 27 29 21 22 30 22 12 15 10 17 25 
29 33 18 15 35 28 16 31 11 22 18 21 33 24 12 12 25 28 30 10 26 20 12 25 25 35 21 19 33 32 
43 18 12 31 30 29 24 27 22 14 17 22 29 30 17 15 24 30 18 21 17 29 20 30 27 17 19 14 25 23 
32 18 12 40 25 38 40 26 14 23 21 24 16 30 17 21 22 23 21 24 18 28 14 17 19 36 26 11 37 14 
27 23 26 29 27 48 25 29 11 24 30 22 20 36 7 22 24 16 25 22 19 28 19 17 12 45 25 23 35 28 
21 38 23 16 31 32 25 8 17 20 31 9 16 34 20 16 15 24 22 28 22 20 25 29 27 22 19 22 29 25 
26 21 20 20 39 24 29 26 21 19 25 19 35 35 23 26 25 31 12 19 23 28 17 20 17 27 36 15 42 28 
16 13 17 26 12 34 21 17 17 25 15 15 27 24 22 23 18 14 11 30 24 24 21 22 20 20 20 19 27 34 
11 17 19 33 27 39 12 13 18 16 25 18 36 49 17 20 20 35 13 17 20 25 18 24 15 49 13 16 37 17 
27 23 19 17 31 28 13 23 18 20 30 13 31 17 16 12 20 18 20 33 31 29 9 20 19 38 14 26 28 22 
31 16 13 31 30 30 29 29 9 18 23 21 13 30 19 14 15 33 26 29 25 30 13 30 24 18 15 13 22 25 
14 37 29 33 30 14 32 17 9 23 29 17 35 34 11 29 5 27 10 25 15 29 23 14 17 35 28 23 26 27 
22 18 16 33 20 43 29 14 15 15 19 31 29 29 16 21 19 30 26 28 22 41 17 32 20 21 18 23 15 10 
17 28 26 22 25 6 28 22 17 21 29 6 42 24 16 24 20 27 30 12 8 28 30 25 19 18 26 7 33 29 
30 26 17 29 32 28 28 30 16 13 24 31 23 19 19 18 23 30 28 17 15 16 29 21 20 21 9 12 29 32 
30 9 18 33 23 21 35 26 24 11 19 15 32 29 15 21 19 16 27 14 19 22 25 32 29 32 30 21 27 31 
26 16 16 36 30 28 23 17 16 15 21 19 20 47 11 21 30 21 29 20 31 30 15 24 19 31 44 12 23 27 
33 23 22 15 29 33 24 24 10 21 32 27 28 33 12 11 21 30 19 28 28 18 20 31 22 24 24 9 24 16 
29 20 21 36 17 24 37 20 14 23 32 17 16 21 14 17 20 23 14 35 22 31 14 25 18 27 33 15 28 43 
32 13 23 29 26 15 27 15 13 14 35 20 37 24 15 14 15 24 18 24 22 25 14 18 23 41 25 5 22 35 
16 35 13 30 16 21 35 16 18 16 22 20 38 18 14 22 26 25 30 26 29 16 19 25 16 37 25 21 20 26 
26 23 25 20 17 15 35 14 21 20 29 29 10 36 10 12 11 18 26 18 28 15 20 23 29 38 26 25 22 14 
33 15 18 25 28 29 9 22 16 13 21 16 32 23 15 13 23 26 26 22 21 22 11 22 19 36 18 15 32 31 
30 21 23 31 34 19 46 23 24 9 27 24 32 36 20 13 25 35 27 16 22 25 29 29 26 53 28 16 44 36 
11 34 33 35 32 29 24 17 19 21 38 21 22 37 13 19 21 22 23 16 13 11 22 20 37 28 26 15 35 36 
16 30 20 24 29 41 11 19 16 10 32 18 34 37 21 23 23 18 20 26 19 20 19 24 15 30 15 18 32 27 
44 11 11 33 28 10 29 19 20 23 26 19 30 32 24 20 29 33 15 22 15 27 18 18 13 45 22 21 27 25 
44 36 27 25 36 28 36 12 8 26 30 17 35 16 14 19 20 47 4 30 16 21 23 18 23 30 19 16 45 20 
19 43 28 9 15 23 29 22 15 9 30 10 40 41 12 13 31 30 15 28 18 20 23 24 21 28 35 18 25 24 
25 26 13 33 26 33 17 17 12 22 29 19 46 21 13 12 14 20 28 28 29 38 22 20 23 29 26 13 28 36 
22 35 23 26 9 39 32 30 15 21 24 26 29 27 20 17 23 31 17 20 22 25 24 17 25 32 34 18 29 29 
45 29 27 27 31 23 21 23 15 15 22 23 29 16 29 20 23 21 12 24 22 20 17 16 28 45 25 15 31 17 
20 34 22 22 17 34 24 27 8 26 24 23 42 46 5 16 28 28 30 10 30 24 9 29 14 29 23 22 22 20 
20 18 19 28 23 32 25 14 14 21 38 17 20 32 11 13 12 16 24 27 33 7 9 24 22 47 30 16 43 15 
23 19 21 17 23 33 25 13 21 12 19 19 24 25 15 19 21 28 19 9 26 34 17 16 17 34 25 25 34 23 
40 10 14 36 23 39 33 5 14 23 31 13 20 10 21 20 23 30 32 26 29 24 29 32 23 26 26 20 43 22 
25 35 26 36 26 44 26 12 11 23 29 24 24 18 19 26 15 20 31 23 27 16 13 15 22 30 12 25 31 18 
21 29 10 27 14 38 23 11 21 21 31 22 19 36 25 27 33 17 16 14 15 25 19 30 19 31 38 21 33 28 
24 24 22 28 19 39 29 23 21 19 22 24 10 23 18 12 28 25 18 32 22 12 16 20 33 23 21 9 14 19 
33 38 24 17 26 12 38 16 17 20 32 18 28 36 19 24 16 34 24 35 23 38 16 27 13 23 30 22 32 20 
27 42 18 42 25 15 40 22 13 10 36 14 35 29 10 16 22 19 30 17 18 20 15 26 14 26 29 15 20 26 
32 29 19 36 31 32 28 21 12 22 47 40 31 18 13 14 16 24 20 28 27 18 16 28 25 17 17 14 32 29 
16 33 13 30 34 18 22 24 15 21 32 23 32 31 20 10 21 22 22 21 21 21 15 17 30 42 31 16 21 32 
20 25 29 23 24 38 30 21 15 8 27 25 24 39 12 24 23 23 21 18 17 32 15 25 17 29 26 24 22 34 
34 37 16 27 34 16 26 20 16 23 6 14 38 39 10 27 17 34 21 23 22 33 16 20 24 24 26 15 23 36 
25 27 21 26 28 27 19 16 17 27 42 31 24 31 22 21 26 19 29 19 27 20 29 29 22 35 19 16 21 27 
37 26 17 14 24 44 9 20 16 13 26 18 37 21 7 26 23 28 20 25 22 30 21 25 15 33 24 20 20 38 
15 18 21 39 32 19 32 25 11 23 28 25 43 30 16 22 25 22 11 22 25 33 18 25 28 42 30 15 31 23 
27 27 12 14 26 33 27 20 11 22 16 21 41 35 9 10 14 16 25 23 34 24 17 14 26 38 24 14 34 37 
38 41 12 46 29 24 24 15 14 21 26 27 35 33 16 21 20 33 27 21 15 25 22 22 18 13 28 10 19 22 
29 37 26 31 19 29 37 15 10 21 35 18 31 34 11 19 18 18 25 26 13 18 21 20 25 43 25 21 45 21 
38 37 14 38 28 34 26 26 17 24 20 14 25 21 20 22 33 32 27 24 25 27 32 33 22 39 26 21 31 25 
25 20 14 43 27 23 33 23 15 22 22 17 35 26 15 15 25 20 9 23 13 31 31 17 16 27 34 13 48 22 
11 22 15 26 28 32 22 17 15 19 29 16 33 31 12 24 9 28 23 30 32 21 19 22 17 39 20 14 33 31 
16 39 21 31 29 32 19 26 17 21 16 27 23 42 20 16 22 24 36 25 25 26 18 28 28 23 20 11 33 26 
29 45 14 20 32 12 12 19 16 22 33 17 30 9 18 16 25 32 28 28 25 25 18 28 29 22 29 22 25 34 
30 18 21 48 28 17 14 22 9 16 22 17 32 26 13 12 19 26 23 31 27 22 23 24 30 33 20 19 22 19 
30 30 21 16 40 23 29 18 11 23 26 31 37 33 14 20 20 26 16 28 22 27 13 12 25 26 23 21 24 26 
28 18 13 33 24 29 33 19 23 19 36 27 20 30 18 34 23 24 21 15 12 23 20 31 17 36 22 20 40 23 
25 30 17 24 36 17 26 24 11 21 22 18 21 30 13 20 23 28 24 12 14 37 20 16 26 33 34 14 23 23 
27 29 26 30 14 32 24 21 13 10 28 20 42 30 8 19 19 9 29 29 15 27 23 22 27 33 16 15 25 24 
27 12 20 21 37 31 25 19 14 24 17 32 29 31 18 19 8 21 29 19 18 16 8 15 28 48 28 15 28 28 
39 5 18 22 16 17 30 13 21 10 22 29 32 23 18 15 19 34 15 31 14 13 22 22 25 22 23 16 39 18 
33 29 20 30 14 28 21 31 13 18 33 19 47 24 12 15 23 30 26 22 22 9 21 21 24 8 31 27 21 38 
38 27 25 43 30 32 28 13 14 24 30 32 42 37 18 13 19 17 15 18 23 22 22 29 11 29 28 24 32 32 
26 42 20 34 30 42 26 18 16 24 39 18 25 36 17 25 20 28 19 14 25 9 13 39 29 35 12 23 20 21 
27 30 19 22 21 44 29 16 13 12 32 16 29 15 14 24 17 36 23 23 24 22 17 36 26 27 29 21 26 27 
13 9 17 22 36 30 28 31 20 19 31 21 26 27 16 16 19 15 25 27 17 16 32 24 22 43 37 18 37 38 
28 13 22 27 36 38 25 18 13 16 29 22 23 33 18 17 16 29 21 23 22 16 23 24 19 26 32 19 27 31 
27 24 19 30 13 36 17 18 15 28 26 29 15 21 8 23 13 43 23 21 22 21 20 35 33 35 21 11 33 19 
17 13 16 35 23 30 25 14 20 32 30 18 23 20 16 16 17 22 23 29 20 14 18 23 20 34 19 20 32 38 
22 31 16 30 29 31 41 23 15 18 35 24 22 23 22 15 24 39 29 25 20 18 15 21 29 33 26 16 30 24 
17 22 20 26 29 17 28 21 15 12 28 25 45 22 21 26 16 31 32 21 19 23 24 25 14 26 35 14 34 27 
25 21 17 29 33 21 33 24 18 22 38 9 31 28 17 27 14 30 18 30 17 27 18 16 19 19 33 16 20 30 
39 17 22 59 27 43 28 13 26 14 28 20 19 34 20 19 23 35 23 17 24 32 15 25 21 34 18 25 27 34 
23 47 9 38 32 25 29 33 17 27 27 15 38 32 22 18 24 30 29 28 15 30 25 19 23 23 28 16 40 36 
21 25 19 43 21 16 22 31 21 25 31 8 36 25 18 15 21 22 24 21 25 16 19 26 13 26 9 10 39 26 
8 27 19 34 16 18 38 5 4 8 21 21 32 18 11 23 36 27 15 24 17 30 15 25 24 35 28 20 33 21 
31 18 23 35 20 20 32 16 13 21 34 10 17 41 19 17 12 35 24 27 17 27 18 22 22 25 23 18 31 24 
32 34 18 22 29 32 27 19 16 19 35 14 20 34 17 25 19 24 24 20 16 20 17 29 17 25 27 16 20 25 
16 18 14 35 34 22 27 11 17 12 17 15 23 32 12 15 26 21 27 28 21 19 10 24 18 36 21 18 25 25 
18 30 11 39 38 25 31 12 22 17 30 28 21 34 11 15 24 19 15 24 21 32 15 27 23 39 31 23 31 35 
22 22 16 22 26 33 33 19 21 10 20 25 20 28 24 14 13 39 27 22 30 10 20 28 28 39 17 13 18 21 
30 25 22 35 17 28 18 12 14 16 38 13 30 26 23 19 19 23 25 23 34 27 19 23 15 16 35 9 11 13 
20 10 20 40 17 28 21 22 16 14 32 22 30 35 11 21 19 31 23 29 33 32 22 24 30 16 27 20 36 41 
26 24 16 34 21 27 31 17 14 23 42 26 37 26 26 16 35 19 20 22 19 21 23 25 23 53 21 20 17 31 
31 28 27 24 18 9 35 20 11 18 23 32 30 25 25 22 31 33 27 18 23 18 23 24 16 28 21 7 36 19 
21 22 26 33 24 29 26 32 14 9 15 19 29 34 18 25 24 19 24 12 12 20 15 30 27 36 25 19 30 31 
36 18 20 44 14 27 33 18 17 16 32 16 40 41 19 15 22 16 19 20 18 24 21 30 27 31 28 6 26 27 
29 20 17 23 27 14 29 16 13 18 39 30 31 38 22 22 24 18 11 24 29 27 13 21 33 31 31 11 33 23 
33 25 10 23 27 33 30 15 19 21 26 16 31 28 11 14 12 31 15 11 22 17 20 32 16 31 37 16 33 25 
27 24 20 29 28 54 24 16 20 19 34 30 28 29 20 16 22 35 22 26 22 19 17 18 24 36 30 26 19 19 
38 8 24 25 32 33 30 14 16 19 31 26 12 23 13 29 28 24 24 28 29 16 24 16 31 12 35 18 21 27 
33 26 11 24 32 25 34 10 17 9 36 19 36 32 16 16 20 30 22 17 17 30 23 7 16 31 29 21 29 16 
20 30 16 28 22 21 30 8 18 23 25 37 18 40 8 19 19 24 21 26 15 18 19 22 15 27 31 18 35 32 
32 32 16 42 17 30 21 25 12 23 10 23 35 26 19 18 18 18 23 23 25 30 28 29 16 27 24 9 22 23 
39 43 13 25 25 19 18 20 18 11 26 12 34 31 6 30 22 39 12 36 23 21 13 28 21 20 31 15 22 31 
39 27 26 21 28 20 26 22 14 31 26 21 28 26 16 21 28 23 20 27 25 28 22 41 21 31 32 19 29 34 
36 18 10 17 21 28 30 19 14 17 28 22 37 11 16 27 15 24 33 26 12 30 19 21 29 34 21 3 41 28 
20 35 19 36 34 49 30 10 17 11 31 25 28 26 15 16 24 22 20 30 24 21 6 31 22 36 30 16 30 22 
37 35 21 28 23 30 23 16 23 20 39 27 29 27 24 20 24 37 26 20 25 24 14 32 22 28 27 8 15 27 
19 25 14 36 42 19 37 24 18 18 27 21 30 25 19 20 12 18 15 26 20 28 15 30 28 31 35 26 35 31 
35 31 21 22 16 25 23 23 21 28 25 29 33 28 18 18 25 30 25 23 26 21 21 21 16 25 25 14 35 37 
17 28 8 24 21 32 19 18 13 16 44 28 21 37 18 19 25 23 25 22 23 30 17 37 30 17 30 19 19 17 
27 33 28 37 20 18 17 19 11 15 27 28 30 32 12 17 28 14 13 22 25 21 15 23 21 36 29 25 35 36 
27 6 20 44 20 25 25 16 15 22 23 28 31 26 19 16 26 26 23 28 24 23 18 25 24 28 31 23 26 27 
26 24 14 25 15 36 22 24 15 19 38 27 40 28 23 23 18 43 10 19 24 23 10 26 15 34 19 11 26 21 
16 32 20 28 37 24 19 22 13 16 26 18 33 28 17 13 33 19 30 20 18 23 22 17 21 28 32 20 22 24 
30 23 23 24 17 44 19 25 18 24 30 20 22 20 16 17 21 26 13 23 13 14 18 35 26 21 29 16 33 28 
35 29 19 27 16 34 28 26 13 11 16 27 35 18 9 19 25 19 24 26 17 10 16 27 15 45 8 16 28 30 
36 11 17 23 21 28 28 19 18 16 29 22 17 34 18 17 18 17 21 27 19 12 17 27 15 33 39 23 33 18 
22 37 15 31 19 30 22 28 18 5 21 21 29 17 12 20 33 35 8 18 31 20 12 34 12 27 13 20 36 27 
34 40 22 47 11 21 18 23 19 11 28 16 34 45 13 29 22 25 21 15 21 27 13 21 23 31 24 21 17 14 
31 30 24 40 23 37 29 30 18 21 21 18 43 17 22 22 22 32 12 34 25 31 28 29 21 16 28 12 36 27 
21 39 19 45 13 14 28 22 14 15 34 26 15 14 14 22 10 21 21 22 30 30 20 22 29 31 36 17 30 18 
23 11 23 29 15 48 51 19 18 20 34 19 24 33 23 11 27 16 15 19 22 18 20 20 18 29 15 19 23 28 
17 25 20 39 23 43 29 22 19 15 25 19 39 28 16 8 24 33 30 27 20 22 20 37 24 43 16 13 22 19 
19 27 24 22 23 15 27 17 17 20 26 14 28 37 12 14 30 27 23 25 20 17 14 34 15 28 21 17 23 13 
23 33 15 29 29 13 30 28 21 13 20 17 42 23 17 4 26 15 21 26 12 32 29 29 14 33 19 11 31 24 
13 42 18 33 38 19 19 19 17 16 27 19 37 35 15 17 17 23 26 24 30 17 16 16 25 32 30 17 12 29 
19 27 17 40 15 30 43 24 14 20 26 15 18 28 18 12 24 30 16 20 28 29 24 24 29 20 21 17 18 25 
15 28 21 38 18 19 27 25 15 18 35 25 39 33 25 22 24 20 26 21 17 21 14 17 9 36 15 23 19 19 
13 24 20 43 16 41 22 30 12 15 26 22 31 24 21 14 30 33 21 23 20 20 22 11 21 24 16 13 51 26 
21 35 13 43 25 26 18 18 8 20 21 24 30 27 20 13 14 24 6 20 36 13 22 16 20 40 17 17 29 34 
27 31 15 43 29 20 37 36 8 23 28 23 27 33 16 12 30 35 21 23 22 32 23 14 26 30 29 16 33 24 
19 38 8 22 24 25 32 21 9 23 22 14 21 24 21 20 24 21 23 23 15 26 11 28 22 34 34 16 19 22 
29 25 10 22 40 37 25 15 16 24 28 14 16 34 17 21 22 9 23 20 31 22 13 23 17 45 24 14 24 32 
12 13 24 41 37 20 41 35 17 16 25 15 18 33 20 26 27 23 18 18 19 38 23 27 21 40 19 25 31 23 
43 40 22 38 7 34 20 17 15 17 26 17 34 33 16 15 21 33 14 22 19 20 24 17 21 38 18 18 32 23 
35 27 25 25 30 37 33 11 15 11 14 9 40 36 28 23 31 18 17 23 13 14 17 15 9 13 9 21 32 32 
22 8 13 14 20 38 25 26 9 21 26 21 19 35 20 5 21 28 24 31 24 17 26 22 24 23 39 22 23 23 
21 25 25 35 13 19 31 30 18 13 28 18 30 37 21 27 33 40 21 20 14 25 14 32 26 32 20 24 28 34 
14 22 19 45 19 33 23 15 15 14 27 27 22 22 12 27 16 34 15 26 19 24 13 23 16 34 21 26 36 24 
28 35 11 23 16 37 23 18 10 10 41 22 23 25 24 13 26 21 23 32 13 16 24 24 22 48 11 19 33 12 
34 35 20 36 31 32 18 14 8 22 18 30 35 25 16 10 18 31 22 17 25 28 26 23 29 23 28 12 40 29 
28 29 14 23 28 22 38 17 13 16 29 23 25 29 16 18 17 20 18 13 23 21 27 31 7 35 23 13 37 38 
34 43 13 31 12 40 31 19 17 21 29 22 36 18 13 20 32 37 24 21 26 15 24 22 20 37 33 23 22 34 
37 34 23 28 2 30 32 22 16 24 14 18 17 28 20 15 24 28 28 13 14 17 27 24 30 30 25 16 36 21 
28 32 20 42 18 9 29 15 17 31 15 25 22 27 24 14 23 24 25 18 18 27 16 15 26 27 32 15 31 18 
20 37 13 36 17 25 32 7 18 20 33 18 31 26 20 22 17 32 24 33 14 32 21 20 17 30 31 15 31 27 
24 27 19 41 27 21 30 22 15 22 26 23 25 35 19 11 29 18 22 19 26 16 17 11 20 36 24 17 25 23 
21 19 9 27 12 30 20 12 15 13 20 21 41 33 9 17 26 27 25 27 22 15 15 28 18 26 23 21 19 32 
30 32 28 32 29 27 28 20 16 13 28 30 38 45 10 11 12 25 20 22 21 26 21 8 28 19 19 15 27 42 
10 21 26 30 20 40 35 11 15 19 46 19 43 30 17 22 21 36 11 23 24 20 31 30 17 33 15 14 38 16 
38 27 28 26 19 24 27 11 15 21 21 25 12 26 10 17 22 25 22 22 9 22 16 20 18 28 25 8 35 25 
32 20 28 34 28 24 16 28 13 21 24 19 24 25 8 20 26 26 25 20 28 20 15 21 20 41 28 17 29 26 
32 37 21 20 34 27 15 25 16 15 29 35 28 26 24 12 28 28 25 30 30 14 20 9 12 30 15 10 35 26 
28 30 22 32 28 48 25 22 14 20 17 27 40 44 25 15 18 30 28 22 7 13 11 21 18 34 25 16 11 23 
35 19 23 40 22 33 28 20 18 21 41 16 25 24 23 15 26 34 27 32 25 15 16 24 23 25 11 21 29 18 
16 27 23 31 35 25 28 13 14 22 10 18 30 32 17 24 19 24 14 21 29 16 15 23 22 26 18 23 34 18 
21 33 20 36 32 29 31 23 8 11 26 25 33 23 24 11 17 28 19 30 12 28 17 24 26 37 19 13 18 47 
15 26 14 34 23 24 27 24 10 12 7 20 27 18 17 21 27 10 20 30 24 22 26 16 25 22 25 17 42 36 
38 29 26 38 28 42 16 26 11 18 30 24 34 38 27 9 24 23 25 28 29 25 18 23 22 26 32 13 30 32 
33 32 19 23 22 22 26 11 15 23 27 18 47 33 21 10 17 12 20 24 28 20 19 26 18 29 38 17 27 31 
27 27 17 16 16 31 19 22 18 14 33 24 26 18 21 19 19 37 13 16 17 25 18 21 20 22 14 14 19 29 
37 15 15 40 24 18 15 24 14 16 30 18 32 29 16 9 29 24 24 20 26 17 18 25 30 32 25 14 30 31 
21 15 21 19 25 39 23 16 25 11 7 30 25 24 16 15 17 20 28 19 21 29 20 24 21 26 23 22 31 37 
28 28 7 15 28 29 21 21 11 20 22 18 33 25 15 16 31 38 26 25 22 19 17 9 12 41 19 23 11 19 
38 29 17 32 22 21 20 18 13 17 25 20 25 35 13 14 25 28 22 17 17 25 11 19 30 29 21 15 34 29 
35 10 22 33 15 30 18 10 11 16 32 22 34 28 6 16 26 18 21 34 14 15 23 25 26 47 26 24 34 23 
42 31 16 33 34 22 32 24 14 10 44 24 32 40 20 16 33 19 23 32 26 22 19 21 10 32 25 16 24 29 
32 22 19 37 34 12 28 26 9 24 29 22 30 47 17 21 29 21 21 33 30 17 18 22 21 18 35 22 16 23 
25 30 24 33 33 36 37 12 21 13 32 22 33 36 22 19 26 26 18 29 19 25 15 24 30 29 30 9 20 24 
44 13 20 32 26 31 24 19 15 20 13 11 20 35 21 16 24 29 13 16 18 15 21 30 34 37 15 21 7 32 
31 20 20 24 22 40 22 17 14 17 37 28 33 18 12 17 24 33 19 29 19 27 20 25 13 15 25 25 33 10 
26 40 20 11 29 25 37 16 18 20 29 26 32 22 15 26 30 15 23 17 21 19 15 25 15 31 28 14 33 19 
23 29 14 31 17 28 31 11 19 19 27 26 33 29 15 15 21 21 17 6 26 17 17 20 23 35 9 20 29 27 
26 17 17 13 30 27 27 18 15 15 28 8 25 26 11 20 21 25 18 30 20 23 23 17 9 38 4 19 44 16 
17 32 24 22 26 28 26 19 21 20 29 21 21 27 19 14 9 34 23 15 22 22 10 20 36 37 24 11 25 20 
32 28 27 13 28 29 34 22 12 8 26 22 23 29 10 13 26 23 30 28 13 30 19 19 17 25 31 25 25 14 
20 17 19 29 29 34 23 32 15 22 16 23 29 32 12 12 24 36 20 27 31 21 27 28 25 24 24 24 38 36 
29 28 12 15 29 27 17 25 22 22 19 18 42 33 25 17 22 35 17 13 19 30 20 21 23 29 28 20 32 32 
21 23 13 34 29 34 24 17 17 15 27 17 30 36 23 16 37 26 21 34 18 24 12 28 23 20 23 15 24 25 
32 21 20 25 28 38 25 20 17 22 27 18 21 33 22 13 30 20 14 24 23 23 21 19 21 17 21 21 29 23 
20 18 20 36 26 33 22 17 14 19 22 22 24 26 12 18 23 29 20 18 25 19 13 20 19 31 23 11 41 15 
19 30 23 16 24 41 37 22 16 26 30 22 35 13 25 10 25 22 19 28 22 21 19 20 15 36 15 14 40 31 
30 32 18 38 24 32 13 11 15 21 36 29 31 39 21 21 29 28 34 23 18 26 16 25 11 44 19 19 28 21 
23 39 18 31 43 27 29 21 16 19 23 25 28 28 10 21 23 15 13 7 17 19 16 27 34 42 12 22 38 37 
31 26 23 45 24 25 32 17 5 28 34 29 23 22 11 17 21 31 9 24 25 26 28 36 34 22 15 14 29 36 
19 30 7 30 31 26 26 15 14 21 14 25 51 41 16 18 26 27 34 18 20 32 20 28 46 37 27 15 23 34 
14 19 15 32 21 39 34 31 17 13 15 27 18 23 21 17 14 40 31 15 28 23 25 15 27 18 11 18 33 48 
35 28 18 27 27 47 41 29 21 19 22 30 36 28 21 19 40 18 23 23 25 14 20 26 12 29 27 27 24 38 
20 38 22 24 29 26 34 9 19 15 20 24 32 33 11 12 32 28 26 28 17 24 24 15 11 26 19 17 32 23 
17 21 11 21 42 22 26 15 14 15 42 23 30 32 18 20 17 36 19 20 5 26 21 23 21 34 35 17 34 21 
27 11 13 28 19 21 33 16 19 26 28 24 13 22 18 21 19 12 16 34 22 19 12 25 31 35 16 11 22 29 
36 23 25 46 7 34 33 20 16 28 24 23 29 31 15 18 29 33 27 22 25 25 26 24 33 18 21 20 35 24 
32 31 15 22 37 19 17 18 21 28 31 18 18 18 14 24 16 32 32 32 36 24 10 21 21 27 21 15 25 24 
20 23 20 23 30 28 26 20 11 22 35 22 40 25 17 17 30 16 22 17 20 15 12 29 18 21 35 12 16 14 
34 34 25 19 11 49 27 26 17 12 30 28 19 24 16 13 25 23 22 40 24 28 20 36 20 25 16 29 22 40 
38 40 24 30 22 30 19 24 18 18 29 7 41 32 19 4 28 20 17 32 33 17 13 22 28 38 28 15 39 33 
38 26 22 30 50 29 22 18 16 15 22 18 18 37 6 21 21 31 16 27 17 24 13 26 27 24 18 11 34 27 
23 13 28 28 36 32 28 1 8 17 36 27 17 37 20 16 43 21 27 21 21 19 22 27 16 14 18 17 21 24 
39 31 25 39 35 14 22 18 19 15 29 11 28 31 21 23 18 28 27 18 19 17 23 19 23 19 31 16 18 32 
26 35 11 30 33 42 31 29 14 14 11 23 37 33 14 14 25 17 21 29 21 21 26 29 21 16 17 22 35 26 
20 29 16 19 45 34 25 28 17 21 28 27 31 33 17 17 16 28 23 19 14 23 16 26 23 28 10 16 28 17 
26 18 14 31 32 27 37 16 14 11 28 27 48 38 16 16 25 31 26 18 18 20 27 16 16 22 30 22 41 33 
18 18 21 24 37 36 39 34 18 18 27 19 25 26 19 9 42 16 16 18 22 22 19 27 30 22 27 15 24 25 
21 27 12 27 34 37 19 30 18 23 31 24 33 24 14 16 13 24 22 14 21 29 10 33 17 37 29 14 24 31 
30 29 23 33 29 31 24 24 19 21 40 24 32 23 10 15 21 17 11 22 16 20 17 23 32 24 16 16 33 30 
34 50 19 17 30 29 28 14 13 17 25 25 35 21 28 17 40 25 23 30 22 34 26 25 27 34 26 10 30 31 
23 30 16 29 29 48 26 10 19 18 24 26 38 36 27 20 35 19 20 29 28 27 19 22 15 35 9 14 18 32 
28 29 32 37 29 39 25 17 20 12 35 19 32 34 16 22 19 32 26 22 13 23 23 26 29 25 33 16 32 29 
26 33 19 23 25 13 22 21 10 17 28 16 27 30 25 22 25 28 15 25 32 14 12 25 22 25 29 25 21 34 
28 23 18 31 42 29 29 17 19 7 29 6 18 36 30 14 26 25 22 36 23 26 16 8 23 40 27 22 17 23 
26 17 26 29 36 35 26 18 13 18 20 18 39 28 6 13 21 23 26 26 22 20 24 17 15 34 22 11 30 39 
36 22 26 27 40 36 18 14 16 19 30 14 29 21 16 26 24 18 35 30 17 17 20 30 27 43 29 11 28 18 
34 15 19 36 20 24 22 15 17 16 26 26 28 24 13 21 28 15 28 19 21 31 13 16 22 24 21 12 21 28 
28 24 12 23 34 44 28 22 18 23 25 27 17 19 18 14 21 39 23 25 8 18 27 17 31 37 34 22 42 26 
32 15 22 21 13 20 27 24 17 18 30 31 40 48 16 19 23 30 27 29 26 22 17 20 16 34 34 20 26 34 
34 36 20 20 32 31 35 11 13 7 37 20 28 28 9 26 19 21 23 28 22 19 15 27 26 50 19 16 33 15 
31 35 16 20 34 56 28 10 18 26 34 28 41 29 18 18 24 23 25 27 24 22 13 29 22 22 32 21 14 36 
27 32 17 14 19 30 18 19 17 14 23 12 27 32 14 9 27 16 16 30 19 22 14 27 22 31 30 17 25 23 
31 30 17 25 30 21 29 19 21 24 29 18 46 37 17 21 19 27 27 17 16 26 15 21 21 43 14 16 27 26 
29 30 19 36 28 15 30 31 24 20 26 32 20 22 15 16 27 34 23 20 22 22 20 24 26 22 35 23 31 21 
27 32 29 15 29 26 21 12 15 23 26 24 44 20 20 20 28 27 15 28 11 26 19 12 16 40 7 19 33 17 
18 23 21 33 39 28 25 9 15 14 29 29 27 27 22 16 30 19 38 20 16 16 17 15 28 31 35 24 20 28 
11 34 17 12 52 33 27 24 15 16 40 14 40 31 17 12 27 24 24 24 29 29 21 26 23 29 28 14 34 28 
32 27 23 33 27 27 30 14 14 17 36 31 17 39 14 15 29 29 32 19 24 25 10 19 9 30 33 22 28 22 
21 30 14 23 2 16 29 22 12 28 14 12 20 27 17 8 23 38 15 15 11 31 21 28 20 18 8 19 30 24 
28 23 25 17 28 26 39 30 20 26 23 20 33 37 7 19 25 10 17 29 24 31 16 14 20 37 28 14 23 20 
33 43 18 21 29 16 28 23 23 18 23 21 34 26 17 23 21 33 35 25 16 33 21 25 21 32 31 10 26 43 
25 26 17 26 25 17 7 23 14 25 18 18 23 27 17 19 22 24 23 27 20 32 16 27 30 18 21 20 30 21 
20 24 19 15 36 32 34 13 22 8 31 19 17 27 16 21 21 27 24 13 14 25 17 24 29 34 21 15 24 22 
26 26 14 32 31 39 32 15 13 19 35 21 41 22 11 20 21 19 28 25 21 14 21 24 25 22 19 21 31 25 
30 21 28 17 17 35 18 10 16 14 26 26 30 26 21 21 17 30 19 23 21 20 16 20 16 12 15 20 43 24 
29 39 22 30 31 46 24 12 14 20 21 26 30 24 28 12 35 25 20 11 25 26 18 32 19 31 24 14 24 20 
33 3 15 29 34 24 34 17 21 23 20 19 24 42 27 21 21 26 12 24 12 27 18 21 37 18 29 9 10 28 
8 22 24 49 20 24 26 17 15 27 24 11 31 32 11 17 32 11 16 23 14 18 25 15 21 32 11 21 23 16 
35 33 25 24 17 24 42 13 16 19 31 30 38 39 22 18 17 23 14 22 27 33 11 22 18 31 24 23 35 27 
37 26 17 17 26 27 27 21 17 24 13 24 18 31 19 23 33 32 22 19 12 22 23 12 22 36 23 15 22 25 
27 27 15 22 25 50 37 11 13 21 31 26 25 13 16 15 19 23 21 30 26 28 30 18 29 42 18 23 31 36 
25 22 15 40 41 27 17 16 16 20 11 16 21 27 8 29 24 23 26 20 21 35 15 36 25 24 32 9 26 15 
30 35 10 19 30 20 24 19 18 18 33 30 25 35 21 16 18 26 15 21 22 30 30 25 20 27 10 17 23 24 
32 34 17 21 38 18 24 14 11 21 17 23 20 32 18 7 26 32 11 22 20 30 21 22 23 40 25 14 23 22 
17 26 15 18 37 47 31 31 20 12 38 17 17 43 17 33 27 25 22 17 23 29 11 32 26 40 40 17 43 34 
32 40 17 34 24 41 17 19 11 17 20 22 23 35 15 18 13 20 13 21 11 15 20 34 31 33 24 18 27 29 
38 10 30 35 25 23 34 17 17 23 13 20 33 29 11 25 29 18 29 16 19 25 16 23 22 30 27 9 30 32 
31 38 13 37 35 18 32 28 16 12 31 29 22 32 19 13 33 23 34 28 22 25 14 20 22 36 23 18 39 24 
32 30 25 22 19 23 24 21 17 24 41 13 23 32 17 16 15 20 38 18 25 27 19 24 17 44 30 18 31 29 
35 25 18 20 28 11 31 25 18 27 31 19 25 35 23 19 24 38 26 26 11 17 28 21 28 27 36 14 32 33 
22 34 24 16 25 18 12 17 14 16 42 13 39 42 14 14 19 32 10 25 32 23 8 30 27 32 28 8 25 27 
24 18 14 31 24 20 19 14 17 14 36 26 28 29 12 12 21 31 23 20 14 19 18 29 18 34 20 21 30 4 
24 18 20 40 28 34 33 23 24 17 40 35 39 33 20 14 18 28 23 29 8 32 13 22 27 38 19 25 35 26 
26 18 17 26 24 26 20 23 14 15 24 21 28 22 17 12 30 25 24 30 13 24 19 17 17 34 23 25 19 25 
29 40 22 23 28 21 18 22 13 28 31 22 32 30 13 6 9 28 23 18 23 19 26 28 23 40 29 19 25 7 
29 25 21 25 29 34 26 15 8 26 27 17 46 33 14 19 18 27 27 31 17 18 16 21 27 27 20 19 21 34 
26 34 26 33 22 26 27 11 23 17 23 23 33 27 13 12 27 27 29 20 23 18 20 18 22 28 27 18 26 17 
22 30 22 36 25 23 36 10 14 11 24 36 35 38 22 17 19 30 23 22 22 16 14 24 25 34 33 7 16 21 
32 24 23 34 23 23 27 26 11 20 28 38 28 25 18 21 26 34 26 30 13 30 18 14 18 14 26 15 27 24 
36 39 22 40 32 36 23 23 20 27 23 23 32 29 20 5 31 31 14 29 17 19 21 16 18 25 14 12 34 31 
19 32 15 37 20 44 20 14 14 17 35 23 32 23 15 21 28 40 24 16 24 19 23 21 24 29 26 11 47 25 
22 25 17 37 36 34 22 16 10 23 25 23 20 26 13 16 13 22 10 28 18 28 20 37 16 20 12 20 22 27 
18 34 20 32 29 33 24 19 10 19 13 17 32 27 18 18 22 26 31 25 36 21 25 28 24 24 32 16 18 24 
31 25 21 40 35 27 30 20 15 21 43 17 31 42 17 17 20 21 28 20 18 15 17 34 31 52 27 12 24 22 
32 41 15 26 28 38 36 24 14 16 33 15 25 23 20 14 25 24 13 19 21 27 17 19 28 28 19 20 27 8 
22 7 17 22 33 37 37 9 17 16 26 13 26 18 13 14 30 35 20 16 31 25 21 29 16 48 26 26 35 32 
29 38 22 29 21 36 31 22 16 19 10 30 32 28 19 9 34 30 29 19 13 18 13 26 24 34 31 20 37 36 
31 22 16 26 19 32 20 21 16 22 25 11 21 18 14 23 34 25 16 15 35 28 23 23 13 35 37 22 30 22 
32 21 12 29 30 38 36 25 24 19 31 21 27 31 10 19 16 26 16 23 29 8 23 28 21 37 16 16 28 11 
37 43 31 15 20 42 19 18 8 18 13 18 23 20 15 17 24 34 18 33 22 24 22 23 19 23 26 14 44 22 
26 32 20 27 23 38 12 28 14 11 35 32 31 21 10 10 22 28 25 23 17 18 28 29 31 26 19 17 37 21 
37 22 21 39 43 32 31 26 20 16 22 18 26 33 13 19 18 17 24 24 24 22 24 32 16 39 25 14 33 37 
31 40 24 30 23 43 32 13 14 26 38 28 27 30 22 12 15 14 15 22 28 20 16 21 19 32 25 28 36 25 
28 15 22 33 37 38 27 21 13 26 16 21 29 34 17 18 22 29 19 3 23 32 20 27 20 36 8 21 21 26 
38 36 15 21 26 15 28 24 20 11 28 16 22 38 16 19 21 25 16 9 14 28 19 24 35 5 22 9 22 14 
33 29 17 39 33 22 32 25 11 19 40 21 26 33 12 19 30 31 35 26 28 20 25 31 21 22 24 19 2 14 
29 34 20 33 13 30 31 26 20 18 36 21 23 45 10 10 23 40 23 27 23 29 12 13 37 22 22 17 28 33 
24 38 7 18 25 20 32 29 18 19 25 19 33 31 28 21 18 29 24 33 23 24 22 18 21 27 19 20 36 21 
24 9 19 38 29 18 31 22 19 17 32 19 34 30 19 15 29 28 33 19 25 24 15 21 23 40 18 12 25 38 
40 30 13 30 17 10 35 16 24 10 36 12 33 32 17 19 28 19 13 27 23 29 14 21 23 10 11 12 12 15 
26 22 22 35 34 46 38 23 22 25 44 24 30 33 14 14 20 30 11 23 18 28 20 22 29 24 24 19 28 30 
23 28 14 25 18 30 31 18 16 18 28 9 22 39 13 22 36 17 30 27 24 22 13 16 21 41 18 24 32 17 
25 12 15 37 37 18 20 22 15 19 17 30 35 41 9 14 17 25 26 18 22 23 10 21 19 24 25 17 12 31 
27 22 26 38 24 39 20 21 19 18 30 14 30 35 17 20 26 33 18 20 22 26 24 29 20 25 33 10 21 19 
31 42 18 28 26 20 22 28 11 14 22 25 39 29 13 18 22 28 30 28 15 25 19 17 10 19 19 5 34 24 
16 14 16 23 25 38 18 27 25 17 46 28 28 23 16 11 20 16 16 16 17 23 23 23 21 37 21 23 19 33 
18 36 18 32 34 25 25 16 14 18 24 22 27 13 8 13 24 24 27 24 20 29 12 20 18 35 16 20 25 18 
32 31 24 29 31 25 15 23 13 16 24 14 24 38 18 22 20 11 31 28 10 24 23 25 32 31 17 13 14 16 
33 31 18 32 30 26 36 22 22 11 29 27 28 35 11 19 21 33 12 30 24 20 17 20 8 34 18 9 32 29 
23 33 8 31 21 28 33 23 14 20 12 11 22 34 20 25 17 26 28 23 15 28 15 28 16 34 30 14 37 22 
29 27 23 35 25 35 22 18 15 24 38 22 36 24 19 28 17 27 24 22 21 27 19 27 23 43 19 27 37 23 
33 19 19 23 26 26 22 13 20 21 27 16 25 25 15 25 27 29 18 16 24 32 24 18 12 19 30 11 24 29 
28 39 31 23 13 16 20 23 21 18 37 12 45 38 23 13 25 43 22 14 24 25 24 28 28 33 24 18 36 13 
31 31 21 29 26 38 33 21 17 14 24 9 40 38 21 22 25 30 12 15 29 27 20 21 27 27 23 9 18 27 
21 32 18 22 27 37 28 24 22 33 28 23 17 17 15 17 16 24 17 21 19 29 14 24 22 28 18 20 29 26 
8 12 25 24 19 35 18 25 23 16 13 15 35 34 13 13 29 27 18 21 8 13 32 23 23 39 25 16 23 25 
24 20 12 23 24 35 13 20 18 20 26 9 23 28 15 17 29 21 13 15 19 15 18 36 15 35 17 16 14 27 
31 22 28 31 34 34 19 29 13 15 22 26 16 20 12 20 9 19 21 19 28 29 21 24 24 34 26 15 34 24 
39 27 26 29 33 28 28 15 16 22 24 13 8 40 17 7 7 28 22 32 17 26 32 21 24 38 17 20 33 29 
16 6 25 35 31 23 34 20 18 15 32 17 37 35 18 27 15 40 24 24 22 30 13 31 21 25 26 27 13 25 
30 30 22 29 26 25 19 17 14 21 26 27 43 27 17 13 26 46 26 24 17 14 10 19 23 27 20 9 39 37 
30 24 21 30 21 36 28 18 15 19 23 23 43 31 25 8 18 20 18 18 26 18 15 20 14 39 28 11 24 13 
24 26 16 30 29 32 40 19 18 28 26 11 36 41 29 21 14 18 21 17 22 22 20 18 27 38 12 8 23 16 
33 33 26 22 25 30 33 14 20 15 25 16 31 20 15 22 21 19 16 14 8 29 23 18 35 17 20 17 26 26 
25 31 21 16 11 36 41 19 11 8 24 24 30 33 20 18 10 26 20 12 24 24 20 26 28 41 26 19 30 18 
34 25 19 19 26 25 25 26 20 24 28 21 17 13 24 10 24 12 30 39 30 25 20 27 30 37 15 16 22 28 
25 24 21 34 28 36 30 28 12 18 20 3 42 34 11 14 19 16 23 29 32 26 15 34 31 36 21 19 37 34 
33 32 17 39 32 27 19 20 16 16 27 15 31 9 18 21 10 23 20 25 16 30 16 17 33 35 23 12 44 28 
23 37 19 40 30 27 25 27 18 21 19 17 25 33 16 14 25 25 10 19 17 31 31 19 36 30 21 26 44 24 
7 35 13 30 21 32 10 18 17 14 21 35 44 17 26 23 14 33 30 29 26 17 21 16 22 23 21 16 23 23 
44 15 18 32 16 40 32 16 15 30 41 24 30 24 18 20 15 23 28 16 27 24 24 13 16 40 17 17 21 32 
23 22 14 34 26 32 22 15 8 25 18 20 26 34 16 20 22 28 8 14 21 17 23 14 24 23 17 12 27 38 
15 17 17 14 11 32 15 11 10 20 32 22 29 36 18 7 33 19 28 13 30 19 24 11 24 53 23 15 14 34 
24 20 26 26 17 24 14 17 12 18 20 21 29 27 24 13 36 26 32 31 19 25 25 21 23 46 31 18 36 31 
39 23 28 38 24 26 22 19 10 22 33 22 38 25 21 17 30 31 28 14 21 21 24 29 23 45 20 11 27 21 
34 25 15 22 19 49 19 22 10 20 26 14 18 17 18 23 28 25 24 24 21 25 16 27 21 21 31 17 35 28 
28 28 14 41 39 42 10 26 16 18 20 10 28 25 11 12 16 25 17 25 25 30 17 19 14 13 16 19 26 24 
35 20 22 27 44 40 25 9 21 17 25 25 35 27 24 26 10 29 15 26 24 33 19 24 21 30 31 16 32 29 
32 34 22 39 20 35 30 19 16 25 32 30 44 32 15 16 28 43 22 30 21 34 17 28 23 28 30 20 31 18 
24 26 19 37 25 5 38 21 18 21 18 13 33 30 12 23 18 20 23 16 17 31 20 29 28 19 20 16 38 16 
35 25 22 28 21 29 40 14 21 23 32 26 35 31 11 16 27 29 23 25 22 32 16 14 24 22 17 13 28 23 
24 29 16 28 32 34 26 16 18 17 30 9 27 25 25 12 23 22 16 31 16 24 13 29 17 30 28 17 25 18 
26 30 21 32 25 20 25 25 10 26 30 27 20 38 21 14 25 29 23 30 17 18 20 31 22 29 22 12 22 27 
27 28 17 32 7 42 17 26 18 23 23 22 15 21 15 13 32 17 22 25 27 36 23 26 17 21 27 17 22 35 
27 15 17 39 43 32 14 16 14 12 16 29 28 27 20 11 34 32 24 31 29 26 23 19 20 40 29 12 31 18 
26 25 14 27 28 12 32 25 13 18 37 22 22 27 21 18 25 28 23 23 16 25 26 18 21 23 20 25 32 20 
17 31 14 27 39 30 24 15 12 16 19 17 33 33 17 24 26 35 21 26 15 19 21 20 28 20 16 22 19 23 
35 29 22 28 27 43 24 12 15 29 37 27 26 29 23 20 15 26 23 22 37 31 21 31 22 15 26 18 44 40 
33 17 17 19 31 30 35 7 17 21 32 16 21 13 19 18 22 32 15 29 11 20 25 34 16 52 30 10 17 21 
29 22 19 37 28 17 18 23 16 18 25 18 18 36 16 21 33 25 30 33 23 11 19 16 19 19 10 21 42 32 
44 27 15 37 26 21 34 19 18 22 43 21 37 22 14 11 24 19 19 25 16 21 14 16 24 24 17 13 33 21 
16 15 15 28 15 16 24 21 16 19 25 32 22 39 19 22 28 27 12 14 20 28 18 29 13 15 33 4 36 28 
27 32 26 38 23 16 28 30 21 13 29 28 20 27 21 29 27 29 18 22 15 25 11 18 23 9 31 23 31 28 
44 27 12 36 30 47 26 20 21 18 17 24 25 28 20 13 20 26 18 21 17 26 26 25 27 27 22 7 26 27 
21 13 19 23 24 31 35 25 18 11 37 26 24 20 16 12 33 17 32 30 21 26 13 23 26 25 19 11 30 23 
33 17 26 29 11 34 34 13 23 12 34 18 31 44 24 20 22 28 20 13 14 22 16 24 19 46 28 18 22 26 
22 17 10 22 30 18 17 16 19 20 36 17 30 9 10 18 27 20 28 19 19 26 9 11 26 38 24 20 29 21 
19 36 18 27 21 43 42 26 18 19 35 18 23 17 25 27 25 22 20 23 18 18 24 25 32 29 23 14 48 17 
21 27 10 33 42 32 33 16 14 17 29 27 19 13 22 20 9 22 16 17 15 22 23 25 33 35 18 14 23 15 
21 37 16 26 24 29 30 17 18 15 30 35 29 32 20 16 20 34 16 17 23 27 26 16 19 32 23 15 46 26 
34 27 18 36 36 40 28 27 13 15 28 28 21 39 23 8 16 9 29 24 17 16 20 23 23 34 16 23 25 29 
23 28 16 50 31 36 35 24 19 23 27 24 39 32 12 22 16 25 24 15 9 26 29 23 17 27 17 9 30 21 
25 18 17 16 17 25 20 20 20 24 28 20 44 20 20 13 26 26 33 21 31 29 27 26 23 29 23 16 44 22 
14 44 12 38 37 29 37 26 24 26 21 21 27 32 20 20 23 27 31 31 30 22 18 27 19 28 26 23 5 30 
29 19 15 39 24 31 28 20 12 15 25 21 30 26 20 5 27 24 5 26 25 23 26 24 11 22 27 15 31 25 
23 20 15 40 26 27 21 29 14 25 32 28 42 34 22 12 19 18 23 21 26 26 26 24 21 31 26 16 29 25 
27 29 28 17 24 25 25 23 16 15 25 21 28 19 26 15 13 23 27 18 15 14 17 30 21 44 32 14 16 18 
14 32 20 28 24 32 23 13 22 12 23 14 16 26 21 17 24 31 18 23 25 30 12 30 22 33 15 12 32 26 
34 35 24 13 27 35 17 26 17 19 25 30 30 37 13 15 19 29 25 20 25 13 14 27 29 43 23 20 26 22 
24 23 14 25 35 38 20 18 15 23 26 14 30 22 14 16 22 31 22 29 13 15 16 20 38 41 22 12 32 29 
29 14 24 17 27 38 29 20 15 26 20 25 46 26 16 17 19 19 26 18 14 17 19 26 34 34 21 29 22 40 
14 35 20 40 30 29 31 20 13 15 24 15 42 25 17 15 19 27 27 24 16 40 21 18 30 25 8 16 24 23 
25 34 20 42 20 41 14 15 13 22 19 21 26 34 13 18 19 27 22 33 21 25 25 28 18 24 31 20 17 33 
18 36 24 15 27 10 23 27 15 25 19 26 32 36 20 15 14 32 28 28 15 29 21 10 19 30 25 17 23 23 
24 32 15 38 22 28 27 29 16 15 47 21 13 29 24 28 31 26 22 31 26 24 23 29 30 13 28 14 27 30 
27 37 18 23 24 30 23 16 11 29 24 23 35 39 21 21 31 14 19 22 19 13 21 10 29 23 26 12 20 22 
21 30 16 32 18 33 34 20 17 21 28 9 33 24 19 14 15 23 29 29 17 27 23 34 19 44 17 12 24 21 
27 30 21 20 26 54 25 19 15 23 29 30 35 26 12 23 29 30 21 20 14 28 23 33 29 31 30 14 21 37 
32 21 11 31 34 39 19 13 10 27 33 22 15 25 18 12 16 26 21 19 24 25 17 23 32 31 17 10 25 23 
36 38 17 24 18 39 27 28 16 10 19 15 35 20 19 18 33 28 22 24 15 23 11 31 33 33 27 16 31 34 
33 19 18 25 6 38 11 23 14 22 21 17 32 26 14 14 30 28 19 19 10 23 14 22 9 43 25 14 35 17 
30 23 22 11 11 33 46 12 17 14 19 19 30 26 21 18 33 32 19 14 26 26 22 30 32 29 35 18 31 26 
26 33 25 30 10 44 19 12 21 15 32 17 39 25 18 12 29 31 25 15 21 22 20 10 21 26 9 10 34 16 
30 27 15 21 37 39 30 22 15 22 23 14 21 33 12 19 13 17 17 26 29 29 11 20 23 25 20 20 29 26 
16 25 15 38 28 30 30 10 19 12 19 20 33 41 18 25 19 30 24 8 24 19 20 31 21 23 33 21 25 22 
42 23 28 28 22 30 17 22 25 26 40 15 26 27 20 23 11 23 30 19 21 23 23 26 22 23 26 18 34 37 
30 17 16 21 33 26 17 17 15 9 27 15 25 36 14 22 15 31 20 27 20 31 15 16 26 16 30 7 28 21 
26 54 26 23 9 26 34 13 13 21 30 28 33 19 14 20 37 32 28 33 12 17 20 28 16 20 33 24 25 19 
25 30 17 30 14 31 33 17 23 16 38 20 34 27 22 22 24 31 21 27 21 17 18 15 21 39 18 18 13 39 
29 22 21 25 29 32 25 29 17 22 33 21 40 26 16 20 16 38 22 16 27 6 15 29 35 40 25 18 27 25 
37 30 19 14 25 26 27 27 16 19 22 17 23 37 17 22 24 31 20 27 18 33 18 14 13 49 38 22 24 24 
21 42 29 34 10 21 27 24 18 26 32 13 34 15 18 19 16 18 34 27 24 12 15 16 20 29 13 8 31 18 
16 20 18 18 33 28 29 19 16 19 21 19 26 29 18 27 26 34 24 23 30 24 16 18 14 24 23 14 12 22 
18 40 20 29 23 30 29 33 15 25 22 22 43 21 15 20 20 40 24 18 9 13 24 22 21 36 23 14 21 17 
33 21 19 28 17 25 41 23 17 17 28 19 32 19 10 16 34 23 28 26 29 21 12 23 13 21 21 12 39 23 
28 24 16 33 35 37 31 5 16 21 17 25 39 36 7 11 17 18 21 24 21 19 15 16 30 26 15 9 44 19 
38 33 21 34 40 34 25 15 16 18 32 15 34 33 20 23 12 20 26 24 10 35 21 18 30 37 32 20 22 33 
46 30 24 22 29 37 24 13 19 26 24 18 20 34 17 19 33 23 23 30 35 25 23 15 16 22 17 24 40 27 
27 15 19 24 28 48 32 27 21 19 33 10 32 29 19 19 16 21 33 15 16 22 16 19 27 20 25 14 31 19 
16 32 23 24 19 40 24 22 16 10 18 28 6 23 20 18 27 20 19 20 15 21 11 25 21 29 17 17 37 22 
18 34 20 25 18 18 31 21 6 22 14 16 28 30 18 22 19 24 26 30 5 24 22 26 18 23 21 10 47 31 
33 38 20 23 34 29 19 24 21 32 34 23 27 30 14 20 24 34 18 17 18 24 22 32 27 36 34 12 21 30 
20 22 12 26 29 34 32 20 12 19 18 20 34 27 15 24 25 42 16 24 17 30 12 23 18 35 23 11 42 19 
24 37 23 35 28 12 30 15 15 19 27 6 21 45 20 16 19 30 18 25 21 22 24 21 25 40 22 18 46 29 
40 19 22 31 24 21 33 29 17 23 42 16 7 9 18 12 24 21 23 16 14 12 14 23 23 35 30 20 21 28 
32 27 17 33 19 34 31 15 22 24 33 13 11 21 12 25 27 24 28 15 24 19 24 32 26 21 27 20 22 24 
28 37 11 27 25 32 32 20 25 22 17 24 26 43 11 15 22 23 17 13 20 25 22 32 22 34 15 14 39 33 
23 27 13 18 11 32 24 19 23 29 18 28 26 32 16 18 24 28 34 25 21 23 21 32 24 13 12 12 32 33 
26 40 20 29 44 18 27 20 19 15 12 23 25 23 20 25 18 22 16 22 21 20 19 21 27 14 19 18 20 25 
33 34 25 28 31 16 23 21 18 12 23 13 29 26 11 17 19 21 22 29 24 18 11 37 25 31 21 12 33 27 
26 20 18 27 12 24 23 32 15 8 28 28 27 28 19 20 21 30 32 22 24 28 26 27 26 22 31 17 20 15 
39 27 20 19 19 24 16 23 17 21 25 24 46 31 17 15 19 26 17 31 11 16 22 13 25 27 28 21 30 36 
21 28 15 28 28 22 36 24 18 26 33 24 22 21 19 16 23 24 28 23 17 24 26 24 16 35 22 24 40 19 
38 32 20 18 36 31 23 22 12 19 29 13 36 28 19 22 29 32 18 25 24 29 17 24 22 25 17 17 35 31 
31 35 26 33 15 49 28 20 17 24 29 33 34 22 20 14 24 26 19 33 24 26 20 23 22 41 18 18 34 24 
27 28 17 4 18 12 17 26 18 29 34 27 35 34 12 23 34 31 23 19 23 22 22 26 17 32 24 19 36 36 
23 12 14 24 22 12 34 23 11 23 32 33 23 28 12 18 15 34 20 26 34 17 20 27 19 28 30 21 27 20 
25 24 21 31 24 22 24 30 12 9 28 21 26 25 29 14 33 34 24 20 21 16 23 33 25 32 21 19 19 16 
26 32 22 45 45 27 26 20 11 11 36 12 25 14 23 25 21 37 16 25 28 29 21 27 24 25 26 11 49 25 
16 20 26 25 23 31 23 24 17 21 21 20 42 26 26 15 22 26 22 21 28 30 11 23 27 34 24 16 23 25 
24 27 7 31 28 27 33 7 18 21 35 22 28 23 14 13 32 19 16 21 27 23 25 17 22 20 33 11 14 33 
16 40 12 25 28 15 36 17 19 25 17 17 16 44 17 14 30 27 22 29 19 20 20 33 20 27 34 20 25 22 
17 34 32 30 43 44 31 21 14 21 29 29 24 44 17 13 13 28 18 19 24 22 16 15 15 35 13 3 18 18 
28 39 24 32 20 29 23 19 15 12 23 29 31 32 15 17 29 17 21 18 18 14 23 21 18 30 20 14 26 35 
30 10 16 29 23 27 30 31 18 19 11 22 22 28 24 15 21 23 14 32 12 32 19 22 31 36 24 19 21 28 
28 41 24 31 26 31 37 20 17 14 18 18 30 44 17 16 13 21 29 17 15 32 11 21 28 41 24 11 15 29 
39 28 14 13 33 17 26 19 19 12 28 16 22 21 27 15 25 20 28 28 11 17 15 27 22 38 24 10 38 32 
45 23 17 28 19 29 25 14 25 8 31 26 35 26 22 13 33 30 21 30 19 16 13 22 25 32 24 11 27 18 
14 28 20 33 20 20 32 30 18 22 39 19 31 31 18 16 23 18 28 31 23 13 25 25 29 26 26 17 28 33 
11 41 23 31 18 32 22 20 11 27 18 17 16 27 21 18 28 17 21 26 17 26 27 14 22 27 27 22 32 28 
21 25 19 22 19 31 29 7 11 19 20 21 31 28 14 18 25 22 16 30 28 16 23 28 35 39 25 12 21 25 
38 38 16 36 20 34 27 15 13 19 30 17 27 31 11 17 17 29 29 27 26 17 15 12 31 46 23 16 35 37 
37 44 27 22 27 28 34 30 18 21 25 21 46 27 17 21 30 24 21 30 11 7 15 31 21 34 20 10 30 19 
29 24 15 48 28 27 18 15 15 19 28 12 17 17 17 27 19 15 14 25 16 30 14 31 23 12 20 19 30 19 
23 32 25 12 36 24 28 20 21 16 24 27 39 38 17 18 17 23 10 20 12 22 18 21 28 12 17 17 34 21 
32 28 17 38 36 15 14 5 17 19 19 20 34 27 13 12 28 21 24 25 21 16 22 22 11 35 28 17 28 23 
17 23 12 27 35 35 38 22 20 20 23 23 36 24 18 23 16 33 23 22 20 27 17 25 27 25 19 11 17 24 
30 37 16 28 31 22 29 27 15 17 38 17 31 38 16 23 21 30 31 17 30 19 26 24 23 29 20 14 40 32 
31 11 23 24 31 32 31 22 16 20 26 22 21 29 7 13 32 26 16 34 15 24 27 23 16 20 23 15 37 27 
24 25 20 36 30 40 22 14 13 21 17 20 26 26 19 18 26 28 24 27 19 23 14 30 18 43 21 16 27 31 
20 9 24 23 29 32 28 16 16 21 25 13 27 25 23 20 16 26 27 19 16 27 13 20 7 21 24 11 42 28 
24 32 23 24 36 29 33 19 16 17 29 25 35 21 19 21 28 24 23 19 16 19 23 24 25 25 17 14 18 27 
25 22 29 21 17 27 37 30 17 14 29 17 32 20 28 12 24 26 25 30 23 22 19 33 30 25 34 13 22 34 
31 16 23 35 24 15 29 12 10 21 14 9 31 27 8 19 30 32 21 22 24 25 19 22 28 22 18 24 20 30 
27 25 24 19 36 36 44 13 17 16 20 26 26 32 13 18 24 14 22 27 21 15 16 13 23 33 27 18 11 32 
23 32 20 20 20 27 29 33 26 8 34 32 37 16 21 9 23 29 23 33 20 9 21 22 11 24 28 15 17 18 
31 6 21 23 40 37 15 23 15 27 25 22 24 36 21 23 15 24 26 31 20 33 22 25 32 44 24 20 29 28 
35 22 28 34 45 10 28 19 10 11 22 21 38 25 11 20 26 26 12 18 24 18 20 13 25 47 31 14 26 40 
19 22 23 46 31 32 26 16 14 22 33 19 39 29 20 13 26 24 20 12 24 27 29 10 23 22 31 19 39 28 
22 22 13 45 31 40 34 30 17 13 24 11 24 21 25 17 17 26 18 16 28 24 13 20 19 31 25 14 21 9 
25 35 13 29 35 33 24 16 6 21 31 23 34 28 18 19 24 24 19 16 23 35 22 25 19 44 23 19 27 20 
30 37 25 36 30 30 35 27 17 28 42 21 9 21 12 14 32 19 27 18 10 26 10 21 19 32 19 11 32 20 
19 24 8 32 27 21 24 13 20 26 35 15 22 27 13 14 24 22 24 6 12 21 21 23 21 33 32 17 22 24 
26 34 14 40 32 35 24 28 11 28 11 21 19 34 30 13 29 36 12 22 26 28 16 32 22 21 22 21 24 34 
26 22 20 30 30 37 24 27 15 11 43 19 40 27 17 16 23 37 22 26 26 23 19 14 17 17 30 15 18 30 
32 35 17 18 24 38 25 23 23 22 22 20 38 34 18 7 22 37 20 22 20 28 11 34 18 31 42 19 25 27 
31 31 18 25 27 22 28 25 13 20 36 17 29 32 16 28 23 32 22 28 25 19 12 24 19 32 15 19 23 29 
37 13 10 15 26 27 20 25 19 28 22 30 34 31 17 28 30 25 26 33 21 23 17 12 27 11 25 18 23 36 
38 23 12 37 18 15 30 25 11 23 25 26 35 40 10 7 20 18 23 31 16 22 17 19 24 30 30 10 27 16 
26 22 10 22 27 39 30 25 16 14 36 21 27 18 17 13 18 30 25 19 23 22 12 21 18 29 36 23 13 32 
27 37 22 43 34 32 28 23 22 21 48 33 25 34 11 22 25 33 25 25 24 21 6 13 22 29 14 21 24 30 
12 27 20 27 30 33 26 25 16 15 30 23 29 31 15 20 22 19 3 19 9 22 18 30 25 33 9 11 27 30 
27 31 20 33 35 31 21 19 19 22 31 14 21 31 13 16 23 28 14 30 31 19 23 31 30 30 33 18 36 22 
30 36 26 29 23 26 30 17 17 16 32 19 34 45 20 16 26 30 27 30 19 20 24 22 23 21 19 16 31 25 
26 27 15 33 33 10 23 27 18 20 37 24 19 31 21 20 35 21 19 18 22 32 17 34 15 32 17 22 33 14 
18 18 28 17 15 38 35 30 16 16 23 13 26 11 15 13 11 22 24 25 32 27 20 20 28 35 37 16 34 20 
27 19 15 26 19 24 35 27 17 16 27 15 14 28 10 14 18 38 20 20 19 23 11 21 16 25 24 25 27 28 
20 29 22 42 33 24 19 16 17 16 22 19 21 25 14 16 23 25 38 15 29 18 16 20 21 41 19 24 17 27 
36 26 18 33 34 27 25 8 18 12 38 25 21 37 14 16 24 31 28 22 14 26 13 19 21 24 21 6 21 27 
11 23 10 37 35 16 22 15 23 17 37 26 26 21 13 20 20 22 14 17 21 19 14 26 25 29 24 15 38 29 
24 32 21 22 11 37 23 21 14 25 14 24 39 39 17 17 29 32 20 23 18 21 15 18 13 42 34 21 32 38 
31 30 18 29 21 39 16 21 12 22 45 19 26 18 17 27 20 18 25 17 12 27 17 32 18 22 32 13 37 36 
20 24 19 20 26 41 22 11 17 28 27 21 34 28 13 23 20 18 19 34 17 25 26 24 30 34 15 18 29 17 
27 34 13 9 21 42 41 18 20 25 23 22 15 33 16 22 28 22 15 26 32 28 18 22 24 21 25 8 31 24 
17 30 20 46 31 32 20 30 19 14 27 17 21 40 20 14 20 16 18 31 9 30 10 25 8 13 17 12 26 34 
20 27 24 15 40 22 34 19 11 15 17 17 30 10 8 19 33 29 20 24 17 32 8 20 26 28 24 14 19 17 
31 36 20 20 22 17 32 21 12 13 38 25 30 18 16 25 23 34 26 19 20 22 17 20 11 44 24 12 53 25 
32 34 27 41 40 36 31 16 15 13 17 17 20 20 15 22 30 27 16 19 11 30 18 35 23 32 31 18 27 35 
24 30 27 31 28 37 9 23 19 20 35 22 16 33 16 11 30 16 19 30 18 25 23 22 24 41 25 21 41 22 
30 26 20 35 31 22 27 23 17 15 16 4 22 26 7 18 32 19 29 14 28 24 23 26 10 35 24 18 31 32 
16 24 12 27 30 15 26 17 18 13 26 23 28 38 19 22 30 29 25 14 19 25 15 21 18 27 18 20 25 29 
26 27 27 33 38 40 47 13 19 10 40 22 21 24 7 10 27 23 15 27 15 29 9 27 22 23 17 14 34 15 
25 31 14 18 33 34 30 20 17 21 25 16 31 38 23 19 26 33 23 20 24 16 18 28 22 22 19 18 24 24 
23 39 22 45 35 25 22 21 14 13 30 17 30 32 16 27 31 28 18 34 16 15 24 32 31 24 29 19 32 24 
27 32 18 26 29 36 26 26 14 17 34 27 27 31 19 10 30 28 19 20 18 21 20 8 20 26 15 11 21 20 
43 41 22 29 11 26 20 22 14 19 30 17 31 32 7 7 20 39 20 22 19 27 17 26 18 36 32 25 32 15 
23 18 15 31 39 36 21 15 15 18 23 22 43 17 14 9 7 26 32 21 9 18 18 19 12 41 18 9 22 32 
27 33 14 20 33 23 35 23 23 19 27 28 21 24 23 14 28 18 19 24 23 16 20 15 21 29 23 11 22 24 
34 20 20 18 30 39 27 18 22 7 17 40 33 22 13 17 28 26 25 20 17 28 14 16 19 30 30 21 47 23 
44 14 18 30 28 39 34 28 17 27 24 19 34 33 35 21 23 17 14 30 18 25 15 20 30 21 31 17 35 34 
6 18 19 28 34 24 35 19 19 17 28 20 24 32 19 23 20 24 28 22 16 24 25 24 33 38 33 26 30 31 
20 28 17 27 25 9 26 20 8 24 22 17 29 22 10 21 11 44 23 39 27 34 19 24 24 39 14 22 30 24 
18 33 19 26 30 5 18 24 18 16 33 17 22 27 10 10 11 21 21 22 24 21 16 30 16 37 19 8 25 27 
32 17 14 25 6 24 27 21 18 13 28 29 28 20 16 25 31 20 18 20 19 18 21 29 28 37 31 10 37 44 
25 40 16 23 24 40 25 23 13 17 13 18 39 25 12 18 31 23 17 27 30 31 19 21 24 38 18 17 35 27 
35 24 21 22 25 17 34 13 10 25 12 11 19 24 19 20 25 21 22 19 15 21 22 25 13 17 19 18 33 26 
28 35 14 30 29 23 19 6 19 20 26 17 24 21 26 18 17 23 30 19 23 24 18 13 23 12 23 8 23 19 
26 31 13 12 51 49 31 24 17 23 20 25 35 34 24 19 30 27 23 26 27 27 15 16 20 37 15 17 32 38 
36 28 10 26 27 24 18 25 11 21 21 31 45 25 19 12 27 28 31 34 28 35 16 17 26 33 26 20 21 25 
36 17 18 13 19 47 27 19 9 19 12 28 14 28 14 17 19 40 21 28 16 21 21 19 30 35 28 23 31 28 
10 37 20 16 20 47 22 30 14 27 23 16 29 23 14 17 18 30 16 19 5 26 15 19 19 26 19 13 23 18 
30 13 13 28 28 34 27 25 25 21 36 24 20 18 24 20 17 32 23 30 33 27 13 17 11 20 17 17 18 26 
15 21 19 24 29 39 13 29 18 8 28 21 35 37 23 19 25 32 18 23 22 24 24 33 14 25 28 18 34 29 
16 21 27 30 35 36 34 20 18 22 41 16 32 33 17 21 16 25 19 31 11 26 19 28 23 31 20 16 19 32 
20 20 19 26 22 23 20 16 23 12 13 24 22 17 15 18 20 25 23 29 16 21 30 22 21 24 30 12 26 38 
17 26 23 26 37 38 24 14 12 14 30 17 27 24 17 4 27 26 17 14 28 36 14 21 26 34 23 20 20 28 
26 24 18 28 22 23 30 28 12 17 22 12 30 20 19 7 20 39 24 23 20 30 20 29 30 17 27 20 33 34 
32 17 27 31 31 24 27 20 10 22 38 20 36 29 21 15 14 30 9 20 20 21 25 21 21 37 22 24 24 32 
18 15 19 32 25 24 26 21 20 20 23 23 33 18 7 23 14 28 14 26 23 22 18 21 26 24 40 12 19 26 
27 28 21 25 19 26 30 20 13 14 29 25 50 30 27 12 18 23 17 18 22 18 21 21 24 25 25 13 24 21 
34 26 12 11 30 36 36 22 24 25 20 14 20 45 15 9 19 21 28 14 9 17 29 20 18 26 10 20 27 17 
18 28 25 23 13 18 17 26 20 12 27 21 16 19 16 19 38 35 19 14 26 21 16 25 21 25 23 16 36 28 
35 18 21 11 31 44 25 24 20 18 14 27 35 27 13 13 34 30 16 18 26 21 16 13 17 14 22 19 29 27 
12 26 26 28 24 31 40 22 14 17 37 24 38 14 21 23 18 27 21 20 13 22 17 32 26 20 21 19 14 31 
24 28 18 35 8 38 15 32 13 22 37 15 28 22 23 16 30 6 19 20 19 26 15 23 20 27 35 7 19 28 
12 20 17 27 26 46 20 14 21 33 41 22 25 33 19 13 23 30 12 27 21 11 14 22 21 20 18 15 26 33 
30 21 10 22 26 7 21 28 11 20 15 25 32 27 22 20 21 19 17 19 20 6 16 22 23 49 30 24 32 24 
26 25 15 28 38 43 31 11 19 20 25 15 25 26 28 18 30 19 20 28 21 25 22 30 24 34 32 12 32 17 
27 27 14 28 22 29 19 25 15 12 39 33 34 30 15 21 30 22 26 17 25 16 22 31 32 36 25 15 38 28 
28 36 26 28 40 35 27 16 19 15 35 20 27 36 19 24 13 28 12 19 15 26 25 16 22 26 22 18 10 17 
42 5 26 28 35 33 16 31 17 19 32 11 28 17 17 16 29 36 16 30 21 22 27 27 24 13 38 24 33 24 
36 40 26 26 25 19 32 23 19 21 30 10 30 29 14 22 26 28 21 35 11 31 12 17 21 24 27 15 24 30 
15 26 17 27 29 22 30 17 17 26 31 24 16 40 11 14 16 19 13 18 24 25 17 28 32 35 27 13 36 25 
27 34 21 41 24 37 29 23 15 16 21 18 46 28 25 16 29 33 13 27 19 22 7 20 19 28 15 21 29 17 
22 21 7 30 22 24 19 23 11 22 16 19 25 23 19 13 24 17 23 20 22 28 25 19 18 20 35 13 40 25 
28 26 25 22 31 11 22 17 15 21 23 28 26 21 17 10 12 30 17 29 24 24 19 31 22 39 18 12 21 24 
30 25 23 20 44 42 25 26 25 23 24 25 30 30 22 13 24 31 29 25 27 30 14 21 27 42 34 14 35 30 
24 25 17 30 13 29 31 25 26 24 18 19 37 32 6 20 19 33 34 22 19 30 16 16 32 24 17 14 25 26 
24 34 23 33 25 28 27 18 17 19 27 13 30 27 11 24 21 29 20 21 22 16 22 26 28 38 35 15 31 32 
24 33 17 31 34 27 35 25 17 20 21 27 36 38 23 12 17 32 19 24 38 29 17 15 19 27 23 14 25 33 
17 34 12 23 46 15 28 21 23 25 28 23 18 35 27 13 24 42 26 32 27 13 19 38 27 36 31 14 34 7 
25 27 18 30 23 23 12 13 5 16 8 22 27 27 17 22 40 25 24 26 22 24 21 8 20 36 22 18 27 27 
30 33 18 38 27 11 19 19 13 20 27 21 28 25 24 15 30 20 18 23 19 26 17 30 19 48 23 4 14 17 
13 21 11 31 24 32 22 18 14 14 30 11 30 40 15 20 25 26 20 20 18 30 20 19 20 33 22 11 32 26 
16 19 8 23 21 34 22 19 11 25 24 27 43 41 14 12 27 30 26 28 13 16 24 37 28 30 19 14 31 40 
42 23 10 24 30 32 31 35 22 16 10 26 32 38 14 18 24 25 22 18 12 17 17 23 27 26 28 18 18 12 
17 40 16 16 30 30 36 32 15 19 32 25 34 34 12 19 23 35 29 30 14 25 19 33 32 33 21 14 21 28 
24 25 20 42 33 30 34 20 17 15 34 19 24 17 14 22 20 23 24 16 22 28 18 25 23 33 29 9 30 35 
17 33 27 12 30 25 40 29 12 16 20 22 24 15 25 23 23 33 27 28 13 35 21 25 28 38 35 18 22 29 
44 27 17 34 25 13 43 30 17 7 28 25 19 27 17 24 32 25 11 26 22 29 9 25 18 22 27 17 35 30 
24 25 17 22 25 30 34 21 11 10 25 28 33 43 13 24 15 18 26 27 22 23 24 15 22 40 30 12 33 21 
33 18 11 10 25 31 23 17 15 17 29 10 24 35 19 10 21 31 20 38 17 25 27 32 13 15 20 17 46 36 
18 39 19 34 31 39 22 3 20 12 37 22 26 32 24 17 28 23 20 34 16 22 25 28 17 19 34 23 30 19 
38 36 7 39 25 29 31 20 17 16 43 22 35 14 13 16 14 22 17 18 20 24 24 20 23 32 21 22 31 18 
26 14 11 29 12 48 11 20 19 30 19 26 21 32 15 12 23 14 22 21 21 26 19 19 17 18 25 15 38 26 
31 31 19 25 27 29 41 5 17 16 18 29 25 26 13 17 29 26 26 20 25 10 13 16 30 32 30 16 19 22 
31 26 20 32 19 9 32 13 10 24 32 25 27 21 16 21 20 30 27 19 29 23 13 28 16 23 18 20 29 27 
15 38 16 27 24 26 18 21 14 18 22 23 35 39 16 24 28 25 16 30 16 26 20 23 17 30 24 16 26 22 
22 22 18 7 35 29 18 32 13 24 20 28 41 33 17 14 26 20 33 33 19 20 23 22 27 35 10 20 31 30 
30 17 18 35 31 35 27 16 15 30 36 18 21 18 15 10 23 36 23 30 18 11 14 21 25 26 34 24 27 28 
47 13 22 33 21 39 25 24 12 19 35 13 37 31 20 12 17 19 13 16 20 15 10 29 12 42 25 28 22 22 
31 28 14 24 36 36 38 25 18 13 32 20 31 24 17 19 19 16 21 28 22 15 13 29 17 23 18 13 24 22 
20 27 17 27 28 24 31 22 19 11 17 27 22 15 19 19 14 26 25 17 15 32 20 33 14 21 28 24 22 32 
31 30 13 19 14 36 22 26 17 18 34 21 39 35 18 20 24 22 22 21 12 20 17 24 16 36 15 14 38 32 
33 32 19 48 24 31 22 16 14 30 34 25 23 31 13 25 13 28 20 24 21 19 17 20 8 49 27 25 35 23 
20 31 19 31 14 24 25 32 18 23 41 29 30 36 25 15 22 31 21 27 17 24 24 23 28 21 20 25 18 22 
31 24 17 24 19 21 21 21 14 15 22 13 44 38 24 12 24 21 12 16 25 21 20 17 21 33 12 20 27 28 
31 55 17 26 20 32 15 27 8 15 36 22 30 19 8 17 30 28 14 12 10 21 16 30 19 32 11 21 36 15 
28 23 21 23 30 24 23 11 18 28 26 8 32 16 14 14 21 34 20 35 15 25 18 16 24 37 37 16 14 23 
10 33 24 42 33 48 28 8 13 25 34 20 22 14 20 19 29 30 22 33 22 19 19 19 24 24 16 15 25 36 
21 30 23 23 36 30 26 26 16 15 21 18 25 37 27 24 34 19 23 28 17 14 14 22 13 32 33 17 18 29 
29 28 24 24 38 29 18 20 16 17 37 16 34 13 21 18 23 35 17 27 22 12 17 23 28 24 21 19 46 15 
41 15 28 23 18 31 28 20 18 17 18 13 25 36 22 18 18 31 16 24 15 31 18 22 16 22 22 16 15 22 
17 39 14 31 36 31 14 28 12 10 33 16 24 26 18 20 9 14 26 22 27 21 30 26 17 22 24 14 17 40 
41 27 14 40 35 33 30 25 20 21 23 30 37 21 15 20 29 17 23 24 28 17 20 28 21 22 34 23 40 33 
28 35 27 31 31 25 34 12 15 26 20 24 25 21 13 14 37 40 26 31 20 19 17 24 20 48 33 26 19 29 
24 22 20 29 22 31 19 18 15 24 27 12 27 25 19 23 31 35 21 30 17 36 15 35 16 39 16 14 32 32 
38 33 14 28 40 40 17 22 13 19 12 15 23 19 21 21 12 18 25 19 18 30 27 27 11 28 26 19 29 23 
24 30 22 29 21 12 24 20 15 17 28 23 29 23 16 21 26 24 17 20 10 21 33 12 19 24 22 18 18 16 
30 33 12 22 35 29 25 26 13 23 9 34 45 35 15 18 23 32 19 11 21 22 20 17 24 31 24 19 25 23 
11 24 14 28 34 33 9 24 17 14 20 22 28 20 13 10 12 24 31 31 12 31 21 25 25 48 27 21 23 18 
37 42 24 31 33 33 36 20 20 17 20 25 36 26 22 15 21 21 34 32 15 28 25 27 21 36 21 22 18 30 
35 27 25 45 30 31 22 18 17 19 23 14 36 23 18 22 21 31 18 24 27 17 14 28 18 39 16 25 37 23 
37 27 17 35 32 24 25 15 11 12 20 21 27 29 22 19 21 27 13 22 26 32 28 29 15 32 23 12 29 12 
25 29 22 20 18 26 24 8 14 20 26 31 37 32 20 17 34 32 15 22 18 20 23 31 19 30 32 16 23 28 
29 21 15 13 19 36 28 28 15 22 18 8 38 20 19 18 23 12 23 19 20 31 22 18 37 32 20 7 32 29 
26 28 13 33 28 46 34 10 15 26 17 24 42 37 27 14 22 32 21 20 14 22 17 23 28 29 7 16 31 29 
25 28 10 46 35 19 29 21 19 20 21 17 31 36 23 19 22 36 23 24 20 30 26 19 23 37 30 26 33 16 
28 40 9 32 37 24 32 15 16 18 23 20 19 22 17 16 29 25 14 30 19 25 15 10 22 29 31 14 25 23 
33 28 13 42 36 44 8 22 21 17 31 24 19 29 18 13 18 27 16 29 25 28 23 25 25 29 26 11 32 24 
20 43 20 23 30 31 26 27 17 18 35 21 39 26 8 27 24 25 22 18 19 33 22 22 12 32 36 21 18 13 
35 30 27 28 26 11 18 20 21 19 20 33 21 3 24 15 29 20 16 26 23 34 22 25 21 23 24 14 41 12 
21 43 22 19 30 43 19 21 18 18 22 19 35 19 19 16 17 32 28 21 21 23 18 25 17 36 33 24 24 30 
29 21 19 14 23 32 32 13 19 22 20 8 21 35 12 15 13 21 25 32 20 24 8 22 31 30 35 24 37 26 
29 29 23 30 28 40 13 19 17 12 16 19 21 23 19 28 25 26 23 38 21 24 20 22 34 42 31 21 40 38 
29 28 26 23 20 32 22 23 15 16 24 18 41 34 20 21 21 17 28 20 20 21 23 27 15 30 21 21 25 30 
34 28 26 29 29 21 27 21 15 19 18 20 18 30 20 23 15 21 20 29 28 29 14 17 13 20 32 13 26 27 
27 34 18 35 33 21 32 31 15 22 36 28 24 27 20 10 25 32 25 32 13 24 14 19 30 25 23 14 27 35 
30 26 18 34 34 30 36 17 13 17 22 15 17 28 11 21 32 28 29 7 19 28 16 32 26 15 14 20 6 32 
25 15 25 28 22 35 33 9 12 23 37 21 24 26 17 10 19 34 31 20 13 20 16 25 29 34 25 9 28 27 
29 27 21 47 24 24 29 27 17 24 26 24 32 21 17 20 27 45 8 30 29 21 22 30 30 48 19 15 37 20 
14 21 18 44 29 23 30 11 10 19 18 23 39 43 13 11 23 26 20 25 21 19 19 27 25 26 28 19 38 40 
20 32 23 11 13 12 24 15 12 18 21 32 21 28 23 20 28 22 32 35 19 27 17 24 20 42 16 20 26 37 
23 30 14 30 40 17 33 24 17 17 24 21 33 21 19 17 27 23 23 25 19 27 20 18 21 37 17 15 31 35 
29 22 23 26 39 35 31 22 10 16 39 24 22 31 12 16 14 27 20 23 15 33 17 21 35 27 24 10 29 33 
20 29 21 24 31 32 19 14 15 15 29 33 39 34 20 24 37 26 15 12 13 25 21 18 20 21 32 13 35 30 
44 29 26 28 26 36 23 22 15 30 27 16 24 41 24 18 27 30 29 23 30 19 23 36 31 26 25 22 32 36 
33 44 34 36 28 38 32 23 16 17 22 20 29 23 18 15 10 31 19 24 23 31 17 18 23 24 31 23 24 32 
30 27 15 33 29 23 29 13 15 25 33 28 30 35 19 19 29 3 20 5 20 17 26 29 22 17 40 25 30 20 
37 23 19 26 30 33 20 29 13 7 39 22 35 5 23 12 18 19 35 22 24 16 23 24 19 34 25 11 18 21 
35 34 17 36 41 41 20 18 17 18 28 28 28 29 9 21 24 27 14 25 22 21 22 26 14 39 25 19 18 29 
33 35 16 31 27 28 34 20 22 16 38 24 21 22 17 19 19 19 23 21 18 26 14 35 26 40 14 8 33 14 
30 25 18 26 28 32 20 13 18 16 26 21 30 27 16 12 23 23 21 31 12 19 19 26 28 34 27 20 45 13 
16 30 19 31 30 28 12 12 18 28 25 28 28 23 19 19 15 20 19 29 12 30 19 36 23 18 24 15 24 31 
29 31 32 27 29 42 8 21 26 18 24 30 29 23 17 21 24 20 20 24 18 26 19 29 24 27 32 9 38 23 
28 16 17 43 46 39 24 21 19 20 30 27 30 27 17 17 37 16 16 23 16 23 25 26 18 19 19 12 22 25 
23 32 23 28 18 10 32 18 17 18 14 21 29 34 19 8 18 27 24 16 25 23 13 32 18 27 28 12 33 13 
28 40 17 27 7 13 26 30 20 13 29 22 36 27 16 20 36 28 20 23 15 23 14 22 26 19 24 28 28 22 
17 30 11 22 20 17 46 20 18 27 24 36 37 29 15 23 26 26 18 21 25 26 27 21 25 34 10 13 23 24 
26 18 13 35 32 22 22 27 15 22 33 19 33 12 21 13 18 30 5 18 21 22 18 22 28 26 33 13 22 26 
30 35 22 24 20 36 31 11 17 21 19 30 25 27 15 20 20 26 9 23 10 31 18 29 12 27 20 17 27 36 
17 35 16 17 24 19 27 23 14 14 24 20 14 26 15 18 23 35 22 26 22 26 18 28 26 41 31 16 35 29 
24 40 18 30 21 21 13 17 14 22 16 19 33 39 16 20 27 25 21 28 11 18 13 12 20 36 27 19 29 29 
26 39 29 16 43 21 18 19 17 11 25 12 41 41 24 17 28 32 18 18 23 20 12 27 24 25 26 6 24 31 
36 44 20 31 43 27 25 17 11 18 38 17 42 34 18 15 16 19 21 27 18 29 22 24 28 31 33 14 31 30 
23 29 15 26 27 27 28 24 13 14 31 21 48 30 17 15 24 36 13 26 17 32 14 22 27 23 39 12 33 35 
21 39 15 18 10 26 27 17 13 22 23 12 31 29 22 23 27 20 28 16 19 34 13 25 24 22 27 17 19 32 
20 30 13 28 28 29 31 19 23 20 26 23 37 32 12 7 25 21 23 21 24 28 15 29 23 32 33 17 42 23 
12 25 21 20 20 27 22 10 26 21 36 30 29 48 19 14 29 10 18 14 27 20 13 24 15 29 15 12 22 26 
31 22 17 27 27 34 23 11 26 21 40 11 29 28 16 15 32 42 11 26 19 21 13 21 29 22 25 24 30 20 
35 28 16 31 23 29 12 10 18 8 25 18 36 27 21 20 23 25 12 28 28 22 17 25 19 32 27 11 31 22 
34 26 14 14 25 19 34 16 13 12 25 24 27 36 21 21 32 35 24 30 9 25 14 26 23 18 23 14 32 21 
11 33 12 35 30 29 31 23 16 22 23 19 22 38 21 17 26 12 31 29 19 19 25 24 23 19 33 15 24 34 
32 30 18 27 27 20 17 21 16 29 25 21 44 35 14 12 26 30 24 24 20 28 24 22 32 32 20 16 13 21 
14 22 20 26 29 34 38 22 9 16 17 20 19 13 16 26 27 24 27 25 19 16 16 17 27 30 18 18 21 18 
32 38 22 56 33 28 24 19 11 16 35 28 37 19 22 30 29 21 22 34 22 24 22 18 18 33 26 20 31 17 
20 33 14 26 23 36 18 22 15 19 24 16 31 38 13 14 23 30 20 22 21 17 14 22 29 34 26 18 29 31 
22 26 21 17 41 31 21 20 12 27 28 21 38 32 14 17 31 26 17 32 20 28 17 12 19 5 31 14 22 16 
33 30 24 32 22 29 31 16 21 23 15 15 10 14 22 23 26 27 16 19 16 17 18 29 29 39 30 13 30 26 
37 21 13 29 13 32 28 25 16 21 25 16 24 26 24 15 23 38 23 25 23 16 18 16 26 26 33 24 29 30 
9 7 24 17 29 41 38 20 14 9 32 16 39 40 23 15 26 26 6 26 19 21 24 27 35 27 38 17 21 18 
26 17 20 24 38 24 22 21 15 23 25 20 31 39 20 21 25 42 24 19 20 21 26 25 23 34 28 20 24 18 
12 35 21 34 43 33 17 28 12 18 23 25 31 41 16 14 22 26 33 21 22 18 15 20 34 39 33 14 43 21 
32 34 20 36 32 32 21 17 16 27 28 25 15 23 14 18 19 17 10 25 13 16 20 30 24 34 33 14 30 37 
32 25 25 20 32 18 28 27 13 19 13 17 31 29 14 17 19 22 20 14 18 29 9 30 20 25 29 14 20 34 
27 15 22 20 27 33 14 22 17 16 37 27 17 33 18 20 25 25 27 25 25 30 19 26 27 29 24 15 12 19 
36 34 28 27 27 28 34 22 14 19 38 30 26 36 17 14 24 32 15 19 18 27 21 31 21 42 15 21 44 26 
26 33 17 35 18 33 20 12 16 20 32 24 26 45 21 18 22 31 20 19 18 29 15 23 23 42 21 16 13 15 
32 27 16 31 25 19 30 17 15 21 11 14 30 22 19 24 25 29 19 33 17 32 18 23 19 44 25 21 26 28 
39 19 17 28 26 18 42 27 21 17 18 26 33 32 18 26 23 29 30 26 17 24 27 24 17 45 21 15 27 30 
26 26 13 32 22 23 14 26 13 24 36 17 32 19 16 14 24 21 23 25 8 35 24 25 14 22 18 17 32 33 
30 27 13 26 14 39 34 22 20 28 8 19 30 24 19 24 18 21 26 34 12 15 23 10 21 34 37 19 27 33 
15 19 17 19 26 34 26 10 15 19 26 24 33 44 15 5 24 21 12 23 6 24 11 26 29 33 34 19 42 25 
32 23 18 27 22 35 20 20 18 15 36 8 23 32 16 15 24 26 18 25 18 19 16 30 26 35 20 18 32 12 
31 38 21 38 33 44 33 15 11 21 26 16 31 40 14 10 29 32 22 23 13 27 19 30 34 45 31 17 18 13 
33 29 22 41 28 12 30 18 20 14 34 16 36 27 12 27 19 29 33 9 27 35 21 18 20 37 17 28 25 30 
36 44 20 19 29 36 26 16 16 28 27 19 32 32 20 9 39 20 24 32 15 21 26 27 23 23 20 25 23 34 
23 16 21 47 28 45 21 19 13 13 10 25 22 27 21 21 23 24 31 17 34 17 22 24 17 32 12 7 34 35 
29 34 9 41 29 51 24 15 22 24 18 29 16 46 17 18 22 25 12 20 24 27 12 20 16 26 15 20 29 31 
30 45 20 29 23 29 35 12 15 21 27 21 37 27 7 17 20 19 25 33 23 20 20 23 15 29 19 20 28 25 
36 12 23 37 24 32 32 22 14 22 41 22 21 30 19 20 31 24 25 9 23 34 24 29 26 22 20 14 35 31 
23 27 23 35 26 28 17 29 14 25 15 10 31 9 23 23 32 27 23 26 23 21 18 17 19 26 23 17 30 37 
39 26 20 30 36 30 25 18 13 16 28 25 23 25 18 9 16 22 11 21 14 18 14 17 21 27 18 18 27 23 
40 28 17 36 19 18 19 28 14 25 34 15 22 13 15 15 29 26 24 23 27 28 21 25 12 28 15 15 32 37 
27 20 21 24 44 30 28 18 26 15 27 22 33 27 19 17 25 28 34 16 28 17 18 29 14 27 24 21 35 29 
37 22 13 20 17 28 17 13 12 18 37 24 26 29 20 22 29 36 28 27 9 30 13 22 16 40 20 20 22 38 
24 31 15 31 44 36 28 21 15 30 38 23 39 26 15 10 22 42 28 12 7 21 21 18 22 31 30 12 34 20 
28 38 21 32 29 39 27 27 19 18 25 16 37 24 17 14 9 34 27 19 24 22 11 21 25 16 25 23 18 12 
29 42 10 31 22 30 17 14 14 8 21 25 47 35 11 25 28 31 22 17 20 23 24 18 15 26 21 20 20 24 
31 36 25 28 38 25 21 17 20 20 28 22 22 32 13 20 16 31 20 17 24 21 17 20 29 35 25 15 35 19 
20 20 18 23 25 29 18 27 20 23 24 17 35 11 22 11 22 32 26 26 15 18 13 14 21 31 19 16 15 16 
9 23 18 29 29 28 21 21 19 24 20 26 39 30 24 18 20 37 21 18 20 23 21 24 18 28 29 17 32 33 
36 39 22 30 16 44 22 19 17 21 24 17 26 29 21 10 32 30 10 23 31 44 14 32 25 12 18 10 26 23 
18 31 16 41 13 34 36 24 14 23 42 24 13 20 28 22 30 18 22 20 21 20 9 26 26 41 44 16 36 38 
18 28 26 33 26 24 27 20 13 16 25 18 25 21 22 24 34 33 25 16 21 21 21 20 28 30 23 15 41 26 
26 22 23 27 12 40 25 25 16 22 32 21 32 26 13 13 21 22 23 20 28 29 8 22 20 44 22 9 25 40 
43 34 22 34 13 34 27 20 17 14 21 20 25 20 16 18 28 19 19 32 22 15 17 26 18 22 33 21 33 36 
43 28 9 21 22 38 26 20 10 14 36 19 33 32 28 11 21 32 23 12 20 9 25 23 17 27 31 22 36 29 
38 30 20 44 30 38 21 29 14 16 41 30 30 17 18 18 11 19 10 25 21 21 12 22 17 37 24 12 14 31 
31 29 18 29 22 32 28 20 21 17 39 21 19 34 16 19 20 35 28 21 23 25 28 26 19 31 24 18 38 32 
38 34 18 28 22 20 26 18 22 20 15 12 35 38 21 24 32 24 26 29 18 22 19 27 23 31 27 21 32 36 
32 36 19 19 33 39 29 17 14 18 29 9 28 33 14 13 29 28 20 29 19 13 28 19 22 36 28 13 32 29 
24 17 10 34 41 17 23 14 16 19 17 18 33 47 16 20 28 26 15 30 25 13 21 31 24 30 21 14 14 29 
23 35 15 30 25 34 17 16 19 14 13 26 30 27 21 17 15 19 35 29 32 23 19 17 25 26 36 23 22 29 
18 34 24 42 24 28 24 17 16 27 17 22 32 26 18 20 18 39 19 18 20 21 20 21 18 36 20 14 37 29 
16 29 13 39 20 30 30 24 19 13 28 29 42 41 18 23 21 19 28 26 18 25 14 18 21 41 28 18 33 17 
30 22 21 18 25 26 29 15 20 14 27 27 32 44 12 18 23 30 16 15 37 27 19 28 16 13 32 23 42 18 
21 17 19 21 31 19 23 20 10 18 25 20 19 28 23 14 28 19 20 28 22 19 28 27 21 48 25 18 32 21 
29 37 18 28 31 21 19 22 20 17 20 25 36 31 16 13 32 22 17 29 16 24 19 28 16 30 34 14 25 31 
39 30 17 36 20 20 31 17 16 16 26 14 35 34 13 22 24 28 31 21 13 18 15 17 26 29 30 13 23 23 
13 37 19 21 25 29 10 17 14 10 34 17 32 30 16 24 31 21 31 29 24 21 10 27 22 25 24 23 32 18 
19 21 23 34 19 22 32 22 23 12 12 24 27 32 8 10 22 27 20 22 8 29 15 26 15 29 25 12 29 39 
24 40 17 36 21 37 25 11 21 13 28 25 23 39 11 9 15 25 21 21 12 26 21 18 15 36 25 19 19 38 
25 24 13 18 33 11 25 9 12 13 25 18 23 26 12 15 21 13 20 18 26 19 17 30 19 39 28 16 29 15 
31 25 22 14 29 40 28 15 14 13 28 24 24 34 15 17 20 30 29 25 11 20 16 37 18 44 31 14 16 26 
15 13 15 26 25 30 24 29 14 13 31 20 22 26 12 19 29 28 29 17 19 24 21 22 36 14 38 17 41 29 
19 24 23 27 22 21 24 19 16 25 22 11 37 32 22 12 41 20 19 27 10 30 23 22 25 42 20 20 38 19 
31 40 17 14 14 23 37 18 19 28 16 19 38 27 17 12 26 20 24 8 13 24 12 27 30 42 16 13 27 21 
25 25 20 38 39 18 30 12 14 17 30 32 35 27 22 9 21 27 31 18 28 27 19 22 23 25 24 20 25 26 
22 31 18 32 29 41 15 19 9 18 25 29 25 31 19 17 34 10 29 19 9 24 23 18 17 28 17 16 19 26 
24 24 18 12 26 42 29 23 20 18 25 19 34 31 9 13 18 34 42 25 29 34 24 26 23 24 18 15 23 23 
24 40 24 6 37 37 32 21 17 12 36 18 26 40 17 19 19 23 23 18 20 27 20 15 21 48 28 17 28 23 
32 22 19 39 21 40 37 20 18 23 27 18 31 29 15 19 26 28 22 16 12 17 19 27 22 41 24 20 32 22 
17 18 20 20 31 31 28 17 11 16 22 17 9 23 10 11 26 22 16 29 15 17 15 18 33 24 20 18 31 23 
24 23 24 31 27 36 25 23 12 21 34 22 26 37 17 3 30 35 21 29 31 11 13 26 32 12 23 10 32 15 
26 38 24 19 22 21 20 32 22 15 26 28 27 36 13 19 18 20 30 34 23 23 17 38 30 40 35 19 42 28 
23 7 14 28 40 19 20 25 16 17 13 19 29 20 15 12 21 25 18 26 17 26 18 25 27 29 25 14 13 28 
33 30 18 45 26 37 18 14 12 18 40 10 16 14 22 16 31 16 23 22 15 17 23 14 29 37 27 20 15 19 
21 25 16 20 29 39 24 12 15 10 28 27 34 42 21 20 24 27 18 31 11 20 24 19 16 35 26 21 40 27 
19 14 24 12 9 36 28 10 24 17 17 14 26 30 22 21 23 29 22 19 19 24 22 29 25 24 28 3 36 24 
29 22 24 22 34 35 26 20 16 23 28 12 19 24 14 10 11 34 13 12 10 27 6 26 29 32 22 17 22 31 
22 29 20 31 31 33 16 19 7 26 36 25 37 25 22 29 19 30 23 18 24 29 27 27 21 21 21 23 35 27 
25 24 23 21 28 32 38 16 17 21 41 18 31 39 15 20 18 29 21 17 17 32 27 22 22 32 28 19 24 27 
40 16 17 26 27 32 24 16 13 22 27 22 24 36 30 24 26 24 21 25 27 20 25 30 20 47 20 21 23 21 
24 31 25 38 25 26 28 19 21 21 44 22 26 18 19 3 29 19 23 23 28 36 26 23 24 37 33 22 28 27 
20 33 21 47 42 27 37 18 15 23 25 8 34 51 14 7 18 25 29 25 3 27 20 36 25 31 16 20 36 15 
16 30 12 39 23 21 22 11 16 23 33 21 20 31 22 18 22 30 29 21 27 20 15 22 15 20 34 17 28 19 
39 39 19 39 35 27 36 15 15 16 47 24 22 37 15 19 25 21 14 25 21 19 30 19 26 14 29 22 22 33 
26 19 18 24 23 38 36 9 24 31 35 16 22 38 21 15 27 25 19 24 24 20 20 19 16 25 28 11 30 29 
23 31 20 38 27 43 25 34 15 21 15 23 23 33 16 23 24 39 20 16 22 29 22 28 29 31 22 16 27 15 
26 22 15 27 24 35 33 17 17 17 36 20 32 18 12 20 30 18 22 22 28 14 22 18 17 34 24 12 44 35 
16 29 26 35 41 22 30 23 18 26 27 12 28 29 18 18 26 20 14 17 14 20 3 28 19 18 33 18 28 14 
7 41 16 26 21 28 12 17 23 19 22 12 14 22 14 23 34 29 19 26 17 27 19 28 24 10 33 10 29 22 
39 25 31 44 31 30 22 28 12 12 4 21 22 33 20 19 21 31 37 31 18 17 11 19 22 34 26 17 28 24 
32 33 21 25 26 30 27 30 16 19 34 19 25 40 24 22 19 31 18 21 27 19 7 18 18 25 32 19 38 25 
17 11 22 25 29 21 31 17 19 20 21 19 44 28 15 23 21 25 22 17 15 25 12 19 15 21 15 18 28 21 
37 9 11 32 39 42 19 18 6 22 16 13 34 26 18 13 17 35 13 28 15 16 21 20 29 33 11 20 31 37 
34 25 20 22 31 35 34 10 16 24 44 27 28 19 12 11 25 37 31 29 17 37 19 14 18 38 30 11 26 30 
28 27 22 31 33 36 26 21 20 12 24 20 31 31 14 19 21 39 31 19 15 21 18 22 19 15 12 14 10 17 
26 26 26 16 11 26 20 17 9 24 26 24 11 32 11 16 23 26 21 23 20 17 25 16 32 21 26 14 19 20 
27 23 16 36 20 37 29 22 20 23 34 27 22 33 13 16 39 31 26 17 25 29 22 21 22 44 22 21 34 30 
26 17 28 28 28 33 34 28 19 25 27 17 34 30 20 17 24 24 16 26 25 29 26 19 21 33 34 26 21 31 
31 39 17 22 23 43 32 15 19 17 46 21 34 24 17 22 33 29 29 29 24 20 27 21 22 31 14 27 21 12 
24 28 10 25 21 32 28 21 15 16 16 24 25 29 16 22 37 25 24 31 18 35 23 18 16 27 34 10 27 19 
37 17 20 26 48 27 38 25 19 22 24 35 21 23 13 15 29 19 21 26 19 31 19 24 23 30 18 14 28 30 
41 28 13 48 28 40 23 27 10 13 24 15 30 31 22 23 5 17 20 17 25 27 24 12 22 35 21 19 22 36 
23 19 18 20 31 23 9 23 26 21 22 27 30 30 8 19 17 29 17 28 25 27 23 21 23 32 24 27 22 30 
28 28 20 26 33 18 30 22 19 13 18 26 22 44 15 10 22 18 22 29 29 18 17 24 24 26 28 13 26 24 
33 46 28 26 24 43 27 24 21 29 36 30 21 32 16 22 23 29 19 20 17 19 16 23 22 29 16 22 15 29 
47 26 20 38 41 34 24 7 22 19 18 8 18 30 23 24 18 28 27 25 22 16 12 29 26 45 16 21 22 22 
48 26 18 27 23 30 22 15 19 13 23 19 24 32 19 16 33 33 27 24 12 33 21 34 18 18 13 9 22 27 
27 42 21 35 35 31 21 15 8 20 34 28 34 30 12 15 36 21 20 36 12 27 17 27 37 41 18 10 27 16 
19 24 27 31 29 41 33 23 20 30 29 23 23 28 10 14 20 35 26 15 20 22 8 37 24 29 30 15 34 25 
28 38 22 31 13 22 29 20 19 15 18 27 17 31 27 21 19 15 27 21 19 30 24 33 29 33 22 22 38 30 
22 28 24 29 22 29 44 33 12 25 22 25 25 22 6 27 23 29 23 26 20 12 12 19 18 35 24 12 28 33 
32 32 26 29 27 35 17 20 21 22 25 8 18 31 13 14 28 19 30 18 25 16 17 16 24 23 34 11 36 32 
22 23 18 22 19 41 39 14 13 14 19 20 22 24 20 25 25 31 35 28 23 21 15 27 25 37 18 15 29 29 
33 36 28 33 27 30 37 19 14 19 15 31 24 15 17 20 16 28 18 24 15 28 20 18 34 49 23 13 41 22 
22 32 15 28 33 37 22 10 12 17 22 23 26 22 14 11 18 15 20 28 19 13 14 13 13 7 36 21 31 18 
21 14 14 11 34 21 30 18 18 11 25 29 22 26 21 19 27 22 17 22 22 18 26 20 36 35 20 27 22 36 
20 19 15 30 26 24 28 24 17 17 25 18 28 29 13 20 20 33 24 30 18 19 19 28 17 22 16 23 23 15 
29 20 30 17 18 35 25 35 21 21 38 23 20 35 13 15 12 32 19 14 28 17 19 18 10 31 47 21 26 33 
45 29 18 21 37 26 30 25 20 20 35 18 38 48 18 12 28 24 26 30 17 24 22 19 23 36 22 16 25 17 
26 18 11 33 36 15 32 15 16 20 35 26 36 27 26 20 12 20 28 24 26 11 22 29 28 19 34 18 29 11 
39 26 12 31 33 33 35 24 18 24 29 17 20 21 16 24 17 28 11 23 11 28 19 21 28 30 26 26 28 18 
33 48 25 26 25 30 31 20 14 17 34 26 26 29 23 23 20 34 19 19 22 24 22 24 27 49 25 22 32 29 
25 24 14 17 22 35 20 18 15 22 35 21 35 19 16 11 12 22 23 24 28 20 10 25 23 28 19 12 32 14 
29 26 16 16 3 38 34 14 13 21 28 17 39 18 19 16 23 26 21 20 10 27 24 25 21 36 28 26 16 26 
32 10 18 16 38 19 35 24 18 21 25 29 27 33 15 7 29 24 22 25 16 21 11 20 20 45 21 19 40 24 
22 15 17 30 40 36 35 19 11 28 41 19 29 15 12 12 19 28 20 28 30 17 20 18 14 27 18 17 34 33 
18 16 15 42 33 34 29 26 23 22 37 30 26 20 20 14 27 31 25 23 23 12 20 24 17 23 22 11 39 24 
13 34 14 28 17 19 21 18 11 22 26 11 23 36 21 18 19 23 16 22 23 38 17 20 18 34 21 8 27 24 
23 29 19 36 37 23 28 24 18 12 24 20 22 29 4 11 22 28 27 27 18 35 21 20 24 38 23 18 13 28 
13 25 17 37 41 43 24 27 15 18 35 20 42 31 15 21 23 30 22 23 33 13 19 21 15 18 21 25 17 16 
18 26 12 24 38 31 32 26 17 22 36 23 27 37 11 24 19 29 10 13 24 33 13 20 19 38 22 17 31 38 
23 24 22 14 35 24 30 28 13 22 30 25 35 20 11 22 26 21 23 39 25 26 17 16 22 32 26 14 29 20 
20 15 24 17 33 24 23 18 22 27 25 22 40 35 15 9 25 35 25 27 23 21 12 30 21 30 37 19 20 27 
24 34 22 36 15 23 18 20 15 16 29 24 39 24 13 22 19 27 19 14 24 17 28 24 28 33 19 11 37 28 
26 28 19 38 22 35 33 19 14 23 25 17 21 19 20 15 32 33 24 37 20 11 14 23 19 44 20 14 25 14 
29 18 18 27 28 36 21 10 13 21 31 18 16 44 17 20 17 23 18 22 28 31 16 17 26 30 23 12 28 16 
19 18 16 16 13 29 27 22 12 22 20 24 28 16 17 13 26 20 28 25 11 30 18 27 21 34 20 17 31 23 
21 31 19 33 30 25 18 25 19 17 21 21 44 33 11 29 21 35 19 19 16 11 19 30 31 22 22 12 34 21 
30 27 14 37 29 43 35 23 16 14 17 34 27 26 6 19 33 34 19 13 29 33 21 26 27 41 18 11 31 17 
32 32 17 29 17 23 28 23 11 22 23 13 40 26 17 24 22 27 21 28 21 24 27 20 36 21 17 18 31 19 
30 24 19 22 27 23 24 20 21 21 30 19 17 24 29 11 15 35 23 31 25 3 15 26 20 39 33 18 25 25 
23 20 17 26 25 7 32 25 14 11 28 32 27 33 18 22 18 33 32 30 24 25 15 31 15 25 30 16 29 28 
17 28 14 24 8 43 11 14 22 17 27 16 19 38 19 16 19 30 27 19 13 18 16 18 24 38 8 12 28 26 
29 27 21 24 20 26 39 27 26 17 28 16 33 18 18 9 15 34 27 19 18 32 22 10 25 7 27 21 23 35 
25 16 21 12 44 29 31 22 11 14 35 23 46 38 21 14 18 23 22 18 23 19 24 32 21 19 21 16 32 29 
16 9 23 29 33 37 22 7 14 15 16 13 25 36 14 15 24 24 16 27 27 24 22 20 27 36 21 14 28 36 
11 21 19 33 30 42 21 24 14 21 39 24 24 29 20 22 20 30 21 24 19 12 18 21 14 29 30 18 26 34 
27 30 16 26 42 23 21 17 13 15 29 22 26 26 24 21 17 26 32 27 18 29 10 19 19 29 22 18 15 8 
27 27 18 25 27 18 23 26 22 12 25 20 23 35 19 14 18 19 23 16 26 14 30 26 23 22 23 18 20 30 
43 23 14 34 39 47 32 14 15 13 14 16 23 43 13 20 24 19 4 23 21 24 25 19 30 34 25 20 20 31 
21 28 16 21 47 28 27 33 11 21 19 15 19 12 24 14 33 29 19 28 18 29 32 24 21 38 24 5 26 31 
28 44 19 27 28 31 24 23 13 15 38 17 22 28 9 18 16 32 16 24 22 17 20 26 21 5 26 10 14 33 
15 26 19 17 34 32 25 14 27 17 32 26 33 22 25 19 21 36 26 26 22 21 21 30 25 45 19 13 29 16 
29 15 26 24 31 25 29 15 13 8 24 19 31 33 12 14 33 19 34 18 12 22 24 23 15 17 41 18 26 26 
42 30 18 46 26 30 25 25 18 18 35 16 28 39 29 22 25 33 22 24 19 39 13 21 19 16 32 17 34 26 
37 27 21 26 30 32 29 32 19 17 25 17 39 41 26 18 23 15 18 24 31 24 19 19 18 35 36 24 41 3 
39 31 21 40 26 29 10 13 10 13 24 9 29 15 16 15 21 43 13 24 16 37 13 26 13 27 29 21 43 33 
30 30 16 27 31 33 17 17 18 18 25 28 11 34 21 10 22 28 19 36 13 28 19 24 23 36 26 3 41 27 
27 36 19 25 29 10 26 29 16 18 14 22 28 41 12 16 13 30 19 27 25 25 25 21 24 19 24 23 27 30 
21 21 23 25 35 36 23 25 19 22 32 27 34 34 16 14 15 23 21 28 21 23 10 23 16 35 25 19 29 28 
16 45 14 28 43 31 18 10 15 22 35 25 18 24 7 18 41 24 22 28 24 19 16 28 22 35 25 20 45 22 
28 8 18 31 31 40 23 21 15 24 34 23 26 8 23 20 22 19 28 27 19 19 21 35 13 34 14 25 23 18 
33 31 16 35 25 31 32 17 22 19 18 14 27 34 17 12 27 31 13 30 27 26 25 24 14 27 27 14 28 31 
22 18 24 18 14 31 37 23 9 12 26 30 32 47 18 7 23 26 13 25 19 17 11 17 27 39 19 13 27 26 
32 26 19 35 40 36 32 24 12 28 19 12 21 22 22 12 20 29 27 25 11 26 26 18 25 38 35 13 31 25 
30 35 18 28 23 21 22 12 14 20 29 21 29 27 27 14 22 28 22 27 23 31 25 26 20 28 24 21 33 26 
26 34 26 18 27 57 16 24 14 18 29 25 14 32 19 18 30 21 16 24 31 18 13 20 27 30 23 24 25 17 
33 30 5 20 18 36 29 24 22 21 37 13 39 31 20 14 29 27 18 34 23 24 25 14 33 29 22 23 25 40 
35 24 12 28 21 24 19 26 21 15 26 28 39 31 11 20 43 32 33 25 13 12 19 22 28 25 19 24 38 27 
13 24 26 9 27 25 24 17 17 22 10 22 30 29 30 15 34 25 27 14 4 20 11 15 29 31 31 19 24 27 
28 30 15 32 36 46 28 25 10 16 26 17 13 21 23 25 26 4 10 21 27 21 20 15 17 32 22 23 17 24 
23 21 18 21 34 45 25 12 17 22 18 7 32 40 20 20 23 20 22 22 29 28 24 18 24 43 19 7 12 15 
31 15 16 26 24 36 10 21 17 17 32 34 32 53 15 11 24 27 24 25 27 18 25 22 14 15 27 30 39 40 
31 19 16 32 29 37 33 4 24 21 32 24 34 29 16 12 21 15 15 37 15 28 18 27 22 31 14 19 24 25 
37 39 23 26 11 40 15 25 14 18 30 10 27 46 18 24 27 28 19 17 13 17 15 21 27 24 18 25 25 20 
33 24 18 25 23 34 18 9 15 31 24 20 18 16 17 18 24 28 41 19 28 35 8 28 26 20 17 25 13 28 
32 23 14 29 35 26 31 27 17 14 20 24 26 41 19 16 33 33 31 26 23 26 13 28 27 30 24 9 32 30 
14 42 26 29 21 19 23 26 25 21 44 24 38 10 20 13 19 25 26 21 22 28 24 21 22 28 19 13 33 22 
28 26 19 19 16 36 22 9 17 25 28 30 38 39 10 13 19 27 24 23 27 21 13 25 34 36 17 16 44 18 
25 35 22 32 38 38 23 26 14 30 37 25 27 48 15 13 24 40 24 16 27 12 18 29 22 25 18 14 39 29 
21 8 21 37 40 36 30 28 21 23 34 18 36 38 11 19 15 25 21 30 11 28 27 35 21 44 22 5 33 37 
27 35 22 29 28 35 32 13 6 22 40 19 32 23 17 21 24 16 22 30 29 36 17 28 22 31 8 13 31 25 
21 21 24 35 23 34 32 20 19 14 25 24 29 28 14 12 28 27 20 25 24 24 22 23 18 26 22 21 19 30 
17 11 22 26 24 24 29 28 18 20 12 18 19 38 25 22 21 29 10 19 16 24 20 26 27 21 23 18 24 35 
28 27 20 21 24 30 23 18 15 15 32 42 25 23 8 14 27 25 21 33 20 22 24 26 20 28 27 14 30 16 
32 33 18 42 15 27 28 9 15 22 29 19 33 35 13 22 19 28 22 25 20 15 19 21 31 25 41 14 23 26 
27 25 18 24 26 13 26 22 14 27 30 20 30 32 17 12 21 21 29 19 17 12 23 22 26 12 20 13 35 30 
43 34 13 23 34 33 25 22 14 23 19 24 23 38 27 17 36 14 25 17 26 27 16 24 20 32 23 20 12 27 
31 36 13 28 21 35 30 16 20 15 31 31 19 29 15 26 20 25 21 15 24 26 24 20 23 27 26 16 30 23 
28 36 18 39 19 15 21 16 18 24 26 26 16 30 13 18 22 21 30 20 17 10 20 27 15 26 24 16 29 33 
29 31 18 29 26 39 28 15 17 18 29 33 29 12 19 20 24 24 13 14 23 28 22 11 21 38 37 21 41 22 
32 23 18 26 35 42 23 21 21 19 26 17 10 26 19 23 29 27 21 22 24 26 19 27 17 21 24 18 17 25 
26 22 12 29 39 22 24 12 14 13 17 17 52 35 18 27 33 23 24 19 28 29 13 17 19 24 9 23 26 20 
33 26 16 23 26 36 26 20 13 19 19 21 27 28 12 27 25 15 17 29 13 26 20 21 25 34 21 13 34 28 
30 19 22 32 27 28 25 21 10 12 33 19 28 29 11 19 28 22 30 25 13 17 20 7 25 26 20 17 26 24 
29 36 29 37 33 30 31 17 21 14 22 21 31 30 22 17 32 19 30 28 24 12 24 29 27 26 20 16 23 30 
36 28 19 29 30 28 24 18 12 12 23 17 26 37 15 17 28 21 20 19 20 17 15 15 15 22 37 22 39 5 
41 31 24 31 34 17 25 24 12 21 22 18 24 54 20 17 15 12 18 19 21 36 27 25 26 34 30 23 34 14 
34 42 30 18 31 31 30 20 18 27 45 24 39 31 15 14 29 21 23 16 21 20 22 38 27 24 12 22 34 21 
32 23 17 45 20 24 27 27 15 23 22 7 25 39 16 17 21 25 24 15 16 27 22 31 11 31 23 13 20 31 
26 36 22 41 19 21 29 20 12 23 35 29 25 29 9 17 26 19 18 14 19 18 18 18 28 26 24 20 15 19 
25 16 21 47 36 31 26 18 16 22 26 31 16 20 24 21 30 23 30 18 27 30 19 16 18 29 22 22 41 31 
27 34 20 17 30 31 26 31 18 19 21 18 27 40 16 13 39 39 6 18 32 19 22 15 25 28 20 27 29 30 
42 29 21 20 35 35 25 32 21 10 30 13 28 46 18 17 28 12 13 21 28 16 27 25 20 27 23 9 33 25 
19 22 12 33 28 35 25 27 16 14 36 13 26 22 14 5 19 18 30 17 20 21 23 31 28 40 25 20 22 27 
21 34 23 15 37 14 17 10 23 27 23 17 41 31 20 15 23 21 29 27 28 26 19 40 17 32 25 16 27 22 
21 27 18 24 36 40 17 19 18 14 39 13 24 31 19 17 17 22 32 22 24 22 26 27 19 16 33 18 21 34 
26 25 21 26 39 13 22 20 13 20 33 31 21 25 25 19 27 25 15 20 23 15 19 20 23 33 20 11 43 10 
21 21 18 41 31 30 35 19 19 20 20 31 24 31 18 24 22 33 20 20 23 12 23 7 16 33 29 12 18 17 
46 27 16 39 11 44 30 16 16 15 18 18 27 31 12 21 25 16 18 26 25 35 11 27 30 20 17 10 35 31 
20 34 10 31 32 35 27 26 22 27 32 23 20 17 26 16 12 35 22 26 23 26 14 26 24 39 27 21 29 30 
25 22 17 32 28 23 18 8 16 19 30 16 20 35 3 13 18 35 23 20 26 15 20 22 25 44 28 18 18 21 
23 26 25 42 24 31 43 26 14 26 16 24 38 20 18 16 31 13 12 37 19 23 24 19 6 47 19 17 34 22 
40 32 27 47 14 40 18 15 15 16 31 22 22 32 19 18 24 31 27 12 26 27 16 31 28 23 31 12 17 35 
38 35 24 31 22 40 36 18 22 25 24 22 35 37 11 16 26 22 32 24 27 18 17 33 19 32 13 18 19 26 
29 33 23 39 30 38 25 13 20 27 24 20 30 26 21 9 36 26 12 11 31 25 23 25 17 39 18 13 53 27 
36 33 17 36 25 30 19 15 19 15 40 26 29 35 12 19 16 22 24 26 18 23 23 32 30 22 17 16 15 24 
39 30 13 27 39 25 29 25 13 20 34 25 21 32 14 9 24 21 27 26 40 26 20 18 28 36 24 10 30 40 
11 16 17 33 35 17 25 13 17 17 17 21 26 38 19 22 18 30 15 26 14 17 18 25 12 37 16 13 28 38 
37 32 18 43 35 37 28 18 22 13 19 23 30 42 20 24 25 38 10 34 38 30 17 22 28 25 27 12 30 27 
20 21 19 35 34 12 15 22 8 26 51 20 33 22 19 10 15 31 28 21 23 29 17 23 31 35 20 11 33 26 
25 32 17 24 25 21 21 22 17 14 33 17 39 30 30 10 19 35 18 19 25 27 25 29 36 34 27 28 31 25 
37 37 27 41 22 31 24 26 17 16 28 25 34 31 15 18 25 16 24 15 28 17 29 22 27 20 34 20 32 14 
28 33 19 39 20 33 27 23 15 25 27 26 43 46 13 23 19 23 27 25 20 21 24 22 25 30 26 16 29 37 
34 29 7 42 28 42 9 17 21 18 20 18 17 33 19 20 23 34 19 27 16 27 22 24 14 47 24 23 23 20 
31 18 14 40 17 29 22 26 13 18 29 39 36 21 9 22 8 21 22 32 18 24 26 26 30 30 19 17 34 45 
29 34 21 13 17 34 35 15 18 21 35 15 24 36 22 12 21 43 14 25 21 33 23 24 12 46 28 18 21 23 
35 13 20 24 24 27 25 17 19 21 25 22 36 25 22 12 27 25 31 26 28 40 14 26 21 23 25 9 32 25 
13 18 16 10 20 39 35 18 16 23 31 27 37 24 23 17 16 33 23 22 29 19 19 30 30 35 17 11 35 12 
14 18 19 29 35 20 34 24 8 13 38 11 22 18 18 15 23 31 19 11 29 29 24 14 36 21 29 11 23 19 
26 26 13 40 23 28 37 12 23 18 22 31 22 27 19 18 16 27 25 22 16 33 21 30 23 23 42 11 44 30 
25 25 18 44 34 27 27 28 13 17 24 19 36 31 24 11 27 18 18 27 21 16 7 25 33 34 24 25 22 29 
24 34 28 39 39 28 35 19 23 11 23 28 26 25 25 17 22 25 15 18 13 31 14 28 19 32 32 17 20 29 
35 34 11 47 29 24 22 17 13 24 27 30 25 29 19 18 22 42 26 18 32 16 14 24 29 43 27 15 34 17 
25 38 14 37 35 50 24 30 20 18 25 22 37 19 14 17 25 13 30 23 18 24 7 17 27 27 19 16 30 32 
15 22 15 46 11 22 29 11 19 21 24 13 34 35 14 24 12 32 22 17 16 21 10 21 12 40 40 18 33 22 
36 23 25 23 22 30 28 29 14 19 23 17 41 27 12 11 21 25 22 20 7 10 25 28 12 34 24 17 22 23 
35 31 12 25 32 14 15 27 18 9 32 26 22 30 23 20 24 24 24 20 18 16 24 18 4 17 33 16 40 34 
38 21 21 23 35 21 35 18 21 21 28 23 28 25 18 17 22 22 17 23 30 26 6 18 12 14 8 20 28 29 
33 28 29 28 27 28 22 23 14 18 39 11 34 26 20 18 21 35 15 25 10 26 26 33 17 11 15 11 27 27 
32 36 20 27 33 30 24 2 13 15 41 24 38 28 10 19 16 24 22 28 20 13 21 29 32 36 16 18 32 10 
15 24 26 32 33 40 34 23 15 25 16 22 27 42 7 15 22 25 25 27 19 20 21 28 33 37 24 27 27 36 
17 28 27 27 33 49 25 17 18 15 35 14 33 32 26 19 21 29 24 28 18 17 24 22 26 19 13 10 16 20 
39 16 27 35 37 28 22 18 14 13 27 19 32 32 16 20 30 24 27 26 16 20 19 17 20 43 26 22 23 26 
20 17 19 31 29 17 28 16 15 13 23 21 28 36 22 14 17 31 19 31 9 10 16 25 18 29 32 20 17 25 
7 31 21 15 51 51 24 22 16 16 14 30 39 41 25 9 18 19 21 16 13 24 16 18 31 24 13 13 37 29 
34 38 21 25 38 18 34 20 17 18 18 14 38 22 9 17 25 28 23 24 17 21 17 13 28 20 41 20 32 28 
27 29 17 26 39 33 19 28 21 22 41 23 35 26 20 15 25 32 22 27 21 27 18 22 16 35 24 12 38 31 
36 11 17 24 24 30 18 15 13 17 31 23 28 32 20 21 17 17 22 34 18 24 22 25 20 41 28 22 29 29 
12 11 23 27 27 33 23 20 15 11 38 33 37 33 16 17 37 18 35 28 6 21 17 23 29 19 29 11 48 29 
28 17 25 23 37 23 23 19 13 20 30 15 16 47 7 18 29 34 24 30 12 19 18 34 27 10 28 21 29 24 
18 35 20 20 25 14 29 7 20 21 28 15 23 14 16 16 28 25 27 24 36 34 17 21 30 32 13 23 22 19 
4 23 20 19 27 36 38 15 19 16 20 17 23 18 12 15 26 20 14 24 6 19 20 22 21 27 31 18 31 21 
22 32 20 20 28 29 29 24 13 23 30 27 36 27 20 8 27 31 19 17 34 22 11 25 23 25 28 12 30 13 
25 20 16 28 15 23 28 14 14 24 26 20 24 30 10 24 25 26 15 24 30 30 15 29 22 11 31 25 26 12 
31 26 30 21 27 22 37 17 8 12 29 27 23 6 12 30 27 38 25 20 18 14 22 25 18 27 9 15 20 22 
41 17 8 19 10 27 22 11 22 14 27 16 42 52 13 16 19 26 28 29 13 21 18 32 19 35 24 12 29 19 
31 33 21 43 19 37 30 21 22 17 34 24 26 38 13 10 18 31 20 23 13 24 21 25 12 31 19 16 25 25 
20 29 32 23 33 42 30 28 10 15 44 24 26 33 19 18 32 33 5 27 13 15 17 24 14 26 25 16 24 31 
31 32 23 29 26 29 25 29 17 21 20 26 34 27 15 23 30 15 17 28 21 18 20 18 19 37 28 9 45 16 
25 21 7 20 40 26 24 26 12 20 39 16 33 42 11 19 22 27 22 25 23 26 17 27 25 23 19 16 22 29 
17 22 10 16 20 27 31 30 18 21 34 18 20 42 21 16 17 33 14 29 18 17 15 25 24 17 29 21 35 37 
27 24 17 28 29 29 36 21 6 20 37 27 36 33 23 15 18 25 28 26 28 13 19 21 26 26 22 16 26 28 
26 36 22 22 33 26 16 17 14 26 36 20 44 15 26 15 15 22 11 25 22 34 11 9 23 13 24 12 19 34 
17 31 15 28 24 29 24 18 9 22 25 22 22 31 13 17 20 24 26 23 22 20 17 29 20 23 23 14 30 28 
26 34 21 36 26 55 30 30 22 25 22 17 46 24 23 20 20 32 21 28 25 28 23 17 23 32 21 12 33 35 
29 31 12 21 24 37 14 24 12 23 41 26 40 39 16 18 23 28 24 27 18 16 14 30 19 11 24 13 28 30 
18 21 21 26 46 28 25 21 10 29 35 36 35 28 19 22 22 29 13 18 20 26 24 18 32 31 25 18 32 24 
22 32 17 30 24 30 27 16 15 33 27 23 31 28 16 18 24 21 24 17 34 27 18 27 29 29 30 15 35 26 
21 38 21 30 17 27 17 21 15 15 27 14 27 29 19 14 23 30 18 34 28 24 18 21 15 43 22 18 27 19 
30 15 17 22 30 34 25 14 14 17 33 24 32 25 10 17 16 14 13 23 14 16 17 23 22 27 20 14 52 26 
25 15 10 24 22 42 28 23 9 21 21 12 33 31 20 9 27 34 13 19 13 22 14 21 22 33 19 18 46 35 
33 35 26 22 20 22 23 20 15 10 29 26 28 24 16 19 32 27 21 15 27 29 19 18 19 34 15 12 40 25 
26 28 20 19 41 24 16 23 24 22 22 19 26 18 25 17 14 31 24 28 24 25 20 30 26 48 23 12 20 21 
20 35 27 25 42 31 19 14 17 18 34 26 26 25 13 23 20 24 21 21 28 18 20 22 21 30 23 5 41 28 
18 20 22 33 15 35 25 20 17 17 49 24 25 36 16 23 28 29 26 4 33 23 21 33 27 31 20 18 24 23 
23 28 18 24 16 37 24 21 15 27 17 19 48 14 14 10 22 26 17 20 16 17 27 30 24 38 12 10 41 28 
21 33 21 30 34 38 32 20 21 21 22 32 18 33 20 13 31 42 25 20 21 15 10 22 29 34 20 19 24 22 
37 26 21 20 30 27 25 16 15 20 32 25 6 27 13 12 15 19 27 33 31 21 12 30 28 33 25 28 22 24 
19 40 24 23 36 29 23 20 14 11 22 21 32 28 7 12 13 23 13 23 25 23 27 20 32 39 42 21 36 26 
41 24 16 39 21 30 17 16 14 20 16 18 19 21 17 23 21 16 19 13 23 30 16 27 17 26 25 17 32 27 
31 40 13 37 28 45 22 15 15 18 30 21 29 23 19 16 24 24 22 22 18 27 16 16 21 32 15 11 33 23 
21 28 10 32 27 35 29 20 13 25 14 25 22 44 24 15 27 18 20 21 24 21 15 24 20 16 21 15 33 18 
34 22 16 27 25 19 15 32 14 13 26 25 29 44 15 12 30 26 23 34 22 14 17 14 28 33 17 11 40 34 
31 29 20 37 41 38 29 21 22 28 31 21 27 24 15 27 24 26 24 30 18 16 16 28 16 34 26 13 31 26 
33 21 24 21 34 35 23 23 19 15 17 24 47 16 12 15 21 16 22 28 13 19 21 25 21 41 28 18 39 33 
30 32 13 20 24 18 20 3 16 14 39 16 27 37 23 22 35 29 27 12 26 24 24 23 32 29 16 17 31 29 
29 25 20 34 30 26 32 31 11 6 47 26 23 37 20 12 16 27 27 32 21 27 17 21 27 31 20 11 32 24 
20 27 14 31 29 34 21 20 23 22 32 30 26 35 14 14 36 31 18 16 17 25 21 23 19 21 19 17 35 17 
30 14 29 27 27 27 32 21 12 20 14 27 32 21 22 18 19 32 34 37 22 26 25 27 25 13 24 27 32 24 
26 33 20 16 23 39 25 26 16 22 17 17 21 31 10 21 21 20 24 15 20 13 19 24 34 40 13 6 36 37 
42 19 23 25 15 31 29 29 19 21 18 19 30 30 15 14 31 23 21 21 26 22 21 23 32 31 17 21 12 23 
35 31 17 24 43 47 31 17 21 24 22 36 25 21 16 13 17 27 23 21 27 25 18 34 26 33 23 24 26 21 
30 29 25 29 25 22 37 22 18 16 16 14 33 19 23 16 24 27 22 25 19 14 24 13 12 22 25 13 27 33 
37 24 16 37 32 39 31 19 14 9 21 26 36 32 14 17 35 21 23 21 10 30 14 22 32 35 9 19 18 36 
33 35 19 21 22 40 21 23 16 18 38 14 38 31 10 15 27 35 17 21 16 15 20 22 28 29 22 26 27 21 
22 33 16 32 23 26 15 25 12 23 21 17 33 34 21 17 20 33 8 25 18 17 15 16 19 20 21 12 32 21 
32 16 16 22 31 20 31 24 6 13 27 28 33 25 19 17 21 40 26 28 27 23 20 17 29 35 29 24 49 4 
12 25 18 33 23 26 24 22 13 18 36 23 23 34 17 7 24 27 25 17 23 35 22 24 15 26 29 21 25 22 
20 40 21 32 30 30 31 17 15 16 28 23 22 23 13 12 30 34 28 38 22 20 17 23 29 40 25 20 24 24 
25 25 16 28 15 57 30 28 15 20 35 14 35 28 14 23 23 19 15 22 16 29 19 16 20 36 29 17 24 22 
32 13 16 20 28 28 29 26 13 17 19 22 22 34 18 15 12 33 22 19 28 22 19 17 19 16 16 17 31 26 
32 14 17 21 19 20 38 13 10 19 24 20 25 21 16 15 23 17 17 24 28 27 14 13 33 32 37 10 19 23 
21 25 22 28 39 16 28 11 16 19 32 15 41 25 10 16 25 45 14 20 18 23 22 33 15 34 26 9 27 29 
25 26 21 30 50 39 22 26 21 27 33 30 29 33 16 13 25 28 26 27 19 29 16 13 19 28 28 21 27 29 
36 20 16 39 42 32 29 24 11 27 16 16 9 20 13 15 18 25 29 21 18 17 22 18 18 25 22 17 30 27 
39 21 9 27 31 40 21 10 20 29 25 21 27 22 22 14 21 26 26 20 25 19 19 23 26 31 27 19 11 22 
37 29 19 22 24 33 28 25 10 18 19 28 17 28 13 17 18 22 16 25 24 19 15 33 16 37 22 21 24 33 
25 23 24 31 32 24 21 25 17 16 24 10 28 43 23 15 35 16 24 15 38 19 28 22 35 27 15 15 29 31 
23 22 18 27 38 26 33 24 12 18 16 24 29 30 13 14 38 31 23 28 34 21 13 24 29 15 28 19 27 18 
28 25 17 22 7 28 39 18 7 19 34 18 40 41 18 19 12 29 20 30 20 26 17 27 19 39 24 12 30 33 
26 19 28 25 33 20 28 20 14 27 17 21 41 27 23 9 22 20 22 23 15 28 24 15 11 31 30 16 28 33 
34 30 18 31 10 31 39 21 20 11 31 16 20 25 16 22 34 25 18 24 32 13 20 22 14 26 23 22 30 20 
20 32 23 28 19 13 26 15 16 24 29 19 29 38 11 25 17 31 18 14 27 21 11 20 16 24 26 16 18 23 
31 30 16 47 12 24 30 16 7 24 23 15 48 35 11 7 24 21 31 14 15 32 15 18 27 22 21 17 34 24 
27 28 27 33 27 21 25 15 17 24 21 19 31 19 13 15 14 19 20 23 22 26 20 20 21 20 18 16 46 30 
42 20 25 38 19 28 24 21 18 22 34 12 45 42 14 20 31 30 24 30 23 13 24 20 18 24 21 15 22 41 
39 27 22 22 38 31 31 20 21 22 27 30 26 25 12 18 16 35 24 23 16 31 14 19 18 28 24 8 44 22 
36 36 17 28 23 49 22 23 12 17 39 19 49 26 16 19 22 14 26 31 21 26 26 15 12 13 35 17 32 27 
34 34 23 35 15 28 26 21 16 14 20 15 39 35 7 12 20 22 25 22 20 32 18 27 7 29 26 19 22 23 
38 30 20 14 28 24 31 9 15 21 15 15 21 23 21 15 30 36 22 20 19 27 19 19 20 19 16 16 15 28 
30 21 13 20 32 31 28 30 18 15 30 26 28 25 19 22 14 26 24 18 10 24 14 26 22 24 19 16 27 27 
27 32 31 22 48 45 31 12 12 14 23 33 25 28 18 15 7 24 31 23 16 34 11 20 13 25 14 13 9 21 
13 19 14 30 35 29 23 22 14 21 28 11 38 30 7 18 29 29 20 21 23 8 22 19 27 28 18 17 28 28 
36 32 21 25 35 24 26 22 17 23 28 20 33 37 19 16 20 16 23 25 10 28 25 32 27 21 24 19 31 23 
24 36 14 33 24 22 30 19 16 18 36 26 26 28 8 16 20 28 19 14 24 13 20 29 19 32 33 21 20 23 
20 27 16 34 23 35 34 16 20 21 27 19 14 37 16 18 19 26 27 12 26 28 19 25 17 24 25 22 26 35 
34 30 17 36 9 43 33 19 19 17 20 14 29 26 14 21 26 16 19 34 26 25 18 31 17 23 13 18 29 15 
27 19 21 34 32 26 26 20 15 21 51 26 32 27 9 9 17 49 23 30 13 24 14 20 30 21 11 20 16 35 
27 31 17 25 16 24 21 18 15 20 16 24 39 38 18 17 5 12 20 26 24 21 14 34 14 42 19 15 49 34 
11 21 19 17 25 17 29 26 13 23 31 18 38 41 22 11 15 20 15 28 14 34 29 14 16 49 32 16 32 15 
24 19 25 33 30 29 22 15 14 17 21 21 26 26 17 21 28 27 15 26 20 23 12 23 18 34 12 22 8 33 
49 38 12 33 26 16 40 18 16 17 12 23 24 33 18 20 26 22 29 26 28 37 16 29 24 11 22 32 17 33 
29 31 6 34 28 17 19 20 9 20 32 24 24 50 10 11 24 26 22 23 28 14 23 27 15 28 22 17 29 25 
15 34 16 24 36 35 34 11 11 22 10 31 23 30 13 14 21 32 25 30 26 29 23 33 17 39 40 19 31 18 
33 29 20 31 33 27 24 28 15 15 21 16 29 30 15 8 27 18 22 8 18 22 9 22 26 41 31 18 36 22 
30 38 17 27 13 39 27 14 19 14 16 20 31 31 14 14 19 38 18 22 24 31 16 25 14 22 21 15 35 24 
35 27 10 10 12 37 23 25 8 12 20 26 33 15 5 22 30 30 23 19 11 27 22 12 26 48 28 18 34 15 
31 17 22 20 22 6 20 24 12 26 26 17 26 42 16 16 4 34 16 22 27 25 17 34 21 23 25 12 19 14 
40 24 2 19 24 39 34 19 16 27 20 18 24 17 17 10 21 25 19 19 23 11 24 21 17 14 24 18 23 18 
28 37 17 29 16 30 32 26 17 18 25 16 27 29 15 16 24 27 34 20 31 21 26 28 24 23 34 19 25 20 
20 30 31 27 20 26 30 26 12 18 39 19 15 20 15 15 22 21 27 31 18 24 18 18 14 20 32 10 13 18 
17 18 18 21 22 16 32 12 16 23 23 23 27 35 19 10 27 17 24 22 17 22 15 20 33 31 15 23 25 15 
30 20 21 23 28 32 15 15 19 16 36 16 33 6 19 18 33 18 13 17 15 29 14 23 25 37 24 17 18 20 
23 35 10 28 32 38 31 21 17 25 31 20 24 31 13 12 33 25 29 25 10 23 11 26 2 33 18 18 38 28 
30 15 19 30 32 33 32 26 11 19 11 22 43 34 12 20 16 34 14 17 11 15 24 21 22 23 19 31 25 21 
18 22 23 44 26 42 29 26 17 15 34 33 37 23 12 14 17 32 20 25 30 20 19 25 20 31 28 18 15 28 
35 23 15 13 27 38 42 23 7 19 29 16 31 27 13 22 27 29 22 2 20 25 26 31 27 41 20 12 31 26 
9 16 16 29 30 27 15 24 13 18 24 22 35 24 14 10 21 22 24 17 9 14 19 18 16 24 11 12 23 28 
26 23 12 17 40 42 24 18 9 13 21 20 17 37 13 26 21 33 18 26 15 22 21 27 26 38 29 22 38 35 
36 29 16 17 24 25 31 28 19 21 27 23 24 38 19 8 25 18 14 26 21 17 18 18 21 33 29 19 28 30 
33 45 26 16 22 39 17 23 15 17 17 7 24 17 16 13 17 28 17 26 20 17 19 10 24 33 33 20 31 35 
21 22 22 27 25 25 38 23 20 27 38 29 36 26 23 11 19 26 26 21 24 29 30 15 17 36 17 12 24 33 
28 21 21 17 27 21 22 17 15 13 34 22 33 32 8 20 27 21 13 34 25 21 21 28 21 31 27 15 14 18 
19 16 14 33 26 28 31 20 17 10 26 30 30 31 11 19 15 30 12 17 18 20 13 22 22 39 18 14 27 15 
37 28 19 24 27 34 18 20 17 22 33 20 30 42 18 19 25 28 13 17 15 17 32 19 28 29 16 14 27 24 
39 29 18 26 25 39 36 14 23 18 30 21 45 44 25 16 32 37 17 26 20 32 20 25 23 11 34 17 26 23 

MachineCapacities:
MachineID Capacity
0 10
1 10
2 10
