NumTasks NumMachines NumScenarios
25 2 100
TaskDetails:
TaskID ReleaseTime ResourceConsumption SuccessorsCount Successors...
0 0 8 3 2 3 4 
1 0 6 9 2 3 4 
2 0 9 3 2 3 4 
3 0 2 2 1 5 
4 0 9 7 2 6 7 
5 0 5 9 2 6 7 
6 0 6 6 3 9 11 12 
7 0 9 6 3 8 9 13 
8 0 8 9 2 10 11 
9 0 7 3 1 10 
10 0 8 5 0 
11 0 7 7 1 14 
12 0 2 2 1 14 
13 0 5 7 0 
14 0 4 4 0 
15 0 8 9 1 17 
16 0 1 4 2 18 19 
17 0 10 9 2 18 19 
18 0 8 2 2 20 21 
19 0 6 3 3 21 22 24 
20 0 2 2 3 22 23 24 
21 0 6 4 1 23 
22 0 6 9 0 
23 0 7 6 0 
24 0 5 8 0 

28 16 28 16 14 13 24 17 40 9 16 5 16 34 21 15 34 23 21 36 15 24 24 25 18 36 17 34 17 21 17 18 36 33 21 31 14 17 19 34 16 17 19 16 39 19 22 20 30 16 
19 14 26 22 10 23 22 20 33 24 14 23 28 31 25 13 35 10 31 16 38 19 30 29 19 16 26 29 27 22 32 8 23 35 37 31 11 26 25 29 31 16 19 19 26 27 23 29 17 26 
19 17 29 20 5 11 9 14 24 21 26 11 25 36 11 13 18 22 29 35 41 18 25 32 14 8 12 19 20 35 13 13 27 28 21 36 22 20 40 28 21 23 15 16 31 25 38 26 30 26 
13 14 30 18 19 21 17 17 34 17 34 19 16 24 32 23 27 25 22 32 28 22 31 19 27 36 24 14 12 30 9 16 13 19 33 18 23 17 22 25 25 26 27 13 31 20 30 21 30 22 
17 10 13 9 18 19 22 16 41 17 24 16 18 13 33 17 25 30 28 33 36 24 32 31 7 33 10 30 24 21 28 21 16 35 28 20 20 18 28 11 24 20 20 19 28 26 39 20 23 12 
29 14 28 20 4 13 23 14 23 23 28 13 25 27 39 15 19 17 30 26 22 23 15 29 21 18 18 25 13 34 26 21 31 25 17 26 14 20 21 23 14 19 18 28 33 20 22 31 36 25 
21 11 34 19 27 22 27 17 30 22 19 10 9 29 24 12 24 19 27 19 21 8 23 25 12 29 16 23 22 35 28 18 27 22 37 8 13 20 31 27 21 21 22 17 21 28 31 26 20 18 
18 11 22 24 13 23 23 14 32 12 16 19 17 23 26 13 28 22 31 28 28 21 22 26 16 27 16 24 25 39 27 15 27 25 28 34 14 30 18 18 25 15 14 11 42 16 37 26 27 29 
20 25 18 28 10 25 29 17 18 11 9 15 26 36 12 15 25 23 26 21 30 29 28 23 29 46 9 30 17 24 29 8 28 28 26 28 18 25 25 21 28 26 16 22 26 16 22 24 34 18 
21 19 37 20 12 23 26 13 34 15 18 19 9 30 24 19 18 27 25 24 22 27 34 25 18 24 17 13 21 21 19 13 21 25 29 23 18 19 22 8 17 16 19 20 25 28 27 31 28 23 
10 17 35 12 21 9 26 16 27 10 21 21 21 37 25 16 17 24 26 31 41 23 18 26 24 18 21 34 13 23 23 13 31 33 15 27 21 21 38 26 19 14 16 12 26 22 8 27 21 8 
22 6 26 21 9 20 23 9 30 22 17 16 18 42 15 20 17 26 31 16 40 28 24 18 22 25 18 28 9 22 37 12 32 34 19 22 13 12 28 40 22 25 12 26 35 22 11 21 23 10 
16 11 26 8 20 21 7 10 30 28 22 22 22 33 25 17 38 19 21 19 39 25 32 10 24 15 8 14 11 32 14 20 24 23 29 25 14 18 40 25 28 14 9 22 32 25 29 20 24 34 
22 20 19 12 18 16 22 16 29 17 21 17 17 24 24 18 18 17 29 40 38 15 36 14 23 24 19 26 22 33 23 16 12 28 33 34 11 24 17 33 24 14 17 16 25 24 19 15 21 9 
28 11 30 33 17 17 14 16 30 11 16 11 27 26 18 16 14 8 41 23 25 20 23 12 20 37 18 15 19 26 16 12 20 35 26 28 16 27 7 25 19 19 17 19 32 12 24 23 19 14 
22 16 35 22 19 11 32 27 22 29 24 13 22 37 26 18 31 16 22 33 25 16 19 18 19 23 22 32 9 31 33 10 31 32 24 17 15 25 18 23 31 22 13 20 40 22 40 30 17 21 
18 15 25 18 16 9 18 19 26 33 16 13 20 36 24 17 25 5 22 25 20 28 38 16 26 40 9 31 22 55 41 7 15 20 16 18 17 21 18 24 26 9 16 15 30 17 23 28 26 15 
19 8 37 15 15 16 31 4 41 14 21 14 19 29 19 14 5 21 38 28 24 24 40 29 12 49 23 23 26 19 25 25 21 48 22 23 15 29 21 25 32 19 26 11 36 27 15 21 21 21 
19 10 24 16 26 25 16 14 41 20 11 17 27 19 26 20 26 27 31 35 20 23 21 25 19 26 13 22 13 30 19 21 24 17 16 30 14 29 24 35 34 14 10 17 27 26 30 26 34 15 
12 20 31 9 22 17 24 20 17 23 16 14 19 30 27 14 42 26 20 18 19 23 33 22 16 10 24 16 20 25 22 15 34 27 28 37 14 20 46 20 18 17 3 24 24 22 35 24 11 16 
13 15 45 30 13 13 28 17 31 16 15 22 16 28 11 12 26 24 41 18 32 26 21 28 23 28 25 28 19 22 25 12 24 36 21 11 19 19 39 30 21 31 15 22 36 21 39 31 14 26 
20 21 40 22 15 19 32 20 17 14 31 21 14 15 40 9 22 17 22 21 24 29 28 23 23 31 14 13 19 31 28 15 28 28 24 40 21 13 29 39 36 26 21 11 31 13 12 20 13 21 
22 15 32 18 9 15 41 20 32 15 30 24 20 46 27 12 34 17 30 25 5 25 26 19 19 16 24 25 24 29 32 17 16 31 19 35 14 25 28 25 28 27 19 13 14 20 26 18 22 28 
22 10 38 10 22 21 32 14 21 28 28 17 19 38 32 15 28 29 32 26 37 16 9 27 26 29 12 18 16 30 23 16 33 24 22 22 16 25 33 28 26 24 16 13 26 21 24 20 36 19 
19 18 24 9 22 10 27 16 25 17 23 14 14 10 16 18 12 14 34 34 29 26 33 18 28 28 26 13 24 19 27 14 21 20 20 44 14 25 37 22 26 21 20 13 23 29 18 22 22 27 
31 8 15 18 18 21 27 17 35 14 22 20 22 35 29 22 25 24 26 50 23 37 28 15 19 22 20 24 20 22 30 14 30 31 29 25 22 20 26 29 32 12 18 17 54 21 26 25 8 18 
23 10 34 23 13 19 22 11 8 17 10 16 16 28 35 13 7 15 23 14 40 23 21 21 16 24 11 23 22 34 22 17 41 16 26 30 11 15 22 32 18 21 16 23 25 28 35 23 33 36 
30 18 30 15 11 17 13 13 28 17 22 19 22 40 22 15 26 16 21 38 29 18 29 27 10 19 15 19 22 35 36 16 23 31 21 27 21 28 33 47 20 23 19 16 26 20 27 11 37 22 
18 14 32 17 10 27 22 12 28 18 20 13 13 33 33 17 20 15 25 29 36 36 39 28 21 25 9 28 21 23 16 9 42 22 21 22 15 32 35 18 27 10 19 21 27 25 31 25 28 24 
16 24 17 14 13 20 37 24 23 18 28 19 24 7 26 19 21 18 35 40 15 29 17 17 19 28 19 33 21 30 26 12 24 25 15 13 18 14 32 23 15 16 20 20 31 17 30 24 21 23 
21 5 17 17 18 16 30 19 34 23 29 13 15 45 17 15 21 27 30 31 27 30 16 31 15 11 21 29 22 21 34 21 30 25 18 29 20 25 32 39 31 22 13 27 31 26 32 30 22 18 
24 16 38 15 10 12 29 19 38 10 29 18 12 29 20 19 26 28 36 27 29 36 34 22 21 30 18 26 18 31 14 19 23 30 34 14 22 22 22 31 11 26 21 25 38 26 28 26 15 25 
6 20 30 23 15 23 36 18 29 19 15 14 20 20 21 13 28 18 39 30 32 29 25 13 21 17 23 27 18 16 14 14 24 14 24 39 13 20 30 32 20 28 14 22 25 18 34 30 22 15 
24 19 30 17 19 13 6 24 16 13 14 18 18 20 24 21 22 26 43 30 43 20 17 29 22 45 20 37 17 19 23 11 31 21 25 28 14 18 26 28 9 20 5 14 32 16 16 29 22 30 
9 12 18 18 17 18 21 16 30 25 24 20 15 32 27 10 29 33 39 29 7 21 25 24 16 18 27 32 16 40 24 20 26 29 18 31 13 33 26 28 20 29 21 28 29 24 25 31 22 23 
23 13 34 21 19 10 22 10 35 14 39 9 29 23 16 19 21 22 14 19 30 13 20 24 25 25 15 24 23 44 16 24 29 29 27 23 12 27 32 23 20 18 29 13 15 28 26 28 21 29 
16 13 20 24 18 24 29 17 23 12 17 9 18 37 28 18 29 14 29 21 25 38 32 19 17 14 20 20 16 28 27 13 24 46 26 24 16 19 47 17 21 22 21 23 53 22 35 21 16 25 
22 16 40 24 15 14 26 12 14 23 17 17 13 28 45 22 15 28 13 20 34 21 20 21 28 30 15 19 26 27 19 16 10 32 23 23 11 21 39 26 23 28 17 8 27 33 37 22 33 25 
21 15 27 20 12 21 26 15 30 18 18 23 20 33 18 18 22 15 31 27 31 33 22 20 21 20 16 24 17 38 19 11 17 40 18 30 23 27 11 14 13 15 22 13 31 21 16 22 17 17 
9 14 21 18 25 15 38 18 34 19 22 18 24 36 30 17 21 18 21 16 36 22 33 26 20 28 11 26 18 36 19 12 21 24 17 28 20 20 32 24 23 21 27 7 40 28 5 16 28 27 
20 9 47 16 20 19 31 14 24 20 16 13 7 40 25 10 14 24 20 29 26 34 29 22 10 23 8 34 19 33 16 23 29 26 21 28 17 25 21 23 14 33 12 14 29 21 27 17 29 20 
17 17 46 17 14 14 39 25 29 20 23 17 23 33 26 16 23 26 31 27 39 13 18 19 18 32 23 10 12 27 22 18 25 31 25 31 15 20 32 17 9 28 12 19 29 25 17 26 37 17 
24 14 32 18 14 17 19 16 28 25 23 20 29 30 24 16 34 21 21 30 27 34 30 25 16 34 20 17 16 33 25 13 23 28 29 24 14 28 31 24 31 21 20 25 33 29 23 29 32 25 
23 12 18 10 20 16 26 18 33 16 32 22 21 12 26 13 7 22 22 34 40 16 30 27 16 12 9 7 20 42 20 22 19 24 19 28 18 24 30 23 24 14 12 14 28 24 27 25 26 18 
12 18 35 21 16 22 25 16 22 27 22 19 23 41 24 15 31 16 23 33 34 28 12 24 37 32 20 34 17 19 19 15 18 27 27 32 11 20 33 22 22 24 9 17 34 27 34 30 18 17 
23 14 33 25 3 16 31 24 33 18 30 12 23 34 19 17 19 17 24 37 31 16 14 22 20 31 13 15 20 30 27 12 33 28 32 17 13 21 30 20 24 9 22 20 38 20 21 26 21 16 
20 13 36 17 9 12 43 22 34 23 16 15 23 32 20 13 26 31 32 30 22 23 27 8 22 21 22 22 8 19 12 17 19 30 24 24 22 24 29 26 19 33 20 21 28 25 21 25 24 28 
32 14 15 10 12 20 26 12 16 7 18 14 15 35 21 18 23 25 36 42 19 12 28 20 13 32 21 17 24 24 29 13 26 14 23 36 14 36 25 10 17 16 16 10 34 24 26 23 36 25 
19 12 30 21 10 22 28 19 24 25 19 9 18 26 30 20 33 13 22 21 11 20 18 20 24 35 23 15 12 36 22 20 29 37 28 24 15 24 28 37 15 8 6 14 43 22 26 20 27 20 
26 10 38 13 10 19 35 16 23 24 22 17 13 19 33 11 9 25 28 28 31 26 32 20 21 30 13 26 14 35 20 15 24 21 20 30 23 20 42 26 24 18 20 12 29 22 21 23 33 19 
25 18 32 22 17 12 33 18 36 27 17 16 18 31 21 20 15 10 38 30 39 29 13 25 34 15 19 18 12 16 12 18 20 28 10 32 22 19 37 30 17 26 19 10 29 37 37 27 16 34 
27 16 33 13 3 26 16 21 22 13 25 6 24 30 15 13 25 23 23 33 19 19 22 37 21 17 29 24 19 21 22 17 19 33 28 29 16 23 28 22 20 18 13 8 20 17 31 42 28 16 
13 14 34 23 13 19 32 15 36 19 23 17 18 24 19 15 20 23 29 37 27 26 28 29 20 26 9 22 17 10 37 19 23 38 17 16 12 29 29 23 17 26 11 28 27 26 34 10 33 17 
23 14 31 13 11 11 34 19 31 14 25 20 12 42 26 14 27 33 23 17 32 45 35 28 14 27 21 25 18 47 14 13 28 21 26 42 13 17 20 28 15 22 13 20 16 19 12 20 27 25 
27 24 26 23 16 18 36 10 10 18 24 11 26 28 18 15 28 34 26 31 31 25 30 12 12 49 21 16 21 27 23 10 35 27 27 19 14 13 30 24 23 27 21 17 34 36 33 19 12 23 
24 15 39 19 15 21 35 22 38 9 28 21 22 21 12 25 26 23 30 20 42 36 37 35 7 38 19 21 13 29 18 18 20 12 10 15 16 24 24 13 15 29 19 23 36 22 28 23 33 14 
24 14 31 17 11 22 27 22 28 21 25 17 11 28 19 12 24 13 32 22 30 29 27 13 18 16 18 23 14 37 32 19 27 40 20 18 11 14 17 26 18 18 15 19 28 20 31 26 17 29 
15 17 46 13 18 6 31 20 18 32 21 15 16 21 21 19 28 29 21 45 32 32 31 20 17 20 23 23 19 35 18 11 43 27 47 44 16 23 27 27 15 21 14 14 40 20 25 29 42 16 
21 15 33 25 11 14 27 14 18 14 19 14 8 30 30 17 31 18 15 41 21 25 18 26 15 31 21 21 25 29 25 17 23 24 15 26 13 24 5 31 18 15 17 13 26 19 27 18 27 24 
14 11 11 16 11 21 15 12 41 18 29 12 22 11 35 23 19 12 30 19 19 30 29 26 12 32 20 24 15 35 20 11 24 28 38 38 19 29 23 31 22 15 14 10 29 24 7 16 41 17 
19 20 23 16 16 20 40 20 30 21 22 15 28 45 30 20 34 25 25 30 28 21 36 25 22 38 11 27 24 39 2 12 41 21 24 15 16 19 22 17 16 21 21 10 16 25 29 29 37 18 
21 12 29 16 13 13 26 16 23 22 20 16 16 39 33 12 39 24 21 36 14 29 31 13 18 24 14 32 24 12 28 18 22 40 26 25 14 17 30 18 24 23 18 8 33 20 35 19 14 18 
17 20 24 30 8 17 16 11 32 18 14 22 22 43 46 21 30 4 20 37 22 30 32 29 19 31 18 32 25 42 17 14 19 30 18 25 17 30 21 28 18 25 16 16 29 33 28 28 23 19 
13 15 35 25 18 19 21 22 30 26 18 12 19 33 19 15 32 21 20 39 15 29 32 23 12 18 22 19 19 24 27 16 23 21 20 29 14 18 29 25 27 12 16 18 24 20 16 21 17 21 
16 18 22 19 16 12 30 16 22 20 17 15 17 31 27 19 17 7 34 33 30 22 27 14 22 29 8 19 19 30 22 15 23 46 24 13 11 13 34 24 26 23 16 7 24 18 13 24 39 38 
8 18 25 16 19 19 29 13 13 29 15 17 17 31 26 12 21 22 24 33 17 30 23 19 14 31 16 26 18 20 29 20 26 37 18 31 17 16 30 34 25 10 23 17 26 20 18 24 28 23 
20 8 38 21 13 19 30 22 14 14 23 23 16 19 30 13 36 22 37 37 16 10 24 28 22 27 16 26 20 31 19 13 23 28 33 21 28 15 25 13 14 13 13 11 29 19 18 27 31 22 
14 24 33 20 11 14 17 9 40 13 18 11 22 27 17 18 26 28 14 24 23 25 12 30 15 27 21 17 16 30 19 16 26 8 21 29 21 30 17 22 10 21 24 14 35 23 27 23 26 18 
17 24 34 14 10 21 23 12 24 14 21 14 14 42 24 20 13 12 30 29 26 24 23 19 25 30 26 22 18 30 15 14 24 20 26 12 17 21 33 30 25 19 26 23 18 25 24 25 33 28 
26 13 23 14 9 14 29 25 18 15 23 14 13 31 29 19 24 28 15 28 20 31 40 24 27 18 11 21 16 34 13 10 31 33 24 23 14 24 27 28 23 20 15 21 26 19 18 24 39 30 
21 21 18 16 11 26 25 25 39 29 20 14 25 19 37 15 25 26 17 33 23 17 24 23 15 23 27 42 16 23 19 15 27 31 6 37 19 27 30 14 21 26 13 15 25 32 26 18 32 29 
21 11 23 16 13 6 12 21 16 23 16 11 18 30 20 21 32 18 31 12 25 20 20 24 30 28 15 21 25 31 22 14 39 35 26 27 12 16 25 23 19 26 19 18 31 9 19 18 22 21 
16 18 53 18 17 6 32 27 23 12 21 19 12 32 26 20 37 16 34 22 26 30 26 23 18 31 16 37 20 23 19 17 24 34 17 33 12 24 27 23 8 22 20 14 17 24 23 21 23 20 
26 12 19 20 16 16 10 21 17 17 25 16 18 35 28 18 28 32 29 19 26 18 22 9 6 24 28 34 20 28 13 16 28 37 25 32 12 22 32 24 25 17 17 20 20 31 22 24 37 28 
26 16 23 8 19 12 31 14 30 20 23 9 19 37 26 18 36 33 29 19 26 39 24 11 23 25 25 38 19 31 24 14 17 30 26 24 23 16 18 24 27 12 20 21 39 20 28 18 33 18 
23 22 25 19 16 22 26 10 26 14 19 12 22 27 33 10 22 18 41 25 38 30 27 24 24 39 19 35 20 42 24 20 25 29 22 17 17 16 28 24 27 10 19 17 40 25 33 24 29 13 
16 14 19 20 16 10 25 10 26 8 11 18 17 31 30 17 30 12 33 28 25 26 19 19 29 27 17 19 12 27 15 15 23 22 37 36 12 26 31 33 19 18 17 21 12 34 25 15 24 21 
18 21 28 14 21 16 38 9 41 20 28 23 17 22 26 14 28 23 10 27 26 23 23 12 8 18 11 30 22 26 23 20 22 38 25 42 22 18 15 31 20 24 24 17 23 26 37 24 40 26 
9 16 15 10 14 26 18 22 43 15 22 14 16 23 27 20 32 33 22 28 29 30 12 28 38 31 18 31 19 28 32 12 13 38 25 19 18 24 25 20 23 12 19 15 39 14 24 23 32 12 
14 12 34 18 14 17 25 15 38 22 23 20 17 35 21 15 43 9 30 34 30 25 23 29 20 24 17 21 24 25 17 17 21 27 12 39 17 20 36 21 25 21 14 17 38 9 21 25 37 31 
9 19 39 11 16 18 24 20 26 15 27 12 11 38 11 20 20 11 30 37 21 41 34 9 21 38 15 11 12 26 23 15 27 18 19 16 18 19 34 18 13 14 19 23 43 16 36 30 37 21 
16 13 35 18 14 16 9 11 28 18 21 15 16 27 32 16 28 19 23 28 22 15 27 22 22 31 20 27 29 22 28 13 23 30 7 32 13 13 13 27 19 20 17 18 43 24 31 20 21 20 
19 14 34 14 15 22 34 13 16 22 30 19 8 36 20 10 26 30 27 32 39 39 23 25 33 25 12 33 17 24 24 15 21 27 18 21 14 28 37 26 29 21 17 16 27 13 20 23 38 16 
16 25 27 9 17 16 32 18 21 21 18 17 16 34 31 21 28 23 7 24 31 28 26 30 22 24 17 31 14 35 31 9 35 28 23 28 11 20 31 31 33 18 19 16 27 13 36 30 11 18 
20 12 25 15 17 23 31 19 23 14 14 11 28 37 21 16 15 26 29 27 24 31 27 18 15 31 23 28 22 32 13 7 16 29 17 44 21 13 27 32 22 28 20 19 31 24 39 29 31 18 
25 19 32 19 17 30 27 17 22 15 28 19 17 35 30 24 28 21 35 26 17 30 23 28 31 27 25 18 14 31 18 18 31 48 24 38 12 15 16 34 25 18 21 16 37 37 18 17 44 30 
19 12 40 21 18 16 29 16 35 15 21 16 27 33 25 13 16 24 23 17 30 25 32 15 28 37 19 25 21 40 17 22 32 19 33 27 18 26 37 16 13 28 19 21 34 19 32 30 28 27 
6 18 46 27 16 17 28 11 26 20 21 12 15 30 21 15 23 25 9 20 26 17 15 21 29 20 8 30 12 32 32 19 20 32 26 27 19 16 38 29 9 18 19 21 31 23 31 15 33 20 
16 10 23 19 11 26 39 17 28 13 21 16 16 25 13 20 19 32 16 20 16 16 34 20 22 29 24 22 23 40 33 17 22 16 20 29 14 30 23 16 21 27 25 20 36 21 45 36 20 32 
14 19 30 23 20 14 22 15 18 14 21 18 18 29 10 10 23 35 34 16 24 30 30 22 29 36 14 31 24 14 25 19 28 32 21 28 13 29 13 17 26 23 23 21 35 18 32 24 20 33 
22 8 27 18 20 21 32 23 31 16 20 18 24 17 22 6 15 28 31 32 37 28 24 18 21 47 11 27 24 18 16 16 21 28 20 30 20 22 18 32 19 23 12 14 35 20 36 31 25 20 
24 21 22 26 6 11 36 22 33 12 28 14 21 24 28 17 23 21 23 18 55 23 24 15 20 26 18 37 17 25 20 9 22 21 17 27 10 24 23 32 15 21 26 20 37 12 21 28 28 24 
9 17 6 17 8 18 45 18 23 14 18 12 24 33 35 23 32 17 8 23 26 27 25 14 19 37 10 22 12 24 30 18 28 19 7 28 19 21 20 19 20 17 21 22 34 23 28 35 35 12 
17 11 28 22 16 15 26 17 25 8 20 16 21 30 33 16 37 28 23 24 34 26 24 22 22 31 16 33 22 27 9 24 31 19 26 42 13 12 34 17 25 24 13 13 21 15 45 18 20 28 
14 14 25 26 11 22 24 24 22 24 27 15 17 38 29 18 26 20 20 31 23 29 16 21 24 26 28 15 19 37 24 14 30 23 34 22 11 28 25 24 16 19 20 16 26 11 36 34 24 23 
14 14 27 17 19 14 38 15 31 24 35 19 23 12 24 17 29 21 20 18 23 24 16 21 15 37 13 23 19 36 23 18 33 27 19 29 21 22 34 27 21 26 7 20 29 24 28 14 29 19 
25 18 37 22 8 26 24 18 20 11 16 16 25 41 27 16 33 27 15 40 25 28 25 17 4 28 17 22 21 38 22 22 14 22 25 23 15 29 39 30 25 15 12 22 24 24 35 23 26 17 
24 11 42 19 9 16 13 10 9 15 22 16 16 23 10 20 34 16 19 22 31 12 18 29 17 34 24 26 23 26 20 22 25 34 25 8 16 14 26 15 19 25 25 22 37 24 35 38 25 11 
9 17 20 14 10 15 30 8 17 13 22 21 20 16 17 13 29 17 21 15 29 30 24 31 19 42 24 29 23 27 22 22 24 39 19 33 18 19 34 25 20 30 18 19 45 17 26 22 30 24 
14 9 23 24 19 19 34 19 23 16 33 13 17 30 20 17 29 30 36 31 26 27 36 27 8 28 23 28 21 33 27 17 26 19 22 30 22 25 9 26 24 19 24 9 45 28 12 12 27 22 

MachineCapacities:
MachineID Capacity
0 10
1 10
