NumTasks NumMachines NumScenarios
25 2 30
TaskDetails:
TaskID ReleaseTime ResourceConsumption SuccessorsCount Successors...
0 0 2 9 1 1 
1 0 3 6 1 3 
2 0 5 5 1 3 
3 0 7 5 1 4 
4 0 7 10 2 5 7 
5 0 3 3 2 6 8 
6 0 4 9 1 9 
7 0 7 9 1 8 
8 0 7 3 1 9 
9 0 3 9 0 
10 0 7 6 2 12 13 
11 0 4 4 2 12 13 
12 0 8 2 2 14 15 
13 0 2 3 2 14 15 
14 0 7 3 2 16 18 
15 0 1 7 2 16 18 
16 0 5 3 2 17 19 
17 0 6 6 2 21 24 
18 0 2 8 1 19 
19 0 8 2 2 20 21 
20 0 9 2 3 22 23 24 
21 0 2 8 2 22 23 
22 0 1 9 0 
23 0 1 2 0 
24 0 6 8 0 

13 10 8 31 20 32 32 31 20 9 21 31 14 35 13 31 42 19 5 14 36 22 20 11 8 17 16 24 9 18 19 17 13 13 18 15 17 17 10 37 14 11 9 9 9 17 17 14 29 16 
19 8 13 38 22 19 19 28 17 9 22 37 13 15 19 43 35 26 14 6 35 6 12 11 15 14 13 24 12 25 20 20 22 10 30 2 14 27 14 34 22 11 6 10 16 25 14 18 16 19 
11 10 13 27 18 29 27 25 29 10 22 26 17 20 17 27 33 27 17 41 25 28 21 12 7 23 11 24 13 21 27 18 20 10 17 13 10 24 22 16 16 12 13 17 16 18 17 25 17 17 
11 11 10 29 20 24 21 33 11 14 25 32 18 23 13 26 28 32 8 29 16 16 19 12 13 21 20 23 7 23 18 14 19 10 28 17 13 30 16 36 11 8 18 16 13 11 8 7 12 14 
12 11 12 20 13 16 30 21 22 14 22 41 13 23 19 16 25 22 5 38 47 21 29 21 7 26 15 30 11 30 25 14 20 12 20 8 13 24 18 25 13 15 15 16 5 11 17 13 18 13 
4 11 12 14 23 17 33 31 17 16 33 37 17 10 19 34 27 27 12 25 35 15 26 17 12 31 15 25 3 34 36 18 20 10 22 11 10 21 25 41 20 12 19 9 7 13 7 20 14 16 
13 17 15 37 21 16 31 15 12 15 29 24 15 21 25 39 44 28 10 25 24 24 21 12 12 22 10 28 10 23 32 9 9 12 21 14 15 23 14 43 20 8 12 8 11 17 21 21 12 16 
7 11 11 42 27 23 26 11 19 12 44 39 19 19 14 34 21 46 9 21 24 15 25 13 13 21 15 27 8 32 29 16 20 9 23 15 13 14 23 35 18 10 17 10 15 17 16 36 12 15 
9 10 14 22 16 26 31 35 26 16 40 35 25 30 12 39 35 24 7 31 58 27 15 15 10 22 6 36 8 18 33 15 25 10 17 8 7 26 15 26 13 17 19 8 12 11 16 28 11 10 
8 13 7 35 20 35 24 12 21 12 30 38 23 18 15 19 19 14 13 10 33 23 34 13 8 12 17 29 9 33 19 13 8 19 28 17 13 18 18 27 16 12 16 14 3 13 13 26 15 19 
10 15 13 33 23 17 8 30 18 11 21 35 19 26 16 35 35 14 7 28 24 8 21 15 11 29 13 28 6 27 27 17 14 4 30 19 8 26 20 26 20 9 17 14 13 10 12 20 13 13 
13 7 8 17 13 36 33 27 16 14 15 10 8 26 21 32 22 18 9 25 30 17 24 13 9 21 12 30 12 20 27 17 19 15 11 18 12 28 16 23 14 12 26 11 15 23 17 24 7 14 
14 13 8 19 9 18 31 34 19 15 26 27 16 22 16 35 34 21 9 38 33 14 23 13 3 21 15 17 14 30 20 19 23 14 18 14 9 31 25 18 17 13 14 11 15 18 6 15 16 15 
11 16 12 37 17 28 30 30 32 11 21 24 16 32 20 35 29 22 9 24 27 19 30 14 9 22 7 28 12 22 16 10 13 8 25 21 13 21 13 32 12 13 17 13 7 22 15 41 15 19 
6 15 7 19 18 11 36 33 18 13 40 42 11 19 14 28 45 35 8 10 27 20 20 11 8 16 14 19 9 22 39 18 21 11 23 11 9 16 26 28 14 10 11 12 16 14 24 36 12 13 
14 6 11 26 21 28 26 29 25 13 14 34 17 8 10 30 26 32 9 14 25 26 7 10 10 26 14 16 10 23 22 14 17 12 12 15 11 24 16 35 17 12 19 15 15 6 11 34 23 18 
9 10 12 32 21 15 42 3 26 14 38 22 15 20 16 37 21 24 15 33 27 20 18 12 13 23 15 23 7 38 33 17 17 12 25 20 9 20 18 34 25 8 19 9 17 22 17 27 12 12 
11 15 10 28 18 25 16 38 19 15 26 13 20 16 4 24 16 20 13 32 47 18 18 17 14 16 7 24 9 32 39 12 14 9 11 23 8 11 18 21 6 9 18 11 11 25 15 27 13 14 
10 10 9 23 29 36 38 31 28 11 17 26 8 17 15 18 33 25 12 27 35 11 13 15 13 21 9 37 14 19 25 20 21 17 25 18 11 22 18 34 13 10 11 14 12 19 14 34 18 14 
12 13 13 30 23 18 38 32 25 12 39 30 26 23 11 19 19 28 8 22 42 14 22 11 3 5 21 25 8 26 16 21 22 13 20 15 18 34 16 30 22 10 7 10 14 19 15 27 19 17 
17 15 7 20 31 27 34 20 18 14 27 44 18 35 21 19 28 20 12 34 40 14 19 12 8 24 18 20 15 21 18 17 17 10 34 20 10 12 12 20 16 15 15 10 6 14 16 37 8 16 
10 14 12 30 29 25 24 17 28 9 9 20 21 33 17 17 24 18 12 26 45 13 24 8 14 18 17 20 13 22 44 13 18 10 18 20 16 13 18 24 17 6 12 10 10 14 13 25 19 11 
16 12 10 17 26 32 18 25 15 15 35 35 16 19 19 27 25 23 6 33 33 25 26 12 11 14 21 25 12 27 23 12 20 10 28 13 13 23 19 25 20 8 19 14 10 21 22 32 20 22 
11 15 11 33 19 28 25 42 28 9 39 42 21 17 17 29 37 22 11 39 13 18 27 20 16 14 21 31 6 23 32 12 21 14 16 9 13 16 14 32 16 13 18 14 10 13 13 13 11 15 
8 10 9 25 11 10 38 21 25 16 39 15 9 31 16 36 20 27 12 13 47 17 27 12 8 16 12 17 10 29 32 22 14 10 16 13 14 12 9 32 4 12 12 10 15 17 7 32 11 12 
9 16 15 35 32 21 28 17 27 10 28 33 15 19 13 22 26 33 13 25 16 6 23 17 11 16 18 25 8 30 29 10 15 11 20 18 9 25 21 32 8 15 10 10 9 23 10 2 15 16 
12 15 8 27 21 25 26 21 18 12 21 34 8 23 15 29 31 19 11 13 16 20 27 19 13 20 10 34 11 34 25 17 19 11 17 19 13 19 19 30 10 15 13 11 8 12 15 25 22 18 
15 10 11 31 28 25 31 20 26 11 27 33 18 14 18 25 35 32 12 18 26 17 21 14 8 27 18 17 16 30 18 15 23 8 23 16 9 26 15 27 15 13 14 11 7 16 6 28 12 15 
12 15 17 41 24 29 27 35 29 11 48 38 15 25 13 42 42 18 10 22 27 17 31 13 11 18 14 37 15 24 25 15 12 9 28 20 13 23 23 27 14 10 15 17 15 18 11 27 18 20 
8 12 12 17 32 24 31 39 26 13 31 30 14 15 14 32 28 41 10 17 31 17 17 15 12 17 19 15 9 20 27 20 11 12 26 8 16 31 19 28 20 10 16 7 9 20 17 25 11 15 

MachineCapacities:
MachineID Capacity
0 10
1 10
