NumTasks NumMachines NumScenarios
25 2 30
TaskDetails:
TaskID ReleaseTime ResourceConsumption SuccessorsCount Successors...
0 0 9 5 2 1 4 
1 0 4 5 1 5 
2 0 8 10 1 3 
3 0 7 4 2 4 5 
4 0 4 4 2 6 7 
5 0 5 8 2 6 7 
6 0 7 3 1 10 
7 0 7 9 2 8 10 
8 0 3 2 1 9 
9 0 10 10 0 
10 0 10 5 0 
11 0 3 4 1 12 
12 0 2 5 3 15 16 17 
13 0 6 9 3 15 16 17 
14 0 9 2 3 17 18 20 
15 0 8 6 3 18 19 20 
16 0 8 2 3 18 19 20 
17 0 8 3 2 19 21 
18 0 2 7 1 21 
19 0 3 2 3 22 23 24 
20 0 5 4 1 21 
21 0 4 2 3 22 23 24 
22 0 9 8 0 
23 0 10 7 0 
24 0 9 7 0 

30 14 7 17 18 28 18 9 15 12 30 13 27 19 18 27 45 17 10 21 34 26 24 26 16 16 20 29 39 12 11 22 12 30 19 39 9 9 19 10 24 27 33 17 27 42 27 23 8 26 
30 9 8 16 17 37 13 18 7 25 25 12 16 18 36 31 23 13 14 13 21 17 13 24 5 27 17 24 29 9 14 25 11 20 27 25 13 7 25 8 32 12 53 38 12 27 26 29 10 23 
36 17 7 19 19 29 8 13 26 23 16 10 18 37 28 34 43 20 12 8 43 26 9 18 9 13 18 34 15 10 14 17 23 30 21 35 13 8 22 9 20 28 26 32 24 22 22 12 10 13 
19 10 12 14 14 25 9 7 21 30 15 14 24 32 27 20 24 15 7 14 31 19 18 29 5 16 16 20 43 14 15 29 15 19 23 19 16 15 30 9 25 35 32 17 29 29 17 18 11 19 
27 5 12 8 14 23 14 11 20 36 22 10 21 30 23 15 42 9 15 10 32 26 17 24 12 10 14 27 7 13 9 23 29 25 12 33 16 15 28 13 28 18 45 29 13 29 14 23 13 16 
27 15 10 19 28 35 11 9 19 23 27 10 28 26 12 14 22 18 8 9 29 35 23 31 8 15 18 31 24 15 11 16 17 37 34 21 14 16 22 4 25 32 31 29 20 33 18 13 14 22 
28 15 14 15 24 24 14 8 31 28 19 7 11 44 16 30 21 16 11 14 31 31 17 33 13 23 12 22 35 15 9 22 22 27 21 30 11 16 21 12 22 33 27 27 22 32 34 22 4 22 
20 10 7 18 20 32 10 13 12 27 19 10 26 16 24 19 35 20 20 13 23 24 26 30 10 13 21 26 31 15 16 11 31 29 14 20 18 8 26 11 36 26 40 39 18 35 14 13 9 20 
24 13 14 14 19 19 14 8 23 26 25 9 17 16 24 33 18 17 13 9 25 29 22 11 8 18 16 18 38 14 12 21 24 37 28 35 15 12 23 7 30 25 30 24 19 20 28 13 6 14 
19 18 11 8 15 22 15 9 27 54 9 8 23 16 17 38 32 30 9 16 33 29 8 28 5 31 25 22 21 14 10 30 21 28 19 24 16 6 31 11 19 37 31 12 20 21 16 21 11 19 
40 13 6 15 22 17 16 16 24 27 11 10 25 37 13 32 39 23 15 14 17 14 27 36 12 16 24 33 30 13 8 19 13 32 30 38 14 18 27 9 8 31 32 25 26 37 18 21 9 22 
24 12 11 14 23 19 17 11 23 35 26 13 19 41 15 30 32 16 14 14 32 22 17 34 13 15 15 29 28 13 13 26 23 27 28 38 15 8 23 18 25 28 33 38 24 33 26 24 9 11 
25 16 8 9 21 30 12 17 23 37 6 10 22 42 22 28 35 16 16 9 23 30 21 25 10 21 19 21 25 15 16 33 14 35 19 17 15 11 24 6 29 26 21 30 23 24 17 40 12 21 
26 12 8 10 12 33 16 10 24 12 30 10 22 29 22 24 41 10 12 18 19 23 16 37 7 16 15 34 20 10 17 18 21 37 29 29 13 12 23 11 24 38 25 32 25 42 16 19 9 28 
16 11 10 17 13 28 18 11 10 23 16 10 17 38 22 21 44 15 12 12 31 30 17 36 14 21 15 22 32 14 12 27 22 28 14 34 8 11 27 10 32 27 36 39 10 28 20 13 11 14 
4 18 6 12 26 15 12 11 20 27 14 13 15 34 23 31 27 17 13 9 46 26 12 42 9 15 8 18 39 12 10 25 15 25 24 22 15 17 11 8 26 33 38 11 16 34 18 21 8 11 
47 9 7 14 21 14 14 14 15 40 18 7 24 34 31 35 17 16 11 11 33 35 21 34 12 20 18 23 18 11 8 16 20 38 12 17 21 10 19 13 25 20 36 27 21 38 28 26 19 26 
25 11 11 11 12 12 11 12 15 44 10 5 28 32 25 14 26 21 10 18 23 29 10 29 7 23 25 28 15 11 11 22 30 21 16 19 21 7 20 6 20 27 30 29 16 29 24 32 8 26 
39 10 11 14 18 20 11 18 15 32 13 10 12 30 14 32 30 19 13 14 17 39 17 23 12 16 19 24 34 12 17 35 23 19 21 17 4 16 34 11 14 12 22 26 17 26 17 16 13 11 
32 10 12 15 19 30 12 20 20 28 22 7 18 19 26 29 29 14 15 14 33 17 12 29 7 16 22 14 33 10 11 16 26 30 16 32 18 11 21 10 28 25 30 34 15 25 19 25 9 18 
28 10 8 23 17 28 15 12 15 34 10 10 18 37 23 22 20 13 11 15 24 29 26 36 4 20 28 19 25 10 13 16 19 24 17 37 16 14 18 12 26 23 16 20 28 23 17 26 7 15 
29 20 7 14 13 22 11 13 32 26 20 14 14 32 31 34 33 12 13 14 28 34 23 26 12 17 22 16 24 15 12 27 27 23 28 40 13 13 25 11 36 20 38 22 23 21 12 32 9 21 
33 19 10 16 20 20 10 11 20 20 10 10 17 44 22 29 17 14 6 11 28 26 15 30 11 16 20 24 37 12 8 31 26 32 15 27 9 12 35 15 33 30 27 37 13 32 13 32 16 23 
29 11 6 14 18 30 12 12 12 33 24 9 22 25 26 23 28 19 20 18 17 12 17 32 3 9 17 26 44 13 17 26 20 20 20 38 18 16 18 15 11 34 29 18 23 27 13 26 11 19 
33 8 12 16 17 8 8 11 18 32 20 10 32 35 17 12 38 25 14 17 28 27 26 25 12 18 26 15 27 17 12 22 31 39 30 37 22 7 33 10 15 31 30 30 21 49 33 20 14 21 
18 18 8 17 29 28 14 12 25 33 19 4 25 22 26 24 39 16 11 17 45 19 11 21 12 19 13 17 36 12 9 32 21 10 20 27 19 13 16 8 24 32 12 34 17 37 25 25 12 12 
19 10 11 16 17 20 18 11 17 25 20 10 17 33 26 21 21 16 16 9 37 12 23 34 6 11 24 20 21 13 18 22 26 36 34 31 17 12 18 9 20 19 18 20 18 27 15 22 11 19 
23 8 6 13 25 28 16 9 22 30 15 12 24 31 23 36 29 11 13 10 32 19 18 32 8 4 15 22 39 11 9 27 29 30 24 27 13 9 30 3 17 22 17 24 24 21 22 30 14 25 
21 10 10 11 24 32 12 10 19 23 27 13 30 28 24 27 45 12 14 18 29 22 23 18 4 11 23 34 21 8 9 24 13 33 29 36 15 11 17 12 34 28 24 18 24 37 29 29 10 16 
18 8 11 13 19 24 11 17 13 20 21 12 31 29 30 29 35 19 10 13 29 29 20 15 10 16 21 27 28 18 7 25 22 34 26 30 16 12 19 13 32 27 29 32 21 37 14 19 11 14 

MachineCapacities:
MachineID Capacity
0 10
1 10
