NumTasks NumMachines NumScenarios
25 2 30
TaskDetails:
TaskID ReleaseTime ResourceConsumption SuccessorsCount Successors...
0 0 5 8 1 6 
1 0 5 2 2 5 6 
2 0 4 7 4 3 4 5 8 
3 0 2 5 1 7 
4 0 2 4 2 9 10 
5 0 7 4 1 7 
6 0 7 8 2 8 10 
7 0 5 9 2 9 10 
8 0 2 3 2 9 11 
9 0 7 4 1 12 
10 0 3 3 1 11 
11 0 6 9 1 12 
12 0 7 7 2 13 14 
13 0 6 8 1 15 
14 0 1 4 2 17 18 
15 0 3 7 2 16 18 
16 0 8 5 1 17 
17 0 8 4 0 
18 0 8 2 0 
19 0 9 7 1 22 
20 0 2 2 1 21 
21 0 9 1 1 22 
22 0 4 5 1 23 
23 0 2 9 1 24 
24 0 3 5 0 

19 13 20 19 19 19 15 7 10 31 22 31 18 8 20 16 6 26 22 17 15 34 22 16 21 20 15 19 31 37 17 16 12 15 21 20 12 32 19 31 27 18 19 20 27 20 32 16 20 17 
21 10 23 19 20 14 23 23 15 18 14 15 13 10 12 15 8 28 21 20 12 28 15 13 25 25 14 16 19 29 17 11 14 16 16 33 17 29 21 29 26 27 22 13 13 30 25 36 40 20 
38 12 37 27 18 10 19 25 15 27 10 20 25 17 6 14 12 25 23 28 19 29 13 8 23 28 24 17 35 27 23 12 9 30 17 21 8 23 16 21 28 31 24 10 15 27 27 30 23 17 
25 11 27 29 15 20 26 27 11 28 16 22 28 23 22 11 9 46 26 36 19 25 16 12 16 29 19 12 27 18 24 21 11 24 28 22 16 24 20 19 28 33 21 19 22 15 20 20 29 24 
23 13 22 26 21 9 31 30 14 17 12 19 21 16 18 14 10 20 12 26 16 25 15 18 29 28 11 13 27 14 16 13 11 19 16 25 9 19 10 23 18 15 21 14 26 17 20 18 24 20 
31 12 19 16 20 19 14 34 10 27 15 30 23 15 14 14 13 42 26 16 24 32 22 10 16 22 16 19 37 29 17 13 2 34 20 13 19 27 17 19 38 32 16 18 26 25 19 41 48 15 
29 12 20 14 16 16 23 37 9 23 19 29 16 17 15 10 13 30 24 40 14 24 14 11 50 23 13 13 42 16 29 10 13 23 17 22 16 27 17 26 30 29 14 20 21 32 14 29 40 22 
26 11 31 22 17 12 24 36 8 24 16 20 34 16 17 13 10 17 8 23 15 30 25 12 20 18 12 8 19 18 20 15 9 26 14 29 12 22 25 32 13 26 12 21 20 33 31 27 32 23 
28 14 24 17 17 14 23 19 13 24 14 22 27 18 16 14 15 32 22 16 11 22 12 6 21 15 29 13 28 40 29 14 12 29 16 25 14 26 16 33 36 19 22 27 18 11 19 21 16 13 
36 11 22 19 26 18 4 29 8 32 19 22 27 14 18 14 13 30 28 38 22 37 14 11 27 35 17 12 34 29 26 17 13 21 14 29 19 25 3 32 27 28 22 16 10 11 21 20 32 18 
27 8 26 26 19 15 23 47 13 23 22 22 16 20 17 12 11 24 19 26 19 28 17 11 22 26 20 11 41 36 23 9 4 12 23 23 14 23 27 16 43 23 13 20 19 32 17 21 35 17 
43 12 30 28 18 12 21 23 12 31 15 28 26 15 9 13 8 22 27 23 19 18 31 9 30 23 25 7 24 24 19 16 13 20 11 23 15 35 20 24 37 20 19 12 27 31 24 25 20 15 
28 17 15 20 18 9 18 23 14 24 20 18 15 10 15 10 13 23 24 24 24 11 10 11 14 26 18 12 34 18 20 12 12 30 11 24 13 25 20 15 48 20 20 16 27 38 10 14 33 27 
36 18 16 22 23 7 19 28 3 28 16 27 18 23 19 16 12 27 14 28 15 27 20 13 30 30 17 11 26 31 13 16 14 13 11 25 17 8 28 19 28 24 25 14 20 33 17 22 32 22 
30 16 28 32 18 13 16 35 15 27 15 26 19 17 11 10 6 28 18 36 12 35 14 9 19 48 23 16 18 22 16 12 11 28 11 36 12 24 22 20 22 25 33 17 22 36 23 25 36 19 
28 21 23 22 10 13 29 29 10 25 19 31 27 18 17 8 15 24 31 23 16 22 16 11 28 25 26 7 29 29 18 15 6 17 19 18 13 17 16 28 38 16 28 20 18 26 25 28 33 21 
36 17 24 19 17 12 14 15 10 22 16 36 13 20 21 15 17 39 7 30 8 16 21 11 19 36 17 18 35 23 17 14 12 10 12 15 5 19 18 25 35 21 23 18 18 21 15 36 17 15 
32 6 9 18 16 15 17 27 9 22 25 42 16 13 13 12 10 21 9 12 24 25 21 5 24 26 27 17 26 24 34 17 13 9 19 35 11 24 22 23 29 18 25 20 25 19 22 15 36 20 
37 15 23 20 20 8 14 23 7 17 27 25 19 17 12 17 6 23 24 28 11 42 9 13 28 27 26 12 42 34 30 11 14 15 15 29 9 23 21 26 37 22 28 14 17 31 22 30 29 18 
33 10 14 24 24 12 15 24 11 22 23 22 23 18 18 12 6 18 24 26 17 19 15 11 28 32 19 14 24 24 20 9 12 21 15 33 7 27 16 21 23 22 16 25 21 37 34 19 23 14 
28 15 13 22 14 12 11 39 6 29 16 36 16 10 12 15 9 24 16 20 21 36 16 15 14 16 20 10 34 22 25 12 5 15 15 20 12 21 17 31 5 13 32 18 29 34 20 20 33 24 
28 19 21 27 20 13 8 28 13 14 24 25 31 8 12 13 12 37 14 31 20 34 15 11 31 25 15 18 29 11 10 15 10 25 19 21 15 19 17 28 30 21 24 17 23 34 25 30 24 21 
30 15 27 17 13 17 23 15 14 32 6 14 22 15 22 12 2 22 9 21 19 24 22 9 7 29 22 17 41 25 35 16 10 33 16 21 13 14 24 22 18 13 13 14 29 16 22 33 30 18 
35 9 12 16 8 17 22 14 15 22 14 34 24 10 21 17 15 33 17 29 20 27 19 7 35 37 29 12 40 29 15 11 9 8 9 29 17 22 30 21 31 22 33 11 24 42 20 16 43 18 
26 25 25 22 11 6 29 30 9 18 13 23 18 19 13 11 9 18 17 23 19 35 14 12 15 10 14 16 24 32 36 11 8 21 15 10 15 21 25 19 41 19 31 16 21 41 26 29 28 18 
22 18 36 19 14 14 13 35 10 23 20 33 28 13 12 12 11 28 14 19 17 24 16 14 25 21 29 14 30 34 22 16 10 18 15 32 18 25 18 25 30 22 31 18 18 24 17 20 34 24 
34 17 27 32 21 10 21 34 15 10 16 44 19 16 7 12 14 25 22 27 24 15 21 12 32 21 27 12 44 8 29 6 6 20 15 20 13 23 26 20 28 23 27 18 16 25 22 19 30 18 
31 18 18 24 11 9 19 36 12 8 17 26 16 11 16 11 9 45 23 18 18 18 20 16 21 35 22 13 24 39 21 11 10 11 16 35 10 19 27 25 17 14 29 17 26 25 20 31 24 19 
35 10 28 30 17 13 29 25 10 10 17 31 14 14 16 13 15 24 19 28 17 36 12 12 29 31 18 14 29 18 26 18 12 21 21 20 14 19 15 12 28 18 29 13 18 42 27 21 34 26 
41 19 26 15 13 10 15 26 12 30 6 32 21 14 19 7 6 40 34 22 15 40 21 11 17 25 21 14 25 22 18 12 15 26 18 22 11 24 22 14 36 29 28 19 23 30 24 22 25 11 

MachineCapacities:
MachineID Capacity
0 10
1 10
