NumTasks NumMachines NumScenarios
25 2 30
TaskDetails:
TaskID ReleaseTime ResourceConsumption SuccessorsCount Successors...
0 0 4 9 3 3 4 8 
1 0 7 3 2 4 8 
2 0 4 9 1 4 
3 0 3 4 2 7 9 
4 0 3 4 1 5 
5 0 10 2 2 6 9 
6 0 6 5 2 7 10 
7 0 1 8 1 11 
8 0 5 8 2 9 10 
9 0 3 2 4 12 13 14 15 
10 0 4 7 1 11 
11 0 3 8 4 12 13 14 15 
12 0 1 8 2 16 17 
13 0 7 4 2 16 19 
14 0 1 9 2 18 19 
15 0 4 6 2 17 18 
16 0 7 8 1 18 
17 0 3 8 1 19 
18 0 5 9 0 
19 0 2 7 0 
20 0 9 9 2 21 22 
21 0 3 4 2 23 24 
22 0 9 8 2 23 24 
23 0 6 5 0 
24 0 4 6 0 

23 20 12 15 19 22 15 33 15 32 18 12 10 18 15 28 20 9 20 23 21 19 21 26 36 26 14 21 13 12 9 28 21 15 16 22 13 17 8 32 17 13 19 19 15 23 13 17 12 11 
25 18 13 22 16 14 17 31 22 16 24 20 15 23 7 31 18 11 18 12 11 16 20 35 24 24 18 21 10 8 22 21 21 20 24 15 20 12 42 26 25 9 22 15 14 25 13 28 15 8 
24 17 18 19 27 22 19 22 14 26 16 17 22 31 11 32 23 8 19 35 14 11 22 24 26 25 15 19 13 14 16 18 19 21 11 13 18 13 30 29 18 19 15 14 9 32 7 21 25 8 
13 11 16 9 18 14 13 19 24 22 15 15 30 23 10 20 19 13 22 28 12 23 39 26 23 32 18 19 12 10 22 21 20 17 21 11 31 7 32 17 43 13 18 25 11 27 12 33 20 10 
24 21 18 19 19 13 16 22 18 18 20 10 24 23 10 22 21 18 21 34 21 21 33 32 14 24 15 28 14 14 18 15 16 12 21 17 29 13 16 32 35 14 24 44 10 10 10 20 16 8 
29 17 19 10 17 14 18 15 14 17 25 18 25 19 11 42 14 17 15 17 18 16 43 17 23 24 15 21 11 9 18 12 17 20 19 8 31 12 32 18 28 8 27 28 17 20 11 27 19 8 
21 18 12 24 9 17 20 37 7 19 22 16 18 21 10 16 16 15 28 25 15 13 29 18 14 18 7 6 14 9 20 14 16 17 17 17 29 15 40 28 15 9 26 25 10 23 8 19 13 7 
35 20 25 16 12 12 18 20 13 15 24 13 17 33 6 23 21 17 16 23 26 16 22 13 35 35 17 13 16 8 16 19 18 21 13 12 18 14 36 26 15 14 15 29 13 3 11 19 19 7 
15 16 14 18 19 14 18 20 15 27 19 22 14 24 11 33 20 16 20 33 17 13 28 27 18 32 15 20 14 9 7 9 25 17 25 17 14 15 29 26 20 10 23 35 17 15 9 18 17 6 
16 16 15 14 14 12 18 27 12 22 15 8 20 26 8 24 26 16 20 40 22 19 40 33 35 28 18 9 12 8 31 19 16 11 26 20 11 15 31 39 30 16 15 23 15 23 9 28 19 7 
18 14 20 17 13 18 13 41 18 19 18 15 19 26 12 23 19 10 29 32 12 13 25 18 23 17 12 10 16 15 23 19 14 12 18 15 13 22 20 23 20 14 11 35 9 34 11 12 11 6 
23 23 11 13 18 19 17 24 12 30 22 18 24 32 12 31 20 11 18 17 8 14 26 35 25 27 13 14 11 8 14 24 23 11 13 12 17 11 31 28 31 18 20 31 10 20 9 7 14 4 
27 11 12 19 20 12 17 26 17 15 19 9 22 19 14 35 22 17 30 15 12 13 29 32 30 28 16 19 9 13 33 19 23 12 23 12 25 13 27 26 35 17 17 23 7 21 9 9 14 9 
19 21 12 19 21 14 20 15 18 20 9 11 24 28 4 33 14 14 16 29 21 19 11 22 35 30 13 14 16 8 15 16 20 15 20 14 19 13 31 22 25 16 20 23 18 20 18 21 13 6 
23 11 12 22 20 12 23 22 15 13 11 21 27 22 8 26 14 13 9 35 16 16 34 16 33 24 13 19 8 9 17 16 23 19 24 21 8 7 34 24 15 9 27 4 8 19 6 27 13 10 
18 22 16 8 19 11 21 18 16 17 15 13 24 18 12 29 21 17 27 19 25 14 13 21 18 30 20 23 12 16 24 19 21 14 16 10 33 17 14 25 34 8 21 33 15 24 10 23 20 13 
24 30 18 20 28 12 28 24 22 25 17 20 30 25 14 14 20 14 33 15 13 21 22 22 18 24 11 32 13 7 21 15 12 21 16 14 22 17 18 38 29 15 27 24 10 24 8 27 16 10 
14 22 9 14 11 13 18 26 16 31 26 21 17 36 12 16 27 13 11 19 12 8 20 40 32 19 16 19 16 8 20 21 18 15 22 16 22 25 24 30 29 8 26 26 8 27 8 13 19 7 
26 23 14 17 27 15 15 24 9 23 13 18 24 14 10 27 20 13 16 26 18 19 33 23 20 24 17 12 11 12 17 15 16 15 22 5 19 14 34 20 31 14 18 32 11 23 12 17 18 12 
27 13 21 11 28 14 7 36 28 23 26 14 15 23 10 19 15 14 17 21 21 11 24 27 25 26 13 14 14 11 18 15 17 13 9 13 24 14 46 32 20 11 28 23 11 20 12 30 21 7 
23 15 14 12 13 13 21 32 12 22 15 16 28 15 13 32 18 18 24 39 6 17 41 37 19 32 16 22 13 16 29 14 28 19 11 21 20 13 34 33 22 19 20 24 7 17 10 27 9 9 
22 19 19 15 21 21 24 13 18 19 14 9 24 13 5 31 19 17 23 21 13 14 33 32 28 26 12 26 9 21 20 22 16 12 23 16 19 11 38 31 40 21 27 27 10 26 15 24 19 11 
26 22 16 18 10 24 19 27 18 34 8 12 15 15 12 39 16 12 28 20 8 15 21 21 16 23 17 18 9 15 11 13 21 19 23 21 26 16 25 24 33 16 27 29 13 21 11 23 18 9 
26 23 15 19 19 12 11 21 10 26 23 14 18 27 16 23 16 19 28 24 9 13 37 26 24 35 13 23 10 14 21 15 29 12 15 8 23 12 38 22 10 13 17 11 14 16 8 19 18 10 
30 17 15 15 20 13 7 22 22 31 20 18 23 16 9 30 11 12 22 34 9 17 42 29 15 20 8 23 14 18 17 13 30 12 12 12 22 16 28 33 26 10 27 18 14 19 10 23 17 9 
14 19 14 20 26 20 12 27 14 18 20 13 13 18 18 26 16 18 31 35 29 21 24 38 19 37 22 18 13 11 27 18 18 19 21 11 22 8 29 25 18 9 16 43 6 19 12 22 12 6 
27 25 14 12 24 21 23 7 14 18 14 6 14 22 9 21 13 16 24 26 19 7 34 21 24 27 17 16 14 6 13 22 17 16 22 22 26 15 47 34 17 12 24 22 10 16 17 30 11 9 
20 16 8 21 28 15 15 16 17 19 17 19 18 22 10 23 23 15 23 14 27 19 32 24 26 23 14 19 9 15 19 26 23 20 23 14 22 17 39 30 29 14 22 27 13 13 11 13 16 5 
10 34 17 23 15 15 19 29 11 22 26 13 21 23 13 29 24 16 30 30 18 21 38 27 27 30 16 20 10 14 23 16 11 19 21 11 16 18 27 26 17 13 25 41 14 27 14 20 15 10 
36 20 17 16 22 19 27 24 14 22 20 16 14 24 15 19 10 13 28 21 14 22 23 29 28 30 10 12 8 17 13 15 30 14 16 17 20 8 25 23 25 13 16 30 16 24 10 32 15 8 

MachineCapacities:
MachineID Capacity
0 10
1 10
