NumTasks NumMachines NumScenarios
25 4 100
TaskDetails:
TaskID ReleaseTime ResourceConsumption SuccessorsCount Successors...
0 0 5 6 3 1 3 6 7 8 
1 0 3 9 3 6 1 7 
2 0 5 8 9 10 2 7 8 
3 0 3 2 2 8 2 5 8 
4 0 3 5 10 4 1 8 
5 0 8 5 6 4 0 
6 0 3 4 8 2 0 
7 0 4 3 5 4 0 
8 0 8 4 2 5 0 
9 0 6 1 5 8 5 15 16 19 20 21 
10 0 4 9 9 4 1 21 
11 0 9 9 4 6 2 20 24 
12 0 7 2 6 5 3 14 18 23 
13 0 2 7 4 3 4 21 22 23 24 
14 0 3 8 6 9 1 22 
15 0 1 1 8 1 1 23 
16 0 6 8 4 5 0 
17 0 8 6 10 6 2 22 24 
18 0 8 8 3 4 2 22 24 
19 0 4 3 2 8 2 22 24 
20 0 4 7 1 9 0 
21 0 9 1 7 2 0 
22 0 1 6 5 9 0 
23 0 9 6 6 4 0 
24 0 6 1 3 5 0 

51 13 34 19 23 31 15 27 21 11 27 24 12 13 23 26 21 18 21 12 38 20 11 17 19 23 31 36 28 33 17 19 17 29 19 7 22 15 16 18 23 36 30 19 35 38 13 23 22 9 35 33 21 24 25 30 30 35 18 8 24 19 24 22 23 16 33 24 21 21 22 24 10 30 34 41 15 32 36 21 29 25 18 27 23 20 32 25 12 24 20 22 32 27 20 22 20 27 21 13 
30 22 22 22 17 17 19 32 24 15 22 18 8 33 20 23 23 20 21 18 47 11 25 27 27 20 11 33 40 27 18 13 9 20 27 10 17 8 21 12 24 33 30 18 34 40 17 25 27 17 26 22 29 37 29 19 29 34 20 16 21 20 20 3 21 22 27 31 13 28 14 23 23 19 34 31 11 31 38 10 14 38 19 19 25 23 27 19 21 19 13 14 27 30 17 11 31 27 15 24 
23 15 25 12 20 9 18 18 12 16 20 23 11 23 13 17 14 32 24 18 31 15 10 19 28 17 14 21 18 46 23 13 20 16 21 23 21 17 20 18 22 27 29 16 25 32 19 15 28 15 23 20 30 38 21 20 24 28 16 20 14 38 24 27 23 23 21 26 12 30 24 20 16 31 48 19 14 26 37 18 26 34 21 19 28 24 23 5 25 18 18 15 38 22 20 19 28 16 25 6 
12 19 43 16 19 15 34 7 14 14 13 20 26 28 30 22 20 21 24 13 25 20 25 29 26 18 24 27 17 34 34 10 18 31 19 16 23 18 24 10 22 32 24 15 26 21 24 11 32 23 18 18 19 30 40 27 25 41 13 15 21 26 27 21 15 22 26 42 7 18 24 34 20 26 17 22 15 13 34 21 26 10 11 16 20 22 34 16 23 19 23 22 41 22 19 17 29 20 27 14 
24 8 31 11 20 31 15 20 20 17 26 21 13 30 28 22 26 20 18 13 37 18 17 27 16 20 21 20 23 22 34 20 7 33 21 11 37 25 21 8 23 12 38 18 24 34 23 20 47 27 53 23 32 32 32 34 27 26 25 18 18 30 18 17 18 6 9 33 25 22 25 25 23 26 35 23 17 30 26 19 20 19 19 24 14 30 31 13 9 9 18 21 23 28 17 11 20 21 17 11 
29 21 33 21 12 26 26 33 16 25 21 32 19 6 25 12 24 22 17 17 37 23 16 17 17 26 19 10 47 28 15 16 27 38 7 11 32 20 19 14 21 30 13 15 7 32 24 7 24 15 31 29 24 27 38 24 28 23 22 13 16 31 21 22 20 8 23 49 18 22 25 28 15 24 35 32 14 27 29 16 12 27 11 22 25 18 17 18 21 25 8 25 31 10 25 25 15 27 30 31 
28 20 17 16 14 14 24 16 30 15 18 26 14 14 29 29 19 3 23 18 12 14 36 22 17 22 29 21 19 29 30 21 19 27 10 18 26 36 25 23 22 32 32 15 33 24 12 21 46 13 37 28 37 27 31 28 23 27 17 16 22 42 16 9 12 20 19 36 9 40 31 34 22 11 38 25 19 11 36 13 14 31 10 10 17 28 39 18 12 31 7 28 41 30 14 24 25 26 21 15 
40 17 23 21 17 26 24 25 11 17 34 27 22 28 12 26 18 27 21 14 27 11 18 18 19 27 26 32 28 15 28 14 14 18 21 17 9 25 25 11 15 35 32 13 20 12 16 16 27 22 15 25 28 27 33 23 33 20 27 22 19 48 26 4 16 3 26 20 20 23 25 26 21 13 36 25 19 21 28 14 21 21 14 23 21 35 23 22 14 13 18 19 33 21 11 28 35 34 33 13 
35 13 27 28 19 30 25 38 11 15 21 13 17 27 20 19 14 18 10 15 27 17 24 35 8 26 16 14 22 42 19 19 26 28 15 18 33 24 24 20 28 18 29 14 15 29 8 24 40 19 37 34 26 24 27 18 28 28 20 23 22 34 19 20 23 19 29 39 24 43 29 21 15 22 23 27 14 24 26 16 14 31 13 11 19 30 24 14 11 25 23 23 38 24 15 23 18 39 26 15 
30 14 30 20 13 16 22 32 19 14 22 14 10 28 29 34 18 13 22 15 40 19 26 26 28 26 6 24 28 29 16 11 19 37 15 9 20 13 20 16 21 28 28 13 41 29 24 19 32 29 25 25 23 22 29 22 32 41 22 19 21 25 11 23 26 23 18 36 8 21 26 33 13 16 54 17 13 31 30 9 10 31 12 19 30 30 28 20 18 20 25 12 27 30 23 18 33 17 24 15 
26 19 29 27 20 14 11 37 22 14 29 17 16 12 24 24 23 24 15 17 30 15 23 22 27 18 22 31 21 32 28 9 18 15 18 18 19 12 13 10 16 36 13 20 16 21 25 24 40 24 34 24 15 27 30 20 19 39 16 32 19 31 28 1 14 17 23 25 19 32 32 15 14 19 38 18 12 25 23 18 26 22 17 22 17 30 26 18 16 24 26 10 21 27 19 26 28 20 14 14 
27 15 37 16 23 28 31 17 13 18 16 16 16 37 15 25 6 16 6 16 36 17 13 17 17 19 32 29 35 35 21 15 22 22 14 14 19 22 23 20 24 22 33 9 26 16 12 29 26 15 27 16 31 21 34 24 28 42 18 21 20 30 23 21 18 16 35 26 20 31 26 15 20 18 31 24 22 20 13 14 22 25 21 25 23 19 36 17 16 19 15 25 37 29 12 18 23 26 19 17 
34 16 30 33 11 16 17 34 27 18 35 19 15 34 23 25 24 28 11 22 28 21 18 19 17 30 25 37 38 20 16 20 14 29 15 19 34 16 22 23 12 29 25 16 33 32 16 15 26 18 41 21 26 32 26 22 22 26 20 19 16 27 37 24 22 18 21 40 24 38 19 21 8 29 39 16 11 29 30 14 11 28 11 28 20 21 40 16 21 27 25 21 30 29 20 25 27 23 32 24 
32 12 34 32 24 27 34 41 7 9 36 19 14 28 18 23 15 10 22 12 30 16 17 32 31 28 21 22 19 24 29 20 24 12 14 22 21 29 18 8 9 16 22 10 32 17 15 24 24 31 23 16 24 22 27 31 19 33 22 19 18 30 40 25 25 23 34 3 11 15 14 22 7 22 29 24 14 29 30 9 26 18 14 23 15 24 29 14 11 18 15 10 5 18 17 21 14 33 22 10 
45 17 26 24 16 25 22 27 12 11 22 26 19 25 13 25 7 22 1 18 42 12 31 29 9 11 21 37 23 7 24 12 20 24 20 21 19 19 19 10 20 23 14 22 20 27 19 29 29 13 29 16 11 22 35 27 25 7 16 21 19 25 15 31 17 21 21 53 20 26 20 12 14 21 27 21 17 26 28 13 15 19 18 13 31 22 36 14 10 25 19 11 26 16 23 19 23 21 6 14 
15 22 30 20 16 26 25 36 19 26 27 24 10 33 18 10 23 24 25 17 28 21 22 38 27 25 19 43 22 19 23 19 11 16 22 11 22 15 17 15 17 35 27 18 32 26 16 19 27 15 23 24 32 25 41 24 27 33 11 28 23 31 26 16 15 19 30 34 13 30 25 34 13 12 29 20 21 15 26 9 17 35 14 30 26 28 34 17 10 22 23 16 29 14 35 23 28 21 21 16 
41 14 13 14 17 22 29 34 10 16 33 30 15 22 30 24 21 33 12 21 35 14 19 19 20 17 11 23 27 21 30 8 11 27 20 16 23 23 12 18 10 11 24 17 34 21 21 22 19 20 37 20 20 23 10 14 36 27 26 30 14 45 29 12 15 25 22 23 22 25 27 33 15 26 36 41 4 25 45 11 34 26 17 25 25 24 35 28 14 15 8 17 26 21 13 22 18 22 14 12 
36 11 29 12 20 21 21 22 20 17 25 44 16 22 27 25 16 13 17 15 30 20 27 19 22 26 25 16 17 32 14 15 20 29 18 24 26 21 22 20 12 33 27 16 33 24 20 27 39 25 8 26 24 23 19 31 34 26 26 21 28 22 30 17 9 16 20 22 22 29 20 22 22 24 33 25 15 35 28 16 21 30 19 22 12 24 26 13 17 18 24 16 16 21 20 8 31 24 12 9 
20 11 31 8 17 17 21 26 16 16 28 16 7 29 24 15 10 22 23 16 36 6 18 32 19 29 28 26 16 30 14 17 17 25 22 19 25 28 14 11 27 35 19 13 40 47 14 16 28 17 32 25 30 29 36 22 33 24 23 15 18 29 25 22 24 18 28 13 20 24 11 21 8 19 41 21 7 17 32 13 28 23 20 14 26 19 23 17 29 22 15 11 32 23 15 20 26 18 17 22 
26 17 14 29 25 26 22 20 28 18 21 29 18 31 32 19 22 13 26 19 21 15 14 20 29 19 15 42 35 36 20 19 30 29 14 17 33 25 19 14 13 25 36 19 31 18 16 15 28 15 20 11 21 27 26 13 15 36 10 14 13 34 33 16 15 20 16 40 17 23 25 21 10 12 45 31 20 28 21 18 19 34 17 13 25 22 14 14 9 19 20 22 8 16 24 30 32 16 18 12 
40 14 27 28 19 26 28 27 13 7 18 22 18 15 30 18 11 30 27 12 33 22 25 26 27 22 23 39 33 21 15 13 25 23 8 17 19 7 21 12 22 40 27 16 41 32 25 24 40 19 44 15 31 24 19 12 21 51 19 19 19 31 27 11 21 20 20 29 15 30 23 22 19 16 33 20 22 15 29 20 25 27 17 14 33 21 34 26 10 22 18 19 18 25 21 33 30 18 26 12 
25 16 31 26 17 17 35 32 30 16 29 21 21 31 16 29 24 34 24 18 32 15 32 30 35 13 20 25 24 34 28 9 31 21 22 14 13 15 17 10 22 34 26 10 34 33 12 16 18 25 12 22 30 18 32 34 27 47 21 11 14 22 22 21 16 19 9 23 17 30 20 15 20 31 41 26 17 20 27 20 25 22 17 13 27 35 38 11 16 23 14 22 23 23 19 11 5 25 19 18 
32 14 25 13 20 17 16 30 17 16 20 21 20 28 19 19 18 30 22 20 45 19 10 25 17 14 24 38 27 38 21 21 13 14 17 17 28 24 13 10 19 28 28 17 40 44 11 21 42 16 23 27 14 34 38 27 32 26 28 17 13 24 19 16 18 22 17 36 14 25 23 29 14 16 34 22 23 23 37 17 17 28 16 20 18 44 30 14 20 24 8 27 31 11 21 23 20 34 26 10 
33 19 19 17 19 36 14 27 20 21 32 13 15 19 27 25 14 26 20 12 10 21 15 19 28 22 18 38 27 26 30 25 11 31 19 11 21 19 22 13 21 25 37 17 21 24 26 15 34 18 38 23 36 19 37 21 30 29 19 10 18 24 15 24 18 10 12 34 13 40 16 24 13 12 24 23 6 18 32 15 19 16 19 29 20 35 16 16 12 13 14 18 18 24 19 18 23 34 20 20 
25 10 12 21 23 17 26 23 19 16 26 21 12 41 20 18 17 27 18 12 35 12 26 10 22 26 17 27 25 35 26 22 17 34 17 16 18 23 24 12 21 23 28 5 34 31 12 22 36 13 22 17 13 31 17 16 16 7 12 22 9 33 16 15 20 20 14 35 14 48 23 12 14 19 34 27 24 21 26 16 16 15 19 28 15 34 34 19 14 16 24 11 29 31 18 26 23 31 22 14 
33 22 20 20 22 16 21 18 10 23 25 25 12 22 23 21 20 23 24 16 28 18 35 21 21 20 26 33 45 34 24 12 17 31 19 11 27 37 16 18 18 27 24 13 42 26 22 23 39 12 29 21 28 13 35 24 29 28 27 15 16 42 31 9 19 16 22 19 15 12 26 22 17 19 22 31 18 27 45 13 20 24 8 26 30 27 35 8 20 21 18 23 21 26 16 16 33 24 16 16 
27 18 23 22 19 7 33 33 11 13 30 26 22 35 14 21 21 27 16 20 38 20 21 24 16 29 18 46 22 31 24 20 20 31 11 17 18 23 20 13 23 22 21 16 7 39 17 23 28 20 35 21 28 27 31 19 26 24 21 18 17 18 28 5 28 25 17 38 12 15 17 35 20 18 22 29 16 18 44 14 25 17 13 31 7 16 26 5 18 23 12 24 31 35 12 18 29 16 24 17 
27 17 27 14 29 24 23 37 22 23 28 18 11 23 28 31 12 27 23 18 33 22 8 29 32 17 24 17 32 35 24 20 24 29 20 14 18 21 27 18 28 28 26 11 26 31 27 35 31 20 14 26 28 24 23 21 39 27 26 23 23 39 21 27 11 14 15 30 12 26 32 27 16 17 41 30 28 29 24 16 16 17 18 23 16 31 21 25 21 20 19 15 35 17 11 30 29 24 12 16 
36 8 29 18 17 19 12 12 11 9 31 19 12 26 27 24 17 24 18 15 26 22 30 14 22 17 22 30 22 23 13 11 20 35 21 5 12 16 16 19 27 35 23 12 13 30 14 21 31 25 44 27 25 21 34 19 24 17 21 17 31 36 13 28 21 18 29 10 28 34 20 25 15 25 38 24 8 28 34 17 28 22 23 30 23 32 25 17 21 21 9 13 25 16 18 16 39 25 21 15 
24 16 29 16 16 17 7 38 17 16 30 21 18 29 31 19 26 21 12 10 36 20 17 19 22 32 12 21 28 42 30 21 19 29 13 22 24 14 25 19 18 31 9 14 23 18 14 17 17 18 24 18 21 26 21 23 28 42 19 22 18 28 25 27 26 7 13 25 15 22 18 18 16 17 26 24 17 20 31 13 21 21 18 26 15 24 26 17 20 24 14 23 19 12 23 22 30 37 14 22 
29 10 24 31 24 16 18 27 19 14 13 29 18 23 22 23 22 20 21 17 24 7 29 23 8 19 22 33 29 30 22 18 15 26 16 12 28 30 22 13 14 20 33 17 18 38 7 19 29 22 32 26 27 22 27 30 22 33 18 18 19 39 23 21 16 18 20 18 16 41 19 27 14 24 28 15 20 25 35 10 21 26 14 24 27 30 15 15 17 27 19 21 33 32 13 22 22 22 29 21 
23 19 26 26 13 11 22 35 25 19 25 16 10 26 24 20 22 18 25 14 27 24 37 16 16 24 12 29 24 38 26 15 19 27 21 16 32 38 8 11 10 12 29 13 33 20 14 14 45 23 18 17 23 40 26 25 20 15 18 24 19 33 35 33 24 12 21 37 19 26 23 21 22 23 44 29 14 23 22 19 10 28 16 21 19 22 37 19 16 19 15 13 33 21 17 16 29 22 24 20 
16 22 21 23 17 30 25 31 18 15 24 27 17 8 16 30 29 22 32 19 29 15 18 20 22 25 18 32 33 26 23 22 12 22 17 18 16 21 24 7 13 29 28 20 16 24 12 13 47 7 25 29 28 28 28 8 30 47 21 28 21 22 31 13 11 21 29 31 15 35 25 30 15 19 28 12 12 32 29 14 29 32 17 15 33 23 31 10 25 11 14 20 27 15 19 25 23 26 21 19 
20 9 33 16 23 31 18 27 25 16 10 33 13 19 17 15 23 32 21 17 13 20 23 19 17 20 20 24 26 34 17 16 24 30 20 14 21 20 22 18 13 13 21 8 23 31 20 16 23 18 36 12 30 21 30 16 26 40 15 29 25 34 16 26 21 23 14 29 18 32 13 18 15 23 17 23 8 19 35 13 20 33 11 24 24 36 25 12 22 20 16 19 31 27 14 24 20 29 23 15 
39 16 29 28 13 9 19 35 9 24 24 30 15 19 29 26 21 26 17 17 32 9 18 27 13 15 30 24 19 33 14 12 28 33 2 20 30 31 23 18 23 23 30 12 18 16 29 14 28 26 20 15 33 30 30 20 37 24 20 27 22 32 33 28 17 19 20 36 20 17 28 31 23 15 32 16 27 17 27 14 23 15 11 23 28 17 35 20 18 18 16 24 27 16 15 25 38 24 30 11 
31 15 32 18 21 21 26 24 16 17 20 21 27 18 26 31 19 24 12 20 35 15 11 12 36 11 26 22 43 29 23 22 19 15 20 12 29 21 20 8 15 28 24 18 17 30 17 24 31 21 46 21 22 16 30 27 21 39 18 21 19 19 37 16 23 21 26 40 22 42 21 17 16 21 37 35 14 37 20 12 25 36 11 17 28 27 26 17 14 20 14 25 34 31 21 31 14 23 15 14 
29 12 34 28 11 21 23 34 21 11 29 16 18 13 25 23 15 21 15 12 6 18 28 27 29 21 17 27 33 25 16 12 22 26 20 15 19 22 21 13 16 22 22 3 18 34 36 23 30 21 24 27 17 27 39 20 26 32 20 33 26 22 14 20 16 26 21 29 21 33 24 21 17 31 32 29 25 29 35 18 29 29 13 19 19 11 23 24 6 20 14 23 34 18 17 23 31 25 21 16 
27 10 27 25 21 22 3 25 23 14 23 19 19 29 21 18 19 19 23 9 28 18 21 20 20 24 30 47 22 60 29 18 13 40 14 16 24 19 13 13 25 30 20 12 39 36 14 17 32 31 26 15 9 27 30 20 29 30 16 21 15 17 33 19 20 16 24 29 21 37 35 37 13 12 21 25 9 21 35 11 17 24 13 18 16 29 18 10 22 21 24 28 18 16 27 19 29 19 22 16 
27 22 32 30 29 24 29 13 18 18 25 27 19 16 18 30 16 23 28 23 29 19 33 28 14 25 25 27 28 16 17 12 29 27 22 21 12 20 13 7 22 24 14 13 16 30 15 19 16 12 20 19 25 19 23 39 25 22 9 15 23 38 30 10 20 18 21 30 20 44 25 36 18 29 49 30 11 13 32 21 9 26 17 24 31 21 32 12 23 17 19 14 35 23 16 29 38 21 33 12 
21 10 18 15 24 27 15 19 15 16 20 26 6 7 19 17 14 25 28 9 13 11 34 20 26 22 26 39 28 30 30 23 10 29 12 7 34 20 16 14 26 32 20 11 26 30 18 23 22 18 35 22 27 24 19 22 29 34 20 13 17 16 26 21 15 18 25 23 22 14 34 33 13 26 31 21 20 15 21 18 18 21 22 30 27 26 29 24 14 12 16 17 23 10 24 25 29 14 13 16 
22 18 22 19 24 21 30 26 19 22 14 33 9 7 19 15 17 8 22 27 43 29 21 23 35 19 19 44 11 27 19 17 26 20 22 10 12 20 20 19 16 23 5 15 29 21 13 25 22 16 21 26 22 6 29 33 27 37 14 46 20 22 30 30 15 23 22 33 20 9 29 26 13 22 24 20 20 26 23 18 13 40 14 26 25 30 13 16 16 23 9 18 20 19 14 9 25 18 18 20 
33 14 20 21 24 24 17 39 24 25 28 23 19 36 29 20 19 18 25 21 28 14 23 12 8 16 20 37 28 15 20 15 21 41 23 13 20 31 21 12 37 30 26 18 15 40 10 12 20 22 15 22 18 23 26 14 35 42 23 9 19 40 27 25 10 20 13 37 23 29 19 32 20 10 35 18 20 9 28 13 11 42 13 25 16 29 25 18 8 25 6 15 25 22 20 22 37 10 29 22 
11 13 29 20 16 20 10 27 29 17 16 19 16 9 27 15 19 24 12 20 21 15 29 17 18 17 26 44 32 22 28 10 21 34 13 14 25 25 22 24 16 23 15 11 25 47 16 29 25 21 17 25 29 22 15 32 6 25 24 23 20 41 18 23 24 19 13 29 11 15 36 21 14 22 5 29 22 29 28 16 29 24 16 20 8 23 26 17 13 20 19 19 33 18 23 24 28 20 22 15 
27 12 14 25 18 29 25 32 12 23 21 18 7 15 31 22 17 21 18 15 34 21 23 23 25 23 19 36 20 22 24 15 19 33 13 9 23 20 20 15 40 31 18 15 22 35 18 26 32 18 14 22 25 28 37 25 28 17 15 22 20 27 31 21 14 16 27 27 14 37 20 25 19 18 45 16 15 14 36 17 16 15 18 25 23 19 25 19 23 14 25 17 38 19 15 23 20 27 36 11 
19 19 26 29 21 11 20 37 18 19 28 23 16 32 22 21 26 17 14 9 43 17 15 26 21 18 33 31 24 22 21 19 14 27 7 14 30 15 23 14 18 15 32 11 37 24 23 20 34 22 29 37 26 27 11 19 23 27 17 29 20 15 27 27 25 12 16 36 19 21 27 22 18 25 27 23 18 23 52 15 19 19 15 34 26 12 30 18 27 18 17 15 12 29 24 29 14 8 19 21 
8 18 25 23 17 36 23 36 23 19 12 24 14 25 27 16 27 15 12 19 12 18 17 20 10 26 14 35 25 21 21 13 20 15 13 13 12 24 23 13 7 26 28 15 35 11 11 22 29 25 41 30 19 23 43 23 15 39 19 14 16 15 24 23 25 15 34 21 13 31 27 27 18 17 35 25 17 35 23 16 16 33 19 26 12 21 54 22 27 17 18 18 31 21 15 27 31 28 12 20 
29 11 27 5 23 26 22 25 19 19 24 28 15 12 27 13 31 25 14 18 39 24 20 25 18 15 18 26 38 25 22 19 25 23 24 19 27 34 32 14 26 23 29 20 30 28 25 18 23 20 42 24 37 29 33 29 29 17 24 19 25 31 31 3 19 19 21 29 20 24 32 22 21 12 14 23 20 25 22 11 23 26 15 25 14 23 24 20 23 19 17 16 42 27 28 22 34 22 20 30 
23 16 20 20 25 18 20 21 12 9 31 29 17 20 14 29 23 21 19 18 38 17 29 29 13 28 30 32 41 9 20 21 23 24 11 19 25 25 15 17 30 33 26 18 26 37 18 18 35 22 32 23 27 30 38 20 43 25 11 20 20 28 32 15 12 20 28 35 17 19 22 33 12 16 31 21 5 15 28 21 27 25 21 24 27 28 28 19 14 19 16 21 31 23 20 23 29 16 25 16 
34 15 25 15 21 31 30 19 19 23 14 6 9 26 18 19 23 23 16 22 38 30 21 23 34 31 19 27 30 33 22 11 29 39 20 16 27 24 22 22 22 34 23 20 33 23 17 23 14 18 22 25 8 17 23 23 16 39 22 14 15 26 28 16 22 16 22 31 18 34 30 15 15 29 32 25 12 22 27 22 15 23 20 16 19 24 35 18 16 20 19 28 42 28 14 15 28 16 17 26 
32 18 29 24 20 27 17 38 19 15 42 22 16 23 17 31 21 13 20 11 24 20 18 20 24 25 11 23 19 29 25 9 29 37 19 20 14 18 26 9 17 35 24 12 31 33 13 21 38 20 31 12 32 37 17 21 35 43 16 23 16 15 10 27 12 13 23 39 23 11 23 19 9 21 49 18 20 29 36 15 24 16 23 31 8 19 11 24 14 15 8 20 28 31 23 25 31 21 27 19 
34 18 15 4 18 15 25 23 16 17 36 32 19 12 25 19 13 29 8 17 15 18 26 21 22 23 27 44 40 25 14 16 20 14 23 16 30 22 22 9 8 27 23 16 26 39 24 17 23 21 46 27 27 25 23 25 17 46 23 23 29 36 24 8 19 28 20 32 27 36 38 35 10 29 29 35 18 21 44 12 13 13 18 12 30 15 20 25 21 16 17 18 22 32 6 30 31 23 27 26 
34 9 19 21 19 32 18 30 9 19 19 20 14 30 19 10 24 16 24 19 45 17 22 17 21 24 27 25 33 16 16 22 19 13 14 23 28 18 27 14 21 31 22 17 31 20 13 28 28 11 7 25 25 24 24 25 37 33 26 21 15 27 22 12 25 21 24 44 20 33 26 27 16 27 32 38 19 25 14 21 30 21 15 20 28 32 20 18 14 17 11 9 41 26 19 14 12 26 21 8 
33 15 19 11 19 24 20 33 17 24 24 24 15 15 25 26 14 20 22 14 32 12 26 27 20 18 23 41 31 18 33 12 14 20 19 10 36 21 29 9 15 26 30 15 34 27 12 29 34 23 35 28 26 25 31 29 31 23 18 18 18 24 24 20 23 19 16 18 10 14 14 14 26 22 4 12 19 17 43 12 25 24 8 24 24 19 37 12 17 18 14 14 21 22 23 12 36 23 25 16 
30 14 18 15 30 18 28 25 19 15 28 30 17 26 23 23 12 27 21 13 43 23 13 22 32 31 22 39 26 31 16 19 14 28 21 19 25 19 25 11 23 25 6 13 41 40 12 15 22 17 41 15 23 33 46 22 33 31 15 31 16 28 16 14 16 27 26 32 19 28 14 24 18 17 23 37 13 11 12 22 26 17 9 16 15 23 11 16 19 21 15 23 14 19 21 17 27 24 20 13 
54 9 29 10 16 26 21 14 11 24 19 24 10 22 18 20 26 34 17 16 29 19 22 25 35 18 7 28 38 39 14 16 23 31 10 13 30 22 17 17 27 23 39 19 28 29 20 15 36 22 25 19 23 37 43 30 28 29 21 21 24 35 22 19 30 15 10 39 22 30 21 25 15 22 38 19 23 28 21 17 20 19 14 28 24 37 27 21 13 19 22 18 23 18 15 17 29 19 18 22 
14 16 36 20 31 28 17 20 8 13 18 35 21 21 28 29 15 11 32 17 34 22 21 18 33 30 22 31 30 35 30 25 20 36 13 22 15 18 27 14 19 15 19 19 19 38 14 17 40 21 19 17 25 35 30 17 24 31 28 24 11 28 26 13 17 20 32 42 26 33 24 22 18 19 17 34 10 24 26 22 9 28 8 38 38 6 37 13 12 17 17 19 22 14 18 22 20 22 21 13 
21 20 10 28 21 17 14 32 18 12 33 24 18 31 24 26 14 11 21 21 35 22 23 27 28 25 9 17 45 29 18 22 22 25 20 12 25 23 25 21 14 25 30 13 42 35 16 17 31 23 19 17 18 28 32 10 41 26 16 12 21 26 27 27 17 13 13 19 23 36 18 18 16 22 15 17 22 25 27 7 21 31 10 24 11 26 21 8 19 20 23 15 33 17 27 32 41 14 20 10 
30 17 29 23 16 24 25 26 32 23 26 19 15 29 25 14 19 26 22 24 31 23 24 23 18 29 11 46 21 48 32 25 14 32 19 15 26 21 26 14 31 30 39 17 32 30 14 18 29 7 39 16 31 20 22 20 14 36 9 18 28 32 33 31 17 17 14 24 24 21 17 36 19 23 41 30 12 18 26 14 25 26 16 17 21 36 51 16 11 24 12 14 38 22 16 19 16 24 19 15 
42 19 26 14 21 19 22 26 19 29 15 29 14 9 32 20 15 25 8 9 39 18 14 9 28 27 13 37 40 30 16 14 13 41 28 20 31 16 25 14 22 40 30 13 19 20 7 25 31 17 27 25 37 34 28 26 30 23 20 26 22 25 7 15 13 15 23 34 15 28 18 36 17 19 44 27 14 23 43 17 24 22 17 14 31 39 27 23 14 13 22 17 27 12 16 20 16 21 17 8 
32 22 24 16 15 15 31 43 20 15 15 21 14 24 26 29 23 20 25 11 26 12 10 18 20 23 21 31 22 24 25 20 17 39 21 15 35 16 26 20 9 30 23 21 17 32 14 30 24 13 20 19 33 28 24 20 31 32 9 19 15 40 32 16 27 23 31 38 4 41 23 21 18 17 36 28 10 19 25 17 15 21 14 27 16 21 27 18 20 14 21 20 17 25 20 25 26 19 16 15 
36 9 26 14 8 34 21 25 16 14 20 26 17 32 14 21 13 17 21 15 39 21 16 34 24 22 29 29 36 31 22 18 23 27 14 15 35 17 17 14 26 6 22 12 15 35 20 15 23 20 21 27 19 24 29 15 29 29 32 18 24 27 26 21 7 18 18 25 20 35 24 39 8 20 27 15 16 32 22 12 18 33 7 38 35 27 23 21 27 24 22 21 33 16 24 21 31 26 15 20 
23 8 27 17 25 24 24 41 23 20 33 14 17 33 19 14 13 24 24 17 19 12 7 16 32 16 28 39 14 36 26 19 24 24 22 17 11 22 26 13 16 21 29 15 36 22 17 6 33 12 27 35 14 32 34 22 31 22 21 22 20 42 24 20 18 8 15 45 19 21 24 22 14 30 24 26 6 19 33 19 15 21 19 24 26 23 21 23 28 30 9 12 25 23 18 29 31 28 18 26 
31 16 15 18 19 30 17 21 12 24 3 17 18 23 33 16 20 20 23 16 42 9 24 15 17 18 25 35 30 33 29 19 10 25 21 19 36 21 19 16 20 36 28 11 30 34 23 24 37 23 38 14 26 18 25 19 32 31 19 25 15 31 25 16 12 19 20 30 14 24 26 20 12 26 38 16 26 28 30 20 28 23 12 21 26 31 35 11 15 20 24 18 31 26 17 26 26 20 16 23 
42 12 11 20 21 12 20 15 12 7 34 20 14 22 30 31 11 13 15 15 45 17 25 25 16 13 16 30 25 28 20 13 13 23 21 13 32 21 21 16 14 30 13 15 14 26 13 14 24 21 43 16 15 25 25 22 31 25 17 31 11 25 22 35 18 14 21 45 22 34 20 24 20 17 29 23 16 24 38 14 22 26 15 22 18 22 37 28 15 18 20 24 42 20 20 18 25 25 19 20 
17 19 29 15 24 20 23 39 20 29 28 24 17 35 20 19 25 27 15 17 41 8 30 22 26 20 30 28 29 31 27 13 18 12 20 12 26 25 13 12 33 33 32 19 26 37 22 16 31 17 21 28 14 26 34 13 33 22 13 17 17 28 9 25 21 18 17 37 24 31 26 23 9 30 26 26 20 20 32 18 25 40 11 21 26 19 29 28 18 23 22 17 33 29 16 29 23 23 28 18 
38 5 22 17 15 19 31 34 20 11 27 21 22 19 15 20 21 21 20 13 35 11 23 28 24 24 26 40 41 27 18 14 15 21 14 16 30 27 19 15 21 37 21 21 26 34 15 23 36 23 39 20 18 25 26 15 34 21 18 13 23 36 34 15 7 20 19 34 17 10 30 14 14 23 38 22 19 34 34 16 11 20 13 25 19 25 17 15 18 12 8 15 31 15 15 13 31 18 20 11 
27 15 38 23 16 17 27 29 15 13 36 22 13 22 17 21 34 22 9 15 26 14 25 19 27 17 9 19 22 43 20 10 16 23 13 12 21 18 13 13 28 19 17 8 27 30 13 15 22 12 12 28 30 22 42 14 27 31 17 23 21 26 25 21 19 11 20 32 15 22 31 16 20 18 27 25 25 15 38 10 23 28 10 21 26 22 14 20 16 14 18 22 26 29 9 30 34 14 10 17 
20 10 27 16 14 22 18 32 26 9 29 30 17 30 30 9 26 19 22 21 18 21 24 24 31 22 22 40 35 35 31 16 20 18 13 21 35 29 23 12 19 15 26 12 37 29 12 16 39 24 24 23 23 30 23 17 21 33 16 21 23 22 26 29 17 20 21 23 24 23 32 33 19 31 18 27 28 13 30 22 21 38 18 18 22 28 29 17 6 17 16 13 38 29 23 24 30 24 28 13 
15 19 31 16 25 37 26 23 17 22 20 23 19 24 17 20 20 16 23 15 28 15 13 16 27 22 28 47 27 25 26 15 21 23 26 10 25 16 21 11 12 22 18 17 21 39 15 27 30 4 40 29 22 26 25 13 36 23 28 8 19 21 29 19 12 21 25 48 21 43 20 29 19 22 25 28 16 29 33 14 17 33 13 26 19 14 20 7 10 14 7 19 24 24 19 26 25 16 21 17 
28 18 34 16 7 18 18 26 18 26 22 10 21 28 19 18 16 26 24 24 54 17 19 24 24 25 15 40 33 31 28 16 21 21 20 15 22 17 21 13 29 16 27 20 39 28 20 34 29 13 32 24 35 6 33 14 21 49 23 16 24 44 17 20 25 19 32 26 17 25 36 27 17 26 33 38 12 12 22 20 22 13 14 13 31 29 36 11 16 19 14 21 21 31 27 15 21 11 14 18 
25 16 23 26 28 13 29 35 18 18 27 24 12 32 24 14 20 22 17 10 25 19 27 32 22 22 10 8 37 43 29 23 18 27 19 20 31 29 19 13 20 31 26 14 22 18 24 18 39 12 41 24 21 28 47 9 40 18 13 19 17 31 33 16 15 13 26 48 23 27 29 32 14 16 31 36 17 29 25 17 18 21 22 23 25 19 21 16 16 19 26 20 36 24 16 18 19 20 19 17 
29 17 28 25 20 25 27 42 18 16 30 24 9 12 10 21 20 31 29 21 32 19 18 26 30 25 22 28 46 37 23 9 25 33 15 13 27 14 14 16 14 22 23 15 15 28 25 12 41 14 28 22 26 30 38 21 29 44 28 17 14 46 17 29 20 26 31 36 15 33 13 20 14 28 32 17 15 21 34 16 19 30 20 26 27 23 21 21 12 28 16 15 38 13 19 16 33 14 17 14 
27 26 24 17 21 26 19 47 14 20 23 17 11 14 20 23 14 15 28 17 34 19 17 28 23 11 14 36 11 40 20 13 21 18 14 15 21 5 19 16 11 41 27 18 42 34 19 29 32 28 34 32 29 34 23 28 25 42 29 19 22 29 36 19 17 22 11 33 16 20 22 33 14 23 25 13 25 24 31 19 20 18 16 23 19 9 23 23 15 21 6 26 38 19 25 21 25 18 21 26 
22 21 29 26 21 26 13 47 7 23 13 23 21 35 24 27 15 22 31 16 32 10 14 18 32 19 16 23 19 29 11 15 16 30 21 13 30 31 16 11 24 22 21 20 36 34 28 21 38 23 26 22 28 26 21 31 21 34 17 17 17 43 29 19 6 12 24 41 23 38 33 6 8 19 34 16 10 26 24 14 22 21 21 24 14 28 24 18 23 24 17 19 24 20 18 16 18 18 19 7 
32 15 25 21 23 21 20 11 16 20 21 27 11 18 23 20 21 29 16 22 35 16 15 16 30 26 21 7 31 25 28 20 15 37 12 13 32 20 16 17 26 17 27 12 26 21 13 19 26 20 20 30 15 31 19 23 33 20 19 17 16 29 9 21 20 18 33 38 21 40 31 31 13 18 25 36 30 28 18 21 22 27 19 40 31 27 35 25 17 18 18 25 38 26 20 17 14 22 28 14 
36 19 25 20 16 23 25 38 25 20 23 24 13 28 14 21 16 21 14 9 38 23 11 18 16 22 21 29 38 23 13 12 18 23 13 26 21 23 27 17 22 33 35 11 26 36 26 15 27 19 26 29 34 21 27 27 29 46 23 15 11 24 24 23 22 21 28 27 8 22 30 33 10 19 23 28 9 27 37 17 14 23 16 27 28 40 32 23 9 16 11 25 22 13 15 25 30 23 20 21 
39 20 19 26 22 11 12 27 5 18 10 36 23 15 20 25 32 16 20 22 16 18 25 12 21 24 14 19 43 33 24 15 13 17 12 18 23 23 19 19 15 37 32 20 29 23 14 15 29 17 25 16 10 8 31 24 7 34 14 21 21 21 21 25 17 11 33 24 18 22 31 22 20 20 27 44 13 29 35 19 24 43 18 24 24 33 12 21 20 17 6 30 24 23 14 17 26 32 14 12 
27 10 28 18 13 21 13 46 14 17 20 24 20 33 21 22 15 35 28 11 25 27 12 14 25 10 26 15 18 18 23 17 25 33 14 9 35 17 13 13 26 27 16 15 26 24 18 20 34 14 33 15 19 28 30 13 24 10 15 12 18 13 33 14 16 25 29 37 14 22 33 26 13 14 19 18 16 26 39 22 26 15 17 17 33 28 30 26 14 24 15 9 16 25 15 25 32 11 26 18 
35 13 29 20 12 27 18 20 14 11 23 29 16 25 19 22 18 20 22 10 25 28 16 31 27 31 18 29 12 28 19 8 23 33 16 11 28 14 20 10 30 27 32 11 21 15 23 23 37 17 13 19 27 29 41 13 24 20 16 19 23 36 34 24 12 10 20 10 18 35 18 20 14 20 32 20 16 24 32 14 19 20 21 21 31 27 31 14 21 21 19 15 24 27 18 23 37 19 17 17 
29 17 26 12 10 27 24 29 22 16 15 14 20 24 16 15 32 14 24 16 34 20 20 17 28 20 27 34 8 19 18 16 18 13 13 16 25 26 19 17 24 32 28 14 18 50 16 15 31 20 22 32 20 42 29 31 28 40 18 16 26 22 16 10 23 24 20 31 23 25 23 35 17 21 28 17 15 25 25 22 27 22 14 28 26 24 40 11 13 19 18 17 18 29 12 26 22 10 19 21 
32 15 30 32 23 16 20 33 18 10 33 24 11 10 20 17 32 32 21 13 25 17 26 33 19 22 21 30 22 28 15 21 18 25 15 17 17 20 16 20 27 28 29 22 45 27 15 12 20 15 25 19 23 22 23 26 26 33 24 23 28 32 26 13 21 22 23 32 12 33 37 18 10 12 26 19 15 11 36 17 22 28 25 20 25 21 30 13 21 21 21 28 38 17 20 13 21 24 18 16 
32 15 22 22 15 23 7 26 20 17 20 18 18 19 27 30 29 14 18 18 33 19 26 20 20 20 17 20 34 42 35 17 14 13 23 19 31 19 16 19 24 23 23 14 30 31 20 12 29 16 13 25 30 18 33 18 17 16 25 22 13 51 34 25 21 23 21 26 24 30 25 28 17 22 22 24 21 30 19 12 20 35 22 24 18 31 24 25 16 10 12 27 35 20 24 30 14 23 19 23 
35 19 40 13 27 17 18 21 22 17 27 22 17 24 20 22 18 20 18 19 27 20 20 26 12 26 13 31 18 20 20 12 15 31 23 13 37 24 22 16 17 9 23 15 40 22 19 15 24 20 34 29 20 27 45 28 30 31 19 22 23 42 28 26 10 27 16 38 21 29 24 12 19 14 35 27 17 23 28 13 20 17 10 18 17 18 40 20 19 21 20 16 41 23 8 25 22 19 16 11 
36 12 29 13 21 30 11 18 17 21 22 22 18 22 27 20 16 25 19 17 29 14 13 22 21 22 26 38 45 29 18 19 20 16 15 19 27 9 23 22 21 27 24 13 20 35 22 37 33 11 35 36 31 39 24 20 38 40 22 12 27 36 32 32 19 26 24 33 18 32 26 29 18 17 22 35 13 28 18 13 23 22 18 27 23 30 15 22 24 9 11 20 34 16 19 24 18 19 22 21 
18 13 27 22 23 22 23 16 12 21 19 20 14 17 12 18 20 25 11 19 33 17 26 30 18 31 24 33 28 33 31 17 20 23 19 14 32 24 27 19 22 25 20 14 25 28 22 11 60 18 29 16 29 23 25 12 26 51 24 16 18 26 18 16 27 16 33 11 8 28 33 15 20 15 54 20 19 24 24 17 19 22 16 21 28 27 37 9 10 25 23 20 22 33 19 22 17 31 23 12 
35 11 27 27 19 32 26 34 17 12 24 15 14 20 17 27 19 33 8 18 47 18 27 10 22 19 25 35 32 34 21 19 21 26 21 11 20 17 21 13 26 27 31 18 34 25 22 10 34 28 28 36 29 13 35 16 26 26 20 22 19 23 22 22 23 20 29 41 21 35 19 31 17 23 18 24 20 18 32 14 21 22 12 18 13 26 27 25 15 18 16 18 32 23 18 30 20 32 15 20 
36 18 13 17 10 17 21 16 31 10 29 24 14 25 13 24 17 22 29 14 36 20 27 29 37 21 15 38 27 32 21 14 13 25 25 12 30 18 19 15 22 32 30 20 31 15 26 21 36 21 35 31 14 24 26 28 28 20 22 6 17 10 36 31 25 18 22 23 16 34 33 20 12 19 42 29 22 16 27 21 25 27 8 24 12 23 34 15 20 27 12 12 36 23 18 4 29 25 30 9 
30 14 25 20 29 31 17 41 24 15 31 31 16 17 27 17 17 29 24 14 15 22 19 33 20 27 27 42 27 27 20 26 16 21 16 25 17 27 23 13 32 27 40 12 37 14 16 17 15 23 39 12 19 32 23 27 25 26 15 16 8 23 27 14 20 20 20 15 21 27 25 26 19 22 29 27 21 18 12 19 15 23 20 34 21 29 32 26 24 13 16 17 4 22 30 37 19 16 17 11 
10 13 28 18 17 21 31 27 17 27 23 20 17 15 20 21 12 19 28 15 32 25 26 37 14 16 28 40 35 31 18 17 15 38 22 12 19 28 30 19 24 21 27 7 21 18 23 16 24 23 26 24 15 31 21 32 37 26 22 20 20 18 20 16 17 17 17 30 22 19 24 14 21 23 34 17 15 31 20 13 18 26 16 24 31 30 40 20 15 22 18 21 18 11 17 23 34 24 21 13 
28 17 37 19 11 22 27 36 21 18 30 13 12 24 20 19 16 15 26 21 41 14 24 32 25 19 23 29 44 25 15 13 14 34 16 8 13 24 20 12 22 36 32 11 23 29 19 31 25 18 34 28 28 29 27 26 21 38 19 17 14 36 24 17 21 19 17 28 25 10 22 32 10 16 30 21 16 24 23 16 21 17 19 28 16 19 24 17 11 19 23 19 29 39 13 21 29 26 16 19 
35 17 35 17 22 15 24 22 28 17 23 17 23 24 23 26 24 27 19 13 20 20 10 27 25 13 19 46 26 23 13 10 20 25 19 12 19 20 17 17 23 45 22 16 21 34 10 26 19 30 19 23 36 38 28 14 29 56 15 11 27 39 23 20 7 25 21 21 16 13 34 22 14 14 28 28 20 19 23 18 11 25 19 15 25 34 10 12 7 17 24 19 32 17 21 17 31 12 16 22 
26 8 20 23 17 17 25 26 19 9 27 26 18 26 21 25 26 26 31 14 30 15 22 30 27 24 20 27 23 48 20 16 18 26 20 15 14 11 26 27 15 29 12 15 36 25 9 26 32 19 26 25 20 35 29 35 11 43 18 25 27 48 20 28 11 18 19 19 23 14 27 22 11 19 30 28 24 36 36 18 20 41 14 19 28 19 20 21 17 22 9 32 22 22 24 21 24 27 22 22 
22 20 19 19 19 11 26 28 16 14 27 19 15 12 26 9 13 24 25 11 21 13 28 28 15 27 24 19 36 24 26 20 12 32 11 12 21 12 23 10 30 24 18 23 25 36 20 15 43 24 27 21 37 34 40 23 40 29 29 14 17 26 21 10 23 18 6 24 14 29 31 33 16 27 37 21 7 22 23 15 20 19 18 23 26 14 30 8 16 16 22 24 40 26 22 24 25 25 24 22 
34 18 33 24 23 15 14 17 17 23 23 12 16 24 26 25 24 13 19 9 32 10 20 34 19 19 29 25 25 20 25 13 25 28 15 13 24 17 15 18 16 14 19 15 23 29 16 19 33 25 32 15 21 22 35 25 28 31 22 21 20 33 34 33 20 9 24 30 25 23 27 11 16 21 34 27 25 19 35 14 9 32 9 22 14 20 8 11 18 26 5 16 45 29 16 25 27 27 24 9 
33 16 22 24 12 28 30 40 15 17 22 23 22 23 26 22 17 24 9 15 35 14 11 29 27 24 1 37 29 23 25 16 14 30 26 20 20 10 18 12 23 21 24 13 16 24 15 21 53 19 23 17 33 31 41 15 27 19 23 23 18 24 26 37 19 12 30 43 10 56 40 23 17 20 21 36 20 24 41 16 31 15 14 25 23 22 21 11 18 26 22 19 33 19 15 22 38 23 15 22 
27 31 31 18 15 13 22 35 22 20 23 24 18 21 20 31 18 17 21 12 42 17 14 16 28 16 17 17 28 41 14 23 16 18 13 15 7 33 30 11 16 32 39 15 22 32 14 20 10 13 22 21 27 28 23 27 22 33 17 23 12 28 26 13 16 19 31 41 18 24 18 30 22 18 28 26 25 25 40 16 18 33 16 24 23 30 31 12 32 24 17 17 32 16 19 26 29 27 23 15 
36 11 21 33 18 28 32 33 15 12 22 18 14 23 19 23 21 20 9 17 28 15 17 22 11 22 31 33 12 41 28 29 24 30 21 16 13 12 16 16 13 26 20 13 24 20 18 18 12 14 28 26 22 23 7 22 29 26 30 30 17 22 20 22 22 22 15 24 6 19 22 19 11 20 34 26 22 35 23 18 19 21 12 30 17 26 22 11 21 33 21 20 28 24 19 24 29 17 24 17 
34 21 35 17 12 20 19 42 22 14 20 15 16 22 27 21 2 21 25 18 36 19 22 18 16 22 24 25 45 33 15 16 21 9 19 11 23 31 23 17 29 24 23 16 34 31 15 20 22 17 31 30 25 18 27 18 35 18 25 11 19 30 22 18 21 24 25 18 21 12 26 38 13 20 24 26 18 22 41 12 27 38 19 27 23 20 20 19 18 21 23 17 34 31 13 19 18 28 25 17 
35 17 33 16 20 19 22 37 18 14 26 32 16 27 25 12 16 22 15 17 34 16 15 21 25 26 25 27 7 44 21 16 15 27 26 17 35 26 20 10 24 40 22 12 26 34 23 9 45 14 24 27 18 23 26 18 31 42 20 25 14 40 22 15 16 23 23 39 22 31 21 26 15 23 32 24 20 41 32 16 20 23 19 7 28 35 16 19 17 24 9 23 42 17 17 8 30 18 26 23 
25 17 31 20 9 18 19 28 16 23 19 20 12 11 19 21 23 19 23 16 29 17 18 25 16 27 14 34 9 38 31 6 23 7 19 12 10 21 15 10 23 34 29 24 47 34 19 27 30 20 40 23 23 32 19 19 29 23 24 25 21 24 20 12 21 14 20 30 14 25 23 24 16 14 21 23 11 18 37 14 18 17 14 25 19 26 26 22 17 14 18 17 33 14 12 25 17 28 27 17 

MachineCapacities:
MachineID Capacity
0 10
1 10
2 10
3 10
