NumTasks NumMachines NumScenarios
15 3 10
TaskDetails:
TaskID ReleaseTime ResourceConsumption SuccessorsCount Successors...
0 0 9 1 8 3 2 4 5 
1 0 4 5 9 0 
2 0 5 2 3 0 
3 0 7 6 8 1 5 
4 0 9 8 3 0 
5 0 7 6 6 0 
6 0 6 8 5 2 10 13 
7 0 8 7 7 1 9 
8 0 5 5 3 1 12 
9 0 6 7 7 2 10 13 
10 0 6 6 3 1 14 
11 0 5 3 7 0 
12 0 10 5 7 0 
13 0 1 3 9 0 
14 0 3 4 5 0 

25 24 13 41 24 31 19 36 8 17 6 13 27 27 13 7 30 4 25 27 18 38 18 20 22 12 16 24 32 10 31 22 39 11 25 9 26 39 20 8 28 20 37 16 23 
13 27 10 25 22 35 14 27 8 15 18 18 13 33 10 9 20 14 15 30 19 5 15 25 30 10 15 32 35 15 21 19 16 13 30 11 25 24 17 15 30 29 17 13 18 
15 30 2 31 20 39 19 20 9 16 8 7 31 31 8 13 30 15 17 21 14 34 20 25 30 13 15 19 37 15 24 27 32 14 19 14 26 27 25 16 15 13 18 16 22 
14 32 7 23 26 25 30 27 9 6 17 9 25 24 11 11 18 15 18 22 17 24 17 33 36 10 14 18 31 16 28 23 23 12 23 13 29 20 22 12 24 22 25 16 27 
16 17 10 33 15 19 20 23 9 16 12 9 27 28 19 9 40 11 23 29 25 28 13 25 19 10 14 35 27 21 31 18 32 8 23 12 25 20 16 18 49 17 20 23 18 
16 36 10 26 33 29 13 25 9 10 11 15 25 9 9 12 22 10 22 29 17 17 12 37 34 13 17 20 31 9 36 20 27 10 19 12 24 19 19 15 30 6 27 9 22 
18 20 11 48 30 33 24 30 16 15 10 18 16 30 23 12 33 7 23 20 12 21 9 29 38 14 30 22 28 16 22 13 45 17 28 11 25 28 22 12 40 18 30 9 23 
17 37 14 26 20 32 24 22 14 18 12 14 28 24 19 7 31 11 16 26 6 22 17 33 16 13 11 25 36 22 15 17 27 11 9 9 28 20 21 10 25 21 9 15 25 
10 32 9 23 22 32 19 29 12 13 13 11 14 20 12 9 31 15 18 21 13 20 12 15 30 9 16 21 26 16 29 18 17 11 17 16 33 34 12 11 30 17 21 16 16 
18 18 7 17 25 28 19 34 15 7 10 9 25 25 11 15 36 11 22 15 23 20 16 30 19 13 12 21 24 21 15 18 41 10 20 12 17 22 17 14 27 21 23 8 15 

MachineCapacities:
MachineID Capacity
0 10
1 10
2 10
