NumTasks NumMachines NumScenarios
15 3 10
TaskDetails:
TaskID ReleaseTime ResourceConsumption SuccessorsCount Successors...
0 0 4 10 9 4 3 5 6 7 
1 0 7 5 6 2 4 7 
2 0 9 8 2 1 7 
3 0 2 8 7 0 
4 0 5 6 5 0 
5 0 4 7 9 0 
6 0 2 3 5 0 
7 0 3 2 7 0 
8 0 2 2 4 1 13 
9 0 3 4 4 3 11 12 14 
10 0 10 7 8 0 
11 0 6 2 5 0 
12 0 3 8 3 0 
13 0 3 7 2 0 
14 0 3 3 2 0 

18 12 25 18 31 17 28 21 31 34 20 34 12 16 20 16 11 9 31 26 20 18 15 15 23 22 32 11 15 15 30 19 22 24 22 14 21 29 24 36 16 17 16 11 6 
26 13 22 26 31 23 17 21 40 16 20 36 14 18 48 18 24 10 37 20 23 32 16 12 19 28 56 5 15 20 38 17 17 26 24 16 23 26 28 48 21 28 24 14 8 
28 13 25 16 27 14 9 13 20 38 15 5 35 17 16 9 21 8 29 23 13 27 16 15 21 28 35 16 10 25 43 16 12 19 17 27 34 27 22 28 11 21 31 10 14 
25 10 19 27 28 13 23 16 17 21 19 31 20 15 15 17 26 11 17 29 13 26 30 16 27 22 33 13 13 18 22 18 29 24 20 19 26 37 28 40 13 17 21 8 14 
39 14 26 27 29 29 11 19 19 31 8 26 15 25 23 14 25 8 25 14 19 30 39 11 21 21 30 9 12 15 9 17 28 17 26 12 20 23 21 14 16 23 25 16 12 
11 9 12 23 26 8 17 17 38 23 15 25 15 18 9 12 24 14 40 32 10 32 38 9 27 18 18 12 11 9 18 15 17 24 24 17 8 39 14 24 16 24 11 16 14 
27 10 17 27 33 25 13 22 39 10 21 25 8 16 10 17 17 8 32 44 17 33 15 14 29 28 35 11 18 20 35 11 32 22 36 13 19 18 29 30 18 25 26 14 9 
27 14 15 28 31 19 15 14 38 33 25 18 24 19 30 20 19 14 31 23 24 22 34 17 38 15 25 11 17 34 22 14 29 23 15 20 18 32 18 37 8 27 25 9 12 
14 13 21 25 22 14 20 13 42 17 18 25 16 15 24 16 29 11 27 25 8 37 22 11 37 35 24 12 10 17 41 28 28 13 27 22 14 17 31 28 11 14 27 11 11 
35 8 30 24 28 19 22 22 19 25 19 41 23 15 29 15 26 10 20 20 14 31 25 5 37 43 21 13 8 32 35 10 20 26 16 30 31 27 25 26 9 9 17 9 11 

MachineCapacities:
MachineID Capacity
0 10
1 10
2 10
