NumTasks NumMachines NumScenarios
10 2 1000
TaskDetails:
TaskID ReleaseTime ResourceConsumption SuccessorsCount Successors...
0 0 2 3 1 4 
1 0 6 7 0 
2 0 7 4 0 
3 0 3 10 0 
4 0 2 6 0 
5 0 3 9 1 9 
6 0 4 2 0 
7 0 2 6 0 
8 0 6 2 0 
9 0 6 6 0 

21 18 22 20 20 14 20 12 13 24 25 16 26 46 42 18 25 27 21 23 
14 12 13 30 28 9 13 24 15 25 34 29 8 33 29 19 28 31 25 20 
31 17 29 26 19 30 18 24 14 15 36 16 19 35 34 30 14 26 24 27 
17 20 20 12 16 31 14 25 18 18 29 27 18 23 27 30 23 20 26 20 
18 16 27 17 15 26 18 30 12 22 29 31 25 32 30 24 30 31 21 19 
29 18 21 21 7 26 3 26 22 19 41 30 18 29 26 23 22 36 14 21 
33 6 27 26 26 36 19 19 19 25 25 14 24 34 36 15 25 27 27 30 
21 12 19 20 29 21 20 25 16 17 41 5 26 28 30 21 27 16 22 36 
18 11 10 26 18 18 15 16 18 22 34 24 16 29 35 23 17 27 31 24 
30 17 18 16 24 26 11 21 14 18 19 26 16 21 39 19 21 26 31 21 
11 27 19 24 18 16 19 10 16 32 17 21 21 41 17 14 27 33 37 12 
25 18 28 18 32 17 16 19 21 21 33 27 19 38 30 24 18 38 32 34 
30 17 15 31 16 34 12 22 22 26 25 38 22 22 33 25 16 29 22 21 
21 25 12 31 19 32 19 16 16 26 23 10 19 35 26 30 20 31 23 17 
15 11 23 23 12 27 14 21 18 11 19 22 21 28 27 19 20 27 28 28 
27 22 30 17 18 26 16 18 15 25 35 32 22 32 13 27 22 30 28 25 
21 23 16 23 23 26 19 20 22 16 20 19 20 30 40 20 21 35 31 24 
28 20 30 16 18 35 13 22 14 10 37 23 32 32 34 27 19 28 29 22 
37 19 19 20 12 26 14 35 21 17 15 43 21 30 42 16 11 21 31 27 
28 23 23 26 23 28 29 26 23 23 25 23 20 34 28 32 26 43 17 22 
20 18 19 17 12 37 18 27 25 17 12 23 24 14 24 24 14 35 26 26 
23 26 13 12 18 25 25 13 14 27 25 24 19 33 33 22 18 17 9 20 
35 18 20 18 12 29 13 25 13 18 26 25 14 28 19 20 23 27 34 15 
29 20 27 21 19 31 21 22 15 22 36 23 25 27 30 33 27 25 24 23 
27 20 14 21 20 36 22 28 15 13 22 19 22 37 28 22 19 37 33 28 
15 27 20 33 17 32 17 15 26 21 27 31 21 39 36 33 10 4 18 25 
33 16 24 12 15 29 29 16 11 34 25 38 17 19 21 24 19 30 21 22 
12 23 27 15 26 35 17 24 20 19 44 28 16 18 44 34 24 27 32 32 
18 17 26 22 22 28 26 17 19 20 37 29 10 11 23 27 16 35 25 17 
32 22 26 27 29 17 19 16 23 18 22 19 36 37 16 23 22 36 22 30 
29 9 14 20 23 28 20 24 14 19 32 24 27 41 22 21 26 27 22 34 
22 18 29 13 13 15 10 27 15 32 26 29 30 27 34 20 16 32 22 22 
11 16 25 31 26 29 10 26 11 29 18 1 25 25 49 34 31 20 31 20 
28 10 25 16 28 33 21 20 18 25 24 35 25 23 23 22 22 35 20 18 
32 23 22 22 20 34 21 20 14 8 29 20 20 26 17 25 24 11 34 17 
32 23 25 21 19 30 21 20 12 30 34 26 15 23 19 27 26 32 39 12 
26 15 27 12 19 27 22 29 15 35 29 24 23 20 22 18 32 27 39 21 
11 17 20 24 20 24 11 23 20 18 26 22 11 39 28 25 34 26 44 22 
29 22 25 13 19 45 20 25 17 20 16 9 10 25 44 17 34 37 31 32 
18 23 13 20 17 29 27 25 18 24 34 32 21 28 27 27 18 21 23 24 
22 20 17 19 13 32 20 28 14 24 21 23 21 18 30 25 29 34 14 8 
24 19 21 27 16 27 22 30 15 18 31 20 18 22 30 17 9 32 24 31 
21 22 17 7 19 24 17 24 20 26 20 27 21 33 34 16 22 35 19 25 
34 26 21 26 16 39 18 17 15 31 34 25 25 25 31 33 19 29 21 13 
18 21 19 29 18 41 17 17 19 26 20 27 16 15 36 29 22 17 29 23 
22 17 24 19 18 37 16 26 14 13 24 30 16 26 24 19 12 35 31 24 
30 22 28 22 18 30 15 17 15 19 30 26 33 32 21 23 7 27 37 25 
16 15 36 14 31 35 20 23 17 24 21 32 16 31 32 26 25 46 24 30 
19 18 16 22 15 19 17 24 17 23 10 38 28 32 30 29 21 27 29 23 
35 13 22 22 11 38 26 22 27 25 35 27 26 48 33 14 17 29 33 19 
28 27 25 28 13 29 26 22 11 26 26 26 22 16 18 16 25 23 20 16 
24 10 17 31 27 40 23 24 13 20 21 15 12 26 6 23 23 30 8 24 
29 17 13 27 14 24 18 23 20 26 23 20 16 32 35 22 17 15 32 19 
23 19 14 9 19 33 9 26 16 26 43 12 20 19 34 12 26 13 26 28 
20 17 23 25 25 25 16 24 16 39 44 30 9 25 18 25 23 26 35 20 
36 23 20 17 15 36 15 26 19 16 16 25 14 34 38 23 24 33 25 18 
29 19 27 24 13 33 19 22 14 15 39 15 25 20 40 35 23 30 38 23 
19 29 20 25 15 18 16 21 31 16 21 25 20 17 41 15 4 33 42 26 
28 19 28 18 14 28 23 22 23 24 23 29 16 34 41 22 18 26 35 26 
16 27 12 11 15 32 14 29 14 18 10 16 19 33 21 27 9 28 35 13 
19 31 31 26 26 26 12 14 15 12 24 39 15 25 32 20 17 44 33 20 
19 30 22 16 21 33 16 22 17 28 32 17 22 44 28 20 20 26 22 24 
20 18 17 21 19 18 23 20 20 23 41 29 17 21 30 17 17 12 25 25 
16 17 16 16 24 19 23 20 15 30 32 26 38 15 19 16 21 33 23 14 
15 16 20 9 23 41 13 23 19 23 23 38 29 27 27 33 35 11 16 22 
36 23 18 21 23 37 28 19 16 32 38 16 18 21 29 24 12 41 49 15 
40 24 17 22 22 28 27 17 20 30 31 29 20 25 28 12 21 35 44 17 
35 22 24 25 18 41 18 23 22 15 28 13 15 35 32 22 31 25 13 19 
30 22 16 30 21 23 18 26 25 19 36 37 27 27 16 13 26 38 34 24 
25 7 35 26 13 29 18 14 25 16 27 37 22 18 19 9 16 29 38 15 
26 19 12 24 21 20 15 23 20 36 30 38 12 30 47 21 17 25 21 25 
23 19 26 24 21 38 24 23 22 16 20 23 20 18 35 21 13 29 30 15 
18 19 28 21 13 28 23 25 20 26 50 30 11 27 29 18 30 31 32 24 
23 17 22 12 24 35 13 11 10 21 33 35 27 43 22 29 27 32 28 21 
33 13 18 21 20 31 15 26 13 23 21 35 24 26 26 27 24 12 28 28 
28 19 13 15 18 42 18 17 19 28 20 38 25 25 12 17 30 26 38 15 
20 19 18 23 17 14 24 18 15 23 34 35 24 28 30 8 21 25 29 26 
31 18 25 9 20 43 19 22 19 27 31 21 25 33 23 22 14 24 25 22 
40 15 16 11 11 31 23 16 25 21 30 24 29 43 25 25 23 24 30 19 
14 22 22 17 17 22 17 24 7 30 24 25 26 31 18 22 12 30 25 25 
34 17 12 15 23 33 21 19 21 28 34 27 19 30 20 31 13 16 29 27 
26 19 26 18 14 30 13 17 29 29 46 22 18 39 27 33 22 18 24 17 
14 21 21 22 18 23 24 27 17 22 31 22 27 35 29 22 20 32 17 21 
36 13 17 21 26 35 20 20 11 22 33 21 25 25 33 27 17 31 20 28 
27 22 10 21 24 30 25 18 11 16 21 42 24 30 22 19 12 43 18 22 
19 23 15 14 17 22 12 26 16 20 27 32 18 20 29 23 17 28 32 28 
29 23 12 15 15 44 21 20 16 15 30 17 17 33 19 20 20 35 43 17 
28 14 29 23 18 24 17 24 27 15 18 21 22 20 36 23 24 27 37 12 
27 15 27 19 15 33 23 11 22 27 25 33 15 27 39 18 20 39 17 22 
18 31 27 9 10 18 15 33 24 29 18 24 21 18 34 15 19 19 32 24 
21 21 18 26 16 16 22 20 16 24 18 18 15 16 23 17 13 36 35 19 
35 19 19 8 18 25 21 20 19 28 39 29 18 33 16 21 25 35 32 25 
24 21 23 25 20 20 17 18 10 33 18 31 32 26 34 25 24 33 23 24 
7 27 23 20 15 37 11 17 13 27 33 26 20 22 18 18 26 26 39 21 
17 16 12 21 11 27 19 18 15 19 22 24 16 27 26 30 23 29 20 26 
30 23 15 26 9 36 14 13 27 27 31 20 14 26 22 31 23 35 36 15 
28 28 20 23 14 26 12 21 18 22 34 23 23 35 20 21 20 34 20 30 
16 15 23 26 11 42 14 40 12 37 23 38 21 24 31 22 21 29 26 11 
19 17 24 21 21 21 24 30 21 17 17 27 12 23 25 30 12 31 25 22 
19 11 24 20 23 20 34 26 24 25 16 30 27 27 25 23 25 22 30 22 
29 16 25 17 13 22 12 15 21 25 31 29 26 40 32 18 23 19 30 24 
30 14 18 27 19 18 14 24 19 28 16 25 10 25 37 13 7 32 22 28 
30 22 26 20 22 31 21 28 17 34 25 28 32 19 22 20 30 35 33 26 
22 20 25 18 11 25 25 11 10 18 27 32 20 23 19 25 20 40 30 23 
25 23 28 23 21 21 24 32 23 29 20 37 23 29 27 19 20 43 28 16 
21 23 28 24 21 35 14 26 12 19 30 33 18 9 33 21 17 7 15 31 
11 25 17 27 20 31 19 23 27 28 17 28 12 26 29 30 13 33 28 22 
34 15 31 14 13 32 22 18 15 22 28 26 15 28 21 27 29 19 7 32 
26 18 27 24 14 13 34 20 18 21 21 38 14 29 34 15 28 23 30 17 
33 27 24 22 14 28 27 18 9 23 19 26 24 27 14 11 21 34 26 25 
30 21 21 16 17 22 23 29 13 19 10 20 26 19 22 22 26 34 37 32 
18 20 28 19 16 26 19 23 17 21 28 37 14 37 44 24 24 29 29 11 
26 24 13 21 22 17 18 11 13 21 12 39 34 41 26 22 22 37 24 30 
31 27 34 34 22 38 25 9 17 26 18 22 19 20 31 19 21 33 43 23 
23 24 22 19 20 23 20 21 21 24 23 16 9 29 30 19 21 29 47 33 
31 19 20 30 16 35 30 28 4 27 31 15 19 23 37 25 26 15 37 24 
19 12 18 22 20 21 12 17 21 14 19 27 22 8 25 27 29 31 43 25 
8 24 14 24 21 29 29 13 8 15 17 18 18 13 26 20 25 26 21 30 
38 31 13 12 19 23 18 23 28 20 20 20 17 34 24 14 16 20 40 17 
9 19 7 17 15 26 20 21 19 18 31 16 31 22 20 31 29 33 18 20 
28 12 27 27 15 28 19 29 26 37 30 35 24 19 19 17 22 25 35 24 
28 23 23 13 21 25 16 13 16 25 11 25 15 18 26 28 19 29 34 29 
32 14 28 31 25 34 14 21 22 21 21 14 19 17 28 28 17 33 15 32 
32 12 10 19 4 29 16 21 24 21 29 32 37 40 37 32 15 25 26 22 
25 11 25 8 25 33 18 26 23 21 29 23 19 23 24 28 22 25 22 25 
29 23 25 28 17 35 26 19 19 34 36 33 23 18 19 28 31 26 29 25 
29 8 25 19 8 29 18 22 30 25 35 22 22 22 24 18 31 16 28 28 
32 21 16 13 16 23 18 24 22 24 28 34 22 20 12 37 23 35 22 35 
20 18 30 21 24 20 15 28 25 27 30 30 30 23 21 12 22 37 18 26 
19 18 26 22 17 22 22 19 23 16 46 32 22 24 39 17 21 31 27 26 
15 17 18 18 17 35 10 21 25 24 33 26 21 21 28 27 22 39 23 25 
32 20 21 21 26 24 21 19 18 30 16 21 19 24 21 13 21 47 17 30 
17 21 26 21 19 34 11 22 26 22 22 30 35 32 23 16 18 36 27 28 
28 19 20 34 17 30 20 26 28 18 23 36 23 35 28 30 28 35 11 17 
24 20 16 12 27 27 15 20 25 23 25 21 22 14 16 20 18 17 32 21 
24 21 10 18 10 29 28 21 26 19 26 27 24 14 25 27 28 27 40 25 
22 27 16 26 18 22 12 23 19 26 34 34 20 24 20 18 26 10 33 22 
34 20 30 19 18 14 23 23 16 18 18 32 23 18 32 19 13 27 23 22 
34 24 18 22 13 38 21 24 9 38 13 22 18 23 34 28 16 26 28 23 
37 10 16 20 18 26 20 13 20 15 32 18 30 27 30 13 26 23 27 22 
23 19 23 24 20 28 18 29 17 15 28 16 23 33 41 15 17 30 23 21 
10 15 26 17 17 22 16 23 15 31 18 30 28 15 18 21 19 28 36 20 
22 25 8 12 14 20 16 30 17 23 29 25 23 33 20 21 20 25 35 16 
19 12 16 32 25 31 13 21 20 19 18 18 17 31 22 17 26 43 25 27 
28 23 21 10 19 16 30 32 16 38 21 36 14 37 39 23 18 34 30 30 
10 16 20 23 23 37 23 27 16 31 32 10 20 27 37 31 28 27 37 32 
26 16 21 22 19 24 18 32 19 28 10 32 15 42 30 20 25 7 18 31 
21 14 31 31 30 20 23 24 9 21 24 14 14 34 36 31 31 17 25 24 
10 18 24 16 12 21 17 28 24 35 35 37 25 28 31 27 20 40 19 24 
31 24 22 12 14 22 16 20 16 18 46 17 16 24 28 23 27 21 26 20 
23 15 20 31 19 12 15 19 30 26 25 18 32 16 20 19 27 54 31 30 
34 13 25 30 19 27 23 24 22 23 20 30 38 19 23 18 18 35 28 23 
21 25 22 24 13 22 26 24 13 30 20 22 20 25 26 14 24 32 40 25 
27 20 26 17 18 28 16 27 21 20 36 24 19 16 33 19 14 34 38 16 
32 13 28 17 18 10 14 19 17 15 39 18 25 20 39 25 23 27 44 26 
16 17 15 16 23 43 22 29 19 20 19 31 18 31 25 28 18 15 9 21 
25 12 13 24 12 24 13 25 16 25 28 32 18 22 33 18 27 19 18 27 
16 9 18 9 21 37 34 22 12 31 32 35 21 20 15 24 13 37 26 21 
17 17 21 17 14 26 21 27 18 26 29 30 19 18 27 31 25 38 32 26 
18 15 23 19 16 28 17 14 13 22 33 26 23 32 32 12 21 23 40 18 
22 24 26 16 14 21 19 25 19 25 28 30 18 27 30 26 25 23 25 18 
31 18 18 22 26 23 20 25 13 18 22 20 25 15 38 23 19 36 23 24 
12 18 13 15 8 35 9 25 25 39 14 25 5 23 13 18 29 32 15 14 
35 15 11 24 23 31 19 29 21 24 20 37 30 29 31 25 18 35 38 22 
21 27 16 14 16 16 5 23 21 12 30 35 15 35 21 21 30 9 17 25 
24 21 23 24 16 21 20 29 15 27 32 32 21 23 37 24 17 30 33 29 
37 15 12 25 23 22 16 21 14 28 45 23 19 44 23 26 21 24 31 19 
18 19 12 13 28 28 18 15 18 30 32 29 15 32 34 17 20 35 45 25 
30 24 25 13 22 27 18 11 18 31 19 35 30 36 27 35 17 31 31 21 
20 13 26 21 19 14 18 21 16 18 20 29 18 38 14 16 23 32 25 20 
27 15 25 25 17 21 24 18 15 24 22 22 16 16 14 17 19 29 19 30 
29 25 28 20 27 20 20 23 16 22 32 21 7 25 39 21 26 30 24 24 
31 22 29 17 19 38 18 16 17 18 33 20 24 23 16 29 16 25 30 23 
30 9 18 35 19 32 17 26 18 19 14 37 24 31 15 24 18 30 31 25 
24 15 29 9 19 29 25 21 22 33 21 38 22 31 15 25 22 22 35 19 
22 27 20 23 13 16 19 33 18 29 35 11 24 26 25 21 24 26 38 20 
21 17 27 29 16 31 17 17 11 20 20 17 16 21 38 33 33 30 32 26 
27 16 23 11 17 22 21 23 18 21 28 23 28 28 24 30 24 33 18 21 
24 10 29 24 15 23 15 32 19 24 28 21 16 24 29 25 21 16 41 28 
29 21 30 20 12 23 23 27 24 18 12 26 19 23 29 29 15 26 24 24 
26 10 13 21 14 17 18 22 17 13 39 24 27 20 20 38 22 13 35 28 
12 11 9 14 11 27 28 33 21 24 17 34 27 12 30 31 21 32 28 41 
31 17 18 14 14 24 19 22 24 18 46 34 30 24 30 15 21 24 30 26 
25 22 23 16 14 24 23 26 15 33 29 29 23 24 29 24 30 29 27 29 
26 18 20 17 17 48 24 25 25 28 29 32 26 24 21 15 17 29 36 12 
33 17 27 25 10 41 13 40 26 19 27 23 21 23 35 28 17 22 31 27 
26 17 17 27 7 13 14 22 11 21 42 22 11 43 37 21 14 42 20 25 
26 20 15 22 17 23 21 27 22 17 29 22 12 21 22 22 18 19 21 24 
26 15 16 25 23 30 26 32 19 20 22 29 26 27 17 18 19 36 33 34 
13 14 24 5 19 19 22 23 24 15 29 23 12 35 34 10 39 23 17 21 
24 18 22 15 15 23 26 20 12 22 20 18 19 38 22 20 22 34 20 20 
14 22 17 17 28 17 19 14 13 39 30 21 22 28 35 14 20 20 10 24 
25 21 18 10 19 28 26 27 18 19 14 35 25 22 35 29 19 20 30 25 
5 14 21 22 17 30 22 15 10 15 21 31 22 15 25 6 13 24 22 28 
20 25 21 18 22 30 21 34 20 29 39 24 14 25 19 26 22 32 27 24 
25 17 17 29 17 20 13 23 18 29 35 22 24 29 19 21 26 30 24 26 
25 24 22 19 17 21 15 14 17 12 28 22 10 18 26 23 29 33 22 23 
32 19 19 17 21 27 19 15 21 20 31 40 20 32 37 19 23 21 25 16 
27 19 31 24 19 8 20 27 14 20 23 28 23 25 26 19 23 21 6 32 
16 16 18 25 21 36 22 29 18 32 41 25 36 25 28 24 22 25 28 26 
32 21 8 11 23 24 28 21 24 28 32 35 19 33 37 18 25 32 39 20 
29 15 20 21 12 26 16 19 11 31 19 29 31 24 30 20 29 26 35 21 
26 15 26 20 23 26 22 31 22 18 28 33 15 35 35 35 15 30 24 23 
23 19 24 17 15 23 27 23 13 15 27 28 24 25 33 23 22 30 20 21 
29 9 23 16 19 42 22 18 20 32 24 25 27 34 32 29 30 28 24 27 
24 17 22 25 19 28 17 25 18 15 27 33 30 39 15 36 17 30 30 17 
19 19 18 18 20 35 7 27 10 28 28 28 12 33 25 24 22 32 34 19 
21 18 21 19 6 29 15 28 23 25 22 15 18 7 28 23 32 26 18 23 
39 31 19 29 9 48 19 23 15 29 30 19 27 22 25 23 26 20 23 18 
26 22 17 20 16 21 21 26 21 31 26 21 24 34 21 30 24 21 23 26 
17 17 15 18 12 25 16 22 21 10 38 19 21 25 26 27 21 18 20 10 
26 20 40 15 8 24 17 17 16 30 31 31 12 25 9 20 16 27 32 37 
24 21 24 18 19 28 27 23 13 33 35 30 32 28 19 21 24 41 32 26 
27 28 22 19 12 15 17 21 19 4 13 24 30 21 39 19 32 33 35 22 
24 12 13 20 10 34 9 2 18 45 30 21 18 42 9 15 16 30 35 24 
29 21 17 19 25 38 26 26 16 11 20 31 19 20 13 27 18 12 31 24 
13 29 21 26 18 28 25 25 18 18 33 38 12 32 31 33 19 29 23 20 
25 17 14 22 17 29 25 26 21 23 39 34 25 22 23 26 26 20 13 19 
28 9 13 17 18 33 19 20 22 18 32 26 26 24 32 15 21 27 29 24 
30 22 22 30 11 25 13 39 20 45 27 27 23 29 38 23 10 21 21 15 
31 12 24 18 14 34 20 19 23 29 20 21 16 26 26 27 20 33 29 28 
20 28 24 21 3 28 23 21 15 11 36 6 13 17 30 15 26 19 25 19 
37 13 22 21 21 41 14 21 16 29 37 21 19 28 21 25 9 33 32 36 
20 19 31 9 16 13 21 21 16 13 34 41 28 31 34 28 20 37 25 21 
13 10 10 31 31 30 11 29 20 32 17 35 18 16 26 24 22 30 42 31 
30 23 20 29 22 14 14 13 24 33 22 24 14 29 31 18 20 10 27 25 
20 25 26 17 14 20 23 17 9 28 24 35 20 26 42 31 15 14 24 20 
32 19 18 31 15 33 20 30 15 25 35 30 24 33 33 36 18 13 16 29 
38 20 17 17 12 30 11 13 22 27 14 33 24 28 26 13 24 31 35 25 
36 24 19 7 18 29 15 33 19 39 33 29 25 25 30 22 15 28 20 15 
19 19 22 19 19 17 17 20 16 18 22 15 24 26 32 14 21 46 44 30 
35 16 15 19 15 23 21 18 17 21 38 19 28 37 26 28 16 29 28 21 
12 19 16 21 29 30 14 12 17 10 19 24 18 36 30 20 22 35 32 27 
21 19 22 28 14 21 6 28 16 23 26 38 22 26 20 29 15 23 29 23 
25 19 29 18 22 27 20 20 18 27 22 25 15 18 28 14 19 12 24 27 
8 25 21 24 10 5 16 19 23 30 34 29 30 25 28 13 19 9 23 23 
26 18 11 22 26 13 14 25 19 35 35 37 17 32 17 20 25 47 41 21 
29 20 25 16 9 25 13 27 11 19 22 33 20 13 45 19 25 16 16 22 
20 17 29 24 12 38 18 25 19 29 34 25 17 16 19 16 9 16 34 18 
40 13 16 24 28 32 18 23 22 27 31 39 29 25 26 14 32 36 24 33 
27 26 21 16 17 18 22 14 18 24 24 28 17 29 30 28 13 16 29 26 
24 21 12 19 18 15 21 11 16 26 34 40 20 27 27 17 20 32 22 16 
17 14 14 14 17 12 21 23 20 22 20 33 15 22 30 20 22 33 18 17 
35 25 20 31 12 16 13 15 17 23 22 22 26 30 32 25 24 40 34 19 
26 22 21 21 8 13 17 22 24 33 29 16 21 35 26 15 23 40 25 28 
25 15 27 16 26 17 7 26 21 20 19 46 23 19 41 10 21 35 29 28 
27 17 19 26 9 15 22 12 14 24 25 11 28 30 31 30 17 23 31 36 
10 20 24 21 25 43 21 33 27 14 31 30 19 26 24 20 18 21 21 24 
32 21 17 23 15 29 16 16 17 27 11 27 28 37 22 24 18 30 28 19 
31 17 22 19 21 23 21 31 15 27 24 26 24 31 38 25 21 22 28 23 
24 22 15 22 20 20 22 25 22 17 18 33 12 22 26 21 21 26 27 27 
19 14 15 27 15 20 24 14 13 9 32 26 26 29 32 17 21 25 27 15 
27 25 29 21 13 31 11 14 26 18 15 21 12 31 23 23 12 29 22 38 
25 20 27 16 20 14 21 16 17 24 25 39 19 22 24 25 27 31 33 23 
12 14 22 17 11 27 21 22 25 24 10 32 27 21 26 18 26 35 22 32 
23 19 20 20 18 31 24 25 19 30 16 32 14 35 38 25 14 35 30 14 
23 20 21 16 21 5 34 21 18 28 39 30 11 10 24 24 34 24 27 35 
26 25 12 24 18 25 19 23 19 23 43 25 18 29 36 20 14 30 21 39 
28 18 21 21 17 43 12 30 19 22 11 17 27 24 21 20 26 24 17 21 
34 21 17 4 21 38 21 21 24 26 27 17 21 34 41 27 21 39 26 18 
24 18 18 34 17 22 21 17 9 10 27 23 12 27 25 23 23 21 24 29 
24 14 26 16 19 27 17 19 17 28 30 33 37 28 26 18 12 41 17 34 
27 18 27 15 17 17 20 17 16 19 25 30 24 37 17 24 24 37 27 20 
22 16 19 8 16 48 16 18 25 27 30 17 22 11 34 7 21 35 17 20 
27 15 19 25 17 13 26 28 14 25 32 31 31 41 26 28 18 40 33 28 
29 23 18 21 17 33 17 24 14 18 33 23 34 41 31 27 25 29 38 25 
32 16 13 23 11 24 17 18 21 11 24 33 21 29 22 23 16 28 36 19 
28 18 27 22 11 32 20 14 11 24 28 27 27 45 22 24 31 39 22 34 
23 17 25 17 20 41 27 13 18 14 34 29 33 16 20 26 22 17 28 20 
23 19 26 14 11 34 22 25 17 34 27 39 24 32 25 24 28 31 22 12 
18 17 19 15 21 32 21 30 17 22 27 24 23 22 32 23 18 28 23 17 
22 16 26 23 22 30 16 24 11 24 17 40 17 18 24 31 26 34 26 32 
27 14 23 17 21 21 30 20 17 24 30 26 12 38 20 13 9 30 23 13 
22 14 27 21 18 39 13 23 27 22 25 38 22 23 12 32 11 28 16 18 
30 7 23 31 25 35 21 25 18 21 31 30 20 28 21 23 21 19 34 25 
26 19 19 19 15 25 17 32 17 38 32 26 30 31 24 24 31 32 31 30 
31 21 11 19 20 20 23 14 18 15 23 34 19 29 32 25 28 25 36 33 
17 26 30 16 12 30 16 15 22 25 28 31 20 25 25 21 16 32 36 16 
20 18 24 20 10 21 22 25 24 20 18 11 24 27 23 22 18 31 28 28 
29 21 22 17 22 13 14 26 17 33 29 40 12 31 25 31 16 21 16 29 
22 19 18 28 12 40 22 30 11 37 23 24 26 27 15 16 20 36 19 24 
29 19 21 23 14 24 22 33 14 22 26 26 25 21 31 21 12 22 27 15 
20 22 24 12 14 25 16 23 20 27 18 22 2 26 34 13 22 12 23 27 
20 18 15 14 18 23 15 23 21 34 17 34 15 32 35 19 15 30 19 22 
26 19 13 16 20 42 17 20 17 13 26 18 31 32 24 18 26 27 24 19 
25 15 11 21 19 17 23 33 26 37 37 24 15 14 17 26 26 32 25 28 
35 20 17 18 12 30 10 31 22 15 23 42 22 22 20 14 26 49 28 14 
15 14 35 11 18 27 9 20 17 28 42 36 25 35 17 22 17 23 26 18 
28 18 18 18 16 25 24 12 16 15 35 27 20 20 33 27 18 34 36 22 
19 18 23 17 19 16 19 15 17 22 30 41 10 30 31 23 21 40 9 28 
36 17 22 30 19 25 27 15 12 30 28 16 20 17 19 19 24 33 24 29 
17 24 16 13 24 30 13 24 13 21 16 22 22 34 29 29 18 29 21 17 
22 11 27 29 16 38 19 22 14 10 30 27 15 29 23 28 21 37 21 23 
25 19 24 32 16 23 16 25 11 11 23 31 16 40 17 29 18 32 29 22 
24 18 19 19 9 22 19 15 21 31 22 27 18 20 40 25 21 38 27 12 
23 12 26 19 13 28 15 22 23 19 28 28 28 19 27 13 18 30 34 31 
14 13 15 20 15 31 18 36 15 23 30 23 32 37 19 26 21 24 24 30 
16 29 26 14 15 17 23 21 16 30 44 27 9 15 25 21 35 27 27 16 
38 22 13 12 21 15 24 23 25 23 33 22 26 14 18 27 19 40 24 32 
27 13 18 24 25 24 15 20 17 29 23 24 25 29 18 28 9 32 23 31 
24 18 18 16 16 16 16 19 10 28 19 27 17 22 35 22 14 37 48 26 
25 25 15 17 25 32 13 8 24 26 21 33 24 31 23 25 25 16 35 22 
22 21 23 23 16 17 12 18 24 22 29 22 15 20 25 22 16 21 22 24 
21 23 14 10 17 26 16 29 22 19 28 39 21 16 10 16 35 19 38 34 
35 22 29 25 23 37 22 21 17 26 31 23 10 14 31 22 23 19 22 17 
34 27 23 14 17 35 14 31 6 31 32 21 24 25 29 13 19 42 32 22 
24 8 32 27 16 30 14 25 21 30 27 31 33 21 21 23 16 33 27 29 
25 19 16 19 19 30 23 28 19 22 24 20 21 19 41 31 21 36 38 24 
31 10 27 24 18 23 22 24 15 19 31 23 23 35 21 20 15 29 27 17 
34 11 14 16 26 36 19 25 15 33 30 29 25 24 35 9 22 45 36 33 
33 21 22 12 17 22 20 19 11 32 35 34 18 38 25 27 28 31 18 27 
15 20 18 20 24 23 31 30 24 32 35 13 23 30 22 33 20 24 21 3 
18 24 16 17 7 28 24 19 22 30 35 31 24 26 27 24 19 18 29 19 
25 21 17 17 24 33 25 21 20 27 34 12 20 29 31 15 25 18 16 28 
21 17 22 25 16 38 26 16 18 16 27 26 21 41 38 21 25 26 13 26 
28 13 15 35 19 11 21 26 19 40 31 28 27 36 37 20 27 30 33 15 
18 24 23 21 18 15 20 27 21 34 20 28 14 28 23 21 19 37 26 15 
11 15 22 19 19 38 19 20 31 28 32 30 22 43 19 33 29 44 22 19 
28 21 24 13 25 33 20 25 19 32 32 31 14 24 41 25 5 35 30 30 
25 12 22 23 23 37 23 25 13 27 27 41 27 24 23 21 16 32 43 27 
16 25 16 26 21 28 25 20 15 20 26 37 22 18 36 35 27 32 28 16 
26 15 10 27 17 41 24 29 15 19 26 16 21 25 26 11 25 37 15 27 
24 26 25 20 22 24 21 22 21 31 24 27 24 19 39 22 30 37 32 17 
23 18 20 29 22 35 25 18 16 28 15 27 18 26 33 15 31 37 35 34 
23 22 19 15 12 28 23 33 7 32 27 32 29 29 26 20 10 27 20 13 
24 18 28 20 22 34 16 15 24 31 22 14 23 28 23 24 23 25 12 12 
19 22 7 16 12 19 22 34 17 26 36 21 20 23 30 17 30 34 34 28 
21 19 21 23 17 25 25 30 22 18 31 21 22 32 24 23 37 51 27 19 
17 21 32 21 23 36 16 22 17 29 46 20 21 41 33 36 22 32 51 38 
32 16 24 12 23 27 19 20 17 31 30 25 25 25 28 26 23 24 26 18 
29 25 14 23 11 45 8 32 16 12 19 21 27 29 29 18 13 20 18 28 
30 15 26 30 15 32 9 16 20 25 40 33 15 25 39 16 14 34 44 23 
28 15 27 31 20 39 22 23 17 29 20 27 12 36 33 13 20 28 34 27 
17 20 27 28 24 30 19 24 17 34 23 35 21 15 18 17 17 9 13 21 
24 23 11 24 11 36 27 20 17 18 14 18 21 46 30 27 6 28 23 27 
20 21 16 24 19 26 8 12 17 34 25 20 15 39 19 34 28 19 24 31 
37 14 25 32 15 29 17 18 18 20 23 35 13 38 23 16 21 26 32 25 
26 23 18 34 17 19 25 20 9 25 40 21 18 33 26 16 28 39 24 35 
18 13 14 21 21 33 21 24 10 25 22 28 27 29 21 20 13 18 33 20 
17 19 23 11 22 16 27 25 9 15 34 33 28 28 41 24 22 26 19 26 
35 8 21 22 28 45 24 27 26 34 33 23 14 19 20 26 15 31 17 27 
37 14 14 22 23 31 10 23 9 14 34 26 13 25 13 16 13 30 24 18 
17 7 18 25 23 20 21 20 10 15 34 26 9 30 20 20 24 32 43 22 
30 17 34 20 22 22 17 27 20 25 37 18 18 37 10 25 25 18 27 37 
31 16 26 17 16 25 20 28 20 26 26 23 24 14 27 16 24 18 32 26 
30 21 18 11 19 15 20 15 12 10 35 20 21 35 34 26 18 12 31 26 
28 22 21 23 25 34 19 19 19 33 28 28 33 26 19 24 20 36 26 22 
25 24 5 18 18 19 15 20 22 23 23 26 21 22 49 22 24 22 27 25 
30 17 29 21 10 21 18 15 24 17 22 15 10 27 24 25 19 19 21 14 
40 21 18 12 8 26 19 30 16 21 24 21 19 46 40 24 14 19 21 22 
29 23 21 26 20 33 15 8 15 31 28 24 22 20 14 18 24 27 20 18 
13 22 20 21 21 25 9 17 15 37 16 24 21 27 22 24 18 13 23 17 
29 23 15 25 23 33 18 28 17 29 34 34 14 27 38 20 20 41 44 23 
25 20 13 16 20 5 17 27 16 32 30 25 12 19 31 19 25 23 35 31 
26 9 20 16 23 33 11 27 18 29 30 14 25 26 39 24 25 34 37 21 
36 8 28 16 20 20 27 19 17 21 33 31 18 22 25 24 30 25 23 25 
27 19 14 28 29 15 16 26 20 19 29 32 28 27 20 26 20 16 32 25 
34 18 25 25 13 21 23 40 19 23 21 36 21 20 18 18 18 21 27 15 
29 15 14 23 20 32 22 21 22 12 20 20 25 26 39 19 19 32 36 28 
32 16 22 2 17 23 18 23 17 13 37 28 21 27 28 27 21 39 12 25 
21 12 11 14 14 14 15 17 8 30 22 25 10 37 24 28 19 27 26 16 
25 21 13 29 23 25 19 21 12 27 20 26 33 26 11 25 16 32 33 29 
27 23 17 16 20 17 16 31 32 15 35 30 16 27 13 39 30 29 24 17 
31 23 15 15 15 34 16 18 11 16 22 30 21 25 30 13 21 29 22 29 
21 14 28 13 19 20 15 23 15 12 25 21 10 16 33 19 19 31 21 22 
18 6 16 11 20 26 14 22 26 23 26 29 23 41 33 33 24 29 28 15 
18 11 29 23 23 21 22 21 16 27 39 25 17 25 26 18 16 20 29 22 
36 21 32 15 11 43 6 22 18 26 40 38 18 15 20 20 18 25 44 17 
25 15 14 15 20 37 22 16 9 17 25 11 17 17 32 15 13 24 34 21 
21 12 16 27 23 29 27 20 19 18 38 30 30 27 22 26 25 28 32 32 
26 14 22 30 24 23 21 17 13 28 18 45 21 28 25 24 19 37 25 25 
14 21 21 32 12 29 20 30 18 26 28 22 27 34 36 6 14 29 34 19 
23 16 18 33 26 18 23 29 22 10 24 25 31 39 37 23 17 46 25 16 
28 16 27 18 15 35 28 29 20 25 20 29 15 24 28 22 28 26 24 21 
30 20 21 26 20 24 21 19 12 35 27 24 28 31 23 25 18 39 30 25 
21 25 16 28 17 20 18 27 25 21 33 24 23 24 30 18 23 27 30 22 
32 20 20 16 26 23 24 32 20 26 42 27 26 18 24 21 19 23 14 24 
15 30 16 24 14 26 16 13 14 21 22 30 13 35 19 22 21 39 25 13 
33 18 22 24 22 26 20 16 18 26 39 21 21 43 21 24 18 12 39 37 
18 22 21 12 11 28 24 9 17 32 33 37 25 18 25 23 20 26 37 22 
22 11 14 21 12 29 21 23 20 26 35 30 25 32 32 28 22 31 33 22 
19 17 21 21 17 23 26 22 18 20 24 11 28 28 36 24 18 28 34 12 
21 27 27 22 25 33 15 19 20 23 20 25 17 34 17 14 17 28 33 7 
30 18 27 20 22 26 14 24 24 22 31 32 16 31 23 23 13 31 22 22 
24 15 24 29 14 36 17 31 15 32 20 35 24 23 20 18 25 30 17 35 
20 22 17 16 21 17 16 22 27 32 28 31 25 36 21 34 24 8 24 3 
29 23 25 28 13 20 20 19 18 28 31 21 31 19 36 25 23 25 16 29 
25 14 26 18 20 29 23 18 19 23 42 24 23 38 37 17 14 23 39 19 
29 16 26 13 23 22 13 25 25 11 35 27 15 38 14 19 27 35 32 21 
36 13 21 28 19 10 21 18 14 31 40 31 25 24 21 22 17 36 39 16 
19 16 13 21 10 27 24 22 24 18 29 34 16 30 18 25 15 40 36 26 
20 20 24 16 32 23 20 15 14 13 28 26 31 26 19 16 24 50 20 23 
22 24 18 24 13 31 20 29 14 23 29 32 27 21 28 22 27 29 30 26 
20 18 14 17 18 30 19 23 13 22 22 30 17 5 26 32 25 40 43 24 
13 24 17 23 19 32 19 32 15 20 20 17 19 27 32 23 24 38 22 31 
37 16 14 18 11 34 18 19 18 24 10 29 17 24 21 30 21 41 24 20 
18 19 23 23 22 27 28 25 21 24 17 21 21 29 28 29 18 27 36 26 
42 24 13 16 18 28 25 28 25 24 18 18 21 28 22 23 22 30 30 16 
8 22 13 7 17 28 23 22 13 22 26 27 21 28 22 27 25 27 22 28 
21 18 24 18 14 10 26 24 34 21 28 22 22 36 9 21 16 32 25 19 
34 20 22 16 16 33 18 26 28 30 32 20 26 19 25 28 15 35 27 31 
30 25 15 16 19 39 22 19 26 14 27 17 27 26 13 15 15 22 21 20 
36 6 20 30 23 26 18 17 17 11 26 23 14 26 26 30 21 15 27 14 
37 18 29 22 21 36 16 15 7 28 12 29 24 26 41 34 19 29 36 36 
27 23 14 16 25 11 8 11 20 25 30 33 11 28 38 15 25 24 6 15 
23 14 23 30 17 24 20 27 14 22 38 26 21 24 25 14 31 18 17 21 
17 13 21 24 19 25 32 25 13 22 25 24 32 22 37 23 31 21 24 20 
25 16 13 29 15 33 24 29 16 21 20 27 19 10 24 15 17 26 45 25 
37 21 28 30 15 36 19 10 21 19 30 24 28 27 43 30 15 29 26 21 
17 28 25 16 17 22 8 18 17 25 25 27 27 25 39 14 17 23 30 11 
34 18 31 24 20 21 24 18 23 17 18 16 33 26 29 23 10 25 35 28 
6 15 17 27 21 30 10 13 9 23 25 20 26 49 10 15 20 31 45 24 
32 12 24 23 13 16 17 23 15 18 26 20 23 18 21 22 27 24 28 21 
15 21 19 10 22 28 23 23 13 26 32 34 16 35 14 12 25 31 13 29 
18 9 21 23 14 32 16 12 26 30 15 24 20 25 22 19 16 31 31 25 
31 15 19 16 19 36 28 15 17 24 22 24 21 28 33 15 26 34 13 22 
31 25 18 22 23 19 17 18 15 30 17 27 29 35 30 12 15 32 36 15 
24 8 24 9 13 13 18 24 16 28 21 16 27 28 34 17 26 33 37 24 
23 11 14 15 22 32 22 16 22 32 32 30 32 25 33 8 15 42 26 22 
28 13 25 25 15 25 32 28 18 20 29 27 24 27 21 30 13 34 27 36 
19 23 13 28 21 27 21 18 20 21 25 21 24 23 14 35 20 26 25 15 
30 12 16 19 22 26 26 18 14 7 14 34 27 21 14 21 31 42 17 26 
32 13 23 24 23 21 17 22 23 31 10 16 17 20 29 23 27 26 34 20 
24 25 25 22 16 44 17 32 28 22 46 17 33 34 31 23 18 19 18 27 
27 19 22 29 17 33 26 21 20 29 13 25 23 16 22 37 13 18 23 37 
14 20 27 26 21 35 20 16 24 19 36 23 24 30 24 26 16 27 38 35 
15 22 19 22 22 42 12 20 12 20 29 18 9 33 12 22 11 22 35 37 
26 22 24 15 18 23 7 25 19 28 33 25 21 27 44 27 19 36 31 25 
33 15 33 27 16 27 27 34 18 21 34 30 14 41 38 38 17 38 34 25 
24 22 28 17 25 40 17 20 17 21 22 30 28 18 29 28 14 29 34 10 
22 20 29 10 26 6 10 22 21 27 27 22 14 22 25 21 22 32 26 27 
20 11 25 26 11 30 21 18 17 30 23 39 21 38 42 13 15 32 37 19 
21 26 14 15 22 26 12 15 18 33 32 24 20 37 26 27 26 24 28 9 
18 22 29 27 19 32 21 13 21 31 29 27 37 9 21 27 15 35 24 33 
29 21 24 7 18 26 16 22 22 14 10 24 26 14 17 16 26 15 26 18 
27 25 12 16 16 33 29 19 15 24 10 13 34 34 35 21 25 30 19 22 
27 24 19 21 22 32 13 29 12 22 27 34 18 43 19 17 18 34 31 15 
22 21 21 13 8 28 7 11 25 24 14 33 14 20 6 33 19 16 30 23 
35 22 27 13 9 18 22 31 7 25 39 30 26 25 43 28 22 21 25 12 
32 20 21 19 23 31 27 14 26 29 21 19 17 24 19 24 12 19 26 27 
28 16 24 19 33 18 27 36 19 34 34 28 18 27 31 24 22 25 33 29 
24 23 32 12 17 16 18 21 23 25 22 37 25 36 25 23 12 10 19 24 
31 17 26 22 20 35 21 24 13 28 27 22 18 35 29 21 18 43 28 25 
24 13 11 23 13 30 25 33 29 38 28 29 28 29 23 26 27 29 23 22 
26 18 18 22 23 34 21 30 14 6 25 26 11 24 38 20 28 32 19 42 
34 25 14 22 13 34 24 26 20 13 33 32 25 25 31 19 19 27 16 21 
33 18 25 11 21 21 19 20 22 21 4 11 18 10 38 24 17 35 30 20 
23 13 21 24 18 30 33 23 20 35 27 20 27 41 31 28 17 35 28 18 
28 23 40 26 23 34 24 25 23 30 24 31 15 38 24 18 11 39 39 21 
29 22 24 26 23 11 18 18 15 26 35 30 22 28 32 25 20 38 40 19 
34 8 24 32 12 24 16 27 29 18 18 21 23 28 31 28 24 33 22 18 
29 24 16 12 19 24 21 8 16 18 31 22 26 15 28 13 21 38 27 28 
18 19 22 22 16 38 20 17 22 12 20 22 22 17 21 22 25 19 34 31 
32 21 16 23 19 37 18 26 19 26 40 32 25 33 36 17 26 26 23 32 
27 16 18 18 16 26 18 20 19 17 31 23 21 33 28 13 23 31 19 33 
22 24 10 31 23 26 18 14 11 24 28 24 21 25 31 30 32 12 32 18 
18 14 21 20 23 40 18 34 15 15 41 18 15 22 29 23 33 32 39 25 
32 26 23 12 22 35 19 23 19 31 23 19 12 17 25 25 28 12 21 13 
19 28 15 23 11 30 20 26 17 19 23 40 10 25 26 22 13 32 36 27 
25 20 23 27 10 26 19 19 17 30 22 28 24 24 39 15 19 25 22 33 
20 19 35 26 10 25 22 13 23 26 29 41 24 32 13 26 25 17 26 17 
20 21 16 22 20 35 13 21 19 29 14 18 22 40 30 18 19 31 22 12 
31 13 19 8 11 24 14 28 18 30 23 21 27 23 32 22 12 28 27 20 
31 21 11 24 12 23 18 20 22 21 27 24 21 18 26 19 25 30 22 23 
26 15 22 15 20 31 32 31 20 33 26 38 29 31 13 15 20 28 15 21 
18 30 22 27 19 23 22 24 20 29 30 20 32 44 29 25 21 25 22 16 
28 14 21 17 15 14 20 26 18 28 26 27 29 31 24 26 17 31 29 22 
30 22 17 25 10 22 7 21 11 22 25 27 18 32 25 25 24 35 12 20 
31 24 33 22 26 33 24 25 28 17 25 27 16 4 11 33 31 23 34 25 
24 21 12 18 20 20 27 25 22 27 28 20 21 22 34 30 30 23 35 30 
17 25 21 18 11 19 16 17 25 8 31 31 23 34 24 20 17 32 32 22 
35 21 20 24 15 32 17 24 24 24 18 25 20 27 36 21 19 37 26 17 
26 20 20 24 12 40 12 20 16 21 20 19 26 29 44 25 24 35 30 18 
6 16 26 11 20 35 20 19 19 14 15 27 24 30 12 26 26 26 31 23 
17 31 18 27 12 19 20 21 19 24 9 30 19 29 14 22 22 27 20 33 
27 16 34 11 16 36 19 24 19 23 26 23 19 19 19 13 16 31 13 23 
37 24 14 30 26 28 16 28 17 24 38 41 23 38 16 15 26 30 23 15 
26 28 26 14 19 20 10 21 19 33 21 26 15 27 16 31 33 27 17 18 
24 18 13 20 18 28 14 19 13 25 21 25 17 18 29 21 28 26 28 26 
28 9 24 6 17 40 11 23 14 15 25 30 21 6 26 15 23 35 39 26 
35 24 21 29 17 36 14 20 17 29 37 30 16 30 33 14 21 35 23 29 
18 15 20 13 14 38 26 20 14 22 17 23 20 32 22 24 21 26 25 14 
19 12 22 19 18 40 27 27 10 19 20 18 27 44 35 22 26 31 33 35 
19 24 28 17 15 29 19 30 18 18 20 27 30 33 36 25 17 45 37 12 
14 19 25 24 14 21 16 26 15 29 27 17 13 33 14 22 20 24 21 23 
26 17 19 20 3 28 29 33 27 29 31 15 31 32 26 18 21 36 16 28 
22 16 16 32 16 37 19 18 14 21 23 34 30 24 36 17 27 32 30 18 
27 29 39 18 18 21 15 17 14 25 18 17 26 45 20 31 20 37 29 12 
28 24 23 23 34 13 17 14 15 16 18 22 21 19 39 23 16 35 5 30 
20 21 16 4 15 25 17 24 18 25 13 27 27 33 32 23 19 26 32 24 
28 21 27 24 17 30 20 22 12 28 28 19 20 35 19 29 19 24 14 28 
31 14 21 33 19 20 21 22 14 21 34 41 17 29 19 19 17 30 32 22 
27 16 15 26 16 35 18 14 21 33 36 18 15 30 28 20 23 29 14 24 
30 12 12 21 13 33 18 20 15 16 32 18 35 29 30 22 20 36 26 19 
23 23 20 28 24 35 28 17 24 20 32 30 22 27 29 31 11 37 27 27 
26 16 15 31 11 27 20 28 8 19 30 21 22 33 18 24 25 15 28 24 
14 5 30 18 23 40 21 26 12 29 31 31 14 26 23 27 26 21 25 19 
26 18 28 30 11 25 15 22 29 20 36 33 30 18 26 26 17 13 16 33 
21 7 26 26 13 19 13 16 21 42 33 16 15 13 25 22 17 21 18 19 
13 9 20 12 7 24 23 19 17 11 28 31 27 28 27 12 29 38 31 37 
12 21 18 17 18 18 17 18 14 24 35 16 16 9 29 16 13 37 29 25 
30 22 21 10 15 26 18 26 20 21 32 25 14 29 23 20 33 21 17 35 
19 15 18 17 20 33 23 11 19 31 38 21 25 24 35 24 24 32 16 27 
34 21 21 19 19 26 11 20 14 23 18 32 12 27 28 21 18 31 23 31 
26 15 18 25 19 32 21 15 19 27 20 28 25 36 29 23 25 34 42 21 
27 20 25 21 23 21 14 22 9 18 23 21 33 32 29 28 22 40 24 20 
31 25 18 18 19 21 24 16 20 31 37 39 16 23 28 23 26 37 23 34 
23 13 27 21 21 24 25 27 16 22 27 21 15 32 32 22 17 26 29 26 
13 14 14 13 23 30 23 22 18 14 26 23 21 28 45 26 19 40 32 23 
25 22 18 14 17 29 13 29 25 18 19 31 22 26 11 15 20 20 15 35 
12 16 11 12 20 34 21 36 13 20 37 35 17 30 25 23 13 34 18 26 
37 25 19 30 6 34 12 28 17 22 6 21 20 11 23 23 23 33 36 31 
27 20 22 23 14 27 23 20 16 33 28 26 21 40 9 21 18 34 21 20 
17 18 19 14 11 30 22 15 12 30 36 50 25 36 13 25 14 22 24 34 
31 13 10 20 20 19 20 10 12 20 13 30 21 25 17 21 24 32 27 16 
13 20 26 11 13 26 25 10 19 37 16 17 27 23 35 22 13 37 25 34 
34 14 32 22 25 24 22 26 25 32 31 28 20 9 25 22 26 24 28 21 
23 19 16 26 18 17 21 24 16 27 25 22 30 31 30 21 14 25 22 27 
23 17 16 18 24 26 22 15 9 24 40 20 22 24 19 19 24 22 9 28 
26 19 20 29 19 38 7 21 24 25 30 40 25 23 29 23 16 37 31 29 
29 16 14 9 17 33 16 25 20 20 22 13 22 25 31 29 29 26 35 22 
19 15 20 20 15 23 25 21 16 14 31 33 27 28 24 23 26 40 33 23 
24 20 28 16 24 28 15 15 17 19 23 11 15 24 9 22 18 25 23 19 
20 18 25 26 25 15 19 33 17 28 29 5 20 37 25 21 22 27 33 21 
26 25 7 13 19 21 8 23 17 16 27 26 29 42 18 22 15 22 21 22 
28 12 26 27 11 24 21 21 12 24 20 28 21 34 32 16 15 33 27 12 
22 16 27 18 26 20 21 22 16 29 21 25 20 34 32 23 18 36 32 24 
31 19 9 27 18 18 23 20 20 24 38 25 28 25 30 27 28 21 27 5 
27 16 21 30 22 22 18 24 22 34 25 32 27 35 28 28 24 26 28 28 
24 18 32 32 13 36 14 24 29 31 44 19 22 31 29 29 21 25 18 6 
17 21 30 24 16 15 18 20 22 18 24 10 15 33 41 30 19 40 32 20 
23 11 15 18 18 23 29 13 21 20 30 40 22 31 40 17 21 23 27 32 
24 14 32 24 29 28 16 12 14 15 7 25 25 22 32 10 20 8 24 17 
25 17 26 12 19 15 16 28 28 24 23 22 16 15 25 34 14 19 16 16 
21 27 21 22 22 32 16 10 14 15 31 32 15 20 41 20 23 59 30 17 
29 19 13 24 17 45 11 16 27 22 26 36 20 37 25 22 24 30 35 26 
13 18 24 19 23 26 14 16 14 30 33 22 17 24 18 11 16 33 25 12 
33 10 22 21 18 34 19 23 22 26 29 37 17 34 25 22 14 34 30 25 
18 18 17 25 23 21 22 16 21 18 20 30 27 29 37 22 27 31 31 13 
17 19 20 23 18 29 25 22 10 38 31 28 24 29 29 18 29 25 29 21 
33 15 33 24 16 21 18 23 17 32 17 33 18 29 42 27 18 20 21 20 
35 18 19 22 18 31 16 30 16 31 19 20 20 18 34 22 17 36 31 29 
21 32 30 19 22 29 22 27 22 27 32 31 31 31 31 22 20 16 18 23 
14 20 20 21 16 35 8 20 8 19 24 18 30 31 25 25 14 37 25 20 
9 10 18 33 12 31 21 13 16 29 22 25 21 32 29 11 20 33 32 34 
24 7 28 17 17 40 33 32 13 26 34 33 20 37 24 20 24 21 28 18 
26 19 22 15 15 33 14 20 24 27 31 24 23 38 23 22 19 25 36 15 
30 12 20 19 13 23 25 13 18 33 28 22 38 33 24 15 25 22 36 20 
21 20 26 18 32 23 18 18 18 29 40 25 19 25 38 6 15 31 18 16 
33 22 20 31 18 26 15 15 13 34 28 23 15 24 17 18 20 32 22 33 
22 17 17 16 16 27 21 18 19 12 24 34 13 33 32 24 24 28 25 33 
24 5 24 17 4 38 18 15 16 37 21 15 30 49 28 27 21 30 28 22 
23 14 16 19 16 26 20 18 19 30 18 22 23 30 38 15 15 12 30 13 
25 17 13 23 17 44 13 30 23 24 29 25 25 30 36 17 9 28 32 19 
26 13 28 21 15 27 19 18 29 35 36 30 18 25 11 16 11 30 31 27 
18 21 18 18 22 16 10 26 24 13 28 15 12 25 27 21 28 18 21 34 
26 21 18 20 22 25 23 15 12 20 34 29 23 25 16 18 11 34 25 23 
28 21 16 23 18 20 17 18 24 31 26 32 20 36 20 25 23 34 31 32 
23 19 18 19 12 39 26 21 15 19 37 14 20 38 34 18 26 14 19 22 
19 20 15 19 19 25 13 30 9 21 37 30 35 11 23 35 27 47 28 22 
30 21 26 16 14 20 23 19 20 20 37 30 20 27 21 23 34 42 44 22 
31 12 15 19 16 30 16 21 17 18 21 30 19 26 25 41 13 20 36 14 
23 19 29 21 20 33 19 21 15 30 14 34 29 48 25 18 12 26 30 16 
31 19 18 11 17 22 25 16 14 17 30 19 7 25 23 31 26 43 38 25 
23 16 9 25 21 33 21 14 20 22 8 38 22 31 39 19 20 36 31 27 
24 7 26 23 14 36 17 29 8 25 24 35 30 23 24 13 18 39 21 19 
25 20 22 21 21 26 17 26 30 31 38 27 13 20 29 19 22 28 27 26 
21 8 14 19 21 29 13 27 13 26 32 26 24 32 40 31 20 34 33 28 
29 13 18 20 19 38 15 15 12 24 18 27 23 39 27 22 7 38 21 28 
33 12 23 21 14 44 16 34 18 19 17 17 19 30 35 32 15 26 3 10 
24 15 20 15 17 31 18 27 13 18 28 32 23 24 31 17 23 47 37 17 
23 19 30 23 9 19 15 20 10 21 32 24 16 43 30 23 32 23 21 35 
17 11 16 25 23 37 24 27 18 23 30 38 32 23 22 15 4 18 36 28 
20 16 23 18 16 25 20 20 12 13 27 37 9 25 26 20 19 33 27 31 
25 20 22 14 15 21 22 20 19 8 47 15 18 6 18 15 20 35 20 18 
23 17 19 15 16 35 21 19 13 16 25 32 12 24 12 26 14 40 33 22 
29 10 17 29 23 32 14 21 9 34 24 16 9 19 26 21 26 37 30 26 
15 18 21 18 23 25 16 27 5 8 29 31 22 25 27 19 13 39 43 21 
21 29 16 17 20 46 10 22 21 21 27 27 27 12 33 31 24 45 23 31 
34 16 14 20 22 34 22 24 24 23 31 40 19 32 29 25 21 29 17 15 
29 5 16 20 8 38 19 17 20 12 23 17 31 19 21 17 18 15 25 28 
10 21 28 6 22 32 16 17 14 20 27 21 31 33 12 31 28 29 28 30 
25 30 24 17 12 52 11 24 18 24 30 35 19 23 32 17 14 32 41 19 
26 14 31 17 21 25 23 21 19 30 15 30 25 32 24 23 19 21 31 22 
18 11 34 37 20 40 20 16 18 25 21 19 22 16 24 27 19 32 27 17 
22 17 22 19 13 26 23 30 16 38 23 20 14 25 34 23 13 25 30 22 
26 15 24 14 14 17 19 12 15 33 23 27 31 26 35 24 24 29 6 17 
29 10 31 26 26 37 18 12 26 31 25 27 14 21 33 32 16 37 25 16 
21 20 29 27 23 32 22 17 14 26 27 11 13 6 26 27 14 23 22 28 
24 19 16 14 15 25 14 24 11 15 22 48 21 32 27 17 21 40 25 11 
32 12 18 21 23 25 12 25 23 23 23 19 29 22 46 14 21 24 27 22 
32 13 17 21 19 29 23 30 33 34 21 32 16 45 33 26 16 44 24 43 
31 19 15 16 19 30 16 24 17 28 13 28 23 39 25 21 17 19 44 23 
30 22 16 12 18 12 24 33 22 19 27 32 23 19 23 26 15 32 23 24 
39 17 21 15 24 18 26 19 15 31 16 19 23 35 33 23 15 20 21 33 
17 18 27 24 19 23 25 30 10 36 33 28 25 21 17 13 10 22 13 29 
24 9 34 21 14 28 10 17 22 13 44 33 28 24 15 24 19 44 37 31 
37 18 18 14 21 36 17 23 16 24 18 21 24 28 29 29 22 27 31 23 
28 10 21 10 19 16 26 18 24 20 45 32 20 32 28 22 14 30 24 31 
26 13 23 19 23 27 18 19 25 26 26 19 16 15 22 21 18 31 36 17 
27 20 21 16 20 17 23 29 11 22 25 20 15 39 27 19 9 33 26 25 
28 12 13 27 24 45 19 23 20 22 28 25 15 34 19 31 21 29 29 18 
39 22 15 22 1 39 20 29 25 18 22 28 31 42 21 23 19 23 29 30 
20 24 20 30 17 32 20 15 12 27 16 26 20 26 24 31 15 10 8 26 
30 19 22 15 20 15 18 29 8 25 23 28 22 28 35 13 13 33 37 24 
21 18 16 4 22 24 10 19 15 24 22 34 26 28 23 15 19 42 16 23 
35 19 24 15 21 43 17 31 19 20 16 22 22 20 27 19 19 28 46 16 
28 25 26 18 16 27 27 26 15 27 23 30 26 41 36 17 20 39 31 21 
13 17 23 15 14 26 14 23 22 25 20 27 18 32 25 27 19 40 35 34 
34 15 16 16 20 24 15 23 18 23 18 3 16 32 14 16 25 39 38 25 
16 16 24 23 6 39 12 24 19 39 20 33 33 21 35 28 31 24 23 21 
31 15 18 8 14 29 22 21 10 34 21 27 23 21 39 25 20 23 20 23 
23 17 26 23 17 22 16 22 24 24 29 16 27 40 35 26 19 42 31 20 
26 18 22 30 19 27 24 39 18 34 33 33 19 41 16 24 19 28 46 23 
25 18 25 13 16 35 12 29 15 16 17 21 26 25 29 24 23 37 30 23 
27 19 30 13 21 25 19 26 22 28 19 33 26 33 22 28 20 35 38 26 
30 18 18 31 18 31 17 25 15 24 17 24 21 33 32 18 21 26 30 27 
16 17 29 31 17 22 11 24 19 23 25 30 27 15 31 25 24 27 34 26 
22 10 23 20 13 31 10 22 14 23 20 33 20 24 21 32 28 23 36 19 
26 17 23 29 19 23 22 19 15 21 28 34 18 10 31 18 29 22 24 17 
27 26 21 9 22 31 23 25 18 18 19 30 30 20 12 20 27 32 33 15 
32 16 21 31 12 30 23 14 28 23 26 29 15 43 23 27 24 25 26 22 
25 18 19 17 13 28 20 27 16 33 39 22 17 37 21 23 19 25 45 22 
20 20 6 22 24 37 14 25 18 25 26 25 23 32 23 21 22 20 42 30 
17 13 29 20 18 18 18 22 25 36 8 13 17 28 28 12 7 31 32 23 
32 16 31 14 17 21 28 21 18 34 31 28 28 5 23 33 10 21 26 30 
32 27 24 18 20 21 10 23 8 27 32 21 25 8 29 27 22 29 27 28 
17 15 23 21 19 27 22 17 21 25 14 27 29 28 19 28 15 26 35 25 
25 25 25 18 26 30 15 22 19 18 39 38 24 42 36 21 18 12 40 24 
22 18 24 23 13 24 20 21 28 10 28 24 18 22 21 18 16 19 21 27 
25 13 10 21 19 30 24 27 19 20 17 26 14 23 22 22 22 34 30 22 
25 23 16 20 17 24 14 24 14 23 28 28 26 19 41 9 20 34 34 20 
28 13 17 32 19 24 17 6 20 22 35 36 16 31 43 30 30 25 38 19 
15 17 14 19 22 18 19 18 19 25 26 34 22 31 24 26 36 17 19 27 
25 27 17 19 25 8 17 14 27 16 36 29 15 9 30 21 23 28 12 33 
32 25 17 23 12 32 16 7 7 29 24 28 26 28 34 18 21 48 27 29 
17 23 21 19 15 28 23 25 19 26 27 36 15 23 30 24 17 23 33 26 
30 20 20 6 12 25 16 26 21 28 33 27 21 44 37 10 29 20 27 29 
31 16 14 15 16 26 14 30 14 30 21 39 12 33 21 15 31 22 37 26 
32 14 22 19 13 18 25 18 17 25 34 25 21 4 29 13 20 32 27 20 
27 22 26 5 15 26 20 25 23 9 20 25 16 29 34 19 24 34 17 27 
24 21 32 14 17 27 28 24 17 22 27 33 19 22 37 22 22 38 34 27 
29 21 30 23 14 23 23 25 18 30 28 26 22 30 29 16 23 26 33 18 
41 13 35 12 10 10 20 17 22 28 20 25 20 24 22 20 17 27 38 15 
20 18 3 21 18 28 16 20 11 21 43 24 24 31 30 26 26 37 22 27 
22 18 10 19 16 20 23 31 24 29 48 28 25 22 22 31 23 29 35 26 
22 18 23 19 11 22 26 24 19 26 31 20 27 24 38 37 29 36 24 18 
25 25 27 20 18 32 24 19 18 14 16 20 19 31 19 19 23 34 46 17 
22 8 20 19 11 30 26 24 25 20 25 22 16 36 25 15 21 26 2 22 
17 15 25 28 18 8 19 22 19 20 16 24 28 16 32 29 4 41 23 22 
33 18 19 14 18 27 24 24 10 29 5 30 16 19 29 9 19 14 36 25 
27 11 26 13 21 17 24 27 18 41 18 21 23 15 28 25 20 43 33 28 
37 12 27 28 22 38 16 23 21 40 14 27 32 20 27 18 11 32 37 24 
30 14 19 19 18 29 22 24 12 18 20 36 26 30 12 21 19 34 31 19 
21 11 27 13 25 27 21 23 20 27 38 32 26 43 28 16 20 18 16 23 
35 24 22 20 17 35 26 27 12 34 38 18 22 30 33 29 13 29 26 11 
24 21 30 18 17 27 15 14 31 31 24 24 6 26 18 23 10 28 26 23 
20 23 20 21 18 6 15 22 16 35 23 35 9 33 31 17 18 39 35 19 
33 22 27 20 25 19 23 35 22 20 24 23 33 37 30 17 23 25 19 29 
12 17 30 9 19 38 30 24 24 4 24 28 21 11 26 24 17 46 28 38 
33 7 15 19 21 37 11 21 16 32 43 30 26 14 24 17 21 21 27 24 
34 15 19 21 21 19 24 22 13 24 9 23 20 26 21 17 20 35 32 12 
19 24 26 19 19 25 16 32 18 24 13 25 25 15 20 21 30 25 36 26 
23 21 24 20 18 30 10 27 15 38 11 30 16 24 20 19 21 23 24 29 
16 12 8 19 24 20 25 26 8 33 20 18 23 27 21 30 21 31 25 32 
25 21 17 13 20 38 9 12 17 23 40 21 29 40 34 15 23 35 12 22 
40 16 7 15 11 29 21 20 22 26 32 34 27 37 36 16 9 44 23 5 
30 17 36 14 12 47 12 27 25 27 24 23 19 23 47 27 26 42 32 17 
22 14 15 10 17 32 24 22 14 36 15 34 15 19 26 15 14 25 16 23 
27 19 25 29 19 39 21 25 19 23 22 24 23 32 22 24 31 35 25 24 
26 14 28 14 8 22 19 23 22 26 17 28 24 30 20 21 25 42 32 23 
23 9 24 16 25 36 12 30 17 29 24 33 21 27 31 24 18 25 25 23 
22 23 21 27 6 23 19 25 17 33 33 22 18 17 34 29 17 43 19 27 
23 17 30 25 13 22 23 39 16 14 31 27 17 37 19 25 26 31 33 20 
20 17 23 26 18 31 21 24 26 16 36 14 25 32 29 16 21 23 22 17 
22 17 17 17 22 26 20 32 19 32 18 35 28 24 12 21 10 39 28 28 
22 24 18 20 18 43 18 22 23 11 23 26 22 32 32 22 23 23 20 22 
31 16 16 20 10 17 29 14 17 19 15 36 24 30 30 21 15 33 26 24 
32 17 25 29 11 27 20 29 13 15 15 37 24 37 19 19 17 42 26 19 
23 20 12 26 12 30 21 19 9 24 19 27 20 29 19 14 22 23 22 15 
32 16 22 19 16 37 19 33 17 23 24 37 23 35 13 22 30 48 22 24 
28 26 15 21 26 38 17 11 19 35 30 35 24 39 21 17 32 28 25 14 
44 14 25 20 19 18 24 21 14 30 17 31 24 39 22 31 19 28 13 17 
10 16 17 20 20 34 16 16 14 41 21 28 17 26 25 18 23 34 25 26 
36 7 21 22 21 26 22 20 21 20 25 13 23 42 21 21 25 20 27 23 
25 18 20 10 23 39 15 26 21 24 18 23 7 24 12 27 10 24 24 15 
33 14 9 26 10 23 25 11 12 11 33 23 33 34 25 34 30 32 28 19 
21 17 7 12 18 16 17 25 6 33 33 24 30 31 19 24 26 24 22 22 
22 17 26 23 8 21 14 17 19 17 28 30 23 21 20 35 20 36 38 25 
28 22 15 14 18 28 15 24 19 19 8 26 23 47 27 21 24 40 46 28 
23 16 28 18 17 21 21 30 22 19 28 19 28 24 23 31 31 26 37 21 
18 19 27 13 21 17 9 30 15 32 30 29 23 20 18 10 25 33 34 19 
28 23 18 14 14 34 16 7 26 20 35 41 23 25 26 30 18 47 19 16 
37 16 27 17 9 28 25 25 21 19 20 21 26 24 20 29 20 32 23 24 
23 12 33 17 16 30 16 37 14 20 25 26 12 27 19 20 14 21 28 23 
17 26 18 16 11 46 17 15 23 29 24 12 33 30 23 21 20 30 22 25 
14 18 20 20 17 30 20 11 19 18 34 34 7 29 30 29 21 44 36 20 
22 14 12 27 14 22 15 20 17 27 30 31 19 30 29 23 22 38 23 31 
21 21 7 22 22 32 25 30 16 23 25 18 25 25 32 24 23 16 39 23 
27 9 14 19 28 15 11 31 15 35 34 36 19 36 27 28 11 38 28 22 
26 23 25 25 23 37 19 30 25 38 37 16 15 21 32 10 19 28 30 30 
23 11 19 25 21 36 18 23 21 27 42 21 21 32 29 24 19 19 31 21 
35 14 28 25 10 34 14 26 14 25 42 27 21 23 28 19 17 31 22 13 
28 19 14 16 18 15 27 30 16 18 37 31 21 19 29 18 22 29 31 36 
40 10 19 26 15 35 20 16 22 16 25 28 32 35 13 25 27 31 19 25 
28 22 23 25 20 29 12 17 22 25 19 15 19 19 25 25 22 14 39 33 
15 21 28 23 20 53 22 20 14 28 18 28 18 37 23 22 14 31 30 28 
26 22 10 23 21 28 23 18 19 20 41 35 20 33 38 16 27 30 43 28 
19 13 24 17 19 38 25 10 9 21 22 27 22 32 12 13 20 20 27 27 
32 23 21 29 15 30 13 29 16 29 34 37 25 21 29 14 28 36 20 18 
29 20 16 19 13 25 15 18 23 19 34 30 16 37 35 20 24 25 28 14 
26 17 20 13 19 22 24 17 20 20 28 12 26 36 38 18 25 28 28 26 
10 19 25 28 21 34 18 20 24 26 35 17 8 33 45 22 14 16 27 26 
18 25 24 18 18 25 22 15 21 35 33 21 24 37 22 14 24 37 39 9 
18 9 15 27 12 25 19 29 15 32 38 30 23 22 31 17 21 25 28 31 
23 22 21 23 17 11 9 23 7 22 13 34 17 30 45 26 25 32 31 26 
35 16 21 11 22 24 20 23 8 22 17 29 15 34 11 27 16 16 30 19 
21 18 16 21 17 28 15 24 27 20 35 23 30 20 31 26 18 38 27 21 
28 26 35 25 16 29 22 20 16 22 10 33 21 30 38 21 27 34 19 32 
34 23 26 19 9 29 20 22 12 9 15 32 23 29 27 16 22 33 17 18 
16 15 25 18 17 35 23 15 24 26 35 23 13 9 35 23 17 33 14 17 
14 14 18 18 19 22 14 21 15 9 26 21 25 29 37 19 18 38 33 18 
18 21 18 24 19 26 25 19 7 14 31 32 20 22 39 10 21 34 24 18 
18 19 28 20 14 26 5 31 21 15 26 21 15 22 41 24 16 44 30 23 
29 24 31 21 15 18 28 25 26 29 14 21 16 24 40 25 19 36 42 23 
26 15 27 11 17 47 17 21 20 18 17 24 22 20 29 22 22 27 29 17 
35 16 13 8 18 25 15 35 20 26 26 24 18 39 23 16 15 42 25 22 
20 14 22 24 18 29 15 20 11 18 27 29 29 17 26 15 24 33 26 27 
26 5 14 13 17 18 27 15 21 21 24 31 23 32 34 23 21 32 20 13 
32 10 19 27 11 27 22 27 19 13 45 22 19 35 25 28 10 34 33 22 
20 18 19 30 14 21 16 17 22 26 40 21 22 29 28 27 21 38 34 24 
12 14 27 34 24 20 28 31 21 21 29 20 15 30 15 18 13 25 33 13 
31 14 24 30 12 31 16 21 20 28 31 33 17 27 32 11 28 39 17 23 
30 11 20 28 14 27 24 31 20 21 20 29 19 20 15 24 33 20 21 27 
23 17 28 23 7 30 18 22 16 33 26 23 20 27 25 13 24 26 18 31 
31 16 15 23 18 30 22 19 15 22 27 32 28 24 12 29 16 24 39 23 
20 15 30 21 18 34 23 13 16 35 32 22 20 39 18 27 27 36 33 13 
21 18 25 22 19 21 17 25 16 22 33 22 15 35 40 26 23 26 14 21 
15 15 23 21 16 22 24 25 18 19 27 30 17 47 34 31 16 28 30 27 
25 19 16 13 21 23 24 17 19 20 26 38 19 35 43 20 16 40 31 22 
11 20 24 18 14 18 15 28 21 16 20 40 32 21 31 27 17 25 30 32 
30 20 12 23 14 28 23 21 8 34 31 24 15 27 26 35 21 46 28 25 
34 19 20 20 23 29 13 24 19 21 27 33 15 31 39 18 23 35 24 21 
25 19 17 16 16 26 16 19 19 20 23 26 16 42 18 29 20 36 22 10 
27 31 20 22 14 28 21 22 15 26 41 29 20 33 14 16 16 43 14 15 
27 18 25 24 21 37 18 24 19 37 27 29 15 25 6 15 22 28 19 25 
30 22 42 15 8 12 26 24 20 34 19 24 20 13 34 8 20 23 27 20 
13 25 27 26 22 26 14 19 9 20 19 26 18 29 17 20 11 28 30 18 
10 16 22 18 22 19 12 12 9 26 28 13 31 19 26 24 23 27 31 15 
32 20 27 32 17 27 18 17 19 27 25 22 21 28 21 24 27 37 27 21 
18 15 27 20 21 28 22 25 16 29 20 26 27 16 24 20 10 19 40 28 
21 18 25 11 25 42 22 30 17 18 38 23 15 34 25 16 16 26 44 16 
17 19 19 27 22 21 16 20 11 21 22 19 26 35 35 19 22 32 12 30 
32 17 20 17 17 19 18 26 10 36 23 31 12 21 21 13 23 23 25 27 
18 20 22 21 19 3 17 18 7 11 25 27 22 14 31 24 29 37 39 27 
20 14 22 10 10 31 26 27 18 16 25 21 32 30 20 29 8 32 35 26 
22 19 26 22 18 27 20 33 14 26 28 17 31 26 26 36 18 38 35 25 
19 23 24 25 14 33 28 26 28 27 25 22 26 29 38 31 10 40 19 25 
33 14 19 17 16 31 18 22 26 17 23 38 26 30 20 27 15 29 27 19 
27 29 20 16 23 29 17 22 21 33 25 19 28 37 39 27 16 22 27 15 
15 29 19 10 17 42 23 19 17 24 34 24 22 37 24 21 27 22 29 26 
22 22 21 15 21 23 17 24 20 6 17 26 27 22 21 22 18 38 26 26 
32 21 11 12 25 23 24 23 22 12 21 20 28 23 35 26 23 33 14 22 
17 23 28 28 13 24 24 23 17 15 20 26 20 30 32 30 21 15 27 34 
21 16 10 40 24 24 27 16 24 16 41 20 19 24 28 38 21 29 34 18 
11 15 15 27 22 36 19 25 24 19 33 32 21 33 22 34 23 23 17 26 
22 16 19 19 24 41 27 23 7 14 13 17 25 26 29 19 24 23 36 28 
18 16 19 15 13 24 26 31 21 21 28 13 22 25 36 16 12 34 21 23 
21 18 22 28 7 23 12 26 17 37 23 42 28 25 22 18 25 31 31 19 
32 14 32 25 19 30 23 29 22 27 23 24 23 30 27 24 26 33 22 28 
24 12 26 15 29 8 19 20 16 37 35 31 20 29 29 15 20 27 27 32 
16 20 18 21 20 18 19 22 25 34 6 14 22 28 18 21 18 36 17 14 
36 6 11 24 20 26 26 26 14 19 35 28 20 21 41 26 26 26 23 15 
23 23 9 22 20 38 13 25 23 29 37 16 20 46 23 18 27 28 35 23 
19 18 20 31 23 26 24 28 13 13 46 24 17 28 21 23 30 21 31 17 
15 19 30 27 13 34 15 27 19 17 34 34 22 44 21 30 18 26 30 23 
28 19 31 18 24 45 17 22 25 8 28 20 20 19 30 32 30 43 20 18 
26 15 17 17 9 19 14 13 18 28 22 26 18 24 31 28 26 17 31 27 
42 23 19 20 17 29 28 29 16 30 14 22 16 28 32 26 19 26 44 19 
31 15 22 26 16 27 22 24 23 21 22 22 22 40 19 27 22 15 29 35 
35 23 17 28 21 28 15 25 16 25 22 27 21 23 39 19 6 23 37 22 
33 15 23 22 23 36 24 14 14 35 28 20 21 22 23 26 22 34 28 24 
21 21 25 23 21 16 28 20 19 40 26 27 27 28 8 33 18 36 32 28 
24 14 15 23 12 21 12 21 39 37 34 17 31 37 28 26 20 24 37 25 
27 17 12 25 11 16 21 33 9 30 22 36 7 12 20 23 24 32 30 19 
17 17 26 14 17 25 14 23 16 25 25 31 11 41 26 10 17 11 29 19 
26 15 16 8 25 10 19 29 22 25 19 31 24 22 31 22 23 33 11 19 
23 22 14 5 19 26 18 35 22 17 36 19 22 19 26 29 23 20 22 22 
15 16 19 14 18 28 17 19 15 26 28 27 25 35 28 28 11 18 30 26 
28 25 22 18 25 15 16 23 19 34 25 29 22 8 15 22 27 32 21 19 
30 16 24 21 24 39 20 19 14 24 18 24 28 21 40 19 22 30 19 27 
28 16 20 25 18 30 26 28 23 21 23 29 25 26 29 27 17 11 8 33 
16 20 22 21 13 21 24 16 16 24 24 34 36 36 33 27 27 23 21 12 
23 9 16 22 18 24 21 25 20 19 30 23 15 24 23 23 17 21 28 23 
33 27 21 23 13 21 18 12 18 31 24 32 16 40 24 20 24 19 20 40 
24 22 26 17 20 34 16 28 16 23 38 23 22 35 31 10 30 42 33 19 
30 30 14 17 15 24 21 10 13 17 39 15 28 37 40 26 15 19 26 19 
40 19 20 28 12 32 17 10 18 23 35 24 17 29 27 21 15 29 29 15 
34 10 32 22 16 39 17 13 13 28 4 21 6 34 18 14 29 34 40 24 
22 16 28 18 17 37 11 24 19 28 18 31 22 21 34 19 18 19 28 17 
24 13 13 24 18 40 23 18 21 39 43 27 18 34 31 20 15 37 27 24 
18 15 16 16 10 37 15 18 16 6 30 20 18 18 29 23 22 25 33 20 
27 17 30 13 24 30 14 28 6 27 36 18 28 30 24 24 27 35 27 30 
23 15 19 22 17 20 19 22 15 34 6 15 18 29 32 14 19 37 36 23 
29 16 30 15 16 32 22 27 17 20 20 24 19 37 32 24 24 26 26 26 
37 8 16 21 26 24 27 21 7 27 30 19 35 8 15 16 22 25 28 25 
32 10 4 17 5 41 23 25 19 12 28 25 25 26 26 16 12 49 19 14 
26 25 14 33 17 27 16 18 20 24 44 28 8 30 19 14 20 26 47 21 
33 19 26 19 21 27 18 24 27 26 28 39 10 9 31 18 27 4 28 25 
25 23 13 17 7 21 21 29 16 19 23 37 19 19 33 27 28 27 33 28 
20 14 16 20 17 28 19 20 26 25 11 30 16 30 17 19 18 36 21 12 
26 18 18 24 10 26 26 22 20 31 23 20 26 29 24 26 20 33 19 25 
23 15 24 21 9 43 18 27 21 21 17 26 20 36 25 25 25 35 25 22 
31 21 25 23 15 21 13 16 15 23 31 27 14 32 24 25 15 35 27 32 
26 20 11 15 27 24 22 31 16 18 45 18 26 17 25 20 17 21 17 26 
16 14 25 18 18 21 24 20 21 23 21 34 22 28 23 28 23 33 21 37 
39 17 12 28 17 32 13 29 11 26 29 23 23 40 22 24 28 22 40 21 
22 13 9 20 22 31 12 21 12 29 25 30 24 12 26 15 21 35 31 24 
21 12 20 32 17 27 7 36 30 31 37 23 18 16 31 31 24 21 33 37 
33 10 25 23 15 22 18 18 21 27 26 32 21 28 37 22 18 28 19 20 
22 28 18 13 27 29 11 23 15 9 35 32 23 31 31 32 34 29 18 18 
10 4 22 16 19 29 23 12 13 35 14 31 19 26 22 24 22 24 38 24 
22 16 19 23 15 25 23 18 27 23 33 20 26 11 26 19 29 35 25 22 
27 26 19 21 16 18 25 29 19 26 21 21 14 27 10 26 28 30 14 16 
29 18 16 20 15 44 18 19 10 18 38 19 15 29 25 22 27 21 35 23 
24 16 29 17 7 19 25 29 17 24 39 30 21 22 28 31 23 33 26 30 
27 12 18 26 18 25 19 24 15 29 25 40 24 26 18 27 13 43 26 14 
26 14 18 7 19 27 20 28 9 29 33 26 19 13 50 20 20 25 38 28 
17 19 24 19 28 24 22 21 20 21 23 26 18 41 39 31 23 21 35 34 
34 26 25 27 17 14 16 19 18 18 39 35 18 26 24 14 19 30 34 31 
32 19 20 17 13 33 17 32 28 14 31 31 24 32 17 25 20 43 23 20 
25 22 16 16 11 37 18 22 25 25 22 21 29 34 16 27 16 28 23 23 
32 19 22 30 17 19 20 28 19 19 20 13 11 24 12 10 32 20 33 22 
28 16 14 24 15 17 17 13 17 25 20 19 19 27 27 15 24 20 35 23 
18 22 35 23 20 17 21 21 15 36 38 35 18 20 33 18 17 24 33 21 
28 20 16 14 24 30 9 27 20 12 12 26 20 27 18 28 24 30 28 26 
31 19 16 14 17 44 17 21 28 18 23 25 26 27 29 20 23 30 14 19 
36 20 26 16 7 19 24 16 16 22 36 33 30 31 37 22 16 39 34 30 
39 26 15 18 21 33 17 12 27 24 27 31 25 24 22 18 18 44 25 22 
33 13 14 21 12 15 18 21 17 20 21 20 35 27 19 29 16 35 30 27 
28 13 22 28 10 26 16 18 23 34 17 30 22 45 42 25 24 34 21 34 
35 18 22 18 23 24 24 17 16 25 30 22 24 31 37 20 18 36 20 14 
30 14 27 24 18 24 16 29 15 21 33 32 19 28 24 24 17 37 24 20 
26 17 22 19 18 18 27 36 18 21 16 33 25 29 31 8 22 36 34 17 
26 26 26 21 13 22 13 28 14 17 24 31 27 36 26 26 9 34 35 37 
32 16 19 28 17 13 18 27 12 11 6 32 18 26 29 31 13 30 27 12 
26 19 21 13 13 26 20 16 12 25 22 29 27 26 30 17 22 25 39 31 
19 19 22 21 21 32 15 20 13 29 14 36 26 31 19 18 18 3 25 19 
30 21 24 19 21 26 21 20 22 6 28 26 32 42 9 20 20 25 29 20 
34 17 18 22 9 12 25 29 26 14 18 28 24 22 25 14 11 34 32 22 
22 20 16 15 14 28 17 25 13 34 20 20 14 14 37 30 15 22 25 20 
25 12 12 27 23 28 18 29 26 27 39 32 22 36 15 23 25 32 25 18 
26 16 9 20 20 31 18 16 28 21 19 9 19 25 16 21 32 27 23 31 
23 23 11 20 21 41 25 20 12 25 38 21 22 18 21 12 19 24 35 12 
31 13 15 31 27 20 17 17 18 29 29 10 18 21 37 22 24 40 37 29 
34 21 18 21 19 40 26 10 15 20 34 31 13 15 33 17 28 20 28 23 
20 16 16 14 28 32 22 26 19 18 33 37 10 28 34 27 18 18 28 21 
24 26 17 15 30 39 16 19 23 22 31 25 35 30 26 25 7 29 32 25 
18 15 22 24 17 35 18 24 20 8 14 30 20 47 30 22 20 18 31 25 
24 10 22 14 18 10 26 13 16 20 34 18 33 37 27 15 11 24 43 22 
26 21 20 22 23 21 13 17 16 23 16 36 24 28 12 27 12 37 26 14 
27 18 28 32 15 33 11 31 14 24 25 18 20 42 34 9 26 17 39 18 
18 24 16 18 18 23 15 28 15 30 25 32 23 26 6 28 25 25 23 12 
29 18 15 22 23 29 21 13 20 25 27 15 20 29 42 23 12 35 20 23 
16 21 20 17 11 34 26 24 15 19 19 30 25 26 37 33 15 18 37 30 
27 17 22 22 13 35 24 22 11 29 24 31 21 40 19 29 18 31 32 19 
21 16 14 17 29 18 17 24 17 23 26 27 10 24 33 28 20 32 38 28 
21 17 23 13 13 28 29 25 18 29 36 28 16 40 20 34 25 41 38 23 
19 12 25 29 21 31 16 11 22 37 22 22 29 13 34 16 17 25 34 19 
29 19 21 10 24 18 20 25 23 20 17 33 14 26 29 16 11 36 26 14 
30 10 17 22 23 16 19 24 13 25 18 22 27 30 16 24 16 37 29 25 
28 22 12 21 23 29 22 17 14 28 20 21 23 24 35 12 15 27 26 34 
22 13 18 25 21 30 26 9 10 29 33 24 9 28 36 28 25 9 35 24 
18 13 13 10 19 19 14 22 15 38 17 24 20 34 15 20 21 26 35 22 
28 22 17 16 13 24 17 21 21 26 32 24 15 24 35 23 16 33 29 23 
14 14 21 23 2 18 13 29 23 19 27 18 33 34 26 10 21 45 22 22 
21 10 24 14 22 26 13 24 19 25 35 25 23 22 32 24 27 32 41 18 
27 21 18 14 19 29 19 22 22 23 22 22 24 22 34 26 19 36 19 25 
28 19 26 27 24 25 21 29 14 33 33 33 21 34 15 24 28 39 29 24 
24 16 17 22 18 17 29 36 16 31 23 13 25 19 33 22 12 24 33 16 
33 6 24 27 17 36 14 33 28 30 33 33 24 20 12 18 18 36 32 25 
16 11 22 24 12 26 11 15 18 18 16 17 20 28 35 21 28 28 20 27 
15 22 11 12 25 28 15 18 9 21 33 29 35 34 21 15 19 33 22 16 
24 17 25 15 20 11 16 21 33 31 34 22 26 26 27 15 21 22 36 13 
21 14 13 25 19 30 14 26 21 28 21 24 18 37 25 9 10 32 43 34 
19 21 15 28 15 32 24 23 17 21 30 25 18 28 32 20 14 18 31 13 
13 19 29 20 26 22 21 28 18 20 27 33 14 29 36 23 22 28 31 23 
15 21 19 29 27 31 14 21 6 21 26 28 36 11 32 20 26 22 22 20 
21 16 22 25 23 35 19 6 22 25 30 33 18 15 30 13 28 38 21 23 
31 19 20 25 14 23 21 21 19 33 38 24 21 27 12 26 28 34 19 15 
22 18 21 13 6 19 23 21 17 20 27 29 26 21 22 29 16 38 25 22 
26 17 22 15 15 21 24 29 21 12 25 31 16 22 31 25 20 28 29 23 
27 17 23 20 16 15 22 23 17 16 42 17 19 24 32 21 20 35 32 16 
15 19 17 19 11 34 22 27 15 35 30 19 14 27 29 18 27 32 11 21 
18 12 15 22 13 35 14 22 12 23 30 25 20 26 21 25 33 28 30 40 
27 19 32 24 20 26 26 11 31 32 35 25 12 33 20 28 18 16 33 19 
14 8 24 26 21 24 14 24 16 18 23 17 19 18 27 26 36 30 27 29 
17 25 21 29 17 23 25 24 15 27 32 25 15 23 24 17 20 36 21 22 
28 24 27 25 25 34 18 25 20 27 21 25 25 22 24 21 23 29 14 28 
27 21 20 25 24 14 27 23 19 19 30 24 26 13 27 16 21 38 16 26 
38 22 28 18 22 32 26 15 12 20 26 15 20 28 29 24 18 37 14 17 
39 21 23 16 19 23 26 19 9 25 24 19 19 36 25 15 21 34 23 28 
32 16 27 19 17 20 17 4 26 3 29 20 15 24 20 16 26 25 37 21 
31 15 22 18 15 30 18 19 21 23 38 32 18 28 33 20 16 36 33 30 
30 9 21 19 14 41 11 20 12 19 26 22 27 24 33 26 25 24 23 27 
17 23 9 18 29 25 12 21 30 23 42 37 24 20 19 28 26 39 22 28 
29 16 20 22 22 27 16 20 13 23 29 30 26 27 25 28 28 25 21 31 
27 15 21 26 24 28 22 20 14 17 28 20 19 34 34 24 19 20 33 25 
28 17 18 27 8 42 25 22 19 28 38 23 29 22 18 11 30 29 39 20 
24 15 24 11 8 32 19 30 10 22 18 30 29 13 21 32 17 43 15 11 
25 12 21 26 16 34 14 17 14 25 22 36 24 39 30 15 20 30 39 29 
29 23 31 20 18 24 24 24 20 27 32 14 18 16 32 25 21 19 33 36 
31 30 28 16 23 22 25 22 19 32 14 34 24 39 20 27 15 32 31 29 
21 21 28 21 20 15 22 17 16 34 11 15 11 27 29 21 15 25 27 18 
26 20 24 21 18 12 22 24 16 29 27 36 14 23 22 23 15 27 15 24 
22 17 32 24 10 19 16 15 14 22 14 15 16 31 32 21 21 50 22 24 
16 12 16 20 16 50 14 16 17 28 26 25 16 28 25 34 23 29 38 23 
28 21 27 22 18 28 33 23 26 19 27 24 24 39 30 26 29 29 39 20 
29 16 20 19 18 41 16 10 11 26 28 24 11 30 33 24 22 45 28 13 
21 13 13 11 14 31 23 15 25 32 27 27 23 26 34 23 27 20 23 34 
27 12 18 9 15 27 16 20 22 29 17 24 26 26 41 33 18 44 21 33 
27 17 26 30 9 41 12 29 13 24 47 11 12 22 24 24 22 31 38 22 
34 20 17 15 12 26 24 23 13 20 28 37 18 37 26 26 21 24 30 15 
20 12 19 27 17 33 19 18 16 27 35 24 18 26 33 9 12 40 38 7 
38 19 22 17 29 30 24 24 22 23 23 27 16 26 29 32 24 16 15 11 
30 13 13 25 16 22 23 20 15 12 31 33 23 23 34 16 21 23 28 26 
38 16 12 19 12 30 21 17 13 29 47 30 20 29 23 24 24 29 34 27 
26 25 16 24 19 20 27 25 21 15 43 34 26 3 30 15 20 34 15 22 
22 2 25 19 18 29 18 22 12 24 21 34 15 30 49 20 25 20 33 27 
23 19 21 22 15 21 29 36 13 29 30 34 20 33 20 22 12 22 33 16 
27 21 31 29 14 20 14 25 26 22 35 23 25 29 33 16 27 19 17 25 
28 25 16 26 10 11 21 13 14 39 28 31 25 30 29 24 25 25 21 34 
29 11 17 23 20 32 27 19 20 29 25 26 30 25 35 21 12 43 14 23 
34 15 16 20 11 28 26 17 19 23 27 26 12 24 38 22 14 31 13 30 
24 22 23 16 11 20 21 24 22 14 24 27 12 28 29 33 18 26 27 26 
14 17 31 15 27 18 16 20 15 15 19 30 18 30 30 24 19 30 35 28 
24 27 19 31 22 42 22 20 21 13 41 21 17 37 25 22 26 25 23 24 
8 18 20 15 18 20 30 26 17 14 32 23 24 35 28 20 17 24 31 19 
27 23 23 20 24 18 14 21 21 24 31 30 13 30 11 8 21 26 12 31 
23 16 19 14 13 29 18 31 18 29 30 23 30 33 17 22 28 18 24 27 
17 9 24 12 16 23 16 12 15 20 26 25 28 27 22 29 30 39 22 20 
19 25 17 19 24 38 16 33 17 29 31 25 16 17 22 22 19 23 19 24 
19 15 10 21 15 37 20 24 13 25 24 31 26 25 33 26 21 35 25 20 
27 28 28 23 29 7 19 26 14 27 32 29 22 23 11 24 26 40 41 22 
13 18 22 18 21 24 18 21 20 28 32 27 20 18 31 19 22 22 25 34 
29 21 23 11 19 26 12 23 24 19 33 21 20 23 24 24 22 23 35 27 
24 17 27 26 15 31 18 20 9 19 18 10 21 33 27 26 23 22 20 25 
26 15 21 19 16 30 11 18 15 27 30 22 26 15 29 19 24 36 29 23 
19 9 26 32 19 18 10 18 14 12 26 36 24 28 23 10 20 31 29 37 
34 19 20 24 14 25 22 19 16 19 12 32 20 24 22 23 28 19 26 19 
32 12 15 19 8 33 7 33 17 24 31 28 21 18 20 23 32 28 33 22 
17 18 11 21 27 37 22 15 17 26 21 34 20 28 19 22 16 26 13 31 
24 12 16 32 21 22 23 19 19 21 27 39 17 11 24 16 13 35 24 25 
20 14 22 16 13 32 23 22 17 10 29 19 22 25 35 13 19 30 23 38 
32 18 17 14 23 17 25 22 21 12 39 26 11 22 24 29 24 34 30 23 
19 24 23 18 6 19 12 12 11 32 31 22 28 31 15 25 25 32 21 20 
30 12 22 29 13 20 15 26 12 26 24 20 9 25 14 17 10 27 13 26 
30 19 16 28 23 33 28 29 14 12 17 35 34 27 39 25 21 54 32 19 
24 19 21 29 13 21 19 21 15 25 10 28 20 21 27 18 19 23 16 24 
22 24 22 5 15 31 23 29 14 19 7 33 20 24 30 18 26 19 24 14 
26 21 22 16 27 20 20 24 15 26 30 20 40 35 19 15 21 34 32 37 
27 21 14 23 15 28 31 13 10 21 37 27 31 29 19 12 10 36 42 22 
39 15 24 16 19 28 29 20 22 27 26 27 31 22 18 7 28 34 45 22 
33 13 15 20 15 34 17 12 13 34 25 12 20 36 24 16 15 41 29 23 
32 17 26 16 15 19 21 15 27 23 24 27 23 15 18 19 13 37 31 21 
33 22 25 11 15 23 20 26 11 32 33 20 21 27 23 22 20 28 23 25 
15 16 26 28 25 23 14 23 23 25 24 35 14 24 21 35 24 7 35 22 
15 16 18 6 18 28 16 15 21 28 33 25 28 28 29 24 25 36 32 21 
24 16 30 10 10 23 19 14 17 31 24 11 21 18 18 16 17 35 35 36 
20 28 23 22 15 29 22 23 10 20 17 28 24 23 21 23 21 29 16 26 
24 25 19 26 9 8 17 25 9 15 33 28 33 37 27 15 26 28 42 22 
36 18 18 25 15 23 14 12 17 20 18 25 24 20 19 26 16 34 41 26 
23 19 15 22 22 23 22 12 18 31 20 31 16 25 16 25 16 28 23 29 
31 28 20 17 16 8 12 21 4 26 25 20 20 28 21 21 8 27 30 21 
29 23 29 27 12 34 24 26 22 21 29 25 26 28 27 24 21 36 17 20 
29 21 27 17 13 31 11 20 25 17 34 20 18 23 33 29 6 20 21 32 
45 18 16 13 15 25 17 31 10 24 27 22 24 24 18 21 23 22 10 26 
25 21 25 18 22 30 21 22 23 12 31 17 30 23 26 24 25 31 28 17 
30 19 20 28 21 33 15 26 13 20 33 35 22 26 40 21 21 20 42 21 
21 17 21 13 27 17 22 20 22 20 31 19 24 29 19 27 29 27 32 33 
22 21 33 22 18 22 17 21 16 30 11 26 34 34 28 33 17 52 29 18 
29 13 22 22 16 21 16 24 17 36 35 18 23 31 28 21 16 31 30 17 
22 31 13 22 6 14 14 20 22 21 17 21 21 21 13 27 24 34 30 26 
35 17 16 17 16 38 27 16 16 18 39 31 22 31 32 23 12 27 21 27 
36 11 27 6 24 30 20 15 14 24 24 19 16 10 36 32 14 29 39 14 
29 20 18 22 16 27 34 25 16 27 23 22 26 21 36 22 12 11 23 14 
21 16 29 18 19 28 24 20 11 41 7 31 11 29 39 23 18 28 12 25 
27 22 22 15 18 34 28 12 20 22 38 22 29 20 32 20 16 35 23 35 
14 20 28 26 13 26 13 23 16 29 22 19 30 24 25 25 26 16 21 32 
17 18 20 23 13 31 15 19 22 39 21 27 32 25 26 14 14 26 18 13 
30 17 13 14 21 28 18 21 20 10 27 30 24 27 15 15 20 26 7 31 
22 20 25 19 20 34 24 22 10 30 44 23 21 28 41 22 23 20 36 12 
24 15 11 23 7 27 18 19 18 17 49 25 17 32 38 20 26 17 28 18 
30 14 14 24 13 22 18 28 11 25 32 16 27 28 30 17 33 28 38 24 
13 16 17 9 20 16 20 13 20 27 12 27 14 30 35 13 24 34 30 29 
36 22 20 24 20 39 18 28 9 35 27 24 20 30 38 28 29 12 28 4 
23 23 15 14 13 35 16 19 23 14 36 25 15 32 14 36 12 35 16 20 
28 20 30 25 21 30 26 10 15 20 15 17 20 28 25 16 23 31 13 21 
33 16 29 28 17 32 20 11 20 27 13 17 26 25 22 29 17 20 30 18 
29 11 22 22 26 36 5 28 21 36 30 35 13 25 34 18 24 32 26 29 

MachineCapacities:
MachineID Capacity
0 10
1 10
