NumTasks NumMachines NumScenarios
10 2 1000
TaskDetails:
TaskID ReleaseTime ResourceConsumption SuccessorsCount Successors...
0 0 2 2 1 2 
1 0 9 7 1 3 
2 0 5 9 0 
3 0 6 6 0 
4 0 9 6 0 
5 0 9 8 1 9 
6 0 3 7 0 
7 0 8 5 0 
8 0 7 7 0 
9 0 2 2 0 

16 25 8 34 25 8 20 32 22 13 12 16 23 35 19 18 26 25 25 25 
17 23 23 26 18 14 9 13 24 18 13 39 10 30 22 32 27 18 16 14 
20 15 13 29 24 18 12 29 22 22 16 24 21 17 16 27 34 21 22 34 
15 24 4 18 25 16 14 32 33 15 15 24 22 42 19 14 18 14 28 26 
19 17 11 31 19 13 11 33 16 20 21 27 17 26 19 29 41 19 27 26 
19 14 28 18 12 17 14 33 29 20 10 22 17 38 15 25 28 15 17 26 
14 15 20 34 20 20 19 26 16 19 11 27 21 36 15 18 22 21 31 15 
12 15 24 24 21 14 13 40 24 17 14 12 22 35 16 22 22 27 19 26 
14 22 18 24 19 10 13 27 26 20 10 24 13 24 21 27 23 25 39 39 
14 23 19 37 32 11 20 37 24 23 15 32 10 36 25 33 23 29 26 24 
18 15 12 16 23 12 19 25 12 16 18 24 25 30 9 24 14 32 16 33 
17 20 13 30 21 10 14 37 24 21 13 10 30 22 18 24 27 24 23 31 
12 22 14 20 20 14 9 16 24 18 17 28 19 24 18 21 21 24 17 32 
12 23 16 28 8 9 20 30 23 18 25 17 24 51 15 10 22 36 21 19 
23 17 16 37 12 13 23 19 18 17 14 22 26 37 16 39 24 38 25 32 
11 22 16 20 28 11 24 26 24 28 19 25 22 20 15 21 30 28 33 27 
15 17 6 33 19 17 18 33 38 19 17 20 24 34 16 44 23 22 21 38 
8 28 10 27 15 11 21 26 30 16 18 23 16 36 11 26 22 7 30 13 
15 28 31 20 19 16 16 28 10 18 24 27 8 44 16 18 18 23 35 41 
15 16 18 23 13 17 14 20 30 15 13 28 10 44 15 34 11 21 33 14 
10 20 18 29 22 12 20 21 13 17 16 26 15 15 18 29 25 9 35 31 
19 16 16 33 21 21 18 29 18 17 18 17 19 35 18 25 25 18 36 29 
15 19 16 31 17 17 21 42 22 16 14 27 12 31 19 6 28 8 22 34 
12 25 24 15 22 17 18 20 30 26 10 15 10 28 16 19 25 22 17 36 
16 21 18 24 26 21 20 14 35 20 11 16 14 22 9 28 31 17 23 35 
14 17 15 20 17 22 21 39 27 20 25 21 22 27 19 20 24 21 23 10 
17 20 22 28 17 18 16 38 14 20 18 10 14 31 10 17 30 21 26 29 
14 9 18 25 16 12 21 32 25 19 14 28 21 34 15 22 13 20 16 10 
16 12 14 39 22 11 15 24 22 20 17 5 13 32 17 20 25 15 31 19 
14 22 14 29 13 18 14 26 37 11 8 17 23 20 18 12 33 16 28 28 
17 22 28 33 18 23 22 20 33 16 22 17 20 17 20 30 35 23 11 15 
13 29 18 27 9 10 12 31 7 24 17 27 24 21 14 33 29 28 31 29 
15 21 22 19 19 13 16 44 28 22 9 15 16 25 15 29 29 24 33 44 
16 16 17 37 10 13 11 22 30 15 18 19 21 16 23 26 20 16 16 33 
15 19 27 22 28 14 12 31 37 23 18 18 22 46 13 26 12 26 37 32 
13 25 21 30 17 13 17 25 25 20 15 27 19 32 8 31 29 29 24 33 
8 17 22 27 18 18 17 30 24 17 20 24 17 40 17 33 24 27 14 20 
15 11 12 22 16 16 22 27 30 26 14 22 12 36 18 30 33 21 30 40 
6 23 18 21 13 14 15 35 27 21 15 17 18 34 16 26 22 16 32 26 
16 21 24 40 12 9 19 25 29 17 11 13 19 38 19 19 31 26 25 15 
19 14 16 43 8 10 17 16 12 22 16 22 4 50 10 23 16 14 22 41 
13 18 24 26 17 20 18 35 25 24 13 15 22 30 19 26 27 20 20 15 
18 21 18 16 24 18 25 31 25 26 17 17 20 24 11 27 38 19 9 24 
15 17 19 20 30 26 10 27 18 12 19 13 25 19 18 25 20 24 38 37 
15 21 15 23 16 20 20 46 25 13 8 20 21 25 19 25 30 26 21 21 
16 21 32 32 20 15 26 35 45 24 21 13 11 6 12 18 26 17 16 27 
19 12 9 37 9 10 26 29 13 21 16 26 13 13 11 25 23 19 17 31 
19 20 20 25 16 15 17 26 31 25 16 16 21 25 18 25 15 27 32 20 
13 13 13 41 26 17 13 31 36 11 14 17 22 26 13 32 25 14 25 34 
13 25 11 34 15 13 10 28 17 22 17 18 17 46 15 41 25 16 29 34 
18 21 18 29 15 15 18 18 37 22 13 19 18 45 10 31 24 20 32 20 
18 21 20 17 21 13 22 33 17 16 16 19 13 31 12 24 32 34 28 29 
9 15 14 29 18 10 20 32 14 16 12 19 21 22 15 27 23 20 40 29 
15 13 7 33 15 26 17 23 20 17 19 25 23 26 17 21 25 21 23 21 
16 28 26 45 17 14 22 48 44 13 17 22 15 24 19 32 24 24 25 32 
20 21 19 42 20 7 13 37 24 16 16 15 19 20 20 26 22 21 35 14 
19 20 19 35 17 23 9 16 34 23 17 28 21 23 13 32 23 24 34 35 
10 22 14 37 23 16 21 32 23 17 18 27 19 10 22 27 23 23 33 16 
11 14 18 26 21 11 18 19 32 15 19 33 23 48 16 28 21 25 28 32 
16 25 8 33 17 18 25 32 32 30 15 24 17 39 15 26 21 11 26 28 
19 17 21 11 13 16 14 19 17 14 9 32 18 17 15 20 23 13 36 26 
21 17 24 47 20 13 14 10 27 23 16 19 25 28 18 22 35 26 25 26 
14 10 25 24 11 18 17 32 11 20 17 18 21 29 13 21 23 17 30 31 
18 14 12 37 17 13 24 17 10 15 14 26 11 33 16 11 18 18 35 28 
14 23 16 31 35 18 20 26 34 22 19 21 19 37 19 16 23 22 30 38 
17 21 24 32 15 20 13 26 21 16 17 22 16 37 25 35 35 29 35 14 
17 20 19 43 23 13 26 32 34 19 13 25 20 35 20 24 33 15 18 39 
16 12 18 14 14 17 21 19 11 15 17 15 12 26 12 16 44 23 18 16 
16 21 17 17 14 17 19 27 25 22 22 20 17 18 18 31 23 25 29 39 
21 17 18 35 28 11 10 34 21 17 16 18 23 29 6 22 35 20 25 16 
20 24 20 21 16 6 19 33 17 19 21 22 17 30 15 14 28 7 15 21 
18 16 12 43 26 13 18 17 21 24 18 28 15 41 21 33 17 19 20 28 
15 16 15 20 15 12 18 26 28 25 16 23 26 27 12 49 19 33 28 34 
13 18 18 32 26 25 18 18 26 20 18 28 23 19 15 30 21 19 26 31 
22 15 18 44 16 8 14 14 19 12 7 15 24 39 18 35 36 17 31 32 
19 23 17 22 25 9 16 33 30 25 17 29 19 48 13 22 25 21 25 24 
2 19 17 29 17 15 14 37 15 25 9 18 17 32 10 25 29 20 18 20 
9 22 22 39 15 18 24 17 28 18 17 14 14 23 20 26 26 19 29 11 
7 24 22 35 11 13 16 34 29 18 17 14 20 34 19 25 18 23 32 29 
9 20 17 14 13 16 11 26 39 18 21 21 21 37 15 16 20 21 16 34 
18 24 10 17 27 14 26 29 38 19 17 15 23 30 21 16 23 20 34 27 
17 16 24 31 32 19 11 18 33 13 21 17 19 45 14 20 36 24 27 20 
8 15 23 29 10 4 15 50 31 17 8 33 16 41 22 23 22 18 17 21 
16 14 28 33 16 17 20 42 34 18 8 17 14 30 18 19 27 25 28 34 
13 29 12 25 12 13 16 7 9 17 13 24 19 25 18 21 16 22 23 30 
16 13 18 38 16 20 18 34 28 27 17 25 20 43 11 25 14 18 4 23 
13 25 18 13 22 19 10 22 36 14 15 21 18 26 22 24 40 25 21 18 
13 14 17 17 19 9 15 24 22 21 6 14 23 40 17 30 23 22 23 25 
10 15 23 32 18 14 20 36 27 23 13 21 13 46 17 30 29 21 32 34 
19 16 14 25 20 13 20 18 12 26 16 21 17 30 17 30 20 24 32 25 
11 20 31 25 18 10 11 15 25 6 14 29 18 25 16 31 20 12 15 26 
13 17 16 28 23 16 10 37 23 22 14 26 19 33 16 19 25 22 31 16 
15 18 20 31 18 21 19 18 32 29 14 21 21 32 7 15 24 15 15 36 
13 26 26 34 12 20 24 19 31 20 20 18 20 40 15 21 15 16 26 27 
20 27 20 19 17 16 16 36 21 25 19 18 13 30 16 43 23 28 28 34 
16 27 10 25 23 14 15 41 17 16 18 16 20 23 15 25 34 13 35 42 
12 19 20 45 17 24 10 21 15 14 14 11 15 30 21 28 28 14 29 27 
19 21 23 27 18 10 22 29 22 21 10 28 16 35 21 25 12 16 37 22 
20 16 23 24 19 16 19 14 22 11 7 28 15 14 11 18 22 28 14 31 
16 14 21 31 16 11 12 15 31 18 12 28 24 32 20 37 37 19 35 31 
14 25 10 27 25 16 8 26 30 17 21 17 26 24 12 16 33 21 27 24 
17 22 18 28 17 8 14 13 34 22 19 24 25 16 20 6 32 31 28 30 
18 19 7 33 19 17 21 39 43 21 23 33 20 40 9 22 25 24 32 20 
8 20 29 33 15 12 21 36 37 21 16 22 23 47 22 29 31 26 38 31 
18 28 24 36 21 16 21 20 34 19 19 28 19 34 16 27 17 24 16 30 
15 26 23 31 16 15 10 13 24 24 13 26 20 26 13 28 18 26 30 27 
13 19 16 31 18 17 15 32 26 28 12 22 24 44 14 25 29 28 44 18 
15 27 14 47 12 14 24 30 29 19 21 22 21 29 16 15 19 20 26 18 
24 19 22 26 20 13 27 25 16 19 23 17 1 36 14 23 15 23 17 27 
15 23 22 28 11 18 22 25 41 21 15 13 23 30 17 25 37 19 22 31 
18 16 10 19 18 13 16 28 35 22 19 16 17 26 10 22 22 13 23 19 
22 23 22 21 21 20 25 18 28 25 12 26 23 46 11 28 23 23 29 21 
13 21 16 47 19 15 17 14 26 20 10 14 15 40 14 37 17 25 24 36 
12 25 17 36 20 16 19 19 16 20 19 7 14 37 16 29 30 25 27 28 
18 20 14 30 23 10 22 28 21 13 11 22 20 33 21 25 26 25 35 23 
18 19 14 35 30 17 17 36 25 8 24 19 16 29 19 18 28 24 35 23 
14 7 22 16 17 10 25 19 38 27 22 15 12 29 14 21 24 24 18 29 
10 12 18 35 26 18 19 28 26 21 9 14 19 32 18 23 26 15 28 42 
17 25 21 30 20 21 11 30 33 15 12 29 21 35 17 36 31 27 21 16 
13 16 27 17 14 18 20 14 36 17 19 21 22 40 17 39 20 39 35 35 
13 17 12 24 24 13 18 17 24 16 14 18 17 27 22 28 22 25 31 31 
12 23 26 14 24 11 12 25 35 17 13 15 22 31 20 26 27 21 36 39 
5 16 18 25 12 13 19 14 22 26 16 35 19 30 9 30 21 19 43 20 
20 9 18 29 15 17 20 29 35 15 19 16 17 34 19 25 40 26 37 26 
15 14 18 28 23 17 16 21 27 31 18 22 12 16 15 31 23 26 31 18 
10 17 17 23 20 23 31 22 23 22 9 19 11 11 17 25 40 28 22 27 
13 23 30 17 18 17 19 42 32 15 11 20 19 34 11 35 29 18 23 23 
18 13 9 29 24 21 23 20 43 26 17 17 19 37 6 25 25 13 39 35 
13 15 16 10 21 13 14 24 39 21 12 30 20 31 15 31 17 20 20 40 
17 15 30 36 22 19 16 19 17 21 25 25 12 51 13 21 38 22 31 34 
15 19 15 37 11 16 17 41 41 14 19 17 16 44 8 26 32 7 40 17 
19 19 19 33 19 7 11 29 18 18 19 20 17 9 16 32 21 25 18 37 
16 17 22 24 21 22 20 25 16 13 14 14 21 9 11 17 19 21 24 29 
22 14 27 34 9 7 22 30 29 21 14 23 16 27 21 32 23 29 34 29 
20 22 6 44 27 24 15 36 26 30 14 27 26 48 17 21 2 24 24 25 
18 22 16 31 14 22 11 40 23 20 20 21 15 42 16 24 21 36 25 13 
10 15 22 32 15 11 19 19 39 26 28 29 15 30 12 28 30 31 40 8 
13 20 16 29 18 16 17 37 22 16 11 17 21 24 13 14 26 20 16 20 
13 19 15 25 22 15 17 26 21 17 25 8 16 29 20 39 48 28 36 22 
17 16 15 36 18 18 16 46 32 25 3 22 27 29 15 16 31 34 21 39 
6 16 14 36 17 13 13 30 31 26 19 27 20 38 16 28 32 20 22 30 
13 21 21 14 18 18 22 27 33 17 15 29 19 22 15 22 8 16 23 14 
16 15 16 18 10 14 24 32 13 10 12 30 11 25 19 19 23 29 20 34 
20 15 14 27 2 22 26 31 28 19 17 29 13 20 13 24 18 20 23 20 
24 18 27 25 15 14 15 35 30 24 11 18 20 37 22 19 23 19 38 25 
20 23 18 23 11 14 6 25 31 23 7 28 23 19 19 16 22 19 28 26 
7 16 12 39 16 16 26 29 39 14 20 24 19 28 17 29 36 31 28 30 
15 15 12 19 16 8 19 43 34 12 14 23 15 28 12 27 23 27 33 29 
17 23 23 21 24 11 22 21 28 17 19 26 24 42 20 14 18 25 36 36 
13 18 22 34 22 17 16 36 35 14 17 27 22 22 20 29 34 21 43 27 
10 24 17 30 12 13 29 35 25 21 18 28 22 48 19 15 17 32 22 26 
14 22 16 32 14 13 24 35 36 23 14 21 22 16 15 21 13 23 27 17 
13 28 12 29 19 13 13 26 32 13 14 4 17 29 19 33 32 24 20 12 
21 22 20 23 20 17 8 27 10 24 16 16 29 50 11 32 14 24 19 24 
19 23 17 43 16 8 12 32 12 16 18 32 19 38 22 32 22 25 31 32 
8 23 23 30 14 11 19 19 30 31 19 22 17 34 11 18 27 25 39 27 
17 25 15 32 16 13 11 28 30 11 12 13 21 29 26 18 23 26 27 33 
18 19 11 38 14 15 25 29 13 23 15 39 14 38 15 13 28 21 31 21 
16 13 24 42 16 15 17 22 48 20 17 15 27 29 13 27 26 24 24 25 
17 23 28 26 18 16 18 14 13 17 10 27 22 41 16 6 22 16 20 31 
16 12 20 33 15 19 15 40 36 16 14 21 25 23 10 26 34 18 29 18 
10 21 15 29 20 10 15 29 26 12 14 13 21 23 18 33 22 28 19 26 
20 19 17 38 16 8 21 26 31 16 18 23 17 25 13 18 16 11 22 32 
10 14 20 34 11 17 13 30 36 20 13 19 20 36 11 20 43 35 39 28 
9 15 9 32 25 8 19 39 32 20 20 20 22 18 14 22 17 15 25 28 
13 21 25 19 16 13 22 11 15 17 14 17 24 33 17 28 29 21 26 25 
11 19 20 17 20 20 18 32 16 22 12 18 24 41 19 21 17 25 24 28 
13 12 15 23 16 19 20 20 31 17 16 20 19 26 14 18 37 28 23 32 
18 11 16 25 26 20 11 38 29 17 13 15 15 31 16 22 30 27 32 11 
16 15 19 34 29 17 24 27 40 15 11 7 19 26 13 15 34 23 19 25 
12 9 9 32 17 15 21 16 19 17 19 28 29 20 12 41 27 23 17 31 
10 20 6 40 15 15 14 35 22 27 14 12 15 16 12 27 30 25 16 21 
12 24 13 29 16 20 17 31 36 14 17 9 27 15 11 16 30 25 21 25 
19 19 21 38 21 20 14 16 16 20 12 9 20 30 19 22 13 24 40 38 
8 12 12 14 19 17 20 24 12 17 14 18 24 17 10 18 18 19 34 7 
19 14 9 32 11 10 12 35 31 26 15 21 17 33 13 19 16 26 11 25 
20 14 17 31 21 12 16 27 19 23 6 12 14 31 13 32 37 8 26 22 
15 11 12 34 16 15 15 24 20 20 17 25 19 45 12 19 24 28 27 36 
11 19 23 38 14 14 20 21 26 17 22 22 23 17 12 24 23 21 25 25 
12 10 23 36 18 12 13 36 20 15 15 16 14 22 21 20 6 28 35 24 
15 19 20 15 22 11 16 21 10 14 12 30 17 35 8 22 24 17 29 44 
8 6 15 27 17 14 22 26 17 25 19 24 19 51 20 24 23 21 26 22 
18 9 19 36 18 12 11 27 32 25 18 16 25 42 13 18 26 25 26 25 
13 26 13 29 10 17 20 43 40 22 9 26 21 26 13 12 29 21 32 26 
9 10 16 16 19 15 11 42 28 15 8 27 20 20 12 19 15 9 35 25 
15 23 25 51 15 17 20 27 24 20 7 10 9 26 10 22 19 31 28 34 
22 16 8 30 10 19 11 19 26 11 20 11 23 17 22 21 24 21 37 26 
15 20 21 32 16 18 16 34 42 15 18 19 17 34 19 33 20 25 23 28 
16 12 13 38 21 13 24 30 33 13 11 19 16 27 11 24 20 27 24 21 
14 19 15 19 16 15 18 44 37 23 15 33 22 31 10 21 20 22 39 21 
12 20 19 17 26 12 22 22 31 20 14 16 10 25 14 24 18 21 27 39 
18 24 23 36 17 14 22 33 19 11 15 15 24 35 19 32 30 20 32 37 
15 23 21 30 28 12 15 18 34 21 19 12 23 35 18 17 17 20 25 16 
15 21 20 22 21 20 14 20 18 17 28 26 23 18 11 30 25 17 46 25 
15 10 14 14 17 11 23 45 25 19 16 25 14 34 25 25 20 25 11 28 
14 17 24 32 10 15 16 41 15 21 9 27 9 14 11 24 30 15 23 39 
11 13 18 30 25 9 15 30 32 24 21 22 13 34 17 36 30 20 21 32 
15 17 18 27 19 18 23 13 29 19 15 22 33 42 15 31 32 29 26 24 
15 22 23 29 12 19 18 26 32 21 18 25 20 20 21 22 19 17 30 17 
17 13 23 37 12 14 29 18 14 12 15 11 21 10 16 36 20 25 25 22 
19 13 17 28 23 14 14 33 16 28 15 25 20 34 20 31 29 13 39 27 
21 13 18 34 27 10 13 30 28 32 19 27 19 17 19 23 26 24 25 30 
14 18 31 32 19 16 17 23 26 10 13 19 20 34 20 17 20 27 35 34 
13 25 13 34 19 11 10 26 23 19 9 14 13 37 18 31 30 19 34 34 
15 20 16 23 16 19 16 35 26 13 13 20 15 25 11 21 22 30 25 23 
6 21 24 24 20 10 17 33 20 28 2 8 18 30 19 29 36 20 17 29 
15 25 26 35 21 15 10 32 26 21 17 10 24 45 16 31 28 19 22 32 
18 22 24 18 12 16 16 34 35 13 24 18 14 21 16 20 27 32 26 27 
24 11 21 33 15 14 15 27 26 16 14 22 16 33 16 19 27 19 15 36 
10 21 17 27 18 11 13 39 24 13 15 18 19 31 14 21 30 20 34 22 
15 12 16 33 14 19 24 24 22 21 16 25 21 16 19 36 39 22 23 29 
14 16 18 25 14 13 15 46 24 13 13 13 11 19 24 25 22 17 17 17 
8 26 12 33 13 11 7 36 30 23 12 12 25 37 17 28 22 18 19 24 
19 24 20 38 25 11 23 26 28 14 13 27 17 31 16 29 35 18 22 12 
21 22 13 30 11 14 24 32 44 19 23 20 19 24 14 33 33 13 30 34 
11 11 9 31 17 13 7 33 29 13 11 26 15 40 18 26 30 17 11 22 
19 19 15 21 15 24 25 29 22 19 14 19 28 32 14 24 23 20 32 21 
15 13 20 36 7 13 15 27 19 19 18 34 26 24 14 25 12 27 21 28 
11 16 18 34 12 22 15 28 27 17 14 33 19 28 12 26 23 18 29 37 
12 22 23 38 15 22 17 35 31 18 16 24 15 21 13 22 18 18 19 31 
9 17 17 26 31 21 17 28 22 15 19 17 19 31 23 26 27 19 25 24 
14 26 17 39 29 13 15 36 22 17 17 6 16 24 19 31 25 19 32 20 
16 15 23 30 26 14 23 25 46 22 16 23 15 56 15 11 37 17 23 28 
16 16 14 19 20 7 12 20 22 17 14 29 11 30 7 15 24 14 34 29 
15 18 16 26 20 7 19 30 35 17 19 26 17 32 18 18 25 18 11 35 
11 14 23 18 20 18 14 38 21 23 14 21 19 27 14 28 35 27 27 30 
14 20 16 29 14 13 15 39 34 14 26 20 26 27 19 24 49 25 32 33 
15 19 21 30 12 10 20 32 24 15 16 16 20 31 17 31 33 23 26 24 
8 15 11 43 16 13 10 31 38 20 10 26 21 46 17 26 22 7 26 23 
16 15 15 28 18 15 14 22 26 21 18 14 18 11 15 32 25 18 39 12 
13 19 23 24 19 16 15 29 34 18 21 21 15 27 15 17 23 25 29 28 
13 16 12 22 12 23 23 26 22 21 18 29 12 27 19 27 26 23 18 20 
12 15 32 32 18 15 17 27 33 21 12 25 25 11 12 36 26 22 38 25 
20 19 12 30 14 16 15 41 19 23 15 24 16 22 13 12 25 16 22 28 
23 22 18 44 17 26 20 20 30 18 13 18 20 38 16 24 28 19 21 39 
15 18 28 11 10 16 18 38 41 21 12 20 23 42 20 29 31 19 37 20 
13 9 26 19 20 14 15 24 29 17 16 21 17 29 13 27 16 21 22 17 
19 22 20 27 26 11 28 22 44 28 15 23 21 33 16 28 15 23 36 31 
14 25 6 34 15 15 12 27 29 28 16 16 22 25 11 19 27 14 38 19 
11 22 17 29 30 16 25 31 34 20 11 15 26 20 8 29 36 31 35 25 
19 23 25 36 8 16 14 19 43 19 12 9 29 40 13 32 23 25 8 31 
16 16 16 27 19 14 28 21 27 19 15 12 20 47 17 25 23 26 26 9 
20 15 12 40 20 14 6 22 25 12 18 23 18 47 15 20 17 20 24 28 
14 13 26 31 21 16 17 43 34 22 14 19 20 31 21 29 28 16 9 25 
13 15 14 28 15 17 11 15 27 23 21 23 19 29 14 33 13 21 19 38 
19 21 6 50 23 12 15 36 27 20 19 12 19 28 16 28 8 25 29 26 
14 25 9 20 22 16 13 34 24 26 17 32 10 11 16 22 18 24 28 23 
23 19 17 24 13 18 19 22 28 14 14 21 18 30 14 38 21 27 16 33 
18 20 15 40 19 13 8 26 26 19 17 20 6 40 16 33 21 10 31 43 
13 23 16 27 27 18 9 25 33 27 18 27 25 24 16 45 32 25 32 36 
11 24 14 19 19 13 8 23 26 19 17 21 21 39 16 36 35 22 30 30 
19 23 17 30 24 13 28 30 8 24 20 27 30 28 14 29 30 14 14 29 
14 14 11 44 17 14 24 28 16 20 17 21 25 48 15 28 34 27 24 32 
20 18 13 27 13 14 9 21 22 24 14 17 11 32 20 20 25 29 33 21 
7 16 17 30 19 21 17 27 20 22 15 28 15 32 18 18 41 27 25 30 
7 30 20 33 23 17 15 25 15 14 8 26 14 21 12 12 25 20 26 16 
16 18 29 34 19 15 11 27 26 18 15 10 19 25 16 15 27 28 36 39 
13 13 22 23 22 4 28 10 16 14 19 41 18 21 18 11 17 28 28 31 
25 22 15 28 8 19 14 26 31 25 9 21 8 35 8 24 27 11 24 32 
12 12 6 24 12 10 26 37 39 17 12 20 24 25 16 23 34 31 23 35 
11 16 21 35 28 13 10 12 22 16 18 21 13 40 19 28 14 23 35 13 
13 15 17 42 13 14 11 12 23 19 17 20 8 51 23 24 25 33 28 19 
20 12 16 29 13 12 13 37 23 19 13 30 21 39 17 26 27 37 22 43 
15 15 23 26 14 14 25 20 36 16 15 24 27 45 16 21 35 28 23 29 
15 21 17 32 19 14 19 29 30 25 21 30 22 27 24 24 30 18 21 39 
18 25 32 30 14 21 16 29 38 22 19 10 22 39 15 16 21 22 32 24 
16 17 18 33 23 22 19 13 8 24 15 17 22 26 18 31 35 28 24 29 
24 16 22 33 20 16 15 31 30 32 13 18 25 19 21 29 30 45 26 18 
14 25 20 30 18 13 13 28 24 27 16 22 25 22 16 26 31 25 26 26 
18 22 6 29 15 20 14 27 33 23 18 23 20 29 19 33 18 20 11 29 
15 22 26 24 18 17 14 16 25 27 11 21 23 32 22 23 29 33 28 28 
18 23 21 34 15 9 16 31 31 19 18 18 27 33 19 15 20 20 21 29 
22 17 13 39 20 18 14 25 14 11 19 18 20 25 7 25 32 26 24 32 
15 22 16 22 24 18 20 24 14 15 15 30 17 37 15 30 22 16 26 26 
16 12 10 32 14 21 18 37 30 20 16 18 10 29 14 32 18 18 36 31 
17 16 13 32 18 15 10 31 6 17 17 30 24 23 12 32 37 20 31 32 
10 16 21 42 24 16 23 29 36 16 24 17 27 26 17 21 32 8 36 26 
13 26 20 28 8 16 17 26 31 20 17 25 24 17 14 25 23 15 19 30 
19 16 18 36 17 14 25 25 39 27 17 22 13 23 14 35 34 22 35 20 
13 18 13 14 27 15 15 30 21 15 13 21 19 27 16 26 27 25 45 21 
15 28 14 22 18 15 18 31 24 20 16 20 13 25 19 23 38 22 34 16 
20 14 28 28 20 21 17 38 22 15 18 18 19 26 10 34 25 21 26 17 
19 15 20 19 10 10 17 32 39 8 20 23 26 23 11 26 30 23 22 29 
14 25 20 24 7 9 22 33 29 16 14 27 16 13 18 35 33 27 15 18 
20 17 25 27 22 13 19 33 43 16 24 24 16 33 18 36 21 23 23 23 
16 20 12 20 32 16 16 23 21 25 20 20 22 25 17 27 20 16 13 15 
13 26 11 38 20 24 14 23 29 18 12 11 13 21 15 25 33 20 25 38 
14 15 21 30 19 14 16 20 22 15 19 13 16 45 19 27 23 23 21 28 
9 12 20 29 23 9 17 21 10 19 16 20 12 36 15 19 17 31 20 31 
19 18 20 24 17 16 16 10 29 28 18 25 18 33 13 27 18 19 16 19 
10 15 23 34 15 13 12 27 31 19 14 33 20 36 13 23 26 18 26 14 
12 22 8 33 18 16 17 23 24 21 23 19 16 21 17 26 26 21 29 26 
10 9 9 16 20 24 25 32 35 21 11 18 22 33 14 28 36 19 25 26 
12 25 22 36 17 17 15 17 21 23 14 23 14 16 20 15 32 13 22 36 
12 15 21 31 20 17 18 27 31 22 21 12 27 34 16 24 39 11 35 19 
11 15 16 38 16 14 13 34 22 18 14 25 23 26 9 39 44 12 25 34 
12 17 10 17 15 20 22 22 27 29 14 16 16 20 9 19 31 25 27 24 
16 7 17 45 22 10 17 25 30 11 20 17 22 25 16 24 12 20 31 32 
14 20 23 37 10 9 16 15 24 17 16 25 27 32 21 24 15 21 27 41 
17 17 17 31 14 17 21 24 25 20 21 16 17 25 19 27 20 29 25 30 
15 10 18 33 23 19 13 20 9 19 18 15 15 20 22 12 35 27 24 20 
19 29 23 30 11 10 10 34 28 24 17 21 19 42 22 20 3 25 30 18 
17 12 17 35 23 10 15 36 30 29 10 24 14 40 17 33 16 22 33 37 
12 15 19 12 17 16 16 34 39 17 13 22 16 42 11 24 11 26 15 23 
17 17 11 29 17 13 27 27 24 28 23 19 21 26 10 33 18 20 14 12 
7 21 18 25 18 9 12 24 26 18 18 12 18 58 13 38 25 20 38 23 
17 16 13 30 15 17 16 7 28 12 16 22 23 32 14 30 19 20 32 32 
12 13 26 29 25 14 14 44 40 14 15 14 19 14 13 19 12 21 21 45 
18 12 23 30 18 12 18 26 26 20 19 27 12 19 18 21 23 26 27 25 
17 29 16 33 21 20 25 31 22 21 19 22 20 31 16 8 17 28 40 28 
17 20 18 48 18 18 20 24 16 11 17 24 25 16 14 17 37 22 30 19 
14 18 21 37 17 9 28 19 11 11 16 26 22 41 22 31 22 15 28 39 
17 18 18 26 22 16 15 19 21 17 21 22 16 30 9 21 25 25 17 26 
13 9 17 22 11 9 11 20 39 17 14 16 15 39 22 27 24 33 28 17 
12 24 22 33 31 14 18 13 27 16 18 28 18 37 24 9 4 22 28 41 
21 21 19 24 23 19 23 33 46 25 17 15 29 12 26 31 35 19 19 25 
12 18 17 33 12 11 17 21 18 23 13 24 16 28 13 28 26 20 22 43 
15 16 22 38 27 14 18 32 31 17 15 21 28 28 14 15 26 21 35 38 
18 11 27 31 21 11 17 27 18 13 13 17 29 38 18 24 28 25 33 31 
22 24 13 34 24 13 25 37 29 19 16 27 16 23 19 17 30 21 31 43 
14 16 25 32 25 5 18 18 22 16 22 16 26 24 13 18 11 20 24 16 
9 26 20 37 13 21 13 38 41 14 12 15 17 32 16 36 28 24 28 32 
18 22 24 23 14 14 11 35 24 21 11 24 17 28 19 33 19 23 30 23 
17 17 20 27 15 20 17 29 16 19 14 15 26 31 16 32 35 20 34 29 
11 22 12 34 15 19 18 25 17 17 11 21 18 36 16 16 23 19 22 33 
11 23 23 36 10 12 20 26 31 16 17 23 21 35 20 25 12 19 36 33 
18 21 20 26 19 16 16 13 31 22 13 26 19 22 17 24 20 10 33 35 
16 20 17 33 23 17 4 25 23 22 16 25 21 20 12 27 30 27 24 20 
14 20 17 28 17 18 14 16 31 12 17 15 20 20 17 25 24 24 31 17 
12 20 21 54 7 15 15 40 28 16 23 27 9 19 15 32 32 28 15 29 
10 19 14 34 24 16 17 24 14 13 18 24 24 25 22 34 24 16 22 17 
18 20 21 28 23 18 17 45 20 18 20 15 16 30 23 35 24 24 18 19 
13 12 19 36 17 16 15 32 16 15 12 28 9 24 10 22 31 22 34 21 
16 10 24 32 22 17 20 18 35 16 17 16 20 40 11 22 19 12 27 37 
16 18 6 9 14 12 13 31 38 13 9 19 20 28 18 20 33 26 15 40 
12 23 21 32 19 20 19 30 12 12 19 25 19 29 9 26 35 15 43 37 
18 19 17 30 14 17 18 42 34 11 15 19 17 33 13 27 25 21 40 30 
16 23 25 21 30 14 11 33 16 16 25 10 23 22 18 12 23 11 35 29 
17 17 17 38 19 12 17 25 27 26 12 29 16 50 16 35 30 20 30 20 
15 16 11 33 16 25 12 27 25 23 21 21 15 31 23 31 17 21 14 38 
9 26 21 49 15 11 17 22 25 13 17 20 10 21 13 21 26 16 28 32 
16 22 19 28 15 11 20 23 1 25 17 22 21 28 21 16 26 22 24 21 
20 21 11 29 14 19 19 25 13 16 15 21 13 22 14 29 14 20 42 27 
14 21 23 40 22 15 14 13 24 21 16 20 20 46 12 34 7 18 28 24 
14 12 25 18 15 13 17 28 35 23 12 24 24 38 17 20 30 13 9 30 
15 15 10 26 12 16 12 31 10 19 18 8 12 17 11 24 25 30 19 31 
20 17 21 22 14 20 13 41 9 26 15 20 20 18 17 20 13 21 28 30 
7 26 21 23 21 12 18 19 16 15 16 17 19 25 16 37 31 21 19 31 
19 16 20 33 20 16 18 28 29 25 20 9 15 24 12 28 15 23 15 32 
13 23 14 29 10 11 19 29 25 16 14 26 20 27 16 24 31 25 34 27 
17 20 19 44 18 12 17 21 31 7 7 18 12 40 9 25 23 28 22 28 
18 20 17 37 18 14 15 34 26 15 17 36 14 25 18 33 18 27 31 35 
20 23 7 18 24 18 23 29 30 21 11 22 13 37 20 20 24 27 41 32 
18 9 27 32 11 10 11 28 43 13 14 4 20 46 20 21 22 24 24 30 
14 24 24 22 22 17 19 21 32 13 21 25 28 14 18 20 31 25 34 30 
14 27 14 17 20 16 20 28 19 26 18 28 23 31 23 30 28 18 29 40 
15 17 17 38 16 14 10 33 29 15 11 17 21 36 15 17 25 27 25 31 
15 19 20 20 26 12 17 25 23 16 16 25 14 34 16 38 29 24 45 29 
10 29 20 31 19 15 16 16 39 18 16 18 12 26 14 24 34 18 23 17 
11 15 21 39 18 11 29 35 31 18 20 26 22 13 16 28 39 20 32 29 
22 14 11 22 20 11 15 18 34 26 10 17 22 43 9 23 23 22 34 23 
19 25 19 39 18 12 18 25 32 9 16 22 22 23 15 12 29 14 17 15 
12 18 16 36 22 14 18 17 14 25 15 23 23 43 19 39 32 24 13 31 
11 22 11 28 15 12 18 31 25 15 21 7 15 9 17 28 30 19 33 19 
18 20 18 39 16 10 25 16 27 19 18 21 32 28 18 29 34 22 29 32 
13 25 26 27 23 15 15 24 14 22 20 16 23 26 15 31 30 28 11 15 
9 26 22 23 19 19 23 25 35 21 11 18 16 21 21 26 22 31 27 22 
16 21 22 25 26 17 31 36 29 18 13 17 22 20 23 27 19 27 35 16 
19 10 26 33 15 15 5 25 28 24 13 19 17 31 14 23 15 12 32 38 
13 21 19 38 22 10 22 28 30 24 12 21 20 33 22 22 16 24 20 19 
14 20 17 24 12 15 19 23 19 9 16 22 19 13 8 28 20 25 15 16 
17 23 22 38 8 20 19 41 27 27 10 26 22 15 11 21 37 23 24 18 
15 22 13 19 11 14 21 17 17 19 17 24 22 23 11 19 28 26 28 29 
10 17 17 21 15 12 15 25 35 23 18 15 26 32 12 24 34 25 25 29 
14 25 15 39 23 9 16 20 31 21 11 21 12 28 17 18 24 25 30 25 
18 13 12 23 17 13 22 37 26 19 13 14 23 16 20 22 26 16 27 15 
10 24 12 30 26 11 19 37 21 22 22 12 19 33 22 22 30 19 18 23 
16 20 15 14 20 14 14 22 8 15 15 17 29 33 23 26 32 24 46 37 
9 21 19 23 20 17 25 33 18 19 10 33 17 20 19 8 25 24 43 39 
20 15 15 36 22 21 21 7 25 14 21 23 27 35 18 27 21 25 15 17 
19 23 22 30 21 14 29 22 29 21 18 25 12 27 15 17 34 35 24 22 
14 5 23 32 21 17 18 37 34 16 10 14 20 24 28 23 34 19 25 23 
17 27 9 24 16 12 21 25 27 18 15 18 17 37 19 26 17 22 26 24 
12 23 10 33 18 11 20 28 28 24 17 24 17 26 11 31 22 29 25 15 
16 26 19 32 23 15 14 24 15 19 17 20 17 32 20 29 28 25 27 22 
12 14 21 36 20 10 11 44 27 19 18 26 18 25 13 32 23 27 26 15 
14 17 11 27 9 11 21 24 24 19 26 19 16 26 14 31 20 23 25 23 
18 14 15 25 19 15 12 27 26 25 9 17 13 47 19 29 18 33 32 26 
12 19 21 31 23 13 24 33 20 15 16 28 19 23 15 22 32 14 23 30 
18 19 29 18 20 11 12 16 35 25 14 26 21 27 11 24 9 34 30 33 
10 15 19 38 15 12 24 21 22 17 17 29 25 42 20 31 27 24 16 33 
19 17 9 30 20 19 13 26 20 14 19 16 20 26 15 23 22 7 18 30 
24 24 23 25 14 15 15 30 27 18 19 19 15 30 22 27 34 22 25 19 
15 18 17 31 19 11 11 41 23 29 18 27 13 22 14 23 16 28 38 34 
14 18 15 43 21 13 25 16 36 23 12 28 14 19 15 18 28 16 31 29 
14 28 15 31 15 17 29 22 10 21 9 18 14 28 20 16 28 23 33 27 
14 19 28 34 18 18 20 28 30 13 11 23 19 34 10 18 18 15 19 21 
12 20 22 26 21 18 9 27 29 15 15 12 9 21 16 27 17 17 11 33 
8 28 20 33 12 17 16 29 28 15 25 11 25 21 11 24 24 25 5 27 
16 26 18 42 18 12 9 23 36 12 21 28 20 28 19 25 25 15 27 26 
10 9 17 29 13 18 19 18 29 23 22 20 17 29 12 20 49 26 24 26 
19 16 18 35 17 17 15 23 33 16 18 13 24 34 14 23 28 17 30 17 
17 24 21 35 15 12 16 34 30 20 16 19 25 23 23 19 17 23 19 30 
21 8 19 35 15 14 8 47 29 16 10 15 15 20 14 29 40 20 22 18 
20 25 10 33 25 19 17 43 25 17 19 20 14 36 11 16 14 22 24 25 
15 22 21 27 17 19 14 45 25 26 19 23 14 33 15 29 27 28 24 25 
14 19 21 22 26 19 14 26 37 17 12 28 18 21 14 17 25 26 36 33 
18 24 21 21 26 9 26 18 29 15 18 19 6 41 13 12 19 25 33 35 
17 10 15 29 13 20 17 26 22 15 22 36 10 21 19 13 17 24 39 30 
18 16 16 32 17 20 11 31 30 26 14 31 24 38 17 9 15 22 31 28 
19 19 22 28 19 9 18 29 13 30 11 20 21 33 10 7 24 17 33 37 
18 23 16 19 18 12 23 33 26 16 13 8 30 31 19 33 23 17 37 36 
13 23 14 28 23 21 16 41 30 21 16 20 23 22 13 32 20 22 14 15 
19 14 33 19 24 13 26 15 30 18 24 12 16 38 20 31 24 30 22 48 
18 32 20 21 16 18 14 38 34 27 18 27 24 28 18 38 28 12 16 23 
20 13 23 44 16 18 13 25 32 28 18 14 27 42 19 12 21 18 35 20 
13 22 19 29 31 19 14 31 29 18 17 22 25 19 12 30 25 11 33 27 
18 18 17 36 20 15 20 21 40 19 13 24 25 37 21 24 22 17 29 26 
15 18 21 32 18 20 14 13 30 26 9 16 16 17 19 16 27 26 36 32 
9 11 13 15 15 9 23 29 32 14 12 21 17 32 20 37 40 27 21 42 
11 19 17 15 20 14 15 35 35 19 15 18 19 34 20 31 39 20 26 20 
16 20 14 32 19 14 19 31 24 27 20 25 14 34 14 16 24 24 23 35 
15 19 16 30 16 14 16 21 47 26 18 34 15 34 14 21 38 16 35 25 
21 28 16 36 20 20 22 41 26 12 24 24 26 33 18 32 17 22 24 38 
10 12 25 39 14 10 22 17 31 23 13 22 17 30 9 31 20 24 18 31 
6 15 12 17 13 13 10 22 29 20 12 13 16 41 15 20 30 21 17 40 
21 24 10 41 22 16 21 21 34 19 17 22 28 9 19 24 35 19 18 9 
18 19 23 28 17 18 22 36 36 19 24 19 18 34 20 29 26 29 36 39 
11 23 11 19 12 17 17 42 39 20 17 23 12 41 12 31 23 16 28 14 
11 19 13 30 22 15 21 25 30 21 19 16 21 46 27 14 16 15 32 25 
8 17 22 29 5 10 12 39 20 13 11 33 17 30 13 8 26 30 27 26 
10 14 15 21 7 12 6 31 26 9 19 13 18 31 6 37 19 33 28 24 
19 18 14 46 20 16 22 28 19 26 24 26 27 36 15 16 20 22 30 28 
15 19 16 40 21 13 22 35 22 21 11 25 22 30 14 19 30 23 25 34 
16 17 22 31 18 16 16 14 38 22 12 25 20 29 12 32 27 26 21 29 
14 30 16 26 30 12 13 40 20 16 17 30 23 28 11 23 34 17 25 22 
13 16 10 24 15 14 29 15 37 17 14 23 17 35 10 22 28 22 35 27 
7 19 16 43 25 16 20 28 30 18 12 14 15 25 18 26 24 18 28 13 
9 19 17 24 17 18 20 19 33 28 19 25 15 35 13 14 30 17 35 29 
18 18 11 20 7 6 19 30 18 21 15 11 24 36 16 28 18 17 29 36 
13 21 13 27 22 15 12 8 25 19 16 25 20 25 17 23 15 20 39 27 
15 18 29 32 17 14 17 33 20 16 17 12 18 31 14 30 22 23 20 47 
12 12 19 29 18 17 22 40 22 21 21 15 21 29 22 19 22 21 25 18 
20 29 14 37 20 16 18 27 10 19 17 17 15 20 16 28 15 23 31 23 
21 21 25 31 21 8 11 24 30 25 16 21 14 20 21 17 24 11 30 39 
18 23 17 35 24 3 23 51 22 17 17 22 14 36 13 19 27 22 36 27 
16 20 18 34 16 13 18 22 31 24 26 21 21 13 18 22 29 13 35 34 
21 23 25 14 17 15 19 19 30 15 24 31 20 24 7 17 17 11 29 29 
15 16 16 28 9 18 22 29 20 15 20 17 13 34 12 14 19 24 46 29 
16 22 19 38 21 12 10 28 29 24 16 25 16 36 13 19 32 30 9 30 
9 26 20 30 4 15 12 37 41 19 20 24 16 12 21 30 25 25 20 36 
18 16 16 25 18 14 17 25 26 19 21 25 23 25 15 26 23 17 23 26 
11 30 11 19 11 15 20 35 24 23 18 22 25 38 9 34 25 15 30 28 
19 23 27 38 19 8 17 35 31 22 16 19 24 33 14 41 12 20 24 29 
16 18 19 28 19 17 18 24 25 17 17 8 9 25 13 28 32 12 19 29 
16 25 16 40 11 27 26 28 33 12 23 16 19 23 20 17 29 22 27 32 
14 19 18 20 21 23 14 10 18 15 18 18 27 32 17 24 22 21 28 20 
11 21 19 18 14 19 21 22 38 16 19 27 13 33 11 19 30 20 27 45 
16 17 23 38 3 9 12 27 38 11 13 14 17 22 17 24 26 23 26 32 
15 19 22 30 19 15 22 29 29 20 7 18 24 33 17 21 30 20 21 30 
21 18 20 40 20 16 21 28 23 19 23 19 15 30 19 28 29 17 21 24 
11 20 15 18 17 11 23 28 36 15 20 27 22 34 15 33 33 26 24 33 
13 21 25 35 15 10 26 35 17 20 13 16 20 32 20 28 25 18 2 12 
22 18 25 27 24 20 19 25 33 25 22 12 17 27 13 22 25 23 38 25 
16 16 16 22 25 18 20 35 20 18 17 13 20 27 13 20 18 25 22 15 
11 15 17 25 15 8 36 31 32 20 17 18 17 28 18 26 25 15 42 27 
20 21 14 27 14 11 25 50 27 11 11 19 18 32 12 17 26 21 18 25 
17 16 13 28 27 15 22 31 26 12 22 22 14 30 12 18 25 20 31 26 
15 18 11 26 13 24 21 26 33 15 8 10 10 33 6 35 26 26 47 32 
8 27 22 32 23 13 21 22 46 17 16 24 26 42 15 30 16 17 41 19 
11 26 22 17 19 19 20 18 41 17 17 15 26 41 16 12 31 6 45 21 
19 27 11 25 18 18 10 17 28 11 21 15 20 36 17 19 18 29 26 33 
15 24 22 27 19 14 5 35 36 25 19 21 12 29 19 25 29 20 34 33 
14 13 19 17 21 5 12 37 23 20 14 29 21 34 15 28 25 32 27 18 
16 28 18 47 20 11 21 21 20 16 17 13 23 33 14 16 27 28 26 21 
16 18 16 40 18 14 9 22 35 17 12 18 8 31 13 29 24 20 36 28 
13 8 23 21 20 17 15 26 43 22 15 19 26 34 20 23 23 26 30 22 
9 21 21 15 23 7 20 15 34 17 20 17 24 23 22 16 35 18 28 11 
19 11 21 27 16 15 12 20 34 25 16 17 21 34 17 22 20 23 31 27 
17 22 15 31 13 18 20 38 14 15 16 25 19 43 6 36 15 21 35 45 
10 25 26 19 12 19 19 38 36 17 20 18 13 43 16 20 32 26 22 17 
15 23 20 15 12 13 11 37 30 21 18 22 30 43 19 27 17 20 16 25 
17 28 15 35 19 17 21 27 22 11 15 25 22 35 10 28 27 22 39 16 
8 14 30 33 17 19 16 37 22 15 9 19 17 31 12 22 18 24 21 38 
18 10 20 33 15 19 19 29 33 26 15 23 12 48 15 31 13 17 34 8 
17 13 15 18 16 17 22 22 40 19 16 26 20 33 11 37 24 28 44 21 
17 18 21 33 23 13 14 30 38 21 24 17 26 15 22 38 23 23 42 14 
23 20 22 23 17 15 21 20 39 19 28 11 23 32 21 18 24 25 19 33 
11 20 18 34 19 20 27 28 31 28 15 12 14 29 18 30 30 19 15 32 
23 14 14 28 18 9 25 21 32 11 5 27 9 32 17 18 22 25 21 25 
23 16 19 26 14 13 24 34 23 25 10 21 18 20 19 28 32 26 32 21 
14 21 22 33 17 15 15 20 26 24 17 31 11 36 19 22 28 26 34 14 
11 10 23 24 22 17 12 30 43 27 12 19 14 30 21 24 18 27 20 20 
12 22 20 24 10 9 18 24 17 15 14 27 14 24 18 34 32 38 26 20 
21 22 19 44 15 10 16 18 24 21 19 28 14 45 11 16 30 23 39 30 
10 25 20 47 20 18 25 47 38 21 10 22 20 42 25 18 15 30 27 19 
16 23 25 18 14 14 18 6 31 25 19 17 8 34 11 27 34 19 26 24 
14 18 12 32 16 9 16 31 35 30 22 17 20 33 16 37 14 23 34 37 
18 25 13 31 11 19 19 38 25 22 13 7 15 44 14 13 27 20 34 32 
6 29 13 23 10 16 13 23 39 20 18 33 18 31 14 21 33 22 26 20 
18 26 30 35 12 11 22 33 26 27 18 16 18 26 7 27 18 23 30 29 
15 18 19 24 14 9 19 46 29 26 16 25 21 20 10 22 7 8 30 24 
16 15 17 14 23 17 12 33 24 13 17 17 19 42 16 32 26 19 21 12 
18 24 20 33 14 14 7 12 24 8 16 15 18 36 11 28 8 23 31 33 
17 21 17 35 15 14 18 30 20 22 14 20 9 34 17 35 20 25 21 34 
12 22 22 28 10 22 14 30 29 26 20 11 19 31 12 22 21 10 24 26 
21 29 17 36 17 6 24 41 30 17 20 19 19 40 17 24 11 17 19 19 
18 22 9 35 20 15 21 21 24 19 20 20 4 23 27 33 35 27 26 21 
13 16 26 23 15 15 22 32 27 14 13 20 13 39 13 18 34 19 20 24 
18 12 23 32 20 9 14 21 28 17 20 20 17 21 19 19 20 28 17 34 
15 16 23 22 17 12 24 27 15 6 17 28 18 36 14 23 35 19 8 26 
24 17 18 22 16 13 20 28 32 15 17 17 12 21 19 24 22 23 22 40 
21 15 10 40 20 12 15 33 31 28 18 13 24 26 20 21 28 26 38 33 
24 20 9 39 21 17 14 35 22 24 14 21 17 37 23 11 30 25 38 16 
12 26 19 37 15 16 17 34 36 16 13 24 22 31 17 16 32 22 16 29 
16 20 23 27 14 8 10 20 28 23 17 28 14 22 18 24 10 22 32 22 
12 20 22 35 20 20 29 53 19 23 27 24 28 29 20 23 32 48 28 26 
20 16 15 29 19 12 13 10 44 30 17 16 13 36 20 27 23 22 14 21 
16 15 18 23 27 10 19 14 36 17 22 18 14 36 25 12 27 28 29 22 
19 21 24 42 15 17 18 31 32 23 19 24 19 34 19 19 32 27 27 22 
19 20 28 30 24 13 21 49 31 12 25 21 13 48 17 36 27 32 23 33 
17 13 16 31 20 12 13 34 22 18 14 18 20 41 21 22 13 25 23 53 
18 6 16 31 22 12 21 28 38 11 11 20 30 27 22 30 27 28 30 15 
20 17 20 21 16 18 11 32 27 24 12 22 21 25 7 30 27 19 47 26 
16 20 15 42 24 16 18 29 34 16 25 11 14 45 9 22 34 19 33 34 
12 18 16 32 19 19 26 37 27 26 23 9 19 38 17 24 29 23 30 26 
18 26 15 39 20 21 22 29 39 18 10 15 14 11 17 21 25 22 15 34 
15 25 12 30 27 16 18 28 18 20 19 17 15 46 21 27 17 37 29 44 
11 11 18 21 15 11 21 34 35 19 21 25 19 40 15 20 25 23 32 22 
10 29 21 42 18 13 17 32 26 30 19 31 22 46 11 19 33 28 44 30 
16 13 15 23 13 18 11 24 17 15 20 33 24 30 18 29 20 17 32 32 
18 16 20 27 20 18 12 29 21 18 10 7 18 26 14 25 31 21 20 19 
19 14 14 24 18 10 18 34 23 26 17 14 13 28 20 17 27 21 35 36 
10 11 18 30 22 17 16 20 21 18 17 9 9 15 17 30 28 27 31 26 
11 14 27 28 10 15 18 21 28 24 13 12 17 37 15 17 26 18 25 38 
19 19 21 26 20 17 10 29 31 24 20 11 13 24 13 25 22 14 21 28 
12 19 26 33 14 15 15 26 27 19 21 28 26 31 20 23 17 15 35 37 
17 20 23 24 16 9 16 34 27 25 15 24 26 36 19 24 30 17 29 31 
18 11 17 33 21 21 12 28 17 21 9 19 8 32 15 20 20 22 39 31 
15 17 9 36 3 17 15 38 17 21 21 26 16 32 12 22 26 29 32 23 
13 14 10 28 24 15 10 33 18 19 18 29 9 26 8 20 34 13 30 24 
14 13 20 16 27 11 16 37 17 16 7 10 14 23 20 25 19 21 16 30 
15 18 17 22 14 17 29 24 32 19 19 34 17 43 18 22 18 30 13 25 
14 10 20 29 18 15 14 29 34 17 15 24 16 26 11 20 20 29 30 33 
18 17 19 28 17 20 10 41 36 23 20 19 17 23 27 32 24 25 44 25 
19 17 22 33 24 15 19 29 21 13 13 19 26 36 15 29 20 16 25 24 
19 14 18 25 13 16 11 19 30 21 17 21 28 30 22 36 16 18 32 29 
29 16 19 35 16 9 20 38 19 11 22 27 22 31 18 34 38 9 34 35 
15 19 18 19 13 16 10 26 16 18 12 20 9 41 14 25 25 32 37 40 
15 16 14 40 19 17 13 26 15 22 19 16 12 28 17 31 33 17 40 15 
11 22 17 33 16 15 23 21 15 19 21 8 19 41 11 20 15 25 21 17 
13 16 17 40 21 19 17 29 20 21 13 15 17 30 11 20 31 19 24 16 
9 29 14 20 13 22 15 22 17 20 16 23 12 27 20 14 26 30 34 24 
21 21 16 39 22 14 15 25 28 21 16 17 26 28 19 30 22 16 15 30 
10 21 14 25 20 15 24 46 30 22 17 14 14 40 23 31 18 22 28 15 
16 15 18 30 13 15 16 21 31 25 21 21 22 33 16 20 32 14 44 27 
9 19 7 42 21 3 13 24 13 19 21 24 20 31 24 18 27 25 8 26 
16 16 22 25 22 16 25 24 26 25 8 19 22 24 8 20 20 22 27 29 
13 19 11 32 20 6 25 29 29 12 18 18 24 34 18 35 16 23 7 19 
14 16 18 19 24 14 21 30 18 24 19 21 18 42 18 28 25 19 23 30 
13 18 11 26 14 12 18 37 37 20 16 27 26 19 18 30 23 13 32 23 
14 19 15 27 19 14 7 16 35 23 17 22 22 42 19 24 26 19 30 29 
10 17 17 26 21 20 15 37 32 22 14 21 22 36 20 28 30 27 33 16 
17 18 21 16 26 10 10 36 28 20 17 15 19 37 21 21 36 25 34 29 
18 22 17 29 15 12 23 29 24 20 16 26 20 31 17 21 30 28 11 24 
14 11 11 23 11 11 24 28 19 25 14 25 14 39 21 29 35 21 33 28 
22 18 12 12 21 20 17 18 21 16 23 19 20 45 13 23 22 33 20 23 
18 17 13 15 17 16 23 23 36 29 20 13 15 34 10 23 20 27 20 41 
12 21 27 33 5 24 15 19 24 17 27 16 20 16 16 24 23 29 36 22 
13 22 20 21 16 11 9 23 23 22 19 23 28 37 18 25 21 13 25 35 
19 13 15 28 9 9 15 35 36 15 19 16 20 32 16 21 27 17 26 24 
10 22 14 38 10 10 18 24 15 8 17 12 21 27 16 29 14 26 47 38 
16 21 22 25 23 20 17 20 31 17 20 27 29 40 15 23 28 12 26 25 
17 14 23 29 18 23 15 31 39 27 13 25 17 26 14 26 15 16 46 32 
17 25 15 31 16 26 16 44 23 20 4 21 16 29 17 25 30 13 26 31 
13 21 26 32 16 15 28 21 34 22 18 6 10 35 15 24 32 27 25 39 
10 24 13 29 13 15 17 20 18 16 11 22 19 22 15 31 33 15 21 27 
16 19 13 28 18 14 18 33 32 21 23 22 16 33 19 23 26 33 38 27 
13 24 21 38 11 15 20 12 16 28 12 21 29 29 20 20 22 31 30 26 
10 19 15 31 16 12 14 19 18 19 14 20 13 28 17 20 25 26 25 29 
14 24 21 19 19 14 23 31 22 22 17 14 16 28 10 27 28 21 20 33 
15 13 17 24 22 20 18 47 21 19 13 32 11 43 18 27 38 20 25 23 
25 16 14 29 17 8 18 32 37 14 18 21 10 20 23 21 26 23 36 28 
15 23 10 30 12 18 17 24 38 16 18 11 21 30 21 35 20 17 29 26 
16 13 19 39 23 21 15 37 35 19 12 25 13 18 11 17 28 22 27 15 
14 17 27 30 13 4 17 30 27 7 14 30 13 46 12 15 27 20 7 26 
14 17 17 27 12 23 13 27 9 13 9 15 14 29 12 23 24 20 36 21 
9 10 14 20 15 16 22 16 21 24 14 20 22 48 18 26 35 27 34 14 
17 25 23 45 19 12 16 31 24 13 10 31 16 40 9 30 27 23 29 27 
16 22 1 23 15 15 19 38 30 22 16 25 16 34 10 23 37 30 41 27 
11 18 25 17 13 16 20 18 28 23 13 21 23 20 16 38 30 23 29 32 
20 22 15 23 12 13 16 34 40 17 21 22 12 29 16 25 16 19 25 31 
15 24 23 32 19 15 15 24 16 25 19 32 29 22 18 32 21 28 35 45 
11 6 20 37 19 15 23 26 37 21 13 20 20 32 17 27 24 10 14 35 
14 16 16 29 21 17 23 33 38 23 16 26 17 33 16 25 16 24 33 28 
22 14 13 26 21 16 15 38 41 12 19 22 22 21 16 31 24 23 30 41 
12 12 23 28 19 16 15 18 37 18 15 22 21 31 15 33 16 19 35 21 
22 3 12 40 12 16 21 26 33 19 20 18 20 37 9 28 31 28 27 20 
19 18 19 21 19 13 19 29 32 25 15 30 12 33 26 12 15 17 32 34 
15 12 20 19 9 14 18 19 27 24 13 22 22 39 16 18 15 29 23 19 
23 13 15 35 21 19 22 21 26 20 12 10 20 10 23 37 15 14 20 26 
16 21 19 23 25 17 16 22 29 23 17 21 25 19 14 19 33 20 22 31 
8 23 11 36 18 18 14 19 23 25 16 19 30 22 12 26 29 24 23 37 
10 24 10 35 17 17 21 22 33 20 18 21 12 36 23 20 30 25 28 23 
19 23 22 22 16 15 16 20 29 13 14 15 26 43 15 33 27 15 17 26 
10 18 13 29 19 17 9 25 19 22 20 28 20 28 14 30 16 27 17 15 
15 22 18 29 15 14 21 32 30 18 17 7 23 34 16 33 14 28 26 34 
12 10 25 29 18 19 15 31 22 17 18 19 19 16 14 10 34 24 26 24 
16 23 14 24 24 20 19 18 27 19 19 24 21 33 23 16 22 20 37 20 
17 13 16 22 21 15 17 45 24 25 10 28 16 18 18 33 30 22 29 21 
14 22 12 32 21 16 25 21 18 31 10 7 10 40 18 18 17 12 28 25 
17 24 10 40 18 9 23 27 22 24 19 29 18 36 15 19 25 17 32 29 
16 26 23 18 13 10 19 20 27 11 8 21 16 32 20 40 14 27 26 35 
9 22 14 25 16 13 17 26 36 12 15 30 21 29 24 18 25 19 27 23 
20 19 24 34 21 22 13 14 16 16 14 20 26 44 15 18 20 19 29 37 
18 13 16 35 26 6 15 29 23 16 11 24 2 29 11 24 30 24 31 26 
17 14 15 24 19 18 12 34 34 15 17 13 14 35 19 11 17 20 22 22 
9 22 13 38 12 16 14 21 27 18 13 23 29 18 20 18 37 17 39 26 
22 19 18 16 22 19 17 35 24 22 22 21 11 34 20 26 24 20 35 24 
20 23 10 27 22 13 22 32 20 18 17 23 18 36 14 26 26 27 40 18 
13 21 18 30 28 16 10 48 22 27 13 25 24 38 18 27 34 25 29 27 
17 18 34 31 28 13 17 29 26 18 18 24 9 33 11 27 16 17 21 27 
19 25 21 32 17 6 17 25 27 24 10 23 7 19 19 18 7 17 34 30 
13 24 14 18 25 20 18 35 40 23 19 30 13 36 13 32 21 26 31 32 
12 22 13 15 25 16 12 9 34 23 20 19 21 36 14 22 37 25 27 16 
17 16 14 27 13 23 16 34 12 22 14 22 16 15 13 19 24 27 25 25 
18 29 26 23 33 18 17 28 12 19 17 17 24 29 21 16 35 17 24 30 
15 20 21 30 21 12 18 21 15 26 19 22 23 33 20 23 25 14 34 27 
25 17 25 40 16 17 20 33 37 14 19 19 19 23 11 27 27 21 24 26 
12 23 17 29 19 14 18 40 29 12 8 11 21 24 22 25 20 25 20 24 
9 20 20 7 9 20 14 25 29 19 22 24 13 23 17 30 25 23 11 24 
24 20 14 23 26 7 13 49 37 17 17 27 12 39 7 22 30 18 20 17 
15 14 20 41 12 12 9 24 34 16 16 22 12 34 8 18 7 22 25 33 
22 21 18 34 17 8 26 25 32 16 17 22 18 21 15 41 29 13 17 33 
9 16 24 13 18 14 19 35 22 21 18 25 17 33 19 26 23 15 33 42 
15 19 18 23 17 21 10 39 27 22 13 18 18 29 12 28 19 13 25 45 
20 14 16 41 31 17 13 27 27 23 18 27 8 31 23 29 37 26 22 41 
11 17 21 25 14 21 12 29 33 19 15 14 16 39 21 30 22 19 19 27 
19 16 16 24 22 13 17 34 35 20 21 17 21 28 18 26 30 15 14 21 
6 18 20 30 32 12 14 42 16 10 15 16 16 40 12 22 17 18 26 26 
12 19 14 28 11 17 22 39 34 24 9 19 17 21 18 24 26 17 9 29 
14 16 15 31 28 20 11 28 33 17 18 29 22 25 16 27 32 20 28 34 
24 19 14 27 19 20 22 29 33 20 19 35 17 43 25 18 17 17 25 24 
12 16 15 31 15 17 22 21 35 21 15 22 17 37 25 36 33 19 27 16 
18 15 26 12 22 16 20 37 16 24 23 18 23 23 14 32 24 17 25 26 
16 24 16 21 15 6 15 34 25 21 15 29 18 14 18 24 24 29 40 31 
14 16 12 26 18 10 11 13 8 5 19 13 20 32 15 23 31 24 23 29 
17 19 16 29 15 12 15 19 31 27 14 13 17 29 13 32 30 24 36 46 
17 18 14 25 13 20 19 32 26 15 25 9 15 38 15 34 27 24 7 23 
13 11 25 32 16 14 30 34 20 26 13 24 21 31 18 12 26 17 26 25 
15 17 10 23 28 13 13 23 34 23 10 37 13 20 19 29 11 15 31 32 
13 30 15 26 25 10 14 36 23 17 7 16 24 31 19 22 42 14 40 25 
13 14 19 21 14 12 15 30 22 31 13 17 14 36 21 25 20 13 40 36 
15 20 12 44 21 18 16 32 27 10 20 22 21 9 15 19 25 30 26 32 
11 17 28 24 26 15 13 33 10 20 22 21 26 24 17 28 32 26 33 22 
10 12 19 26 21 18 20 39 29 19 15 19 13 36 9 24 25 22 31 24 
18 20 28 36 20 13 28 27 28 22 6 19 14 27 21 22 24 29 20 26 
12 19 18 35 11 12 12 26 34 21 19 26 7 19 11 33 22 25 19 25 
13 15 14 21 23 19 19 48 28 23 17 19 15 26 15 22 37 27 23 23 
18 14 19 14 23 18 27 33 21 26 20 22 15 19 11 35 19 17 28 30 
16 17 18 35 28 15 17 37 35 19 13 22 21 25 17 23 32 8 38 28 
6 26 17 24 19 14 14 31 25 16 19 23 22 32 15 21 26 26 21 32 
17 22 13 23 19 10 13 31 21 23 18 24 21 20 27 15 33 17 28 24 
13 13 17 33 22 10 11 36 24 20 13 18 22 26 18 21 25 19 21 17 
16 21 12 37 11 16 15 30 16 20 17 15 18 40 8 23 16 17 31 35 
15 29 18 33 14 20 14 24 35 22 17 18 21 35 10 21 31 13 30 20 
11 11 23 19 15 18 18 33 39 21 12 26 23 29 20 21 25 23 26 28 
18 16 27 30 19 9 20 21 20 15 17 34 20 31 19 22 32 16 26 14 
22 16 13 30 22 24 17 26 22 17 16 30 12 23 11 15 26 27 34 40 
11 18 14 25 24 10 15 13 24 23 17 24 23 44 19 42 30 19 26 36 
5 19 21 24 19 23 22 34 28 22 17 20 15 24 17 18 18 19 37 44 
13 17 17 29 19 16 24 27 28 12 23 27 22 18 15 30 26 12 32 25 
12 19 9 43 21 8 8 25 26 23 17 11 25 6 15 16 11 34 32 25 
14 25 15 20 26 16 19 36 23 17 16 17 15 13 22 35 33 15 30 40 
10 25 15 14 8 10 6 26 29 19 7 19 15 32 10 7 18 24 23 41 
12 14 15 38 18 14 21 10 19 25 11 31 24 23 10 33 22 18 28 37 
13 17 21 39 17 14 16 42 38 18 17 20 29 14 21 19 14 3 21 36 
17 22 25 44 29 6 15 38 35 18 15 5 21 8 17 10 21 24 36 35 
11 20 10 18 13 19 22 42 14 5 18 20 25 24 18 28 13 28 24 25 
19 11 25 32 14 13 22 31 41 21 21 21 28 42 13 33 31 22 31 30 
13 12 18 25 25 14 23 26 31 20 13 16 18 18 11 26 6 25 26 26 
15 17 19 34 14 18 17 34 18 14 18 21 20 27 20 35 17 23 28 18 
15 25 14 32 17 16 13 28 26 14 19 23 24 23 18 25 31 25 41 32 
12 18 19 32 16 15 13 26 29 15 15 22 22 42 12 28 28 21 44 35 
11 17 24 32 13 15 10 23 38 19 13 20 16 21 15 25 36 22 28 29 
19 11 20 39 19 14 20 32 26 18 12 12 20 30 14 36 26 30 34 34 
19 21 28 37 22 11 11 32 32 15 10 20 18 32 17 21 32 19 35 21 
20 17 18 28 18 17 25 16 15 16 19 16 22 21 16 24 29 15 42 35 
20 23 16 15 14 12 22 10 35 18 22 18 17 33 13 25 28 12 30 34 
16 25 15 36 18 14 22 32 29 22 17 15 16 22 15 29 17 28 35 26 
14 19 19 18 17 8 17 31 25 21 21 19 26 24 15 21 31 20 36 27 
18 17 19 35 14 7 16 51 43 23 10 29 16 27 11 21 16 19 22 25 
14 21 21 15 15 19 23 32 26 20 21 25 23 40 23 28 15 28 26 36 
9 16 12 19 20 19 17 28 41 19 20 31 17 37 20 19 31 25 34 42 
7 24 16 31 18 9 18 22 38 13 18 14 21 22 16 26 19 29 36 25 
11 22 17 28 15 13 25 34 41 18 13 28 21 34 23 15 19 14 20 38 
14 21 17 22 16 12 15 20 37 14 23 11 22 36 15 32 29 19 24 27 
18 14 21 23 14 17 16 20 35 19 13 34 19 20 10 23 31 22 29 33 
14 23 26 30 20 18 25 35 32 19 17 16 19 17 13 29 26 22 28 31 
13 18 19 17 18 16 12 24 20 20 27 21 15 29 17 19 20 27 24 35 
20 19 18 30 8 13 23 22 16 23 14 19 18 31 16 20 21 25 22 31 
10 18 17 33 20 21 12 32 38 20 21 18 19 28 15 30 17 23 30 23 
8 16 12 20 20 12 16 32 34 20 14 20 22 27 28 24 18 27 21 16 
7 24 21 40 13 16 23 29 29 18 10 12 7 24 11 34 30 22 30 33 
10 16 18 33 13 8 24 39 29 15 14 15 24 38 20 17 23 12 17 30 
10 19 19 40 24 14 25 26 31 19 13 23 16 29 13 21 14 26 35 30 
17 22 22 40 20 18 22 16 22 20 10 27 17 20 13 22 18 28 10 6 
11 27 10 24 19 17 23 31 29 17 21 20 21 22 16 27 17 17 31 29 
23 11 13 22 18 17 23 31 26 15 7 22 19 19 14 26 24 22 22 20 
9 23 21 35 27 18 23 27 25 22 13 21 30 29 15 31 19 18 36 29 
17 27 13 16 26 10 16 34 25 11 17 14 24 47 21 31 35 24 30 19 
13 18 14 23 16 18 20 28 23 19 16 21 8 31 18 26 17 16 29 33 
15 22 17 27 23 9 13 30 27 22 22 22 25 32 15 25 12 24 26 16 
14 16 19 17 14 15 18 30 34 15 20 27 18 25 17 27 28 12 26 31 
10 16 19 11 19 10 20 25 20 12 20 25 19 11 11 30 34 25 23 32 
14 21 10 20 24 19 21 27 35 21 14 24 17 29 12 30 32 30 17 23 
19 19 20 39 18 20 13 13 25 23 15 28 19 39 14 32 22 25 20 20 
14 17 22 40 14 18 19 32 15 29 23 25 26 30 20 22 30 29 30 22 
14 23 21 34 21 17 20 22 17 29 16 10 22 10 17 27 30 24 23 29 
23 13 23 37 28 16 25 31 21 12 18 29 20 27 15 15 34 17 37 22 
18 20 13 43 15 10 19 25 33 20 16 14 22 15 20 31 21 27 36 33 
14 16 17 36 15 15 17 27 29 17 22 27 23 17 18 33 19 29 27 29 
7 22 33 22 18 11 19 31 41 23 18 10 16 38 17 18 17 19 18 20 
15 18 25 29 15 10 14 32 33 13 19 9 23 34 16 21 25 23 30 21 
11 18 18 8 22 18 10 28 28 21 15 26 15 37 16 28 40 10 31 16 
16 13 11 29 20 10 21 29 35 14 19 21 24 26 21 31 20 26 14 22 
19 16 19 34 29 12 10 27 19 23 12 22 12 40 14 24 23 26 25 26 
15 24 31 15 14 18 21 30 22 28 15 13 23 41 25 27 26 20 23 31 
16 23 17 34 15 16 18 13 50 16 8 22 20 28 10 26 29 22 26 32 
19 13 14 14 20 14 14 23 39 22 16 19 21 16 25 32 31 17 21 20 
14 23 19 37 15 15 19 21 36 17 18 8 26 34 21 35 29 15 20 31 
16 20 12 38 21 25 13 29 33 23 12 21 12 34 16 26 23 21 28 21 
8 21 24 25 15 15 20 30 29 18 9 15 16 31 14 26 31 24 25 27 
21 19 8 18 17 14 21 22 37 11 16 16 24 1 21 30 26 23 24 27 
12 13 24 29 17 17 16 26 25 17 9 35 28 34 15 39 24 25 23 34 
18 6 14 26 22 11 11 25 24 20 20 21 19 27 22 32 17 30 28 18 
19 14 24 36 18 11 19 25 21 21 15 21 21 24 16 27 26 22 17 21 
20 22 14 24 20 12 16 40 24 26 19 12 9 32 10 25 29 28 30 11 
14 24 15 36 13 19 21 28 27 21 15 16 18 35 15 19 30 26 35 24 
18 20 3 23 21 20 23 29 17 22 17 15 16 34 15 26 22 31 35 37 
13 18 16 33 17 9 19 26 16 20 21 30 17 20 15 32 22 25 22 9 
15 18 23 32 12 11 22 27 22 18 21 20 17 28 15 19 31 38 28 30 
15 17 16 30 12 17 20 29 24 19 21 25 15 32 9 28 32 25 27 18 
15 21 22 28 13 18 21 32 26 24 14 14 23 38 23 36 17 22 23 27 
26 21 9 21 12 18 15 32 26 24 15 23 24 30 23 39 19 31 24 30 
13 14 15 36 25 18 19 26 17 18 13 26 31 10 13 26 18 32 19 31 
18 20 15 29 13 15 16 29 32 13 17 20 21 34 15 27 26 29 13 13 
20 24 21 36 18 12 19 46 15 26 12 16 29 35 22 23 21 20 37 29 
12 22 21 29 19 18 21 30 28 15 20 18 11 34 19 28 27 25 42 20 
13 16 13 28 11 22 15 24 34 27 14 11 21 32 12 21 25 29 35 19 
15 16 27 37 16 11 25 21 38 14 11 18 21 20 24 17 24 24 23 54 
25 17 15 32 25 15 15 19 58 25 12 18 24 36 20 28 11 29 29 23 
10 23 21 18 18 18 19 46 16 23 11 22 27 22 18 23 21 35 30 38 
17 14 20 25 17 18 19 32 35 13 16 20 22 15 13 35 24 26 39 23 
13 22 20 33 18 10 19 23 25 14 15 29 29 14 23 11 15 21 18 34 
19 25 21 18 25 17 19 32 28 20 21 18 14 34 19 28 26 25 29 22 
17 23 19 29 13 14 9 28 28 22 18 16 20 23 20 20 25 12 25 26 
13 21 17 25 13 15 19 31 28 20 13 21 24 20 8 11 34 30 30 22 
13 22 19 33 24 19 15 30 26 18 15 16 14 37 19 19 24 12 25 20 
19 19 16 38 11 16 9 32 22 23 14 27 26 46 18 24 30 27 28 28 
18 17 17 18 19 14 22 12 21 15 18 19 10 30 20 27 23 13 22 39 
21 28 27 26 20 11 10 20 21 15 16 10 11 15 19 17 33 10 28 19 
12 21 18 36 17 17 16 32 23 20 13 13 23 56 10 26 30 11 27 25 
15 19 16 20 23 13 11 20 30 21 20 20 20 36 25 29 11 17 9 39 
16 18 24 25 19 16 22 18 23 19 13 24 19 27 11 35 16 23 21 31 
18 20 25 27 17 9 27 42 19 14 24 15 14 33 24 28 14 19 33 16 
18 19 22 26 23 5 13 24 27 21 11 6 25 25 9 28 30 15 21 24 
3 21 5 45 16 13 6 34 19 13 18 18 26 45 21 37 34 20 33 25 
17 14 12 33 23 12 14 25 20 15 16 14 17 21 20 29 25 13 37 26 
17 11 16 33 10 12 17 22 29 8 16 17 15 41 17 22 28 11 26 31 
11 18 16 22 23 15 14 26 29 20 13 16 14 29 19 19 23 19 16 21 
20 19 5 20 15 12 12 29 26 20 21 23 15 34 11 30 14 24 25 28 
11 20 15 37 22 11 14 19 32 18 13 19 19 17 25 28 32 20 38 38 
14 14 15 38 23 18 19 21 27 15 16 36 17 36 12 13 44 27 11 21 
10 16 17 36 21 13 24 22 16 23 25 18 16 24 15 26 23 30 23 36 
18 15 9 34 11 12 13 14 20 20 11 31 25 43 14 29 20 24 18 23 
15 18 15 30 10 7 15 38 21 23 13 17 22 28 13 34 23 7 28 25 
13 18 16 15 19 11 8 37 19 16 14 27 19 28 12 21 29 21 28 32 
21 18 18 31 20 17 16 41 22 19 13 20 16 30 19 17 21 19 26 35 
16 24 7 33 23 14 17 22 21 23 17 10 18 32 11 26 35 24 39 13 
16 27 29 12 23 17 14 27 23 18 15 11 21 25 17 28 34 24 28 17 
17 21 22 40 17 18 19 30 13 18 14 21 30 34 15 22 15 16 37 18 
12 21 12 23 23 14 15 33 33 12 12 13 25 43 20 29 29 15 22 36 
8 29 12 27 11 12 20 28 23 20 10 11 14 33 8 31 18 16 19 23 
18 19 23 29 20 9 16 42 28 17 19 28 25 26 22 36 26 20 29 30 
17 18 19 37 17 15 13 35 32 26 15 33 28 29 14 17 25 20 18 37 
15 22 17 29 17 11 23 23 33 14 19 2 19 23 11 27 25 17 12 42 
13 17 13 25 18 20 14 20 15 15 17 15 13 48 16 27 21 21 39 25 
15 24 20 24 20 24 5 23 32 24 21 17 20 31 15 3 32 28 29 31 
17 24 22 41 14 15 21 33 26 23 21 42 16 35 15 25 12 31 30 26 
11 20 19 25 22 10 23 22 23 20 21 16 31 23 22 24 29 32 13 33 
18 23 15 32 13 15 19 35 27 16 13 20 23 45 13 35 18 32 35 23 
15 13 14 38 20 8 18 14 12 19 22 33 18 31 21 20 21 17 12 18 
17 18 27 34 16 16 18 25 40 21 19 23 26 33 13 25 28 37 27 30 
16 29 21 36 9 16 28 6 26 16 19 25 17 21 23 24 32 21 26 22 
14 21 14 20 22 17 18 26 42 21 13 20 23 31 17 21 24 22 14 14 
11 24 20 33 21 21 17 27 27 18 18 29 10 30 13 10 33 28 8 22 
12 10 16 41 13 14 9 31 35 19 17 31 21 37 19 19 30 25 46 30 
3 16 9 30 13 16 15 36 33 27 15 16 19 20 21 21 34 17 10 21 
19 28 24 38 14 15 12 40 18 21 14 29 20 49 18 27 20 17 39 40 
14 26 14 11 18 21 14 38 23 26 14 15 20 31 20 25 26 17 24 17 
17 12 15 18 22 18 25 20 28 17 9 14 22 19 23 19 31 34 23 24 
9 9 20 20 14 20 10 29 31 22 16 20 21 20 12 25 44 22 26 14 
3 14 13 39 23 15 17 37 23 25 10 27 22 25 15 28 27 29 26 36 
11 33 21 31 24 17 18 19 32 23 17 33 21 22 16 21 24 24 20 30 
19 21 21 34 19 9 16 24 20 22 14 21 23 25 8 16 13 22 20 24 
7 22 17 28 24 10 14 46 32 15 13 22 22 30 16 34 23 29 30 26 
8 25 24 25 25 16 19 30 25 16 20 14 16 36 14 9 20 20 48 20 
10 18 21 14 17 14 17 20 21 11 20 25 20 29 16 26 34 30 29 39 
14 16 13 28 25 12 12 21 33 12 17 16 12 28 19 26 32 23 15 33 
11 20 19 32 16 10 13 26 34 22 15 17 23 29 20 15 17 26 18 19 
18 17 28 26 25 15 17 33 22 12 11 15 13 37 21 23 25 19 41 21 
18 17 23 42 24 20 18 20 24 28 18 28 20 35 14 23 23 19 26 33 
10 15 25 35 15 12 8 31 24 11 16 20 20 32 26 22 16 20 23 34 
13 18 16 30 25 16 18 24 25 12 13 24 23 25 12 34 17 28 17 26 
18 16 18 23 15 11 11 29 45 17 22 28 10 28 17 20 22 20 39 25 
15 20 15 29 19 13 17 31 18 18 22 20 20 20 16 25 32 32 38 16 
12 21 12 22 11 14 16 30 16 20 13 16 19 32 14 33 21 22 23 26 
18 16 6 32 17 15 13 15 35 10 13 20 17 23 19 36 28 22 44 21 
7 16 28 32 16 10 15 28 22 28 15 21 21 23 15 33 28 28 32 35 
13 22 29 22 25 17 14 15 37 8 12 22 19 26 9 34 33 23 36 30 
25 24 28 24 19 14 13 23 33 22 15 10 18 28 13 32 26 16 24 24 
10 22 16 26 16 14 14 29 40 23 17 28 22 25 10 16 26 16 28 38 
13 15 18 20 22 18 22 22 40 17 11 26 21 26 16 31 18 15 27 11 
17 17 15 26 19 13 12 45 25 14 19 27 16 38 16 36 34 30 23 25 
18 25 14 26 24 12 9 25 26 23 21 29 20 19 18 31 29 18 29 28 
15 28 15 43 9 16 19 23 33 15 14 18 20 26 12 24 28 21 2 33 
13 20 26 33 20 9 19 21 29 20 18 10 19 19 17 20 26 33 21 24 
14 19 17 35 23 20 14 35 27 33 21 29 18 21 10 27 30 17 22 23 
19 16 17 22 17 15 21 21 28 24 14 20 21 45 24 24 28 14 13 32 
15 12 23 40 15 16 17 37 30 15 21 27 20 22 16 35 21 14 10 33 
20 22 14 44 18 7 10 21 25 20 22 28 23 22 21 9 22 14 33 26 
15 21 22 25 17 8 8 25 23 21 10 27 28 33 15 22 25 21 18 17 
17 19 14 21 19 15 9 16 22 13 17 26 26 18 12 25 31 11 39 35 
23 23 13 36 24 15 9 37 17 24 13 19 18 31 12 36 23 24 19 35 
14 16 20 46 22 14 22 19 14 21 22 23 24 19 17 30 25 11 28 42 
12 18 21 31 23 17 24 43 34 26 10 25 16 34 16 19 26 24 18 30 
12 10 15 34 18 14 25 25 35 13 18 20 20 42 8 29 31 16 22 26 
16 23 15 29 15 15 20 32 39 21 13 23 23 28 12 16 28 20 35 28 
16 19 15 23 21 19 8 26 22 19 19 17 10 30 17 27 28 21 25 14 
13 21 24 40 19 12 18 29 33 24 13 31 19 31 12 16 31 24 15 22 
11 15 14 11 24 26 17 29 32 26 17 13 22 37 16 29 23 23 29 27 
14 21 13 25 24 17 5 23 32 16 11 27 11 32 22 33 22 25 23 22 
14 27 22 38 18 12 23 22 24 15 12 18 24 15 17 19 20 16 32 30 
10 17 21 23 20 20 18 26 25 15 15 31 16 48 21 23 34 20 41 23 
16 23 24 22 15 22 25 37 23 16 18 19 23 20 12 24 12 19 28 29 
10 27 14 41 13 16 11 34 25 17 13 27 10 34 25 17 25 30 15 41 
22 13 15 25 18 17 19 15 43 16 23 27 23 35 16 17 23 26 17 13 
20 17 15 42 15 14 27 32 25 23 13 19 23 26 15 14 24 28 37 28 
5 20 22 21 20 22 19 28 22 15 18 11 18 17 17 23 36 19 35 24 
9 28 15 34 22 13 17 30 30 19 22 14 19 29 21 16 22 39 28 24 
12 17 31 31 28 19 8 22 43 10 16 31 20 22 18 21 21 14 13 40 
11 16 19 24 18 13 25 35 20 16 19 25 18 32 17 19 31 18 25 31 
15 27 22 28 23 12 13 28 26 18 14 31 16 32 16 21 22 15 16 30 
16 18 16 19 8 9 17 37 22 20 10 25 17 17 23 21 40 27 10 30 
16 15 25 38 11 4 22 12 36 26 14 29 21 30 4 35 30 19 35 38 
12 16 19 36 11 12 14 25 28 11 17 22 11 44 13 25 36 15 26 23 
17 27 6 32 15 15 16 19 40 23 13 25 12 37 13 16 26 31 29 30 
17 26 17 39 11 13 16 27 22 21 15 16 16 22 15 17 29 21 45 13 
8 17 19 20 19 12 20 45 16 10 15 21 21 43 19 35 25 28 31 32 
17 20 22 37 13 18 19 18 21 25 14 12 12 37 15 31 22 21 36 39 
14 13 13 24 19 9 21 38 35 25 17 24 24 32 18 26 39 25 26 21 
12 19 17 28 17 14 13 20 31 10 16 14 10 41 9 26 35 29 23 25 
19 23 22 41 14 17 28 35 37 23 10 19 15 32 18 26 29 24 28 17 
15 21 23 33 18 7 14 40 11 16 22 20 18 34 10 19 15 28 33 27 
21 29 22 17 15 20 18 26 11 13 14 29 22 31 14 20 25 23 16 24 
5 18 17 15 18 13 13 30 25 17 25 31 14 39 18 24 29 15 28 28 
9 20 16 35 17 12 12 22 29 16 18 13 21 29 17 30 40 25 15 16 
10 17 24 34 19 16 10 37 19 18 17 16 31 25 16 23 33 22 14 36 
20 22 20 25 20 19 4 19 19 14 12 18 32 30 23 36 23 24 35 33 
13 21 23 37 8 11 16 33 35 23 18 18 26 38 9 25 26 13 20 25 
12 23 20 32 20 14 14 13 25 12 15 23 12 28 15 31 16 8 23 35 
19 27 19 28 22 16 11 26 15 23 21 30 27 30 15 21 28 16 28 48 
10 17 8 16 20 13 14 27 27 26 21 29 24 27 19 35 30 17 30 29 
13 14 20 31 27 13 15 35 30 27 16 19 14 28 16 26 21 12 23 22 
15 9 25 40 20 19 13 24 34 21 17 20 21 29 10 27 33 33 18 37 
14 22 28 37 14 16 6 21 36 23 6 25 20 32 10 29 25 23 19 34 
16 19 24 23 15 26 27 25 20 19 16 21 12 30 18 27 8 13 25 23 
13 22 20 24 16 9 18 36 24 19 15 12 24 28 21 13 32 21 29 14 
18 27 12 30 24 12 11 42 13 13 19 12 17 20 21 25 23 29 8 25 
13 29 18 19 22 19 26 38 27 26 14 32 26 29 18 10 26 17 33 12 
18 21 23 22 12 7 11 37 33 27 20 8 12 36 14 22 19 15 19 39 
15 34 22 37 10 15 23 24 35 19 14 20 28 23 11 20 27 20 28 38 
18 29 13 38 12 10 6 34 42 26 15 23 18 35 16 12 18 17 27 31 
16 22 9 25 17 15 12 21 15 24 8 23 17 30 19 24 18 32 52 9 
18 15 22 13 26 19 7 40 19 23 19 23 22 36 25 12 17 26 6 28 
16 18 13 27 22 15 21 23 14 14 16 11 19 34 15 28 22 30 41 39 
18 20 17 19 21 8 13 19 23 26 15 22 17 33 14 35 31 26 22 19 
18 20 22 23 10 20 15 38 25 21 12 27 16 45 14 27 16 28 18 25 
12 25 9 37 21 13 21 37 25 15 13 23 10 32 20 21 21 36 28 38 
11 23 26 33 15 6 26 37 15 22 16 14 15 35 17 15 26 32 23 24 
15 24 16 28 22 10 13 26 21 22 7 15 20 35 16 16 31 29 25 24 
18 18 15 35 24 16 17 17 6 16 19 15 21 27 13 12 24 31 26 4 
11 22 12 27 20 11 15 23 11 16 8 10 19 41 23 29 28 11 28 24 
11 18 27 38 18 8 21 22 30 20 23 23 25 38 19 29 22 19 21 33 
14 21 17 32 13 10 23 21 30 26 11 26 14 22 19 39 28 24 27 29 
17 18 24 20 6 22 17 14 7 19 19 11 23 36 15 28 24 24 20 21 
13 24 14 34 17 20 17 34 22 11 17 26 11 34 21 33 22 29 30 21 
10 21 14 15 22 12 21 33 19 23 21 22 23 16 17 36 16 28 37 27 
24 20 27 20 16 13 20 24 35 24 16 28 26 30 16 25 33 24 26 19 
10 17 25 29 9 16 19 22 37 29 12 31 13 22 19 21 29 19 25 46 
12 23 16 28 21 16 15 30 33 26 7 16 22 43 14 31 24 25 39 25 
11 17 15 38 10 14 18 34 27 25 12 22 18 17 16 35 29 9 25 28 
14 19 17 21 13 21 31 30 15 22 15 19 21 37 13 31 31 19 26 11 
13 21 12 38 19 17 17 35 30 24 17 27 23 17 12 28 28 33 22 19 
17 17 12 28 22 11 15 29 28 21 12 18 18 22 10 30 16 14 35 22 
13 17 20 32 18 16 25 19 25 27 21 17 23 23 10 30 32 26 34 19 
9 17 14 25 21 12 20 34 38 32 20 23 27 39 17 38 18 19 27 21 
13 25 10 38 22 19 19 34 30 27 17 22 17 33 16 27 35 24 24 30 
11 14 15 36 20 6 17 24 15 15 14 27 25 10 11 17 33 15 33 30 
13 11 18 36 24 16 18 39 24 11 18 22 19 23 15 33 36 17 17 27 
14 21 15 33 26 15 21 34 20 15 17 30 25 38 19 18 19 20 43 19 
13 15 18 36 12 10 11 24 20 15 10 13 19 42 18 15 27 31 38 22 
18 14 30 23 17 16 24 35 12 26 12 26 16 31 19 19 19 18 23 23 
10 24 20 21 22 13 10 35 22 15 21 26 20 42 15 24 21 34 41 26 
15 12 21 19 18 22 16 24 24 12 16 15 26 23 17 12 32 30 29 24 
16 27 21 29 13 17 20 50 22 18 16 26 22 29 11 22 33 22 22 20 
22 14 21 24 23 16 21 39 24 24 9 22 11 14 10 15 25 23 42 45 
12 20 17 39 17 17 16 34 23 15 21 24 29 25 14 14 21 30 45 29 
7 21 13 29 30 10 13 28 23 8 19 19 21 18 9 17 22 21 11 22 
14 23 20 27 14 9 16 33 22 18 22 27 21 37 19 30 15 27 28 36 
13 19 11 39 14 13 21 40 39 18 14 19 14 50 12 22 40 14 36 10 
21 12 7 32 19 22 22 34 26 20 20 25 19 24 19 29 15 26 41 25 
14 18 24 32 15 4 15 25 30 20 17 23 18 41 14 19 18 23 32 29 
13 17 15 30 9 14 22 36 50 21 17 19 28 38 9 29 28 20 27 26 
17 23 21 36 19 11 21 31 44 17 15 18 17 40 23 30 21 25 28 31 
16 24 23 22 16 20 15 26 18 7 15 18 19 26 10 18 17 14 39 26 
9 27 20 32 21 9 20 24 20 21 11 32 21 26 19 35 37 22 19 38 
17 20 19 14 15 23 24 28 20 24 12 24 23 29 14 30 33 18 30 27 
14 20 24 32 19 13 10 28 21 18 20 15 13 21 22 28 21 36 30 41 
22 22 14 14 13 16 11 28 18 15 6 17 19 17 23 25 39 23 38 25 
14 25 14 28 22 9 17 26 45 29 10 13 17 39 17 24 23 20 27 34 
13 19 19 34 29 10 14 34 29 20 8 30 19 31 13 20 37 22 27 26 
17 20 16 23 16 24 21 9 24 18 14 26 38 35 16 21 21 14 38 21 
12 19 26 26 12 15 17 31 14 16 17 11 18 29 28 11 22 25 22 22 
11 12 15 43 23 13 17 34 26 24 19 22 18 32 18 28 25 25 41 13 
17 21 23 5 15 17 21 24 37 19 13 18 23 26 17 23 24 27 25 27 
9 20 12 19 13 13 22 31 34 12 12 19 27 37 15 15 52 34 25 31 
12 19 17 14 26 14 13 28 40 21 13 26 23 31 13 21 25 40 21 25 
20 24 17 46 19 21 17 29 28 16 11 20 26 36 11 19 23 18 28 22 
14 15 9 47 15 16 16 35 39 27 18 20 16 12 19 22 12 24 17 22 
20 22 23 22 23 15 31 31 13 14 6 25 20 24 18 22 29 31 26 30 
14 23 28 27 17 16 14 19 24 24 17 11 22 39 18 24 18 18 37 10 
14 15 23 36 30 15 23 25 30 11 11 12 17 27 13 31 15 23 14 32 
13 10 33 26 24 15 19 35 24 24 16 19 25 29 23 30 19 24 32 17 
15 29 19 25 17 9 19 42 25 21 17 28 19 27 13 20 24 26 35 24 
17 31 21 19 21 16 21 23 24 15 14 21 18 41 19 21 25 26 17 29 
14 22 17 17 20 13 27 35 40 16 22 21 26 30 21 20 29 15 33 31 
15 15 21 37 18 11 19 18 23 23 11 28 15 25 13 12 22 16 21 38 
17 22 5 36 15 15 20 25 18 19 21 28 24 43 12 23 24 23 27 21 
16 18 19 37 28 14 21 31 28 12 8 12 22 51 17 19 21 23 6 27 
19 17 25 23 19 17 18 23 20 28 10 23 21 32 16 24 23 29 32 29 
13 13 22 22 13 18 13 15 9 11 17 22 9 36 19 26 36 21 25 31 
14 25 18 29 21 14 14 25 35 21 16 12 13 20 15 1 35 21 26 18 
13 20 12 32 6 19 18 20 18 11 13 17 20 45 13 28 17 37 26 20 
16 20 22 40 12 16 17 26 15 20 11 21 18 26 20 28 29 31 28 34 
12 24 21 15 19 27 17 26 27 13 12 21 22 38 18 28 13 13 33 27 
18 22 11 35 22 18 19 33 24 24 17 15 22 23 12 20 34 17 35 21 
14 22 21 30 22 13 21 28 34 18 19 27 14 47 19 28 18 30 20 32 
19 26 13 31 14 13 12 16 14 15 18 18 15 41 22 23 30 16 44 21 
11 8 18 25 16 10 19 17 25 19 24 19 11 22 12 14 25 19 27 31 
20 20 24 25 24 12 16 29 26 15 15 23 24 35 28 26 25 15 29 30 
17 17 15 39 19 18 16 23 26 24 19 22 20 22 15 18 21 23 41 26 
18 25 20 19 24 12 25 39 12 17 17 32 19 18 16 30 17 22 17 30 
14 23 23 29 19 11 14 23 37 26 16 21 17 25 13 31 20 29 33 25 
11 16 8 23 14 16 19 8 21 12 16 14 23 17 19 28 25 18 36 19 
17 20 15 30 27 13 14 18 17 14 20 13 16 29 17 22 32 14 22 31 
14 16 18 22 23 17 22 29 43 20 16 29 16 33 10 33 35 24 10 27 
18 22 19 33 14 13 8 17 32 18 8 26 21 11 8 29 27 13 27 27 
16 19 18 28 17 9 16 35 35 14 17 25 18 40 13 24 37 16 30 12 
20 18 21 33 21 13 25 19 34 21 12 20 22 34 12 15 30 22 22 18 
11 15 17 34 16 19 14 26 29 14 17 15 22 28 14 38 18 27 20 28 
8 22 10 29 14 18 8 19 24 21 18 21 18 31 13 23 27 21 25 31 
14 25 15 20 26 18 15 39 11 16 17 24 24 35 15 25 30 28 28 32 
14 21 26 26 25 12 25 19 25 17 24 16 23 36 14 18 27 27 18 23 
18 22 25 33 26 15 16 19 28 26 14 18 18 29 16 22 25 24 23 20 
19 22 15 29 16 21 17 27 24 17 18 24 25 31 18 16 37 22 27 38 
12 24 19 18 14 18 16 42 31 25 21 18 10 24 20 19 31 23 35 44 
9 16 16 27 19 18 14 35 17 12 13 22 20 29 23 14 33 24 29 21 
19 25 24 13 19 11 21 27 20 10 15 16 11 35 15 17 23 32 39 38 
15 15 9 27 25 19 22 24 37 19 18 15 17 36 17 39 18 18 17 24 
29 23 16 29 27 15 23 43 26 24 18 12 14 23 23 14 24 19 10 21 
13 16 18 19 16 18 22 44 50 24 16 21 20 36 13 28 26 18 28 26 
11 19 26 23 15 15 19 39 18 21 13 4 23 46 18 15 36 23 24 38 
12 16 19 26 12 15 19 18 12 27 20 19 14 41 15 28 23 13 23 40 
13 19 10 43 21 15 32 28 15 13 17 8 23 30 19 28 21 20 15 23 
17 13 22 23 23 17 23 29 36 26 21 12 15 27 16 26 21 24 32 31 
22 21 14 29 27 16 18 19 21 26 16 26 16 33 23 28 40 16 23 27 
16 27 27 22 27 15 13 36 30 18 17 16 17 31 16 18 32 18 44 40 
15 22 14 31 26 13 16 36 35 12 11 25 19 26 21 20 38 29 27 35 
12 10 10 34 21 16 18 32 21 13 21 25 28 17 17 33 34 33 42 25 
8 16 22 31 19 18 21 31 24 14 9 27 25 33 16 26 45 13 45 37 
6 19 24 44 9 20 17 18 25 19 22 26 19 26 20 28 24 9 41 23 
11 21 22 30 16 16 20 26 51 23 17 28 20 32 17 31 31 37 30 22 
11 12 14 42 18 18 15 24 11 21 16 25 14 27 19 16 37 16 18 36 
15 19 20 22 10 12 21 44 27 27 15 25 24 31 19 29 15 21 6 23 
15 22 14 13 17 24 15 32 20 19 21 16 20 30 14 28 33 28 20 25 
12 27 13 30 23 10 17 37 25 19 18 12 25 37 19 22 32 23 28 25 
14 23 12 23 25 18 10 38 19 17 21 12 19 24 18 32 17 15 30 35 
15 14 28 45 7 16 14 21 32 23 18 25 14 13 17 24 27 30 32 19 

MachineCapacities:
MachineID Capacity
0 10
1 10
