NumTasks NumMachines NumScenarios
15 4 100
TaskDetails:
TaskID ReleaseTime ResourceConsumption SuccessorsCount Successors...
0 0 2 2 2 10 1 5 
1 0 3 9 6 7 1 3 
2 0 5 5 5 1 0 
3 0 5 6 4 1 0 
4 0 9 1 8 8 0 
5 0 8 2 8 4 1 6 
6 0 10 9 7 8 0 
7 0 9 3 2 5 2 13 14 
8 0 9 7 9 9 1 14 
9 0 5 2 8 10 1 14 
10 0 5 6 3 1 1 13 
11 0 3 9 3 6 1 14 
12 0 5 8 9 10 0 
13 0 3 2 2 8 0 
14 0 3 5 10 4 0 

21 16 24 28 36 20 30 22 41 6 11 32 19 21 22 18 15 23 29 21 34 13 34 30 20 28 19 36 26 5 32 24 16 20 20 30 21 18 29 25 42 20 22 13 28 20 16 27 12 18 18 21 26 37 20 15 11 34 23 16 
20 10 14 26 17 18 31 43 45 27 31 38 21 16 17 8 17 23 31 15 27 13 32 24 10 21 23 13 22 28 12 21 11 35 24 18 21 20 28 32 16 12 16 13 31 19 12 22 14 18 29 29 27 19 24 25 18 13 35 16 
17 26 30 33 37 17 20 24 31 6 15 19 23 30 27 16 19 33 20 20 26 16 33 23 19 20 37 32 24 36 21 21 24 3 21 33 18 17 40 21 18 15 7 23 31 16 8 15 17 22 28 23 28 26 11 10 11 8 11 23 
8 29 25 23 27 18 26 31 35 26 15 17 17 14 21 20 32 15 29 14 36 15 48 31 20 10 22 29 20 20 45 19 21 31 18 31 16 33 40 12 22 22 23 20 16 18 11 26 31 25 34 32 38 23 15 13 23 32 19 13 
15 26 16 18 33 20 24 30 35 12 16 38 28 19 47 13 27 24 27 20 18 18 28 26 10 22 28 28 14 22 29 27 25 25 24 18 16 24 39 13 36 18 19 21 31 14 22 36 22 18 36 42 32 37 12 21 29 19 31 21 
16 34 25 13 23 16 17 25 16 16 12 33 24 20 23 14 24 24 28 23 17 29 27 23 18 26 27 32 30 27 27 31 16 31 18 34 14 29 26 22 27 13 18 11 27 10 12 33 27 17 37 35 16 33 22 18 21 23 18 16 
16 30 29 24 28 19 27 36 39 24 25 17 19 23 24 16 31 28 25 20 31 7 26 24 16 34 24 33 26 34 35 19 24 31 23 23 14 31 26 21 38 23 22 11 18 16 14 42 18 22 21 36 28 35 18 17 20 22 27 12 
15 31 28 26 36 8 25 34 11 22 24 26 23 9 23 15 22 21 25 22 36 26 10 29 25 21 22 35 21 21 29 23 22 28 25 24 13 28 38 29 19 6 16 14 23 16 18 27 21 13 26 26 33 17 25 17 23 24 24 13 
12 31 10 9 43 9 20 25 33 26 15 28 16 18 35 9 28 11 33 24 17 24 29 21 17 27 29 28 17 23 32 36 9 30 20 31 17 35 32 21 24 18 27 15 37 23 19 45 18 11 17 18 36 47 27 24 23 31 18 14 
16 24 30 20 23 20 26 25 41 27 11 22 32 16 26 16 21 20 28 20 25 21 30 35 15 25 22 35 26 35 28 24 16 15 26 25 16 22 31 24 25 12 21 16 17 12 12 22 21 15 30 30 40 28 38 11 19 20 25 15 
18 22 17 17 28 12 27 13 7 19 12 20 21 14 26 23 22 8 20 17 37 15 23 18 17 27 29 33 13 29 36 31 16 26 14 43 21 38 17 32 33 18 18 11 33 14 17 17 15 19 22 28 31 18 14 16 22 29 18 21 
21 22 26 34 30 18 20 12 34 17 25 23 19 15 38 19 36 23 27 26 32 20 40 23 17 30 23 39 19 23 30 37 25 30 24 25 15 22 30 28 9 22 24 19 30 19 15 27 14 18 30 33 41 40 21 14 17 22 13 15 
9 20 21 19 28 21 10 33 27 32 16 14 8 15 28 16 22 15 29 16 31 9 36 14 8 31 12 37 15 33 24 19 13 22 20 18 14 24 30 27 27 14 22 16 28 11 16 30 15 10 22 22 40 31 18 14 13 35 29 15 
16 26 21 25 38 25 22 33 22 19 19 26 25 20 11 7 36 15 30 11 14 26 31 25 17 37 11 31 22 42 45 18 22 25 16 32 12 34 38 28 17 18 19 23 22 13 16 31 21 25 27 21 23 17 20 18 20 21 22 16 
11 26 18 23 36 18 20 28 42 18 15 24 24 16 11 17 13 15 15 21 20 25 38 25 26 28 26 27 26 22 24 27 3 41 21 17 27 27 21 21 47 19 23 20 31 17 15 32 11 16 42 21 44 22 27 26 7 39 19 24 
18 23 20 23 32 15 29 25 34 25 7 21 20 14 20 19 24 15 19 13 30 17 40 31 21 20 27 34 10 42 37 29 23 25 22 20 19 10 49 17 9 5 24 17 43 15 19 31 19 22 26 35 39 31 15 21 28 14 26 11 
15 28 28 34 23 14 11 27 26 14 17 18 18 19 33 18 28 8 24 18 29 24 23 27 23 27 16 16 15 24 35 31 14 15 19 11 24 22 24 15 18 29 21 17 31 12 24 8 9 22 21 18 26 36 21 10 12 28 24 4 
18 28 20 16 27 18 21 37 28 27 31 25 20 7 19 17 40 18 24 14 32 17 29 28 14 24 19 46 18 24 27 42 15 29 18 20 20 30 26 28 39 23 25 13 31 19 11 40 19 16 30 36 36 24 17 19 22 28 14 17 
17 20 25 29 24 15 22 31 28 24 26 31 20 18 18 11 24 28 29 17 25 21 22 23 15 19 27 35 18 31 33 12 15 27 23 29 19 24 31 28 33 16 20 8 30 21 13 28 12 10 25 35 30 38 26 22 20 20 19 21 
20 13 9 35 25 15 21 19 25 31 15 35 21 8 39 20 31 24 29 24 34 11 34 29 17 25 21 29 19 34 30 33 11 12 17 27 16 25 23 17 22 14 15 14 37 20 19 31 21 17 33 29 19 27 25 17 15 23 24 21 
23 24 9 22 28 13 38 29 26 27 22 20 28 18 30 14 25 23 30 17 21 20 8 29 16 37 36 25 31 34 25 22 18 36 12 18 15 18 29 32 37 16 10 23 12 17 17 22 21 19 28 14 39 39 19 22 15 36 39 17 
14 23 29 10 27 15 28 32 41 20 8 18 15 19 23 13 25 19 23 15 26 14 38 23 22 31 23 32 19 29 18 17 17 36 15 30 6 28 20 22 17 26 31 18 27 17 15 25 15 13 28 35 24 35 22 20 21 25 18 15 
19 22 21 20 25 28 23 32 38 20 28 27 15 23 29 21 29 19 23 24 39 16 39 31 14 22 30 27 20 35 37 23 16 27 16 25 23 33 19 15 23 25 18 10 32 19 14 44 24 21 46 23 24 17 23 13 12 12 28 15 
16 19 33 23 27 15 38 39 41 31 25 21 17 18 40 7 36 13 17 18 19 21 38 24 15 19 28 28 20 25 21 32 19 19 22 23 14 27 4 30 37 21 14 10 40 18 15 36 22 20 12 19 14 23 22 16 19 21 18 18 
12 25 17 20 18 15 38 27 23 25 28 18 17 17 32 16 23 14 23 13 23 15 25 26 22 18 25 44 11 44 20 25 21 31 15 28 20 30 30 25 26 20 24 17 27 18 20 20 25 17 24 22 35 45 14 18 15 13 23 22 
14 29 25 31 38 15 23 19 25 20 18 28 20 8 36 13 17 18 35 12 41 14 24 41 21 25 30 35 27 14 24 39 21 35 25 32 15 20 27 24 33 25 23 11 35 15 18 28 16 17 33 29 25 39 25 19 20 32 9 11 
18 22 25 11 35 6 21 26 20 19 12 30 18 21 46 14 22 25 19 17 22 20 38 27 15 29 16 40 25 16 18 18 21 35 12 40 16 36 20 18 23 13 22 18 20 9 23 43 12 28 22 31 22 33 20 13 24 33 32 17 
19 20 14 13 39 20 26 35 44 20 18 20 24 14 47 16 24 20 26 16 18 15 48 30 11 20 12 39 27 36 27 30 16 21 27 17 16 19 32 15 25 17 11 13 41 20 20 21 22 11 26 34 35 26 27 20 12 26 17 14 
14 28 20 32 40 23 22 36 24 19 18 24 21 18 27 17 8 18 36 11 43 18 47 25 17 31 15 27 27 19 39 25 13 37 33 22 18 11 38 25 5 11 14 8 31 21 12 26 6 15 41 19 44 22 22 13 12 30 20 25 
17 31 24 25 29 11 20 28 28 23 13 25 22 27 11 10 7 16 23 18 21 14 31 39 13 18 32 27 16 34 21 33 13 30 21 27 18 42 37 13 18 13 23 15 34 8 17 32 17 15 26 19 22 18 24 25 5 22 31 22 
11 15 31 19 28 26 23 26 34 15 17 24 21 19 32 17 30 29 15 17 33 14 21 30 16 24 23 30 22 27 25 29 7 18 19 30 19 38 32 23 23 4 23 14 24 17 13 22 21 18 25 28 17 35 34 27 11 17 17 22 
17 24 27 18 34 7 24 23 23 20 22 18 37 23 7 17 21 28 23 18 31 16 36 22 21 26 22 33 20 23 29 36 22 42 25 24 24 33 31 21 29 17 23 14 33 25 7 35 15 20 12 22 14 19 27 11 23 21 28 17 
17 32 25 26 32 16 27 33 23 16 19 27 34 12 32 20 18 25 24 17 14 16 43 18 23 35 18 10 10 26 18 19 25 18 23 14 10 20 19 22 16 27 19 25 31 17 16 8 15 9 6 28 40 36 29 24 16 16 24 17 
22 23 18 11 34 20 11 41 22 18 15 28 12 19 30 11 33 19 35 16 28 19 21 39 15 17 20 35 28 22 37 31 22 16 23 27 22 14 30 19 39 16 22 8 31 17 13 39 13 20 13 16 33 37 20 10 11 33 18 14 
15 35 11 15 18 12 25 29 23 18 32 16 24 13 47 27 32 17 20 10 12 21 33 28 19 13 24 34 14 32 31 20 10 25 24 25 22 17 14 8 25 7 17 12 18 12 13 39 4 18 34 22 35 31 22 21 22 8 11 12 
17 27 17 40 26 14 16 17 21 22 18 33 29 14 30 17 18 26 28 17 40 11 38 33 19 23 30 32 16 29 36 20 14 20 29 17 16 30 33 29 24 21 25 9 23 14 14 28 15 22 24 17 36 40 18 23 18 19 16 18 
19 27 16 24 34 19 23 13 36 35 13 27 16 19 17 18 20 8 21 16 25 12 40 23 18 19 27 25 17 26 32 25 14 30 25 24 17 14 24 26 39 17 23 19 18 11 14 11 13 21 27 28 27 23 21 24 8 25 21 17 
20 28 13 24 18 17 16 22 30 16 23 25 21 22 23 15 16 21 23 14 27 6 26 28 13 15 24 28 19 35 32 39 15 23 19 17 25 28 23 25 34 13 16 16 24 13 18 33 19 19 19 20 18 24 23 26 19 14 21 13 
17 14 24 13 37 16 32 23 43 23 14 40 22 13 30 12 24 23 19 13 44 14 18 29 14 24 18 16 24 47 28 35 18 27 28 19 13 33 27 15 38 10 21 15 25 12 14 30 16 21 27 28 30 36 19 10 30 22 14 18 
18 29 20 25 29 20 36 20 37 23 17 27 31 24 26 15 22 25 31 16 29 15 35 17 16 13 26 22 14 18 26 23 15 25 17 14 22 26 12 18 30 20 28 20 6 14 14 32 23 16 20 34 34 45 30 13 13 15 26 20 
19 19 25 26 35 21 30 23 20 25 14 35 18 15 26 14 37 19 20 16 17 28 31 40 19 16 19 29 14 30 18 15 17 25 25 19 18 21 36 25 23 16 8 18 35 12 12 17 7 9 24 20 25 26 27 12 21 31 25 19 
15 20 11 24 28 8 14 36 39 16 7 16 24 13 42 16 31 20 30 19 32 15 39 30 15 24 36 37 23 25 26 18 11 27 17 29 17 11 40 27 31 13 20 16 38 17 12 22 20 14 5 18 33 38 26 25 10 19 20 10 
16 22 26 11 41 19 20 21 13 16 18 23 16 18 19 19 17 14 39 19 32 19 35 28 14 17 23 41 20 22 21 20 23 24 31 29 19 31 17 13 16 15 21 7 30 21 16 19 16 19 30 30 45 38 23 28 26 19 23 15 
13 27 26 30 32 14 27 17 32 27 17 23 23 19 42 15 31 11 22 9 24 14 46 40 14 24 18 28 24 36 30 15 18 26 33 17 10 26 29 29 33 21 25 19 32 19 11 34 21 18 22 28 24 31 11 23 17 20 15 24 
8 34 22 27 34 22 23 24 27 25 13 31 17 25 28 17 28 17 20 15 26 28 28 29 21 29 18 30 17 26 25 18 19 31 21 19 23 36 27 20 28 16 20 10 27 14 16 22 20 12 18 32 23 32 27 26 18 20 25 16 
24 25 21 19 28 21 19 34 37 22 16 18 21 22 37 12 23 27 17 18 30 30 36 34 20 33 23 18 22 39 23 34 11 30 31 16 23 25 22 25 19 18 34 10 30 18 15 26 15 15 30 34 30 39 21 21 19 34 20 20 
13 22 19 14 37 13 22 19 26 17 22 27 25 14 29 19 21 22 13 20 35 24 28 5 24 11 29 34 23 19 28 38 18 41 21 26 14 23 26 15 29 20 24 17 31 10 14 17 15 22 17 23 30 33 30 20 19 24 25 14 
13 16 26 27 34 14 25 34 23 34 16 35 27 21 31 25 11 24 36 17 15 19 25 40 22 24 23 28 22 13 36 36 21 32 22 27 21 20 28 13 33 16 19 19 26 25 12 23 14 22 32 21 24 53 28 13 18 32 21 7 
11 37 21 25 19 19 13 29 20 18 11 29 15 12 28 15 35 35 22 15 39 15 45 35 25 33 34 16 21 23 25 19 17 42 17 27 32 17 39 22 13 20 31 17 30 14 16 17 21 9 41 22 45 30 10 9 23 21 20 10 
11 18 19 32 27 14 31 25 29 27 15 20 17 19 49 13 32 9 14 16 37 16 32 22 15 29 22 8 12 26 28 23 17 45 25 31 16 21 35 21 25 19 23 17 25 19 13 14 23 19 28 18 33 40 29 21 15 26 24 18 
22 18 25 21 17 18 27 31 24 18 11 42 13 28 36 16 27 20 30 24 39 24 39 28 18 40 25 19 23 21 42 36 20 35 12 30 23 27 41 15 23 19 18 17 40 16 16 25 22 21 44 28 36 37 22 21 13 24 24 22 
7 28 22 18 17 8 14 20 40 32 20 24 21 13 33 17 23 19 14 26 21 16 31 21 20 27 26 32 27 29 32 24 16 33 18 29 19 30 25 18 24 28 21 19 39 20 18 28 7 15 22 41 30 33 32 24 18 28 18 23 
16 29 19 13 22 12 21 20 17 21 19 25 11 15 23 13 22 27 24 21 44 14 40 22 17 27 24 27 15 27 39 17 21 36 20 25 27 21 35 23 27 16 20 8 17 16 14 33 11 20 37 24 26 15 28 19 21 13 13 16 
19 16 20 32 19 21 29 30 45 19 20 19 35 28 20 14 24 19 27 18 28 15 41 32 12 28 22 31 22 28 37 18 19 31 23 33 23 22 28 39 23 8 25 16 14 16 16 34 7 12 16 25 28 34 17 12 11 22 19 15 
17 34 16 24 13 26 24 26 44 22 14 27 21 17 37 11 23 20 23 14 20 17 38 27 5 22 27 25 21 28 35 28 14 36 26 21 18 20 21 17 26 17 27 13 46 19 16 26 17 19 30 24 27 9 16 21 23 21 20 27 
15 16 20 15 29 16 28 23 53 29 17 27 20 20 28 13 21 16 21 22 28 11 31 27 20 16 10 44 19 31 12 36 18 28 23 24 18 23 41 14 12 13 19 14 12 20 9 26 18 16 36 18 20 46 27 32 21 29 20 17 
16 29 17 21 33 19 33 33 28 18 15 27 31 15 33 4 31 19 16 15 36 14 42 18 17 16 31 25 17 33 16 26 11 28 29 38 10 32 26 15 34 20 16 14 37 21 17 23 18 20 33 26 26 30 27 21 11 20 26 29 
23 22 33 9 35 20 15 25 42 15 11 19 24 15 14 9 35 22 34 21 36 16 34 28 9 27 18 32 13 22 33 23 12 29 14 21 29 31 19 21 20 11 21 12 32 15 13 27 19 17 29 24 10 39 13 8 22 16 35 12 
15 19 29 26 23 14 25 22 13 19 18 34 25 16 31 5 9 26 26 17 41 30 23 33 19 26 23 26 23 15 30 43 18 23 26 18 19 36 41 27 17 16 20 18 32 11 16 31 14 14 27 24 42 17 20 27 10 17 15 20 
23 16 29 30 39 14 27 25 30 24 19 25 14 13 32 16 16 20 27 17 10 23 35 26 7 30 22 17 21 18 29 22 13 20 18 18 19 34 23 14 43 9 17 22 6 16 21 28 21 16 30 21 31 26 20 18 12 19 25 13 
18 26 25 17 32 21 19 13 23 26 17 19 28 20 39 12 21 23 29 17 32 18 39 26 10 28 23 27 24 37 18 19 13 18 22 31 16 13 34 26 17 26 26 19 33 10 9 25 15 18 30 46 25 43 36 18 20 31 23 15 
23 27 12 33 27 18 25 32 36 23 23 27 14 12 30 10 21 17 27 13 33 8 37 18 19 26 18 32 25 25 27 23 14 34 36 24 19 38 25 24 29 27 16 12 23 16 23 21 29 18 34 44 37 48 17 12 11 32 10 19 
15 18 28 19 36 15 15 16 29 20 14 27 17 18 35 17 28 17 30 13 32 18 24 28 20 33 23 26 9 25 27 20 14 26 23 25 13 24 33 29 24 25 21 18 32 8 17 17 5 13 25 26 25 32 22 23 19 22 23 17 
20 26 17 17 45 16 26 41 36 22 20 10 27 16 30 12 26 31 21 18 26 23 25 40 12 33 31 25 18 32 44 21 22 29 18 27 24 28 34 28 28 25 23 13 41 10 21 37 16 13 18 21 16 28 26 18 27 27 11 19 
7 27 19 19 34 21 15 31 40 25 16 24 21 25 30 11 21 13 24 22 26 16 25 46 20 27 19 36 17 29 23 27 16 31 29 21 17 29 32 25 32 20 11 14 29 19 14 37 11 9 32 22 39 38 24 37 14 19 17 12 
19 27 23 36 23 17 18 37 16 14 25 33 35 12 26 19 30 15 33 5 30 24 24 20 18 26 17 16 17 31 41 20 12 25 10 21 14 20 29 22 24 16 30 16 29 11 13 17 12 12 28 13 37 29 30 10 21 21 13 21 
15 19 22 26 15 23 34 28 27 26 18 23 19 21 34 12 29 19 25 19 27 22 26 28 14 23 30 19 24 25 24 28 23 18 20 10 23 24 38 31 22 25 22 10 31 19 17 30 20 9 20 29 33 29 19 24 12 27 11 5 
15 31 24 25 21 15 18 35 25 14 19 26 15 26 21 16 15 20 15 24 29 15 33 30 25 14 34 26 18 30 25 28 11 36 15 29 14 30 28 23 34 17 18 15 29 16 3 18 15 17 13 25 39 55 24 13 23 21 22 15 
20 23 12 18 49 17 32 37 43 17 10 17 26 16 51 12 32 19 32 27 21 17 37 17 19 26 18 15 21 33 29 21 18 18 28 27 9 18 22 24 41 20 20 17 22 18 14 32 19 8 25 19 24 37 23 27 22 31 27 22 
13 28 17 11 33 25 21 27 25 31 20 30 20 8 39 10 23 22 32 16 46 15 36 20 15 24 15 41 23 46 25 37 21 37 30 23 20 31 30 17 32 25 14 19 33 19 18 34 20 16 23 31 29 24 21 29 15 26 20 14 
15 27 30 21 26 13 12 40 27 24 20 24 23 21 47 9 29 24 27 17 15 20 44 24 14 19 11 22 30 18 20 11 18 20 25 29 22 30 35 30 28 21 18 14 25 16 19 41 18 14 30 29 29 25 24 13 15 4 25 21 
20 24 15 24 17 15 38 28 32 28 11 35 29 11 19 22 29 17 27 16 28 20 38 27 13 18 23 38 19 13 36 31 12 38 17 23 17 16 31 10 24 10 14 14 24 16 12 28 11 13 19 38 34 33 22 17 9 19 25 14 
11 17 14 39 30 13 26 17 34 34 15 21 22 21 31 15 28 21 22 20 32 14 28 21 13 22 28 42 14 26 26 24 14 27 16 30 17 33 35 28 28 15 13 16 28 13 17 43 28 13 23 29 37 35 26 27 24 21 27 16 
13 7 32 23 31 13 33 28 32 20 20 19 26 7 12 18 41 16 26 13 47 4 25 21 9 22 39 32 28 27 28 25 20 21 19 27 22 32 30 19 32 15 12 17 44 10 16 34 19 17 26 23 34 18 22 23 17 23 20 12 
22 13 23 29 19 13 19 34 40 28 16 35 15 14 34 13 26 21 20 22 35 25 9 18 17 34 31 37 11 24 25 15 20 36 27 8 11 18 25 18 34 16 27 15 39 18 22 27 19 12 33 23 37 25 17 8 22 13 23 26 
12 17 26 25 31 15 21 36 36 23 22 24 20 15 37 15 20 24 16 18 29 13 25 20 27 29 9 36 24 20 43 31 18 14 24 11 27 31 25 26 37 17 31 21 50 16 21 36 20 24 29 23 36 27 20 20 13 20 21 5 
8 26 30 18 29 17 39 37 33 21 17 34 20 22 29 11 29 22 14 21 32 14 15 12 18 27 19 35 19 14 23 25 14 18 22 34 23 26 18 27 34 19 18 22 26 22 20 9 21 10 32 25 25 31 26 26 14 17 15 21 
14 9 36 23 20 16 35 42 11 17 23 24 21 17 30 16 12 20 6 20 40 7 24 21 18 32 23 29 27 31 30 20 19 17 19 25 15 27 31 11 31 27 20 12 29 18 16 34 21 20 22 31 29 31 12 21 12 25 24 11 
11 25 27 33 15 23 27 11 39 26 10 32 31 32 28 19 15 16 18 12 34 10 54 23 12 28 21 17 27 37 26 4 19 32 10 18 30 24 19 23 39 12 13 15 40 19 16 30 10 19 29 44 36 48 22 24 23 24 25 14 
12 25 33 16 35 21 37 30 31 29 15 24 19 15 36 20 15 9 16 20 26 21 13 36 21 34 34 16 25 28 31 12 21 21 15 29 11 11 22 24 39 18 14 24 12 23 23 38 14 17 28 31 28 26 28 21 16 25 20 21 
18 20 15 25 40 20 36 34 16 27 15 31 23 16 27 9 20 15 19 23 36 19 29 14 22 21 17 19 23 33 11 31 21 19 16 31 23 22 21 9 26 13 18 17 16 18 18 31 21 16 35 18 38 33 22 32 19 5 19 2 
20 16 25 20 29 18 34 20 34 23 19 24 21 16 31 12 20 21 23 24 24 23 25 18 18 25 27 25 12 36 41 41 27 21 25 19 19 35 30 31 33 23 13 13 25 10 18 33 16 14 19 22 15 28 19 18 20 38 7 21 
12 12 17 35 24 19 34 31 25 27 24 29 26 24 40 11 28 19 14 18 15 21 40 27 21 38 24 25 19 23 30 25 17 30 25 27 14 25 36 23 39 22 27 22 34 14 16 32 14 17 22 27 26 30 14 25 14 12 18 20 
14 20 15 33 39 21 33 30 24 24 13 46 27 16 30 13 28 20 17 14 30 20 34 21 15 14 16 33 27 44 25 16 19 26 29 26 22 28 33 27 9 14 20 15 21 11 16 41 15 10 23 17 29 32 21 21 20 20 31 17 
22 23 24 38 24 19 23 25 29 23 22 35 24 17 34 13 10 23 35 23 26 21 12 20 18 33 20 23 36 19 22 36 18 14 11 29 13 22 39 25 28 20 22 16 41 10 15 39 23 13 38 20 33 26 19 25 20 33 23 12 
9 31 28 19 35 12 26 16 32 25 19 28 17 19 30 13 27 19 27 16 30 19 22 28 22 14 22 15 21 34 23 15 11 17 17 32 10 34 17 16 41 20 27 19 33 17 11 31 19 15 20 33 24 48 21 21 20 2 17 16 
17 20 23 27 37 10 22 27 36 17 12 28 18 20 37 13 25 20 18 21 27 19 27 33 26 12 17 34 21 33 32 24 12 23 20 22 26 20 36 29 41 9 16 16 19 12 17 44 12 18 9 19 10 31 25 18 11 17 15 15 
23 23 27 29 27 15 28 25 22 22 13 27 25 24 35 13 32 11 23 10 21 25 26 21 16 17 29 23 24 30 31 35 16 29 24 24 16 26 28 19 47 15 23 16 30 10 21 26 19 15 34 22 13 27 22 19 24 28 22 12 
20 23 21 24 26 23 32 36 19 19 17 30 20 18 34 15 28 33 14 14 24 21 47 27 25 21 23 40 21 32 34 33 9 39 21 29 15 20 20 31 33 21 28 10 22 18 12 32 15 20 39 21 32 49 12 21 18 25 25 19 
16 18 19 23 38 16 26 36 26 23 14 23 22 17 25 14 36 24 29 18 29 24 41 35 13 21 12 40 26 17 18 33 18 24 12 26 12 32 25 18 40 16 24 22 42 17 17 37 20 18 31 28 43 43 22 14 24 38 28 22 
25 35 10 13 43 14 23 34 23 24 13 12 24 13 30 13 19 29 31 24 30 13 20 22 23 30 29 12 15 41 24 36 15 13 10 14 16 16 33 13 25 20 16 25 23 12 16 24 17 22 19 29 31 29 20 20 29 30 30 22 
25 3 13 13 16 15 10 31 28 22 14 32 23 10 37 11 21 21 16 16 30 15 19 25 15 12 6 22 19 26 16 39 18 15 32 26 18 30 25 26 29 16 14 10 26 18 20 30 10 18 9 26 4 34 29 12 26 31 8 9 
16 29 18 5 31 12 25 26 32 32 13 23 21 12 29 13 13 31 18 17 32 26 29 18 17 17 11 23 24 34 27 8 14 28 22 20 11 38 27 26 27 30 22 14 23 8 15 30 16 13 27 30 28 24 15 14 21 14 30 14 
20 20 14 32 32 9 23 20 37 20 16 25 7 15 15 21 28 20 22 22 35 22 34 38 19 26 16 38 16 12 32 29 22 29 21 29 19 42 31 26 26 24 15 10 30 18 10 18 22 12 24 19 25 29 17 26 20 30 24 15 
15 23 20 19 23 18 32 28 41 25 18 29 13 25 38 16 25 16 19 19 41 20 22 27 17 34 20 18 19 22 35 16 15 13 18 33 16 35 33 24 34 17 12 18 38 14 16 16 35 17 31 25 29 27 28 17 9 17 20 18 
21 28 14 22 39 23 23 27 39 25 17 38 14 24 35 11 22 16 20 15 16 14 29 19 24 13 14 29 22 29 27 28 11 33 11 10 18 29 35 16 34 19 13 16 36 14 13 26 6 10 38 24 37 45 15 30 21 14 18 24 
16 19 27 21 31 23 24 37 34 37 4 28 34 12 49 15 26 23 27 16 36 29 25 21 8 22 22 25 14 28 21 26 11 20 26 14 20 16 30 22 28 13 24 15 30 30 17 27 22 18 22 15 25 28 21 22 23 19 20 21 
18 13 14 27 18 15 25 32 30 36 18 26 24 24 16 18 26 22 30 15 33 24 39 35 5 28 23 24 13 40 37 23 22 28 32 18 22 22 13 20 27 12 25 15 23 14 23 35 20 16 24 40 28 30 21 23 22 25 11 15 
15 19 22 23 40 14 14 26 33 9 22 29 13 10 20 10 29 8 22 15 29 16 28 24 20 17 11 34 22 19 14 26 20 27 26 7 16 36 22 30 37 15 11 15 19 16 15 28 22 20 29 34 20 20 27 26 14 21 30 28 
14 20 21 22 31 19 30 33 36 23 22 21 25 14 29 15 24 22 32 18 39 9 34 22 7 21 13 27 27 23 12 19 19 20 29 21 23 16 33 16 23 17 34 18 25 9 18 29 15 14 29 21 24 39 18 22 9 34 29 22 

MachineCapacities:
MachineID Capacity
0 10
1 10
2 10
3 10
