NumTasks NumMachines NumScenarios
15 4 100
TaskDetails:
TaskID ReleaseTime ResourceConsumption SuccessorsCount Successors...
0 0 5 9 6 1 1 2 
1 0 4 6 9 6 0 
2 0 5 6 3 1 0 
3 0 8 7 1 9 0 
4 0 6 5 3 5 0 
5 0 10 7 5 7 3 7 9 12 
6 0 3 5 1 7 2 11 12 
7 0 9 2 5 6 2 13 14 
8 0 3 4 10 7 1 14 
9 0 2 3 5 8 0 
10 0 6 6 5 7 0 
11 0 7 5 3 2 0 
12 0 3 7 6 4 0 
13 0 8 6 5 2 0 
14 0 6 5 3 7 0 

26 18 38 24 15 13 25 16 19 12 24 17 20 21 22 19 26 13 22 16 31 24 6 15 21 18 14 8 16 30 22 26 26 23 24 35 27 27 12 49 18 21 19 20 13 29 13 35 25 24 20 23 27 22 31 19 10 15 29 33 
22 18 39 23 22 30 22 17 26 12 14 29 15 31 26 14 23 23 23 15 34 14 13 24 28 17 10 19 16 35 19 9 25 24 22 27 28 46 22 21 19 31 20 12 24 21 12 9 23 12 28 26 30 20 19 24 22 42 19 26 
23 18 23 24 16 26 18 16 23 21 12 25 14 29 26 17 32 27 30 15 21 13 11 18 23 16 14 13 19 34 21 23 33 23 31 32 25 20 20 34 22 29 13 22 26 14 11 13 22 13 16 8 36 28 24 28 29 26 26 20 
25 14 38 27 30 33 25 12 30 10 14 28 14 20 21 16 24 20 16 17 7 19 18 24 22 14 18 12 28 40 30 13 25 23 23 33 30 25 14 26 16 18 23 27 28 20 12 10 31 22 23 16 24 32 26 23 15 27 26 27 
27 11 29 20 11 24 23 11 31 14 11 15 21 23 13 29 38 22 22 20 24 18 21 26 26 21 17 17 18 28 25 28 18 14 20 42 34 32 14 34 17 39 18 10 12 30 20 18 33 24 11 19 27 34 26 32 27 18 34 21 
20 13 38 24 27 21 22 16 24 18 15 24 15 25 18 19 26 20 10 19 14 22 11 16 25 14 12 18 29 25 33 24 31 22 17 10 22 29 25 21 22 20 16 20 19 26 14 22 39 22 21 18 28 29 27 35 19 36 13 37 
18 23 36 26 23 11 23 12 31 20 16 26 16 17 19 10 16 15 15 12 35 25 17 26 31 16 21 15 12 33 19 18 22 13 25 22 27 20 20 40 10 16 19 23 15 19 19 19 31 16 14 21 28 28 22 21 10 26 21 26 
28 22 49 25 19 24 20 11 22 23 17 12 20 32 20 17 27 15 14 19 30 38 17 13 32 30 19 22 19 27 31 28 30 12 31 36 31 45 18 40 23 30 19 22 17 24 19 18 19 24 14 22 18 22 25 22 19 35 24 29 
13 23 43 11 16 23 23 11 29 19 13 23 18 25 12 14 30 20 24 17 27 11 12 29 22 16 14 11 13 23 21 24 16 24 23 29 29 38 13 42 23 30 19 22 24 20 17 18 27 16 24 21 39 34 24 24 13 27 22 24 
29 11 60 24 23 15 23 14 23 10 16 43 20 17 19 15 20 15 28 14 38 8 8 24 36 12 20 12 39 23 23 22 23 21 19 24 23 28 22 29 27 14 12 25 23 21 13 31 27 17 13 26 31 18 26 17 18 37 24 38 
28 21 29 19 24 14 18 14 21 22 15 39 7 24 31 17 35 7 17 14 29 24 18 28 26 21 17 15 27 22 17 17 30 16 26 30 30 34 21 24 26 13 21 28 16 33 19 10 31 12 18 16 29 28 23 21 15 31 29 27 
31 24 36 31 18 27 21 18 16 18 19 21 19 18 20 14 21 15 12 16 23 31 15 22 25 18 17 15 23 39 18 31 20 24 25 34 11 25 9 22 20 14 33 12 21 21 15 22 15 19 16 18 41 23 27 29 22 36 34 25 
17 23 29 28 23 19 13 16 38 15 19 22 17 21 21 20 34 24 21 9 37 22 19 27 31 26 9 14 20 38 23 15 31 6 18 10 35 44 24 28 21 21 17 23 23 16 13 20 35 20 23 12 27 34 27 27 7 31 13 22 
27 16 35 37 16 14 24 16 27 3 19 30 24 12 20 14 27 18 30 23 19 30 22 22 35 25 16 11 28 22 18 28 33 17 11 37 21 42 14 35 26 38 19 18 15 31 14 17 23 29 13 23 33 23 34 26 28 22 31 12 
22 16 15 30 31 11 16 19 21 22 16 23 13 17 7 13 30 13 21 17 23 11 19 23 27 20 19 17 22 31 25 16 11 24 15 26 31 44 16 31 23 41 26 13 16 17 4 20 42 30 15 13 23 17 9 20 19 26 22 25 
33 17 30 39 23 19 22 11 24 17 11 23 24 20 21 24 34 30 12 13 32 28 20 26 22 19 12 22 28 22 17 28 41 26 24 23 26 13 14 17 27 21 16 23 15 21 11 25 18 25 26 16 31 26 24 17 14 23 22 23 
19 18 38 17 23 13 26 18 31 12 14 35 11 16 17 17 28 20 26 18 34 25 14 28 29 21 10 7 22 30 29 23 28 16 20 32 35 28 10 29 26 34 23 20 21 10 13 21 22 14 15 12 38 34 30 20 19 40 24 23 
25 18 48 21 16 17 14 20 23 9 10 30 17 16 21 22 36 13 17 16 27 32 14 23 31 23 17 17 21 34 17 26 27 17 16 36 23 25 20 29 16 25 26 8 15 26 11 17 25 14 17 19 23 27 23 17 21 36 17 18 
20 18 19 25 32 22 20 27 20 17 19 30 13 23 23 19 38 16 23 12 28 16 25 24 26 14 23 15 24 34 25 26 27 15 15 34 11 34 18 17 18 41 18 15 10 11 17 20 27 13 14 17 25 30 25 42 15 30 18 30 
15 23 19 40 15 22 27 23 26 12 18 46 13 12 30 22 25 18 8 21 24 15 14 11 37 17 14 11 22 32 25 17 22 23 11 29 30 19 19 37 7 20 9 17 24 20 18 15 29 13 23 9 22 33 20 12 13 32 22 20 
27 16 33 14 27 25 23 17 25 21 20 31 26 18 20 14 29 24 21 18 23 19 13 40 25 18 14 15 25 29 12 11 37 38 15 33 11 30 23 24 11 35 20 19 15 22 14 29 25 28 7 25 26 32 33 40 14 39 15 25 
21 12 39 12 26 20 14 15 27 20 22 41 21 24 19 28 24 15 24 12 17 26 16 28 15 32 12 14 30 28 21 26 29 26 16 40 17 28 18 15 25 26 18 16 19 16 16 11 30 6 12 19 36 18 17 19 23 34 16 32 
26 12 39 21 28 26 12 20 16 14 14 16 20 14 29 15 20 28 18 20 28 16 22 31 24 18 22 20 31 31 33 20 40 14 19 26 20 16 22 28 5 22 15 19 21 27 17 28 31 14 8 17 23 25 22 19 20 30 27 13 
24 9 29 21 30 28 27 18 34 20 17 30 20 27 22 19 36 21 24 12 16 12 16 32 26 10 16 15 27 34 25 12 26 9 22 15 23 43 14 26 28 23 17 14 19 16 21 23 20 14 18 15 23 32 18 15 13 27 20 25 
22 17 33 33 26 14 17 14 33 20 17 27 19 22 21 19 38 29 21 8 28 21 22 20 30 9 16 16 26 31 31 17 34 17 9 38 12 29 10 21 5 17 20 26 5 16 25 27 23 20 20 22 33 14 25 25 14 34 16 34 
32 25 27 24 22 22 28 15 32 18 14 28 8 20 24 13 15 23 21 18 1 26 16 18 31 18 11 17 33 40 18 10 26 16 23 24 23 25 10 23 18 28 32 19 13 14 21 25 36 11 19 12 33 29 22 21 18 51 24 17 
32 25 16 50 39 20 21 16 19 26 18 27 24 22 30 9 24 21 20 14 18 14 17 34 35 19 18 12 19 29 33 22 19 26 19 63 29 27 14 17 21 33 24 22 16 21 19 18 23 24 17 14 30 20 31 24 11 19 27 19 
19 11 30 35 15 29 16 11 18 18 6 40 25 16 15 20 44 18 16 17 20 21 7 16 20 17 17 16 19 35 18 23 23 23 13 28 25 19 15 29 30 37 19 17 12 25 23 19 23 18 26 20 40 26 20 33 17 30 24 29 
25 13 57 32 24 19 21 11 29 22 19 32 19 18 24 11 22 29 19 20 36 24 14 16 25 15 14 14 20 30 22 19 14 22 20 24 19 28 7 29 30 30 9 27 22 35 20 24 29 18 10 11 24 28 15 25 14 25 21 17 
25 16 12 18 23 25 18 14 5 18 18 23 25 31 17 13 23 20 23 19 17 17 6 16 23 14 11 15 26 30 28 33 22 23 19 24 16 39 12 29 16 18 23 33 21 21 16 22 27 19 21 14 32 26 26 35 23 24 16 24 
21 26 40 20 20 14 20 15 34 17 4 25 21 24 24 18 29 14 14 17 27 18 25 28 17 18 17 5 24 20 20 31 32 23 29 27 22 31 21 30 18 28 14 17 17 27 17 14 23 14 24 11 36 16 23 26 15 25 27 34 
27 11 36 11 25 33 17 16 21 19 17 25 25 15 26 26 35 22 20 12 17 24 17 27 37 17 18 20 17 25 15 27 34 20 24 33 31 23 19 26 21 35 20 16 19 29 17 24 28 9 15 18 23 27 25 23 12 26 24 31 
27 16 7 38 22 20 15 16 40 21 22 32 17 13 23 25 24 15 18 19 32 10 23 17 22 22 12 13 21 24 25 29 29 25 15 40 21 22 15 36 22 35 23 21 14 21 16 24 27 16 21 33 32 26 22 23 21 8 29 34 
14 20 30 32 13 27 28 12 25 6 20 21 21 29 17 18 34 18 10 14 21 20 15 32 22 16 12 8 20 28 24 18 31 21 20 28 20 32 12 36 13 30 7 25 24 7 19 5 26 13 8 18 22 17 25 32 20 45 38 30 
25 24 30 27 32 22 18 19 17 15 18 21 20 26 22 14 22 11 22 13 23 21 12 22 25 18 16 11 17 27 14 16 36 17 18 18 21 33 14 28 18 35 19 14 18 17 18 12 17 20 13 23 36 27 29 36 20 34 17 19 
22 14 24 20 27 22 19 17 18 16 15 18 25 19 14 26 27 18 27 20 24 15 11 25 19 12 14 15 18 42 20 15 33 8 21 23 44 21 28 28 22 36 22 28 20 19 19 23 19 26 22 14 35 30 22 22 18 21 32 32 
35 23 22 29 35 19 16 18 25 17 10 33 13 29 27 16 13 16 22 11 17 17 12 20 16 12 16 5 30 26 18 32 29 27 24 14 22 28 21 35 14 32 15 15 15 34 10 15 16 13 23 20 21 28 19 28 13 44 27 33 
25 14 30 22 19 27 20 14 37 16 23 21 16 24 11 19 33 10 20 17 41 22 19 21 34 23 16 17 32 27 15 31 36 24 22 27 21 36 22 22 16 24 20 23 18 18 16 30 44 18 18 15 31 32 21 34 13 28 27 8 
21 20 31 40 36 20 24 14 32 21 15 23 14 26 19 17 28 31 12 18 24 19 20 24 29 16 21 18 22 20 27 25 22 24 23 30 25 34 24 46 23 40 30 14 19 21 13 13 18 12 11 15 27 23 29 23 15 30 27 27 
20 31 22 37 29 22 21 19 16 18 15 32 14 24 6 13 23 19 22 23 30 22 15 12 35 13 14 20 14 22 17 25 27 11 20 42 26 23 12 23 12 20 23 19 16 8 19 23 27 26 19 14 11 23 23 33 11 19 25 15 
23 16 31 26 25 36 14 16 18 12 18 27 21 17 17 14 29 22 15 19 19 23 17 35 20 23 13 14 30 37 24 24 19 24 23 27 26 35 14 28 23 28 24 23 4 19 13 16 23 14 14 12 40 20 35 22 30 30 28 24 
19 16 17 21 36 29 22 13 49 16 16 22 23 17 29 27 30 17 14 12 21 13 15 28 26 11 9 16 21 38 11 30 21 18 15 12 21 30 18 42 24 31 21 18 14 19 14 23 20 22 16 27 16 8 11 28 21 21 18 21 
15 25 39 15 12 14 26 21 39 18 19 28 20 21 26 18 32 13 14 12 29 7 16 32 20 21 23 10 19 31 27 21 20 24 17 30 23 21 12 31 20 40 13 22 27 17 22 19 29 14 14 23 26 16 36 38 20 22 24 25 
23 15 34 33 32 21 11 12 35 19 14 16 20 20 17 12 17 13 19 21 34 27 17 27 32 27 15 16 20 30 14 23 37 20 11 44 32 25 21 23 22 31 28 11 24 18 19 10 36 15 12 25 32 29 29 39 24 17 26 31 
29 19 22 27 44 28 16 15 22 18 20 28 15 17 27 14 30 12 19 16 23 14 14 20 29 31 11 20 26 30 13 32 30 21 28 30 29 24 15 37 13 19 27 26 18 24 10 25 17 14 20 16 26 25 18 13 16 25 23 13 
28 18 24 25 37 25 20 7 37 21 12 44 17 17 27 20 41 20 12 20 30 25 12 31 32 23 18 16 12 41 20 25 38 14 23 34 22 21 20 41 28 27 22 19 21 12 20 25 30 22 8 16 31 27 23 28 13 32 29 18 
27 15 34 32 21 18 20 18 22 22 18 27 23 12 16 28 34 12 14 17 23 27 15 31 16 14 10 18 35 19 17 21 22 26 32 41 23 31 11 17 25 32 24 19 25 25 11 25 33 5 17 19 38 32 28 30 17 41 29 21 
24 15 38 29 30 17 23 14 35 9 18 24 7 21 15 14 23 16 28 23 35 31 16 20 22 21 18 17 25 30 16 27 30 31 21 33 28 36 20 27 22 26 21 18 19 28 14 16 27 16 15 20 27 13 15 6 10 36 21 32 
24 15 44 28 21 17 22 19 29 18 17 21 11 21 30 8 20 17 12 17 24 18 11 28 17 11 18 17 22 46 11 23 34 19 21 30 22 29 13 4 22 31 18 19 16 24 17 14 20 22 28 18 40 17 13 34 24 30 19 17 
26 17 19 26 27 16 12 17 25 16 12 24 24 23 28 14 31 30 22 19 30 14 17 26 32 17 13 7 14 26 35 12 33 26 15 26 23 38 22 45 5 30 21 27 14 17 12 19 14 18 29 16 20 16 36 29 12 35 18 22 
21 22 26 10 28 25 23 15 44 18 15 22 12 18 13 20 18 20 17 23 19 25 16 26 22 20 9 12 23 26 20 20 32 28 16 43 31 22 19 24 24 26 15 24 20 10 18 19 29 22 22 11 29 29 18 25 26 31 34 29 
33 23 42 32 23 26 22 16 31 24 14 25 16 13 23 19 31 9 19 15 29 33 18 26 13 21 18 12 34 25 22 21 21 19 22 18 32 39 14 26 24 21 14 10 10 19 14 27 23 20 25 21 42 22 21 25 19 26 25 23 
23 18 30 23 19 24 26 17 23 10 17 29 15 22 15 16 21 13 26 17 28 22 18 21 27 19 16 14 13 18 18 15 36 16 12 24 30 26 22 32 21 30 14 27 24 26 12 14 27 20 22 22 38 19 30 30 7 26 17 17 
23 23 31 21 29 29 18 11 33 21 19 19 16 20 24 20 33 11 12 12 32 23 14 27 26 25 16 11 21 37 24 22 18 29 22 18 28 30 22 28 20 27 22 17 16 13 19 34 15 22 18 14 39 34 21 37 29 25 13 28 
29 19 16 20 22 25 27 18 18 15 18 30 13 30 25 17 37 31 19 20 30 18 24 27 13 24 15 18 20 30 22 27 14 12 26 37 25 30 16 30 14 29 26 30 12 19 19 11 38 17 16 11 26 22 14 32 14 30 22 24 
32 23 31 29 29 27 17 20 25 18 22 27 24 19 13 8 21 29 19 20 10 20 18 23 29 16 23 13 36 33 27 13 10 14 15 36 24 25 27 23 15 36 15 28 7 26 18 25 19 18 17 27 29 12 15 30 17 42 30 26 
25 16 41 13 27 27 20 8 17 22 17 19 12 23 20 16 33 15 17 19 34 20 21 34 23 19 20 9 23 36 28 22 31 20 31 22 23 34 15 18 18 37 16 26 14 25 16 22 15 26 19 11 37 21 24 10 11 36 26 24 
19 26 39 30 33 22 18 14 24 21 20 24 23 25 18 17 29 15 20 18 25 21 11 20 30 12 8 22 25 19 18 20 24 26 20 47 21 27 22 32 22 32 25 23 21 14 14 20 24 12 17 16 32 35 31 19 9 32 23 15 
25 18 17 18 32 10 19 19 29 26 23 30 9 18 21 19 46 28 15 11 31 16 4 23 33 17 17 21 23 40 21 27 29 23 25 41 18 40 5 26 17 33 17 22 25 28 28 21 29 23 30 19 30 29 35 23 17 28 29 24 
19 23 33 30 30 18 23 22 23 16 21 22 17 23 23 20 27 5 15 22 26 29 17 29 21 21 13 18 25 27 21 20 16 21 17 40 23 30 29 36 23 28 22 21 20 22 10 18 22 16 18 22 41 9 17 24 17 26 22 12 
28 24 46 30 26 22 20 9 38 15 16 25 15 27 19 22 48 25 16 13 20 10 18 21 27 20 19 15 20 35 17 20 22 18 12 41 29 33 18 28 27 34 19 20 20 18 17 19 31 20 15 20 36 13 20 53 28 33 17 9 
27 15 44 18 13 19 13 23 15 28 17 14 13 13 27 28 31 14 21 13 30 25 15 30 18 15 14 16 21 21 24 18 20 25 19 21 16 22 21 40 20 25 23 17 15 12 16 17 16 13 16 18 27 30 26 18 22 32 23 20 
24 26 17 28 21 22 17 15 25 25 16 29 18 18 17 14 13 19 21 17 23 25 18 20 34 21 14 14 15 34 21 21 35 18 35 24 21 24 17 25 17 37 15 6 22 21 6 23 27 15 11 14 20 32 24 31 14 39 14 20 
10 18 32 21 19 27 21 15 30 13 15 25 16 24 22 11 27 19 32 26 27 20 14 26 23 22 12 13 30 41 16 18 24 18 14 29 38 35 16 25 8 19 10 27 12 28 10 26 37 23 21 19 41 39 23 33 11 36 34 29 
28 30 41 24 13 26 14 10 31 17 17 35 16 30 24 12 26 27 15 16 25 23 11 17 32 22 16 13 23 32 26 14 41 26 11 27 20 38 26 37 19 31 22 11 16 27 13 20 34 4 20 22 29 35 18 26 29 23 18 25 
29 12 18 15 19 16 22 17 8 16 15 19 13 27 16 15 31 20 22 11 27 24 16 22 23 16 13 11 36 34 20 29 22 36 26 31 20 18 22 26 24 39 21 12 10 25 14 15 22 13 15 18 30 17 22 29 19 4 25 26 
20 12 39 12 27 35 10 17 33 18 12 31 13 17 15 19 38 17 22 16 35 18 10 27 17 17 17 6 18 22 21 15 18 22 15 39 21 34 14 22 22 44 21 26 13 16 11 15 37 22 13 16 19 23 15 30 17 26 31 23 
12 21 30 32 29 22 20 21 29 19 15 33 15 22 18 20 27 20 19 14 26 27 19 30 34 17 16 11 20 37 19 22 17 19 22 22 36 19 14 29 19 28 20 17 12 14 16 25 24 12 21 16 29 23 16 23 27 43 12 26 
25 14 28 21 17 14 14 13 10 26 18 23 20 15 21 19 28 22 26 15 15 22 22 22 24 21 11 21 10 25 22 25 18 25 21 17 28 25 24 21 24 11 16 21 8 18 13 9 24 21 15 9 38 28 23 29 6 27 16 31 
33 18 23 27 25 29 16 19 11 15 14 10 15 19 23 17 35 12 24 9 8 18 21 32 32 13 12 16 28 40 27 12 22 17 30 29 16 44 24 34 18 26 19 25 28 15 14 16 41 14 24 23 29 12 17 32 24 19 26 29 
30 25 24 36 32 15 19 21 35 15 17 23 14 27 23 14 29 23 17 27 28 19 19 19 21 19 18 23 28 24 26 22 34 19 28 32 27 33 20 29 29 34 19 19 7 18 21 16 28 15 9 20 35 26 28 25 15 43 29 11 
15 16 47 33 28 18 13 15 15 7 20 36 12 25 18 17 33 18 23 21 35 14 17 35 39 22 20 17 23 31 20 19 36 20 22 28 20 35 16 18 28 29 14 23 9 23 14 18 21 15 19 18 41 23 24 12 12 33 26 37 
28 18 22 23 25 23 16 12 35 21 11 17 21 24 12 11 23 17 17 17 16 26 12 26 26 14 13 14 31 36 19 31 39 19 20 30 18 17 18 19 19 44 27 22 16 28 21 12 21 15 16 13 21 21 25 14 22 13 22 24 
18 13 30 22 17 27 17 15 32 23 19 25 22 17 18 12 24 14 26 15 31 20 17 15 30 19 19 17 31 18 28 18 26 18 29 33 27 16 18 39 17 24 17 19 21 26 14 19 32 13 19 15 33 22 22 25 18 23 13 27 
21 8 31 24 19 24 11 13 24 14 8 24 16 18 27 20 19 28 17 13 16 33 20 23 22 14 12 10 13 27 18 14 39 17 28 40 30 21 20 36 19 13 19 25 12 17 13 26 26 20 22 26 43 21 19 28 20 38 24 26 
17 17 22 22 21 19 10 7 29 15 15 37 23 22 14 18 26 19 9 13 30 20 15 36 26 13 13 9 14 36 16 15 33 17 15 21 27 30 19 35 24 14 25 21 9 20 21 31 26 21 21 20 32 17 25 34 17 27 19 23 
22 17 26 19 34 20 12 19 15 10 12 22 12 24 10 24 36 19 25 15 9 16 15 19 29 13 13 10 13 36 12 28 27 18 23 25 27 32 24 31 14 28 27 28 13 27 18 11 16 26 15 23 18 17 23 35 14 23 27 6 
21 12 12 20 16 23 13 17 17 18 8 29 15 20 26 19 25 19 9 14 12 15 18 26 23 18 19 10 30 17 22 22 23 19 14 33 24 30 17 38 39 27 27 30 21 20 13 24 32 15 23 8 25 35 23 12 20 29 24 36 
15 7 28 35 15 27 12 20 28 14 15 26 16 17 16 18 29 20 27 18 17 27 14 11 26 20 22 13 27 27 18 8 28 18 16 35 15 31 4 27 6 38 20 16 7 26 13 18 37 12 17 16 26 22 10 23 14 42 27 20 
7 17 25 30 18 26 21 20 25 17 22 30 18 17 22 15 22 11 24 13 24 21 17 22 48 32 18 19 22 46 14 26 22 21 16 35 6 28 16 14 23 23 17 17 17 18 18 23 22 24 17 18 30 30 31 34 21 34 29 29 
14 25 28 27 23 16 21 14 35 21 16 31 18 19 8 22 35 27 5 17 19 16 14 31 25 6 10 12 40 37 20 31 39 28 22 29 35 32 12 34 32 11 23 23 13 20 12 24 20 15 19 29 20 26 26 19 12 35 15 29 
19 13 36 8 25 11 27 12 33 12 7 26 16 21 18 11 24 11 18 20 18 15 10 13 31 10 17 12 28 30 22 31 36 17 22 30 27 15 11 22 24 29 16 17 12 22 15 18 22 26 20 17 27 21 21 35 12 17 27 25 
16 14 30 21 27 27 7 13 18 13 19 24 25 28 26 14 34 23 27 13 18 21 17 23 26 13 22 17 19 31 16 32 42 9 24 38 26 29 12 22 17 15 17 10 14 16 17 19 22 13 8 18 25 32 23 21 16 31 26 16 
27 16 35 27 27 11 20 16 40 11 15 25 13 26 20 16 21 16 26 9 25 13 18 29 26 11 18 18 31 20 17 24 37 20 30 46 17 11 14 31 19 21 13 27 23 29 16 24 26 16 23 16 17 29 16 26 20 25 22 24 
24 14 31 39 29 21 15 12 25 18 13 11 27 17 21 15 28 28 26 17 17 8 21 25 19 19 9 15 23 28 25 26 40 13 26 19 30 38 14 30 8 45 28 14 15 21 20 17 24 18 13 11 17 30 22 28 20 33 11 30 
17 9 20 22 31 12 18 17 21 19 20 33 16 20 18 24 25 18 15 15 31 27 18 17 11 17 19 18 25 34 15 19 32 24 22 47 19 29 26 26 15 25 16 19 14 25 12 21 30 6 14 26 35 21 21 25 25 28 4 31 
17 25 29 27 32 34 16 18 10 17 17 17 8 16 9 12 43 20 14 15 37 17 25 23 18 18 14 17 22 29 28 9 32 19 22 27 20 21 13 31 23 14 14 14 15 12 19 21 22 21 22 15 20 32 22 26 9 27 16 42 
25 23 10 16 21 23 16 10 15 9 14 22 24 21 25 15 35 29 13 13 18 15 17 24 30 20 17 12 25 41 25 15 45 29 14 24 26 40 15 15 26 18 24 25 6 27 19 26 18 22 23 17 32 25 24 27 21 31 17 31 
21 17 33 28 41 18 24 12 19 18 11 14 20 21 9 21 33 14 21 12 14 15 17 18 26 23 11 11 25 21 21 26 35 25 25 27 24 25 21 20 19 28 22 28 11 15 13 36 8 21 21 19 31 24 18 36 18 30 10 26 
28 24 45 29 35 19 30 17 29 24 17 25 21 26 25 23 29 13 23 14 20 19 10 43 23 19 19 15 25 35 18 16 15 26 16 30 19 26 23 20 25 37 25 24 8 17 20 14 36 21 14 12 45 31 23 21 17 29 24 25 
17 20 31 34 13 22 17 15 34 30 14 26 15 30 28 27 27 21 32 21 18 11 17 16 33 19 13 17 30 29 21 22 24 19 36 30 12 32 17 23 13 29 15 20 14 21 14 22 31 17 19 29 33 26 21 24 22 16 28 37 
29 15 4 20 20 37 11 15 26 8 21 24 18 14 26 21 32 17 17 21 22 29 19 23 29 18 16 20 26 14 19 14 17 11 16 36 36 36 11 26 26 39 21 16 11 18 22 22 23 10 15 20 31 32 23 27 17 27 34 18 
17 15 22 28 18 23 12 16 26 10 17 20 10 24 34 15 23 18 16 21 33 26 14 14 18 17 12 19 23 38 21 23 13 17 22 28 29 36 13 21 26 38 10 19 21 16 17 25 30 18 13 16 25 26 19 15 18 19 26 20 
18 19 36 23 18 21 21 7 30 20 11 37 8 22 26 15 33 14 23 15 36 18 16 17 37 24 11 10 26 24 28 29 28 26 28 38 29 32 16 31 21 44 16 16 13 23 18 24 30 26 12 4 29 27 22 24 17 23 27 36 
28 15 34 17 30 19 15 13 14 15 12 18 20 28 18 6 32 19 11 17 19 28 20 24 30 17 14 16 27 32 28 15 15 2 18 33 15 26 14 29 20 20 25 17 28 16 14 17 31 13 17 15 36 29 27 28 24 29 23 12 
29 13 32 25 17 21 25 15 23 19 10 28 15 25 20 15 46 22 13 10 25 24 12 21 23 16 15 16 21 41 18 16 31 30 14 26 23 17 16 21 23 30 27 25 10 28 17 21 28 24 15 16 51 27 25 19 17 15 28 32 
24 19 22 26 34 30 13 15 29 12 14 28 17 14 15 20 19 19 32 21 31 22 13 38 29 15 13 13 36 17 30 24 22 13 11 44 20 34 12 29 21 15 8 26 21 17 21 30 19 21 7 18 23 29 15 22 13 21 26 21 
29 25 20 27 26 8 20 21 19 21 20 30 18 13 14 16 26 13 12 15 26 18 17 16 27 16 21 15 16 35 18 21 31 8 21 26 22 38 18 17 12 18 23 25 14 12 14 32 26 15 26 8 30 25 29 18 23 30 31 26 
32 16 39 30 25 20 19 17 24 13 18 38 21 20 19 12 26 18 30 14 32 24 23 31 31 6 24 11 27 38 20 31 38 27 13 29 14 27 23 20 17 31 17 21 16 22 17 15 38 24 20 19 31 34 23 36 26 29 25 27 
23 19 39 23 22 28 23 17 36 16 17 24 20 21 17 20 36 13 23 18 17 20 5 31 40 21 22 14 18 25 27 27 23 22 17 42 26 30 16 24 15 27 22 18 19 21 14 6 21 26 25 23 37 15 25 21 9 20 24 15 

MachineCapacities:
MachineID Capacity
0 10
1 10
2 10
3 10
