NumTasks NumMachines NumScenarios
25 2 50
TaskDetails:
TaskID ReleaseTime ResourceConsumption SuccessorsCount Successors...
0 0 3 7 1 3 
1 0 8 6 1 3 
2 0 10 8 1 3 
3 0 4 5 2 4 6 
4 0 8 6 1 5 
5 0 10 8 1 7 
6 0 6 7 1 7 
7 0 5 5 1 8 
8 0 8 6 0 
9 0 9 5 3 12 13 14 
10 0 3 5 1 11 
11 0 8 3 3 12 13 14 
12 0 3 2 1 15 
13 0 2 3 1 15 
14 0 9 6 1 15 
15 0 6 8 1 16 
16 0 4 8 2 17 18 
17 0 10 5 3 19 20 23 
18 0 3 5 2 19 21 
19 0 4 7 2 22 24 
20 0 3 4 1 21 
21 0 9 8 2 22 24 
22 0 10 7 0 
23 0 6 7 0 
24 0 5 4 0 

27 16 21 11 14 32 9 32 7 14 34 33 14 21 17 33 23 20 39 10 20 14 22 13 11 15 16 34 19 9 26 28 15 15 15 25 24 6 15 10 12 19 13 39 22 15 15 25 19 36 
15 34 22 24 13 21 21 24 14 15 24 21 12 27 29 14 25 23 26 15 26 12 13 16 15 17 13 44 19 15 34 30 27 15 31 36 21 5 21 11 10 23 17 33 13 17 30 33 32 24 
26 12 25 34 33 24 18 18 15 15 18 31 6 17 24 21 11 10 28 16 15 17 21 11 14 25 10 28 32 12 18 39 28 21 20 17 25 12 22 13 13 8 23 22 13 11 25 20 14 34 
31 27 21 29 9 38 17 45 13 12 11 39 11 16 32 27 22 29 19 15 18 12 22 12 17 21 18 33 18 10 14 14 37 20 33 14 19 8 11 12 11 15 13 40 27 14 15 10 38 31 
32 42 31 13 4 23 11 27 8 16 29 39 14 10 16 33 24 33 24 18 10 12 23 15 18 29 17 27 15 14 17 17 26 14 23 24 11 13 18 11 14 22 23 36 25 21 19 25 12 14 
23 25 21 21 13 26 18 18 10 12 28 31 11 30 22 29 25 25 19 17 16 10 35 11 21 16 18 29 20 17 37 21 24 22 34 20 21 11 35 12 11 15 17 34 13 16 9 26 20 24 
24 12 26 24 15 31 11 28 17 12 22 28 7 18 27 36 28 36 32 9 20 10 3 20 16 21 12 16 18 19 9 26 23 18 21 34 19 11 15 14 5 17 22 33 21 16 15 18 34 23 
24 30 24 34 17 28 14 45 10 15 20 43 9 19 24 19 33 20 49 19 20 17 17 11 19 22 18 32 16 21 36 23 7 20 40 46 26 13 31 13 10 27 20 48 28 17 15 15 15 25 
34 17 20 14 19 38 23 18 17 12 21 27 11 12 12 43 27 23 34 14 12 7 16 9 17 23 18 40 26 12 23 24 22 21 24 40 20 15 20 11 7 9 26 40 21 16 24 29 31 30 
23 11 20 19 17 38 12 43 14 12 21 37 12 22 21 29 30 31 15 19 4 8 15 10 17 21 19 35 24 20 32 15 15 16 30 26 21 5 38 13 6 14 28 26 38 17 31 14 20 26 
18 12 20 31 18 23 14 24 29 12 25 38 9 28 28 29 24 30 32 16 22 12 18 14 16 16 18 33 22 21 14 23 22 17 27 47 15 16 19 16 16 17 23 18 31 13 36 29 25 40 
24 18 11 33 20 26 9 21 18 12 21 20 13 12 26 21 10 25 27 7 13 20 32 16 14 13 14 19 24 12 33 24 27 19 20 24 21 15 35 14 10 8 19 27 25 7 25 23 17 32 
14 26 30 23 21 39 18 29 13 12 19 15 3 26 20 37 39 16 18 20 22 14 36 12 19 26 14 24 31 22 17 28 31 19 48 22 13 13 41 19 7 15 14 39 17 13 17 24 22 27 
28 13 33 15 16 18 18 23 22 12 25 26 10 15 18 45 23 25 39 17 11 11 24 18 18 17 20 22 28 16 26 31 25 17 36 28 22 11 26 13 13 7 20 27 18 13 29 30 16 34 
28 26 12 29 13 42 9 32 9 11 23 22 9 22 27 19 27 32 40 14 23 17 25 10 7 15 13 32 19 16 20 14 30 19 22 26 15 6 35 15 9 19 15 31 22 14 11 16 31 23 
13 15 32 33 16 28 10 17 20 15 23 35 13 23 35 40 29 36 45 12 26 16 19 16 7 23 20 21 25 19 17 25 21 18 25 29 16 10 41 15 15 18 17 37 21 13 21 16 24 38 
25 16 34 22 14 24 21 27 22 12 22 40 11 17 27 27 31 21 32 16 23 12 24 6 11 18 12 31 20 12 28 28 21 13 30 28 19 15 35 14 13 18 31 26 12 17 17 24 32 34 
20 24 34 28 15 37 21 37 23 16 18 28 7 25 27 39 16 30 30 19 24 11 28 15 24 29 19 21 14 15 24 24 25 10 37 34 14 5 27 10 11 29 26 29 30 17 19 32 14 34 
26 30 37 23 24 35 20 22 23 13 24 13 14 25 21 23 19 18 42 7 19 9 29 15 14 16 22 33 13 18 9 34 24 21 35 41 26 7 22 17 6 13 21 54 34 19 27 16 36 36 
20 25 19 30 6 19 18 33 14 16 17 39 8 13 40 26 21 20 37 19 23 14 19 8 17 27 18 39 31 9 18 23 23 19 23 37 14 9 38 15 16 24 23 41 32 19 16 28 39 20 
27 19 46 17 20 32 13 14 20 13 21 27 13 25 20 26 33 23 44 16 16 16 28 17 20 23 17 31 24 14 25 28 28 12 36 27 10 9 26 18 13 21 9 37 20 13 17 12 21 22 
20 25 27 19 20 27 2 40 16 14 12 35 13 21 23 25 26 30 38 21 15 14 18 8 16 23 10 29 23 21 15 16 32 17 27 25 22 16 33 7 13 13 17 30 27 18 6 21 23 37 
17 23 21 22 12 18 9 30 15 14 28 13 18 27 22 19 27 33 32 16 17 13 26 12 18 19 16 30 24 30 38 18 35 16 22 20 19 10 21 10 18 15 24 51 26 13 26 25 24 29 
25 28 20 25 19 61 12 40 19 13 19 31 9 14 36 30 17 27 25 18 20 8 30 14 15 11 15 21 18 21 18 15 40 13 22 19 16 9 34 12 16 16 16 25 31 17 31 23 17 25 
23 20 16 24 15 34 13 28 15 12 25 24 8 18 29 23 17 40 14 21 21 15 22 6 14 14 13 18 18 26 17 21 23 11 29 32 9 14 28 14 13 15 25 32 32 13 25 15 20 42 
23 18 26 11 15 33 12 17 15 16 17 23 10 20 26 48 25 29 20 17 18 11 17 13 16 26 12 24 23 8 11 18 26 17 33 42 17 13 35 10 7 19 25 22 16 18 22 16 18 33 
16 26 24 24 23 33 19 25 22 13 22 29 7 12 26 19 32 25 20 15 18 22 33 17 24 24 18 26 32 11 23 31 23 12 22 38 18 17 24 10 15 14 26 30 31 13 10 30 27 40 
24 26 18 23 21 37 14 26 12 13 21 31 13 13 34 35 13 20 31 16 21 20 17 16 12 25 10 29 19 23 21 22 24 17 33 31 16 11 30 13 14 14 19 18 19 19 17 20 18 27 
23 10 30 38 11 43 15 21 20 13 16 23 11 19 19 28 24 28 32 14 13 11 24 9 16 15 9 31 17 19 22 26 21 13 28 42 19 8 23 9 11 11 14 35 41 15 22 15 23 27 
16 24 30 34 14 38 15 30 7 15 10 20 5 20 17 31 22 31 29 13 23 11 16 10 21 23 15 45 18 22 16 26 34 17 33 35 25 10 27 15 10 22 36 28 28 20 23 21 20 28 
21 19 20 35 16 52 13 39 20 19 25 30 12 22 25 30 28 19 24 13 10 13 22 4 10 15 18 25 25 12 22 21 33 18 37 8 22 8 23 15 20 12 23 22 20 13 20 24 15 20 
27 17 9 24 9 33 14 31 12 20 29 21 12 15 18 29 32 30 17 17 23 13 28 12 18 14 17 13 27 22 32 27 26 16 22 26 16 18 21 10 7 15 11 43 28 17 21 27 23 22 
26 11 12 26 12 27 24 35 18 13 29 33 16 25 33 33 39 23 22 12 20 12 15 14 10 16 17 30 20 16 22 31 23 18 24 20 12 10 16 13 15 14 10 29 28 10 12 27 22 24 
21 18 32 24 13 35 19 34 19 10 31 17 7 16 27 21 26 23 31 12 28 15 25 11 15 22 16 12 20 5 10 21 20 11 18 12 27 13 49 13 14 20 4 35 23 14 25 24 27 31 
25 13 12 15 13 28 8 29 6 9 21 22 16 22 17 33 31 25 29 21 24 16 16 17 17 30 11 26 26 18 12 19 28 15 27 8 18 12 23 14 18 20 20 30 23 14 16 30 21 39 
17 15 22 28 23 17 12 24 22 9 19 28 9 21 30 20 11 24 36 18 21 16 30 10 13 8 14 22 22 14 24 27 26 19 41 15 17 13 29 9 15 14 24 44 19 19 33 12 27 29 
8 17 29 39 14 22 8 32 14 17 19 21 12 21 21 21 26 17 19 16 18 18 31 10 19 26 24 39 21 23 36 23 30 20 31 23 23 10 30 9 14 16 23 23 28 16 27 24 25 25 
9 26 24 27 10 16 17 19 23 8 27 45 5 26 20 37 36 22 8 15 20 19 20 9 15 9 10 22 28 19 30 19 23 14 24 23 10 14 28 17 12 18 17 27 22 17 21 22 14 28 
24 21 23 28 11 9 9 24 23 11 26 25 11 33 33 38 23 24 39 18 18 11 25 12 13 19 17 41 27 24 27 24 29 6 23 39 13 4 28 13 16 17 11 23 17 15 18 28 20 21 
23 26 29 17 17 17 20 31 19 12 23 22 10 20 31 36 29 23 27 16 15 10 12 15 14 24 13 22 23 26 26 40 22 14 23 39 24 14 43 12 8 14 18 50 17 14 18 17 18 15 
17 21 21 15 16 25 9 25 16 17 24 20 14 20 31 32 22 31 26 22 21 10 20 14 13 12 19 28 22 7 33 28 36 14 28 25 19 12 33 17 14 18 22 34 30 15 27 20 11 27 
16 22 26 35 14 26 17 28 19 17 23 22 10 32 25 22 27 20 20 22 21 11 36 16 15 27 18 42 13 11 6 24 21 15 26 36 18 6 8 12 11 11 26 37 21 16 13 25 21 28 
30 9 38 18 17 50 14 36 20 16 21 16 8 16 32 19 28 14 28 15 13 14 26 7 26 24 17 45 15 15 23 28 35 18 23 40 22 6 27 6 12 13 16 19 27 16 23 22 23 21 
25 13 27 26 24 19 12 31 21 11 23 24 13 22 26 32 31 21 41 20 15 13 32 12 11 19 19 25 18 8 15 16 33 21 34 26 11 10 20 14 6 14 25 16 26 12 22 26 21 42 
23 21 28 26 18 38 17 16 21 13 24 21 4 16 25 28 16 31 24 26 17 15 20 13 14 17 20 26 25 17 23 27 20 14 11 12 21 15 30 16 9 9 29 27 18 12 15 26 32 45 
19 18 34 27 19 44 14 29 16 12 23 30 9 22 22 27 17 28 34 21 17 7 13 13 21 20 19 22 25 12 33 23 30 17 22 31 16 8 30 15 12 11 20 23 15 13 20 21 25 40 
30 21 25 18 19 32 15 29 19 8 14 35 8 27 23 33 24 34 30 20 18 14 19 15 15 21 12 16 26 15 22 33 19 17 36 9 25 7 27 13 14 22 22 24 25 15 17 5 28 23 
25 29 17 23 24 25 18 34 25 7 21 13 6 30 24 24 38 32 23 20 16 13 21 11 16 23 20 20 14 24 21 15 28 24 32 30 13 11 35 14 11 18 21 42 32 17 26 19 29 14 
16 27 20 33 21 23 12 28 17 14 27 9 11 18 33 31 30 30 39 19 15 15 14 5 16 19 26 31 23 22 28 21 22 4 26 28 8 13 26 12 6 11 12 24 39 21 26 14 21 36 
13 16 18 26 21 23 14 31 16 16 24 21 16 18 27 25 16 11 22 10 22 12 26 12 13 20 20 21 22 27 28 35 23 22 27 16 15 10 8 12 7 18 30 24 30 15 24 30 19 21 

MachineCapacities:
MachineID Capacity
0 10
1 10
