NumTasks NumMachines NumScenarios
25 2 50
TaskDetails:
TaskID ReleaseTime ResourceConsumption SuccessorsCount Successors...
0 0 7 5 2 3 4 
1 0 3 4 2 3 4 
2 0 3 9 1 4 
3 0 1 2 2 5 6 
4 0 7 2 2 5 6 
5 0 9 6 2 9 12 
6 0 5 3 2 7 8 
7 0 2 2 1 10 
8 0 1 3 2 9 10 
9 0 7 4 3 11 14 15 
10 0 2 10 4 11 12 14 15 
11 0 2 5 2 13 16 
12 0 4 10 1 16 
13 0 4 7 0 
14 0 3 7 1 16 
15 0 6 6 1 16 
16 0 2 5 0 
17 0 9 10 1 18 
18 0 2 5 1 20 
19 0 3 7 1 20 
20 0 7 7 2 21 23 
21 0 7 7 1 22 
22 0 6 1 1 24 
23 0 3 8 1 24 
24 0 8 9 0 

30 29 7 27 26 19 10 15 32 37 21 18 12 18 15 18 30 17 13 39 18 26 42 19 36 16 21 13 19 30 30 24 18 29 21 22 20 12 14 16 21 31 12 29 15 14 19 19 33 32 
28 39 37 21 21 24 6 16 19 30 10 23 9 11 11 17 18 33 15 23 12 14 39 18 18 15 12 40 22 22 16 14 13 23 33 30 34 15 23 16 26 19 7 29 17 8 17 23 25 29 
26 33 27 31 27 26 12 9 15 41 17 27 13 22 23 19 20 28 21 27 8 24 30 13 42 15 11 27 26 33 28 23 10 35 17 4 21 14 22 15 32 8 9 34 15 13 17 23 26 38 
19 27 27 8 25 15 8 9 37 30 13 18 15 27 23 18 33 14 31 28 11 11 31 13 29 16 24 33 18 17 15 32 20 45 22 36 26 16 20 10 31 23 11 32 12 11 7 28 25 43 
11 22 25 16 23 19 8 10 20 26 23 28 6 17 22 9 33 23 17 35 13 11 28 13 28 15 20 40 20 19 46 18 11 35 20 24 30 14 27 12 27 24 13 27 26 14 13 14 14 47 
31 31 15 14 15 29 10 17 43 20 16 14 10 22 30 14 26 34 15 32 16 26 53 19 33 14 17 28 26 34 27 14 17 47 6 29 32 16 28 17 24 13 16 31 18 11 30 38 13 27 
21 29 35 15 32 17 11 15 21 23 20 30 8 20 14 20 27 37 27 23 21 19 31 18 11 18 26 23 25 29 30 12 15 32 19 20 32 18 14 14 42 14 20 32 12 5 10 18 19 24 
25 32 13 29 15 44 7 12 24 24 19 23 16 19 11 14 28 41 15 27 13 21 31 11 38 21 19 30 16 30 27 15 16 37 17 32 27 8 27 12 25 16 12 33 14 15 19 19 15 35 
22 32 21 27 28 23 9 17 33 25 17 24 10 14 29 18 25 27 22 25 19 22 37 14 32 17 22 28 21 23 16 31 16 45 9 25 28 22 27 13 23 28 12 29 22 16 23 11 19 26 
20 22 25 20 23 23 14 12 42 38 23 27 10 23 17 20 13 30 7 26 13 38 29 18 27 11 15 53 16 20 28 11 14 27 25 26 32 19 25 12 26 13 15 35 16 14 11 20 24 19 
30 17 20 27 22 33 12 12 41 33 19 24 13 18 19 15 14 32 19 36 12 15 29 17 40 20 18 35 28 27 31 23 10 23 26 30 33 13 28 15 20 36 9 18 10 16 16 29 19 25 
17 21 31 29 25 17 4 16 20 23 26 16 11 14 21 20 37 25 24 24 20 23 31 16 29 18 27 27 20 31 35 10 19 39 30 26 43 6 26 13 21 22 8 33 12 11 19 25 24 24 
32 34 31 30 31 25 8 11 25 31 15 12 10 20 15 20 16 30 22 35 11 20 34 12 38 17 18 35 27 35 26 21 12 22 26 32 19 15 15 11 28 18 20 20 12 13 12 22 21 26 
14 22 19 23 27 29 6 11 26 19 18 21 8 14 24 23 29 35 14 24 19 27 26 14 15 15 18 24 15 18 34 18 15 33 26 25 25 19 28 10 28 18 18 22 13 10 17 13 30 29 
20 32 32 18 20 28 8 9 42 18 18 14 13 17 18 11 23 20 16 26 14 22 22 8 22 15 15 24 22 46 32 17 21 37 18 38 23 12 20 12 31 22 10 36 15 15 16 25 18 42 
18 42 26 20 25 33 9 9 26 21 21 22 11 11 21 21 27 20 26 29 18 25 28 11 22 17 28 34 26 26 24 24 11 39 24 3 22 26 27 19 28 25 14 24 14 5 26 33 26 30 
35 46 14 22 31 26 8 17 30 14 13 26 8 26 16 14 26 29 16 35 15 21 6 15 25 13 21 36 23 29 24 17 8 36 19 22 28 7 9 8 29 31 15 27 14 14 17 16 15 16 
17 24 17 16 18 28 9 9 5 26 14 32 4 16 10 15 25 16 19 28 17 24 32 16 32 12 16 34 24 22 17 23 12 28 25 33 21 11 16 11 40 22 16 34 18 9 16 14 26 25 
27 38 33 23 25 21 18 13 34 26 19 24 6 21 10 19 39 17 22 23 18 28 25 13 35 15 25 28 23 25 40 17 18 40 23 17 19 7 27 8 29 25 16 29 17 12 19 23 36 20 
19 27 29 31 19 32 4 15 28 28 21 24 7 14 18 15 27 41 16 24 13 25 34 12 21 12 22 34 18 26 30 22 13 36 22 20 30 8 20 12 20 23 16 22 22 7 10 22 25 36 
34 34 24 17 18 19 8 16 39 30 12 22 12 15 22 17 15 27 29 10 18 26 46 17 34 19 24 17 18 12 21 21 16 19 35 21 29 16 15 16 28 20 11 33 17 8 14 20 21 20 
42 20 17 25 21 24 10 11 40 12 17 28 2 13 16 18 25 24 25 26 22 26 32 13 31 22 19 37 17 31 23 28 14 23 28 29 27 8 28 13 28 33 10 35 16 6 23 13 16 27 
20 42 11 29 27 22 17 9 29 20 16 20 15 15 18 15 42 29 13 27 12 23 40 23 29 9 26 15 35 26 31 33 16 41 22 22 35 23 22 16 36 8 17 19 12 9 18 38 25 33 
21 27 39 29 13 41 17 11 28 8 11 25 10 13 21 20 20 13 20 27 16 28 32 13 21 17 11 35 21 40 16 17 13 22 20 36 21 15 32 15 20 29 17 32 20 11 25 29 28 30 
23 19 23 33 33 16 9 13 23 32 17 19 10 21 17 10 42 26 30 18 10 21 46 21 17 16 12 21 29 46 15 20 19 27 32 35 32 14 25 13 19 20 12 8 8 13 11 25 33 20 
30 24 23 35 20 24 8 14 25 28 16 26 9 15 12 10 22 22 15 20 19 24 24 12 13 14 27 15 14 26 18 24 16 20 20 36 27 17 28 12 29 20 23 32 13 15 10 21 26 25 
26 42 20 16 28 31 17 10 22 17 7 7 9 12 10 17 24 30 23 27 23 19 26 24 34 16 16 31 30 30 23 30 23 30 28 32 28 12 31 16 38 16 18 36 12 13 21 15 22 35 
30 21 30 26 31 32 12 13 9 22 15 13 9 9 23 18 26 37 21 32 12 18 18 12 19 21 14 38 27 31 25 10 16 24 23 28 29 13 20 13 14 34 9 41 16 15 17 28 15 39 
24 12 34 15 20 9 11 11 30 16 18 6 9 16 13 17 33 39 22 24 21 16 28 15 8 18 32 28 16 34 29 28 14 14 27 27 13 14 24 18 18 19 12 20 16 14 24 31 27 23 
30 36 12 34 37 24 11 14 47 30 25 27 17 16 20 20 27 30 32 35 17 20 36 18 31 20 16 28 24 32 23 22 21 21 14 26 21 22 14 18 17 26 11 32 15 17 28 26 24 24 
42 39 27 16 19 26 9 11 32 23 18 29 15 10 20 12 38 21 22 25 19 16 25 17 37 17 22 40 14 29 35 9 21 33 24 20 14 16 11 13 25 21 9 39 16 8 13 21 26 25 
22 39 26 32 33 23 10 10 41 16 14 25 8 29 23 16 29 31 26 14 17 23 25 13 26 16 15 33 28 24 38 11 16 33 17 15 29 19 26 12 24 29 15 40 11 9 12 31 19 30 
38 28 19 19 13 33 4 13 27 26 23 22 8 20 19 18 21 30 5 19 10 13 38 13 17 11 21 32 13 19 27 19 20 26 22 23 34 16 9 11 30 22 7 34 14 9 26 19 21 37 
19 26 39 16 41 27 12 12 38 22 16 28 8 20 16 15 29 33 25 13 17 21 23 11 18 13 30 34 29 21 26 12 14 29 20 18 15 20 15 14 46 22 13 48 21 12 16 32 21 27 
31 28 16 28 15 14 12 8 21 23 11 25 7 23 15 12 16 22 13 15 21 23 36 16 25 18 16 29 29 22 17 24 14 36 18 37 19 19 29 10 19 24 12 30 16 11 12 27 20 46 
16 15 18 28 22 31 9 13 46 39 22 28 9 15 18 16 36 18 27 28 19 25 36 18 20 25 30 36 27 28 36 17 13 37 21 7 25 11 29 13 30 20 10 27 13 10 13 18 18 38 
33 24 14 28 27 31 4 10 28 31 15 17 11 13 17 8 37 25 18 19 15 25 30 15 25 13 14 26 21 45 44 31 12 25 13 16 25 12 24 13 26 35 7 28 15 8 9 24 20 18 
18 24 22 22 21 23 11 13 32 20 24 21 7 22 17 12 42 16 13 13 14 24 18 12 28 18 24 44 10 29 24 28 20 36 9 35 24 11 22 12 32 34 8 48 20 11 18 15 17 34 
30 19 30 24 24 25 11 16 20 13 17 16 15 20 16 18 19 25 18 34 14 23 46 13 34 24 31 29 13 22 14 13 15 34 20 21 25 16 19 10 28 21 7 33 12 12 6 26 11 23 
16 15 28 30 16 40 5 9 19 23 10 22 9 5 15 18 9 37 31 23 9 31 35 16 23 15 17 27 15 28 28 19 17 29 28 38 16 22 21 12 32 26 17 18 12 10 18 26 21 23 
26 10 27 23 16 20 7 17 39 27 15 26 9 11 13 16 24 19 13 17 14 20 34 17 33 16 17 31 19 31 21 17 11 22 18 19 27 17 21 9 37 33 14 29 17 13 7 34 24 23 
14 31 27 24 31 26 10 12 41 35 19 16 10 21 10 18 25 27 25 26 18 27 23 20 23 22 19 27 20 23 10 24 18 29 23 25 14 14 27 10 33 23 15 19 12 10 15 24 27 18 
28 32 32 23 21 20 9 13 55 38 15 26 18 21 21 20 33 38 19 40 15 17 36 14 20 11 23 28 25 25 32 11 15 40 12 21 26 15 18 15 21 23 11 26 14 12 21 16 27 33 
28 35 24 19 19 32 9 18 25 23 16 19 11 6 15 16 17 20 17 18 17 21 46 20 20 14 26 23 17 30 16 15 15 28 18 26 36 16 27 13 16 23 21 23 10 8 18 35 21 20 
21 24 9 24 11 29 11 11 46 26 20 11 13 10 13 12 33 35 26 31 15 20 34 23 22 12 31 26 24 12 30 25 17 28 17 28 25 20 21 18 32 26 23 19 16 18 19 26 20 25 
13 28 31 29 35 9 12 12 16 18 11 28 6 13 7 18 15 24 22 29 11 28 23 12 45 14 22 16 21 18 54 33 16 24 22 34 29 9 21 13 16 28 13 24 11 5 34 33 21 32 
20 35 19 22 31 25 15 12 37 11 15 18 11 9 15 14 29 27 24 33 14 27 30 18 31 17 17 17 21 34 29 16 13 26 26 20 24 7 8 14 21 18 16 30 20 11 21 27 28 32 
26 39 8 31 29 30 8 15 28 28 14 29 6 19 7 19 30 23 17 34 19 17 17 19 16 11 33 35 17 40 24 10 14 28 16 40 14 17 9 19 35 23 18 24 16 10 19 19 16 34 
32 20 21 15 17 25 7 12 27 23 18 27 13 16 20 16 20 19 12 20 16 21 43 16 29 12 23 25 18 27 38 23 14 18 14 22 16 15 24 12 26 25 12 32 13 8 8 20 25 30 
23 33 23 20 20 28 9 14 40 21 21 22 7 22 20 16 22 24 32 27 11 21 25 22 39 17 19 27 27 30 19 21 12 32 19 36 34 14 24 11 25 21 13 18 17 7 23 20 32 31 

MachineCapacities:
MachineID Capacity
0 10
1 10
